8.957294e-02
1.392170e-01
1.885321e-01
2.373754e-01
2.857035e-01
3.334231e-01
3.803917e-01
4.264849e-01
4.716594e-01
5.157723e-01
5.587616e-01
6.003727e-01
6.407982e-01
6.797586e-01
7.171733e-01
7.530546e-01
7.871543e-01
8.195654e-01
8.501018e-01
8.788192e-01
9.054881e-01
9.301581e-01
9.527360e-01
9.732095e-01
9.915661e-01
1.007663e+00
1.021544e+00
1.033003e+00
1.042328e+00
1.049032e+00
1.053818e+00
1.055991e+00
1.055898e+00
1.053353e+00
1.048498e+00
1.041291e+00
1.031836e+00
1.019955e+00
1.005838e+00
9.895547e-01
9.709188e-01
9.502218e-01
9.273770e-01
9.024835e-01
8.754670e-01
8.466005e-01
8.157476e-01
7.831999e-01
7.488891e-01
7.128340e-01
6.752145e-01
6.360802e-01
5.954189e-01
5.535408e-01
5.103652e-01
4.661654e-01
4.208296e-01
3.745129e-01
3.275009e-01
2.796074e-01
2.312297e-01
1.821691e-01
1.327857e-01
8.306712e-02
3.320574e-02
-1.672392e-02
-6.664738e-02
-1.164715e-01
-1.660039e-01
-2.150458e-01
-2.636718e-01
-3.117950e-01
-3.590057e-01
-4.056390e-01
-4.512418e-01
-4.958203e-01
-5.395545e-01
-5.816809e-01
-6.228327e-01
-6.624574e-01
-7.005797e-01
-7.372184e-01
-7.721189e-01
-8.053681e-01
-8.367487e-01
-8.663167e-01
-8.939602e-01
-9.195675e-01
-9.431946e-01
-9.646489e-01
-9.839552e-01
-1.001132e+00
-1.015907e+00
-1.028515e+00
-1.038870e+00
-1.046797e+00
-1.052571e+00
-1.055823e+00
-1.056736e+00
-1.055339e+00
-1.051503e+00
-1.045388e+00
-1.036933e+00
-1.026138e+00
-1.012964e+00
-9.976808e-01
-9.800878e-01
-9.602910e-01
-9.384207e-01
-9.144150e-01
-8.882924e-01
-8.603695e-01
-8.303857e-01
-7.985519e-01
-7.648743e-01
-7.295579e-01
-6.926399e-01
-6.540519e-01
-6.141852e-01
-5.727913e-01
-5.301807e-01
-4.864464e-01
-4.415141e-01
-3.955761e-01
-3.488621e-01
-3.012355e-01
-2.530192e-01
-2.042318e-01
-1.550470e-01
-1.053595e-01
-5.553535e-02
-5.580849e-03
4.442331e-02
9.425986e-02
1.440095e-01
1.933432e-01
2.422672e-01
2.906325e-01
3.382839e-01
3.853269e-01
4.314201e-01
4.766194e-01
5.205834e-01
5.635540e-01
6.051962e-01
6.454975e-01
6.843400e-01
7.217981e-01
7.574311e-01
7.916177e-01
8.238054e-01
8.542796e-01
8.828295e-01
9.093742e-01
9.338952e-01
9.563924e-01
9.767355e-01
9.948003e-01
1.010717e+00
1.024374e+00
1.035698e+00
1.044848e+00
1.051484e+00
1.055873e+00
1.057853e+00
1.057543e+00
1.054849e+00
1.049678e+00
1.042228e+00
1.032563e+00
1.020569e+00
1.006167e+00
9.896044e-01
9.708381e-01
9.497749e-01
9.267376e-01
9.016703e-01
8.744800e-01
8.452845e-01
8.143260e-01
7.813872e-01
7.468716e-01
7.107357e-01
6.727375e-01
6.334295e-01
5.925757e-01
5.505424e-01
5.072303e-01
4.628815e-01
4.174152e-01
3.708688e-01
3.236458e-01
2.757151e-01
2.270642e-01
1.779416e-01
1.284278e-01
7.860369e-02
2.862436e-02
-2.131152e-02
-7.137776e-02
-1.211460e-01
-1.707901e-01
-2.198631e-01
-2.685636e-01
-3.165627e-01
-3.639471e-01
-4.105183e-01
-4.561708e-01
-5.008114e-01
-5.442911e-01
-5.866286e-01
-6.275879e-01
-6.671381e-01
-7.052170e-01
-7.417129e-01
-7.765389e-01
-8.096763e-01
-8.410818e-01
-8.704200e-01
-8.979394e-01
-9.234350e-01
-9.468199e-01
-9.681501e-01
-9.872578e-01
-1.004298e+00
-1.018924e+00
-1.031340e+00
-1.041427e+00
-1.049249e+00
-1.054700e+00
-1.057841e+00
-1.058474e+00
-1.056810e+00
-1.052862e+00
-1.046406e+00
-1.037709e+00
-1.026789e+00
-1.013461e+00
-9.978732e-01
-9.800753e-01
-9.600178e-01
-9.378682e-01
-9.136390e-01
-8.873488e-01
-8.590535e-01
-8.288772e-01
-7.968261e-01
-7.630306e-01
-7.274659e-01
-6.903492e-01
-6.516619e-01
-6.114475e-01
-5.699171e-01
-5.271326e-01
-4.831377e-01
-4.380936e-01
-3.920624e-01
-3.449946e-01
-2.973866e-01
-2.489903e-01
-2.001036e-01
-1.507574e-01
-1.009271e-01
-5.102845e-02
-1.030502e-03
4.903574e-02
9.902127e-02
1.488082e-01
1.982040e-01
2.470969e-01
2.954746e-01
3.433371e-01
3.902125e-01
4.363367e-01
4.814429e-01
5.255062e-01
5.683837e-01
6.100321e-01
6.502155e-01
6.891014e-01
7.263919e-01
7.619690e-01
7.960129e-01
8.281074e-01
8.584389e-01
8.869019e-01
9.133410e-01
9.376634e-01
9.599495e-01
9.801747e-01
9.980346e-01
1.013772e+00
1.027255e+00
1.038435e+00
1.047288e+00
1.053843e+00
1.057984e+00
1.059722e+00
1.059256e+00
1.056277e+00
1.050913e+00
1.043327e+00
1.033320e+00
1.021028e+00
1.006471e+00
9.897161e-01
9.706146e-01
9.494148e-01
9.261416e-01
9.007826e-01
8.733688e-01
8.439374e-01
8.126933e-01
7.797793e-01
7.448478e-01
7.084450e-01
6.704034e-01
6.308036e-01
5.899187e-01
5.475875e-01
5.040829e-01
4.594734e-01
4.138333e-01
3.672311e-01
3.197845e-01
2.716862e-01
2.230043e-01
1.736892e-01
1.240699e-01
7.420233e-02
2.408022e-02
-2.597982e-02
-7.600881e-02
-1.258143e-01
-1.756074e-01
-2.247487e-01
-2.735423e-01
-3.215538e-01
-3.688575e-01
-4.154970e-01
-4.610936e-01
-5.056970e-01
-5.491518e-01
-5.913714e-01
-6.322686e-01
-6.718622e-01
-7.098915e-01
-7.461639e-01
-7.810085e-01
-8.140839e-01
-8.452472e-01
-8.745482e-01
-9.018690e-01
-9.272342e-01
-9.504577e-01
-9.716637e-01
-9.906783e-01
-1.007421e+00
-1.021885e+00
-1.034195e+00
-1.044078e+00
-1.051751e+00
-1.056879e+00
-1.059827e+00
-1.060318e+00
-1.058425e+00
-1.054247e+00
-1.047598e+00
-1.038653e+00
-1.027429e+00
-1.013852e+00
-9.980657e-01
-9.799636e-01
-9.597571e-01
-9.373654e-01
-9.129251e-01
-8.863307e-01
-8.579050e-01
-8.275114e-01
-7.951996e-01
-7.611062e-01
-7.254545e-01
-6.880275e-01
-6.491477e-01
-6.087595e-01
-5.670615e-01
-5.240411e-01
-4.798723e-01
-4.346358e-01
-3.884122e-01
-3.413381e-01
-2.934136e-01
-2.449490e-01
-1.959505e-01
-1.464243e-01
-9.659401e-02
-4.649052e-02
3.631587e-03
5.380336e-02
1.037454e-01
1.535944e-01
2.029902e-01
2.520259e-01
3.004471e-01
3.481916e-01
3.951725e-01
4.412596e-01
4.863968e-01
5.303607e-01
5.732507e-01
6.147439e-01
6.550638e-01
6.938194e-01
7.309547e-01
7.665132e-01
8.003770e-01
8.324467e-01
8.626726e-01
8.909245e-01
9.172644e-01
9.414936e-01
9.635811e-01
9.836386e-01
1.001343e+00
1.016919e+00
1.030222e+00
1.041160e+00
1.049851e+00
1.056078e+00
1.060088e+00
1.061591e+00
1.060852e+00
1.057748e+00
1.052173e+00
1.044283e+00
1.034115e+00
1.021556e+00
1.006813e+00
9.897534e-01
9.704904e-01
9.490299e-01
9.255146e-01
8.999135e-01
8.722389e-01
8.427517e-01
8.112221e-01
7.779791e-01
7.428427e-01
7.062102e-01
6.679637e-01
6.282273e-01
5.871438e-01
5.446512e-01
5.008921e-01
4.561584e-01
4.103135e-01
3.635126e-01
3.159977e-01
2.677380e-01
2.188574e-01
1.694679e-01
1.197803e-01
6.965198e-02
1.949262e-02
-3.064811e-02
-8.077643e-02
-1.306564e-01
-1.803626e-01
-2.296218e-01
-2.783224e-01
-3.264952e-01
-3.739169e-01
-4.204571e-01
-4.661220e-01
-5.106260e-01
-5.540684e-01
-5.962942e-01
-6.370859e-01
-6.765243e-01
-7.145039e-01
-7.508632e-01
-7.854347e-01
-8.184356e-01
-8.494996e-01
-8.787137e-01
-9.059413e-01
-9.310955e-01
-9.542073e-01
-9.752084e-01
-9.940616e-01
-1.010649e+00
-1.024983e+00
-1.037063e+00
-1.046723e+00
-1.054122e+00
-1.059169e+00
-1.061857e+00
-1.062075e+00
-1.060051e+00
-1.055556e+00
-1.048653e+00
-1.039559e+00
-1.028099e+00
-1.014287e+00
-9.983574e-01
-9.799450e-01
-9.595336e-01
-9.368936e-01
-9.121429e-01
-8.853747e-01
-8.567380e-01
-8.260464e-01
-7.935359e-01
-7.592500e-01
-7.232570e-01
-6.857802e-01
-6.466149e-01
-6.060777e-01
-5.641252e-01
-5.209372e-01
-4.765573e-01
-4.312277e-01
-3.847930e-01
-3.375327e-01
-2.895337e-01
-2.409574e-01
-1.917168e-01
-1.421347e-01
-9.213057e-02
-4.193397e-02
8.281260e-03
5.845303e-02
1.084572e-01
1.583807e-01
2.078509e-01
2.569550e-01
3.053823e-01
3.531330e-01
4.001947e-01
4.462258e-01
4.913568e-01
5.353332e-01
5.781859e-01
6.196667e-01
6.597694e-01
6.984566e-01
7.355919e-01
7.710884e-01
8.047473e-01
8.367549e-01
8.669436e-01
8.949720e-01
9.211443e-01
9.452618e-01
9.672065e-01
9.870343e-01
1.004671e+00
1.019998e+00
1.033103e+00
1.043886e+00
1.052378e+00
1.058437e+00
1.062168e+00
1.063521e+00
1.062559e+00
1.059219e+00
1.053378e+00
1.045307e+00
1.034891e+00
1.022146e+00
1.007129e+00
9.898341e-01
9.703601e-01
9.486885e-01
9.249000e-01
8.990506e-01
8.711960e-01
8.413611e-01
8.096577e-01
7.760857e-01
7.409058e-01
7.040561e-01
6.656296e-01
6.256200e-01
5.842572e-01
5.416155e-01
4.977323e-01
4.527875e-01
4.067936e-01
3.598499e-01
3.121675e-01
2.637339e-01
2.147851e-01
1.652465e-01
1.153231e-01
6.523820e-02
1.488640e-02
-3.527916e-02
-8.546335e-02
-1.355172e-01
-1.852730e-01
-2.345757e-01
-2.833135e-01
-3.313870e-01
-3.788211e-01
-4.253799e-01
-4.710013e-01
-5.155240e-01
-5.590037e-01
-6.011798e-01
-6.420087e-01
-6.813416e-01
-7.192405e-01
-7.554136e-01
-7.900657e-01
-8.227811e-01
-8.537768e-01
-8.827798e-01
-9.098709e-01
-9.349505e-01
-9.579009e-01
-9.787531e-01
-9.973580e-01
-1.013852e+00
-1.027956e+00
-1.039888e+00
-1.049330e+00
-1.056587e+00
-1.061379e+00
-1.063825e+00
-1.063887e+00
-1.061584e+00
-1.056910e+00
-1.049839e+00
-1.040471e+00
-1.028708e+00
-1.014746e+00
-9.984071e-01
-9.798332e-01
-9.590990e-01
-9.363225e-01
-9.113483e-01
-8.844249e-01
-8.554467e-01
-8.245627e-01
-7.918536e-01
-7.574187e-01
-7.212580e-01
-6.834026e-01
-6.441380e-01
-6.033215e-01
-5.612447e-01
-5.179140e-01
-4.734100e-01
-4.277761e-01
-3.811987e-01
-3.337832e-01
-2.856352e-01
-2.368167e-01
-1.875761e-01
-1.377210e-01
-8.771680e-02
-3.742707e-02
1.293093e-02
6.310891e-02
1.132434e-01
1.633035e-01
2.128420e-01
2.618964e-01
3.103672e-01
3.581179e-01
4.051858e-01
4.513225e-01
4.963355e-01
5.403181e-01
5.830032e-01
6.244840e-01
6.646673e-01
7.032242e-01
7.401982e-01
7.756387e-01
8.092666e-01
8.411439e-01
8.710532e-01
8.991003e-01
9.251235e-01
9.490423e-01
9.709126e-01
9.905045e-01
1.007992e+00
1.023145e+00
1.036051e+00
1.046661e+00
1.054917e+00
1.060821e+00
1.064334e+00
1.065446e+00
1.064272e+00
1.060666e+00
1.054638e+00
1.046214e+00
1.035685e+00
1.022649e+00
1.007353e+00
9.899210e-01
9.701552e-01
9.482602e-01
9.242234e-01
8.981691e-01
8.700910e-01
8.400513e-01
8.081430e-01
7.744096e-01
7.389876e-01
7.018523e-01
6.631588e-01
6.230003e-01
5.814078e-01
5.385861e-01
4.945663e-01
4.493918e-01
4.032924e-01
3.561997e-01
3.082752e-01
2.597423e-01
2.105948e-01
1.608948e-01
1.109403e-01
6.075614e-02
1.032985e-02
-4.000333e-02
-9.024339e-02
-1.402910e-01
-1.901338e-01
-2.393868e-01
-2.882301e-01
-3.363905e-01
-3.837998e-01
-4.304517e-01
-4.759924e-01
-5.205896e-01
-5.639265e-01
-6.061212e-01
-6.467950e-01
-6.861154e-01
-7.239212e-01
-7.600632e-01
-7.945975e-01
-8.272445e-01
-8.580788e-01
-8.870322e-01
-9.139929e-01
-9.388118e-01
-9.617436e-01
-9.823971e-01
-1.000791e+00
-1.017093e+00
-1.031110e+00
-1.042688e+00
-1.052043e+00
-1.058996e+00
-1.063658e+00
-1.065849e+00
-1.065750e+00
-1.063074e+00
-1.058226e+00
-1.050994e+00
-1.041359e+00
-1.029508e+00
-1.015106e+00
-9.986182e-01
-9.798829e-01
-9.589439e-01
-9.358383e-01
-9.106531e-01
-8.834937e-01
-8.542548e-01
-8.231163e-01
-7.902147e-01
-7.554570e-01
-7.191970e-01
-6.811119e-01
-6.415990e-01
-6.006521e-01
-5.583457e-01
-5.147914e-01
-4.700081e-01
-4.242377e-01
-3.775299e-01
-3.300275e-01
-2.816808e-01
-2.327630e-01
-1.833486e-01
-1.334065e-01
-8.328440e-02
-3.291397e-02
1.754336e-02
6.791378e-02
1.180607e-01
1.681518e-01
2.177400e-01
2.668068e-01
3.153397e-01
3.631090e-01
4.101645e-01
4.561894e-01
5.013515e-01
5.452719e-01
5.880502e-01
6.293137e-01
6.694474e-01
7.079546e-01
7.448664e-01
7.802263e-01
8.137176e-01
8.454893e-01
8.754111e-01
9.031912e-01
9.290717e-01
9.529160e-01
9.745504e-01
9.940430e-01
1.011357e+00
1.026367e+00
1.039013e+00
1.049373e+00
1.057444e+00
1.063180e+00
1.066482e+00
1.067500e+00
1.066004e+00
1.062069e+00
1.055917e+00
1.047350e+00
1.036424e+00
1.023263e+00
1.007781e+00
9.899396e-01
9.700373e-01
9.478380e-01
9.236336e-01
8.973062e-01
8.689550e-01
8.386669e-01
8.066345e-01
7.726031e-01
7.369142e-01
6.995865e-01
6.606881e-01
6.203434e-01
5.785336e-01
5.355753e-01
4.912761e-01
4.459465e-01
3.996546e-01
3.523881e-01
3.044449e-01
2.557196e-01
2.064231e-01
1.566735e-01
1.065141e-01
5.622442e-02
5.816747e-03
-4.471508e-02
-9.502963e-02
-1.451704e-01
-1.950814e-01
-2.444027e-01
-2.932212e-01
-3.414126e-01
-3.888468e-01
-4.354242e-01
-4.810270e-01
-5.255124e-01
-5.689486e-01
-6.109695e-01
-6.516930e-01
-6.908955e-01
-7.286019e-01
-7.646943e-01
-7.990485e-01
-8.316769e-01
-8.624119e-01
-8.911915e-01
-9.181025e-01
-9.428904e-01
-9.654621e-01
-9.859293e-01
-1.004193e+00
-1.020327e+00
-1.034127e+00
-1.045574e+00
-1.054718e+00
-1.061504e+00
-1.065855e+00
-1.067879e+00
-1.067544e+00
-1.064738e+00
-1.059616e+00
-1.052167e+00
-1.042284e+00
-1.030080e+00
-1.015578e+00
-9.988416e-01
-9.798208e-01
-9.586955e-01
-9.353789e-01
-9.099392e-01
-8.824198e-01
-8.530132e-01
-8.216388e-01
-7.885634e-01
-7.536692e-01
-7.170491e-01
-6.788274e-01
-6.389979e-01
-5.979268e-01
-5.553721e-01
-5.116316e-01
-4.667241e-01
-4.207923e-01
-3.739231e-01
-3.261476e-01
-2.777512e-01
-2.286907e-01
-1.789907e-01
-1.289989e-01
-7.882717e-02
-2.832017e-02
2.218682e-02
7.266278e-02
1.229835e-01
1.730249e-01
2.226442e-01
2.717048e-01
3.203122e-01
3.681064e-01
4.151804e-01
4.612116e-01
5.062370e-01
5.502693e-01
5.929171e-01
6.343172e-01
6.743267e-01
7.127098e-01
7.496775e-01
7.847829e-01
8.182555e-01
8.498410e-01
8.795394e-01
9.073815e-01
9.330944e-01
9.567401e-01
9.782627e-01
9.975628e-01
1.014659e+00
1.029521e+00
1.041986e+00
1.052173e+00
1.060051e+00
1.065595e+00
1.068574e+00
1.069406e+00
1.067631e+00
1.063639e+00
1.057158e+00
1.048362e+00
1.037312e+00
1.023803e+00
1.008004e+00
9.900638e-01
9.698945e-01
9.474531e-01
9.230005e-01
8.964247e-01
8.678810e-01
8.373757e-01
8.049397e-01
7.708401e-01
7.349525e-01
6.974323e-01
6.583416e-01
6.177609e-01
5.757214e-01
5.325272e-01
4.881288e-01
4.426253e-01
3.960789e-01
3.487379e-01
3.005340e-01
2.516845e-01
2.022515e-01
1.523777e-01
1.021128e-01
5.168649e-02
1.049125e-03
-4.940200e-02
-9.987796e-02
-1.501180e-01
-1.999421e-01
-2.493752e-01
-2.982185e-01
-3.464037e-01
-3.939248e-01
-4.404091e-01
-4.859933e-01
-5.305718e-01
-5.737908e-01
-6.159668e-01
-6.565847e-01
-6.957128e-01
-7.333633e-01
-7.693315e-01
-8.036112e-01
-8.361217e-01
-8.667574e-01
-8.953942e-01
-9.221376e-01
-9.466647e-01
-9.691309e-01
-9.895423e-01
-1.007737e+00
-1.023592e+00
-1.037150e+00
-1.048498e+00
-1.057344e+00
-1.063949e+00
-1.068146e+00
-1.070002e+00
-1.069294e+00
-1.066420e+00
-1.061032e+00
-1.053303e+00
-1.043203e+00
-1.030725e+00
-1.016050e+00
-9.989658e-01
-9.797339e-01
-9.584038e-01
-9.348823e-01
-9.091756e-01
-8.814886e-01
-8.517965e-01
-8.202358e-01
-7.868377e-01
-7.517509e-01
-7.149198e-01
-6.764498e-01
-6.365582e-01
-5.951581e-01
-5.524482e-01
-5.085029e-01
-4.634712e-01
-4.173345e-01
-3.702356e-01
-3.223918e-01
-2.737596e-01
-2.245314e-01
-1.748004e-01
-1.246907e-01
-7.423957e-02
-2.373878e-02
2.681787e-02
7.741178e-02
1.278691e-01
1.779478e-01
2.275608e-01
2.768014e-01
3.253778e-01
3.731906e-01
4.202957e-01
4.662585e-01
5.113771e-01
5.551859e-01
5.979020e-01
6.391904e-01
6.791192e-01
7.175023e-01
7.543024e-01
7.893829e-01
8.228121e-01
8.542176e-01
8.839159e-01
9.114973e-01
9.370922e-01
9.606076e-01
9.819129e-01
1.001008e+00
1.017968e+00
1.032612e+00
1.044885e+00
1.054998e+00
1.062491e+00
1.067929e+00
1.070666e+00
1.071405e+00
1.069282e+00
1.065123e+00
1.058480e+00
1.049516e+00
1.038044e+00
1.024356e+00
1.008364e+00
9.901693e-01
9.696151e-01
9.470683e-01
9.223859e-01
8.955370e-01
8.667264e-01
8.360286e-01
8.034809e-01
7.691019e-01
7.329101e-01
6.951789e-01
6.558770e-01
6.151226e-01
5.729527e-01
5.295723e-01
4.848945e-01
4.391861e-01
3.925156e-01
3.449449e-01
2.965796e-01
2.476308e-01
1.980488e-01
1.480322e-01
9.759347e-02
4.711751e-02
-3.507430e-03
-5.416962e-02
-1.047263e-01
-1.549415e-01
-2.049022e-01
-2.543228e-01
-3.031972e-01
-3.515190e-01
-3.989159e-01
-4.454871e-01
-4.910589e-01
-5.355939e-01
-5.788129e-01
-6.208648e-01
-6.614331e-01
-7.005797e-01
-7.381434e-01
-7.739440e-01
-8.081616e-01
-8.405789e-01
-8.710160e-01
-8.996341e-01
-9.261416e-01
-9.506316e-01
-9.730046e-01
-9.931925e-01
-1.011096e+00
-1.026870e+00
-1.040242e+00
-1.051310e+00
-1.060045e+00
-1.066371e+00
-1.070399e+00
-1.072076e+00
-1.071194e+00
-1.067960e+00
-1.062404e+00
-1.054408e+00
-1.044153e+00
-1.031451e+00
-1.016459e+00
-9.992762e-01
-9.797898e-01
-9.580251e-01
-9.343173e-01
-9.084244e-01
-8.805388e-01
-8.505984e-01
-8.188453e-01
-7.852174e-01
-7.498017e-01
-7.128154e-01
-6.741157e-01
-6.339944e-01
-5.924267e-01
-5.494809e-01
-5.053866e-01
-4.601686e-01
-4.138147e-01
-3.665544e-01
-3.185864e-01
-2.697742e-01
-2.204466e-01
-1.705604e-01
-1.203018e-01
-6.981959e-02
-1.915119e-02
3.157929e-02
8.216078e-02
1.326367e-01
1.828830e-01
2.325271e-01
2.817987e-01
3.303503e-01
3.782500e-01
4.252682e-01
4.713365e-01
5.163620e-01
5.601894e-01
6.028372e-01
6.441566e-01
6.840482e-01
7.223692e-01
7.590017e-01
7.939643e-01
8.273438e-01
8.586810e-01
8.881062e-01
9.156317e-01
9.410777e-01
9.644316e-01
9.856562e-01
1.004646e+00
1.021283e+00
1.035878e+00
1.047952e+00
1.057804e+00
1.065222e+00
1.070306e+00
1.072932e+00
1.073199e+00
1.071200e+00
1.066482e+00
1.059685e+00
1.050472e+00
1.038833e+00
1.024939e+00
1.008706e+00
9.901879e-01
9.694972e-01
9.467330e-01
9.217465e-01
8.946989e-01
8.657083e-01
8.347374e-01
8.017861e-01
7.671961e-01
7.309609e-01
6.929316e-01
6.534249e-01
6.124904e-01
5.700785e-01
5.264870e-01
4.816540e-01
4.357346e-01
3.889461e-01
3.412264e-01
2.927370e-01
2.435398e-01
1.938460e-01
1.436867e-01
9.318590e-02
4.254854e-02
-8.113648e-03
-5.892483e-02
-1.095125e-01
-1.599512e-01
-2.097754e-01
-2.594257e-01
-3.083124e-01
-3.565784e-01
-4.040187e-01
-4.506024e-01
-4.961493e-01
-5.406098e-01
-5.838413e-01
-6.257814e-01
-6.663248e-01
-7.054218e-01
-7.428861e-01
-7.786992e-01
-8.128299e-01
-8.450238e-01
-8.754111e-01
-9.038120e-01
-9.302947e-01
-9.546542e-01
-9.768224e-01
-9.968489e-01
-1.014585e+00
-1.030148e+00
-1.043370e+00
-1.054135e+00
-1.062795e+00
-1.068897e+00
-1.072640e+00
-1.073988e+00
-1.073013e+00
-1.069661e+00
-1.063763e+00
-1.055550e+00
-1.044941e+00
-1.032109e+00
-1.016950e+00
-9.994500e-01
-9.796905e-01
-9.578078e-01
-9.337897e-01
-9.075740e-01
-8.794773e-01
-8.493755e-01
-8.173120e-01
-7.834544e-01
-7.478524e-01
-7.106364e-01
-6.717939e-01
-6.314430e-01
-5.896580e-01
-5.465508e-01
-5.022019e-01
-4.567667e-01
-4.102700e-01
-3.628607e-01
-3.146941e-01
-2.657763e-01
-2.163433e-01
-1.662522e-01
-1.159811e-01
-6.525062e-02
-1.448910e-02
3.619792e-02
8.698427e-02
1.374851e-01
1.877437e-01
2.375865e-01
2.867898e-01
3.354531e-01
3.832783e-01
4.303958e-01
4.764456e-01
5.213966e-01
5.652053e-01
6.078532e-01
6.490857e-01
6.888531e-01
7.271182e-01
7.637693e-01
7.987071e-01
8.318445e-01
8.631134e-01
8.925137e-01
9.198655e-01
9.451749e-01
9.682804e-01
9.892816e-01
1.008129e+00
1.024685e+00
1.039081e+00
1.051019e+00
1.060616e+00
1.067867e+00
1.072690e+00
1.075080e+00
1.075229e+00
1.072777e+00
1.068065e+00
1.061026e+00
1.051534e+00
1.039733e+00
1.025473e+00
1.008960e+00
9.902562e-01
9.693606e-01
9.463047e-01
9.210636e-01
8.937056e-01
8.645660e-01
8.333530e-01
8.002094e-01
7.654516e-01
7.288875e-01
6.906968e-01
6.509356e-01
6.098149e-01
5.671918e-01
5.234141e-01
4.784011e-01
4.323575e-01
3.853828e-01
3.374024e-01
2.887764e-01
2.394178e-01
1.896806e-01
1.393412e-01
8.871626e-02
3.799820e-02
-1.290610e-02
-6.369245e-02
-1.143671e-01
-1.648244e-01
-2.148286e-01
-2.643175e-01
-3.134029e-01
-3.615819e-01
-4.091526e-01
-4.556245e-01
-5.012335e-01
-5.456382e-01
-5.888696e-01
-6.307725e-01
-6.711856e-01
-7.101957e-01
-7.476600e-01
-7.833489e-01
-8.174113e-01
-8.495493e-01
-8.798187e-01
-9.080768e-01
-9.343856e-01
-9.586024e-01
-9.806092e-01
-1.000418e+00
-1.018111e+00
-1.033463e+00
-1.046462e+00
-1.057189e+00
-1.065508e+00
-1.071374e+00
-1.074999e+00
-1.076067e+00
-1.074863e+00
-1.071225e+00
-1.065166e+00
-1.056661e+00
-1.045897e+00
-1.032805e+00
-1.017335e+00
-9.996238e-01
-9.796594e-01
-9.575657e-01
-9.332682e-01
-9.068911e-01
-8.784840e-01
-8.480966e-01
-8.158034e-01
-7.817410e-01
-7.460087e-01
-7.084885e-01
-6.694722e-01
-6.288729e-01
-5.868521e-01
-5.436082e-01
-4.989863e-01
-4.534021e-01
-4.066881e-01
-3.591609e-01
-3.107956e-01
-2.617412e-01
-2.120909e-01
-1.620309e-01
-1.114494e-01
-6.070648e-02
-9.858052e-03
4.102141e-02
9.188226e-02
1.424389e-01
1.927224e-01
2.425714e-01
2.918554e-01
3.405249e-01
3.884432e-01
4.354614e-01
4.815112e-01
5.264498e-01
5.702709e-01
6.128753e-01
6.540085e-01
6.938194e-01
7.319728e-01
7.684314e-01
8.033319e-01
8.363390e-01
8.675334e-01
8.967909e-01
9.239689e-01
9.490734e-01
9.721728e-01
9.931304e-01
1.011804e+00
1.028112e+00
1.042154e+00
1.053942e+00
1.063409e+00
1.070449e+00
1.075037e+00
1.077259e+00
1.077141e+00
1.074546e+00
1.069611e+00
1.062304e+00
1.052508e+00
1.040465e+00
1.026113e+00
1.009265e+00
9.903121e-01
9.692737e-01
9.459260e-01
9.204490e-01
8.929235e-01
8.634114e-01
8.319625e-01
7.986822e-01
7.635955e-01
7.268575e-01
6.884682e-01
6.484401e-01
6.070586e-01
5.643424e-01
5.203537e-01
4.751606e-01
4.288811e-01
3.816953e-01
3.335721e-01
2.848282e-01
2.353455e-01
1.853227e-01
1.349957e-01
8.420316e-02
3.334852e-02
-1.754957e-02
-6.842283e-02
-1.193085e-01
-1.697162e-01
-2.198072e-01
-2.693769e-01
-3.184002e-01
-3.667903e-01
-4.141747e-01
-4.607770e-01
-5.062743e-01
-5.507597e-01
-5.938731e-01
-6.357823e-01
-6.761767e-01
-7.151433e-01
-7.525021e-01
-7.880606e-01
-8.219803e-01
-8.540251e-01
-8.841890e-01
-9.123354e-01
-9.385014e-01
-9.625009e-01
-9.844022e-01
-1.004143e+00
-1.021525e+00
-1.036666e+00
-1.049597e+00
-1.060026e+00
-1.068171e+00
-1.073925e+00
-1.077284e+00
-1.078165e+00
-1.076700e+00
-1.072876e+00
-1.066520e+00
-1.057866e+00
-1.046834e+00
-1.033506e+00
-1.017757e+00
-9.998287e-01
-9.796718e-01
-9.572801e-01
-9.327778e-01
-9.060965e-01
-8.774659e-01
-8.468923e-01
-8.143694e-01
-7.801332e-01
-7.440470e-01
-7.063778e-01
-6.670760e-01
-6.262718e-01
-5.840337e-01
-5.406098e-01
-4.958141e-01
-4.499692e-01
-4.031682e-01
-3.554113e-01
-3.068784e-01
-2.577434e-01
-2.079254e-01
-1.576605e-01
-1.070170e-01
-5.618096e-02
-5.208379e-03
4.585111e-02
9.664367e-02
1.473617e-01
1.976887e-01
2.476122e-01
2.969583e-01
3.456278e-01
3.935895e-01
4.405457e-01
4.866140e-01
5.316085e-01
5.754110e-01
6.179658e-01
6.590120e-01
6.986180e-01
7.368025e-01
7.732301e-01
8.080126e-01
8.409638e-01
8.719782e-01
9.011488e-01
9.281281e-01
9.531768e-01
9.761209e-01
9.967993e-01
1.015249e+00
1.031476e+00
1.045407e+00
1.056916e+00
1.066228e+00
1.072951e+00
1.077476e+00
1.079419e+00
1.079146e+00
1.076322e+00
1.071113e+00
1.063503e+00
1.053533e+00
1.041266e+00
1.026603e+00
1.009656e+00
9.904486e-01
9.690316e-01
9.454853e-01
9.198220e-01
8.920854e-01
8.622878e-01
8.306712e-01
7.970744e-01
7.618014e-01
7.248089e-01
6.861030e-01
6.459569e-01
6.043830e-01
5.614496e-01
5.172249e-01
4.718828e-01
4.254047e-01
3.779892e-01
3.298288e-01
2.808241e-01
2.312669e-01
1.811510e-01
1.304888e-01
7.965902e-02
2.876714e-02
-2.234823e-02
-7.330219e-02
-1.240451e-01
-1.747197e-01
-2.248604e-01
-2.744859e-01
-3.235279e-01
-3.718373e-01
-4.194080e-01
-4.659295e-01
-5.114206e-01
-5.558377e-01
-5.990070e-01
-6.407920e-01
-6.811678e-01
-7.200351e-01
-7.572449e-01
-7.928158e-01
-8.266299e-01
-8.585506e-01
-8.885780e-01
-9.166374e-01
-9.425365e-01
-9.664615e-01
-9.882883e-01
-1.007787e+00
-1.025026e+00
-1.039981e+00
-1.052688e+00
-1.062962e+00
-1.070958e+00
-1.076427e+00
-1.079506e+00
-1.080233e+00
-1.078619e+00
-1.074403e+00
-1.067898e+00
-1.059008e+00
-1.047735e+00
-1.034127e+00
-1.018223e+00
-9.999963e-01
-9.795663e-01
-9.569511e-01
-9.322191e-01
-9.053205e-01
-8.764603e-01
-8.456818e-01
-8.129354e-01
-7.783702e-01
-7.421226e-01
-7.041865e-01
-6.646611e-01
-6.236087e-01
-5.812464e-01
-5.375928e-01
-4.926481e-01
-4.466604e-01
-3.996484e-01
-3.517177e-01
-3.030358e-01
-2.536710e-01
-2.036979e-01
-1.534268e-01
-1.025722e-01
-5.161820e-02
-5.524979e-04
5.052562e-02
1.015230e-01
1.522721e-01
2.028102e-01
2.525971e-01
3.020860e-01
3.508175e-01
3.986489e-01
4.457416e-01
4.917790e-01
5.367237e-01
5.804642e-01
6.229196e-01
6.640528e-01
7.036526e-01
7.416880e-01
7.780722e-01
8.126809e-01
8.454956e-01
8.763858e-01
9.054695e-01
9.324053e-01
9.572739e-01
9.800753e-01
1.000567e+00
1.018868e+00
1.034940e+00
1.048597e+00
1.059989e+00
1.069040e+00
1.075571e+00
1.079922e+00
1.081592e+00
1.081120e+00
1.078029e+00
1.072628e+00
1.064850e+00
1.054545e+00
1.042030e+00
1.027168e+00
1.009935e+00
9.904859e-01
9.688640e-01
9.451128e-01
9.190585e-01
8.910859e-01
8.612262e-01
8.292993e-01
7.955286e-01
7.600260e-01
7.227852e-01
6.839117e-01
6.435483e-01
6.016205e-01
5.584946e-01
5.140713e-01
4.685430e-01
4.219159e-01
3.744073e-01
3.259862e-01
2.768821e-01
2.271263e-01
1.768241e-01
1.262613e-01
7.520179e-02
2.414229e-02
-2.709723e-02
-7.807602e-02
-1.290051e-01
-1.796549e-01
-2.298391e-01
-2.795701e-01
-3.286804e-01
-3.769836e-01
-4.244922e-01
-4.711131e-01
-5.165420e-01
-5.610026e-01
-6.041285e-01
-6.458452e-01
-6.861216e-01
-7.249641e-01
-7.620746e-01
-7.974779e-01
-8.312796e-01
-8.630637e-01
-8.930290e-01
-9.209146e-01
-9.467951e-01
-9.704470e-01
-9.920565e-01
-1.011431e+00
-1.028552e+00
-1.043321e+00
-1.055761e+00
-1.065905e+00
-1.073634e+00
-1.078892e+00
-1.081828e+00
-1.082331e+00
-1.080413e+00
-1.076055e+00
-1.069313e+00
-1.060194e+00
-1.048684e+00
-1.034847e+00
-1.018688e+00
-1.000238e+00
-9.795291e-01
-9.566904e-01
-9.316418e-01
-9.045632e-01
-8.754236e-01
-8.443036e-01
-8.114145e-01
-7.766382e-01
-7.401857e-01
-7.019703e-01
-6.621904e-01
-6.209890e-01
-5.783970e-01
-5.345634e-01
-4.894386e-01
-4.432337e-01
-3.961161e-01
-3.479805e-01
-2.991372e-01
-2.496111e-01
-1.994952e-01
-1.489509e-01
-9.812735e-02
-4.706164e-02
4.109591e-03
5.531807e-02
1.064086e-01
1.572694e-01
2.077020e-01
2.577620e-01
3.070647e-01
3.558521e-01
4.038511e-01
4.508755e-01
4.969253e-01
5.418328e-01
5.856167e-01
6.280473e-01
6.691246e-01
7.086189e-01
7.465984e-01
7.829019e-01
8.174299e-01
8.500645e-01
8.809672e-01
9.098150e-01
9.366142e-01
9.613711e-01
9.839739e-01
1.004317e+00
1.022500e+00
1.038311e+00
1.051826e+00
1.063006e+00
1.071778e+00
1.078234e+00
1.082281e+00
1.083784e+00
1.083094e+00
1.079829e+00
1.074199e+00
1.066085e+00
1.055556e+00
1.042768e+00
1.027708e+00
1.010202e+00
9.905542e-01
9.687088e-01
9.445665e-01
9.184191e-01
8.901672e-01
8.600219e-01
8.278839e-01
7.938960e-01
7.581699e-01
7.206559e-01
6.815899e-01
6.409658e-01
5.989015e-01
5.556018e-01
5.109860e-01
4.652529e-01
4.184395e-01
3.707323e-01
3.221870e-01
2.728905e-01
2.229670e-01
1.725594e-01
1.216799e-01
7.072593e-02
1.951124e-02
-3.182760e-02
-8.292434e-02
-1.339590e-01
-1.846522e-01
-2.349047e-01
-2.846668e-01
-3.337708e-01
-3.821547e-01
-4.297068e-01
-4.762407e-01
-5.218435e-01
-5.660682e-01
-6.091258e-01
-6.508735e-01
-6.911624e-01
-7.297628e-01
-7.669415e-01
-8.022952e-01
-8.359417e-01
-8.676079e-01
-8.974055e-01
-9.251980e-01
-9.509233e-01
-9.744821e-01
-9.959922e-01
-1.015125e+00
-1.032091e+00
-1.046605e+00
-1.058940e+00
-1.068816e+00
-1.076371e+00
-1.081524e+00
-1.084088e+00
-1.084423e+00
-1.082325e+00
-1.077644e+00
-1.070704e+00
-1.061336e+00
-1.049634e+00
-1.035480e+00
-1.019011e+00
-1.000338e+00
-9.794918e-01
-9.563303e-01
-9.311576e-01
-9.037748e-01
-8.744800e-01
-8.431055e-01
-8.098936e-01
-7.749000e-01
-7.381682e-01
-6.998037e-01
-6.599246e-01
-6.184376e-01
-5.756034e-01
-5.315092e-01
-4.861919e-01
-4.398007e-01
-3.924597e-01
-3.441503e-01
-2.951891e-01
-2.455387e-01
-1.952242e-01
-1.446675e-01
-9.358321e-02
-4.249888e-02
8.914460e-03
6.013536e-02
1.112942e-01
1.622419e-01
2.127179e-01
2.627779e-01
3.122730e-01
3.610108e-01
4.090533e-01
4.560404e-01
5.021212e-01
5.469667e-01
5.907071e-01
6.331377e-01
6.740598e-01
7.134920e-01
7.514343e-01
7.876323e-01
8.221168e-01
8.546894e-01
8.853623e-01
9.141791e-01
9.408170e-01
9.653752e-01
9.878476e-01
1.008054e+00
1.026094e+00
1.041688e+00
1.054998e+00
1.066060e+00
1.074726e+00
1.080860e+00
1.084690e+00
1.086043e+00
1.084944e+00
1.081493e+00
1.075720e+00
1.067314e+00
1.056575e+00
1.043575e+00
1.028242e+00
1.010519e+00
9.905914e-01
9.685101e-01
9.442064e-01
9.177176e-01
8.893043e-01
8.588672e-01
8.264996e-01
7.922819e-01
7.562640e-01
7.186197e-01
6.793054e-01
6.384454e-01
5.961949e-01
5.526158e-01
5.078573e-01
4.618448e-01
4.149445e-01
3.669952e-01
3.183257e-01
2.689175e-01
2.187581e-01
1.682511e-01
1.172785e-01
6.607005e-02
1.470638e-02
-3.652073e-02
-8.787199e-02
-1.389067e-01
-1.897302e-01
-2.399827e-01
-2.897324e-01
-3.389295e-01
-3.873134e-01
-4.348779e-01
-4.814429e-01
-5.268719e-01
-5.712766e-01
-6.142535e-01
-6.559391e-01
-6.961163e-01
-7.348222e-01
-7.717774e-01
-8.070876e-01
-8.404982e-01
-8.721955e-01
-9.018814e-01
-9.294256e-01
-9.550639e-01
-9.784923e-01
-9.997542e-01
-1.018843e+00
-1.035592e+00
-1.050019e+00
-1.062081e+00
-1.071734e+00
-1.079121e+00
-1.083945e+00
-1.086496e+00
-1.086397e+00
-1.084094e+00
-1.079382e+00
-1.072063e+00
-1.062515e+00
-1.050460e+00
-1.036182e+00
-1.019508e+00
-1.000549e+00
-9.793739e-01
-9.559703e-01
-9.305244e-01
-9.030112e-01
-8.733936e-01
-8.418764e-01
-8.084285e-01
-7.731432e-01
-7.362562e-01
-6.975999e-01
-6.574538e-01
-6.157992e-01
-5.727665e-01
-5.285170e-01
-4.829142e-01
-4.363367e-01
-3.888219e-01
-3.404070e-01
-2.912285e-01
-2.414043e-01
-1.911022e-01
-1.401668e-01
-8.908252e-02
-3.776851e-02
1.362000e-02
6.494023e-02
1.162232e-01
1.672020e-01
2.178269e-01
2.679242e-01
3.174318e-01
3.662813e-01
4.141499e-01
4.612923e-01
5.072241e-01
5.522123e-01
5.958721e-01
6.381909e-01
6.790820e-01
7.185887e-01
7.563199e-01
7.924433e-01
8.267913e-01
8.593577e-01
8.899437e-01
9.184625e-01
9.450010e-01
9.694786e-01
9.917957e-01
1.011779e+00
1.029608e+00
1.045109e+00
1.058307e+00
1.069046e+00
1.077445e+00
1.083486e+00
1.087049e+00
1.088284e+00
1.087030e+00
1.083212e+00
1.077129e+00
1.068556e+00
1.057667e+00
1.044420e+00
1.028770e+00
1.010786e+00
9.907466e-01
9.683053e-01
9.437408e-01
9.171340e-01
8.883483e-01
8.577064e-01
8.250221e-01
7.905127e-01
7.544327e-01
7.164470e-01
6.769651e-01
6.359499e-01
5.935255e-01
5.496671e-01
5.047099e-01
4.585919e-01
4.113998e-01
3.633077e-01
3.144147e-01
2.648513e-01
2.145927e-01
1.639305e-01
1.128337e-01
6.151350e-02
1.008153e-02
-4.134422e-02
-9.267065e-02
-1.438543e-01
-1.946593e-01
-2.450918e-01
-2.948166e-01
-3.440634e-01
-3.925094e-01
-4.400242e-01
-4.866140e-01
-5.321299e-01
-5.764167e-01
-6.193936e-01
-6.610109e-01
-7.011695e-01
-7.397636e-01
-7.766630e-01
-8.118801e-01
-8.452348e-01
-8.767148e-01
-9.063200e-01
-9.337835e-01
-9.591549e-01
-9.825461e-01
-1.003622e+00
-1.022475e+00
-1.038969e+00
-1.053191e+00
-1.065166e+00
-1.074615e+00
-1.081772e+00
-1.086478e+00
-1.088756e+00
-1.088545e+00
-1.085975e+00
-1.080934e+00
-1.073416e+00
-1.063565e+00
-1.051403e+00
-1.036772e+00
-1.019917e+00
-1.000754e+00
-9.792932e-01
-9.556785e-01
-9.299967e-01
-9.021669e-01
-8.722886e-01
-8.405044e-01
-8.068021e-01
-7.713056e-01
-7.342386e-01
-6.953775e-01
-6.549955e-01
-6.131547e-01
-5.699171e-01
-5.254193e-01
-4.797792e-01
-4.328914e-01
-3.852214e-01
-3.365954e-01
-2.873361e-01
-2.372947e-01
-1.867505e-01
-1.358400e-01
-8.451355e-02
-3.314987e-02
1.834417e-02
6.983821e-02
1.211336e-01
1.722241e-01
2.228863e-01
2.730271e-01
3.224787e-01
3.714213e-01
4.194142e-01
4.663827e-01
5.125504e-01
5.573462e-01
6.009749e-01
6.433931e-01
6.841662e-01
7.235487e-01
7.612427e-01
7.973351e-01
8.316334e-01
8.639639e-01
8.944009e-01
9.228763e-01
9.493403e-01
9.735881e-01
9.956881e-01
1.015621e+00
1.033202e+00
1.048542e+00
1.061547e+00
1.072051e+00
1.080320e+00
1.086099e+00
1.089544e+00
1.090389e+00
1.088874e+00
1.084951e+00
1.078581e+00
1.069791e+00
1.058611e+00
1.045140e+00
1.029322e+00
1.011071e+00
9.906721e-01
9.680756e-01
9.432939e-01
9.164263e-01
8.873861e-01
8.565021e-01
8.236874e-01
7.888925e-01
7.525207e-01
7.143859e-01
6.746496e-01
6.333798e-01
5.907071e-01
5.467308e-01
5.014756e-01
4.552148e-01
4.078365e-01
3.595706e-01
3.105783e-01
2.607480e-01
2.104334e-01
1.595974e-01
1.082896e-01
5.685762e-02
5.438069e-03
-4.615530e-02
-9.756243e-02
-1.488268e-01
-1.997559e-01
-2.501822e-01
-3.000436e-01
-3.492780e-01
-3.977736e-01
-4.452574e-01
-4.918783e-01
-5.371769e-01
-5.815816e-01
-6.245771e-01
-6.661759e-01
-7.062351e-01
-7.446988e-01
-7.815548e-01
-8.166663e-01
-8.499031e-01
-8.814017e-01
-9.107089e-01
-9.381414e-01
-9.634259e-01
-9.865315e-01
-1.007458e+00
-1.026181e+00
-1.042557e+00
-1.056637e+00
-1.068382e+00
-1.077613e+00
-1.084535e+00
-1.088986e+00
-1.091003e+00
-1.090550e+00
-1.087856e+00
-1.082499e+00
-1.074826e+00
-1.064694e+00
-1.052229e+00
-1.037473e+00
-1.020240e+00
-1.000859e+00
-9.792311e-01
-9.553247e-01
-9.293945e-01
-9.012668e-01
-8.712084e-01
-8.392132e-01
-8.052501e-01
-7.695985e-01
-7.322149e-01
-6.931551e-01
-6.525807e-01
-6.104356e-01
-5.670615e-01
-5.223340e-01
-4.764332e-01
-4.294522e-01
-3.815774e-01
-3.327837e-01
-2.833259e-01
-2.331417e-01
-1.824485e-01
-1.313828e-01
-7.996941e-02
-2.845054e-02
2.311800e-02
7.471758e-02
1.261185e-01
1.773270e-01
2.279395e-01
2.781858e-01
3.277119e-01
3.766235e-01
4.246474e-01
4.716904e-01
5.176967e-01
5.625856e-01
6.061460e-01
6.484711e-01
6.892690e-01
7.285522e-01
7.661904e-01
8.022021e-01
8.362459e-01
8.686073e-01
8.989637e-01
9.273397e-01
9.536361e-01
9.777784e-01
9.996487e-01
1.019359e+00
1.036858e+00
1.052061e+00
1.064707e+00
1.075204e+00
1.083163e+00
1.088762e+00
1.091829e+00
1.092580e+00
1.090867e+00
1.086707e+00
1.080183e+00
1.071064e+00
1.059716e+00
1.045928e+00
1.029775e+00
1.011413e+00
9.907032e-01
9.679142e-01
9.428221e-01
9.156566e-01
8.864487e-01
8.552915e-01
8.221479e-01
7.873032e-01
7.505466e-01
7.122442e-01
6.722223e-01
6.308160e-01
5.879446e-01
5.437200e-01
4.983158e-01
4.518315e-01
4.043726e-01
3.557962e-01
3.065618e-01
2.567004e-01
2.061562e-01
1.551898e-01
1.038199e-01
5.231969e-02
7.201096e-04
-5.099742e-02
-1.025473e-01
-1.538676e-01
-2.047718e-01
-2.551981e-01
-3.052147e-01
-3.544677e-01
-4.029261e-01
-4.505279e-01
-4.969998e-01
-5.425032e-01
-5.868334e-01
-6.296737e-01
-6.711980e-01
-7.112448e-01
-7.497086e-01
-7.864217e-01
-8.214402e-01
-8.546273e-01
-8.858776e-01
-9.152717e-01
-9.425117e-01
-9.676348e-01
-9.905666e-01
-1.011313e+00
-1.029899e+00
-1.046015e+00
-1.059989e+00
-1.071467e+00
-1.080512e+00
-1.087291e+00
-1.091506e+00
-1.093319e+00
-1.092729e+00
-1.089625e+00
-1.084113e+00
-1.076266e+00
-1.065917e+00
-1.053092e+00
-1.038044e+00
-1.020699e+00
-1.000971e+00
-9.791131e-01
-9.550019e-01
-9.288172e-01
-9.005094e-01
-8.701159e-01
-8.379158e-01
-8.037975e-01
-7.678355e-01
-7.302159e-01
-6.909327e-01
-6.500851e-01
-6.077787e-01
-5.640755e-01
-5.192176e-01
-4.731182e-01
-4.260503e-01
-3.778527e-01
-3.289535e-01
-2.793280e-01
-2.290259e-01
-1.780781e-01
-1.269566e-01
-7.545010e-02
-2.376362e-02
2.785458e-02
7.960936e-02
1.311096e-01
1.822933e-01
2.330858e-01
2.832824e-01
3.329203e-01
3.818071e-01
4.298061e-01
4.769546e-01
5.229547e-01
5.677629e-01
6.113979e-01
6.535056e-01
6.943719e-01
7.335433e-01
7.711691e-01
8.070131e-01
8.409638e-01
8.732694e-01
9.034830e-01
9.316480e-01
9.578389e-01
9.817887e-01
1.003671e+00
1.023189e+00
1.040397e+00
1.055401e+00
1.067997e+00
1.078209e+00
1.086037e+00
1.091376e+00
1.094355e+00
1.094765e+00
1.092828e+00
1.088446e+00
1.081536e+00
1.072274e+00
1.060622e+00
1.046710e+00
1.030328e+00
1.011661e+00
9.908459e-01
9.676224e-01
9.423317e-01
9.149427e-01
8.855113e-01
8.540996e-01
8.206890e-01
7.855713e-01
7.486470e-01
7.100591e-01
6.699254e-01
6.281590e-01
5.851263e-01
5.407092e-01
4.951188e-01
4.484296e-01
4.006665e-01
3.520653e-01
3.026385e-01
2.526033e-01
2.018293e-01
1.508319e-01
9.933167e-02
4.758931e-02
-4.066136e-03
-5.592023e-02
-1.074701e-01
-1.588462e-01
-2.099306e-01
-2.604189e-01
-3.103672e-01
-3.596947e-01
-4.082028e-01
-4.556742e-01
-5.023447e-01
-5.477054e-01
-5.919425e-01
-6.348014e-01
-6.763381e-01
-7.163166e-01
-7.545879e-01
-7.914190e-01
-8.262202e-01
-8.593577e-01
-8.905396e-01
-9.196544e-01
-9.468324e-01
-9.717568e-01
-9.946203e-01
-1.015274e+00
-1.033630e+00
-1.049560e+00
-1.063260e+00
-1.074590e+00
-1.083504e+00
-1.089948e+00
-1.094008e+00
-1.095634e+00
-1.094778e+00
-1.091432e+00
-1.085702e+00
-1.077470e+00
-1.066979e+00
-1.054073e+00
-1.038696e+00
-1.021103e+00
-1.001176e+00
-9.790138e-01
-9.546853e-01
-9.281840e-01
-8.996093e-01
-8.690729e-01
-8.365066e-01
-8.021090e-01
-7.659359e-01
-7.281425e-01
-6.886855e-01
-6.475461e-01
-6.050783e-01
-5.611826e-01
-5.161510e-01
-4.697846e-01
-4.225429e-01
-3.741714e-01
-3.250053e-01
-2.752991e-01
-2.247797e-01
-1.738940e-01
-1.224310e-01
-7.078181e-02
-1.912015e-02
3.270912e-02
8.450734e-02
1.360635e-01
1.873651e-01
2.382011e-01
2.884970e-01
3.381039e-01
3.870217e-01
4.350517e-01
4.821444e-01
5.281693e-01
5.730396e-01
6.165566e-01
6.588071e-01
6.994375e-01
7.385779e-01
7.760919e-01
8.118615e-01
8.458991e-01
8.778943e-01
9.080209e-01
9.360369e-01
9.619919e-01
9.859790e-01
1.007564e+00
1.026957e+00
1.043985e+00
1.058766e+00
1.071219e+00
1.081282e+00
1.088750e+00
1.094058e+00
1.096677e+00
1.096957e+00
1.094728e+00
1.090097e+00
1.083008e+00
1.073528e+00
1.061690e+00
1.047449e+00
1.030781e+00
1.011859e+00
9.907963e-01
9.673182e-01
9.417854e-01
9.142350e-01
8.844808e-01
8.529077e-01
8.192674e-01
7.839324e-01
7.466853e-01
7.078677e-01
6.674857e-01
6.256014e-01
5.822520e-01
5.376797e-01
4.918473e-01
4.449284e-01
3.971466e-01
3.482847e-01
2.987213e-01
2.483757e-01
1.977135e-01
1.463995e-01
9.474407e-02
4.301413e-02
-8.889629e-03
-6.078718e-02
-1.124364e-01
-1.639118e-01
-2.149837e-01
-2.655901e-01
-3.156563e-01
-3.648845e-01
-4.135478e-01
-4.610129e-01
-5.075779e-01
-5.529821e-01
-5.971757e-01
-6.400284e-01
-6.814968e-01
-7.213574e-01
-7.596039e-01
-7.963232e-01
-8.310623e-01
-8.640011e-01
-8.951024e-01
-9.242296e-01
-9.511840e-01
-9.759968e-01
-9.986430e-01
-1.019030e+00
-1.037293e+00
-1.053135e+00
-1.066563e+00
-1.077650e+00
-1.086440e+00
-1.092617e+00
-1.096553e+00
-1.097882e+00
-1.096789e+00
-1.093282e+00
-1.087328e+00
-1.078904e+00
-1.068103e+00
-1.054898e+00
-1.039323e+00
-1.021376e+00
-1.001294e+00
-9.788959e-01
-9.542693e-01
-9.275260e-01
-8.987092e-01
-8.679431e-01
-8.351967e-01
-8.005197e-01
-7.641418e-01
-7.260815e-01
-6.863451e-01
-6.450195e-01
-6.023158e-01
-5.583270e-01
-5.129353e-01
-4.664510e-01
-4.189424e-01
-3.704778e-01
-3.211875e-01
-2.712392e-01
-2.205211e-01
-1.695424e-01
-1.179428e-01
-6.624387e-02
-1.437115e-02
3.762573e-02
8.943016e-02
1.410670e-01
1.924369e-01
2.433412e-01
2.936185e-01
3.434302e-01
3.923045e-01
4.403905e-01
4.875142e-01
5.335019e-01
5.782356e-01
6.217463e-01
6.638914e-01
7.046024e-01
7.436311e-01
7.811389e-01
8.166788e-01
8.506232e-01
8.825377e-01
9.125216e-01
9.405190e-01
9.662505e-01
9.900141e-01
1.011524e+00
1.030756e+00
1.047704e+00
1.062267e+00
1.074552e+00
1.084199e+00
1.091711e+00
1.096547e+00
1.099080e+00
1.099086e+00
1.096770e+00
1.091785e+00
1.084516e+00
1.074788e+00
1.062664e+00
1.048144e+00
1.031290e+00
1.012213e+00
9.906349e-01
9.671072e-01
9.413570e-01
9.134962e-01
8.835000e-01
8.516041e-01
8.177838e-01
7.821632e-01
7.447609e-01
7.057633e-01
6.651019e-01
6.229569e-01
5.794151e-01
5.346007e-01
4.886378e-01
4.415389e-01
3.935213e-01
3.444855e-01
2.947359e-01
2.442972e-01
1.933556e-01
1.420478e-01
9.016889e-02
3.824651e-02
-1.355172e-02
-6.559205e-02
-1.173965e-01
-1.690147e-01
-2.200928e-01
-2.707922e-01
-3.207343e-01
-3.702108e-01
-4.187127e-01
-4.662958e-01
-5.128298e-01
-5.582277e-01
-6.024089e-01
-6.451933e-01
-6.865934e-01
-7.264478e-01
-7.646819e-01
-8.011405e-01
-8.359789e-01
-8.687874e-01
-8.997335e-01
-9.286496e-01
-9.554737e-01
-9.801560e-01
-1.002715e+00
-1.022947e+00
-1.040993e+00
-1.056593e+00
-1.069909e+00
-1.080798e+00
-1.089315e+00
-1.095448e+00
-1.099030e+00
-1.100123e+00
-1.098949e+00
-1.095032e+00
-1.088886e+00
-1.080220e+00
-1.069214e+00
-1.055792e+00
-1.039851e+00
-1.021767e+00
-1.001399e+00
-9.787220e-01
-9.538224e-01
-9.268866e-01
-8.978463e-01
-8.668381e-01
-8.338496e-01
-7.989802e-01
-7.622732e-01
-7.240081e-01
-6.839861e-01
-6.425364e-01
-5.996092e-01
-5.553224e-01
-5.097631e-01
-4.631236e-01
-4.153977e-01
-3.667593e-01
-3.173448e-01
-2.671358e-01
-2.163184e-01
-1.651720e-01
-1.134297e-01
-6.159420e-02
-9.634570e-03
4.244301e-02
9.431573e-02
1.461202e-01
1.975211e-01
2.484130e-01
2.989262e-01
3.486075e-01
3.975998e-01
4.456423e-01
4.926791e-01
5.387537e-01
5.834750e-01
6.269920e-01
6.691184e-01
7.096680e-01
7.487339e-01
7.859934e-01
8.216761e-01
8.553722e-01
8.872805e-01
9.170409e-01
9.448769e-01
9.706270e-01
9.941175e-01
1.015510e+00
1.034543e+00
1.051223e+00
1.065644e+00
1.077718e+00
1.087248e+00
1.094430e+00
1.099117e+00
1.101519e+00
1.101259e+00
1.098676e+00
1.093486e+00
1.085913e+00
1.076024e+00
1.063627e+00
1.048821e+00
1.031793e+00
1.012375e+00
9.907528e-01
9.668402e-01
9.408045e-01
9.127699e-01
8.824322e-01
8.502942e-01
8.162380e-01
7.804250e-01
7.427310e-01
7.034477e-01
6.626560e-01
6.202068e-01
5.765036e-01
5.315526e-01
4.852856e-01
4.380501e-01
3.898152e-01
3.406429e-01
2.906946e-01
2.402248e-01
1.890474e-01
1.374726e-01
8.563096e-02
3.360925e-02
-1.853661e-02
-7.049004e-02
-1.224621e-01
-1.740741e-01
-2.252329e-01
-2.759944e-01
-3.260048e-01
-3.754440e-01
-4.239956e-01
-4.716469e-01
-5.181747e-01
-5.635354e-01
-6.077166e-01
-6.504452e-01
-6.917522e-01
-7.315444e-01
-7.696854e-01
-8.061503e-01
-8.407279e-01
-8.734743e-01
-9.042838e-01
-9.330944e-01
-9.598378e-01
-9.843401e-01
-1.006744e+00
-1.026882e+00
-1.044637e+00
-1.060219e+00
-1.073286e+00
-1.083976e+00
-1.092282e+00
-1.098173e+00
-1.101470e+00
-1.102413e+00
-1.100948e+00
-1.096901e+00
-1.090476e+00
-1.081543e+00
-1.070238e+00
-1.056612e+00
-1.040471e+00
-1.022084e+00
-1.001461e+00
-9.785730e-01
-9.534934e-01
-9.263092e-01
-8.969958e-01
-8.656710e-01
-8.323970e-01
-7.973537e-01
-7.604171e-01
-7.219099e-01
-6.817327e-01
-6.399663e-01
-5.967846e-01
-5.522992e-01
-5.066468e-01
-4.597527e-01
-4.118034e-01
-3.629849e-01
-3.133842e-01
-2.630759e-01
-2.121530e-01
-1.607148e-01
-1.089166e-01
-5.695694e-02
-4.804869e-03
4.724167e-02
9.929442e-02
1.511733e-01
2.026798e-01
2.536027e-01
3.041035e-01
3.538718e-01
4.028392e-01
4.509562e-01
4.979744e-01
5.440924e-01
5.888199e-01
6.321817e-01
6.742895e-01
7.148143e-01
7.537250e-01
7.910280e-01
8.265368e-01
8.602454e-01
8.918930e-01
9.216099e-01
9.494086e-01
9.748856e-01
9.983202e-01
1.019470e+00
1.038286e+00
1.054917e+00
1.069071e+00
1.080903e+00
1.090314e+00
1.097236e+00
1.101799e+00
1.103773e+00
1.103469e+00
1.100563e+00
1.095280e+00
1.087483e+00
1.077147e+00
1.064614e+00
1.049560e+00
1.032258e+00
1.012586e+00
9.906783e-01
9.665857e-01
9.402831e-01
9.118946e-01
8.814762e-01
8.491582e-01
8.147729e-01
7.786123e-01
7.408189e-01
7.012626e-01
6.601853e-01
6.176305e-01
5.736666e-01
5.285418e-01
4.820575e-01
4.345427e-01
3.861091e-01
3.368188e-01
2.867402e-01
2.359166e-01
1.847267e-01
1.330340e-01
8.099991e-02
2.892854e-02
-2.327320e-02
-7.545010e-02
-1.273849e-01
-1.791459e-01
-2.303668e-01
-2.812462e-01
-3.313311e-01
-3.806897e-01
-4.293157e-01
-4.768615e-01
-5.234700e-01
-5.688059e-01
-6.129498e-01
-6.556660e-01
-6.969171e-01
-7.366845e-01
-7.747510e-01
-8.110855e-01
-8.456011e-01
-8.782543e-01
-9.089397e-01
-9.375082e-01
-9.641709e-01
-9.884994e-01
-1.010742e+00
-1.030706e+00
-1.048300e+00
-1.063701e+00
-1.076576e+00
-1.087067e+00
-1.095218e+00
-1.100855e+00
-1.104027e+00
-1.104667e+00
-1.102941e+00
-1.098701e+00
-1.091959e+00
-1.082877e+00
-1.071386e+00
-1.057413e+00
-1.041129e+00
-1.022438e+00
-1.001480e+00
-9.783930e-01
-9.530402e-01
-9.255891e-01
-8.959839e-01
-8.644543e-01
-8.310375e-01
-7.956590e-01
-7.585485e-01
-7.197123e-01
-6.793054e-01
-6.373901e-01
-5.940097e-01
-5.493567e-01
-5.034000e-01
-4.563322e-01
-4.082835e-01
-3.591609e-01
-3.094174e-01
-2.589663e-01
-2.078696e-01
-1.563010e-01
-1.044221e-01
-5.225140e-02
-6.207841e-05
5.213345e-02
1.042545e-01
1.563196e-01
2.077764e-01
2.588235e-01
3.092933e-01
3.591857e-01
4.081407e-01
4.562701e-01
5.033504e-01
5.493195e-01
5.941028e-01
6.374956e-01
6.793986e-01
7.199730e-01
7.587968e-01
7.959756e-01
8.314348e-01
8.650130e-01
8.966295e-01
9.261727e-01
9.536858e-01
9.792249e-01
1.002448e+00
1.023431e+00
1.042110e+00
1.058499e+00
1.072479e+00
1.084100e+00
1.093375e+00
1.100085e+00
1.104356e+00
1.106281e+00
1.105530e+00
1.102451e+00
1.096901e+00
1.088799e+00
1.078445e+00
1.065582e+00
1.050230e+00
1.032650e+00
1.012797e+00
9.906535e-01
9.662629e-01
9.397492e-01
9.110379e-01
8.803898e-01
8.477428e-01
8.131279e-01
7.768927e-01
7.387393e-01
6.990215e-01
6.576959e-01
6.149115e-01
5.707489e-01
5.253261e-01
4.787115e-01
4.310663e-01
3.824403e-01
3.328644e-01
2.826678e-01
2.317698e-01
1.804061e-01
1.285582e-01
7.639369e-02
2.412988e-02
-2.814014e-02
-8.043500e-02
-1.324877e-01
-1.842115e-01
-2.355814e-01
-2.863553e-01
-3.366078e-01
-3.860656e-01
-4.345861e-01
-4.822127e-01
-5.287342e-01
-5.741632e-01
-6.181830e-01
-6.609613e-01
-7.021503e-01
-7.417687e-01
-7.797731e-01
-8.160083e-01
-8.504494e-01
-8.829909e-01
-9.135025e-01
-9.421268e-01
-9.684791e-01
-9.927083e-01
-1.014833e+00
-1.034586e+00
-1.052080e+00
-1.067147e+00
-1.079935e+00
-1.090277e+00
-1.098080e+00
-1.103580e+00
-1.106424e+00
-1.106982e+00
-1.105039e+00
-1.100507e+00
-1.093548e+00
-1.084181e+00
-1.072423e+00
-1.058207e+00
-1.041607e+00
-1.022742e+00
-1.001617e+00
-9.781820e-01
-9.525622e-01
-9.248504e-01
-8.950838e-01
-8.632686e-01
-8.295228e-01
-7.939705e-01
-7.566800e-01
-7.176078e-01
-6.770023e-01
-6.347952e-01
-5.912224e-01
-5.462900e-01
-5.001658e-01
-4.528868e-01
-4.046643e-01
-3.554051e-01
-3.054444e-01
-2.548070e-01
-2.036420e-01
-1.518810e-01
-9.978484e-02
-4.763897e-02
4.829700e-03
5.708110e-02
1.093077e-01
1.612983e-01
2.129786e-01
2.640195e-01
3.146258e-01
3.644313e-01
4.134981e-01
4.616337e-01
5.086643e-01
5.546582e-01
5.993174e-01
6.427785e-01
6.846876e-01
7.250821e-01
7.639121e-01
8.009915e-01
8.363142e-01
8.697868e-01
9.012916e-01
9.307727e-01
9.581989e-01
9.834959e-01
1.006446e+00
1.027410e+00
1.045897e+00
1.062044e+00
1.075943e+00
1.087359e+00
1.096274e+00
1.102972e+00
1.106864e+00
1.108609e+00
1.107721e+00
1.104381e+00
1.098533e+00
1.090265e+00
1.079593e+00
1.066501e+00
1.050932e+00
1.033140e+00
1.012940e+00
9.905542e-01
9.659339e-01
9.391843e-01
9.103365e-01
8.793283e-01
8.463957e-01
8.115945e-01
7.750366e-01
7.367528e-01
6.967805e-01
6.552314e-01
6.121614e-01
5.677878e-01
5.222284e-01
4.754089e-01
4.275651e-01
3.786473e-01
3.290280e-01
2.786203e-01
2.275484e-01
1.759675e-01
1.240016e-01
7.175023e-02
1.941192e-02
-3.305055e-02
-8.538265e-02
-1.375223e-01
-1.894447e-01
-2.407587e-01
-2.916754e-01
-3.418720e-01
-3.913485e-01
-4.399062e-01
-4.875266e-01
-5.341909e-01
-5.794089e-01
-6.234659e-01
-6.661138e-01
-7.073214e-01
-7.469026e-01
-7.847953e-01
-8.209994e-01
-8.553164e-01
-8.877772e-01
-9.181956e-01
-9.465716e-01
-9.728618e-01
-9.969483e-01
-1.018961e+00
-1.038541e+00
-1.055743e+00
-1.070735e+00
-1.083194e+00
-1.093300e+00
-1.100992e+00
-1.106231e+00
-1.108913e+00
-1.109149e+00
-1.106964e+00
-1.102246e+00
-1.095107e+00
-1.085516e+00
-1.073398e+00
-1.059089e+00
-1.042160e+00
-1.023058e+00
-1.001679e+00
-9.779771e-01
-9.521090e-01
-9.241427e-01
-8.940347e-01
-8.620767e-01
-8.281198e-01
-7.922757e-01
-7.547121e-01
-7.154537e-01
-6.745875e-01
-6.321507e-01
-5.883916e-01
-5.432730e-01
-4.968942e-01
-4.494229e-01
-4.009831e-01
-3.516432e-01
-3.014155e-01
-2.506416e-01
-1.992903e-01
-1.473990e-01
-9.524070e-02
-4.282169e-02
9.491789e-03
6.202254e-02
1.143236e-01
1.663764e-01
2.181497e-01
2.692341e-01
3.198218e-01
3.697949e-01
4.188306e-01
4.669724e-01
5.139782e-01
5.600094e-01
6.046561e-01
6.480552e-01
6.899022e-01
7.302470e-01
7.689901e-01
8.060509e-01
8.412370e-01
8.746476e-01
9.059537e-01
9.353727e-01
9.626127e-01
9.877110e-01
1.010637e+00
1.031296e+00
1.049678e+00
1.065688e+00
1.079283e+00
1.090513e+00
1.099409e+00
1.105679e+00
1.109441e+00
1.110943e+00
1.109832e+00
1.106244e+00
1.100191e+00
1.091761e+00
1.080723e+00
1.067401e+00
1.051602e+00
1.033568e+00
1.013126e+00
9.904549e-01
9.655428e-01
9.385263e-01
9.093991e-01
8.782481e-01
8.450548e-01
8.101047e-01
7.731928e-01
7.347042e-01
6.944898e-01
6.526800e-01
6.094921e-01
5.648142e-01
5.190128e-01
4.720318e-01
4.239769e-01
3.750281e-01
3.251171e-01
2.745480e-01
2.233395e-01
1.716220e-01
1.195009e-01
6.706331e-02
1.466913e-02
-3.788025e-02
-9.034892e-02
-1.426003e-01
-1.945600e-01
-2.459485e-01
-2.969583e-01
-3.471549e-01
-3.966128e-01
-4.453567e-01
-4.928653e-01
-5.394490e-01
-5.847041e-01
-6.288109e-01
-6.713656e-01
-7.124926e-01
-7.519930e-01
-7.898112e-01
-8.259284e-01
-8.602143e-01
-8.924330e-01
-9.228266e-01
-9.510661e-01
-9.772135e-01
-1.001213e+00
-1.022916e+00
-1.042371e+00
-1.059480e+00
-1.074180e+00
-1.086546e+00
-1.096385e+00
-1.103847e+00
-1.108969e+00
-1.111371e+00
-1.111489e+00
-1.108963e+00
-1.104040e+00
-1.096646e+00
-1.086807e+00
-1.074509e+00
-1.059790e+00
-1.042712e+00
-1.023307e+00
-1.001610e+00
-9.777474e-01
-9.516124e-01
-9.234474e-01
-8.931469e-01
-8.608538e-01
-8.266610e-01
-7.905996e-01
-7.527194e-01
-7.132065e-01
-6.720981e-01
-6.295558e-01
-5.854987e-01
-5.401443e-01
-4.936041e-01
-4.460272e-01
-3.973391e-01
-3.477260e-01
-2.974053e-01
-2.463768e-01
-1.950131e-01
-1.429480e-01
-9.060965e-02
-3.822168e-02
1.441461e-02
6.697640e-02
1.193085e-01
1.714978e-01
2.233209e-01
2.744735e-01
3.251667e-01
3.750902e-01
4.241756e-01
4.723298e-01
5.193107e-01
5.652798e-01
6.099204e-01
6.532573e-01
6.951292e-01
7.354802e-01
7.741178e-01
8.110234e-01
8.461101e-01
8.793780e-01
9.106903e-01
9.399416e-01
9.670761e-01
9.920565e-01
1.014746e+00
1.035244e+00
1.053446e+00
1.069263e+00
1.082728e+00
1.093797e+00
1.102333e+00
1.108491e+00
1.112091e+00
1.113221e+00
1.111899e+00
1.108149e+00
1.101842e+00
1.093058e+00
1.081890e+00
1.068214e+00
1.052241e+00
1.033866e+00
1.013176e+00
9.902500e-01
9.651517e-01
9.379179e-01
9.084989e-01
8.770252e-01
8.437325e-01
8.084409e-01
7.713677e-01
7.325687e-01
6.921308e-01
6.501658e-01
6.067296e-01
5.619214e-01
5.159151e-01
4.687293e-01
4.204198e-01
3.711482e-01
3.211999e-01
2.704198e-01
2.190561e-01
1.671710e-01
1.148823e-01
6.241364e-02
9.827013e-03
-4.279065e-02
-9.536486e-02
-1.477590e-01
-1.995821e-01
-2.512562e-01
-3.021170e-01
-3.524626e-01
-4.019950e-01
-4.506644e-01
-4.982289e-01
-5.447505e-01
-5.900553e-01
-6.340192e-01
-6.765429e-01
-7.177506e-01
-7.571207e-01
-7.949327e-01
-8.308078e-01
-8.650316e-01
-8.972938e-01
-9.273708e-01
-9.555854e-01
-9.815714e-01
-1.005416e+00
-1.026976e+00
-1.046121e+00
-1.063180e+00
-1.077613e+00
-1.089867e+00
-1.099527e+00
-1.106784e+00
-1.111489e+00
-1.113867e+00
-1.113674e+00
-1.110980e+00
-1.105772e+00
-1.098142e+00
-1.088023e+00
-1.075477e+00
-1.060560e+00
-1.043246e+00
-1.023654e+00
-1.001672e+00
-9.776108e-01
-9.512151e-01
-9.226839e-01
-8.920482e-01
-8.595625e-01
-8.251400e-01
-7.888552e-01
-7.507204e-01
-7.110834e-01
-6.697081e-01
-6.268802e-01
-5.826804e-01
-5.370900e-01
-4.903325e-01
-4.424328e-01
-3.936516e-01
-3.438958e-01
-2.933205e-01
-2.423727e-01
-1.905807e-01
-1.384783e-01
-8.596618e-02
-3.340439e-02
1.925052e-02
7.190542e-02
1.243803e-01
1.766814e-01
2.285293e-01
2.798495e-01
3.304682e-01
3.804910e-01
4.295640e-01
4.776499e-01
5.247178e-01
5.707427e-01
6.153026e-01
6.585650e-01
7.004245e-01
7.405768e-01
7.791586e-01
8.159586e-01
8.511323e-01
8.842201e-01
9.153214e-01
9.444423e-01
9.714402e-01
9.963088e-01
1.018918e+00
1.039211e+00
1.057251e+00
1.072808e+00
1.086161e+00
1.096894e+00
1.105412e+00
1.111272e+00
1.114705e+00
1.115580e+00
1.114016e+00
1.109962e+00
1.103481e+00
1.094436e+00
1.083020e+00
1.069170e+00
1.052875e+00
1.034239e+00
1.013362e+00
9.902065e-01
9.647296e-01
9.372474e-01
9.076547e-01
8.760009e-01
8.423544e-01
8.068083e-01
7.695861e-01
7.305077e-01
6.897781e-01
6.476020e-01
6.038367e-01
5.588733e-01
5.126684e-01
4.652218e-01
4.168007e-01
3.673862e-01
3.172641e-01
2.662605e-01
2.147541e-01
1.628006e-01
1.103195e-01
5.770188e-02
5.003520e-03
-4.773830e-02
-1.003994e-01
-1.527563e-01
-2.048401e-01
-2.563652e-01
-3.074806e-01
-3.578386e-01
-4.074206e-01
-4.560032e-01
-5.036111e-01
-5.502506e-01
-5.953568e-01
-6.393642e-01
-6.819003e-01
-7.228969e-01
-7.622919e-01
-7.999610e-01
-8.358548e-01
-8.699110e-01
-9.020117e-01
-9.319956e-01
-9.600488e-01
-9.858859e-01
-1.009513e+00
-1.030998e+00
-1.050056e+00
-1.066768e+00
-1.081232e+00
-1.093157e+00
-1.102631e+00
-1.109652e+00
-1.114233e+00
-1.116164e+00
-1.115804e+00
-1.112942e+00
-1.107516e+00
-1.099663e+00
-1.089296e+00
-1.076502e+00
-1.061311e+00
-1.043762e+00
-1.023822e+00
-1.001666e+00
-9.772570e-01
-9.506564e-01
-9.219513e-01
-8.911170e-01
-8.583147e-01
-8.235136e-01
-7.871170e-01
-7.487650e-01
-7.088361e-01
-6.672498e-01
-6.241550e-01
-5.797255e-01
-5.339861e-01
-4.869555e-01
-4.389689e-01
-3.899331e-01
-3.399724e-01
-2.893599e-01
-2.381017e-01
-1.861669e-01
-1.339155e-01
-8.134134e-02
-2.861815e-02
2.421679e-02
7.693998e-02
1.295328e-01
1.818587e-01
2.337376e-01
2.850454e-01
3.357697e-01
3.858360e-01
4.348717e-01
4.830135e-01
5.300627e-01
5.760256e-01
6.205917e-01
6.638603e-01
7.056577e-01
7.457231e-01
7.842987e-01
8.210180e-01
8.560241e-01
8.890622e-01
9.199772e-01
9.490237e-01
9.758788e-01
1.000561e+00
1.023065e+00
1.043104e+00
1.060939e+00
1.076440e+00
1.089513e+00
1.100123e+00
1.108236e+00
1.113991e+00
1.117144e+00
1.117902e+00
1.116213e+00
1.111768e+00
1.105021e+00
1.095777e+00
1.084032e+00
1.070027e+00
1.053514e+00
1.034611e+00
1.013492e+00
9.900327e-01
9.644440e-01
9.366205e-01
9.066987e-01
8.747655e-01
8.408397e-01
8.051508e-01
7.675561e-01
7.283039e-01
6.874315e-01
6.449885e-01
6.011053e-01
5.558253e-01
5.094961e-01
4.617454e-01
4.132063e-01
3.635498e-01
3.131794e-01
2.621323e-01
2.104272e-01
1.582751e-01
1.057257e-01
5.303359e-02
1.179490e-04
-5.269216e-02
-1.053781e-01
-1.579213e-01
-2.100299e-01
-2.616853e-01
-3.127510e-01
-3.631897e-01
-4.126911e-01
-4.614661e-01
-5.089499e-01
-5.555956e-01
-6.007825e-01
-6.446905e-01
-6.872328e-01
-7.281177e-01
-7.674320e-01
-8.049832e-01
-8.408459e-01
-8.747841e-01
-9.067421e-01
-9.367198e-01
-9.645371e-01
-9.902686e-01
-1.013709e+00
-1.034977e+00
-1.053936e+00
-1.070474e+00
-1.084591e+00
-1.096429e+00
-1.105623e+00
-1.112563e+00
-1.116896e+00
-1.118603e+00
-1.118051e+00
-1.114879e+00
-1.109229e+00
-1.101103e+00
-1.090519e+00
-1.077458e+00
-1.062025e+00
-1.044252e+00
-1.024027e+00
-1.001604e+00
-9.770025e-01
-9.500977e-01
-9.210946e-01
-8.900927e-01
-8.570483e-01
-8.220237e-01
-7.852485e-01
-7.467474e-01
-7.064958e-01
-6.647356e-01
-6.215353e-01
-5.767643e-01
-5.308573e-01
-4.836343e-01
-4.353807e-01
-3.862208e-01
-3.360553e-01
-2.852938e-01
-2.337687e-01
-1.817842e-01
-1.294024e-01
-7.666684e-02
-2.386294e-02
2.908374e-02
8.195592e-02
1.346419e-01
1.870423e-01
2.389088e-01
2.904090e-01
3.411209e-01
3.911747e-01
4.403718e-01
4.884329e-01
5.355753e-01
5.813892e-01
6.259925e-01
6.691308e-01
7.109033e-01
7.509439e-01
7.894387e-01
8.260464e-01
8.609220e-01
8.937863e-01
9.248007e-01
9.535492e-01
9.802367e-01
1.004832e+00
1.027156e+00
1.047101e+00
1.064657e+00
1.080040e+00
1.092921e+00
1.103276e+00
1.111297e+00
1.116791e+00
1.119708e+00
1.120174e+00
1.118094e+00
1.113724e+00
1.106653e+00
1.097130e+00
1.085230e+00
1.070840e+00
1.054029e+00
1.034922e+00
1.013610e+00
9.899086e-01
9.640157e-01
9.359500e-01
9.057737e-01
8.735860e-01
8.393622e-01
8.034436e-01
7.656689e-01
7.261436e-01
6.850477e-01
6.423688e-01
5.982745e-01
5.528641e-01
5.061439e-01
4.583560e-01
4.094878e-01
3.597692e-01
3.091877e-01
2.579420e-01
2.061065e-01
1.538055e-01
1.011195e-01
4.823493e-02
-4.724167e-03
-5.761497e-02
-1.104499e-01
-1.630924e-01
-2.152259e-01
-2.669744e-01
-3.181146e-01
-3.684788e-01
-4.181788e-01
-4.667986e-01
-5.144624e-01
-5.608785e-01
-6.061771e-01
-6.499920e-01
-6.924661e-01
-7.333881e-01
-7.725348e-01
-8.101357e-01
-8.458059e-01
-8.796449e-01
-9.114973e-01
-9.413012e-01
-9.690564e-01
-9.945707e-01
-1.017844e+00
-1.039006e+00
-1.057754e+00
-1.074137e+00
-1.088079e+00
-1.099663e+00
-1.108739e+00
-1.115276e+00
-1.119472e+00
-1.121099e+00
-1.120174e+00
-1.116834e+00
-1.110930e+00
-1.102519e+00
-1.091699e+00
-1.078358e+00
-1.062702e+00
-1.044699e+00
-1.024281e+00
-1.001542e+00
-9.766362e-01
-9.495886e-01
-9.202814e-01
-8.889566e-01
-8.556516e-01
-8.204283e-01
-7.835165e-01
-7.446554e-01
-7.042672e-01
-6.622339e-01
-6.186735e-01
-5.737721e-01
-5.276789e-01
-4.802572e-01
-4.318547e-01
-3.824527e-01
-3.321381e-01
-2.811531e-01
-2.295660e-01
-1.773704e-01
-1.247776e-01
-7.197371e-02
-1.901462e-02
3.405001e-02
8.695323e-02
1.397199e-01
1.921637e-01
2.442723e-01
2.956360e-01
3.464286e-01
3.965134e-01
4.456920e-01
4.938958e-01
5.408954e-01
5.868086e-01
6.312816e-01
6.744757e-01
7.161366e-01
7.561026e-01
7.945168e-01
8.311120e-01
8.658386e-01
8.986719e-01
9.294007e-01
9.580872e-01
9.847685e-01
1.009097e+00
1.031129e+00
1.051050e+00
1.068525e+00
1.083523e+00
1.096317e+00
1.106411e+00
1.114221e+00
1.119410e+00
1.122241e+00
1.122552e+00
1.120174e+00
1.115481e+00
1.108143e+00
1.098477e+00
1.086273e+00
1.071629e+00
1.054619e+00
1.035362e+00
1.013598e+00
9.896665e-01
9.635377e-01
9.352423e-01
9.048798e-01
8.723445e-01
8.380524e-01
8.017489e-01
7.637445e-01
7.240143e-01
6.826328e-01
6.396808e-01
5.954189e-01
5.497105e-01
5.029158e-01
4.548051e-01
4.059121e-01
3.559390e-01
3.051526e-01
2.537890e-01
2.017238e-01
1.493048e-01
9.648227e-02
4.346730e-02
-9.634570e-03
-6.263091e-02
-1.155776e-01
-1.682635e-01
-2.204529e-01
-2.722759e-01
-3.233913e-01
-3.738176e-01
-4.235362e-01
-4.721560e-01
-5.198881e-01
-5.663476e-01
-6.115220e-01
-6.553928e-01
-6.977738e-01
-7.385469e-01
-7.776935e-01
-8.151702e-01
-8.507908e-01
-8.844932e-01
-9.162525e-01
-9.459384e-01
-9.734950e-01
-9.989037e-01
-1.022127e+00
-1.043060e+00
-1.061659e+00
-1.077781e+00
-1.091612e+00
-1.102885e+00
-1.111775e+00
-1.118225e+00
-1.122024e+00
-1.123495e+00
-1.122365e+00
-1.118715e+00
-1.112588e+00
-1.103934e+00
-1.092866e+00
-1.079339e+00
-1.063397e+00
-1.045071e+00
-1.024399e+00
-1.001449e+00
-9.762513e-01
-9.488809e-01
-9.194930e-01
-8.878330e-01
-8.543417e-01
-8.188391e-01
-7.816603e-01
-7.426192e-01
-7.019392e-01
-6.596204e-01
-6.159606e-01
-5.708482e-01
-5.244633e-01
-4.768988e-01
-4.282728e-01
-3.786845e-01
-3.281651e-01
-2.770373e-01
-2.252515e-01
-1.729753e-01
-1.202335e-01
-6.723092e-02
-1.422837e-02
3.898524e-02
9.195054e-02
1.448041e-01
1.973659e-01
2.494497e-01
3.009686e-01
3.518666e-01
4.018956e-01
4.511300e-01
4.992470e-01
5.463521e-01
5.921349e-01
6.366948e-01
6.796903e-01
7.214132e-01
7.613545e-01
7.996941e-01
8.360845e-01
8.707428e-01
9.034954e-01
9.340752e-01
9.626996e-01
9.891202e-01
1.013281e+00
1.035319e+00
1.054954e+00
1.072243e+00
1.087024e+00
1.099614e+00
1.109577e+00
1.117244e+00
1.122098e+00
1.124749e+00
1.124755e+00
1.122235e+00
1.117200e+00
1.109701e+00
1.099800e+00
1.087254e+00
1.072442e+00
1.055190e+00
1.035580e+00
1.013616e+00
9.894430e-01
9.631279e-01
9.345408e-01
9.038058e-01
8.711464e-01
8.365314e-01
8.000169e-01
7.617580e-01
7.217484e-01
6.802056e-01
6.370425e-01
5.925446e-01
5.466377e-01
4.996133e-01
4.514218e-01
4.022060e-01
3.519473e-01
3.010989e-01
2.495614e-01
1.973100e-01
1.447420e-01
9.185122e-02
3.863140e-02
-1.448910e-02
-6.762822e-02
-1.206804e-01
-1.734719e-01
-2.257357e-01
-2.776147e-01
-3.287052e-01
-3.792743e-01
-4.289246e-01
-4.776065e-01
-5.252703e-01
-5.716987e-01
-6.168980e-01
-6.606571e-01
-7.030008e-01
-7.437428e-01
-7.828460e-01
-8.202234e-01
-8.557323e-01
-8.894098e-01
-9.209767e-01
-9.505695e-01
-9.780826e-01
-1.003237e+00
-1.026274e+00
-1.046928e+00
-1.065439e+00
-1.081369e+00
-1.094958e+00
-1.106119e+00
-1.114854e+00
-1.120937e+00
-1.124749e+00
-1.125817e+00
-1.124488e+00
-1.120658e+00
-1.114208e+00
-1.105362e+00
-1.093971e+00
-1.080245e+00
-1.064055e+00
-1.045525e+00
-1.024542e+00
-1.001412e+00
-9.759409e-01
-9.483719e-01
-9.185743e-01
-8.868025e-01
-8.529946e-01
-8.172188e-01
-7.797359e-01
-7.404403e-01
-6.995740e-01
-6.570441e-01
-6.131485e-01
-5.677878e-01
-5.212103e-01
-4.734224e-01
-4.245977e-01
-3.747984e-01
-3.241983e-01
-2.728657e-01
-2.209495e-01
-1.684187e-01
-1.156645e-01
-6.250675e-02
-9.342801e-03
4.384598e-02
9.705339e-02
1.500559e-01
2.026364e-01
2.547574e-01
3.063445e-01
3.572426e-01
4.073337e-01
4.565371e-01
5.047037e-01
5.517157e-01
5.975420e-01
6.420087e-01
6.851036e-01
7.265906e-01
7.665380e-01
8.047473e-01
8.410942e-01
8.756905e-01
9.082320e-01
9.387932e-01
9.672375e-01
9.935774e-01
1.017577e+00
1.039323e+00
1.058772e+00
1.075931e+00
1.090631e+00
1.103015e+00
1.112631e+00
1.120106e+00
1.124805e+00
1.127164e+00
1.126909e+00
1.124221e+00
1.119025e+00
1.111173e+00
1.100998e+00
1.088309e+00
1.073156e+00
1.055681e+00
1.035803e+00
1.013623e+00
9.891760e-01
9.624885e-01
9.337400e-01
9.028374e-01
8.698986e-01
8.350850e-01
7.982415e-01
7.597901e-01
7.195136e-01
6.777783e-01
6.343917e-01
5.895835e-01
5.435337e-01
4.961927e-01
4.478026e-01
3.984503e-01
3.480985e-01
2.970514e-01
2.452221e-01
1.929770e-01
1.402165e-01
8.710222e-02
3.387619e-02
-1.948641e-02
-7.268140e-02
-1.257647e-01
-1.786120e-01
-2.309379e-01
-2.829472e-01
-3.340812e-01
-3.847558e-01
-4.343813e-01
-4.830570e-01
-5.306835e-01
-5.770933e-01
-6.222430e-01
-6.660517e-01
-7.083271e-01
-7.490319e-01
-7.879985e-01
-8.252890e-01
-8.607668e-01
-8.942085e-01
-9.257940e-01
-9.551260e-01
-9.824654e-01
-1.007595e+00
-1.030452e+00
-1.051062e+00
-1.069208e+00
-1.085044e+00
-1.098378e+00
-1.109391e+00
-1.117902e+00
-1.123874e+00
-1.127226e+00
-1.128219e+00
-1.126568e+00
-1.122477e+00
-1.115859e+00
-1.106765e+00
-1.095175e+00
-1.081058e+00
-1.064639e+00
-1.045841e+00
-1.024685e+00
-1.001319e+00
-9.755374e-01
-9.477077e-01
-9.176803e-01
-8.856479e-01
-8.515482e-01
-8.156545e-01
-7.778673e-01
-7.383482e-01
-6.972089e-01
-6.545113e-01
-6.103177e-01
-5.647956e-01
-5.179947e-01
-4.700329e-01
-4.210034e-01
-3.710427e-01
-3.202129e-01
-2.687126e-01
-2.165667e-01
-1.640112e-01
-1.109962e-01
-5.785087e-02
-4.463438e-03
4.889916e-02
1.021811e-01
1.552767e-01
2.078447e-01
2.601210e-01
3.116585e-01
3.626373e-01
4.127469e-01
4.619627e-01
5.101480e-01
5.571289e-01
6.029242e-01
6.474530e-01
6.904547e-01
7.318859e-01
7.717402e-01
8.098625e-01
8.462219e-01
8.805885e-01
9.130058e-01
9.434987e-01
9.717755e-01
9.978794e-01
1.021879e+00
1.043495e+00
1.062764e+00
1.079724e+00
1.094132e+00
1.106219e+00
1.115779e+00
1.123036e+00
1.127598e+00
1.129604e+00
1.129231e+00
1.126233e+00
1.120776e+00
1.112743e+00
1.102208e+00
1.089352e+00
1.073969e+00
1.056177e+00
1.036095e+00
1.013604e+00
9.888470e-01
9.619360e-01
9.329268e-01
9.018255e-01
8.685639e-01
8.334399e-01
7.964474e-01
7.577539e-01
7.173160e-01
6.752083e-01
6.316354e-01
5.866472e-01
5.403367e-01
4.928653e-01
4.442642e-01
3.946697e-01
3.441875e-01
2.929108e-01
2.410567e-01
1.885818e-01
1.356724e-01
8.236564e-02
2.905270e-02
-2.434095e-02
-7.771596e-02
-1.308985e-01
-1.837893e-01
-2.363636e-01
-2.882114e-01
-3.395627e-01
-3.901194e-01
-4.397759e-01
-4.885261e-01
-5.360595e-01
-5.825686e-01
-6.276748e-01
-6.714277e-01
-7.135851e-01
-7.542403e-01
-7.931697e-01
-8.303484e-01
-8.657145e-01
-8.990878e-01
-9.304871e-01
-9.597819e-01
-9.869350e-01
-1.011866e+00
-1.034524e+00
-1.054954e+00
-1.073007e+00
-1.088613e+00
-1.101867e+00
-1.112588e+00
-1.120844e+00
-1.126649e+00
-1.129852e+00
-1.130498e+00
-1.128710e+00
-1.124339e+00
-1.117480e+00
-1.108124e+00
-1.096268e+00
-1.081965e+00
-1.065309e+00
-1.046145e+00
-1.024753e+00
-1.001089e+00
-9.750904e-01
-9.469006e-01
-9.166933e-01
-8.844311e-01
-8.501328e-01
-8.139535e-01
-7.759864e-01
-7.361631e-01
-6.948002e-01
-6.518916e-01
-6.074931e-01
-5.616917e-01
-5.147107e-01
-4.665131e-01
-4.173035e-01
-3.671690e-01
-3.161095e-01
-2.644913e-01
-2.122275e-01
-1.594919e-01
-1.064086e-01
-5.301496e-02
4.221332e-04
5.390889e-02
1.072280e-01
1.603858e-01
2.132269e-01
2.653604e-01
3.170965e-01
3.679946e-01
4.181354e-01
4.674380e-01
5.156295e-01
5.625111e-01
6.083684e-01
6.527731e-01
6.957128e-01
7.371811e-01
7.768989e-01
8.150213e-01
8.511199e-01
8.855423e-01
9.178355e-01
9.481050e-01
9.763134e-01
1.002244e+00
1.026057e+00
1.047524e+00
1.066613e+00
1.083349e+00
1.097708e+00
1.109472e+00
1.118988e+00
1.125786e+00
1.130268e+00
1.132037e+00
1.131360e+00
1.128163e+00
1.122458e+00
1.114252e+00
1.103462e+00
1.090227e+00
1.074652e+00
1.056643e+00
1.036213e+00
1.013492e+00
9.885987e-01
9.613463e-01
9.320329e-01
9.006584e-01
8.672727e-01
8.318942e-01
7.946409e-01
7.557115e-01
7.150316e-01
6.726010e-01
6.288233e-01
5.836923e-01
5.371459e-01
4.894448e-01
4.407009e-01
3.909078e-01
3.402145e-01
2.887515e-01
2.367236e-01
1.840625e-01
1.309544e-01
7.765389e-02
2.426024e-02
-2.935067e-02
-8.278156e-02
-1.360076e-01
-1.890288e-01
-2.416526e-01
-2.935254e-01
-3.449884e-01
-3.955698e-01
-4.451705e-01
-4.940324e-01
-5.415907e-01
-5.879881e-01
-6.331005e-01
-6.767416e-01
-7.189115e-01
-7.595045e-01
-7.982849e-01
-8.354513e-01
-8.706497e-01
-9.039300e-01
-9.351927e-01
-9.643198e-01
-9.914357e-01
-1.016224e+00
-1.038696e+00
-1.058927e+00
-1.076843e+00
-1.092208e+00
-1.105337e+00
-1.115835e+00
-1.123812e+00
-1.129399e+00
-1.132360e+00
-1.132745e+00
-1.130771e+00
-1.126133e+00
-1.119063e+00
-1.109434e+00
-1.097354e+00
-1.082815e+00
-1.065830e+00
-1.046493e+00
-1.024853e+00
-1.000797e+00
-9.746745e-01
-9.462054e-01
-9.157311e-01
-8.832144e-01
-8.486616e-01
-8.122091e-01
-7.739874e-01
-7.340958e-01
-6.924288e-01
-6.492098e-01
-6.046437e-01
-5.586188e-01
-5.114020e-01
-4.630118e-01
-4.136098e-01
-3.633077e-01
-3.120868e-01
-2.602575e-01
-2.078758e-01
-1.549291e-01
-1.016534e-01
-4.814802e-02
5.332536e-03
5.895587e-02
1.123805e-01
1.656314e-01
2.184415e-01
2.706929e-01
3.224539e-01
3.735072e-01
4.235920e-01
4.727954e-01
5.210551e-01
5.680671e-01
6.137258e-01
6.581988e-01
7.010950e-01
7.424330e-01
7.821197e-01
8.201241e-01
8.562537e-01
8.904527e-01
9.226714e-01
9.527919e-01
9.808513e-01
1.006695e+00
1.030266e+00
1.051602e+00
1.070493e+00
1.086999e+00
1.101234e+00
1.112873e+00
1.121918e+00
1.128747e+00
1.132869e+00
1.134464e+00
1.133533e+00
1.130057e+00
1.124103e+00
1.115667e+00
1.104710e+00
1.091264e+00
1.075353e+00
1.057102e+00
1.036474e+00
1.013430e+00
9.882759e-01
9.608186e-01
9.312010e-01
8.995286e-01
8.659131e-01
8.302988e-01
7.928406e-01
7.535388e-01
7.126850e-01
6.701861e-01
6.261539e-01
5.805946e-01
5.340047e-01
4.860119e-01
4.370569e-01
3.870651e-01
3.362105e-01
2.845861e-01
2.323843e-01
1.796798e-01
1.263916e-01
7.296076e-02
1.938088e-02
-3.431695e-02
-8.789062e-02
-1.411973e-01
-1.943365e-01
-2.468362e-01
-2.990255e-01
-3.503271e-01
-4.009645e-01
-4.507203e-01
-4.993712e-01
-5.470350e-01
-5.933517e-01
-6.384392e-01
-6.821486e-01
-7.242005e-01
-7.646819e-01
-8.034561e-01
-8.404734e-01
-8.756284e-01
-9.087659e-01
-9.399789e-01
-9.689757e-01
-9.958681e-01
-1.020501e+00
-1.042843e+00
-1.062969e+00
-1.080543e+00
-1.095858e+00
-1.108689e+00
-1.118963e+00
-1.126742e+00
-1.132074e+00
-1.134862e+00
-1.135141e+00
-1.132794e+00
-1.127959e+00
-1.120652e+00
-1.110825e+00
-1.098446e+00
-1.083585e+00
-1.066371e+00
-1.046766e+00
-1.024772e+00
-1.000661e+00
-9.742213e-01
-9.455473e-01
-9.147440e-01
-8.820287e-01
-8.471965e-01
-8.105206e-01
-7.720258e-01
-7.318300e-01
-6.899767e-01
-6.465405e-01
-6.017198e-01
-5.554404e-01
-5.080621e-01
-4.595292e-01
-4.098789e-01
-3.593285e-01
-3.079772e-01
-2.560672e-01
-2.034434e-01
-1.503415e-01
-9.698510e-02
-4.341143e-02
1.034847e-02
