2.936930e-02
8.713326e-02
1.446613e-01
2.020218e-01
2.587614e-01
3.150169e-01
3.704964e-01
4.251068e-01
4.788046e-01
5.315092e-01
5.829535e-01
6.330943e-01
6.819189e-01
7.291172e-01
7.746765e-01
8.185970e-01
8.606799e-01
9.007640e-01
9.388180e-01
9.747863e-01
1.008644e+00
1.040242e+00
1.069493e+00
1.096348e+00
1.120708e+00
1.142603e+00
1.161940e+00
1.178732e+00
1.192855e+00
1.204216e+00
1.213031e+00
1.219059e+00
1.222374e+00
1.222957e+00
1.220828e+00
1.215955e+00
1.208412e+00
1.198051e+00
1.185102e+00
1.169526e+00
1.151300e+00
1.130473e+00
1.107200e+00
1.081387e+00
1.053247e+00
1.022692e+00
9.898837e-01
9.547970e-01
9.176058e-01
8.783350e-01
8.371584e-01
7.941195e-01
7.492119e-01
7.028704e-01
6.546293e-01
6.051838e-01
5.542547e-01
5.020592e-01
4.489883e-01
3.946387e-01
3.395130e-01
2.836921e-01
2.271697e-01
1.700700e-01
1.126599e-01
5.500768e-02
-2.656956e-03
-6.057611e-02
-1.180235e-01
-1.754770e-01
-2.323347e-01
-2.887639e-01
-3.445104e-01
-3.994001e-01
-4.535263e-01
-5.066716e-01
-5.586126e-01
-6.092562e-01
-6.586147e-01
-7.065144e-01
-7.527939e-01
-7.973227e-01
-8.402127e-01
-8.811658e-01
-9.201262e-01
-9.570194e-01
-9.917833e-01
-1.024381e+00
-1.054650e+00
-1.082523e+00
-1.108038e+00
-1.131031e+00
-1.151530e+00
-1.169414e+00
-1.184735e+00
-1.197269e+00
-1.207313e+00
-1.214601e+00
-1.219102e+00
-1.220940e+00
-1.220033e+00
-1.216358e+00
-1.210032e+00
-1.201106e+00
-1.189329e+00
-1.174971e+00
-1.157837e+00
-1.138282e+00
-1.116102e+00
-1.091469e+00
-1.064365e+00
-1.034946e+00
-1.003206e+00
-9.690875e-01
-9.330447e-01
-8.947175e-01
-8.544348e-01
-8.123208e-01
-7.682762e-01
-7.226300e-01
-6.753262e-01
-6.264705e-01
-5.762677e-01
-5.247985e-01
-4.720505e-01
-4.184271e-01
-3.637174e-01
-3.082193e-01
-2.521253e-01
-1.953794e-01
-1.382548e-01
-8.077643e-02
-2.318629e-02
3.457147e-02
9.215540e-02
1.495531e-01
2.065907e-01
2.631938e-01
3.191141e-01
3.744197e-01
4.289184e-01
4.823865e-01
5.347807e-01
5.859581e-01
6.358071e-01
6.843959e-01
7.311968e-01
7.765513e-01
8.200993e-01
8.618594e-01
9.016827e-01
9.394823e-01
9.751525e-01
1.008706e+00
1.039919e+00
1.068891e+00
1.095423e+00
1.119503e+00
1.141194e+00
1.160171e+00
1.176659e+00
1.190521e+00
1.201646e+00
1.210101e+00
1.215899e+00
1.219015e+00
1.219245e+00
1.216985e+00
1.211808e+00
1.204042e+00
1.193501e+00
1.180303e+00
1.164548e+00
1.146148e+00
1.125153e+00
1.101600e+00
1.075782e+00
1.047362e+00
1.016714e+00
9.837256e-01
9.486326e-01
9.113918e-01
8.720155e-01
8.308575e-01
7.877688e-01
7.428551e-01
6.963211e-01
6.482662e-01
5.987959e-01
5.478544e-01
4.958203e-01
4.426812e-01
3.885053e-01
3.334604e-01
2.776705e-01
2.211854e-01
1.644147e-01
1.070170e-01
4.951995e-02
-8.020531e-03
-6.552376e-02
-1.230891e-01
-1.801267e-01
-2.368105e-01
-2.929542e-01
-3.485517e-01
-4.033234e-01
-4.570026e-01
-5.098935e-01
-5.616048e-01
-6.120993e-01
-6.611537e-01
-7.086934e-01
-7.546686e-01
-7.990112e-01
-8.414542e-01
-8.821404e-01
-9.208091e-01
-9.573733e-01
-9.918578e-01
-1.024114e+00
-1.054160e+00
-1.081710e+00
-1.106895e+00
-1.129610e+00
-1.149767e+00
-1.167397e+00
-1.182370e+00
-1.194699e+00
-1.204470e+00
-1.211435e+00
-1.215713e+00
-1.217283e+00
-1.216104e+00
-1.212211e+00
-1.205619e+00
-1.196431e+00
-1.184413e+00
-1.169886e+00
-1.152641e+00
-1.132807e+00
-1.110558e+00
-1.085845e+00
-1.058567e+00
-1.029037e+00
-9.970476e-01
-9.630100e-01
-9.267438e-01
-8.883855e-01
-8.479973e-01
-8.058399e-01
-7.618325e-01
-7.160869e-01
-6.688390e-01
-6.200516e-01
-5.699357e-01
-5.183734e-01
-4.658612e-01
-4.121510e-01
-3.575592e-01
-3.022163e-01
-2.462092e-01
-1.895378e-01
-1.326057e-01
-7.520179e-02
-1.784754e-02
3.973018e-02
9.712788e-02
1.542338e-01
2.111908e-01
2.675145e-01
3.232547e-01
3.783058e-01
4.325189e-01
4.857449e-01
5.378163e-01
5.887641e-01
6.384082e-01
6.865748e-01
7.332330e-01
7.781467e-01
8.214588e-01
8.629520e-01
9.024339e-01
9.399168e-01
9.752456e-01
1.008458e+00
1.039453e+00
1.068109e+00
1.094349e+00
1.118113e+00
1.139424e+00
1.158129e+00
1.174337e+00
1.187939e+00
1.198734e+00
1.206972e+00
1.212478e+00
1.215247e+00
1.215359e+00
1.212733e+00
1.207431e+00
1.199311e+00
1.188727e+00
1.175268e+00
1.159321e+00
1.140697e+00
1.119516e+00
1.095970e+00
1.069866e+00
1.041415e+00
1.010581e+00
9.776295e-01
9.423441e-01
9.049170e-01
8.656772e-01
8.243951e-01
7.811637e-01
7.363679e-01
6.898526e-01
6.417108e-01
5.922653e-01
5.415348e-01
4.894510e-01
4.362498e-01
3.821795e-01
3.273395e-01
2.716924e-01
2.153997e-01
1.586041e-01
1.014858e-01
4.417500e-02
-1.329099e-02
-7.063902e-02
-1.278629e-01
-1.848261e-01
-2.411560e-01
-2.971942e-01
-3.524378e-01
-4.070047e-01
-4.605784e-01
-5.130905e-01
-5.644852e-01
-6.146011e-01
-6.634382e-01
-7.106799e-01
-7.563820e-01
-8.004204e-01
-8.425592e-01
-8.828605e-01
-9.213243e-01
-9.575533e-01
-9.917213e-01
-1.023648e+00
-1.053346e+00
-1.080636e+00
-1.105474e+00
-1.127872e+00
-1.147718e+00
-1.165075e+00
-1.179788e+00
-1.191881e+00
-1.201255e+00
-1.207953e+00
-1.212019e+00
-1.213335e+00
-1.211938e+00
-1.207897e+00
-1.201031e+00
-1.191595e+00
-1.179403e+00
-1.164541e+00
-1.147246e+00
-1.127195e+00
-1.104797e+00
-1.079736e+00
-1.052539e+00
-1.022785e+00
-9.907280e-01
-9.566035e-01
-9.202566e-01
-8.818611e-01
-8.414605e-01
-7.992844e-01
-7.552460e-01
-7.095625e-01
-6.622835e-01
-6.134464e-01
-5.633492e-01
-5.120103e-01
-4.593865e-01
-4.058687e-01
-3.513204e-01
-2.961202e-01
-2.402248e-01
-1.837086e-01
-1.268821e-01
-6.974510e-02
-1.245914e-02
4.482061e-02
1.020072e-01
1.590697e-01
2.156542e-01
2.717917e-01
3.272277e-01
3.820616e-01
4.359084e-01
4.888861e-01
5.407899e-01
5.913900e-01
6.406927e-01
6.886482e-01
7.349774e-01
7.796676e-01
8.225514e-01
8.637590e-01
9.028933e-01
9.401279e-01
9.751587e-01
1.008054e+00
1.038739e+00
1.067029e+00
1.092928e+00
1.116468e+00
1.137419e+00
1.155925e+00
1.171773e+00
1.185046e+00
1.195661e+00
1.203551e+00
1.208884e+00
1.211237e+00
1.211218e+00
1.208307e+00
1.202713e+00
1.194575e+00
1.183575e+00
1.170004e+00
1.153758e+00
1.135004e+00
1.113718e+00
1.089923e+00
1.063738e+00
1.035139e+00
1.004218e+00
9.710802e-01
9.357886e-01
8.983491e-01
8.589666e-01
8.176534e-01
7.744716e-01
7.296200e-01
6.831481e-01
6.350559e-01
5.856850e-01
5.350042e-01
4.829887e-01
4.300544e-01
3.759779e-01
3.211813e-01
2.656832e-01
2.094091e-01
1.529115e-01
9.592977e-02
3.873072e-02
-1.841866e-02
-7.564875e-02
-1.326181e-01
-1.893019e-01
-2.455325e-01
-3.013224e-01
-3.561687e-01
-4.104438e-01
-4.638809e-01
-5.161137e-01
-5.672912e-01
-6.170408e-01
-6.655364e-01
-7.125050e-01
-7.578533e-01
-8.016061e-01
-8.435028e-01
-8.835062e-01
-9.215913e-01
-9.575098e-01
-9.913364e-01
-1.022916e+00
-1.052266e+00
-1.079283e+00
-1.103872e+00
-1.125935e+00
-1.145489e+00
-1.162518e+00
-1.176895e+00
-1.188764e+00
-1.197846e+00
-1.204358e+00
-1.208077e+00
-1.209170e+00
-1.207469e+00
-1.203154e+00
-1.196170e+00
-1.186486e+00
-1.174108e+00
-1.159122e+00
-1.141504e+00
-1.121397e+00
-1.098757e+00
-1.073708e+00
-1.046158e+00
-1.016410e+00
-9.843091e-01
-9.500170e-01
-9.136390e-01
-8.752001e-01
-8.347684e-01
-7.925365e-01
-7.485229e-01
-7.028580e-01
-6.555294e-01
-6.067606e-01
-5.567937e-01
-5.053121e-01
-4.529738e-01
-3.995242e-01
-3.450691e-01
-2.900428e-01
-2.342218e-01
-1.779167e-01
-1.211771e-01
-6.430703e-02
-7.188680e-03
4.992967e-02
1.069176e-01
1.637566e-01
2.200307e-01
2.759261e-01
3.311325e-01
3.857118e-01
4.394096e-01
4.920025e-01
5.435400e-01
5.939042e-01
6.429027e-01
6.905354e-01
7.365169e-01
7.808657e-01
8.234888e-01
8.643984e-01
9.032843e-01
9.401589e-01
9.749104e-01
1.007464e+00
1.037759e+00
1.065756e+00
1.091357e+00
1.114550e+00
1.135247e+00
1.153398e+00
1.168961e+00
1.181961e+00
1.192334e+00
1.199926e+00
1.204849e+00
1.207220e+00
1.206736e+00
1.203657e+00
1.197896e+00
1.189404e+00
1.178286e+00
1.164517e+00
1.148097e+00
1.129169e+00
1.107733e+00
1.083790e+00
1.057506e+00
1.028770e+00
9.977677e-01
9.644440e-01
9.292021e-01
8.916695e-01
8.522931e-01
8.108186e-01
7.677734e-01
7.228410e-01
6.763878e-01
6.284446e-01
5.789495e-01
5.283307e-01
4.764208e-01
4.235362e-01
3.696149e-01
3.149300e-01
2.595623e-01
2.035489e-01
1.471196e-01
9.036754e-02
3.337335e-02
-2.360221e-02
-8.057157e-02
-1.373609e-01
-1.937964e-01
-2.498159e-01
-3.052271e-01
-3.599493e-01
-4.139451e-01
-4.669476e-01
-5.189817e-01
-5.697867e-01
-6.193067e-01
-6.675664e-01
-7.141687e-01
-7.592562e-01
-8.025994e-01
-8.442105e-01
-8.839097e-01
-9.215975e-01
-9.572367e-01
-9.907466e-01
-1.022059e+00
-1.051037e+00
-1.077706e+00
-1.101954e+00
-1.123812e+00
-1.143099e+00
-1.159736e+00
-1.173903e+00
-1.185375e+00
-1.194264e+00
-1.200454e+00
-1.203868e+00
-1.204781e+00
-1.202838e+00
-1.198250e+00
-1.191049e+00
-1.180998e+00
-1.168626e+00
-1.153361e+00
-1.135669e+00
-1.115450e+00
-1.092592e+00
-1.067370e+00
-1.039857e+00
-1.009904e+00
-9.777164e-01
-9.432939e-01
-9.068973e-01
-8.683652e-01
-8.279336e-01
-7.857761e-01
-7.416260e-01
-6.960418e-01
-6.488187e-01
-6.000934e-01
-5.500954e-01
-4.987814e-01
-4.464307e-01
-3.931364e-01
-3.388302e-01
-2.838349e-01
-2.282064e-01
-1.720938e-01
-1.155279e-01
-5.886896e-02
-1.943054e-03
5.488973e-02
1.117287e-01
1.682449e-01
2.243700e-01
2.799550e-01
3.349254e-01
3.892130e-01
4.426005e-01
4.949077e-01
5.461721e-01
5.962507e-01
6.449885e-01
6.921991e-01
7.379571e-01
7.820266e-01
8.243765e-01
8.648019e-01
9.033526e-01
9.399479e-01
9.742338e-01
1.006558e+00
1.036542e+00
1.064272e+00
1.089569e+00
1.112414e+00
1.132832e+00
1.150611e+00
1.165932e+00
1.178658e+00
1.188677e+00
1.196034e+00
1.200596e+00
1.202769e+00
1.202148e+00
1.198740e+00
1.192737e+00
1.184139e+00
1.172711e+00
1.158743e+00
1.142292e+00
1.123172e+00
1.101538e+00
1.077408e+00
1.051019e+00
1.022165e+00
9.911067e-01
9.577209e-01
9.223238e-01
8.847726e-01
8.453900e-01
8.040148e-01
7.607585e-01
7.160248e-01
6.694784e-01
6.215849e-01
5.722450e-01
5.216759e-01
4.699025e-01
4.170676e-01
3.632084e-01
3.087594e-01
2.534475e-01
1.977073e-01
1.413650e-01
8.476807e-02
2.797874e-02
-2.881059e-02
-8.541989e-02
-1.420416e-01
-1.982412e-01
-2.539504e-01
-3.091629e-01
-3.635250e-01
-4.172849e-01
-4.700826e-01
-5.217691e-01
-5.722760e-01
-6.214484e-01
-6.693481e-01
-7.156027e-01
-7.603612e-01
-8.034436e-01
-8.446637e-01
-8.840773e-01
-9.214857e-01
-9.567835e-01
-9.899520e-01
-1.020873e+00
-1.049585e+00
-1.075993e+00
-1.099862e+00
-1.121310e+00
-1.140331e+00
-1.156800e+00
-1.170451e+00
-1.181880e+00
-1.190347e+00
-1.196325e+00
-1.199491e+00
-1.200063e+00
-1.197952e+00
-1.193191e+00
-1.185679e+00
-1.175598e+00
-1.162741e+00
-1.147519e+00
-1.129492e+00
-1.109130e+00
-1.086205e+00
-1.060852e+00
-1.033183e+00
-1.003144e+00
-9.708939e-01
-9.365894e-01
-9.000066e-01
-8.613814e-01
-8.209622e-01
-7.787426e-01
-7.347290e-01
-6.890828e-01
-6.419653e-01
-5.932896e-01
-5.432234e-01
-4.922259e-01
-4.398566e-01
-3.866864e-01
-3.324609e-01
-2.776519e-01
-2.222531e-01
-1.662832e-01
-1.100092e-01
-5.336881e-02
3.290156e-03
5.994912e-02
1.164094e-01
1.728139e-01
2.286348e-01
2.839653e-01
3.386874e-01
3.926273e-01
4.456733e-01
4.977199e-01
5.487421e-01
5.984359e-01
6.468819e-01
6.937821e-01
7.391987e-01
7.829950e-01
8.249786e-01
8.650751e-01
9.032906e-01
9.395816e-01
9.736192e-01
1.005472e+00
1.035176e+00
1.062497e+00
1.087527e+00
1.110055e+00
1.130200e+00
1.147675e+00
1.162629e+00
1.175020e+00
1.184822e+00
1.191906e+00
1.196350e+00
1.198144e+00
1.197232e+00
1.193644e+00
1.187399e+00
1.178497e+00
1.166987e+00
1.152784e+00
1.136109e+00
1.116846e+00
1.095113e+00
1.070952e+00
1.044389e+00
1.015510e+00
9.842408e-01
9.508116e-01
9.153089e-01
8.778881e-01
8.383814e-01
7.968819e-01
7.539237e-01
7.089293e-01
6.626126e-01
6.146818e-01
5.654102e-01
5.149777e-01
4.632043e-01
4.105742e-01
3.569757e-01
3.025205e-01
2.473080e-01
1.917664e-01
1.356227e-01
7.927413e-02
2.277657e-02
-3.384515e-02
-9.032409e-02
-1.465795e-01
-2.025494e-01
-2.579979e-01
-3.129311e-01
-3.671566e-01
-4.204385e-01
-4.729444e-01
-5.242584e-01
-5.745605e-01
-6.234597e-01
-6.708938e-01
-7.170057e-01
-7.614724e-01
-8.041451e-01
-8.450362e-01
-8.840959e-01
-9.212002e-01
-9.560945e-01
-9.889960e-01
-1.019625e+00
-1.048020e+00
-1.074006e+00
-1.097577e+00
-1.118827e+00
-1.137413e+00
-1.153516e+00
-1.167056e+00
-1.177969e+00
-1.186349e+00
-1.191887e+00
-1.194923e+00
-1.195239e+00
-1.192812e+00
-1.187864e+00
-1.180104e+00
-1.169812e+00
-1.156931e+00
-1.141343e+00
-1.123265e+00
-1.102724e+00
-1.079612e+00
-1.054197e+00
-1.026361e+00
-9.963088e-01
-9.640405e-01
-9.294504e-01
-8.929917e-01
-8.543541e-01
-8.139535e-01
-7.716843e-01
-7.277266e-01
-6.820865e-01
-6.349628e-01
-5.863554e-01
-5.365189e-01
-4.854656e-01
-4.332639e-01
-3.801930e-01
-3.262345e-01
-2.714937e-01
-2.162812e-01
-1.605472e-01
-1.043290e-01
-4.799282e-02
8.467495e-03
6.479745e-02
1.211957e-01
1.772339e-01
2.327940e-01
2.878638e-01
3.421886e-01
3.959051e-01
4.487028e-01
5.004699e-01
5.511011e-01
6.004721e-01
6.486139e-01
6.951851e-01
7.402044e-01
7.837089e-01
8.253573e-01
8.651620e-01
9.030609e-01
9.388491e-01
9.727066e-01
1.004242e+00
1.033587e+00
1.060628e+00
1.085273e+00
1.107541e+00
1.127288e+00
1.144478e+00
1.159234e+00
1.171302e+00
1.180750e+00
1.187523e+00
1.191825e+00
1.193265e+00
1.192117e+00
1.188373e+00
1.181942e+00
1.172736e+00
1.161090e+00
1.146650e+00
1.129889e+00
1.110397e+00
1.088576e+00
1.064179e+00
1.037591e+00
1.008532e+00
9.772694e-01
9.437967e-01
9.082817e-01
8.707615e-01
8.312361e-01
7.898609e-01
7.466791e-01
7.019206e-01
6.555667e-01
6.077477e-01
5.584760e-01
5.081118e-01
4.564750e-01
4.040125e-01
3.505195e-01
2.962506e-01
2.413050e-01
1.858628e-01
1.299612e-01
7.380502e-02
1.749990e-02
-3.886109e-02
-9.509792e-02
-1.511485e-01
-2.067708e-01
-2.620516e-01
-3.165875e-01
-3.705026e-01
-4.236169e-01
-4.757441e-01
-5.268719e-01
-5.766960e-01
-6.252413e-01
-6.724768e-01
-7.181355e-01
-7.622608e-01
-8.046169e-01
-8.452038e-01
-8.838538e-01
-9.206104e-01
-9.552688e-01
-9.877669e-01
-1.018074e+00
-1.046040e+00
-1.071827e+00
-1.095094e+00
-1.115940e+00
-1.134371e+00
-1.150133e+00
-1.163269e+00
-1.174033e+00
-1.181911e+00
-1.187417e+00
-1.190049e+00
-1.190142e+00
-1.187616e+00
-1.182234e+00
-1.174412e+00
-1.163852e+00
-1.150766e+00
-1.135135e+00
-1.116809e+00
-1.096137e+00
-1.072957e+00
-1.047399e+00
-1.019458e+00
-9.892505e-01
-9.568704e-01
-9.223548e-01
-8.858031e-01
-8.472586e-01
-8.067648e-01
-7.644894e-01
-7.205938e-01
-6.750034e-01
-6.278362e-01
-5.794337e-01
-5.296903e-01
-4.786432e-01
-4.266960e-01
-3.736003e-01
-3.198466e-01
-2.654100e-01
-2.102720e-01
-1.547242e-01
-9.878538e-02
-4.264166e-02
1.357655e-02
6.973889e-02
1.257336e-01
1.815235e-01
2.368353e-01
2.916195e-01
3.457023e-01
3.991021e-01
4.515584e-01
5.030586e-01
5.534104e-01
6.024586e-01
6.502093e-01
6.965074e-01
7.412411e-01
7.841745e-01
8.256056e-01
8.650875e-01
9.026325e-01
9.381910e-01
9.715582e-01
1.002790e+00
1.031787e+00
1.058511e+00
1.082778e+00
1.104772e+00
1.124265e+00
1.141150e+00
1.155465e+00
1.167366e+00
1.176467e+00
1.183159e+00
1.187026e+00
1.188293e+00
1.186859e+00
1.182886e+00
1.176094e+00
1.166807e+00
1.154938e+00
1.140511e+00
1.123327e+00
1.103841e+00
1.081785e+00
1.057388e+00
1.030545e+00
1.001511e+00
9.701925e-01
9.366453e-01
9.011426e-01
8.635480e-01
8.239792e-01
7.826722e-01
7.395091e-01
6.948126e-01
6.484587e-01
6.007018e-01
5.516226e-01
5.012770e-01
4.498574e-01
3.973267e-01
3.441131e-01
2.899807e-01
2.352648e-01
1.799715e-01
1.242561e-01
6.836075e-02
1.226669e-02
-4.383357e-02
-9.979725e-02
-1.555747e-01
-2.109176e-01
-2.658943e-01
-3.202315e-01
-3.738734e-01
-4.265594e-01
-4.783204e-01
-5.291067e-01
-5.786825e-01
-6.269361e-01
-6.738425e-01
-7.191536e-01
-7.629499e-01
-8.049832e-01
-8.452038e-01
-8.835496e-01
-9.199089e-01
-9.541328e-01
-9.863887e-01
-1.016373e+00
-1.044103e+00
-1.069506e+00
-1.092400e+00
-1.112917e+00
-1.130938e+00
-1.146489e+00
-1.159420e+00
-1.169775e+00
-1.177553e+00
-1.182581e+00
-1.185064e+00
-1.184884e+00
-1.182072e+00
-1.176696e+00
-1.168403e+00
-1.157874e+00
-1.144465e+00
-1.128623e+00
-1.110310e+00
-1.089364e+00
-1.066079e+00
-1.040434e+00
-1.012462e+00
-9.821674e-01
-9.497811e-01
-9.152096e-01
-8.785896e-01
-8.399706e-01
-7.994644e-01
-7.572945e-01
-7.132872e-01
-6.678396e-01
-6.207965e-01
-5.723692e-01
-5.227064e-01
-4.718953e-01
-4.200474e-01
-3.672062e-01
-3.135084e-01
-2.591587e-01
-2.043683e-01
-1.488516e-01
-9.323557e-02
-3.729050e-02
1.866698e-02
7.453134e-02
1.303895e-01
1.858503e-01
2.408642e-01
2.953194e-01
3.491352e-01
4.022433e-01
4.544016e-01
5.054673e-01
5.555025e-01
6.042278e-01
6.516371e-01
6.976620e-01
7.420046e-01
7.847146e-01
8.256863e-01
8.648330e-01
9.019310e-01
9.371605e-01
9.702359e-01
1.001114e+00
1.029881e+00
1.056221e+00
1.080183e+00
1.101799e+00
1.120913e+00
1.137512e+00
1.151604e+00
1.163188e+00
1.172009e+00
1.178410e+00
1.182054e+00
1.183022e+00
1.181514e+00
1.177156e+00
1.170246e+00
1.160835e+00
1.148593e+00
1.134005e+00
1.116803e+00
1.097068e+00
1.074888e+00
1.050373e+00
1.023555e+00
9.943037e-01
9.629107e-01
9.294194e-01
8.938608e-01
8.562165e-01
8.166601e-01
7.753221e-01
7.322149e-01
6.875370e-01
6.414066e-01
5.937490e-01
5.445767e-01
4.944297e-01
4.430660e-01
3.908395e-01
3.376010e-01
2.837915e-01
2.291066e-01
1.741486e-01
1.186381e-01
6.291026e-02
7.027276e-03
-4.879984e-02
-1.044469e-01
-1.600381e-01
-2.150955e-01
-2.697431e-01
-3.238010e-01
-3.770332e-01
-4.294460e-01
-4.810146e-01
-5.313664e-01
-5.805883e-01
-6.285874e-01
-6.750593e-01
-7.200972e-01
-7.633782e-01
-8.051011e-01
-8.449927e-01
-8.829723e-01
-9.190709e-01
-9.530774e-01
-9.849423e-01
-1.014597e+00
-1.041800e+00
-1.066886e+00
-1.089470e+00
-1.109745e+00
-1.127418e+00
-1.142659e+00
-1.155379e+00
-1.165392e+00
-1.172878e+00
-1.177733e+00
-1.179850e+00
-1.179490e+00
-1.176460e+00
-1.170693e+00
-1.162449e+00
-1.151480e+00
-1.137978e+00
-1.122030e+00
-1.103481e+00
-1.082579e+00
-1.059107e+00
-1.033332e+00
-1.005211e+00
-9.749104e-01
-9.424931e-01
-9.078223e-01
-8.711215e-01
-8.325770e-01
-7.921019e-01
-7.499445e-01
-7.060488e-01
-6.606198e-01
-6.137010e-01
-5.655095e-01
-5.158157e-01
-4.651411e-01
-4.134422e-01
-3.606197e-01
-3.072012e-01
-2.530626e-01
-1.983716e-01
-1.432087e-01
-8.774163e-02
-3.200142e-02
2.365808e-02
7.937346e-02
1.348778e-01
1.900096e-01
2.447628e-01
2.989883e-01
3.525061e-01
4.052727e-01
4.570647e-01
5.078573e-01
5.574890e-01
6.059660e-01
6.530152e-01
6.986429e-01
7.426068e-01
7.849939e-01
8.256615e-01
8.644233e-01
9.012668e-01
9.360866e-01
9.688267e-01
9.993196e-01
1.027721e+00
1.053762e+00
1.077414e+00
1.098744e+00
1.117505e+00
1.133844e+00
1.147613e+00
1.158812e+00
1.167447e+00
1.173481e+00
1.176963e+00
1.177659e+00
1.175753e+00
1.171283e+00
1.164299e+00
1.154441e+00
1.142193e+00
1.127375e+00
1.110018e+00
1.090271e+00
1.067935e+00
1.043315e+00
1.016323e+00
9.871150e-01
9.556599e-01
9.221624e-01
8.864363e-01
8.487981e-01
8.093287e-01
7.680217e-01
7.250138e-01
6.802739e-01
6.342055e-01
5.864920e-01
5.376922e-01
4.875328e-01
4.363429e-01
3.842343e-01
3.312504e-01
2.774470e-01
2.231533e-01
1.683442e-01
1.129330e-01
5.754048e-02
1.924431e-03
-5.364196e-02
-1.091525e-01
-1.643464e-01
-2.191306e-01
-2.734864e-01
-3.272215e-01
-3.801930e-01
-4.322830e-01
-4.833549e-01
-5.334895e-01
-5.824010e-01
-6.299779e-01
-6.761394e-01
-7.207862e-01
-7.638376e-01
-8.052067e-01
-8.447072e-01
-8.824198e-01
-9.180652e-01
-9.517303e-01
-9.831482e-01
-1.012518e+00
-1.039441e+00
-1.064161e+00
-1.086521e+00
-1.106411e+00
-1.123843e+00
-1.138698e+00
-1.151045e+00
-1.160841e+00
-1.168036e+00
-1.172618e+00
-1.174548e+00
-1.173779e+00
-1.170700e+00
-1.164678e+00
-1.156235e+00
-1.145117e+00
-1.131503e+00
-1.115332e+00
-1.096640e+00
-1.075465e+00
-1.052006e+00
-1.026100e+00
-9.979477e-01
-9.675790e-01
-9.349319e-01
-9.003667e-01
-8.637528e-01
-8.251152e-01
-7.847580e-01
-7.425509e-01
-6.987049e-01
-6.533442e-01
-6.065123e-01
-5.583208e-01
-5.089685e-01
-4.583249e-01
-4.066757e-01
-3.541884e-01
-3.008196e-01
-2.469728e-01
-1.923624e-01
-1.374354e-01
-8.226631e-02
-2.680546e-02
2.861194e-02
8.401692e-02
1.392667e-01
1.942123e-01
2.485868e-01
3.024088e-01
3.557093e-01
4.081407e-01
4.596037e-01
5.100673e-01
5.593762e-01
6.074931e-01
6.542071e-01
6.994561e-01
7.432338e-01
7.851864e-01
8.254318e-01
8.639142e-01
9.003418e-01
9.348761e-01
9.671382e-01
9.974263e-01
1.025455e+00
1.051093e+00
1.074360e+00
1.095467e+00
1.113985e+00
1.129988e+00
1.143379e+00
1.154441e+00
1.162660e+00
1.168477e+00
1.171600e+00
1.172183e+00
1.170017e+00
1.165429e+00
1.158036e+00
1.148146e+00
1.135675e+00
1.120739e+00
1.103251e+00
1.083194e+00
1.060821e+00
1.036070e+00
1.009041e+00
9.797277e-01
9.482043e-01
9.145578e-01
8.789558e-01
8.412866e-01
8.017489e-01
7.605537e-01
7.174961e-01
6.729796e-01
6.269423e-01
5.793778e-01
5.306897e-01
4.807166e-01
4.296012e-01
3.776602e-01
3.248191e-01
2.712144e-01
2.171441e-01
1.624778e-01
1.073522e-01
5.220794e-02
-3.153583e-03
-5.847166e-02
-1.136407e-01
-1.685677e-01
-2.231346e-01
-2.771056e-01
-3.305241e-01
-3.831542e-01
-4.349896e-01
-4.857760e-01
-5.356001e-01
-5.840958e-01
-6.312692e-01
-6.771575e-01
-7.214629e-01
-7.641045e-01
-8.050204e-01
-8.442788e-01
-8.815755e-01
-9.169416e-01
-9.502467e-01
-9.813479e-01
-1.010301e+00
-1.036952e+00
-1.061324e+00
-1.083374e+00
-1.102879e+00
-1.120000e+00
-1.134620e+00
-1.146712e+00
-1.156142e+00
-1.163213e+00
-1.167465e+00
-1.169166e+00
-1.168210e+00
-1.164709e+00
-1.158588e+00
-1.149885e+00
-1.138617e+00
-1.124842e+00
-1.108503e+00
-1.089600e+00
-1.068369e+00
-1.044761e+00
-1.018787e+00
-9.905480e-01
-9.601295e-01
-9.274825e-01
-8.929173e-01
-8.560985e-01
-8.176658e-01
-7.771783e-01
-7.351015e-01
-6.913673e-01
-6.459942e-01
-5.993484e-01
-5.512687e-01
-5.019226e-01
-4.515397e-01
-4.000085e-01
-3.476888e-01
-2.945248e-01
-2.408084e-01
-1.864898e-01
-1.318173e-01
-7.678479e-02
-2.160329e-02
3.363408e-02
8.872247e-02
1.436991e-01
1.983157e-01
2.523736e-01
3.059038e-01
3.588815e-01
4.109715e-01
4.620993e-01
5.122152e-01
5.612137e-01
6.089147e-01
6.552625e-01
7.001514e-01
7.435318e-01
7.851429e-01
8.250593e-01
8.631817e-01
8.993051e-01
9.333862e-01
9.654497e-01
9.953218e-01
1.023009e+00
1.048393e+00
1.071424e+00
1.092065e+00
1.110217e+00
1.125966e+00
1.139102e+00
1.149754e+00
1.157880e+00
1.163356e+00
1.166236e+00
1.166484e+00
1.164250e+00
1.159240e+00
1.151666e+00
1.141672e+00
1.128964e+00
1.113867e+00
1.096193e+00
1.076123e+00
1.053582e+00
1.028776e+00
1.001641e+00
9.722845e-01
9.406804e-01
9.070401e-01
8.713698e-01
8.338372e-01
7.942622e-01
7.530918e-01
7.100653e-01
6.656420e-01
6.195425e-01
5.721829e-01
5.236066e-01
4.738197e-01
4.228533e-01
3.710923e-01
3.184809e-01
2.650438e-01
2.110976e-01
1.565928e-01
1.017713e-01
4.694990e-02
-8.281260e-03
-6.319582e-02
-1.181414e-01
-1.727083e-01
-2.269587e-01
-2.806875e-01
-3.337770e-01
-3.861091e-01
-4.375286e-01
-4.880853e-01
-5.375246e-01
-5.856726e-01
-6.325976e-01
-6.779583e-01
-7.219843e-01
-7.642597e-01
-8.048714e-01
-8.437636e-01
-8.806319e-01
-9.156752e-01
-9.485705e-01
-9.793614e-01
-1.007942e+00
-1.034270e+00
-1.058350e+00
-1.080003e+00
-1.099297e+00
-1.116071e+00
-1.130373e+00
-1.142150e+00
-1.151250e+00
-1.158029e+00
-1.162033e+00
-1.163523e+00
-1.162393e+00
-1.158613e+00
-1.152256e+00
-1.143447e+00
-1.131919e+00
-1.118001e+00
-1.101519e+00
-1.082567e+00
-1.061206e+00
-1.037448e+00
-1.011481e+00
-9.830861e-01
-9.526243e-01
-9.198965e-01
-8.853189e-01
-8.486243e-01
-8.099619e-01
-7.697226e-01
-7.276583e-01
-6.839551e-01
-6.386813e-01
-5.920977e-01
-5.441483e-01
-4.948270e-01
-4.446428e-01
-3.933909e-01
-3.410712e-01
-2.883356e-01
-2.347123e-01
-1.806171e-01
-1.260316e-01
-7.143363e-02
-1.646319e-02
3.845758e-02
9.331627e-02
1.479391e-01
2.022266e-01
2.561231e-01
3.094236e-01
3.619606e-01
4.137402e-01
4.645079e-01
5.142265e-01
5.629146e-01
6.103115e-01
6.562992e-01
7.008404e-01
7.438235e-01
7.850746e-01
8.246620e-01
8.623374e-01
8.981380e-01
9.319025e-01
9.635935e-01
9.930994e-01
1.020439e+00
1.045463e+00
1.068202e+00
1.088526e+00
1.106368e+00
1.121720e+00
1.134626e+00
1.144993e+00
1.152796e+00
1.158067e+00
1.160668e+00
1.160773e+00
1.158135e+00
1.153063e+00
1.145353e+00
1.135085e+00
1.122235e+00
1.106858e+00
1.089122e+00
1.068891e+00
1.046288e+00
1.021413e+00
9.942230e-01
9.647482e-01
9.331813e-01
8.994976e-01
8.637901e-01
8.261643e-01
7.866949e-01
7.455493e-01
7.026780e-01
6.582236e-01
6.123042e-01
5.650874e-01
5.165358e-01
4.668979e-01
4.161923e-01
3.645679e-01
3.120247e-01
2.589042e-01
2.051754e-01
1.509002e-01
9.627741e-02
4.166082e-02
-1.321029e-02
-6.787033e-02
-1.225738e-01
-1.768552e-01
-2.307579e-01
-2.841888e-01
-3.369430e-01
-3.889647e-01
-4.401546e-01
-4.902332e-01
-5.393186e-01
-5.871625e-01
-6.336468e-01
-6.787343e-01
-7.222637e-01
-7.642722e-01
-8.045673e-01
-8.430248e-01
-8.796573e-01
-9.141232e-01
-9.468261e-01
-9.771887e-01
-1.005490e+00
-1.031538e+00
-1.055190e+00
-1.076551e+00
-1.095429e+00
-1.112011e+00
-1.126028e+00
-1.137457e+00
-1.146396e+00
-1.152759e+00
-1.156583e+00
-1.157831e+00
-1.156390e+00
-1.152480e+00
-1.145905e+00
-1.136898e+00
-1.125165e+00
-1.111104e+00
-1.094418e+00
-1.075328e+00
-1.053824e+00
-1.030098e+00
-1.003926e+00
-9.755498e-01
-9.449824e-01
-9.124037e-01
-8.776646e-01
-8.409638e-01
-8.025125e-01
-7.621553e-01
-7.201654e-01
-6.765367e-01
-6.313499e-01
-5.848531e-01
-5.369845e-01
-4.879487e-01
-4.378266e-01
-3.866740e-01
-3.347392e-01
-2.820595e-01
-2.286348e-01
-1.748066e-01
-1.205314e-01
-6.602660e-02
-1.136035e-02
4.336798e-02
9.790386e-02
1.522473e-01
2.062990e-01
2.597547e-01
3.126083e-01
3.649217e-01
4.163289e-01
4.667738e-01
5.162254e-01
5.645473e-01
6.116027e-01
6.571869e-01
7.013867e-01
7.440470e-01
7.849381e-01
8.241157e-01
8.614435e-01
8.969089e-01
9.303071e-01
9.616318e-01
9.908087e-01
1.017776e+00
1.042464e+00
1.064850e+00
1.084833e+00
1.102469e+00
1.117486e+00
1.130119e+00
1.140163e+00
1.147693e+00
1.152684e+00
1.154969e+00
1.154721e+00
1.152051e+00
1.146731e+00
1.138791e+00
1.128356e+00
1.115388e+00
1.099880e+00
1.081977e+00
1.061653e+00
1.038957e+00
1.013958e+00
9.866557e-01
9.571560e-01
9.255457e-01
8.917502e-01
8.561917e-01
8.185721e-01
7.791648e-01
7.379820e-01
6.951354e-01
6.508673e-01
6.049790e-01
5.578428e-01
5.094837e-01
4.599390e-01
4.093699e-01
3.579007e-01
3.055934e-01
2.527460e-01
1.991662e-01
1.453069e-01
9.078968e-02
3.649590e-02
-1.812069e-02
-7.261312e-02
-1.269193e-01
-1.810206e-01
-2.345447e-01
-2.875658e-01
-3.400904e-01
-3.916962e-01
-4.424515e-01
-4.922694e-01
-5.410941e-01
-5.885344e-01
-6.346462e-01
-6.794482e-01
-7.226175e-01
-7.642287e-01
-8.042010e-01
-8.422861e-01
-8.784157e-01
-9.127327e-01
-9.449762e-01
-9.751029e-01
-1.002951e+00
-1.028664e+00
-1.052012e+00
-1.073019e+00
-1.091599e+00
-1.107777e+00
-1.121552e+00
-1.132596e+00
-1.141399e+00
-1.147414e+00
-1.151027e+00
-1.152064e+00
-1.150363e+00
-1.146228e+00
-1.139524e+00
-1.130181e+00
-1.118461e+00
-1.104040e+00
-1.087341e+00
-1.068134e+00
-1.046530e+00
-1.022568e+00
-9.963709e-01
-9.679638e-01
-9.373530e-01
-9.047246e-01
-8.700289e-01
-8.332909e-01
-7.948085e-01
-7.545134e-01
-7.126291e-01
-6.690997e-01
-6.239315e-01
-5.776024e-01
-5.298268e-01
-4.809215e-01
-4.310415e-01
-3.800378e-01
-3.281899e-01
-2.757337e-01
-2.226504e-01
-1.689588e-01
-1.149382e-01
-6.068786e-02
-6.412700e-03
4.806731e-02
1.022804e-01
1.564500e-01
2.100237e-01
2.632435e-01
3.159108e-01
3.677649e-01
4.188927e-01
4.690645e-01
5.181375e-01
5.660558e-01
6.127015e-01
6.580187e-01
7.017716e-01
7.440594e-01
7.845904e-01
8.234453e-01
8.604751e-01
8.955245e-01
9.285875e-01
9.595833e-01
9.883876e-01
1.015019e+00
1.039373e+00
1.061473e+00
1.081071e+00
1.098366e+00
1.113165e+00
1.125357e+00
1.135290e+00
1.142435e+00
1.147246e+00
1.149332e+00
1.148854e+00
1.145856e+00
1.140356e+00
1.132143e+00
1.121602e+00
1.108485e+00
1.092835e+00
1.074708e+00
1.054396e+00
1.031514e+00
1.006316e+00
9.790262e-01
9.494707e-01
9.178045e-01
8.840462e-01
8.485188e-01
8.108868e-01
7.714422e-01
7.303960e-01
6.876239e-01
6.434055e-01
5.976537e-01
5.507286e-01
5.023633e-01
4.530545e-01
4.027337e-01
3.512893e-01
2.993483e-01
2.465568e-01
1.932811e-01
1.395833e-01
8.548197e-02
3.131235e-02
-2.300005e-02
-7.718830e-02
-1.311779e-01
-1.849130e-01
-2.382756e-01
-2.909615e-01
-3.430577e-01
-3.944524e-01
-4.448663e-01
-4.943428e-01
-5.426398e-01
-5.898008e-01
-6.356147e-01
-6.799635e-01
-7.228534e-01
-7.641666e-01
-8.036361e-01
-8.414046e-01
-8.771990e-01
-9.111497e-01
-9.430083e-01
-9.727873e-01
-1.000307e+00
-1.025684e+00
-1.048740e+00
-1.069375e+00
-1.087713e+00
-1.103481e+00
-1.117027e+00
-1.127872e+00
-1.136283e+00
-1.142050e+00
-1.145359e+00
-1.146160e+00
-1.144254e+00
-1.139834e+00
-1.133055e+00
-1.123563e+00
-1.111477e+00
-1.097081e+00
-1.080146e+00
-1.060827e+00
-1.039174e+00
-1.015131e+00
-9.888036e-01
-9.602972e-01
-9.297173e-01
-8.970765e-01
-8.623188e-01
-8.255994e-01
-7.872039e-01
-7.469585e-01
-7.050369e-01
-6.615696e-01
-6.166683e-01
-5.703516e-01
-5.227933e-01
-4.739376e-01
-4.241756e-01
-3.734079e-01
-3.217214e-01
-2.695196e-01
-2.166226e-01
-1.631793e-01
-1.094691e-01
-5.547327e-02
-1.322270e-03
5.272940e-02
1.066818e-01
1.605099e-01
2.138850e-01
2.667696e-01
3.190706e-01
3.705647e-01
4.214317e-01
4.711503e-01
5.198260e-01
5.673967e-01
6.138251e-01
6.587016e-01
7.021689e-01
7.439166e-01
7.842055e-01
8.227376e-01
8.593328e-01
8.940285e-01
9.266631e-01
9.573857e-01
9.858486e-01
1.012064e+00
1.036194e+00
1.057891e+00
1.077240e+00
1.094200e+00
1.108602e+00
1.120671e+00
1.130255e+00
1.137096e+00
1.141616e+00
1.143534e+00
1.142833e+00
1.139667e+00
1.133955e+00
1.125537e+00
1.114848e+00
1.101457e+00
1.085720e+00
1.067550e+00
1.046965e+00
1.024064e+00
9.988913e-01
9.713595e-01
9.418164e-01
9.100819e-01
8.765410e-01
8.408024e-01
8.031829e-01
7.638562e-01
7.227789e-01
6.802118e-01
6.359995e-01
5.904029e-01
5.434903e-01
4.953236e-01
4.461762e-01
3.959982e-01
3.448518e-01
2.929480e-01
2.405228e-01
1.874892e-01
1.338473e-01
8.008115e-02
2.622813e-02
-2.784838e-02
-8.172623e-02
-1.353558e-01
-1.888612e-01
-2.419009e-01
-2.942330e-01
-3.459940e-01
-3.971032e-01
-4.471136e-01
-4.962300e-01
-5.442104e-01
-5.910299e-01
-6.364589e-01
-6.805346e-01
-7.229776e-01
-7.638438e-01
-8.030091e-01
-8.403803e-01
-8.758705e-01
-9.094363e-01
-9.409349e-01
-9.703228e-01
-9.975690e-01
-1.022611e+00
-1.045351e+00
-1.065595e+00
-1.083622e+00
-1.099198e+00
-1.112296e+00
-1.122980e+00
-1.131031e+00
-1.136606e+00
-1.139691e+00
-1.140157e+00
-1.138108e+00
-1.133577e+00
-1.126289e+00
-1.116778e+00
-1.104586e+00
-1.090029e+00
-1.072976e+00
-1.053477e+00
-1.031656e+00
-1.007613e+00
-9.812610e-01
-9.527484e-01
-9.219948e-01
-8.893602e-01
-8.545528e-01
-8.179762e-01
-7.795124e-01
-7.392856e-01
-6.975379e-01
-6.541264e-01
-6.092313e-01
-5.630822e-01
-5.156916e-01
-4.670159e-01
-4.173842e-01
-3.667841e-01
-3.153459e-01
-2.632994e-01
-2.105762e-01
-1.574557e-01
-1.039627e-01
-5.020281e-02
3.612964e-03
5.738528e-02
1.111141e-01
1.645699e-01
2.175910e-01
2.702708e-01
3.221807e-01
3.734203e-01
4.237845e-01
4.732672e-01
5.216139e-01
5.687997e-01
6.147315e-01
6.593410e-01
7.023676e-01
7.439477e-01
7.837772e-01
8.219244e-01
8.581533e-01
8.924703e-01
9.248504e-01
9.551633e-01
9.832600e-01
1.009209e+00
1.032892e+00
1.054321e+00
1.073330e+00
1.089936e+00
1.104170e+00
1.115866e+00
1.125066e+00
1.131857e+00
1.136010e+00
1.137624e+00
1.136780e+00
1.133347e+00
1.127350e+00
1.118939e+00
1.107907e+00
1.094393e+00
1.078532e+00
1.060212e+00
1.039571e+00
1.016491e+00
9.913115e-01
9.638356e-01
9.341994e-01
9.025829e-01
8.687625e-01
8.331233e-01
7.955783e-01
7.562765e-01
7.153233e-01
6.727437e-01
6.286432e-01
5.832267e-01
5.363016e-01
4.882840e-01
4.394034e-01
3.892813e-01
3.383398e-01
2.867216e-01
2.344329e-01
1.815607e-01
1.283595e-01
7.472378e-02
2.115011e-02
-3.264083e-02
-8.622691e-02
-1.395274e-01
-1.927411e-01
-2.453525e-01
-2.975108e-01
-3.489428e-01
-3.995925e-01
-4.493980e-01
-4.980737e-01
-5.457437e-01
-5.921411e-01
-6.373032e-01
-6.809505e-01
-7.230707e-01
-7.635334e-01
-8.024256e-01
-8.393312e-01
-8.745358e-01
-9.076423e-01
-9.388429e-01
-9.679204e-01
-9.948065e-01
-1.019408e+00
-1.041850e+00
-1.061888e+00
-1.079568e+00
-1.094784e+00
-1.107609e+00
-1.117964e+00
-1.125730e+00
-1.131118e+00
-1.133999e+00
-1.134055e+00
-1.131869e+00
-1.127096e+00
-1.119746e+00
-1.109856e+00
-1.097670e+00
-1.082846e+00
-1.065719e+00
-1.046090e+00
-1.024244e+00
-1.000058e+00
-9.736254e-01
-9.451066e-01
-9.142971e-01
-8.815755e-01
-8.469047e-01
-8.102412e-01
-7.719140e-01
-7.317244e-01
-6.900015e-01
-6.466708e-01
-6.019495e-01
-5.558811e-01
-5.086084e-01
-4.601935e-01
-4.105866e-01
-3.601541e-01
-3.090325e-01
-2.571102e-01
-2.047160e-01
-1.517321e-01
-9.854948e-02
-4.506272e-02
8.473703e-03
6.199150e-02
1.153479e-01
1.686360e-01
2.213095e-01
2.735237e-01
3.251295e-01
3.760772e-01
4.261621e-01
4.751978e-01
5.232465e-01
5.701716e-01
6.157496e-01
6.599742e-01
7.025973e-01
7.437801e-01
7.833116e-01
8.209497e-01
8.568931e-01
8.909494e-01
9.228887e-01
9.528602e-01
9.806651e-01
1.006248e+00
1.029589e+00
1.050634e+00
1.069319e+00
1.085733e+00
1.099576e+00
1.110980e+00
1.120000e+00
1.126438e+00
1.130367e+00
1.131720e+00
1.130622e+00
1.127052e+00
1.120801e+00
1.112091e+00
1.101041e+00
1.087341e+00
1.071349e+00
1.052893e+00
1.032103e+00
1.009016e+00
9.836200e-01
9.561814e-01
9.264272e-01
8.946865e-01
8.610276e-01
8.254442e-01
7.878930e-01
7.487029e-01
7.077932e-01
6.651640e-01
6.212870e-01
5.758890e-01
5.291502e-01
4.814119e-01
4.325562e-01
3.826017e-01
3.318898e-01
2.805075e-01
2.283865e-01
1.756943e-01
1.227290e-01
6.950920e-02
1.612797e-02
-3.734016e-02
-9.063448e-02
-1.437550e-01
-1.965527e-01
-2.489220e-01
-3.006892e-01
-3.517301e-01
-4.021005e-01
-4.515149e-01
-4.998988e-01
-5.471840e-01
-5.932399e-01
-6.379798e-01
-6.812795e-01
-7.230148e-01
-7.631734e-01
-8.015875e-01
-8.383317e-01
-8.730832e-01
-9.059537e-01
-9.367446e-01
-9.654683e-01
-9.918764e-01
-1.016317e+00
-1.038423e+00
-1.058058e+00
-1.075384e+00
-1.090401e+00
-1.102866e+00
-1.113016e+00
-1.120441e+00
-1.125569e+00
-1.128145e+00
-1.128089e+00
-1.125680e+00
-1.120577e+00
-1.113171e+00
-1.103146e+00
-1.090587e+00
-1.075800e+00
-1.058449e+00
-1.038702e+00
-1.016832e+00
-9.924786e-01
-9.660394e-01
-9.373654e-01
-9.067049e-01
-8.739399e-01
-8.392008e-01
-8.027235e-01
-7.642535e-01
-7.242502e-01
-6.825335e-01
-6.393704e-01
-5.946491e-01
-5.486490e-01
-5.015315e-01
-4.532655e-01
-4.039318e-01
-3.536980e-01
-3.026323e-01
-2.510389e-01
-1.987440e-01
-1.461202e-01
-9.308658e-02
-3.993504e-02
1.333444e-02
6.651702e-02
1.196686e-01
1.725345e-01
2.249101e-01
2.769008e-01
3.281092e-01
3.786845e-01
4.283845e-01
4.771905e-01
5.248171e-01
5.713325e-01
6.165814e-01
6.604274e-01
7.027835e-01
7.436063e-01
7.827591e-01
8.200682e-01
8.556081e-01
8.892174e-01
9.209581e-01
9.505260e-01
9.779150e-01
1.003218e+00
1.026274e+00
1.046952e+00
1.065377e+00
1.081344e+00
1.095032e+00
1.106095e+00
1.114785e+00
1.120987e+00
1.124718e+00
1.125842e+00
1.124457e+00
1.120652e+00
1.114314e+00
1.105455e+00
1.094120e+00
1.080369e+00
1.064204e+00
1.045612e+00
1.024710e+00
1.001517e+00
9.761892e-01
9.485271e-01
9.188598e-01
8.870136e-01
8.533547e-01
8.177030e-01
7.801829e-01
7.410797e-01
7.001452e-01
6.577829e-01
6.138996e-01
5.685576e-01
5.222036e-01
4.744405e-01
4.256965e-01
3.760276e-01
3.254337e-01
2.743183e-01
2.223587e-01
1.700266e-01
1.172723e-01
6.426978e-02
1.111824e-02
-4.192155e-02
-9.498618e-02
-1.478211e-01
-2.002774e-01
-2.522742e-01
-3.037931e-01
-3.545733e-01
-4.045029e-01
-4.535511e-01
-5.017115e-01
-5.485807e-01
-5.942704e-01
-6.386192e-01
-6.816085e-01
-7.229714e-01
-7.627885e-01
-8.008177e-01
-8.371088e-01
-8.715871e-01
-9.039796e-01
-9.345160e-01
-9.628486e-01
-9.890395e-01
-1.013008e+00
-1.034748e+00
-1.054160e+00
-1.071256e+00
-1.086037e+00
-1.098124e+00
-1.107963e+00
-1.115251e+00
-1.120031e+00
-1.122272e+00
-1.122074e+00
-1.119472e+00
-1.114214e+00
-1.106455e+00
-1.096311e+00
-1.083635e+00
-1.068674e+00
-1.051168e+00
-1.031433e+00
-1.009327e+00
-9.849733e-01
-9.584721e-01
-9.297856e-01
-8.989947e-01
-8.662918e-01
-8.315589e-01
-7.949823e-01
-7.566986e-01
-7.166394e-01
-6.750779e-01
-6.319644e-01
-5.874170e-01
-5.415783e-01
-4.945663e-01
-4.464431e-01
-3.971715e-01
-3.471859e-01
-2.963499e-01
-2.449055e-01
-1.930142e-01
-1.405021e-01
-8.780991e-02
-3.485082e-02
1.808965e-02
7.111703e-02
1.238713e-01
1.763834e-01
2.285665e-01
2.800730e-01
3.310766e-01
3.812980e-01
4.306255e-01
4.790777e-01
5.264311e-01
5.725306e-01
6.174567e-01
6.608992e-01
7.029263e-01
7.433145e-01
7.820700e-01
8.190439e-01
8.542672e-01
8.875909e-01
9.188722e-01
9.480491e-01
9.752332e-01
1.000145e+00
1.022854e+00
1.043259e+00
1.061361e+00
1.077098e+00
1.090308e+00
1.101234e+00
1.109689e+00
1.115481e+00
1.119069e+00
1.119851e+00
1.118336e+00
1.114326e+00
1.107746e+00
1.098701e+00
1.087204e+00
1.073249e+00
1.057009e+00
1.038330e+00
1.017335e+00
9.940492e-01
9.685970e-01
9.409225e-01
9.111683e-01
8.793717e-01
8.456942e-01
8.101233e-01
7.725596e-01
7.335806e-01
6.926771e-01
6.503955e-01
6.066302e-01
5.613813e-01
5.150646e-01
4.675684e-01
4.189920e-01
3.694969e-01
3.191327e-01
2.681042e-01
2.164488e-01
1.642719e-01
1.118032e-01
5.904278e-02
6.214049e-03
-4.663951e-02
-9.932546e-02
-1.519183e-01
-2.040704e-01
-2.556761e-01
-3.068474e-01
-3.572737e-01
-4.069240e-01
-4.556431e-01
-5.032883e-01
-5.498161e-01
-5.952947e-01
-6.392587e-01
-6.818444e-01
-7.229279e-01
-7.623105e-01
-8.000107e-01
-8.359727e-01
-8.701345e-01
-9.022042e-01
-9.323184e-01
-9.603158e-01
-9.861528e-01
-1.009786e+00
-1.031197e+00
-1.050361e+00
-1.067016e+00
-1.081387e+00
-1.093399e+00
-1.102897e+00
-1.109888e+00
-1.114456e+00
-1.116517e+00
-1.116002e+00
-1.113116e+00
-1.107615e+00
-1.099905e+00
-1.089501e+00
-1.076750e+00
-1.061485e+00
-1.043979e+00
-1.024045e+00
-1.001883e+00
-9.774805e-01
-9.509295e-01
-9.221624e-01
-8.913963e-01
-8.586251e-01
-8.239233e-01
-7.873902e-01
-7.491685e-01
-7.091527e-01
-6.676409e-01
-6.246702e-01
-5.801973e-01
-5.345386e-01
-4.875825e-01
-4.395959e-01
-3.905787e-01
-3.407856e-01
-2.901669e-01
-2.389771e-01
-1.871726e-01
-1.349461e-01
-8.250221e-02
-2.979764e-02
2.283244e-02
7.551839e-02
1.279995e-01
1.802695e-01
2.320553e-01
2.833445e-01
3.339508e-01
3.839115e-01
4.328355e-01
4.808594e-01
5.278527e-01
5.736976e-01
6.181520e-01
6.613586e-01
7.029573e-01
7.429917e-01
7.813996e-01
8.180569e-01
8.528891e-01
8.858465e-01
9.167926e-01
9.457025e-01
9.724025e-01
9.970662e-01
1.019427e+00
1.039478e+00
1.057301e+00
1.072647e+00
1.085696e+00
1.096243e+00
1.104499e+00
1.110111e+00
1.113314e+00
1.114047e+00
1.112265e+00
1.107975e+00
1.101246e+00
1.091965e+00
1.080400e+00
1.066203e+00
1.049851e+00
1.031004e+00
1.009966e+00
9.865501e-01
9.610731e-01
9.334420e-01
9.036009e-01
8.718292e-01
8.381144e-01
8.025063e-01
7.651226e-01
7.260256e-01
6.852712e-01
6.429772e-01
5.993981e-01
5.543416e-01
5.081118e-01
4.607522e-01
4.123434e-01
3.629725e-01
3.128131e-01
2.620951e-01
2.105638e-01
1.587035e-01
1.064024e-01
5.398959e-02
1.347102e-03
-5.117744e-02
-1.036461e-01
-1.558851e-01
-2.076585e-01
-2.591339e-01
-3.098706e-01
-3.599927e-01
-4.093202e-01
-4.576172e-01
-5.049706e-01
-5.512377e-01
-5.962259e-01
-6.398422e-01
-6.820803e-01
-7.227914e-01
-7.618635e-01
-7.991975e-01
-8.348057e-01
-8.684521e-01
-9.002549e-01
-9.300774e-01
-9.575967e-01
-9.831979e-01
-1.006546e+00
-1.027665e+00
-1.046412e+00
-1.062931e+00
-1.076893e+00
-1.088619e+00
-1.097807e+00
-1.104611e+00
-1.108963e+00
-1.110744e+00
-1.110068e+00
-1.106945e+00
-1.101228e+00
-1.093232e+00
-1.082722e+00
-1.069822e+00
-1.054470e+00
-1.036796e+00
-1.016795e+00
-9.945334e-01
-9.700435e-01
-9.433622e-01
-9.145702e-01
-8.837731e-01
-8.510392e-01
-8.163684e-01
-7.797980e-01
-7.415639e-01
-7.016785e-01
-6.602908e-01
-6.173946e-01
-5.730148e-01
-5.274492e-01
-4.806980e-01
-4.328603e-01
-3.840729e-01
-3.344040e-01
-2.839963e-01
-2.329741e-01
-1.815049e-01
-1.294583e-01
-7.729383e-02
-2.493069e-02
2.758765e-02
7.996320e-02
1.321339e-01
1.840377e-01
2.356248e-01
2.864670e-01
3.368002e-01
3.863822e-01
4.350765e-01
4.827217e-01
5.292619e-01
5.747468e-01
6.189404e-01
6.617000e-01
7.029387e-01
7.428054e-01
7.807540e-01
8.170450e-01
8.515482e-01
8.842014e-01
9.147502e-01
9.433125e-01
9.697579e-01
9.939809e-01
1.016056e+00
1.035822e+00
1.053266e+00
1.068425e+00
1.081114e+00
1.091419e+00
1.099278e+00
1.104735e+00
1.107584e+00
1.108106e+00
1.106138e+00
1.101588e+00
1.094653e+00
1.085323e+00
1.073516e+00
1.059312e+00
1.042644e+00
1.023803e+00
1.002573e+00
9.792683e-01
9.536237e-01
9.258871e-01
8.960584e-01
8.642556e-01
8.305036e-01
7.949141e-01
7.576111e-01
7.185204e-01
6.778714e-01
6.356954e-01
5.922218e-01
5.473143e-01
5.011466e-01
4.539546e-01
4.057631e-01
3.565163e-01
3.065494e-01
2.559803e-01
2.048029e-01
1.531723e-01
1.010637e-01
4.886192e-02
-3.370858e-03
-5.575883e-02
-1.078674e-01
-1.598395e-01
-2.113149e-01
-2.624737e-01
-3.128255e-01
-3.625814e-01
-4.116419e-01
-4.596224e-01
-5.066157e-01
-5.525724e-01
-5.971509e-01
-6.405002e-01
-6.822852e-01
-7.226486e-01
-7.613793e-01
-7.983780e-01
-8.336137e-01
-8.669188e-01
-8.983181e-01
-9.278115e-01
-9.551260e-01
-9.803857e-01
-1.003349e+00
-1.024145e+00
-1.042582e+00
-1.058698e+00
-1.072454e+00
-1.083908e+00
-1.092847e+00
-1.099390e+00
-1.103394e+00
-1.104934e+00
-1.104021e+00
-1.100762e+00
-1.094927e+00
-1.086695e+00
-1.075893e+00
-1.062907e+00
-1.047443e+00
-1.029601e+00
-1.009581e+00
-9.871833e-01
-9.625506e-01
-9.359314e-01
-9.071084e-01
-8.762182e-01
-8.435028e-01
-8.087886e-01
-7.723486e-01
-7.341641e-01
-6.943160e-01
-6.529656e-01
-6.101253e-01
-5.659192e-01
-5.204840e-01
-4.738631e-01
-4.261869e-01
-3.775671e-01
-3.280844e-01
-2.778630e-01
-2.270890e-01
-1.757874e-01
-1.240016e-01
-7.209166e-02
-2.000787e-02
3.220628e-02
8.425282e-02
1.362559e-01
1.878369e-01
2.389584e-01
2.895834e-01
3.395565e-01
3.888468e-01
4.371189e-01
4.844599e-01
5.308139e-01
5.758828e-01
6.196419e-01
6.620104e-01
7.030070e-01
7.423833e-01
7.801022e-01
8.160456e-01
8.501390e-01
8.824384e-01
9.126954e-01
9.408542e-01
9.669582e-01
9.909329e-01
1.012685e+00
1.032122e+00
1.049256e+00
1.064086e+00
1.076576e+00
1.086596e+00
1.094144e+00
1.099353e+00
1.102041e+00
1.102326e+00
1.100042e+00
1.095423e+00
1.088204e+00
1.078656e+00
1.066768e+00
1.052316e+00
1.035704e+00
1.016664e+00
9.953342e-01
9.718996e-01
9.462550e-01
9.184501e-01
8.886028e-01
8.568000e-01
8.230045e-01
7.874895e-01
7.501866e-01
7.111889e-01
6.706703e-01
6.284508e-01
5.850828e-01
5.401567e-01
4.942931e-01
4.471818e-01
3.991145e-01
3.501657e-01
3.003726e-01
2.499339e-01
1.990420e-01
1.475418e-01
9.583044e-02
4.383977e-02
-8.237805e-03
-6.020985e-02
-1.119957e-01
-1.637070e-01
-2.149093e-01
-2.656646e-01
-3.157122e-01
-3.651514e-01
-4.139140e-01
-4.615282e-01
-5.082049e-01
-5.537456e-01
-5.980324e-01
-6.410093e-01
-6.825025e-01
-7.224561e-01
-7.607896e-01
-7.974965e-01
-8.323908e-01
-8.654413e-01
-8.963936e-01
-9.255519e-01
-9.525622e-01
-9.773936e-01
-1.000145e+00
-1.020582e+00
-1.038758e+00
-1.054613e+00
-1.068103e+00
-1.079078e+00
-1.087862e+00
-1.094120e+00
-1.097913e+00
-1.099253e+00
-1.098204e+00
-1.094641e+00
-1.088657e+00
-1.080195e+00
-1.069319e+00
-1.056084e+00
-1.040515e+00
-1.022512e+00
-1.002374e+00
-9.798394e-01
-9.553061e-01
-9.284696e-01
-8.996652e-01
-8.688308e-01
-8.360410e-01
-8.013516e-01
-7.649116e-01
-7.268699e-01
-6.869907e-01
-6.457334e-01
-6.029738e-01
-5.588919e-01
-5.136182e-01
-4.671463e-01
-4.195818e-01
-3.710116e-01
-3.218641e-01
-2.718227e-01
-2.212599e-01
-1.701631e-01
-1.186443e-01
-6.696398e-02
-1.502298e-02
3.680629e-02
8.862314e-02
1.401917e-01
1.915554e-01
2.423852e-01
2.926563e-01
3.423562e-01
3.912182e-01
4.392358e-01
4.862167e-01
5.321858e-01
5.768823e-01
6.204116e-01
6.624760e-01
7.030256e-01
7.420419e-01
7.794317e-01
8.149530e-01
8.487795e-01
8.806257e-01
9.106220e-01
9.384580e-01
9.642391e-01
9.879283e-01
1.009289e+00
1.028459e+00
1.045307e+00
1.059877e+00
1.071976e+00
1.081691e+00
1.089153e+00
1.093989e+00
1.096528e+00
1.096454e+00
1.094008e+00
1.089153e+00
1.081878e+00
1.072119e+00
1.060082e+00
1.045456e+00
1.028720e+00
1.009550e+00
9.882449e-01
9.645930e-01
9.389174e-01
9.110317e-01
8.811906e-01
8.494375e-01
8.156048e-01
7.800215e-01
7.428613e-01
7.038450e-01
6.633513e-01
6.213304e-01
5.779624e-01
5.333094e-01
4.874769e-01
4.405394e-01
3.926149e-01
3.439082e-01
2.942517e-01
2.439930e-01
1.933618e-01
1.420416e-01
9.060344e-02
3.892937e-02
-1.298060e-02
-6.460500e-02
-1.162294e-01
-1.675496e-01
-2.184105e-01
-2.688802e-01
-3.186982e-01
-3.678394e-01
-4.160930e-01
-4.634774e-01
-5.098003e-01
-5.549438e-01
-5.989325e-01
-6.414997e-01
-6.826577e-01
-7.223444e-01
-7.602743e-01
-7.966833e-01
-8.311741e-01
-8.637901e-01
-8.946492e-01
-9.232860e-01
-9.500480e-01
-9.746186e-01
-9.969731e-01
-1.017149e+00
-1.034959e+00
-1.050578e+00
-1.063695e+00
-1.074540e+00
-1.082921e+00
-1.088948e+00
-1.092518e+00
-1.093604e+00
-1.092344e+00
-1.088557e+00
-1.082318e+00
-1.073739e+00
-1.062714e+00
-1.049361e+00
-1.033599e+00
-1.015572e+00
-9.952783e-01
-9.726818e-01
-9.480367e-01
-9.212064e-01
-8.923213e-01
-8.614621e-01
-8.286351e-01
-7.940822e-01
-7.576360e-01
-7.195012e-01
-6.798517e-01
-6.385572e-01
-5.959465e-01
-5.519950e-01
-5.067771e-01
-4.604790e-01
-4.130201e-01
-3.647293e-01
-3.156811e-01
-2.658322e-01
-2.155238e-01
-1.645761e-01
-1.133241e-01
-6.191080e-02
-1.025535e-02
4.133181e-02
9.293759e-02
1.442454e-01
1.951621e-01
2.457933e-01
2.957602e-01
3.451187e-01
3.936516e-01
4.413527e-01
4.880419e-01
5.336260e-01
5.780183e-01
6.211690e-01
6.628981e-01
7.030815e-01
7.418122e-01
7.787799e-01
8.140156e-01
8.474448e-01
8.789806e-01
9.086045e-01
9.361735e-01
9.615511e-01
9.849733e-01
1.005968e+00
1.024859e+00
1.041427e+00
1.055643e+00
1.067488e+00
1.076967e+00
1.084082e+00
1.088731e+00
1.090991e+00
1.090780e+00
1.088042e+00
1.083063e+00
1.075571e+00
1.065564e+00
1.053452e+00
1.038764e+00
1.021804e+00
1.002542e+00
9.811183e-01
9.574788e-01
9.316914e-01
9.037810e-01
8.739771e-01
8.420254e-01
8.082982e-01
7.728079e-01
7.355361e-01
6.966812e-01
6.563054e-01
6.143714e-01
5.710221e-01
5.264870e-01
4.808656e-01
4.338660e-01
3.862395e-01
3.376010e-01
2.882301e-01
2.381949e-01
1.876755e-01
1.367401e-01
8.534540e-02
3.395689e-02
-1.759923e-02
-6.899395e-02
-1.203825e-01
-1.713116e-01
-2.219924e-01
-2.721704e-01
-3.216531e-01
-3.704529e-01
-4.183588e-01
-4.653460e-01
-5.114020e-01
-5.562722e-01
-5.998140e-01
-6.421453e-01
-6.828998e-01
-7.221520e-01
-7.598522e-01
-7.957770e-01
-8.300504e-01
-8.623747e-01
-8.927683e-01
-9.211505e-01
-9.475400e-01
-9.717941e-01
-9.938443e-01
-1.013610e+00
-1.031240e+00
-1.046450e+00
-1.059412e+00
-1.069915e+00
-1.078041e+00
-1.083815e+00
-1.087142e+00
-1.088061e+00
-1.086422e+00
-1.082616e+00
-1.076216e+00
-1.067413e+00
-1.056152e+00
-1.042681e+00
-1.026870e+00
-1.008656e+00
-9.882883e-01
-9.656049e-01
-9.409163e-01
-9.139680e-01
-8.850830e-01
-8.542114e-01
-8.213533e-01
-7.867694e-01
-7.503852e-01
-7.123125e-01
-6.726879e-01
-6.315051e-01
-5.889503e-01
-5.450485e-01
-4.999919e-01
-4.538739e-01
-4.065701e-01
-3.583725e-01
-3.096161e-01
-2.598975e-01
-2.098002e-01
-1.590821e-01
-1.080661e-01
-5.689486e-02
-5.518771e-03
4.587595e-02
9.710305e-02
1.481067e-01
1.989303e-01
2.491393e-01
2.987461e-01
3.478378e-01
3.960541e-01
4.433454e-01
4.897304e-01
5.350787e-01
5.791109e-01
6.218581e-01
6.632395e-01
7.031746e-01
7.414335e-01
7.780660e-01
8.130161e-01
8.461474e-01
8.773604e-01
9.065435e-01
9.338207e-01
9.589873e-01
9.819377e-01
1.002709e+00
1.021295e+00
1.037585e+00
1.051521e+00
1.063142e+00
1.072305e+00
1.079246e+00
1.083560e+00
1.085652e+00
1.085143e+00
1.082219e+00
1.077048e+00
1.069332e+00
1.059269e+00
1.046909e+00
1.032066e+00
1.015013e+00
9.956384e-01
9.741158e-01
9.503584e-01
9.245772e-01
8.965302e-01
8.666395e-01
8.347932e-01
8.011095e-01
7.656317e-01
7.283412e-01
6.896291e-01
6.491105e-01
6.073441e-01
5.641065e-01
5.197267e-01
4.742232e-01
4.274409e-01
3.799385e-01
3.314801e-01
2.822705e-01
2.324092e-01
1.821132e-01
1.313145e-01
8.027359e-02
2.905270e-02
-2.214958e-02
-7.337047e-02
-1.243679e-01
-1.750735e-01
-2.255060e-01
-2.752495e-01
-3.245521e-01
-3.729236e-01
-4.206061e-01
-4.673263e-01
-5.129291e-01
-5.575262e-01
-6.007514e-01
-6.426730e-01
-6.832164e-01
-7.220526e-01
-7.593742e-01
-7.950755e-01
-8.288337e-01
-8.609345e-01
-8.909494e-01
-9.191330e-01
-9.451935e-01
-9.689881e-01
-9.907590e-01
-1.010208e+00
-1.027596e+00
-1.042576e+00
-1.055165e+00
-1.065545e+00
-1.073323e+00
-1.078830e+00
-1.081934e+00
-1.082567e+00
-1.080909e+00
-1.076638e+00
-1.070201e+00
-1.061137e+00
-1.049777e+00
-1.036145e+00
-1.020159e+00
-1.001871e+00
-9.814224e-01
-9.586459e-01
-9.338518e-01
-9.068228e-01
-8.779936e-01
-8.470972e-01
-8.141584e-01
-7.796055e-01
-7.431965e-01
-7.052666e-01
-6.656978e-01
-6.245274e-01
-5.820658e-01
-5.383005e-01
-4.933868e-01
-4.473122e-01
-4.002071e-01
-3.522639e-01
-3.034641e-01
-2.541056e-01
-2.041262e-01
-1.537372e-01
-1.028701e-01
-5.194721e-02
-8.070194e-04
5.032076e-02
1.013182e-01
1.520797e-01
2.025308e-01
2.524605e-01
3.017818e-01
3.505071e-01
3.984689e-01
4.455430e-01
4.914686e-01
5.364754e-01
5.802097e-01
6.226341e-01
6.636927e-01
7.032677e-01
7.412411e-01
7.775383e-01
8.120974e-01
8.449555e-01
8.757464e-01
9.046997e-01
9.316480e-01
9.564048e-01
9.790883e-01
9.995804e-01
1.017869e+00
1.033866e+00
1.047449e+00
1.058834e+00
1.067786e+00
1.074354e+00
1.078476e+00
1.080307e+00
1.079593e+00
1.076589e+00
1.071039e+00
1.063236e+00
1.053104e+00
1.040496e+00
1.025554e+00
1.008333e+00
9.889401e-01
9.672810e-01
9.434180e-01
9.175127e-01
8.895278e-01
8.595439e-01
8.276853e-01
7.939581e-01
7.584740e-01
7.213511e-01
6.824528e-01
6.422074e-01
6.004224e-01
5.573959e-01
5.130284e-01
4.675498e-01
4.210592e-01
3.736251e-01
3.253654e-01
2.762986e-01
2.266359e-01
1.766565e-01
1.259881e-01
7.520179e-02
2.425404e-02
-2.678063e-02
-7.766009e-02
-1.284526e-01
-1.788976e-01
-2.288831e-01
-2.784962e-01
-3.272526e-01
-3.754751e-01
-4.229340e-01
-4.692197e-01
-5.145742e-01
-5.586995e-01
-6.016950e-01
-6.432689e-01
-6.834150e-01
-7.220464e-01
-7.590452e-01
-7.943181e-01
-8.278777e-01
-8.594632e-01
-8.892484e-01
-9.169913e-01
-9.427786e-01
-9.663995e-01
-9.877420e-01
-1.007061e+00
-1.024014e+00
-1.038696e+00
-1.051093e+00
-1.061019e+00
-1.068779e+00
-1.074006e+00
-1.076874e+00
-1.077191e+00
-1.075304e+00
-1.071033e+00
-1.064111e+00
-1.055047e+00
-1.043519e+00
-1.029707e+00
-1.013585e+00
-9.952039e-01
-9.746124e-01
-9.517986e-01
-9.268493e-01
-8.998949e-01
-8.708670e-01
-8.399768e-01
-8.071001e-01
-7.725038e-01
-7.362189e-01
-6.982331e-01
-6.587451e-01
-6.176802e-01
-5.752620e-01
-5.316830e-01
-4.868003e-01
-4.407878e-01
-3.939558e-01
-3.460375e-01
-2.975170e-01
-2.483012e-01
-1.985081e-01
-1.482867e-01
-9.774867e-02
-4.698094e-02
3.935771e-03
5.459796e-02
1.055085e-01
1.560030e-01
2.060941e-01
2.558251e-01
3.048671e-01
3.533627e-01
4.009334e-01
4.475729e-01
4.932316e-01
5.378287e-01
5.813333e-01
6.234162e-01
6.641335e-01
7.033546e-01
7.409865e-01
7.770541e-01
8.112966e-01
8.436767e-01
8.742130e-01
9.027939e-01
9.294752e-01
9.539031e-01
9.763320e-01
9.965261e-01
1.014448e+00
1.030222e+00
1.043519e+00
1.054656e+00
1.063329e+00
1.069667e+00
1.073541e+00
1.075136e+00
1.074205e+00
1.071002e+00
1.065359e+00
1.057338e+00
1.046878e+00
1.034226e+00
1.019141e+00
1.001797e+00
9.822853e-01
9.604772e-01
9.367260e-01
9.105848e-01
8.825502e-01
8.525973e-01
8.207325e-01
7.870425e-01
7.514964e-01
7.144170e-01
6.756242e-01
6.353663e-01
5.937490e-01
5.506541e-01
5.064233e-01
4.612178e-01
4.147769e-01
3.673800e-01
3.193251e-01
2.704446e-01
2.210488e-01
1.710943e-01
1.208232e-01
7.017344e-02
1.950504e-02
-3.131235e-02
-8.193109e-02
-1.323574e-01
-1.827092e-01
-2.324030e-01
-2.815939e-01
-3.302758e-01
-3.780762e-01
-4.250943e-01
-4.712062e-01
-5.162130e-01
-5.600342e-01
-6.025455e-01
-6.439952e-01
-6.837689e-01
-7.219843e-01
-7.587037e-01
-7.936787e-01
-8.268969e-01
-8.582154e-01
-8.876406e-01
-9.150606e-01
-9.404879e-01
-9.637736e-01
-9.849237e-01
-1.003957e+00
-1.020519e+00
-1.034928e+00
-1.047083e+00
-1.056792e+00
-1.064223e+00
-1.069232e+00
-1.071846e+00
-1.072082e+00
-1.069890e+00
-1.065340e+00
-1.058375e+00
-1.048989e+00
-1.037436e+00
-1.023431e+00
-1.007210e+00
-9.886422e-01
-9.679825e-01
-9.450507e-01
-9.200828e-01
-8.930414e-01
-8.640073e-01
-8.330675e-01
-8.002838e-01
-7.655882e-01
-7.293655e-01
-6.913052e-01
-6.519599e-01
-6.109447e-01
-5.686569e-01
-5.250592e-01
-4.803069e-01
-4.344558e-01
-3.876797e-01
-3.400407e-01
-2.916816e-01
-2.424969e-01
-1.929770e-01
-1.429728e-01
-9.262099e-02
-4.206433e-02
8.510950e-03
5.911727e-02
1.096243e-01
1.598892e-01
2.096823e-01
2.590843e-01
3.078655e-01
3.560197e-01
4.033359e-01
4.496960e-01
4.950629e-01
5.394490e-01
5.824445e-01
6.242543e-01
6.646549e-01
7.035967e-01
7.408872e-01
7.765326e-01
8.105330e-01
8.425717e-01
8.729094e-01
9.011302e-01
9.273584e-01
9.515317e-01
9.736130e-01
9.935712e-01
1.011195e+00
1.026628e+00
1.039726e+00
1.050497e+00
1.058983e+00
1.065098e+00
1.068649e+00
1.070095e+00
1.068984e+00
1.065508e+00
1.059710e+00
1.051441e+00
1.040900e+00
1.028043e+00
1.012791e+00
9.954211e-01
9.757423e-01
9.538658e-01
9.299160e-01
9.038617e-01
8.758271e-01
8.457749e-01
8.138728e-01
7.801022e-01
7.446740e-01
7.075573e-01
6.688328e-01
6.286867e-01
5.870321e-01
5.441297e-01
5.000230e-01
4.547802e-01
4.085691e-01
3.613274e-01
3.133346e-01
2.647458e-01
2.155611e-01
1.657307e-01
1.155465e-01
6.524441e-02
1.475604e-02
-3.576337e-02
-8.612138e-02
-1.364483e-01
-1.863035e-01
-2.358235e-01
-2.847288e-01
-3.330134e-01
-3.806897e-01
-4.273912e-01
-4.731554e-01
-5.178209e-01
-5.614061e-01
-6.037001e-01
-6.446160e-01
-6.841289e-01
-7.220588e-01
-7.584244e-01
-7.930765e-01
-8.258912e-01
-8.570608e-01
-8.860762e-01
-9.132541e-01
-9.383338e-01
-9.612842e-01
-9.822233e-01
-1.000834e+00
-1.017235e+00
-1.031340e+00
-1.043197e+00
-1.052651e+00
-1.059877e+00
-1.064539e+00
-1.067035e+00
-1.066948e+00
-1.064608e+00
-1.059877e+00
-1.052682e+00
-1.043259e+00
-1.031402e+00
-1.017310e+00
-1.001002e+00
-9.822853e-01
-9.615015e-01
-9.385387e-01
-9.133969e-01
-8.863121e-01
-8.572656e-01
-8.262202e-01
-7.934180e-01
-7.588403e-01
-7.224748e-01
-6.846256e-01
-6.452244e-01
-6.043209e-01
-5.620455e-01
-5.186775e-01
-4.740370e-01
-4.282045e-01
-3.817202e-01
-3.341122e-01
-2.858649e-01
-2.370216e-01
-1.875327e-01
-1.377272e-01
-8.764851e-02
-3.725946e-02
1.307371e-02
6.349380e-02
1.135787e-01
1.637691e-01
2.133200e-01
2.623247e-01
3.109011e-01
3.586891e-01
4.057569e-01
4.518688e-01
4.969066e-01
5.409078e-01
5.836302e-01
6.251358e-01
6.652136e-01
7.037581e-01
7.407693e-01
7.762223e-01
8.098005e-01
8.416343e-01
8.714816e-01
8.994541e-01
9.254774e-01
9.493031e-01
9.710553e-01
9.907032e-01
1.008073e+00
1.023257e+00
1.036020e+00
1.046617e+00
1.054768e+00
1.060690e+00
1.064086e+00
1.065179e+00
1.063981e+00
1.060225e+00
1.054240e+00
1.045717e+00
1.035077e+00
1.022022e+00
1.006682e+00
9.891636e-01
9.693854e-01
9.474345e-01
9.234040e-01
8.971510e-01
8.691288e-01
8.390704e-01
8.071621e-01
7.733542e-01
7.380068e-01
7.008839e-01
6.621532e-01
6.220443e-01
5.804642e-01
5.376860e-01
4.936724e-01
4.485600e-01
4.024730e-01
3.554299e-01
3.075923e-01
2.590594e-01
2.099430e-01
1.604354e-01
1.104809e-01
6.030297e-02
1.006912e-02
-4.021440e-02
-9.034271e-02
-1.403469e-01
-1.900282e-01
-2.392378e-01
-2.878886e-01
-3.359435e-01
-3.832100e-01
-4.296819e-01
-4.751978e-01
-5.195777e-01
-5.628153e-01
-6.047244e-01
-6.453796e-01
-6.845759e-01
-7.221892e-01
-7.582630e-01
-7.925675e-01
-8.251090e-01
-8.559123e-01
-8.846670e-01
-9.115035e-01
-9.363101e-01
-9.589749e-01
-9.795477e-01
-9.979788e-01
-1.014007e+00
-1.027851e+00
-1.039460e+00
-1.048684e+00
-1.055575e+00
-1.060113e+00
-1.062249e+00
-1.061982e+00
-1.059511e+00
-1.054489e+00
-1.047195e+00
-1.037473e+00
-1.025585e+00
-1.011363e+00
-9.948935e-01
-9.761209e-01
-9.551074e-01
-9.321632e-01
-9.069532e-01
-8.797939e-01
-8.506481e-01
-8.196275e-01
-7.867445e-01
-7.521669e-01
-7.158882e-01
-6.780515e-01
-6.385696e-01
-5.978337e-01
-5.557197e-01
-5.122711e-01
-4.676988e-01
-4.221332e-01
-3.755496e-01
-3.282582e-01
-2.801412e-01
-2.314159e-01
-1.822063e-01
-1.325995e-01
-8.260774e-02
-3.254150e-02
1.770476e-02
6.777721e-02
1.178062e-01
1.675186e-01
2.168337e-01
2.656459e-01
3.138622e-01
3.614888e-01
4.081469e-01
4.539918e-01
4.987442e-01
5.424784e-01
5.849463e-01
6.260794e-01
6.659151e-01
7.041430e-01
7.407941e-01
7.758560e-01
8.091549e-01
8.406224e-01
8.702773e-01
8.978897e-01
9.236336e-01
9.472234e-01
9.686653e-01
9.879717e-01
1.005143e+00
1.019961e+00
1.032538e+00
1.042843e+00
1.050745e+00
1.056376e+00
1.059641e+00
1.060461e+00
1.058915e+00
1.055122e+00
1.048852e+00
1.040316e+00
1.029421e+00
1.016205e+00
1.000772e+00
9.830613e-01
9.632273e-01
9.411894e-01
9.169478e-01
8.908128e-01
8.626416e-01
8.325398e-01
8.005632e-01
7.668360e-01
7.313396e-01
6.943160e-01
6.555853e-01
6.155757e-01
5.740267e-01
5.313229e-01
4.874087e-01
4.423521e-01
3.963024e-01
3.494456e-01
3.018004e-01
2.535034e-01
2.045608e-01
1.551588e-01
1.053719e-01
5.544844e-02
5.425653e-03
-4.457851e-02
-9.459508e-02
-1.443075e-01
-1.937219e-01
-2.426769e-01
-2.910733e-01
-3.388736e-01
-3.858422e-01
-4.319478e-01
-4.772154e-01
-5.212910e-01
-5.642866e-01
-6.058915e-01
-6.462983e-01
-6.850911e-01
-7.224003e-01
-7.582133e-01
-7.921950e-01
-8.244386e-01
-8.548321e-01
-8.833199e-01
-9.098957e-01
-9.343608e-01
-9.568021e-01
-9.770707e-01
-9.951107e-01
-1.010885e+00
-1.024573e+00
-1.035952e+00
-1.044786e+00
-1.051515e+00
-1.055768e+00
-1.057692e+00
-1.057257e+00
-1.054489e+00
-1.049417e+00
-1.041943e+00
-1.032103e+00
-1.019961e+00
-1.005521e+00
-9.889153e-01
-9.700373e-01
-9.489989e-01
-9.259243e-01
-9.006212e-01
-8.734495e-01
-8.442043e-01
-8.131341e-01
-7.803070e-01
-7.456362e-01
-7.093886e-01
-6.715084e-01
-6.321507e-01
-5.914893e-01
-5.493132e-01
-5.060756e-01
-4.615095e-01
-4.160868e-01
-3.697204e-01
-3.224166e-01
-2.744921e-01
-2.259282e-01
-1.768117e-01
-1.274221e-01
-7.765389e-02
-2.779250e-02
2.215579e-02
7.198613e-02
1.218475e-01
1.713799e-01
2.203473e-01
2.689858e-01
3.168979e-01
3.642265e-01
4.107418e-01
4.561708e-01
5.006562e-01
5.439559e-01
5.862251e-01
6.270975e-01
6.665359e-01
7.044596e-01
7.408562e-01
7.755891e-01
8.086520e-01
8.398030e-01
8.691474e-01
8.964930e-01
9.219079e-01
9.452059e-01
9.663560e-01
9.854637e-01
1.002293e+00
1.016919e+00
1.029167e+00
1.039230e+00
1.046866e+00
1.052291e+00
1.055252e+00
1.055898e+00
1.054185e+00
1.050106e+00
1.043749e+00
1.035040e+00
1.023921e+00
1.010599e+00
9.949804e-01
9.771825e-01
9.572181e-01
9.351182e-01
9.107834e-01
8.845553e-01
8.562599e-01
8.261271e-01
7.942188e-01
7.604668e-01
7.249517e-01
6.879281e-01
6.493091e-01
6.091568e-01
5.678002e-01
5.251647e-01
4.812256e-01
4.363926e-01
3.904484e-01
3.436040e-01
2.961637e-01
2.478667e-01
1.991786e-01
1.499814e-01
1.004925e-01
5.073669e-02
8.132272e-04
-4.898607e-02
-9.876055e-02
-1.482619e-01
-1.974404e-01
-2.461347e-01
-2.942393e-01
-3.418037e-01
-3.884867e-01
-4.343068e-01
-4.792578e-01
-5.230541e-01
-5.657019e-01
-6.071579e-01
-6.471178e-01
-6.857492e-01
-7.227169e-01
-7.581450e-01
-7.919467e-01
-8.238116e-01
-8.539506e-01
-8.821529e-01
-9.084306e-01
-9.326226e-01
-9.547287e-01
-9.746869e-01
-9.924352e-01
-1.008104e+00
-1.021432e+00
-1.032463e+00
-1.041148e+00
-1.047604e+00
-1.051714e+00
-1.053340e+00
-1.052707e+00
-1.049746e+00
-1.044420e+00
-1.036790e+00
-1.026715e+00
-1.014504e+00
-9.999528e-01
-9.831544e-01
-9.641895e-01
-9.429525e-01
-9.197289e-01
-8.945189e-01
-8.672168e-01
-8.379965e-01
-8.068207e-01
-7.739316e-01
-7.393663e-01
-7.030628e-01
-6.652447e-01
-6.259366e-01
-5.851139e-01
-5.431861e-01
-4.998678e-01
-4.555128e-01
-4.101707e-01
-3.637857e-01
-3.167365e-01
-2.689237e-01
-2.205584e-01
-1.716096e-01
-1.224062e-01
-7.284281e-02
-2.311800e-02
2.666268e-02
7.631299e-02
1.258702e-01
1.751418e-01
2.239106e-01
2.722759e-01
3.200639e-01
3.669889e-01
4.131256e-01
4.584242e-01
5.026303e-01
5.457313e-01
5.876405e-01
6.282211e-01
6.673616e-01
7.049935e-01
7.410921e-01
7.755642e-01
8.082982e-01
8.391325e-01
8.681728e-01
8.952824e-01
9.203000e-01
9.433498e-01
9.643012e-01
9.830241e-01
9.996176e-01
1.013896e+00
1.026044e+00
1.035710e+00
1.043184e+00
1.048355e+00
1.051050e+00
1.051540e+00
1.049554e+00
1.045332e+00
1.038795e+00
1.029924e+00
1.018595e+00
1.005093e+00
9.893623e-01
9.714402e-01
9.513455e-01
9.290779e-01
9.047742e-01
8.784592e-01
8.502011e-01
8.199503e-01
7.879675e-01
7.541968e-01
7.186942e-01
6.816458e-01
6.430516e-01
6.030545e-01
5.616544e-01
5.190624e-01
4.752227e-01
4.304827e-01
3.846751e-01
3.379673e-01
2.905953e-01
2.425155e-01
1.939205e-01
1.448227e-01
9.547039e-02
4.589457e-02
-3.687458e-03
-5.339364e-02
-1.027708e-01
-1.521976e-01
-2.011092e-01
-2.495180e-01
-2.974735e-01
-3.446593e-01
-3.911437e-01
-4.367527e-01
-4.812753e-01
-5.249475e-01
-5.672912e-01
-6.084119e-01
-6.480924e-01
-6.863327e-01
-7.231204e-01
-7.582009e-01
-7.916363e-01
-8.234081e-01
-8.531560e-01
-8.810851e-01
-9.070525e-01
-9.309899e-01
-9.528229e-01
-9.724645e-01
-9.900141e-01
-1.005329e+00
-1.018390e+00
-1.029210e+00
-1.037665e+00
-1.043867e+00
-1.047697e+00
-1.049181e+00
-1.048349e+00
-1.045202e+00
-1.039658e+00
-1.031756e+00
-1.021655e+00
-1.009159e+00
-9.945831e-01
-9.774680e-01
-9.585217e-01
-9.372350e-01
-9.139867e-01
-8.884973e-01
-8.612200e-01
-8.318197e-01
-8.006874e-01
-7.678044e-01
-7.332143e-01
-6.968798e-01
-6.590741e-01
-6.198095e-01
-5.790736e-01
-5.371273e-01
-4.939207e-01
-4.496898e-01
-4.042919e-01
-3.580931e-01
-3.112177e-01
-2.634856e-01
-2.152941e-01
-1.664322e-01
-1.173220e-01
-6.801311e-02
-1.846212e-02
3.104541e-02
8.059640e-02
1.299301e-01
1.788417e-01
2.275298e-01
2.756219e-01
3.230685e-01
3.697949e-01
4.156895e-01
4.607149e-01
5.046478e-01
5.474509e-01
5.890372e-01
6.293323e-01
6.682617e-01
7.056453e-01
7.414770e-01
7.755270e-01
8.079629e-01
8.385304e-01
8.673472e-01
8.941278e-01
9.189716e-01
9.416736e-01
9.623271e-01
9.807023e-01
9.971035e-01
1.011177e+00
1.023009e+00
1.032457e+00
1.039695e+00
1.044612e+00
1.047151e+00
1.047418e+00
1.045264e+00
1.040782e+00
1.034121e+00
1.024915e+00
1.013560e+00
9.998597e-01
9.840111e-01
9.659649e-01
9.457087e-01
9.233108e-01
8.989264e-01
8.724748e-01
8.441981e-01
8.138914e-01
7.818590e-01
7.481069e-01
7.125608e-01
6.755559e-01
6.369990e-01
5.969274e-01
5.557011e-01
5.130408e-01
4.693562e-01
4.245729e-01
3.789701e-01
3.323864e-01
2.850144e-01
2.372016e-01
1.886873e-01
1.398068e-01
9.054757e-02
4.122627e-02
-8.262637e-03
-5.767084e-02
-1.070046e-01
-1.559906e-01
-2.047656e-01
-2.529447e-01
-3.007389e-01
-3.477198e-01
-3.938192e-01
-4.391613e-01
-4.835660e-01
-5.268036e-01
-5.688804e-01
-6.097466e-01
-6.492843e-01
-6.872080e-01
-7.236729e-01
-7.584927e-01
-7.917170e-01
-8.231411e-01
-8.525725e-01
-8.801415e-01
-9.059289e-01
-9.294690e-01
-9.511406e-01
-9.705401e-01
-9.878724e-01
-1.002871e+00
-1.015758e+00
-1.026150e+00
-1.034413e+00
-1.040353e+00
-1.044004e+00
-1.045251e+00
-1.044196e+00
-1.040825e+00
-1.035071e+00
-1.027031e+00
-1.016726e+00
-1.004087e+00
-9.892940e-01
-9.722535e-01
-9.530464e-01
-9.317473e-01
-9.082258e-01
-8.827178e-01
-8.553598e-01
-8.259409e-01
-7.947589e-01
-7.617766e-01
-7.271617e-01
-6.908582e-01
-6.530587e-01
-6.137568e-01
-5.730520e-01
-5.311367e-01
-4.880419e-01
-4.438669e-01
-3.986738e-01
-3.524936e-01
-3.056865e-01
-2.581469e-01
-2.099368e-01
-1.614287e-01
-1.124737e-01
-6.324549e-02
-1.384969e-02
3.553368e-02
8.473703e-02
1.339900e-01
1.826347e-01
2.311055e-01
2.789431e-01
3.260793e-01
3.726567e-01
4.183278e-01
4.630180e-01
5.066468e-01
5.492884e-01
5.906202e-01
6.306360e-01
6.692239e-01
7.063592e-01
7.418867e-01
7.756635e-01
8.078760e-01
8.381579e-01
8.667512e-01
8.932339e-01
9.177362e-01
9.401589e-01
9.605269e-01
9.787096e-01
9.948065e-01
1.008625e+00
1.020147e+00
1.029502e+00
1.036374e+00
1.041111e+00
1.043370e+00
1.043389e+00
1.041067e+00
1.036498e+00
1.029484e+00
1.020184e+00
1.008687e+00
9.947817e-01
9.788338e-01
9.606696e-01
9.403203e-01
9.177734e-01
8.933021e-01
8.668443e-01
8.383131e-01
8.081119e-01
7.760174e-01
7.421536e-01
7.066634e-01
6.696150e-01
6.309836e-01
5.910920e-01
5.497105e-01
5.072489e-01
4.635581e-01
4.189610e-01
3.733023e-01
3.268056e-01
2.796695e-01
2.318939e-01
1.835721e-01
1.347846e-01
8.570546e-02
3.653935e-02
-1.276953e-02
-6.202254e-02
-1.111017e-01
-1.599388e-01
-2.084034e-01
-2.564459e-01
-3.038738e-01
-3.506747e-01
-3.966003e-01
-4.416444e-01
-4.858257e-01
-5.289019e-01
-5.706682e-01
-6.112427e-01
-6.503831e-01
-6.881516e-01
-7.242502e-01
-7.589086e-01
-7.917481e-01
-8.228369e-01
-8.520945e-01
-8.794400e-01
-9.049605e-01
-9.281902e-01
-9.495141e-01
-9.686591e-01
-9.856810e-01
-1.000431e+00
-1.013039e+00
-1.023394e+00
-1.031321e+00
-1.037032e+00
-1.040416e+00
-1.041539e+00
-1.040285e+00
-1.036678e+00
-1.030793e+00
-1.022549e+00
-1.012015e+00
-9.993569e-01
-9.843525e-01
-9.670265e-01
-9.477573e-01
-9.263092e-01
-9.027753e-01
-8.771866e-01
-8.496424e-01
-8.202421e-01
-7.889732e-01
-7.559847e-01
-7.212829e-01
-6.850415e-01
-6.471923e-01
-6.078842e-01
-5.673532e-01
-5.253137e-01
-4.822872e-01
-4.381867e-01
-3.929874e-01
-3.469128e-01
-3.002609e-01
-2.527895e-01
-2.048029e-01
-1.563259e-01
-1.075446e-01
-5.846545e-02
-9.299346e-03
3.989159e-02
8.906390e-02
1.378451e-01
1.864773e-01
2.346936e-01
2.823326e-01
3.293322e-01
3.755123e-01
4.209413e-01
4.654701e-01
5.089126e-01
5.512128e-01
5.923088e-01
6.320451e-01
6.703848e-01
7.071724e-01
7.424578e-01
7.760174e-01
8.078636e-01
8.379468e-01
8.660932e-01
8.924144e-01
9.166809e-01
9.388553e-01
9.589811e-01
9.769093e-01
9.926959e-01
1.006266e+00
1.017583e+00
1.026634e+00
1.033357e+00
1.037759e+00
1.039938e+00
1.039702e+00
1.037107e+00
1.032258e+00
1.025188e+00
1.015702e+00
1.004050e+00
9.899768e-01
9.739420e-01
9.554799e-01
9.350437e-01
9.125340e-01
8.879137e-01
8.612759e-01
8.328316e-01
8.024504e-01
7.702876e-01
7.364672e-01
7.009211e-01
6.638169e-01
6.252538e-01
5.853311e-01
5.440614e-01
5.015501e-01
4.580145e-01
4.133553e-01
3.678208e-01
3.214855e-01
2.743990e-01
2.266979e-01
1.785003e-01
1.298929e-01
8.098750e-02
3.192693e-02
-1.723917e-02
-6.630595e-02
-1.152299e-01
-1.638373e-01
-2.121406e-01
-2.599037e-01
-3.071702e-01
-3.536607e-01
-3.994125e-01
-4.442145e-01
-4.881598e-01
-5.308760e-01
-5.724312e-01
-6.127946e-01
-6.516743e-01
-6.892007e-01
-7.251441e-01
-7.594114e-01
-7.919281e-01
-8.227811e-01
-8.517965e-01
-8.788813e-01
-9.040293e-01
-9.271100e-01
-9.481236e-01
-9.670140e-01
-9.837752e-01
-9.983388e-01
-1.010593e+00
-1.020737e+00
-1.028472e+00
-1.034003e+00
-1.037138e+00
-1.037988e+00
-1.036461e+00
-1.032767e+00
-1.026628e+00
-1.018216e+00
-1.007539e+00
-9.946762e-01
-9.795104e-01
-9.622340e-01
-9.426483e-01
-9.211567e-01
-8.974428e-01
-8.719472e-01
-8.442292e-01
-8.146736e-01
-7.835103e-01
-7.503914e-01
-7.157020e-01
-6.793241e-01
-6.415680e-01
-6.022599e-01
-5.615551e-01
-5.198136e-01
-4.767001e-01
-4.326369e-01
-3.875990e-01
-3.416299e-01
-2.949656e-01
-2.475873e-01
-1.997683e-01
-1.513348e-01
-1.026342e-01
-5.374128e-02
