8.869143e-02
1.381369e-01
1.871602e-01
2.357179e-01
2.837728e-01
3.312380e-01
3.779396e-01
4.238404e-01
4.687541e-01
5.125442e-01
5.552914e-01
5.967411e-01
6.368748e-01
6.757173e-01
7.128278e-01
7.485353e-01
7.824798e-01
8.147667e-01
8.450672e-01
8.735674e-01
9.001246e-01
9.247324e-01
9.472048e-01
9.674113e-01
9.857493e-01
1.001759e+00
1.015454e+00
1.026938e+00
1.036132e+00
1.042986e+00
1.047610e+00
1.049715e+00
1.049690e+00
1.047139e+00
1.042272e+00
1.035170e+00
1.025728e+00
1.013920e+00
9.999342e-01
9.837069e-01
9.652138e-01
9.446534e-01
9.219389e-01
8.971448e-01
8.704325e-01
8.415598e-01
8.110607e-01
7.786557e-01
7.444505e-01
7.087306e-01
6.712663e-01
6.323307e-01
5.920480e-01
5.503934e-01
5.075469e-01
4.635457e-01
4.184457e-01
3.725760e-01
3.257254e-01
2.781672e-01
2.300440e-01
1.812628e-01
1.323139e-01
8.280019e-02
3.328024e-02
-1.623350e-02
-6.586519e-02
-1.152858e-01
-1.644271e-01
-2.131276e-01
-2.614308e-01
-3.091691e-01
-3.562370e-01
-4.024916e-01
-4.478150e-01
-4.922011e-01
-5.354201e-01
-5.774782e-01
-6.182762e-01
-6.575842e-01
-6.955451e-01
-7.319107e-01
-7.665504e-01
-7.996010e-01
-8.307395e-01
-8.601523e-01
-8.875723e-01
-9.130679e-01
-9.365398e-01
-9.577706e-01
-9.770211e-01
-9.939809e-01
-1.008725e+00
-1.021258e+00
-1.031526e+00
-1.039447e+00
-1.044985e+00
-1.048244e+00
-1.049156e+00
-1.047604e+00
-1.043960e+00
-1.037827e+00
-1.029490e+00
-1.018701e+00
-1.005794e+00
-9.904921e-01
-9.730232e-01
-9.534437e-01
-9.317225e-01
-9.079030e-01
-8.819666e-01
-8.541307e-01
-8.243703e-01
-7.928158e-01
-7.594363e-01
-7.243868e-01
-6.877419e-01
-6.495326e-01
-6.098211e-01
-5.688183e-01
-5.265243e-01
-4.829825e-01
-4.384536e-01
-3.929129e-01
-3.464348e-01
-2.993173e-01
-2.514610e-01
-2.030833e-01
-1.541097e-01
-1.048939e-01
-5.540498e-02
-5.878826e-03
4.366595e-02
9.314866e-02
1.425444e-01
1.914560e-01
2.399206e-01
2.879569e-01
3.352358e-01
3.818878e-01
4.276768e-01
4.724726e-01
5.161013e-01
5.587430e-01
6.001244e-01
6.400905e-01
6.786722e-01
7.156399e-01
7.511612e-01
7.848325e-01
8.169209e-01
8.471593e-01
8.754422e-01
9.018131e-01
9.261851e-01
9.483967e-01
9.685474e-01
9.865377e-01
1.002287e+00
1.015882e+00
1.027131e+00
1.036051e+00
1.042762e+00
1.046990e+00
1.049001e+00
1.048678e+00
1.046003e+00
1.040962e+00
1.033575e+00
1.023946e+00
1.011934e+00
9.977367e-01
9.813914e-01
9.626623e-01
9.418537e-01
9.189840e-01
8.940533e-01
8.671175e-01
8.383379e-01
8.074477e-01
7.749310e-01
7.406762e-01
7.046396e-01
6.672374e-01
6.281466e-01
5.877894e-01
5.461038e-01
5.030959e-01
4.591009e-01
4.139823e-01
3.680008e-01
3.210385e-01
2.735175e-01
2.254129e-01
1.767124e-01
1.276518e-01
7.820638e-02
2.882921e-02
-2.085835e-02
-7.030380e-02
-1.196375e-01
-1.687788e-01
-2.174855e-01
-2.657080e-01
-3.133532e-01
-3.601541e-01
-4.063529e-01
-4.517011e-01
-4.957892e-01
-5.389586e-01
-5.807870e-01
-6.214235e-01
-6.607440e-01
-6.983945e-01
-7.345242e-01
-7.691205e-01
-8.018668e-01
-8.328750e-01
-8.621202e-01
-8.893540e-01
-9.145702e-01
-9.377875e-01
-9.588507e-01
-9.777971e-01
-9.946079e-01
-1.009140e+00
-1.021420e+00
-1.031476e+00
-1.039143e+00
-1.044643e+00
-1.047722e+00
-1.048343e+00
-1.046717e+00
-1.042737e+00
-1.036412e+00
-1.027783e+00
-1.016888e+00
-1.003758e+00
-9.882262e-01
-9.706580e-01
-9.506998e-01
-9.288793e-01
-9.049108e-01
-8.788627e-01
-8.508591e-01
-8.208877e-01
-7.892649e-01
-7.556433e-01
-7.204820e-01
-6.837689e-01
-6.453485e-01
-6.056246e-01
-5.645473e-01
-5.221105e-01
-4.785997e-01
-4.339653e-01
-3.883750e-01
-3.418969e-01
-2.947173e-01
-2.468238e-01
-1.984088e-01
-1.495096e-01
-1.003249e-01
-5.081739e-02
-1.440219e-03
4.826597e-02
9.752518e-02
1.469148e-01
1.957767e-01
2.441544e-01
2.921100e-01
3.392771e-01
3.858111e-01
4.314760e-01
4.761228e-01
5.196832e-01
5.622007e-01
6.033401e-01
6.431199e-01
6.815589e-01
7.183838e-01
7.537126e-01
7.873095e-01
8.191371e-01
8.491023e-01
8.772859e-01
9.034085e-01
9.275446e-01
9.495638e-01
9.695344e-01
9.873571e-01
1.002895e+00
1.016199e+00
1.027162e+00
1.035971e+00
1.042414e+00
1.046524e+00
1.048324e+00
1.047679e+00
1.044730e+00
1.039553e+00
1.032010e+00
1.022196e+00
1.009979e+00
9.955701e-01
9.789641e-01
9.600613e-01
9.391533e-01
9.160104e-01
8.910301e-01
8.639204e-01
8.348367e-01
8.039465e-01
7.713243e-01
7.369204e-01
7.008529e-01
6.631588e-01
6.241177e-01
5.835867e-01
5.418080e-01
4.986883e-01
4.546561e-01
4.094444e-01
3.634132e-01
3.165502e-01
2.689547e-01
2.207881e-01
1.721434e-01
1.230270e-01
7.361258e-02
2.417954e-02
-2.538386e-02
-7.478586e-02
-1.242065e-01
-1.731739e-01
-2.217565e-01
-2.699169e-01
-3.174566e-01
-3.642202e-01
-4.102266e-01
-4.554196e-01
-4.993774e-01
-5.424039e-01
-5.840834e-01
-6.245461e-01
-6.636803e-01
-7.012191e-01
-7.371936e-01
-7.715477e-01
-8.042196e-01
-8.351347e-01
-8.640073e-01
-8.910052e-01
-9.160228e-01
-9.390788e-01
-9.600116e-01
-9.787034e-01
-9.952721e-01
-1.009625e+00
-1.021687e+00
-1.031520e+00
-1.038994e+00
-1.044128e+00
-1.046928e+00
-1.047598e+00
-1.045680e+00
-1.041639e+00
-1.034928e+00
-1.026175e+00
-1.015088e+00
-1.001567e+00
-9.860659e-01
-9.681004e-01
-9.482229e-01
-9.260795e-01
-9.019186e-01
-8.757774e-01
-8.475069e-01
-8.174237e-01
-7.855961e-01
-7.519930e-01
-7.167077e-01
-6.797710e-01
-6.413259e-01
-6.014094e-01
-5.602949e-01
-5.177402e-01
-4.741177e-01
-4.294647e-01
-3.838929e-01
-3.373341e-01
-2.900924e-01
-2.421679e-01
-1.937716e-01
-1.449158e-01
-9.569387e-02
-4.623600e-02
3.259117e-03
5.270457e-02
1.021004e-01
1.513161e-01
2.000353e-01
2.483881e-01
2.962258e-01
3.434178e-01
3.897655e-01
4.353062e-01
4.797792e-01
5.232465e-01
5.655467e-01
6.065495e-01
6.462425e-01
6.844766e-01
7.212704e-01
7.562330e-01
7.897057e-01
8.213346e-01
8.511447e-01
8.790303e-01
9.049977e-01
9.289476e-01
9.507557e-01
9.704035e-01
9.881021e-01
1.003454e+00
1.016478e+00
1.027348e+00
1.035896e+00
1.042135e+00
1.046009e+00
1.047536e+00
1.046785e+00
1.043637e+00
1.038206e+00
1.030446e+00
1.020327e+00
1.008029e+00
9.934160e-01
9.765431e-01
9.575471e-01
9.363908e-01
9.132666e-01
8.879199e-01
8.606365e-01
8.314720e-01
8.004763e-01
7.675934e-01
7.331026e-01
6.969171e-01
6.591548e-01
6.199399e-01
5.794275e-01
5.374563e-01
4.944545e-01
4.501678e-01
4.050430e-01
3.588691e-01
3.118819e-01
2.643982e-01
2.161819e-01
1.675186e-01
1.183835e-01
6.912431e-02
1.962919e-02
-2.987834e-02
-7.926792e-02
-1.284899e-01
-1.775194e-01
-2.260337e-01
-2.740514e-01
-3.215724e-01
-3.682119e-01
-4.141437e-01
-4.591257e-01
-5.030648e-01
-5.459424e-01
-5.875101e-01
-6.278362e-01
-6.666539e-01
-7.040809e-01
-7.398753e-01
-7.740619e-01
-8.064544e-01
-8.370839e-01
-8.658759e-01
-8.927434e-01
-9.175686e-01
-9.404072e-01
-9.610607e-01
-9.795911e-01
-9.959178e-01
-1.010028e+00
-1.021879e+00
-1.031514e+00
-1.038746e+00
-1.043613e+00
-1.046425e+00
-1.046574e+00
-1.044538e+00
-1.040180e+00
-1.033450e+00
-1.024368e+00
-1.013089e+00
-9.994686e-01
-9.836573e-01
-9.656918e-01
-9.455101e-01
-9.231432e-01
-8.988333e-01
-8.724935e-01
-8.442167e-01
-8.139597e-01
-7.819521e-01
-7.483118e-01
-7.127967e-01
-6.757483e-01
-6.372721e-01
-5.973123e-01
-5.559308e-01
-5.135499e-01
-4.697349e-01
-4.250012e-01
-3.793363e-01
-3.327465e-01
-2.855793e-01
-2.376734e-01
-1.892274e-01
-1.403282e-01
-9.112490e-02
-4.174152e-02
7.691515e-03
5.717422e-02
1.065452e-01
1.557299e-01
2.043497e-01
2.525908e-01
3.004036e-01
3.474032e-01
3.937013e-01
4.390434e-01
4.835412e-01
5.267974e-01
5.689486e-01
6.097962e-01
6.493216e-01
6.874191e-01
7.238964e-01
7.588838e-01
7.921392e-01
8.235446e-01
8.531809e-01
8.808865e-01
9.065621e-01
9.302885e-01
9.520345e-01
9.715396e-01
9.887849e-01
1.003957e+00
1.016801e+00
1.027454e+00
1.035760e+00
1.041725e+00
1.045369e+00
1.046779e+00
1.045835e+00
1.042470e+00
1.036796e+00
1.028782e+00
1.018489e+00
1.006030e+00
9.911688e-01
9.742338e-01
9.550267e-01
9.336841e-01
9.102806e-01
8.847912e-01
8.574084e-01
8.280888e-01
7.968571e-01
7.639556e-01
7.292475e-01
6.929751e-01
6.551445e-01
6.158054e-01
5.751627e-01
5.331853e-01
4.899911e-01
4.457913e-01
4.004244e-01
3.543063e-01
3.073192e-01
2.597299e-01
2.115694e-01
1.628503e-01
1.137401e-01
6.452430e-02
1.506022e-02
-3.434799e-02
-8.377482e-02
-1.329099e-01
-1.818215e-01
-2.303171e-01
-2.781672e-01
-3.256385e-01
-3.721849e-01
-4.179988e-01
-4.628256e-01
-5.066343e-01
-5.494188e-01
-5.908251e-01
-6.309153e-01
-6.696585e-01
-7.068807e-01
-7.425385e-01
-7.764582e-01
-8.088010e-01
-8.392505e-01
-8.678624e-01
-8.943575e-01
-9.190274e-01
-9.415681e-01
-9.620726e-01
-9.803609e-01
-9.965199e-01
-1.010500e+00
-1.022146e+00
-1.031470e+00
-1.038522e+00
-1.043321e+00
-1.045686e+00
-1.045717e+00
-1.043513e+00
-1.038907e+00
-1.031942e+00
-1.022698e+00
-1.011152e+00
-9.973952e-01
-9.813790e-01
-9.632148e-01
-9.428221e-01
-9.203559e-01
-8.958163e-01
-8.693523e-01
-8.408148e-01
-8.104957e-01
-7.783453e-01
-7.445561e-01
-7.089417e-01
-6.718126e-01
-6.331315e-01
-5.930661e-01
-5.517591e-01
-5.091237e-01
-4.653770e-01
-4.205440e-01
-3.748232e-01
-3.282831e-01
-2.809172e-01
-2.330610e-01
-1.845343e-01
-1.356786e-01
-8.649385e-02
-3.717255e-02
1.230394e-02
6.168732e-02
1.109155e-01
1.600940e-01
2.086766e-01
2.567998e-01
3.044574e-01
3.514135e-01
3.975812e-01
4.428301e-01
4.871231e-01
5.303297e-01
5.722636e-01
6.130678e-01
6.523882e-01
6.903119e-01
7.267271e-01
7.613545e-01
7.944236e-01
8.257236e-01
8.550991e-01
8.826681e-01
9.081513e-01
9.316976e-01
9.531085e-01
9.723962e-01
9.896044e-01
1.004429e+00
1.017105e+00
1.027460e+00
1.035617e+00
1.041477e+00
1.044860e+00
1.046034e+00
1.044860e+00
1.041285e+00
1.035393e+00
1.027143e+00
1.016708e+00
1.003969e+00
9.889836e-01
9.718624e-01
9.524380e-01
9.308658e-01
9.074001e-01
8.817680e-01
8.541617e-01
8.245875e-01
7.933869e-01
7.601936e-01
7.254235e-01
6.890642e-01
6.510660e-01
6.117145e-01
5.709227e-01
5.288212e-01
4.855898e-01
4.412782e-01
3.960168e-01
3.497870e-01
3.028619e-01
2.552230e-01
2.069508e-01
1.583310e-01
1.091897e-01
5.990567e-02
1.051608e-02
-3.889212e-02
-8.821342e-02
-1.374106e-01
-1.861669e-01
-2.345757e-01
-2.824195e-01
-3.295681e-01
-3.761579e-01
-4.218104e-01
-4.665876e-01
-5.102349e-01
-5.527524e-01
-5.941463e-01
-6.340565e-01
-6.726693e-01
-7.096618e-01
-7.450961e-01
-7.789723e-01
-8.110048e-01
-8.413549e-01
-8.696627e-01
-8.960833e-01
-9.205111e-01
-9.429525e-01
-9.632148e-01
-9.813231e-01
-9.971779e-01
-1.010835e+00
-1.022233e+00
-1.031420e+00
-1.038230e+00
-1.042843e+00
-1.045078e+00
-1.044854e+00
-1.042377e+00
-1.037572e+00
-1.030458e+00
-1.021028e+00
-1.009209e+00
-9.952846e-01
-9.791193e-01
-9.606448e-01
-9.401775e-01
-9.175251e-01
-8.927434e-01
-8.661801e-01
-8.375061e-01
-8.070504e-01
-7.747075e-01
-7.408003e-01
-7.051176e-01
-6.677961e-01
-6.290592e-01
-5.889131e-01
-5.475254e-01
-5.047844e-01
-4.609198e-01
-4.160743e-01
-3.702481e-01
-3.236706e-01
-2.763731e-01
-2.283679e-01
-1.799777e-01
-1.310165e-01
-8.194350e-02
-3.263462e-02
1.677979e-02
6.612592e-02
1.153479e-01
1.644023e-01
2.130221e-01
2.610273e-01
3.085111e-01
3.554237e-01
4.014487e-01
4.466914e-01
4.907112e-01
5.338061e-01
5.756531e-01
6.162462e-01
6.554177e-01
6.932110e-01
7.293220e-01
7.639059e-01
7.967764e-01
8.279460e-01
8.571042e-01
8.844125e-01
9.097157e-01
9.330944e-01
9.543066e-01
9.733709e-01
9.903245e-01
1.005025e+00
1.017471e+00
1.027640e+00
1.035487e+00
1.040993e+00
1.044339e+00
1.045165e+00
1.043824e+00
1.040093e+00
1.033972e+00
1.025585e+00
1.014858e+00
1.001927e+00
9.867736e-01
9.693854e-01
9.499052e-01
9.281219e-01
9.045321e-01
8.785647e-01
8.509212e-01
8.211856e-01
7.897802e-01
7.565806e-01
7.216119e-01
6.851346e-01
6.470681e-01
6.074931e-01
5.666580e-01
5.245191e-01
4.812008e-01
4.368396e-01
3.914975e-01
3.452677e-01
2.981999e-01
2.506105e-01
2.023508e-01
1.536130e-01
1.045711e-01
5.532428e-02
5.984359e-03
-4.338660e-02
-9.264582e-02
-1.416878e-01
-1.905249e-01
-2.387412e-01
-2.865912e-01
-3.337087e-01
-3.800502e-01
-4.256034e-01
-4.702191e-01
-5.138851e-01
-5.561853e-01
-5.973868e-01
-6.371852e-01
-6.755994e-01
-7.124181e-01
-7.477593e-01
-7.814244e-01
-8.132893e-01
-8.433166e-01
-8.715064e-01
-8.977345e-01
-9.219637e-01
-9.441444e-01
-9.641646e-01
-9.820867e-01
-9.978422e-01
-1.011251e+00
-1.022475e+00
-1.031402e+00
-1.038007e+00
-1.042371e+00
-1.044314e+00
-1.043960e+00
-1.041235e+00
-1.036263e+00
-1.028900e+00
-1.019241e+00
-1.007334e+00
-9.931739e-01
-9.768162e-01
-9.581617e-01
-9.374709e-01
-9.146633e-01
-8.898133e-01
-8.630141e-01
-8.342159e-01
-8.035616e-01
-7.711567e-01
-7.369763e-01
-7.011881e-01
-6.637858e-01
-6.249868e-01
-5.847166e-01
-5.431302e-01
-5.004079e-01
-4.565557e-01
-4.116295e-01
-3.657908e-01
-3.191141e-01
-2.717979e-01
-2.238175e-01
-1.753529e-01
-1.264413e-01
-7.740557e-02
-2.803461e-02
2.131773e-02
7.066386e-02
1.197617e-01
1.687477e-01
2.172434e-01
2.652486e-01
3.127200e-01
3.594216e-01
4.053348e-01
4.503665e-01
4.944608e-01
5.373197e-01
5.790240e-01
6.195177e-01
6.585154e-01
6.960666e-01
7.320783e-01
7.664822e-01
7.991913e-01
8.300070e-01
8.590721e-01
8.862066e-01
9.113856e-01
9.343856e-01
9.553868e-01
9.742648e-01
9.910136e-01
1.005459e+00
1.017664e+00
1.027615e+00
1.035362e+00
1.040676e+00
1.043693e+00
1.044457e+00
1.042793e+00
1.038857e+00
1.032525e+00
1.023971e+00
1.013033e+00
9.999032e-01
9.845760e-01
9.669333e-01
9.471800e-01
9.254153e-01
9.014468e-01
8.755167e-01
8.476124e-01
8.179079e-01
7.862479e-01
7.529739e-01
7.179120e-01
6.811926e-01
6.429772e-01
6.034208e-01
5.623870e-01
5.202047e-01
4.768367e-01
4.324258e-01
3.870217e-01
3.406677e-01
2.937178e-01
2.458988e-01
1.977880e-01
1.490565e-01
9.996487e-02
5.075531e-02
1.415388e-03
-4.789349e-02
-9.716513e-02
-1.460395e-01
-1.948021e-01
-2.429439e-01
-2.906263e-01
-3.377748e-01
-3.840419e-01
-4.295081e-01
-4.739749e-01
-5.174298e-01
-5.596928e-01
-6.006024e-01
-6.403140e-01
-6.785729e-01
-7.153544e-01
-7.503976e-01
-7.838889e-01
-8.155241e-01
-8.454149e-01
-8.733936e-01
-8.994293e-01
-9.234785e-01
-9.454604e-01
-9.652262e-01
-9.828813e-01
-9.984630e-01
-1.011624e+00
-1.022698e+00
-1.031340e+00
-1.037709e+00
-1.041819e+00
-1.043569e+00
-1.043048e+00
-1.040155e+00
-1.034909e+00
-1.027373e+00
-1.017533e+00
-1.005379e+00
-9.910074e-01
-9.744324e-01
-9.556537e-01
-9.348016e-01
-9.118450e-01
-8.868274e-01
-8.597177e-01
-8.308450e-01
-8.000542e-01
-7.675375e-01
-7.332640e-01
-6.973330e-01
-6.598687e-01
-6.208959e-01
-5.805511e-01
-5.389461e-01
-4.961120e-01
-4.521854e-01
-4.071723e-01
-3.613460e-01
-3.145637e-01
-2.672848e-01
-2.192672e-01
-1.707343e-01
-1.219406e-01
-7.278073e-02
-2.350289e-02
2.581841e-02
7.522041e-02
1.241941e-01
1.730001e-01
2.215454e-01
2.694451e-01
3.167923e-01
3.634194e-01
4.092457e-01
4.541657e-01
4.979992e-01
5.408457e-01
5.823824e-01
6.226837e-01
6.616007e-01
6.989408e-01
7.347911e-01
7.689839e-01
8.014695e-01
8.322294e-01
8.609903e-01
8.879261e-01
9.128258e-01
9.357824e-01
9.565104e-01
9.751587e-01
9.916654e-01
1.005925e+00
1.017962e+00
1.027689e+00
1.035095e+00
1.040310e+00
1.043079e+00
1.043625e+00
1.041837e+00
1.037616e+00
1.031060e+00
1.022295e+00
1.011177e+00
9.978422e-01
9.822543e-01
9.645619e-01
9.446534e-01
9.226031e-01
8.985043e-01
8.724314e-01
8.444154e-01
8.144315e-01
7.826598e-01
7.491623e-01
7.140942e-01
6.772879e-01
6.389545e-01
5.992739e-01
5.582587e-01
5.159523e-01
4.724291e-01
4.279624e-01
3.825085e-01
3.362353e-01
2.890867e-01
2.414354e-01
1.931570e-01
1.445123e-01
9.538969e-02
4.624842e-02
-3.103921e-03
-5.236314e-02
-1.015603e-01
-1.505215e-01
-1.990917e-01
-2.472397e-01
-2.948725e-01
-3.417044e-01
-3.880025e-01
-4.332701e-01
-4.776375e-01
-5.208813e-01
-5.630760e-01
-6.038802e-01
-6.434676e-01
-6.814906e-01
-7.180486e-01
-7.530236e-01
-7.862479e-01
-8.177775e-01
-8.474572e-01
-8.752684e-01
-9.010557e-01
-9.248566e-01
-9.465840e-01
-9.662939e-01
-9.837690e-01
-9.990093e-01
-1.012114e+00
-1.022823e+00
-1.031315e+00
-1.037535e+00
-1.041384e+00
-1.042917e+00
-1.042166e+00
-1.039000e+00
-1.033612e+00
-1.025771e+00
-1.015752e+00
-1.003448e+00
-9.888594e-01
-9.720859e-01
-9.531395e-01
-9.321011e-01
-9.089459e-01
-8.837234e-01
-8.565455e-01
-8.274928e-01
-7.966150e-01
-7.639121e-01
-7.295579e-01
-6.934779e-01
-6.558833e-01
-6.168421e-01
-5.763918e-01
-5.346441e-01
-4.917417e-01
-4.477157e-01
-4.026654e-01
-3.567895e-01
-3.100134e-01
-2.626724e-01
-2.147168e-01
-1.661529e-01
-1.172972e-01
-6.824901e-02
-1.901462e-02
3.033772e-02
7.955348e-02
1.286513e-01
1.773518e-01
2.257854e-01
2.736541e-01
3.208274e-01
3.673738e-01
4.131132e-01
4.578966e-01
5.015749e-01
5.443097e-01
5.857409e-01
6.257752e-01
6.645991e-01
7.018027e-01
7.374853e-01
7.715043e-01
8.037664e-01
8.343339e-01
8.628837e-01
8.896581e-01
9.144585e-01
9.370674e-01
9.576526e-01
9.761768e-01
9.924041e-01
1.006397e+00
1.018204e+00
1.027789e+00
1.035077e+00
1.039969e+00
1.042539e+00
1.042756e+00
1.040720e+00
1.036349e+00
1.029657e+00
1.020662e+00
1.009432e+00
9.958681e-01
9.800381e-01
9.621347e-01
9.420523e-01
9.197600e-01
8.956177e-01
8.693088e-01
8.411128e-01
8.109613e-01
7.791710e-01
7.455059e-01
7.102205e-01
6.733335e-01
6.349380e-01
5.950837e-01
5.540374e-01
5.115882e-01
4.681085e-01
4.235300e-01
3.780203e-01
3.316787e-01
2.846171e-01
2.368167e-01
1.885570e-01
1.399372e-01
9.081451e-02
4.164841e-02
-7.579774e-03
-5.688245e-02
-1.059492e-01
-1.548732e-01
-2.033627e-01
-2.513927e-01
-2.989945e-01
-3.457147e-01
-3.918824e-01
-4.371562e-01
-4.813808e-01
-5.244136e-01
-5.664779e-01
-6.071269e-01
-6.465839e-01
-6.844021e-01
-7.207800e-01
-7.556495e-01
-7.886441e-01
-8.199565e-01
-8.494375e-01
-8.770252e-01
-9.026760e-01
-9.262782e-01
-9.478629e-01
-9.673058e-01
-9.845636e-01
-9.995866e-01
-1.012393e+00
-1.022965e+00
-1.031333e+00
-1.037219e+00
-1.040831e+00
-1.042284e+00
-1.041185e+00
-1.037839e+00
-1.032258e+00
-1.024312e+00
-1.013983e+00
-1.001468e+00
-9.867115e-01
-9.697889e-01
-9.506253e-01
-9.293449e-01
-9.060282e-01
-8.807126e-01
-8.534168e-01
-8.241654e-01
-7.931138e-01
-7.602867e-01
-7.257401e-01
-6.895732e-01
-6.519102e-01
-6.127822e-01
-5.721643e-01
-5.304166e-01
-4.873466e-01
-4.433206e-01
-3.981833e-01
-3.522081e-01
-3.055872e-01
-2.580910e-01
-2.100920e-01
-1.615777e-01
-1.126661e-01
-6.364900e-02
-1.443944e-02
3.477633e-02
8.402313e-02
1.330092e-01
1.817097e-01
2.300253e-01
2.777885e-01
3.249805e-01
3.713655e-01
4.169683e-01
4.616275e-01
5.052065e-01
5.477551e-01
5.890496e-01
6.289723e-01
6.675664e-01
7.046458e-01
7.400678e-01
7.739750e-01
8.060944e-01
8.364694e-01
8.648640e-01
8.914087e-01
9.159608e-01
9.384456e-01
9.586831e-01
9.769963e-01
9.930808e-01
1.006962e+00
1.018403e+00
1.027745e+00
1.034853e+00
1.039553e+00
1.041968e+00
1.041992e+00
1.039726e+00
1.035120e+00
1.028217e+00
1.018955e+00
1.007545e+00
9.938257e-01
9.778281e-01
9.597633e-01
9.394264e-01
9.170409e-01
8.926627e-01
8.661428e-01
8.378475e-01
8.075905e-01
7.755891e-01
7.417874e-01
7.063902e-01
6.693419e-01
6.309401e-01
5.909989e-01
5.497602e-01
5.072862e-01
4.637319e-01
4.190789e-01
3.735941e-01
3.271098e-01
2.800295e-01
2.323471e-01
1.839880e-01
1.352999e-01
8.628899e-02
3.711047e-02
-1.215495e-02
-6.132106e-02
-1.104437e-01
-1.591753e-01
-2.076088e-01
-2.556389e-01
-3.031041e-01
-3.498367e-01
-3.957685e-01
-4.408374e-01
-4.849938e-01
-5.279769e-01
-5.698550e-01
-6.104419e-01
-6.495388e-01
-6.874067e-01
-7.235301e-01
-7.582071e-01
-7.910404e-01
-8.221292e-01
-8.514551e-01
-8.788813e-01
-9.043273e-01
-9.277494e-01
-9.490237e-01
-9.682556e-01
-9.853086e-01
-1.000139e+00
-1.012766e+00
-1.023089e+00
-1.031166e+00
-1.036983e+00
-1.040378e+00
-1.041477e+00
-1.040273e+00
-1.036747e+00
-1.030924e+00
-1.022698e+00
-1.012244e+00
-9.995369e-01
-9.845760e-01
-9.673927e-01
-9.481050e-01
-9.266569e-01
-9.032223e-01
-8.777080e-01
-8.501080e-01
-8.208504e-01
-7.896064e-01
-7.566738e-01
-7.220340e-01
-6.857119e-01
-6.479124e-01
-6.085919e-01
-5.680423e-01
-5.261083e-01
-4.830880e-01
-4.388944e-01
-3.937510e-01
-3.477074e-01
-3.009375e-01
-2.535965e-01
-2.055478e-01
-1.570211e-01
-1.081406e-01
-5.906761e-02
-9.870467e-03
3.930184e-02
8.848036e-02
1.374354e-01
1.860676e-01
2.342591e-01
2.819539e-01
3.290032e-01
3.753323e-01
4.208171e-01
4.653212e-01
5.088319e-01
5.512128e-01
5.922901e-01
6.321631e-01
6.705400e-01
7.074456e-01
7.427682e-01
7.764085e-01
8.083602e-01
8.385428e-01
8.667202e-01
8.930228e-01
9.174258e-01
9.397058e-01
9.598750e-01
9.778591e-01
9.937512e-01
1.007396e+00
1.018694e+00
1.027801e+00
1.034599e+00
1.039131e+00
1.041185e+00
1.041167e+00
1.038603e+00
1.033786e+00
1.026665e+00
1.017198e+00
1.005664e+00
9.916964e-01
9.755622e-01
9.572181e-01
9.367756e-01
9.142598e-01
8.896457e-01
8.630637e-01
8.346070e-01
8.041637e-01
7.720320e-01
7.381558e-01
7.025228e-01
6.655489e-01
6.268181e-01
5.869079e-01
5.454830e-01
5.030152e-01
4.593802e-01
4.146714e-01
3.690375e-01
3.226029e-01
2.755164e-01
2.276912e-01
1.794128e-01
1.307496e-01
8.171381e-02
3.257875e-02
-1.663081e-02
-6.574725e-02
-1.148202e-01
-1.635766e-01
-2.118488e-01
-2.598292e-01
-3.071578e-01
-3.537911e-01
-3.997105e-01
-4.446615e-01
-4.886564e-01
-5.314595e-01
-5.731576e-01
-6.136265e-01
-6.526924e-01
-6.902561e-01
-7.262802e-01
-7.606654e-01
-7.934490e-01
-8.243951e-01
-8.534975e-01
-8.806878e-01
-9.059661e-01
-9.291152e-01
-9.502591e-01
-9.691992e-01
-9.860411e-01
-1.000679e+00
-1.013095e+00
-1.023238e+00
-1.031091e+00
-1.036623e+00
-1.039838e+00
-1.040763e+00
-1.039304e+00
-1.035592e+00
-1.029521e+00
-1.021103e+00
-1.010531e+00
-9.975877e-01
-9.824964e-01
-9.651207e-01
-9.455411e-01
-9.240372e-01
-9.003542e-01
-8.745979e-01
-8.470165e-01
-8.174672e-01
-7.860927e-01
-7.530173e-01
-7.182534e-01
-6.818320e-01
-6.439394e-01
-6.045506e-01
-5.638396e-01
-5.218187e-01
-4.787860e-01
-4.344682e-01
-3.892751e-01
-3.432005e-01
-2.964927e-01
-2.489158e-01
-2.009789e-01
-1.524211e-01
-1.035530e-01
-5.448622e-02
-5.357367e-03
4.388323e-02
9.286930e-02
1.418678e-01
1.904131e-01
2.385115e-01
2.860822e-01
3.329762e-01
3.792494e-01
4.246908e-01
4.690893e-01
5.123455e-01
5.546458e-01
5.957106e-01
6.353974e-01
6.735818e-01
7.103136e-01
7.454624e-01
7.789413e-01
8.106634e-01
8.406286e-01
8.687253e-01
8.947486e-01
9.189467e-01
9.409846e-01
9.609242e-01
9.787407e-01
9.943472e-01
1.007855e+00
1.018943e+00
1.027814e+00
1.034431e+00
1.038715e+00
1.040670e+00
1.040254e+00
1.037603e+00
1.032556e+00
1.025225e+00
1.015646e+00
1.003733e+00
9.896416e-01
9.733212e-01
9.548156e-01
9.341187e-01
9.114042e-01
8.866349e-01
8.599226e-01
8.312423e-01
8.007556e-01
7.684749e-01
7.344745e-01
6.987546e-01
6.616007e-01
6.227023e-01
5.827238e-01
5.413300e-01
4.987131e-01
4.550099e-01
4.102514e-01
3.645803e-01
3.181457e-01
2.709412e-01
2.231284e-01
1.748252e-01
1.261123e-01
7.719451e-02
2.797253e-02
-2.111287e-02
-7.026035e-02
-1.191719e-01
-1.679097e-01
-2.161694e-01
-2.640754e-01
-3.112798e-01
-3.577827e-01
-4.036214e-01
-4.484544e-01
-4.923191e-01
-5.350104e-01
-5.765781e-01
-6.168608e-01
-6.557343e-01
-6.931055e-01
-7.291047e-01
-7.632292e-01
-7.957770e-01
-8.265927e-01
-8.553784e-01
-8.825377e-01
-9.075181e-01
-9.304809e-01
-9.515131e-01
-9.702173e-01
-9.868543e-01
-1.001337e+00
-1.013486e+00
-1.023406e+00
-1.030936e+00
-1.036256e+00
-1.039298e+00
-1.040006e+00
-1.038386e+00
-1.034369e+00
-1.028105e+00
-1.019545e+00
-1.008675e+00
-9.956198e-01
-9.802305e-01
-9.627741e-01
-9.430456e-01
-9.212933e-01
-8.973559e-01
-8.716244e-01
-8.437884e-01
-8.140590e-01
-7.826784e-01
-7.494168e-01
-7.144170e-01
-6.779770e-01
-6.399291e-01
-6.004659e-01
-5.596493e-01
-5.176657e-01
-4.744156e-01
-4.301103e-01
-3.848613e-01
-3.387246e-01
-2.918803e-01
-2.445269e-01
-1.963168e-01
-1.478770e-01
-9.904611e-02
-4.995450e-02
-8.194350e-04
4.827838e-02
9.735137e-02
1.461885e-01
1.946593e-01
2.427514e-01
2.901793e-01
3.370361e-01
3.831790e-01
4.284838e-01
4.727706e-01
5.160020e-01
5.581035e-01
5.990194e-01
6.384268e-01
6.765492e-01
7.131382e-01
7.480511e-01
7.813686e-01
8.129478e-01
8.426524e-01
8.706497e-01
8.964992e-01
9.204118e-01
9.423068e-01
9.620229e-01
9.796967e-01
9.950921e-01
1.008259e+00
1.019296e+00
1.027925e+00
1.034313e+00
1.038261e+00
1.040024e+00
1.039447e+00
1.036548e+00
1.031346e+00
1.023779e+00
1.013958e+00
1.001877e+00
9.875496e-01
9.710491e-01
9.523884e-01
9.315424e-01
9.086479e-01
8.837483e-01
8.567566e-01
8.279894e-01
7.973662e-01
7.647936e-01
7.307312e-01
6.948499e-01
6.576277e-01
6.187293e-01
5.785149e-01
5.370714e-01
4.943738e-01
4.506396e-01
4.057817e-01
3.601169e-01
3.135146e-01
2.664592e-01
2.185533e-01
1.702997e-01
1.215930e-01
7.263795e-02
2.353393e-02
-2.563218e-02
-7.468033e-02
-1.236664e-01
-1.722490e-01
-2.205025e-01
-2.682222e-01
-3.152466e-01
-3.618302e-01
-4.074517e-01
-4.521543e-01
-4.959755e-01
-5.385116e-01
-5.798682e-01
-6.201137e-01
-6.587699e-01
-6.961225e-01
-7.318114e-01
-7.657869e-01
-7.981359e-01
-8.287530e-01
-8.575015e-01
-8.842511e-01
-9.091197e-01
-9.319087e-01
-9.525808e-01
-9.711733e-01
-9.875868e-01
-1.001821e+00
-1.013703e+00
-1.023443e+00
-1.030905e+00
-1.036014e+00
-1.038764e+00
-1.039224e+00
-1.037399e+00
-1.033258e+00
-1.026789e+00
-1.017993e+00
-1.006937e+00
-9.936271e-01
-9.781075e-01
-9.603158e-01
-9.405438e-01
-9.185494e-01
-8.945127e-01
-8.685142e-01
-8.405665e-01
-8.107316e-01
-7.791027e-01
-7.457604e-01
-7.107482e-01
-6.740660e-01
-6.359250e-01
-5.963501e-01
-5.555087e-01
-5.134009e-01
-4.700143e-01
-4.257462e-01
-3.804413e-01
-3.342115e-01
-2.874293e-01
-2.398462e-01
-1.917416e-01
-1.432770e-01
-9.450197e-02
-4.537932e-02
3.631587e-03
5.276044e-02
1.018521e-01
1.505836e-01
1.989737e-01
2.470348e-01
2.943696e-01
3.411209e-01
3.871148e-01
4.322830e-01
4.764828e-01
5.194597e-01
5.615737e-01
6.021482e-01
6.415121e-01
6.794855e-01
7.158572e-01
7.506584e-01
7.838331e-01
8.151765e-01
8.447879e-01
8.724562e-01
8.981505e-01
9.219327e-01
9.435919e-01
9.630845e-01
9.805099e-01
9.957005e-01
1.008675e+00
1.019396e+00
1.027801e+00
1.034015e+00
1.037852e+00
1.039329e+00
1.038559e+00
1.035499e+00
1.030073e+00
1.022313e+00
1.012238e+00
1.000009e+00
9.855072e-01
9.687957e-01
9.499611e-01
9.289351e-01
9.058358e-01
8.807499e-01
8.536589e-01
8.246993e-01
7.938463e-01
7.612986e-01
7.270065e-01
6.911128e-01
6.537105e-01
6.147501e-01
5.744240e-01
5.328997e-01
4.900470e-01
4.462196e-01
4.013990e-01
3.556534e-01
3.090450e-01
2.618529e-01
2.140029e-01
1.657121e-01
1.170240e-01
6.805656e-02
1.902083e-02
-3.012665e-02
-7.913135e-02
-1.280057e-01
-1.765883e-01
-2.247611e-01
-2.723194e-01
-3.194058e-01
-3.657784e-01
-4.112695e-01
-4.559721e-01
-4.995388e-01
-5.420314e-01
-5.832577e-01
-6.233417e-01
-6.618490e-01
-6.989470e-01
-7.344869e-01
-7.682886e-01
-8.005135e-01
-8.308947e-01
-8.594508e-01
-8.860141e-01
-9.106531e-01
-9.332744e-01
-9.537913e-01
-9.721355e-01
-9.883131e-01
-1.002417e+00
-1.014094e+00
-1.023580e+00
-1.030781e+00
-1.035611e+00
-1.038199e+00
-1.038516e+00
-1.036412e+00
-1.032016e+00
-1.025362e+00
-1.016397e+00
-1.005161e+00
-9.916343e-01
-9.759285e-01
-9.580127e-01
-9.379427e-01
-9.158180e-01
-8.915888e-01
-8.655345e-01
-8.373819e-01
-8.074415e-01
-7.756635e-01
-7.421474e-01
-7.069303e-01
-6.701737e-01
-6.319769e-01
-5.922777e-01
-5.512563e-01
-5.090864e-01
-4.657060e-01
-4.212827e-01
-3.759779e-01
-3.297791e-01
-2.828913e-01
-2.353206e-01
-1.872719e-01
-1.387328e-01
-8.993920e-02
-4.094692e-02
8.119856e-03
5.723009e-02
1.061727e-01
1.550036e-01
2.032944e-01
2.511693e-01
2.984606e-01
3.451373e-01
3.910319e-01
4.360326e-01
4.801951e-01
5.231037e-01
5.649198e-01
6.055252e-01
6.447091e-01
6.824963e-01
7.186569e-01
7.533588e-01
7.862852e-01
8.174734e-01
8.468240e-01
8.742441e-01
8.998452e-01
9.234040e-01
9.448024e-01
9.641336e-01
9.813231e-01
9.963275e-01
1.009097e+00
1.019545e+00
1.027801e+00
1.033742e+00
1.037343e+00
1.038665e+00
1.037709e+00
1.034388e+00
1.028819e+00
1.020842e+00
1.010624e+00
9.980719e-01
9.834586e-01
9.665485e-01
9.474593e-01
9.262472e-01
9.030050e-01
8.777267e-01
8.506046e-01
8.213967e-01
7.904196e-01
7.577353e-01
7.232942e-01
6.872453e-01
6.497065e-01
6.107088e-01
5.702585e-01
5.287280e-01
4.858008e-01
4.418928e-01
3.970411e-01
3.511031e-01
3.046126e-01
2.572467e-01
2.094277e-01
1.611369e-01
1.123743e-01
6.356209e-02
1.449531e-02
-3.463975e-02
-8.355133e-02
-1.323636e-01
-1.808406e-01
-2.289514e-01
-2.765345e-01
-3.234658e-01
-3.697142e-01
-4.152115e-01
-4.596906e-01
-5.031828e-01
-5.455265e-01
-5.866658e-01
-6.264519e-01
-6.649281e-01
-7.017220e-01
-7.371687e-01
-7.708959e-01
-8.028291e-01
-8.330240e-01
-8.613131e-01
-8.877772e-01
-9.121678e-01
-9.345843e-01
-9.548963e-01
-9.730294e-01
-9.890643e-01
-1.002858e+00
-1.014336e+00
-1.023661e+00
-1.030644e+00
-1.035275e+00
-1.037579e+00
-1.037672e+00
-1.035449e+00
-1.030855e+00
-1.023928e+00
-1.014790e+00
-1.003299e+00
-9.896851e-01
-9.737061e-01
-9.556164e-01
-9.353603e-01
-9.130803e-01
-8.887021e-01
-8.623933e-01
-8.341600e-01
-8.040582e-01
-7.721065e-01
-7.384227e-01
-7.031746e-01
-6.663062e-01
-6.279045e-01
-5.881867e-01
-5.471033e-01
-5.047720e-01
-4.614102e-01
-4.168627e-01
-3.715579e-01
-3.252536e-01
-2.783968e-01
-2.307206e-01
-1.826533e-01
-1.341825e-01
-8.535782e-02
-3.638416e-02
1.265158e-02
6.168732e-02
1.105430e-01
1.593118e-01
2.076275e-01
2.552851e-01
3.025453e-01
3.491787e-01
3.949180e-01
4.399311e-01
4.837771e-01
5.266795e-01
5.683154e-01
6.087285e-01
6.478255e-01
6.854015e-01
7.215125e-01
7.559350e-01
7.886566e-01
8.197268e-01
8.489099e-01
8.762616e-01
9.015399e-01
9.248069e-01
9.461309e-01
9.652014e-01
9.821798e-01
9.969110e-01
1.009463e+00
1.019818e+00
1.027907e+00
1.033556e+00
1.036908e+00
1.038057e+00
1.036877e+00
1.033295e+00
1.027503e+00
1.019272e+00
1.008811e+00
9.961971e-01
9.812983e-01
9.642640e-01
9.449576e-01
9.236150e-01
9.001928e-01
8.747034e-01
8.474324e-01
8.181003e-01
7.870798e-01
7.541099e-01
7.196192e-01
6.834585e-01
6.457521e-01
6.066799e-01
5.661613e-01
5.243763e-01
4.815484e-01
4.375473e-01
3.924908e-01
3.467017e-01
3.000374e-01
2.527895e-01
2.049457e-01
1.566487e-01
1.078488e-01
5.899311e-02
1.003808e-02
-3.911561e-02
-8.799615e-02
-1.367401e-01
-1.852234e-01
-2.332720e-01
-2.806068e-01
-3.275009e-01
-3.737741e-01
-4.190107e-01
-4.634153e-01
-5.067833e-01
-5.489842e-01
-5.899622e-01
-6.296737e-01
-6.679389e-01
-7.046955e-01
-7.398381e-01
-7.733418e-01
-8.052439e-01
-8.352092e-01
-8.633679e-01
-8.895340e-01
-9.138004e-01
-9.359748e-01
-9.561379e-01
-9.740537e-01
-9.897782e-01
-1.003435e+00
-1.014690e+00
-1.023636e+00
-1.030390e+00
-1.034959e+00
-1.037150e+00
-1.036908e+00
-1.034450e+00
-1.029657e+00
-1.022512e+00
-1.013145e+00
-1.001474e+00
-9.876117e-01
-9.715334e-01
-9.532016e-01
-9.328088e-01
-9.104109e-01
-8.857720e-01
-8.593763e-01
-8.308699e-01
-8.006501e-01
-7.686239e-01
-7.348346e-01
-6.993816e-01
-6.624822e-01
-6.239315e-01
-5.841144e-01
-5.429005e-01
-5.005382e-01
-4.569964e-01
-4.125235e-01
-3.669889e-01
-3.207716e-01
-2.738713e-01
-2.262013e-01
-1.782209e-01
-1.296197e-01
-8.086334e-02
-3.190830e-02
1.724538e-02
6.611351e-02
1.150189e-01
1.635642e-01
2.117929e-01
2.595809e-01
3.067729e-01
3.531082e-01
3.988228e-01
4.436496e-01
4.875018e-01
5.301434e-01
5.717670e-01
6.119131e-01
6.508425e-01
6.883192e-01
7.242005e-01
7.585423e-01
7.911149e-01
8.219678e-01
8.510081e-01
8.779812e-01
9.030981e-01
9.262658e-01
9.473538e-01
9.662256e-01
9.829620e-01
9.975939e-01
1.009904e+00
1.020041e+00
1.027845e+00
1.033264e+00
1.036443e+00
1.037374e+00
1.035958e+00
1.032184e+00
1.026125e+00
1.017769e+00
1.007166e+00
9.942789e-01
9.792435e-01
9.619050e-01
9.425614e-01
9.209270e-01
8.974304e-01
8.717671e-01
8.442788e-01
8.147605e-01
7.835475e-01
7.505528e-01
7.159441e-01
6.796655e-01
6.418970e-01
6.026014e-01
5.619959e-01
5.202171e-01
4.772278e-01
4.331087e-01
3.881949e-01
3.422010e-01
2.955553e-01
2.482516e-01
2.004388e-01
1.520487e-01
1.033916e-01
5.452347e-02
5.537394e-03
-4.348593e-02
-9.249063e-02
-1.411353e-01
-1.895006e-01
-2.374561e-01
-2.848840e-01
-3.316725e-01
-3.776540e-01
-4.229092e-01
-4.670904e-01
-5.102845e-01
-5.524296e-01
-5.932151e-01
-6.327777e-01
-6.709000e-01
-7.074766e-01
-7.425447e-01
-7.758312e-01
-8.074663e-01
-8.373509e-01
-8.652986e-01
-8.912970e-01
-9.153400e-01
-9.373033e-01
-9.571187e-01
-9.749166e-01
-9.905107e-01
-1.003864e+00
-1.015007e+00
-1.023803e+00
-1.030328e+00
-1.034673e+00
-1.036517e+00
-1.036176e+00
-1.033457e+00
-1.028478e+00
-1.021128e+00
-1.011586e+00
-9.996673e-01
-9.855693e-01
-9.693792e-01
-9.508364e-01
-9.302885e-01
-9.075926e-01
-8.828978e-01
-8.562662e-01
-8.276915e-01
-7.973041e-01
-7.650419e-01
-7.311099e-01
-6.956755e-01
-6.585464e-01
-6.199647e-01
-5.799862e-01
-5.387351e-01
-4.962610e-01
-4.526820e-01
-4.081531e-01
-3.626062e-01
-3.162461e-01
-2.693086e-01
-2.217130e-01
-1.735961e-01
-1.250197e-01
-7.638128e-02
-2.737658e-02
2.167157e-02
7.062661e-02
1.194078e-01
1.679407e-01
2.161198e-01
2.637153e-01
3.108887e-01
3.571744e-01
4.027523e-01
4.474239e-01
4.911334e-01
5.337688e-01
5.751130e-01
6.152778e-01
6.539526e-01
6.912928e-01
7.270251e-01
7.610441e-01
7.935608e-01
8.241716e-01
8.529077e-01
8.798373e-01
9.047680e-01
9.276377e-01
9.485085e-01
9.672996e-01
9.838249e-01
9.981215e-01
1.010308e+00
1.020116e+00
1.027733e+00
1.033010e+00
1.035921e+00
1.036716e+00
1.034996e+00
1.031067e+00
1.024797e+00
1.016248e+00
1.005422e+00
9.923979e-01
9.771390e-01
9.596950e-01
9.400161e-01
9.183632e-01
8.945003e-01
8.687874e-01
8.410942e-01
8.115014e-01
7.801829e-01
7.469523e-01
7.122380e-01
6.757421e-01
6.379550e-01
5.985414e-01
5.579049e-01
5.159647e-01
4.729133e-01
4.287880e-01
3.837377e-01
3.377314e-01
2.911540e-01
2.437012e-01
1.958574e-01
1.474921e-01
9.875434e-02
4.998554e-02
9.373840e-04
-4.796178e-02
-9.694165e-02
-1.454808e-01
-1.938274e-01
-2.417271e-01
-2.889812e-01
-3.356580e-01
-3.816829e-01
-4.266215e-01
-4.708710e-01
-5.138913e-01
-5.558749e-01
-5.965797e-01
-6.359561e-01
-6.738674e-01
-7.103446e-01
-7.451582e-01
-7.783143e-01
-8.098067e-01
-8.394553e-01
-8.671982e-01
-8.929793e-01
-9.167926e-01
-9.386318e-01
-9.583107e-01
-9.758106e-01
-9.911998e-01
-1.004311e+00
-1.015199e+00
-1.023828e+00
-1.030197e+00
-1.034189e+00
-1.035909e+00
-1.035350e+00
-1.032488e+00
-1.027236e+00
-1.019681e+00
-1.009960e+00
-9.978794e-01
-9.835952e-01
-9.671196e-01
-9.484154e-01
-9.278115e-01
-9.048549e-01
-8.800111e-01
-8.531933e-01
-8.244075e-01
-7.939146e-01
-7.616400e-01
-7.275279e-01
-6.918453e-01
-6.547162e-01
-6.159234e-01
-5.758331e-01
-5.346317e-01
-4.919900e-01
-4.484296e-01
-4.037021e-01
-3.581241e-01
-3.118012e-01
-2.648017e-01
-2.171813e-01
-1.690768e-01
-1.205439e-01
-7.173781e-02
-2.294418e-02
2.612880e-02
7.502176e-02
1.237844e-01
1.722179e-01
2.204094e-01
2.678746e-01
3.149238e-01
3.612653e-01
4.066695e-01
4.511859e-01
4.948332e-01
5.372887e-01
5.784653e-01
6.184562e-01
6.570689e-01
6.941484e-01
7.297255e-01
7.637010e-01
7.958825e-01
8.263195e-01
8.549811e-01
8.816686e-01
9.063945e-01
9.291338e-01
9.497500e-01
9.681997e-01
9.845760e-01
9.987858e-01
1.010643e+00
1.020315e+00
1.027658e+00
1.032774e+00
1.035567e+00
1.035952e+00
1.034164e+00
1.029968e+00
1.023499e+00
1.014752e+00
1.003740e+00
9.904362e-01
9.749973e-01
9.573050e-01
9.375889e-01
9.156317e-01
8.917316e-01
8.658635e-01
8.379344e-01
8.081802e-01
7.766568e-01
7.434014e-01
7.084450e-01
6.720050e-01
6.339572e-01
5.944877e-01
5.537022e-01
5.117434e-01
4.687106e-01
4.244177e-01
3.793239e-01
3.333300e-01
2.865415e-01
2.391757e-01
1.913629e-01
1.428921e-01
9.422261e-02
4.546002e-02
-3.526054e-03
-5.242522e-02
-1.012809e-01
-1.498262e-01
-1.980488e-01
-2.458864e-01
-2.931591e-01
-3.396993e-01
-3.855628e-01
-4.305138e-01
-4.745895e-01
-5.175539e-01
-5.593265e-01
-5.998699e-01
-6.391035e-01
-6.769402e-01
-7.131506e-01
-7.478710e-01
-7.808098e-01
-8.121160e-01
-8.414977e-01
-8.690853e-01
-8.947610e-01
-9.183073e-01
-9.399789e-01
-9.594219e-01
-9.767604e-01
-9.919199e-01
-1.004876e+00
-1.015528e+00
-1.023865e+00
-1.029999e+00
-1.033835e+00
-1.035356e+00
-1.034512e+00
-1.031365e+00
-1.025939e+00
-1.018191e+00
-1.008284e+00
-9.960047e-01
-9.815031e-01
-9.648848e-01
-9.459881e-01
-9.251359e-01
-9.020986e-01
-8.770624e-01
-8.501887e-01
-8.212415e-01
-7.905003e-01
-7.580209e-01
-7.238777e-01
-6.880647e-01
-6.507804e-01
-6.119876e-01
-5.718167e-01
-5.304290e-01
-4.877439e-01
-4.440345e-01
-3.994001e-01
-3.537538e-01
-3.073006e-01
-2.603196e-01
-2.125875e-01
-1.645140e-01
-1.160246e-01
-6.724334e-02
-1.838142e-02
3.056741e-02
7.939829e-02
1.282292e-01
1.765758e-01
2.246245e-01
2.721269e-01
3.189403e-01
3.652011e-01
4.105618e-01
4.550037e-01
4.984027e-01
5.407837e-01
5.818796e-01
6.217153e-01
6.601418e-01
6.970661e-01
7.324383e-01
7.661656e-01
7.983594e-01
8.285233e-01
8.569739e-01
8.834813e-01
9.080520e-01
9.304499e-01
9.509171e-01
9.692737e-01
9.853644e-01
9.993383e-01
1.011009e+00
1.020464e+00
1.027634e+00
1.032501e+00
1.034965e+00
1.035251e+00
1.033202e+00
1.028832e+00
1.022133e+00
1.013231e+00
1.001964e+00
9.885180e-01
9.728867e-01
9.550950e-01
9.349940e-01
9.129686e-01
8.888635e-01
8.628713e-01
8.346753e-01
8.049025e-01
7.732177e-01
7.398319e-01
7.046831e-01
6.681748e-01
6.299841e-01
5.904588e-01
5.496112e-01
5.075593e-01
4.643465e-01
4.200412e-01
3.748977e-01
3.288666e-01
2.820905e-01
2.346626e-01
1.867629e-01
1.384287e-01
8.970951e-02
4.090967e-02
-7.914998e-03
-5.688866e-02
-1.056450e-01
-1.542090e-01
-2.023694e-01
-2.501015e-01
-2.972439e-01
-3.436971e-01
-3.894613e-01
-4.343689e-01
-4.782645e-01
-5.211421e-01
-5.627905e-01
-6.031290e-01
-6.423502e-01
-6.799200e-01
-7.160310e-01
-7.504597e-01
-7.832433e-01
-8.143384e-01
-8.437201e-01
-8.710408e-01
-8.964868e-01
-9.199462e-01
-9.412577e-01
-9.604586e-01
-9.776108e-01
-9.925655e-01
-1.005236e+00
-1.015727e+00
-1.023903e+00
-1.029825e+00
-1.033450e+00
-1.034655e+00
-1.033730e+00
-1.030390e+00
-1.024741e+00
-1.016826e+00
-1.006583e+00
-9.941796e-01
-9.794484e-01
-9.626437e-01
-9.436477e-01
-9.225349e-01
-8.993734e-01
-8.741882e-01
-8.470848e-01
-8.179824e-01
-7.871294e-01
-7.545134e-01
-7.201841e-01
-6.843090e-01
-6.468819e-01
-6.079401e-01
-5.677071e-01
-5.262263e-01
-4.835412e-01
-4.397448e-01
-3.949987e-01
-3.492966e-01
-3.029178e-01
-2.558376e-01
-2.080682e-01
-1.599823e-01
-1.115239e-01
-6.271161e-02
-1.391798e-02
3.501843e-02
8.391139e-02
1.325250e-01
1.808965e-01
2.288272e-01
2.763048e-01
3.230747e-01
3.691244e-01
4.143982e-01
4.587160e-01
5.020281e-01
5.443097e-01
5.852132e-01
6.248813e-01
6.631961e-01
6.999775e-01
7.352008e-01
7.687853e-01
8.006315e-01
8.306340e-01
8.589852e-01
8.852257e-01
9.096039e-01
9.319211e-01
9.520842e-01
9.702235e-01
9.861652e-01
9.998039e-01
1.011344e+00
1.020569e+00
1.027553e+00
1.032109e+00
1.034549e+00
1.034586e+00
1.032283e+00
1.027776e+00
1.020836e+00
1.011568e+00
1.000245e+00
9.865191e-01
9.707077e-01
9.527422e-01
9.325295e-01
9.103116e-01
8.860017e-01
8.598295e-01
8.316086e-01
8.015627e-01
7.698033e-01
7.361693e-01
7.010888e-01
6.642328e-01
6.260608e-01
5.864920e-01
5.454582e-01
5.033069e-01
4.600507e-01
4.157640e-01
3.703598e-01
3.243659e-01
2.775774e-01
2.301371e-01
1.821939e-01
1.338535e-01
8.532057e-02
3.632829e-02
-1.255225e-02
-6.131485e-02
-1.100836e-01
-1.585669e-01
-2.066466e-01
-2.543290e-01
-3.013348e-01
-3.477384e-01
-3.934716e-01
-4.381184e-01
-4.819271e-01
-5.246247e-01
-5.661737e-01
-6.064254e-01
-6.453361e-01
-6.828005e-01
-7.187376e-01
-7.531043e-01
-7.858072e-01
-8.166974e-01
-8.457377e-01
-8.728845e-01
-8.981070e-01
-9.213678e-01
-9.425614e-01
-9.615946e-01
-9.785606e-01
-9.932608e-01
-1.005720e+00
-1.016013e+00
-1.023990e+00
-1.029645e+00
-1.032985e+00
-1.034102e+00
-1.032904e+00
-1.029359e+00
-1.023543e+00
-1.015410e+00
-1.005062e+00
-9.923607e-01
-9.774805e-01
-9.604337e-01
-9.412329e-01
-9.200641e-01
-8.965861e-01
-8.712581e-01
-8.440057e-01
-8.147357e-01
-7.836530e-01
-7.509936e-01
-7.165587e-01
-6.804787e-01
-6.429523e-01
-6.039050e-01
-5.636409e-01
-5.219863e-01
-4.792764e-01
-4.353621e-01
-3.905725e-01
-3.448766e-01
-2.983861e-01
-2.512500e-01
-2.035799e-01
-1.554754e-01
-1.069425e-01
-5.815506e-02
-9.392464e-03
3.954395e-02
8.829413e-02
1.369201e-01
1.852171e-01
2.331417e-01
2.803771e-01
3.271222e-01
3.731285e-01
4.181974e-01
4.624718e-01
5.056597e-01
5.477427e-01
5.885406e-01
6.281156e-01
6.662566e-01
7.028083e-01
7.378268e-01
7.712560e-01
8.029718e-01
8.329557e-01
8.609965e-01
8.870570e-01
9.112366e-01
9.333303e-01
9.533692e-01
9.711981e-01
9.868853e-01
1.000431e+00
1.011667e+00
1.020730e+00
1.027410e+00
1.031905e+00
1.034046e+00
1.033860e+00
1.031414e+00
1.026597e+00
1.019483e+00
1.010084e+00
9.984692e-01
9.846505e-01
9.685660e-01
9.503957e-01
9.299781e-01
9.076857e-01
8.831647e-01
8.567442e-01
8.284923e-01
7.982228e-01
7.663394e-01
7.325873e-01
6.973951e-01
6.604274e-01
6.220816e-01
5.823390e-01
5.413362e-01
4.990980e-01
4.557425e-01
4.113936e-01
3.659895e-01
3.198963e-01
2.731450e-01
2.256116e-01
1.776995e-01
1.293838e-01
8.064606e-02
3.195176e-02
-1.697224e-02
-6.582174e-02
-1.144726e-01
-1.629000e-01
-2.109176e-01
-2.585318e-01
-3.054817e-01
-3.517673e-01
-3.973515e-01
-4.419797e-01
-4.856580e-01
-5.282252e-01
-5.695818e-01
-6.097590e-01
-6.484835e-01
-6.858485e-01
-7.215312e-01
-7.556433e-01
-7.882282e-01
-8.189508e-01
-8.478049e-01
-8.748276e-01
-8.997769e-01
-9.228266e-01
-9.437905e-01
-9.626996e-01
-9.794049e-01
-9.939250e-01
-1.006235e+00
-1.016199e+00
-1.023940e+00
-1.029453e+00
-1.032575e+00
-1.033506e+00
-1.032072e+00
-1.028285e+00
-1.022295e+00
-1.013989e+00
-1.003367e+00
-9.905231e-01
-9.754195e-01
-9.582175e-01
-9.388180e-01
-9.173637e-01
-8.938360e-01
-8.683342e-01
-8.408831e-01
-8.114890e-01
-7.803381e-01
-7.474427e-01
-7.129023e-01
-6.767788e-01
-6.390476e-01
-6.000189e-01
-5.595686e-01
-5.178581e-01
-4.749743e-01
-4.310601e-01
-3.861339e-01
-3.403946e-01
-2.939351e-01
-2.467244e-01
-1.990420e-01
-1.509312e-01
-1.023673e-01
-5.370403e-02
-4.829700e-03
4.398876e-02
9.275756e-02
1.412718e-01
1.895999e-01
2.373506e-01
2.845550e-01
3.311387e-01
3.771201e-01
4.221642e-01
4.662399e-01
5.093285e-01
5.512501e-01
5.919239e-01
6.312940e-01
6.692922e-01
7.056826e-01
7.406327e-01
7.739191e-01
8.053308e-01
8.351098e-01
8.629210e-01
8.888077e-01
9.127637e-01
9.346836e-01
9.545052e-01
9.721790e-01
9.876613e-01
1.000971e+00
1.012008e+00
1.020768e+00
1.027311e+00
1.031495e+00
1.033469e+00
1.033034e+00
1.030377e+00
1.025368e+00
1.018098e+00
1.008569e+00
9.967620e-01
9.827571e-01
9.664864e-01
9.480988e-01
9.276377e-01
9.049232e-01
8.803650e-01
8.537147e-01
8.252518e-01
7.949575e-01
7.628381e-01
7.290427e-01
6.935586e-01
6.565723e-01
6.181147e-01
5.783101e-01
5.372266e-01
4.948456e-01
4.514963e-01
4.070606e-01
3.615943e-01
3.155632e-01
2.686567e-01
2.211419e-01
1.732236e-01
1.248335e-01
7.617642e-02
2.733933e-02
-2.150396e-02
-7.022310e-02
-1.188429e-01
-1.672082e-01
-2.152507e-01
-2.625855e-01
-3.095168e-01
-3.558272e-01
-4.012004e-01
-4.457230e-01
-4.893020e-01
-5.317699e-01
-5.730148e-01
-6.130181e-01
-6.515688e-01
-6.887724e-01
-7.244116e-01
-7.583188e-01
-7.906307e-01
-8.211484e-01
-8.498969e-01
-8.766217e-01
-9.014841e-01
-9.242606e-01
-9.451624e-01
-9.636742e-01
-9.802305e-01
-9.945148e-01
-1.006626e+00
-1.016441e+00
-1.023959e+00
-1.029167e+00
-1.032203e+00
-1.032867e+00
-1.031222e+00
-1.027274e+00
-1.020973e+00
-1.012486e+00
-1.001654e+00
-9.886732e-01
-9.734081e-01
-9.559455e-01
-9.363783e-01
-9.147875e-01
-8.910239e-01
-8.653979e-01
-8.377482e-01
-8.082175e-01
-7.769113e-01
-7.439477e-01
-7.091776e-01
-6.729734e-01
-6.352049e-01
-5.958845e-01
-5.554652e-01
-5.136554e-01
-4.707716e-01
-4.267580e-01
-3.818505e-01
-3.359684e-01
-2.894654e-01
-2.423355e-01
-1.945786e-01
-1.463809e-01
-9.792249e-02
-4.920335e-02
-4.097175e-04
4.840254e-02
9.720859e-02
1.456546e-01
1.938460e-01
2.415223e-01
2.887701e-01
3.352855e-01
3.810559e-01
4.260069e-01
4.699646e-01
5.128794e-01
5.546830e-01
5.952202e-01
6.344910e-01
6.723030e-01
7.086375e-01
7.432462e-01
7.763402e-01
8.077457e-01
8.372453e-01
8.649696e-01
8.905893e-01
9.143343e-01
9.360928e-01
9.556289e-01
9.731226e-01
9.884559e-01
1.001511e+00
1.012369e+00
1.020954e+00
1.027243e+00
1.031284e+00
1.032960e+00
1.032420e+00
1.029490e+00
1.024275e+00
1.016782e+00
1.006974e+00
9.949555e-01
9.807334e-01
9.643074e-01
9.457274e-01
9.250428e-01
9.022352e-01
8.775156e-01
8.507101e-01
8.221168e-01
7.915805e-01
7.593680e-01
7.254359e-01
6.898401e-01
6.527917e-01
6.141976e-01
5.742563e-01
5.330115e-01
4.906678e-01
4.471880e-01
4.026468e-01
3.572426e-01
3.110749e-01
2.641126e-01
2.166226e-01
1.687167e-01
1.202769e-01
7.164470e-02
2.294418e-02
-2.599844e-02
-7.468033e-02
-1.232381e-01
-1.715599e-01
-2.194410e-01
-2.668068e-01
-3.137008e-01
-3.597692e-01
-4.051672e-01
-4.496091e-01
-4.929523e-01
-5.352090e-01
-5.764539e-01
-6.163145e-01
-6.547410e-01
-6.916901e-01
-7.271058e-01
-7.609820e-01
-7.930207e-01
-8.233398e-01
-8.519207e-01
-8.785026e-01
-9.031788e-01
-9.257505e-01
-9.462799e-01
-9.647978e-01
-9.810189e-01
-9.952039e-01
-1.007117e+00
-1.016677e+00
-1.023983e+00
-1.029049e+00
-1.031793e+00
-1.032277e+00
-1.030303e+00
-1.026212e+00
-1.019750e+00
-1.010997e+00
-1.000027e+00
-9.867736e-01
-9.713657e-01
-9.536858e-01
-9.340070e-01
-9.121678e-01
-8.882117e-01
-8.624926e-01
-8.346380e-01
-8.049708e-01
-7.736088e-01
-7.404216e-01
-7.055584e-01
-6.691867e-01
-6.312940e-01
-5.919859e-01
-5.513556e-01
-5.094279e-01
-4.664882e-01
-4.224498e-01
-3.773498e-01
-3.316105e-01
-2.849399e-01
-2.378038e-01
-1.901151e-01
-1.417933e-01
-9.333489e-02
-4.466542e-02
4.090967e-03
5.284114e-02
1.015603e-01
1.499752e-01
1.981605e-01
2.457933e-01
2.928425e-01
3.392461e-01
3.849669e-01
4.298123e-01
4.736335e-01
5.165048e-01
5.581905e-01
5.985600e-01
6.375887e-01
6.753324e-01
7.114000e-01
7.459901e-01
7.788730e-01
8.100488e-01
8.393995e-01
8.668195e-01
8.923710e-01
9.159235e-01
9.374337e-01
9.568021e-01
9.740786e-01
9.891574e-01
1.002014e+00
1.012561e+00
1.021047e+00
1.027019e+00
1.030949e+00
1.032426e+00
1.031625e+00
1.028577e+00
1.023114e+00
1.015392e+00
1.005403e+00
9.932608e-01
9.787469e-01
9.621347e-01
9.433684e-01
9.224914e-01
8.995472e-01
8.746352e-01
8.476993e-01
8.189632e-01
7.883151e-01
7.558295e-01
7.219223e-01
6.861465e-01
6.489305e-01
6.101935e-01
5.701530e-01
5.288894e-01
4.864216e-01
4.428550e-01
3.982765e-01
3.528413e-01
3.065680e-01
2.596243e-01
2.121281e-01
1.641291e-01
1.157266e-01
6.718126e-02
1.840625e-02
-3.033151e-02
-7.907548e-02
-1.276394e-01
-1.757999e-01
-2.237368e-01
-2.709909e-01
-3.177546e-01
-3.637857e-01
-4.089912e-01
-4.533711e-01
-4.965776e-01
-5.388903e-01
-5.797503e-01
-6.195612e-01
-6.577953e-01
-6.946264e-01
-7.299428e-01
-7.634776e-01
-7.954666e-01
-8.256118e-01
-8.539630e-01
-8.803712e-01
-9.047804e-01
-9.272404e-01
-9.476456e-01
-9.658159e-01
-9.819563e-01
-9.958246e-01
-1.007502e+00
-1.016851e+00
-1.023996e+00
-1.028782e+00
-1.031358e+00
-1.031563e+00
-1.029521e+00
-1.025157e+00
-1.018458e+00
-1.009569e+00
-9.983636e-01
-9.849361e-01
-9.692985e-01
-9.515069e-01
-9.315238e-01
-9.095977e-01
-8.854865e-01
-8.594942e-01
-8.315279e-01
-8.016806e-01
-7.701448e-01
-7.369639e-01
-7.019454e-01
-6.654247e-01
-6.273334e-01
-5.879446e-01
-5.472398e-01
-5.052872e-01
-4.622359e-01
-4.180422e-01
-3.730354e-01
-3.271719e-01
-2.805448e-01
-2.332907e-01
-1.855400e-01
-1.373485e-01
-8.885904e-02
-4.019577e-02
8.573029e-03
5.726733e-02
1.059492e-01
1.543642e-01
2.024005e-01
2.499898e-01
2.970080e-01
3.432564e-01
3.888902e-01
4.336487e-01
4.774513e-01
5.200557e-01
5.616420e-01
6.018316e-01
6.407858e-01
6.782936e-01
7.142432e-01
7.486781e-01
7.814182e-01
8.123457e-01
8.415474e-01
8.687501e-01
8.941712e-01
9.175189e-01
9.387435e-01
9.579444e-01
9.750222e-01
9.898899e-01
1.002566e+00
1.012921e+00
1.021109e+00
1.027000e+00
1.030607e+00
1.031855e+00
1.030955e+00
1.027534e+00
1.021910e+00
1.013958e+00
1.003833e+00
9.914357e-01
9.768286e-01
9.599806e-01
9.410777e-01
9.200269e-01
8.968654e-01
8.718354e-01
8.446327e-01
8.157538e-01
7.849691e-01
7.524648e-01
7.183093e-01
6.823845e-01
6.451251e-01
6.062888e-01
5.661241e-01
5.247923e-01
4.821196e-01
4.385343e-01
3.939496e-01
3.483840e-01
3.021356e-01
2.552168e-01
2.076461e-01
1.596533e-01
1.112321e-01
6.261229e-02
1.394902e-02
-3.480116e-02
-8.349546e-02
-1.319663e-01
-1.801081e-01
-2.279954e-01
-2.751936e-01
-3.218641e-01
-3.677277e-01
-4.129270e-01
-4.571206e-01
-5.002961e-01
-5.422673e-01
-5.831770e-01
-6.227085e-01
-6.609302e-01
-6.975192e-01
-7.326432e-01
-7.661718e-01
-7.978814e-01
-8.279584e-01
-8.559992e-01
-8.821653e-01
-9.064566e-01
-9.286930e-01
-9.488375e-01
-9.669333e-01
-9.827137e-01
-9.964268e-01
-1.007918e+00
-1.017043e+00
-1.023971e+00
-1.028633e+00
-1.030868e+00
-1.030887e+00
-1.028664e+00
-1.024058e+00
-1.017155e+00
-1.008054e+00
-9.966317e-01
-9.830427e-01
-9.672003e-01
-9.491727e-01
-9.291276e-01
-9.069408e-01
-8.827426e-01
-8.565207e-01
-8.284054e-01
-7.985146e-01
-7.667863e-01
-7.333571e-01
-6.982828e-01
-6.616441e-01
-6.235032e-01
-5.839406e-01
-5.432047e-01
-5.011404e-01
-4.579462e-01
-4.138644e-01
-3.686216e-01
-3.227395e-01
-2.760751e-01
-2.287776e-01
-1.809896e-01
-1.328664e-01
-8.436456e-02
-3.568888e-02
1.303647e-02
6.181147e-02
1.103071e-01
1.586352e-01
2.066652e-01
2.542235e-01
3.011175e-01
3.472977e-01
3.929005e-01
4.375224e-01
4.810456e-01
5.236376e-01
5.650750e-01
6.052086e-01
6.439518e-01
6.813292e-01
7.170988e-01
7.513288e-01
7.838827e-01
8.146860e-01
8.436767e-01
8.707118e-01
8.958660e-01
9.190709e-01
9.400906e-01
9.591177e-01
9.759347e-01
9.906100e-01
1.003100e+00
1.013250e+00
1.021184e+00
1.026957e+00
1.030266e+00
1.031271e+00
1.030117e+00
1.026553e+00
1.020768e+00
1.012623e+00
1.002213e+00
9.896540e-01
9.747863e-01
9.578264e-01
9.387001e-01
9.174258e-01
8.942023e-01
8.689426e-01
8.416777e-01
8.125567e-01
7.815982e-01
7.489636e-01
7.146405e-01
6.787343e-01
6.412141e-01
6.024151e-01
5.621138e-01
5.206578e-01
4.780038e-01
4.343006e-01
3.895917e-01
3.439641e-01
2.977032e-01
2.507099e-01
2.031516e-01
1.551588e-01
1.066818e-01
5.816747e-02
9.429711e-03
-3.932047e-02
-8.785337e-02
-1.363863e-01
-1.845281e-01
-2.320864e-01
-2.793466e-01
-3.259365e-01
-3.716821e-01
-4.168752e-01
-4.607832e-01
-5.038594e-01
-5.458431e-01
-5.864672e-01
-6.259366e-01
-6.640031e-01
-7.004990e-01
-7.353622e-01
-7.687356e-01
-8.002901e-01
-8.300256e-01
-8.579919e-01
-8.840711e-01
-9.080892e-01
-9.301084e-01
-9.500108e-01
-9.678769e-01
-9.834834e-01
-9.969917e-01
-1.008253e+00
-1.017235e+00
-1.023921e+00
-1.028304e+00
-1.030458e+00
-1.030173e+00
-1.027733e+00
-1.022928e+00
-1.015888e+00
-1.006533e+00
-9.949866e-01
-9.811245e-01
-9.651269e-01
-9.469689e-01
-9.266755e-01
-9.042900e-01
-8.798994e-01
-8.535906e-01
-8.253014e-01
-7.952493e-01
-7.632665e-01
-7.298062e-01
-6.946016e-01
-6.577642e-01
-6.195550e-01
-5.799862e-01
-5.390579e-01
-4.969004e-01
-4.537746e-01
-4.094630e-01
-3.642451e-01
-3.182326e-01
-2.716303e-01
-2.243079e-01
-1.765510e-01
-1.283161e-01
-7.988871e-02
-3.116957e-02
1.744403e-02
6.616317e-02
1.146712e-01
1.630986e-01
2.109362e-01
2.584138e-01
3.051899e-01
3.513576e-01
3.967990e-01
4.412471e-01
4.847827e-01
5.272133e-01
5.684768e-01
6.084926e-01
6.471178e-01
6.843090e-01
7.199482e-01
7.539485e-01
7.863535e-01
8.169209e-01
8.457873e-01
8.727169e-01
8.976166e-01
9.205608e-01
9.414812e-01
9.602723e-01
9.768659e-01
9.913115e-01
1.003547e+00
1.013542e+00
1.021314e+00
1.026702e+00
1.029918e+00
1.030862e+00
1.029260e+00
1.025573e+00
1.019427e+00
1.011214e+00
1.000636e+00
9.878227e-01
9.728494e-01
9.556661e-01
9.362976e-01
9.149861e-01
8.913777e-01
8.660311e-01
8.386421e-01
8.093473e-01
7.783329e-01
7.455121e-01
7.110710e-01
6.749413e-01
6.374646e-01
5.983179e-01
5.580539e-01
5.165110e-01
4.737638e-01
4.299923e-01
3.853145e-01
3.395875e-01
2.932832e-01
2.462030e-01
1.987068e-01
1.506084e-01
1.021687e-01
5.373507e-02
4.916610e-03
-4.370320e-02
-9.236647e-02
-1.407007e-01
-1.887618e-01
-2.364380e-01
-2.834687e-01
-3.299592e-01
-3.757482e-01
-4.205937e-01
-4.646817e-01
-5.074910e-01
-5.493381e-01
-5.899001e-01
-6.291026e-01
-6.669767e-01
-7.032801e-01
-7.381930e-01
-7.712498e-01
-8.026490e-01
-8.322666e-01
-8.600343e-01
-8.859458e-01
-9.097157e-01
-9.315735e-01
-9.513144e-01
-9.688578e-01
-9.843898e-01
-9.976125e-01
-1.008582e+00
-1.017403e+00
-1.023828e+00
-1.028037e+00
-1.029962e+00
-1.029614e+00
-1.026827e+00
-1.021811e+00
-1.014616e+00
-1.005043e+00
-9.932422e-01
-9.792683e-01
-9.630472e-01
-9.446720e-01
-9.241861e-01
-9.016827e-01
-8.770997e-01
-8.506356e-01
-8.222161e-01
-7.918971e-01
-7.599763e-01
-7.262615e-01
-6.908520e-01
-6.540581e-01
-6.157061e-01
-5.759821e-01
-5.349297e-01
-4.927784e-01
-4.494477e-01
-4.050554e-01
-3.598996e-01
-3.138809e-01
-2.672103e-01
-2.198445e-01
-1.720503e-01
-1.237347e-01
-7.535078e-02
-2.674338e-02
2.205025e-02
7.057074e-02
1.191098e-01
1.673386e-01
2.152569e-01
2.624924e-01
3.092933e-01
3.554113e-01
4.007099e-01
4.449781e-01
4.885012e-01
5.307953e-01
5.718477e-01
6.117765e-01
6.502527e-01
6.872763e-01
7.227169e-01
7.566117e-01
7.887993e-01
8.193605e-01
8.479228e-01
8.746041e-01
8.993672e-01
9.220631e-01
9.427228e-01
9.613152e-01
9.777784e-01
9.920006e-01
1.004031e+00
1.013827e+00
1.021376e+00
1.026653e+00
1.029459e+00
1.030160e+00
1.028515e+00
1.024561e+00
1.018347e+00
1.009755e+00
9.990838e-01
9.860411e-01
9.708195e-01
9.534437e-01
9.339325e-01
9.123664e-01
8.887766e-01
8.631010e-01
8.356127e-01
8.061751e-01
7.749434e-01
7.420543e-01
7.074207e-01
6.712477e-01
6.334916e-01
5.945187e-01
5.540250e-01
5.124014e-01
4.695673e-01
4.257027e-01
3.808945e-01
3.351738e-01
2.887950e-01
2.418140e-01
1.941440e-01
1.460643e-01
9.771763e-02
4.913506e-02
4.842116e-04
-4.811698e-02
-9.671817e-02
-1.450835e-01
-1.930763e-01
-2.406594e-01
-2.876962e-01
-3.340750e-01
-3.796343e-01
-4.244798e-01
-4.683506e-01
-5.111661e-01
-5.528455e-01
-5.932337e-01
-6.323555e-01
-6.700682e-01
-7.062971e-01
-7.408189e-01
-7.738447e-01
-8.050639e-01
-8.344953e-01
-8.620394e-01
-8.876530e-01
-9.113235e-01
-9.329578e-01
-9.525249e-01
-9.699504e-01
-9.851596e-01
-9.981650e-01
-1.008960e+00
-1.017608e+00
-1.023847e+00
-1.027801e+00
-1.029564e+00
-1.028850e+00
-1.026032e+00
-1.020836e+00
-1.013300e+00
-1.003615e+00
-9.915474e-01
-9.773998e-01
-9.609490e-01
-9.424558e-01
-9.217775e-01
-8.990382e-01
-8.742937e-01
-8.477118e-01
-8.190253e-01
-7.886566e-01
-7.565310e-01
-7.227417e-01
-6.872142e-01
-6.502776e-01
-6.118572e-01
-5.719967e-01
-5.309008e-01
-4.886192e-01
-4.451333e-01
-4.008465e-01
-3.555293e-01
-3.094547e-01
-2.627717e-01
-2.152693e-01
-1.675186e-01
-1.193395e-01
-7.084388e-02
-2.224269e-02
2.646403e-02
7.502797e-02
1.234740e-01
1.716592e-01
2.195093e-01
2.667199e-01
3.134401e-01
3.594216e-01
4.045960e-01
4.488517e-01
4.921887e-01
5.343461e-01
5.752620e-01
6.150791e-01
6.533442e-01
6.902064e-01
7.255663e-01
7.593369e-01
7.912763e-01
8.215705e-01
8.499404e-01
8.764913e-01
9.009812e-01
9.235778e-01
9.441071e-01
9.624513e-01
9.787096e-01
9.926959e-01
1.004497e+00
1.014107e+00
1.021420e+00
1.026417e+00
1.029136e+00
1.029682e+00
1.027739e+00
1.023580e+00
1.017180e+00
1.008414e+00
9.974201e-01
9.842594e-01
9.688081e-01
9.512896e-01
9.316045e-01
9.098212e-01
8.860948e-01
8.602392e-01
8.325708e-01
8.029905e-01
7.716098e-01
7.384786e-01
7.037954e-01
6.674919e-01
6.298041e-01
5.904774e-01
5.499713e-01
5.082297e-01
4.653956e-01
4.213883e-01
3.765614e-01
3.307848e-01
2.843688e-01
2.372389e-01
1.897178e-01
1.416257e-01
9.315486e-02
4.475853e-02
-3.985434e-03
-5.253075e-02
-1.011071e-01
-1.493669e-01
-1.973783e-01
-2.448497e-01
-2.918306e-01
-3.380977e-01
-3.835453e-01
-4.283100e-01
-4.720380e-01
-5.147356e-01
-5.562536e-01
-5.965735e-01
-6.355712e-01
-6.730541e-01
-7.091527e-01
-7.435442e-01
-7.763340e-01
-8.073980e-01
-8.366245e-01
-8.641315e-01
-8.894843e-01
-9.130244e-01
-9.344291e-01
-9.537355e-01
-9.709002e-01
-9.859728e-01
-9.987485e-01
-1.009395e+00
-1.017751e+00
-1.023816e+00
-1.027584e+00
-1.028975e+00
-1.028192e+00
-1.025064e+00
-1.019663e+00
-1.011922e+00
-1.002039e+00
-9.898092e-01
-9.754505e-01
-9.588197e-01
-9.401403e-01
-9.193502e-01
-8.964371e-01
-8.714630e-01
-8.447320e-01
-8.159338e-01
-7.853974e-01
-7.532036e-01
-7.191970e-01
-6.835702e-01
-6.464970e-01
-6.078718e-01
-5.679802e-01
-5.267664e-01
-4.843482e-01
-4.408995e-01
-3.965321e-01
-3.510658e-01
-3.050099e-01
-2.582834e-01
-2.108617e-01
-1.630800e-01
-1.148451e-01
-6.629354e-02
-1.782892e-02
3.092746e-02
7.939208e-02
1.278939e-01
1.759116e-01
2.237058e-01
2.709226e-01
3.175373e-01
3.634753e-01
4.084946e-01
4.526509e-01
4.958389e-01
5.378970e-01
5.787074e-01
6.183506e-01
6.564233e-01
6.931924e-01
7.283288e-01
7.618759e-01
7.938029e-01
8.238550e-01
8.520200e-01
8.783474e-01
9.027505e-01
9.250801e-01
9.453114e-01
9.635439e-01
9.796222e-01
9.933912e-01
1.004994e+00
1.014336e+00
1.021475e+00
1.026187e+00
1.028794e+00
1.028956e+00
1.026914e+00
1.022506e+00
1.015895e+00
1.006980e+00
9.958184e-01
9.824157e-01
9.668526e-01
9.490796e-01
9.291710e-01
9.072822e-01
8.833137e-01
8.573712e-01
8.295228e-01
7.997686e-01
7.682762e-01
7.351388e-01
7.001948e-01
6.638417e-01
6.258870e-01
5.865479e-01
5.459486e-01
5.041264e-01
4.611619e-01
4.171359e-01
3.722222e-01
3.264145e-01
2.798805e-01
2.327816e-01
1.851923e-01
1.370815e-01
8.864176e-02
4.016473e-02
-8.424040e-03
-5.703764e-02
-1.054712e-01
-1.537931e-01
-2.016555e-01
-2.490400e-01
-2.959154e-01
-3.421328e-01
-3.875183e-01
-4.322334e-01
-4.757814e-01
-5.183609e-01
-5.597672e-01
-5.999320e-01
-6.387434e-01
-6.761146e-01
-7.121263e-01
-7.463439e-01
-7.788854e-01
-8.098501e-01
-8.389152e-01
-8.660745e-01
-8.913032e-01
-9.145888e-01
-9.357638e-01
-9.548653e-01
-9.718624e-01
-9.867301e-01
-9.993631e-01
-1.009693e+00
-1.017918e+00
-1.023729e+00
-1.027298e+00
-1.028503e+00
-1.027472e+00
-1.024157e+00
-1.018545e+00
-1.010624e+00
-1.000487e+00
-9.881021e-01
-9.735323e-01
-9.567897e-01
-9.377813e-01
-9.168050e-01
-8.938174e-01
-8.687067e-01
-8.417398e-01
-8.128237e-01
-7.821197e-01
-7.497458e-01
-7.155468e-01
-6.799386e-01
-6.427413e-01
-6.039547e-01
-5.639513e-01
-5.227313e-01
-4.802696e-01
-4.366595e-01
-3.922114e-01
-3.467452e-01
-3.006395e-01
-2.538510e-01
-2.064045e-01
-1.585855e-01
-1.103816e-01
-6.187355e-02
-1.329720e-02
3.532882e-02
8.385552e-02
1.322208e-01
1.803192e-01
2.278836e-01
2.750508e-01
3.216469e-01
3.673490e-01
4.123372e-01
4.564874e-01
4.995077e-01
5.414231e-01
5.821155e-01
6.215849e-01
6.595645e-01
6.961846e-01
7.311595e-01
7.645081e-01
7.962922e-01
8.260588e-01
8.541182e-01
8.802719e-01
9.043707e-01
9.265824e-01
9.467268e-01
9.646178e-01
9.803981e-01
9.940492e-01
1.005416e+00
1.014529e+00
1.021494e+00
1.026088e+00
1.028354e+00
1.028441e+00
1.026069e+00
1.021538e+00
1.014641e+00
1.005614e+00
9.941982e-01
9.805658e-01
9.648103e-01
9.468448e-01
9.268307e-01
9.046997e-01
8.804954e-01
8.544969e-01
8.264189e-01
7.966026e-01
7.648743e-01
7.315196e-01
6.965074e-01
6.600984e-01
6.220505e-01
5.825811e-01
5.419197e-01
5.000044e-01
4.569716e-01
4.128401e-01
3.679139e-01
3.220193e-01
2.755847e-01
2.283492e-01
1.807227e-01
1.326057e-01
8.414108e-02
3.571992e-02
-1.286885e-02
-6.145142e-02
-1.098415e-01
-1.581199e-01
-2.058768e-01
-2.531992e-01
-3.000250e-01
-3.462299e-01
-3.914540e-01
-4.359767e-01
-4.795557e-01
-5.220112e-01
-5.632064e-01
-6.032470e-01
-6.418846e-01
-6.792434e-01
-7.148143e-01
-7.490381e-01
-7.814182e-01
-8.120974e-01
-8.409142e-01
-8.680797e-01
-8.930787e-01
-9.161718e-01
-9.371543e-01
-9.560696e-01
-9.728618e-01
-9.875123e-01
-9.999156e-01
-1.010078e+00
-1.018049e+00
-1.023636e+00
-1.026982e+00
-1.028118e+00
-1.026746e+00
-1.023282e+00
-1.017428e+00
-1.009376e+00
-9.989410e-01
-9.863887e-01
-9.716016e-01
-9.546108e-01
-9.355279e-01
-9.143778e-01
-8.911046e-01
-8.659131e-01
-8.386918e-01
-8.096391e-01
-7.788854e-01
-7.462508e-01
-7.120146e-01
-6.762139e-01
-6.388924e-01
-6.000127e-01
-5.599349e-01
-5.186093e-01
-4.760545e-01
-4.324320e-01
-3.879156e-01
-3.423624e-01
-2.961947e-01
-2.494186e-01
-2.019783e-01
-1.540352e-01
-1.058561e-01
-5.744115e-02
-8.821342e-03
3.974260e-02
8.826309e-02
1.365725e-01
1.845964e-01
2.322105e-01
2.791977e-01
3.257068e-01
3.713965e-01
4.162792e-01
4.602431e-01
5.031393e-01
5.449181e-01
5.855298e-01
6.247758e-01
6.627243e-01
6.991085e-01
7.339531e-01
7.670222e-01
7.986388e-01
8.284364e-01
8.561979e-01
8.822149e-01
9.061648e-01
9.280288e-01
9.479684e-01
9.657787e-01
9.813604e-01
9.947507e-01
1.005919e+00
1.014845e+00
1.021612e+00
1.025970e+00
1.027981e+00
1.027758e+00
1.025374e+00
1.020532e+00
1.013449e+00
1.004100e+00
9.925469e-01
9.787469e-01
9.627803e-01
9.446844e-01
9.244531e-01
9.021794e-01
8.778322e-01
8.515668e-01
8.233956e-01
7.933373e-01
7.616028e-01
7.280308e-01
6.929627e-01
6.562992e-01
6.181892e-01
5.786205e-01
5.378970e-01
4.958513e-01
4.527254e-01
4.085939e-01
3.635063e-01
3.175869e-01
2.711399e-01
2.239044e-01
1.761661e-01
1.281919e-01
7.973351e-02
3.116336e-02
-1.723297e-02
-6.587761e-02
-1.142615e-01
-1.624282e-01
-2.101789e-01
-2.573895e-01
-3.041470e-01
-3.502402e-01
-3.954333e-01
-4.398255e-01
-4.832121e-01
-5.255807e-01
-5.667635e-01
-6.065557e-01
-6.451499e-01
-6.821859e-01
-7.177506e-01
-7.516827e-01
-7.839883e-01
-8.144563e-01
-8.431862e-01
-8.700476e-01
-8.948417e-01
-9.178169e-01
-9.385511e-01
-9.572429e-01
-9.738799e-01
-9.882635e-01
-1.000456e+00
-1.010376e+00
-1.018080e+00
-1.023580e+00
-1.026733e+00
-1.027578e+00
-1.026075e+00
-1.022338e+00
-1.016342e+00
-1.007980e+00
-9.974511e-01
-9.846567e-01
-9.696338e-01
-9.525560e-01
-9.332186e-01
-9.119443e-01
-8.884414e-01
-8.630886e-01
-8.357989e-01
-8.065289e-01
-7.755704e-01
-7.428613e-01
-7.084885e-01
-6.725327e-01
-6.350497e-01
-5.962383e-01
-5.559743e-01
-5.144873e-01
-4.718828e-01
-4.282665e-01
-3.835763e-01
-3.380107e-01
-2.918120e-01
-2.449055e-01
-1.973969e-01
-1.496524e-01
-1.014113e-01
-5.287218e-02
-4.438606e-03
4.421224e-02
9.265824e-02
1.409242e-01
1.889294e-01
2.363511e-01
2.833631e-01
3.296674e-01
3.753819e-01
4.201343e-01
4.639678e-01
5.067895e-01
5.484069e-01
5.889131e-01
6.279976e-01
6.657910e-01
7.020013e-01
7.367031e-01
7.697102e-01
8.011281e-01
8.305781e-01
8.582589e-01
8.840525e-01
9.077416e-01
9.294814e-01
9.492100e-01
9.668464e-01
9.821612e-01
9.954087e-01
1.006335e+00
1.015112e+00
1.021556e+00
1.025678e+00
1.027596e+00
1.027199e+00
1.024474e+00
1.019483e+00
1.012207e+00
1.002715e+00
9.909080e-01
9.769404e-01
9.607814e-01
9.424434e-01
9.220755e-01
8.995658e-01
8.750759e-01
8.486926e-01
8.203414e-01
7.901464e-01
7.582319e-01
7.245730e-01
6.893497e-01
6.525310e-01
6.142783e-01
5.746350e-01
5.337874e-01
4.916734e-01
4.484793e-01
4.043353e-01
3.592416e-01
3.133097e-01
2.666516e-01
2.193603e-01
1.717710e-01
1.236292e-01
7.524524e-02
2.674338e-02
-2.175848e-02
-7.027276e-02
-1.186194e-01
-1.667799e-01
-2.144685e-01
-2.615736e-01
-3.082814e-01
-3.542070e-01
-3.993442e-01
-4.437054e-01
-4.869493e-01
-5.291564e-01
-5.701716e-01
-6.098024e-01
-6.483221e-01
-6.852339e-01
-7.205441e-01
-7.544389e-01
-7.864590e-01
-8.167408e-01
-8.453900e-01
-8.719906e-01
-8.966357e-01
-9.193378e-01
-9.399541e-01
-9.584348e-01
-9.748421e-01
-9.890457e-01
-1.001083e+00
-1.010860e+00
-1.018297e+00
-1.023456e+00
-1.026404e+00
-1.026994e+00
-1.025386e+00
-1.021494e+00
-1.015174e+00
-1.006676e+00
-9.959115e-01
-9.829123e-01
-9.677404e-01
-9.505136e-01
-9.309217e-01
-9.094115e-01
-8.857907e-01
-8.602516e-01
-8.327384e-01
-8.034064e-01
-7.723051e-01
-7.394222e-01
-7.049438e-01
-6.688763e-01
-6.312505e-01
-5.921970e-01
-5.519205e-01
-5.104522e-01
-4.677050e-01
-4.239893e-01
-3.792556e-01
-3.337460e-01
-2.874230e-01
-2.404297e-01
-1.930266e-01
-1.450897e-01
-9.689819e-02
-4.847703e-02
8.690978e-05
4.859498e-02
9.706580e-02
1.453194e-01
1.931508e-01
2.406594e-01
2.875658e-01
3.337646e-01
3.792681e-01
4.240576e-01
4.677422e-01
5.104335e-01
5.519454e-01
5.923212e-01
6.312692e-01
6.688701e-01
7.049624e-01
7.395091e-01
7.723361e-01
8.035119e-01
8.327633e-01
8.603075e-01
8.858403e-01
9.094736e-01
9.310769e-01
9.504639e-01
9.678149e-01
9.830427e-01
9.960605e-01
1.006819e+00
1.015305e+00
1.021538e+00
1.025560e+00
1.027305e+00
1.026591e+00
1.023667e+00
1.018446e+00
1.010972e+00
1.001238e+00
9.892940e-01
9.750594e-01
9.587328e-01
9.402148e-01
9.196855e-01
8.969958e-01
8.723383e-01
8.457315e-01
8.172933e-01
7.869370e-01
7.548611e-01
7.211339e-01
6.857119e-01
6.488808e-01
6.103674e-01
5.707303e-01
5.297151e-01
4.875514e-01
4.442579e-01
4.000581e-01
3.548402e-01
3.088773e-01
2.622440e-01
2.150334e-01
1.672517e-01
1.191471e-01
7.088113e-02
2.226132e-02
-2.623434e-02
-7.469275e-02
-1.230580e-01
-1.710198e-01
-2.186588e-01
-2.658880e-01
-3.123724e-01
-3.582111e-01
-4.033545e-01
-4.474302e-01
-4.906926e-01
-5.327073e-01
-5.735362e-01
-6.131919e-01
-6.514509e-01
-6.881764e-01
-7.234059e-01
-7.570338e-01
-7.890166e-01
-8.191743e-01
-8.475193e-01
-8.738468e-01
-8.984112e-01
-9.208960e-01
-9.413322e-01
-9.595833e-01
-9.757857e-01
-9.897534e-01
-1.001499e+00
-1.011021e+00
-1.018347e+00
-1.023344e+00
-1.026032e+00
-1.026479e+00
-1.024648e+00
-1.020501e+00
-1.014026e+00
-1.005316e+00
-9.943782e-01
-9.812176e-01
-9.658346e-01
-9.483036e-01
-9.286496e-01
-9.069470e-01
-8.831089e-01
-8.573525e-01
-8.298456e-01
-8.002590e-01
-7.690708e-01
-7.360513e-01
-7.013246e-01
-6.652633e-01
-6.275196e-01
-5.883792e-01
-5.480158e-01
-5.062184e-01
-4.634898e-01
-4.196625e-01
-3.748915e-01
-3.292949e-01
-2.830713e-01
-2.360718e-01
-1.885135e-01
-1.406386e-01
-9.243476e-02
-4.393289e-02
4.531724e-03
5.303980e-02
1.014237e-01
1.496773e-01
1.974093e-01
2.447690e-01
2.916816e-01
3.378928e-01
3.833156e-01
4.278817e-01
4.715228e-01
5.140217e-01
5.555087e-01
5.956734e-01
6.345283e-01
6.719491e-01
7.078243e-01
7.422778e-01
7.748752e-01
8.058647e-01
8.350912e-01
8.623685e-01
8.877337e-01
9.111683e-01
9.325357e-01
9.516931e-01
9.689136e-01
9.839242e-01
9.966875e-01
1.007222e+00
1.015522e+00
1.021575e+00
1.025318e+00
1.026771e+00
1.025902e+00
1.022816e+00
1.017384e+00
1.009718e+00
9.997852e-01
9.876551e-01
9.732964e-01
9.567525e-01
9.380731e-01
9.172023e-01
8.944816e-01
8.696627e-01
8.427951e-01
8.142639e-01
7.837151e-01
7.514406e-01
7.176513e-01
6.820307e-01
6.449823e-01
6.066364e-01
5.667449e-01
5.257172e-01
4.833239e-01
4.401173e-01
3.957437e-01
3.504699e-01
3.045319e-01
2.578799e-01
2.105451e-01
1.628193e-01
1.146526e-01
6.635561e-02
1.785996e-02
-3.066053e-02
-7.916239e-02
-1.273352e-01
-1.753591e-01
-2.229174e-01
-2.699666e-01
-3.165192e-01
-3.622089e-01
-4.072530e-01
-4.513535e-01
-4.943738e-01
-5.362892e-01
-5.769754e-01
-6.165442e-01
-6.546293e-01
-6.911624e-01
-7.262615e-01
-7.596970e-01
-7.914998e-01
-8.213843e-01
-8.495431e-01
-8.758457e-01
-9.001121e-01
-9.224666e-01
-9.426855e-01
-9.607193e-01
-9.767355e-01
-9.905418e-01
-1.002157e+00
-1.011413e+00
-1.018452e+00
-1.023245e+00
-1.025722e+00
-1.025970e+00
-1.023928e+00
-1.019514e+00
-1.012865e+00
-1.003926e+00
-9.928325e-01
-9.794111e-01
-9.637922e-01
-9.461681e-01
-9.263154e-01
-9.044638e-01
-8.804767e-01
-8.546025e-01
-8.268286e-01
-7.971551e-01
-7.656813e-01
-7.326556e-01
-6.977986e-01
-6.614331e-01
-6.236646e-01
-5.844682e-01
-5.439373e-01
-5.021833e-01
-4.593368e-01
-4.154163e-01
-3.706329e-01
-3.249557e-01
-2.786514e-01
-2.316021e-01
-1.840811e-01
-1.362249e-01
-8.800236e-02
-3.950049e-02
9.019993e-03
