8,848686e-02
1,379009e-01
1,869360e-01
2,355178e-01
2,836213e-01
3,310478e-01
3,777663e-01
4,236898e-01
4,686319e-01
5,124189e-01
5,551934e-01
5,966575e-01
6,368234e-01
6,756416e-01
7,128140e-01
7,485081e-01
7,824631e-01
8,147350e-01
8,450877e-01
8,736207e-01
9,001910e-01
9,248296e-01
9,473069e-01
9,675235e-01
9,858456e-01
1,001888e+00
1,015596e+00
1,027067e+00
1,036260e+00
1,043166e+00
1,047793e+00
1,049948e+00
1,049893e+00
1,047371e+00
1,042508e+00
1,035409e+00
1,025968e+00
1,014192e+00
1,000211e+00
9,839886e-01
9,654863e-01
9,449219e-01
9,222211e-01
8,974457e-01
8,707450e-01
8,418829e-01
8,113625e-01
7,789664e-01
7,448064e-01
7,090564e-01
6,715735e-01
6,326373e-01
5,923968e-01
5,507526e-01
5,078539e-01
4,638744e-01
4,187583e-01
3,728907e-01
3,260294e-01
2,784352e-01
2,302944e-01
1,815698e-01
1,325843e-01
8,307716e-02
3,353892e-02
-1,598689e-02
-6,565555e-02
-1,150820e-01
-1,642165e-01
-2,129473e-01
-2,612806e-01
-3,090239e-01
-3,561089e-01
-4,023926e-01
-4,477136e-01
-4,921278e-01
-5,353434e-01
-5,774347e-01
-6,181969e-01
-6,575741e-01
-6,955166e-01
-7,319125e-01
-7,666129e-01
-7,996736e-01
-8,307902e-01
-8,602175e-01
-8,876698e-01
-9,131780e-01
-9,366490e-01
-9,579028e-01
-9,772125e-01
-9,941372e-01
-1,008882e+00
-1,021447e+00
-1,031726e+00
-1,039657e+00
-1,045191e+00
-1,048489e+00
-1,049427e+00
-1,047899e+00
-1,044241e+00
-1,038110e+00
-1,029788e+00
-1,019012e+00
-1,006093e+00
-9,908330e-01
-9,733493e-01
-9,537849e-01
-9,320529e-01
-9,082589e-01
-8,823222e-01
-8,544476e-01
-8,247346e-01
-7,931832e-01
-7,598057e-01
-7,247141e-01
-6,880883e-01
-6,498850e-01
-6,101911e-01
-5,691866e-01
-5,268717e-01
-4,833518e-01
-4,387947e-01
-3,932998e-01
-3,467987e-01
-2,996268e-01
-2,517717e-01
-2,033701e-01
-1,544219e-01
-1,052191e-01
-5,569946e-02
-6,142592e-03
4,342670e-02
9,293388e-02
1,422982e-01
1,912091e-01
2,397226e-01
2,877516e-01
3,350539e-01
3,817413e-01
4,275095e-01
4,723336e-01
5,160150e-01
5,586405e-01
6,000300e-01
6,400159e-01
6,786167e-01
7,155840e-01
7,511539e-01
7,848295e-01
8,169647e-01
8,471932e-01
8,754964e-01
9,018741e-01
9,262457e-01
9,484746e-01
9,686787e-01
9,866593e-01
1,002410e+00
1,016000e+00
1,027285e+00
1,036210e+00
1,042949e+00
1,047209e+00
1,049228e+00
1,048899e+00
1,046234e+00
1,041166e+00
1,033819e+00
1,024186e+00
1,012223e+00
9,980439e-01
9,816595e-01
9,629460e-01
9,421581e-01
9,192585e-01
8,943713e-01
8,674346e-01
8,386595e-01
8,077664e-01
7,752523e-01
7,409680e-01
7,049634e-01
6,675364e-01
6,284636e-01
5,880988e-01
5,464236e-01
5,034068e-01
4,594087e-01
4,142865e-01
3,683381e-01
3,213340e-01
2,738267e-01
2,256983e-01
1,769986e-01
1,279262e-01
7,845624e-02
2,906707e-02
-2,062023e-02
-7,010256e-02
-1,194483e-01
-1,685766e-01
-2,173074e-01
-2,655724e-01
-3,132163e-01
-3,600528e-01
-4,062371e-01
-4,515830e-01
-4,957364e-01
-5,389084e-01
-5,807575e-01
-6,214017e-01
-6,607044e-01
-6,983674e-01
-7,345397e-01
-7,691531e-01
-8,019095e-01
-8,329516e-01
-8,622050e-01
-8,894274e-01
-9,146810e-01
-9,378912e-01
-9,589835e-01
-9,779764e-01
-9,947397e-01
-1,009317e+00
-1,021620e+00
-1,031676e+00
-1,039377e+00
-1,044856e+00
-1,047942e+00
-1,048619e+00
-1,046980e+00
-1,043023e+00
-1,036707e+00
-1,028074e+00
-1,017198e+00
-1,004068e+00
-9,885350e-01
-9,709767e-01
-9,510583e-01
-9,292208e-01
-9,052280e-01
-8,792291e-01
-8,512241e-01
-8,212441e-01
-7,896243e-01
-7,560046e-01
-7,208322e-01
-6,841071e-01
-6,456988e-01
-6,059863e-01
-5,648949e-01
-5,224806e-01
-4,789607e-01
-4,342918e-01
-3,887286e-01
-3,422896e-01
-2,950742e-01
-2,471446e-01
-1,986933e-01
-1,498072e-01
-1,006106e-01
-5,109717e-02
-1,683157e-03
4,804762e-02
9,733741e-02
1,466521e-01
1,955381e-01
2,439584e-01
2,919501e-01
3,391282e-01
3,856542e-01
4,313292e-01
4,759981e-01
5,195614e-01
5,620813e-01
6,032721e-01
6,430344e-01
6,815296e-01
7,183230e-01
7,536818e-01
7,873201e-01
8,191448e-01
8,491435e-01
8,773162e-01
9,034393e-01
9,276370e-01
9,496547e-01
9,696662e-01
9,874853e-01
1,003019e+00
1,016335e+00
1,027285e+00
1,036154e+00
1,042564e+00
1,046700e+00
1,048508e+00
1,047899e+00
1,044961e+00
1,039794e+00
1,032254e+00
1,022447e+00
1,010242e+00
9,958638e-01
9,792497e-01
9,603623e-01
9,394563e-01
9,163145e-01
8,913404e-01
8,641987e-01
8,351503e-01
8,042572e-01
7,716437e-01
7,372290e-01
7,011933e-01
6,634683e-01
6,244203e-01
5,838941e-01
5,421132e-01
4,990281e-01
4,549866e-01
4,097525e-01
3,636986e-01
3,168373e-01
2,692306e-01
2,210836e-01
1,724025e-01
1,233114e-01
7,387880e-02
2,442752e-02
-2,514798e-02
-7,454337e-02
-1,239884e-01
-1,729615e-01
-2,215929e-01
-2,697585e-01
-3,173155e-01
-3,640961e-01
-4,101189e-01
-4,553095e-01
-4,993076e-01
-5,423368e-01
-5,840369e-01
-6,245010e-01
-6,636422e-01
-7,012306e-01
-7,372042e-01
-7,716002e-01
-8,042510e-01
-8,351751e-01
-8,640931e-01
-8,910982e-01
-9,161406e-01
-9,392079e-01
-9,601200e-01
-9,788273e-01
-9,954229e-01
-1,009795e+00
-1,021894e+00
-1,031732e+00
-1,039179e+00
-1,044383e+00
-1,047172e+00
-1,047831e+00
-1,045973e+00
-1,041905e+00
-1,035235e+00
-1,026471e+00
-1,015354e+00
-1,001907e+00
-9,863612e-01
-9,684489e-01
-9,485553e-01
-9,264258e-01
-9,022468e-01
-8,761299e-01
-8,478516e-01
-8,177846e-01
-7,859661e-01
-7,523650e-01
-7,170622e-01
-6,801446e-01
-6,416680e-01
-6,017939e-01
-5,606466e-01
-5,181019e-01
-4,744764e-01
-4,298200e-01
-3,842381e-01
-3,376624e-01
-2,904098e-01
-2,424864e-01
-1,940662e-01
-1,452049e-01
-9,598965e-02
-4,650110e-02
2,993660e-03
5,247600e-02
1,018652e-01
1,510680e-01
1,998175e-01
2,481694e-01
2,960307e-01
3,432336e-01
3,896105e-01
4,351613e-01
4,796439e-01
5,231513e-01
5,654414e-01
6,064645e-01
6,461771e-01
6,844177e-01
7,212359e-01
7,562158e-01
7,897113e-01
8,213559e-01
8,511620e-01
8,790987e-01
9,050479e-01
9,290344e-01
9,508409e-01
9,705295e-01
9,882244e-01
1,003603e+00
1,016590e+00
1,027490e+00
1,036067e+00
1,042297e+00
1,046216e+00
1,047750e+00
1,047011e+00
1,043868e+00
1,038464e+00
1,030682e+00
1,020583e+00
1,008335e+00
9,937087e-01
9,768212e-01
9,578469e-01
9,367173e-01
9,135817e-01
8,882350e-01
8,609318e-01
8,318026e-01
8,008226e-01
7,678923e-01
7,334280e-01
6,972742e-01
6,594560e-01
6,202962e-01
5,797638e-01
5,377594e-01
4,947737e-01
4,504526e-01
4,053365e-01
3,591584e-01
3,121977e-01
2,646842e-01
2,164503e-01
1,678002e-01
1,186595e-01
6,938210e-02
1,991218e-02
-2,961984e-02
-7,908975e-02
-1,282864e-01
-1,772967e-01
-2,258598e-01
-2,739136e-01
-3,214209e-01
-3,681083e-01
-4,140256e-01
-4,590299e-01
-5,029969e-01
-5,458646e-01
-5,874715e-01
-6,277741e-01
-6,666048e-01
-7,040814e-01
-7,398811e-01
-7,740970e-01
-8,065180e-01
-8,371378e-01
-8,659378e-01
-8,928062e-01
-9,176871e-01
-9,405060e-01
-9,611821e-01
-9,797590e-01
-9,960999e-01
-1,010199e+00
-1,022030e+00
-1,031701e+00
-1,038955e+00
-1,043818e+00
-1,046650e+00
-1,046855e+00
-1,044818e+00
-1,040458e+00
-1,033732e+00
-1,024682e+00
-1,013360e+00
-9,997767e-01
-9,840010e-01
-9,660266e-01
-9,458536e-01
-9,234819e-01
-8,991848e-01
-8,728257e-01
-8,445785e-01
-8,143375e-01
-7,823203e-01
-7,486820e-01
-7,131493e-01
-6,761137e-01
-6,376433e-01
-5,976636e-01
-5,562928e-01
-5,139095e-01
-4,701039e-01
-4,253481e-01
-3,796731e-01
-3,331471e-01
-2,858945e-01
-2,380021e-01
-1,895322e-01
-1,406399e-01
-9,144947e-02
-4,199819e-02
7,446884e-03
5,695406e-02
1,063184e-01
1,554964e-01
2,041278e-01
2,523804e-01
3,001796e-01
3,472335e-01
3,935234e-01
4,389438e-01
4,834201e-01
5,266729e-01
5,688574e-01
6,097066e-01
6,492515e-01
6,873741e-01
7,238756e-01
7,588803e-01
7,921211e-01
8,235545e-01
8,532178e-01
8,809433e-01
9,066255e-01
9,303698e-01
9,521018e-01
9,716289e-01
9,889200e-01
1,004118e+00
1,016944e+00
1,027602e+00
1,035912e+00
1,041880e+00
1,045588e+00
1,046942e+00
1,046060e+00
1,042682e+00
1,037055e+00
1,029030e+00
1,018732e+00
1,006317e+00
9,914417e-01
9,744859e-01
9,553128e-01
9,339721e-01
9,105694e-01
8,850922e-01
8,577083e-01
8,283866e-01
7,971643e-01
7,642651e-01
7,295896e-01
6,933055e-01
6,554624e-01
6,161225e-01
5,754907e-01
5,335049e-01
4,903018e-01
4,460988e-01
4,007218e-01
3,546182e-01
3,076203e-01
2,600323e-01
2,118480e-01
1,630923e-01
1,140013e-01
6,479845e-02
1,532232e-02
-3,412275e-02
-8,358024e-02
-1,327023e-01
-1,816381e-01
-2,301391e-01
-2,780253e-01
-3,255015e-01
-3,720647e-01
-4,178950e-01
-4,627254e-01
-5,065744e-01
-5,493490e-01
-5,907820e-01
-6,308858e-01
-6,696419e-01
-7,068825e-01
-7,425518e-01
-7,765131e-01
-8,088533e-01
-8,393240e-01
-8,679253e-01
-8,944645e-01
-9,191094e-01
-9,417171e-01
-9,622131e-01
-9,804980e-01
-9,966961e-01
-1,010671e+00
-1,022347e+00
-1,031682e+00
-1,038750e+00
-1,043551e+00
-1,045911e+00
-1,045949e+00
-1,043762e+00
-1,039173e+00
-1,032216e+00
-1,022993e+00
-1,011466e+00
-9,977085e-01
-9,817030e-01
-9,635298e-01
-9,431332e-01
-9,207118e-01
-8,961539e-01
-8,697140e-01
-8,411749e-01
-8,108843e-01
-7,787366e-01
-7,449057e-01
-7,092986e-01
-6,721449e-01
-6,334882e-01
-5,934464e-01
-5,521377e-01
-5,094811e-01
-4,657439e-01
-4,209073e-01
-3,751577e-01
-3,286131e-01
-2,812612e-01
-2,333626e-01
-1,848430e-01
-1,359693e-01
-8,679128e-02
-3,747043e-02
1,206780e-02
6,144455e-02
1,106909e-01
1,598627e-01
2,084568e-01
2,565790e-01
3,042664e-01
3,512271e-01
3,974425e-01
4,426703e-01
4,869790e-01
5,301945e-01
5,721554e-01
6,129922e-01
6,523197e-01
6,902497e-01
7,267016e-01
7,613150e-01
7,944315e-01
8,257470e-01
8,551681e-01
8,826886e-01
9,082589e-01
9,317734e-01
9,531762e-01
9,725170e-01
9,897026e-01
1,004565e+00
1,017254e+00
1,027614e+00
1,035788e+00
1,041657e+00
1,045048e+00
1,046253e+00
1,045079e+00
1,041514e+00
1,035614e+00
1,027403e+00
1,016944e+00
1,004273e+00
9,892803e-01
9,721568e-01
9,527477e-01
9,311710e-01
9,076813e-01
8,820551e-01
8,544538e-01
8,249395e-01
7,936924e-01
7,604951e-01
7,257451e-01
6,893802e-01
6,513818e-01
6,120295e-01
5,712548e-01
5,291449e-01
4,858921e-01
4,415834e-01
3,963245e-01
3,500843e-01
3,031608e-01
2,554859e-01
2,072271e-01
1,585832e-01
1,094860e-01
6,018995e-02
1,076351e-02
-3,865051e-02
-8,800241e-02
-1,372177e-01
-1,859609e-01
-2,343936e-01
-2,822735e-01
-3,294454e-01
-3,760459e-01
-4,217209e-01
-4,664954e-01
-5,101643e-01
-5,526904e-01
-5,940737e-01
-6,339913e-01
-6,726356e-01
-7,096526e-01
-7,451417e-01
-7,790595e-01
-8,110582e-01
-8,414171e-01
-8,697513e-01
-8,961973e-01
-9,206186e-01
-9,430649e-01
-9,633373e-01
-9,814670e-01
-9,973607e-01
-1,011025e+00
-1,022434e+00
-1,031626e+00
-1,038458e+00
-1,043098e+00
-1,045321e+00
-1,045141e+00
-1,042644e+00
-1,037856e+00
-1,030719e+00
-1,021316e+00
-1,009540e+00
-9,956030e-01
-9,794174e-01
-9,609834e-01
-9,405060e-01
-9,178548e-01
-8,931105e-01
-8,665216e-01
-8,378955e-01
-8,073999e-01
-7,750846e-01
-7,411481e-01
-7,054602e-01
-6,681761e-01
-6,293952e-01
-5,892851e-01
-5,478894e-01
-5,051583e-01
-4,612844e-01
-4,164479e-01
-3,706238e-01
-3,240046e-01
-2,766899e-01
-2,287044e-01
-1,802655e-01
-1,313546e-01
-8,223869e-02
-3,289299e-02
1,653345e-02
6,587914e-02
1,151379e-01
1,641855e-01
2,127610e-01
2,608024e-01
3,083594e-01
3,552331e-01
4,012870e-01
4,465397e-01
4,905875e-01
5,336975e-01
5,755652e-01
6,161597e-01
6,553444e-01
6,931564e-01
7,293101e-01
7,638863e-01
7,967731e-01
8,279705e-01
8,571307e-01
8,844463e-01
9,097620e-01
9,332020e-01
9,544246e-01
9,734611e-01
9,904666e-01
1,005149e+00
1,017596e+00
1,027800e+00
1,035632e+00
1,041204e+00
1,044520e+00
1,045390e+00
1,044042e+00
1,040328e+00
1,034216e+00
1,025825e+00
1,015105e+00
1,002218e+00
9,870692e-01
9,696600e-01
9,502012e-01
9,284382e-01
9,048119e-01
8,788937e-01
8,512428e-01
8,214739e-01
7,901025e-01
7,569114e-01
7,219378e-01
6,854673e-01
6,473758e-01
6,078247e-01
5,669942e-01
5,248407e-01
4,815320e-01
4,371488e-01
3,918216e-01
3,455689e-01
2,984654e-01
2,509022e-01
2,026310e-01
1,538753e-01
1,048588e-01
5,558766e-02
6,254388e-03
-4,319068e-02
-9,242458e-02
-1,414846e-01
-1,903272e-01
-2,385549e-01
-2,864473e-01
-3,335632e-01
-3,799463e-01
-4,254785e-01
-4,701164e-01
-5,137853e-01
-5,561313e-01
-5,973593e-01
-6,371837e-01
-6,755609e-01
-7,124413e-01
-7,477814e-01
-7,814570e-01
-8,133500e-01
-8,433797e-01
-8,716083e-01
-8,978184e-01
-9,220844e-01
-9,442760e-01
-9,643248e-01
-9,822185e-01
-9,980377e-01
-1,011422e+00
-1,022670e+00
-1,031595e+00
-1,038222e+00
-1,042601e+00
-1,044564e+00
-1,044241e+00
-1,041502e+00
-1,036558e+00
-1,029192e+00
-1,019527e+00
-1,007658e+00
-9,934851e-01
-9,771317e-01
-9,584804e-01
-9,378291e-01
-9,149853e-01
-8,901852e-01
-8,633851e-01
-8,345727e-01
-8,039405e-01
-7,714946e-01
-7,373346e-01
-7,015536e-01
-6,641577e-01
-6,253705e-01
-5,850741e-01
-5,435045e-01
-5,007796e-01
-4,568995e-01
-4,119884e-01
-3,661395e-01
-3,194583e-01
-2,721063e-01
-2,241332e-01
-1,756570e-01
-1,267523e-01
-7,769230e-02
-2,830313e-02
2,107362e-02
7,043795e-02
1,195538e-01
1,685145e-01
2,170590e-01
2,650631e-01
3,125269e-01
3,592516e-01
4,051813e-01
4,502290e-01
4,943203e-01
5,371818e-01
5,789564e-01
6,194453e-01
6,584374e-01
6,960072e-01
7,320740e-01
7,664762e-01
7,991953e-01
8,300201e-01
8,591058e-01
8,862412e-01
9,114327e-01
9,344193e-01
9,554743e-01
9,743555e-01
9,911187e-01
1,005578e+00
1,017832e+00
1,027782e+00
1,035539e+00
1,040837e+00
1,043899e+00
1,044663e+00
1,043011e+00
1,039092e+00
1,032782e+00
1,024210e+00
1,013267e+00
1,000143e+00
9,848643e-01
9,672129e-01
9,475057e-01
9,257054e-01
9,017499e-01
8,757883e-01
8,479510e-01
8,182193e-01
7,865747e-01
7,533091e-01
7,182174e-01
6,814985e-01
6,433325e-01
6,037193e-01
5,627335e-01
5,205179e-01
4,771347e-01
4,327701e-01
3,873063e-01
3,409915e-01
2,939749e-01
2,461819e-01
1,980536e-01
1,493103e-01
1,002752e-01
5,101022e-02
1,664524e-03
-4,766254e-02
-9,693991e-02
-1,458446e-01
-1,945755e-01
-2,427783e-01
-2,904906e-01
-3,376314e-01
-3,838965e-01
-4,294349e-01
-4,738864e-01
-5,173628e-01
-5,596156e-01
-6,005766e-01
-6,402705e-01
-6,785794e-01
-7,153418e-01
-7,504210e-01
-7,838978e-01
-8,155549e-01
-8,454418e-01
-8,734778e-01
-8,995140e-01
-9,235937e-01
-9,455865e-01
-9,653745e-01
-9,830321e-01
-9,986277e-01
-1,011813e+00
-1,022906e+00
-1,031558e+00
-1,037918e+00
-1,042067e+00
-1,043818e+00
-1,043284e+00
-1,040409e+00
-1,035179e+00
-1,027664e+00
-1,017813e+00
-1,005721e+00
-9,913237e-01
-9,747405e-01
-9,559898e-01
-9,351460e-01
-9,122029e-01
-8,871480e-01
-8,600871e-01
-8,311815e-01
-8,004313e-01
-7,679047e-01
-7,335957e-01
-6,976842e-01
-6,602448e-01
-6,212589e-01
-5,809128e-01
-5,392997e-01
-4,964693e-01
-4,525457e-01
-4,075476e-01
-3,616863e-01
-3,149119e-01
-2,675847e-01
-2,195682e-01
-1,710299e-01
-1,222804e-01
-7,305275e-02
-2,379400e-02
2,559517e-02
7,496571e-02
1,239760e-01
1,727814e-01
2,213196e-01
2,692430e-01
3,166075e-01
3,632514e-01
4,090817e-01
4,540301e-01
4,978729e-01
5,407344e-01
5,822730e-01
6,226129e-01
6,615367e-01
6,989077e-01
7,347695e-01
7,689792e-01
8,014623e-01
8,322622e-01
8,610374e-01
8,879679e-01
9,129109e-01
9,358602e-01
9,566047e-01
9,752747e-01
9,917895e-01
1,006062e+00
1,018105e+00
1,027862e+00
1,035285e+00
1,040483e+00
1,043278e+00
1,043843e+00
1,042061e+00
1,037837e+00
1,031341e+00
1,022521e+00
1,011453e+00
9,980936e-01
9,825414e-01
9,648590e-01
9,449406e-01
9,228918e-01
8,988121e-01
8,727698e-01
8,447151e-01
8,147474e-01
7,829662e-01
7,494894e-01
7,144102e-01
6,776043e-01
6,392892e-01
5,996077e-01
5,585908e-01
5,162696e-01
4,727436e-01
4,282734e-01
3,828220e-01
3,365631e-01
2,893788e-01
2,417101e-01
1,934389e-01
1,447888e-01
9,568531e-02
4,651352e-02
-2,850809e-03
-5,213440e-02
-1,013559e-01
-1,503165e-01
-1,988734e-01
-2,470639e-01
-2,947202e-01
-3,416002e-01
-3,878652e-01
-4,331676e-01
-4,775632e-01
-5,208098e-01
-5,630068e-01
-6,038249e-01
-6,434194e-01
-6,814861e-01
-7,180498e-01
-7,530420e-01
-7,862766e-01
-8,178218e-01
-8,475162e-01
-8,753163e-01
-9,011723e-01
-9,249725e-01
-9,467355e-01
-9,664552e-01
-9,839141e-01
-9,991929e-01
-1,012304e+00
-1,023012e+00
-1,031533e+00
-1,037775e+00
-1,041595e+00
-1,043154e+00
-1,042427e+00
-1,039291e+00
-1,033868e+00
-1,026086e+00
-1,016056e+00
-1,003745e+00
-9,891685e-01
-9,724363e-01
-9,534557e-01
-9,324194e-01
-9,092899e-01
-8,840985e-01
-8,568636e-01
-8,278338e-01
-7,969842e-01
-7,642776e-01
-7,299126e-01
-6,938334e-01
-6,562263e-01
-6,172094e-01
-5,767639e-01
-5,350018e-01
-4,921154e-01
-4,480800e-01
-4,030137e-01
-3,571647e-01
-3,103593e-01
-2,630259e-01
-2,150218e-01
-1,664524e-01
-1,176223e-01
-6,853120e-02
-1,925383e-02
3,007945e-02
7,931956e-02
1,284106e-01
1,771228e-01
2,255617e-01
2,734789e-01
3,206632e-01
3,671953e-01
4,129511e-01
4,577318e-01
5,014380e-01
5,442187e-01
5,856207e-01
6,256935e-01
6,645179e-01
7,017772e-01
7,374589e-01
7,714822e-01
8,037665e-01
8,343615e-01
8,629193e-01
8,897380e-01
9,145195e-01
9,371583e-01
9,577475e-01
9,762684e-01
9,925162e-01
1,006559e+00
1,018372e+00
1,027968e+00
1,035241e+00
1,040148e+00
1,042731e+00
1,042980e+00
1,040930e+00
1,036595e+00
1,029906e+00
1,020931e+00
1,009683e+00
9,961309e-01
9,803055e-01
9,624119e-01
9,423320e-01
9,200597e-01
8,959241e-01
8,696022e-01
8,414295e-01
8,112880e-01
7,794881e-01
7,458312e-01
7,105532e-01
6,736790e-01
6,352707e-01
5,954029e-01
5,543550e-01
5,118972e-01
4,684332e-01
4,238202e-01
3,783439e-01
3,319919e-01
2,848821e-01
2,371078e-01
1,888241e-01
1,402175e-01
9,112650e-02
4,191123e-02
-7,304033e-03
-5,663731e-02
-1,057284e-01
-1,546703e-01
-2,031714e-01
-2,511941e-01
-2,988380e-01
-3,455751e-01
-3,917843e-01
-4,370495e-01
-4,812774e-01
-5,243252e-01
-5,664041e-01
-6,071042e-01
-6,465187e-01
-6,843804e-01
-7,207701e-01
-7,556817e-01
-7,886740e-01
-8,200267e-01
-8,495037e-01
-8,771361e-01
-9,027809e-01
-9,263762e-01
-9,480088e-01
-9,674676e-01
-9,847401e-01
-9,997891e-01
-1,012590e+00
-1,023136e+00
-1,031527e+00
-1,037433e+00
-1,041042e+00
-1,042539e+00
-1,041471e+00
-1,038104e+00
-1,032564e+00
-1,024583e+00
-1,014279e+00
-1,001801e+00
-9,870381e-01
-9,701196e-01
-9,509403e-01
-9,297176e-01
-9,063770e-01
-8,810613e-01
-8,537954e-01
-8,245172e-01
-7,934937e-01
-7,606442e-01
-7,261301e-01
-6,899640e-01
-6,522638e-01
-6,131474e-01
-5,725405e-01
-5,307597e-01
-4,877243e-01
-4,436641e-01
-3,985294e-01
-3,525873e-01
-3,059371e-01
-2,584298e-01
-2,104009e-01
-1,618936e-01
-1,129951e-01
-6,394134e-02
-1,470744e-02
3,455751e-02
8,381005e-02
1,327707e-01
1,814642e-01
2,298037e-01
2,776091e-01
3,247996e-01
3,712076e-01
4,168019e-01
4,614956e-01
5,050900e-01
5,476472e-01
5,889559e-01
6,289045e-01
6,674681e-01
7,045969e-01
7,400488e-01
7,739790e-01
8,060894e-01
8,364546e-01
8,649068e-01
8,914460e-01
9,160288e-01
9,385061e-01
9,587847e-01
9,771069e-01
9,932180e-01
1,007081e+00
1,018571e+00
1,027931e+00
1,035024e+00
1,039750e+00
1,042185e+00
1,042172e+00
1,039949e+00
1,035353e+00
1,028453e+00
1,019229e+00
1,007820e+00
9,940751e-01
9,781255e-01
9,600207e-01
9,397420e-01
9,173455e-01
8,929552e-01
8,664409e-01
8,381812e-01
8,079403e-01
7,758982e-01
7,420984e-01
7,067210e-01
6,696730e-01
6,312523e-01
5,913471e-01
5,500818e-01
5,075992e-01
4,640421e-01
4,193732e-01
3,739155e-01
3,274393e-01
2,803171e-01
2,326421e-01
1,842964e-01
1,355842e-01
8,659254e-02
3,738969e-02
-1,189390e-02
-6,109674e-02
-1,102499e-01
-1,589621e-01
-2,074258e-01
-2,554610e-01
-3,029434e-01
-3,497116e-01
-3,956537e-01
-4,407015e-01
-4,848921e-01
-5,278840e-01
-5,697953e-01
-6,103960e-01
-6,495061e-01
-6,874051e-01
-7,235464e-01
-7,582157e-01
-7,910652e-01
-8,222130e-01
-8,515098e-01
-8,789621e-01
-9,043895e-01
-9,278481e-01
-9,491702e-01
-9,684240e-01
-9,854606e-01
-1,000323e+00
-1,012975e+00
-1,023304e+00
-1,031372e+00
-1,037191e+00
-1,040607e+00
-1,041725e+00
-1,040527e+00
-1,037017e+00
-1,031204e+00
-1,022987e+00
-1,012540e+00
-9,998450e-01
-9,848892e-01
-9,677160e-01
-9,484373e-01
-9,269910e-01
-9,035386e-01
-8,780304e-01
-8,504788e-01
-8,212192e-01
-7,899597e-01
-7,570605e-01
-7,223912e-01
-6,860511e-01
-6,482639e-01
-6,089675e-01
-5,684102e-01
-5,264742e-01
-4,834325e-01
-4,392357e-01
-3,940948e-01
-3,480719e-01
-3,012913e-01
-2,539083e-01
-2,058793e-01
-1,573286e-01
-1,084425e-01
-5,937011e-02
-1,014863e-02
3,905421e-02
8,824464e-02
1,371742e-01
1,858491e-01
2,340396e-01
2,817580e-01
3,288305e-01
3,751515e-01
4,206589e-01
4,651600e-01
5,087110e-01
5,511129e-01
5,922167e-01
6,321032e-01
6,705052e-01
7,073856e-01
7,427381e-01
7,763888e-01
8,083626e-01
8,385601e-01
8,667700e-01
8,930795e-01
9,174946e-01
9,397979e-01
9,599648e-01
9,779640e-01
9,938826e-01
1,007540e+00
1,018863e+00
1,027980e+00
1,034738e+00
1,039309e+00
1,041384e+00
1,041377e+00
1,038831e+00
1,033968e+00
1,026900e+00
1,017453e+00
1,005919e+00
9,919820e-01
9,758274e-01
9,575053e-01
9,370714e-01
9,145506e-01
8,899616e-01
8,633602e-01
8,349081e-01
8,044870e-01
7,723642e-01
7,384774e-01
7,028392e-01
6,658408e-01
6,271406e-01
5,872293e-01
5,458522e-01
5,033447e-01
4,597069e-01
4,149759e-01
3,693381e-01
3,229177e-01
2,758018e-01
2,279653e-01
1,797003e-01
1,310130e-01
8,200888e-02
3,284330e-02
-1,639060e-02
-6,551270e-02
-1,146224e-01
-1,633967e-01
-2,116679e-01
-2,596534e-01
-3,069930e-01
-3,536680e-01
-3,995728e-01
-4,445274e-01
-4,886000e-01
-5,314118e-01
-5,731119e-01
-6,135884e-01
-6,526426e-01
-6,902559e-01
-7,262854e-01
-7,607187e-01
-7,935123e-01
-8,244551e-01
-8,535408e-01
-8,807943e-01
-9,060541e-01
-9,292270e-01
-9,503813e-01
-9,693743e-01
-9,862121e-01
-1,000870e+00
-1,013285e+00
-1,023434e+00
-1,031303e+00
-1,036862e+00
-1,040086e+00
-1,041011e+00
-1,039558e+00
-1,035862e+00
-1,029800e+00
-1,021391e+00
-1,010832e+00
-9,978762e-01
-9,828085e-01
-9,654490e-01
-9,458908e-01
-9,243887e-01
-9,006878e-01
-8,749560e-01
-8,473485e-01
-8,178218e-01
-7,864692e-01
-7,533712e-01
-7,186336e-01
-6,822066e-01
-6,443324e-01
-6,049056e-01
-5,642055e-01
-5,221638e-01
-4,791657e-01
-4,348384e-01
-3,896354e-01
-3,435442e-01
-2,968195e-01
-2,492191e-01
-2,012770e-01
-1,527077e-01
-1,038837e-01
-5,477403e-02
-5,596032e-03
4,360681e-02
9,262954e-02
1,416026e-01
1,901533e-01
2,382879e-01
2,858696e-01
3,327993e-01
3,790706e-01
4,245283e-01
4,689611e-01
5,122450e-01
5,545537e-01
5,956140e-01
6,353204e-01
6,735424e-01
7,102985e-01
7,454150e-01
7,789477e-01
8,106544e-01
8,406718e-01
8,687327e-01
8,948247e-01
9,190162e-01
9,410898e-01
9,610517e-01
9,788273e-01
9,944912e-01
1,007969e+00
1,019105e+00
1,027999e+00
1,034601e+00
1,038912e+00
1,040862e+00
1,040471e+00
1,037831e+00
1,032794e+00
1,025465e+00
1,015913e+00
1,003994e+00
9,899076e-01
9,735977e-01
9,551078e-01
9,344069e-01
9,117370e-01
8,869555e-01
8,602424e-01
8,315542e-01
8,010648e-01
7,687991e-01
7,348006e-01
6,990816e-01
6,619342e-01
6,230414e-01
5,830618e-01
5,416661e-01
4,990530e-01
4,553220e-01
4,105475e-01
3,648911e-01
3,184459e-01
2,712119e-01
2,234189e-01
1,750856e-01
1,264107e-01
7,747492e-02
2,823481e-02
-2,088109e-02
-7,004667e-02
-1,189452e-01
-1,677195e-01
-2,159969e-01
-2,639079e-01
-3,111418e-01
-3,576926e-01
-4,034981e-01
-4,483471e-01
-4,922458e-01
-5,349272e-01
-5,765279e-01
-6,168243e-01
-6,557046e-01
-6,931191e-01
-7,291114e-01
-7,632528e-01
-7,958476e-01
-8,266662e-01
-8,554724e-01
-8,826389e-01
-9,076006e-01
-9,306058e-01
-9,516049e-01
-9,703743e-01
-9,870009e-01
-1,001522e+00
-1,013677e+00
-1,023577e+00
-1,031111e+00
-1,036520e+00
-1,039551e+00
-1,040247e+00
-1,038645e+00
-1,034645e+00
-1,028409e+00
-1,019832e+00
-1,008975e+00
-9,959011e-01
-9,805477e-01
-9,631013e-01
-9,433630e-01
-9,216434e-01
-8,976817e-01
-8,719810e-01
-8,441561e-01
-8,144307e-01
-7,830469e-01
-7,497813e-01
-7,147890e-01
-6,783372e-01
-6,402829e-01
-6,008064e-01
-5,600193e-01
-5,180335e-01
-4,747683e-01
-4,304535e-01
-3,852194e-01
-3,390847e-01
-2,921924e-01
-2,448404e-01
-1,966313e-01
-1,482110e-01
-9,932491e-02
-5,022765e-02
-1,105542e-03
4,804140e-02
9,712624e-02
1,459254e-01
1,944264e-01
2,425423e-01
2,899875e-01
3,368488e-01
3,830021e-01
4,283293e-01
4,726504e-01
5,158970e-01
5,579759e-01
5,989369e-01
6,383575e-01
6,765050e-01
7,131059e-01
7,480422e-01
7,813638e-01
8,129649e-01
8,426965e-01
8,706643e-01
8,965638e-01
9,204758e-01
9,423693e-01
9,621572e-01
9,797838e-01
9,952303e-01
1,008435e+00
1,019409e+00
1,028067e+00
1,034483e+00
1,038427e+00
1,040228e+00
1,039632e+00
1,036769e+00
1,031570e+00
1,024012e+00
1,014217e+00
1,002106e+00
9,878207e-01
9,713245e-01
9,526918e-01
9,318480e-01
9,089608e-01
8,840612e-01
8,570500e-01
8,282934e-01
7,976861e-01
7,651223e-01
7,310678e-01
6,951750e-01
6,579157e-01
6,190727e-01
5,788570e-01
5,373992e-01
4,946929e-01
4,509619e-01
4,060943e-01
3,604254e-01
3,138374e-01
2,667462e-01
2,188415e-01
1,705516e-01
1,218705e-01
7,290369e-02
2,376295e-02
-2,541505e-02
-7,446884e-02
-1,234791e-01
-1,720112e-01
-2,203135e-01
-2,680568e-01
-3,151230e-01
-3,616863e-01
-4,073178e-01
-4,520674e-01
-4,958978e-01
-5,384364e-01
-5,798507e-01
-6,200788e-01
-6,587604e-01
-6,961128e-01
-7,318069e-01
-7,658055e-01
-7,981457e-01
-8,288400e-01
-8,575530e-01
-8,843407e-01
-9,092340e-01
-9,320157e-01
-9,527291e-01
-9,713307e-01
-9,877400e-01
-1,002006e+00
-1,013894e+00
-1,023658e+00
-1,031105e+00
-1,036235e+00
-1,039005e+00
-1,039483e+00
-1,037676e+00
-1,033533e+00
-1,027080e+00
-1,018267e+00
-1,007217e+00
-9,939385e-01
-9,784174e-01
-9,606542e-01
-9,408662e-01
-9,189169e-01
-8,948744e-01
-8,688507e-01
-8,409326e-01
-8,111016e-01
-7,794632e-01
-7,461231e-01
-7,111308e-01
-6,744367e-01
-6,362831e-01
-5,967196e-01
-5,558642e-01
-5,137604e-01
-4,703772e-01
-4,260872e-01
-3,807786e-01
-3,345694e-01
-2,877702e-01
-2,401511e-01
-1,920476e-01
-1,436025e-01
-9,480957e-02
-4,566884e-02
3,378736e-03
5,252568e-02
1,016229e-01
1,503413e-01
1,987306e-01
2,468154e-01
2,941923e-01
3,409418e-01
3,869398e-01
4,321615e-01
4,763211e-01
5,193875e-01
5,614851e-01
6,020796e-01
6,414444e-01
6,794179e-01
7,157952e-01
7,506508e-01
7,838047e-01
8,151946e-01
8,448145e-01
8,724779e-01
8,982035e-01
9,219913e-01
9,436673e-01
9,631758e-01
9,806285e-01
9,958266e-01
1,008826e+00
1,019552e+00
1,027968e+00
1,034185e+00
1,038061e+00
1,039502e+00
1,038794e+00
1,035725e+00
1,030303e+00
1,022527e+00
1,012515e+00
1,000267e+00
9,857711e-01
9,690886e-01
9,502323e-01
9,292394e-01
9,061659e-01
8,810738e-01
8,539569e-01
8,250017e-01
7,941893e-01
7,615945e-01
7,273040e-01
6,914298e-01
6,540463e-01
6,150790e-01
5,747578e-01
5,332068e-01
4,903763e-01
4,465211e-01
4,016969e-01
3,559598e-01
3,093531e-01
2,621502e-01
2,142889e-01
1,660053e-01
1,173117e-01
6,833245e-02
1,928488e-02
-2,989312e-02
-7,889100e-02
-1,278019e-01
-1,764147e-01
-2,245679e-01
-2,721497e-01
-3,192844e-01
-3,656923e-01
-4,111562e-01
-4,558623e-01
-4,994319e-01
-5,419518e-01
-5,832046e-01
-6,232837e-01
-6,618224e-01
-6,989450e-01
-7,344652e-01
-7,683271e-01
-8,005555e-01
-8,309766e-01
-8,595530e-01
-8,860984e-01
-9,107557e-01
-9,333945e-01
-9,539402e-01
-9,722686e-01
-9,884853e-01
-1,002609e+00
-1,014285e+00
-1,023769e+00
-1,030999e+00
-1,035843e+00
-1,038433e+00
-1,038756e+00
-1,036670e+00
-1,032303e+00
-1,025639e+00
-1,016658e+00
-1,005472e+00
-9,919199e-01
-9,762312e-01
-9,583251e-01
-9,382949e-01
-9,161654e-01
-8,919429e-01
-8,658757e-01
-8,377527e-01
-8,078161e-01
-7,760100e-01
-7,425083e-01
-7,072800e-01
-6,705052e-01
-6,323392e-01
-5,926701e-01
-5,516346e-01
-5,094687e-01
-4,661041e-01
-4,216650e-01
-3,763502e-01
-3,301410e-01
-2,832114e-01
-2,356544e-01
-1,875882e-01
-1,390375e-01
-9,025076e-02
-4,120940e-02
7,856804e-03
5,699133e-02
1,059768e-01
1,547387e-01
2,030658e-01
2,509457e-01
2,982480e-01
3,449789e-01
3,908589e-01
4,358880e-01
4,800662e-01
5,229836e-01
5,648141e-01
6,054583e-01
6,446243e-01
6,824488e-01
7,185901e-01
7,533153e-01
7,862704e-01
8,174492e-01
8,468641e-01
8,742790e-01
8,999115e-01
9,234570e-01
9,448971e-01
9,642441e-01
9,814297e-01
9,964725e-01
1,009242e+00
1,019726e+00
1,027987e+00
1,033937e+00
1,037539e+00
1,038862e+00
1,037937e+00
1,034651e+00
1,029049e+00
1,021080e+00
1,010863e+00
9,983420e-01
9,837277e-01
9,668216e-01
9,477417e-01
9,265252e-01
9,032902e-01
8,780428e-01
8,509384e-01
8,217099e-01
7,907423e-01
7,580542e-01
7,236271e-01
6,875852e-01
6,500278e-01
6,110295e-01
5,705965e-01
5,290331e-01
4,861467e-01
4,422045e-01
3,973183e-01
3,514196e-01
3,049061e-01
2,575230e-01
2,097177e-01
1,614030e-01
1,126411e-01
6,382333e-02
1,474471e-02
-3,440224e-02
-8,333181e-02
-1,321682e-01
-1,806444e-01
-2,287852e-01
-2,763607e-01
-3,233277e-01
-3,695990e-01
-4,150939e-01
-4,596075e-01
-5,031025e-01
-5,454796e-01
-5,866206e-01
-6,264140e-01
-6,649092e-01
-7,017151e-01
-7,371731e-01
-7,709170e-01
-8,028722e-01
-8,330945e-01
-8,613976e-01
-8,878747e-01
-9,122774e-01
-9,347112e-01
-9,550395e-01
-9,731754e-01
-9,892244e-01
-1,003006e+00
-1,014528e+00
-1,023850e+00
-1,030875e+00
-1,035521e+00
-1,037837e+00
-1,037930e+00
-1,035707e+00
-1,031117e+00
-1,024223e+00
-1,015049e+00
-1,003609e+00
-9,899759e-01
-9,740263e-01
-9,559525e-01
-9,356925e-01
-9,134513e-01
-8,890734e-01
-8,627702e-01
-8,345106e-01
-8,044497e-01
-7,724698e-01
-7,387942e-01
-7,035224e-01
-6,666917e-01
-6,282648e-01
-5,885709e-01
-5,474546e-01
-5,051273e-01
-4,617378e-01
-4,172242e-01
-3,719280e-01
-3,256195e-01
-2,787519e-01
-2,310335e-01
-1,829610e-01
-1,344973e-01
-8,566090e-02
-3,667544e-02
1,240319e-02
6,143213e-02
1,103617e-01
1,590677e-01
2,073637e-01
2,550759e-01
3,023720e-01
3,489849e-01
3,947594e-01
4,398071e-01
4,836686e-01
5,265735e-01
5,682053e-01
6,086383e-01
6,477174e-01
6,853307e-01
7,214533e-01
7,559115e-01
7,886492e-01
8,197100e-01
8,489323e-01
8,762852e-01
9,015946e-01
9,248855e-01
9,462262e-01
9,652937e-01
9,822930e-01
9,970563e-01
1,009609e+00
1,019950e+00
1,028092e+00
1,033719e+00
1,037104e+00
1,038253e+00
1,037092e+00
1,033508e+00
1,027713e+00
1,019521e+00
1,009050e+00
9,964539e-01
9,815415e-01
9,645484e-01
9,452635e-01
9,239229e-01
9,005015e-01
8,750243e-01
8,477522e-01
8,183932e-01
7,874070e-01
7,544271e-01
7,199689e-01
6,837531e-01
6,461025e-01
6,070049e-01
5,664787e-01
5,246978e-01
4,818736e-01
4,378569e-01
3,928153e-01
3,470037e-01
3,003287e-01
2,530636e-01
2,052458e-01
1,569187e-01
1,081506e-01
5,926452e-02
1,026043e-02
-3,888031e-02
-8,777882e-02
-1,365407e-01
-1,849982e-01
-2,331204e-01
-2,804786e-01
-3,273772e-01
-3,736547e-01
-4,188825e-01
-4,633216e-01
-5,066924e-01
-5,489080e-01
-5,899124e-01
-6,296312e-01
-6,679028e-01
-7,047211e-01
-7,398190e-01
-7,734014e-01
-8,052882e-01
-8,352745e-01
-8,634286e-01
-8,896324e-01
-9,139047e-01
-9,360962e-01
-9,562569e-01
-9,742064e-01
-9,899697e-01
-1,003634e+00
-1,014894e+00
-1,023869e+00
-1,030626e+00
-1,035179e+00
-1,037415e+00
-1,037148e+00
-1,034719e+00
-1,029937e+00
-1,022794e+00
-1,013397e+00
-1,001770e+00
-9,879201e-01
-9,718525e-01
-9,535303e-01
-9,331461e-01
-9,107371e-01
-8,861419e-01
-8,597517e-01
-8,312436e-01
-8,010275e-01
-7,689668e-01
-7,351981e-01
-6,997648e-01
-6,628223e-01
-6,243085e-01
-5,844903e-01
-5,432685e-01
-5,008914e-01
-4,573654e-01
-4,128952e-01
-3,673568e-01
-3,211352e-01
-2,741869e-01
-2,265182e-01
-1,785327e-01
-1,299509e-01
-8,117041e-02
-3,217252e-02
1,696200e-02
6,587914e-02
1,148025e-01
1,633159e-01
2,115809e-01
2,593987e-01
3,065955e-01
3,529040e-01
3,986536e-01
4,435088e-01
4,873578e-01
5,300454e-01
5,716772e-01
6,118369e-01
6,507794e-01
6,882684e-01
7,241489e-01
7,585449e-01
7,910901e-01
8,219832e-01
8,510440e-01
8,780428e-01
9,031536e-01
9,263389e-01
9,474436e-01
9,663620e-01
9,830756e-01
9,977271e-01
1,010056e+00
1,020204e+00
1,027987e+00
1,033415e+00
1,036620e+00
1,037576e+00
1,036204e+00
1,032415e+00
1,026359e+00
1,018024e+00
1,007435e+00
9,945285e-01
9,794981e-01
9,621883e-01
9,428599e-01
9,212149e-01
8,977501e-01
8,720679e-01
8,445847e-01
8,151015e-01
7,838668e-01
7,508868e-01
7,162610e-01
6,799706e-01
6,422394e-01
6,029243e-01
5,623298e-01
5,205552e-01
4,775198e-01
4,334161e-01
3,885112e-01
3,425194e-01
2,958382e-01
2,485359e-01
2,006808e-01
1,523288e-01
1,036601e-01
5,476782e-02
5,776148e-03
-4,325900e-02
-9,228794e-02
-1,409256e-01
-1,893210e-01
-2,372941e-01
-2,847455e-01
-3,315447e-01
-3,775054e-01
-4,227768e-01
-4,670047e-01
-5,102388e-01
-5,523488e-01
-5,931732e-01
-6,327553e-01
-6,709027e-01
-7,074912e-01
-7,425642e-01
-7,758671e-01
-8,075304e-01
-8,374111e-01
-8,653850e-01
-8,914025e-01
-9,154450e-01
-9,374192e-01
-9,572692e-01
-9,750511e-01
-9,906777e-01
-1,004044e+00
-1,015186e+00
-1,024037e+00
-1,030558e+00
-1,034906e+00
-1,036781e+00
-1,036415e+00
-1,033732e+00
-1,028751e+00
-1,021391e+00
-1,011857e+00
-9,999879e-01
-9,858953e-01
-9,696849e-01
-9,511639e-01
-9,306182e-01
-9,079484e-01
-8,832662e-01
-8,566214e-01
-8,280512e-01
-7,976923e-01
-7,654080e-01
-7,314840e-01
-6,960383e-01
-6,589032e-01
-6,203335e-01
-5,803600e-01
-5,390885e-01
-4,966369e-01
-4,530736e-01
-4,084979e-01
-3,629595e-01
-3,165950e-01
-2,696343e-01
-2,220463e-01
-1,739117e-01
-1,253176e-01
-7,669234e-02
-2,763235e-02
2,139659e-02
7,038206e-02
1,191874e-01
1,677070e-01
2,158975e-01
2,635104e-01
3,106760e-01
3,570094e-01
4,025975e-01
4,472664e-01
4,910223e-01
5,336540e-01
5,750249e-01
6,151846e-01
6,538786e-01
6,912248e-01
7,269748e-01
7,610417e-01
7,935682e-01
8,241694e-01
8,529197e-01
8,798999e-01
9,048119e-01
9,277301e-01
9,486112e-01
9,674054e-01
9,839141e-01
9,982737e-01
1,010435e+00
1,020298e+00
1,027894e+00
1,033191e+00
1,036117e+00
1,036912e+00
1,035204e+00
1,031266e+00
1,025018e+00
1,016496e+00
1,005696e+00
9,926528e-01
9,773802e-01
9,599461e-01
9,402762e-01
9,186312e-01
8,947999e-01
8,690929e-01
8,414233e-01
8,118159e-01
7,805129e-01
7,472783e-01
7,125531e-01
6,760640e-01
6,382830e-01
5,988810e-01
5,582616e-01
5,162883e-01
4,732404e-01
4,291057e-01
3,840331e-01
3,380351e-01
2,914408e-01
2,439957e-01
1,961717e-01
1,477700e-01
9,903299e-02
5,026491e-02
1,180073e-03
-4,773086e-02
-9,673495e-02
-1,452919e-01
-1,936376e-01
-2,415486e-01
-2,887950e-01
-3,355197e-01
-3,815674e-01
-4,265158e-01
-4,707561e-01
-5,138101e-01
-5,558083e-01
-5,965270e-01
-6,359167e-01
-6,738343e-01
-7,103420e-01
-7,451666e-01
-7,783391e-01
-8,098905e-01
-8,395352e-01
-8,672793e-01
-8,930795e-01
-9,168859e-01
-9,387607e-01
-9,584555e-01
-9,759641e-01
-9,913547e-01
-1,004503e+00
-1,015391e+00
-1,024030e+00
-1,030421e+00
-1,034452e+00
-1,036148e+00
-1,035620e+00
-1,032744e+00
-1,027502e+00
-1,019962e+00
-1,010236e+00
-9,981557e-01
-9,839016e-01
-9,674365e-01
-9,487417e-01
-9,281028e-01
-9,051845e-01
-8,803595e-01
-8,535594e-01
-8,247656e-01
-7,942639e-01
-7,620044e-01
-7,279065e-01
-6,922061e-01
-6,550773e-01
-6,162777e-01
-5,762174e-01
-5,349769e-01
-4,923452e-01
-4,487819e-01
-4,040571e-01
-3,584752e-01
-3,121418e-01
-2,651190e-01
-2,174813e-01
-1,693778e-01
-1,208643e-01
-7,201552e-02
-2,322881e-02
2,588708e-02
7,479180e-02
1,235475e-01
1,720112e-01
2,201830e-01
2,676841e-01
3,147193e-01
3,610900e-01
4,065166e-01
4,510426e-01
4,946991e-01
5,371942e-01
5,783663e-01
6,183895e-01
6,569965e-01
6,941067e-01
7,296952e-01
7,636813e-01
7,958849e-01
8,263432e-01
8,550252e-01
8,817321e-01
9,064826e-01
9,292332e-01
9,498410e-01
9,683433e-01
9,846904e-01
9,988948e-01
1,010820e+00
1,020465e+00
1,027856e+00
1,032974e+00
1,035750e+00
1,036166e+00
1,034372e+00
1,030229e+00
1,023751e+00
1,015012e+00
1,004019e+00
9,907212e-01
9,752312e-01
9,575487e-01
9,378477e-01
9,159108e-01
8,920236e-01
8,661427e-01
8,382495e-01
8,085055e-01
7,769789e-01
7,437008e-01
7,087396e-01
6,723312e-01
6,342956e-01
5,948501e-01
5,540506e-01
5,121083e-01
4,690108e-01
4,247394e-01
3,796420e-01
3,336067e-01
2,868323e-01
2,394866e-01
1,916563e-01
1,431864e-01
9,452387e-02
4,572473e-02
-3,285572e-03
-5,220893e-02
-1,010702e-01
-1,496333e-01
-1,978610e-01
-2,457161e-01
-2,929998e-01
-3,395816e-01
-3,854430e-01
-4,304100e-01
-4,745013e-01
-5,174559e-01
-5,592802e-01
-5,998064e-01
-6,390594e-01
-6,769397e-01
-7,131742e-01
-7,478808e-01
-7,808669e-01
-8,121575e-01
-8,415724e-01
-8,691612e-01
-8,948682e-01
-9,184262e-01
-9,400774e-01
-9,595549e-01
-9,768957e-01
-9,920938e-01
-1,005087e+00
-1,015714e+00
-1,024080e+00
-1,030229e+00
-1,034055e+00
-1,035589e+00
-1,034781e+00
-1,031626e+00
-1,026223e+00
-1,018478e+00
-1,008553e+00
-9,963048e-01
-9,818086e-01
-9,651882e-01
-9,463132e-01
-9,254569e-01
-9,024145e-01
-8,774280e-01
-8,505285e-01
-8,216229e-01
-7,908665e-01
-7,583834e-01
-7,242358e-01
-6,884051e-01
-6,511582e-01
-6,123524e-01
-5,721741e-01
-5,307845e-01
-4,881094e-01
-4,444032e-01
-3,997467e-01
-3,541214e-01
-3,076327e-01
-2,606533e-01
-2,129163e-01
-1,648190e-01
-1,163304e-01
-6,753125e-02
-1,865758e-02
3,030925e-02
7,917050e-02
1,279758e-01
1,763402e-01
2,244065e-01
2,719324e-01
3,187688e-01
3,650277e-01
4,104046e-01
4,548872e-01
4,982766e-01
5,406661e-01
5,817761e-01
6,216378e-01
6,600771e-01
6,970258e-01
7,323970e-01
7,661408e-01
7,983444e-01
8,285419e-01
8,570003e-01
8,835271e-01
9,081223e-01
9,305313e-01
9,510086e-01
9,693619e-01
9,854978e-01
9,995034e-01
1,011168e+00
1,020596e+00
1,027825e+00
1,032682e+00
1,035154e+00
1,035421e+00
1,033415e+00
1,029055e+00
1,022384e+00
1,013490e+00
1,002249e+00
9,887710e-01
9,731195e-01
9,553687e-01
9,352640e-01
9,132525e-01
8,891417e-01
8,631801e-01
8,350012e-01
8,051888e-01
7,735691e-01
7,401668e-01
7,050130e-01
6,684805e-01
6,303020e-01
5,907882e-01
5,499452e-01
5,078725e-01
4,646880e-01
4,203483e-01
3,752198e-01
3,291659e-01
2,824102e-01
2,349340e-01
1,870230e-01
1,387269e-01
9,002096e-02
4,115971e-02
-7,682898e-03
-5,666836e-02
-1,054302e-01
-1,539871e-01
-2,021900e-01
-2,499147e-01
-2,971238e-01
-3,435628e-01
-3,893124e-01
-4,342856e-01
-4,781719e-01
-5,210707e-01
-5,627211e-01
-6,030796e-01
-6,422766e-01
-6,798837e-01
-7,160312e-01
-7,504831e-01
-7,832830e-01
-8,143934e-01
-8,437648e-01
-8,711177e-01
-8,965762e-01
-9,200535e-01
-9,413879e-01
-9,605672e-01
-9,777777e-01
-9,927273e-01
-1,005410e+00
-1,015938e+00
-1,024111e+00
-1,030067e+00
-1,033707e+00
-1,034906e+00
-1,033980e+00
-1,030645e+00
-1,025036e+00
-1,017093e+00
-1,006882e+00
-9,944664e-01
-9,797590e-01
-9,629771e-01
-9,439530e-01
-9,228794e-01
-8,996817e-01
-8,745150e-01
-8,474044e-01
-8,183249e-01
-7,875250e-01
-7,548867e-01
-7,205403e-01
-6,846847e-01
-6,472702e-01
-6,083216e-01
-5,680997e-01
-5,265984e-01
-4,839046e-01
-4,401052e-01
-3,953432e-01
-3,496743e-01
-3,032602e-01
-2,561691e-01
-2,083450e-01
-1,602912e-01
-1,118275e-01
-6,299728e-02
-1,420436e-02
3,478111e-02
8,369204e-02
1,323048e-01
1,806444e-01
2,285988e-01
2,761185e-01
3,228805e-01
3,689592e-01
4,142244e-01
4,585516e-01
5,019038e-01
5,441877e-01
5,851114e-01
6,248115e-01
6,631267e-01
6,999387e-01
7,351608e-01
7,687743e-01
8,006425e-01
8,306660e-01
8,590312e-01
8,853096e-01
9,096750e-01
9,319846e-01
9,521514e-01
9,703370e-01
9,862804e-01
9,999506e-01
1,011503e+00
1,020714e+00
1,027751e+00
1,032297e+00
1,034713e+00
1,034794e+00
1,032490e+00
1,027993e+00
1,021074e+00
1,011832e+00
1,000485e+00
9,867897e-01
9,709705e-01
9,530148e-01
9,328107e-01
9,106253e-01
8,862723e-01
8,601430e-01
8,318833e-01
8,018784e-01
7,701407e-01
7,364775e-01
7,013983e-01
6,645490e-01
6,263891e-01
5,867697e-01
5,458149e-01
5,036242e-01
4,603652e-01
4,160814e-01
3,706610e-01
3,246816e-01
2,778948e-01
2,304248e-01
1,824642e-01
1,341371e-01
8,561121e-02
3,661333e-02
-1,230382e-02
-6,107811e-02
-1,098586e-01
-1,583534e-01
-2,064507e-01
-2,541381e-01
-3,011982e-01
-3,476185e-01
-3,933433e-01
-4,379997e-01
-4,818363e-01
-5,245364e-01
-5,660998e-01
-6,063713e-01
-6,452951e-01
-6,827718e-01
-7,187516e-01
-7,531103e-01
-7,858356e-01
-8,167474e-01
-8,458020e-01
-8,729623e-01
-8,982283e-01
-9,214944e-01
-9,426984e-01
-9,617349e-01
-9,787093e-01
-9,934602e-01
-1,005894e+00
-1,016217e+00
-1,024192e+00
-1,029838e+00
-1,033229e+00
-1,034340e+00
-1,033154e+00
-1,029620e+00
-1,023813e+00
-1,015701e+00
-1,005335e+00
-9,926714e-01
-9,777901e-01
-9,607846e-01
-9,415867e-01
-9,203516e-01
-8,969240e-01
-8,715524e-01
-8,443176e-01
-8,150766e-01
-7,840158e-01
-7,513713e-01
-7,169318e-01
-6,808278e-01
-6,433387e-01
-6,042596e-01
-5,640440e-01
-5,223501e-01
-4,796377e-01
-4,357327e-01
-3,909459e-01
-3,452398e-01
-2,987759e-01
-2,515854e-01
-2,039105e-01
-1,557635e-01
-1,072438e-01
-5,843226e-02
-9,645546e-03
3,931507e-02
8,805831e-02
1,366960e-01
1,849920e-01
2,329030e-01
2,801929e-01
3,269486e-01
3,729528e-01
4,180441e-01
4,623154e-01
5,055061e-01
5,476658e-01
5,884404e-01
6,280474e-01
6,661824e-01
7,027336e-01
7,378067e-01
7,712400e-01
8,029778e-01
8,329578e-01
8,610187e-01
8,870859e-01
9,112774e-01
9,334131e-01
9,534433e-01
9,713183e-01
9,870195e-01
1,000566e+00
1,011832e+00
1,020906e+00
1,027577e+00
1,032080e+00
1,034247e+00
1,034073e+00
1,031651e+00
1,026825e+00
1,019726e+00
1,010348e+00
9,987457e-01
9,848705e-01
9,688029e-01
9,506919e-01
9,302518e-01
9,079546e-01
8,834463e-01
8,570375e-01
8,287965e-01
7,985432e-01
7,666750e-01
7,329187e-01
6,977090e-01
6,607665e-01
6,224141e-01
5,826829e-01
5,416536e-01
4,994256e-01
4,560362e-01
4,117027e-01
3,663258e-01
3,202036e-01
2,734416e-01
2,258909e-01
1,779737e-01
1,296714e-01
8,093439e-02
3,223463e-02
-1,673220e-02
-6,560586e-02
-1,142559e-01
-1,626824e-01
-2,107238e-01
-2,583677e-01
-3,053346e-01
-3,516618e-01
-3,972002e-01
-4,418815e-01
-4,855815e-01
-5,281573e-01
-5,695282e-01
-6,097190e-01
-6,484378e-01
-6,858462e-01
-7,215341e-01
-7,556755e-01
-7,882641e-01
-8,190205e-01
-8,478827e-01
-8,749125e-01
-8,999053e-01
-9,229477e-01
-9,439096e-01
-9,628591e-01
-9,795850e-01
-9,940937e-01
-1,006429e+00
-1,016391e+00
-1,024167e+00
-1,029676e+00
-1,032806e+00
-1,033763e+00
-1,032347e+00
-1,028552e+00
-1,022565e+00
-1,014254e+00
-1,003665e+00
-9,908206e-01
-9,757219e-01
-9,585176e-01
-9,391396e-01
-9,176747e-01
-8,941726e-01
-8,686457e-01
-8,412246e-01
-8,118159e-01
-7,806930e-01
-7,478062e-01
-7,132798e-01
-6,771447e-01
-6,393885e-01
-6,003530e-01
-5,599075e-01
-5,182261e-01
-4,753522e-01
-4,314162e-01
-3,865051e-01
-3,407493e-01
-2,942668e-01
-2,470328e-01
-1,993765e-01
-1,512295e-01
-1,026540e-01
-5,399146e-02
-5,086737e-03
4,374345e-02
9,253017e-02
1,410312e-01
1,893769e-01
2,371326e-01
2,843356e-01
3,309547e-01
3,769278e-01
4,219756e-01
4,661041e-01
5,092016e-01
5,511377e-01
5,918068e-01
6,311964e-01
6,692258e-01
7,056341e-01
7,405892e-01
7,739169e-01
8,053255e-01
8,351441e-01
8,629690e-01
8,888747e-01
9,128426e-01
9,347298e-01
9,546110e-01
9,722934e-01
9,877772e-01
1,001124e+00
1,012167e+00
1,020931e+00
1,027471e+00
1,031701e+00
1,033676e+00
1,033247e+00
1,030608e+00
1,025608e+00
1,018341e+00
1,008801e+00
9,970129e-01
9,830259e-01
9,667409e-01
9,483876e-01
9,278978e-01
9,051845e-01
8,806514e-01
8,540252e-01
8,255420e-01
7,952390e-01
7,631161e-01
7,293660e-01
6,938831e-01
6,569220e-01
6,184267e-01
5,786707e-01
5,375482e-01
4,951712e-01
4,518128e-01
4,073799e-01
3,619161e-01
3,158435e-01
2,689201e-01
2,214314e-01
1,735018e-01
1,251064e-01
7,644391e-02
2,761371e-02
-2,121648e-02
-6,999698e-02
-1,186408e-01
-1,669990e-01
-2,150590e-01
-2,623986e-01
-3,093904e-01
-3,557114e-01
-4,010883e-01
-4,456019e-01
-4,892149e-01
-5,317224e-01
-5,729628e-01
-6,129549e-01
-6,515185e-01
-6,887529e-01
-7,244346e-01
-7,583151e-01
-7,906988e-01
-8,211882e-01
-8,499633e-01
-8,767075e-01
-9,015822e-01
-9,243825e-01
-9,452946e-01
-9,638218e-01
-9,803925e-01
-9,947024e-01
-1,006832e+00
-1,016646e+00
-1,024173e+00
-1,029434e+00
-1,032415e+00
-1,033117e+00
-1,031465e+00
-1,027521e+00
-1,021248e+00
-1,012789e+00
-1,001951e+00
-9,889573e-01
-9,736660e-01
-9,562755e-01
-9,366801e-01
-9,151034e-01
-8,913466e-01
-8,656956e-01
-8,380694e-01
-8,085676e-01
-7,772522e-01
-7,442909e-01
-7,095656e-01
-6,733312e-01
-6,355378e-01
-5,962476e-01
-5,558642e-01
-5,140213e-01
-4,711225e-01
-4,270934e-01
-3,822071e-01
-3,363333e-01
-2,898198e-01
-2,426852e-01
-1,949171e-01
-1,467142e-01
-9,823800e-02
-4,950718e-02
-6,769894e-04
4,816562e-02
9,697718e-02
1,454037e-01
1,936128e-01
2,413001e-01
2,885528e-01
3,350663e-01
3,808842e-01
4,258512e-01
4,698244e-01
5,127605e-01
5,545475e-01
5,951296e-01
6,344198e-01
6,722132e-01
7,085967e-01
7,432288e-01
7,763392e-01
8,077229e-01
8,372558e-01
8,649999e-01
8,906386e-01
9,144139e-01
9,361832e-01
9,557351e-01
9,732437e-01
9,885536e-01
1,001652e+00
1,012546e+00
1,021111e+00
1,027434e+00
1,031459e+00
1,033148e+00
1,032626e+00
1,029713e+00
1,024515e+00
1,017031e+00
1,007230e+00
9,951931e-01
9,810011e-01
9,645733e-01
9,460275e-01
9,253265e-01
9,025138e-01
8,777944e-01
8,509881e-01
8,224055e-01
7,918913e-01
7,596567e-01
7,257513e-01
6,901690e-01
6,531085e-01
6,145387e-01
5,746212e-01
5,333621e-01
4,909912e-01
4,475024e-01
4,029640e-01
3,575249e-01
3,113717e-01
2,644109e-01
2,169161e-01
1,690113e-01
1,205290e-01
7,191615e-02
2,317912e-02
-2,575044e-02
-7,444399e-02
-1,230506e-01
-1,713466e-01
-2,192700e-01
-2,666469e-01
-3,135579e-01
-3,596242e-01
-4,050446e-01
-4,494899e-01
-4,928607e-01
-5,351384e-01
-5,763788e-01
-6,162777e-01
-6,547109e-01
-6,916534e-01
-7,271115e-01
-7,609982e-01
-7,930589e-01
-8,233930e-01
-8,519943e-01
-8,785397e-01
-9,032716e-01
-9,258607e-01
-9,464064e-01
-9,649459e-01
-9,811626e-01
-9,953918e-01
-1,007311e+00
-1,016875e+00
-1,024223e+00
-1,029260e+00
-1,032055e+00
-1,032508e+00
-1,030589e+00
-1,026477e+00
-1,020018e+00
-1,011298e+00
-1,000317e+00
-9,870568e-01
-9,716661e-01
-9,540023e-01
-9,343199e-01
-9,124761e-01
-8,885579e-01
-8,628447e-01
-8,349702e-01
-8,053379e-01
-7,739293e-01
-7,407693e-01
-7,059136e-01
-6,695487e-01
-6,316622e-01
-5,923160e-01
-5,517588e-01
-5,098165e-01
-4,668556e-01
-4,228203e-01
-3,777228e-01
-3,319795e-01
-2,852672e-01
-2,381326e-01
-1,904328e-01
-1,421181e-01
-9,367298e-02
-4,495458e-02
3,838344e-03
5,258158e-02
1,013621e-01
1,497389e-01
1,979293e-01
2,455670e-01
2,926520e-01
3,390785e-01
3,847971e-01
4,296709e-01
4,734889e-01
5,163939e-01
5,580939e-01
5,984711e-01
6,375066e-01
6,752938e-01
7,113544e-01
7,459616e-01
7,788670e-01
8,100458e-01
8,394048e-01
8,668632e-01
8,924335e-01
9,159853e-01
9,375247e-01
9,569090e-01
9,742002e-01
9,892679e-01
1,002174e+00
1,012714e+00
1,021217e+00
1,027204e+00
1,031129e+00
1,032601e+00
1,031837e+00
1,028807e+00
1,023328e+00
1,015664e+00
1,005677e+00
9,934913e-01
9,790261e-01
9,624181e-01
9,436549e-01
9,227676e-01
8,998431e-01
8,749188e-01
8,480069e-01
8,192504e-01
7,885933e-01
7,561599e-01
7,221986e-01
6,864424e-01
6,492577e-01
6,105327e-01
5,705095e-01
5,292070e-01
4,867678e-01
4,431796e-01
3,985791e-01
3,531462e-01
3,068625e-01
2,599205e-01
2,124070e-01
1,644028e-01
1,160198e-01
6,746293e-02
1,865758e-02
-3,010429e-02
-7,886616e-02
-1,274231e-01
-1,755763e-01
-2,235431e-01
-2,708206e-01
-3,176136e-01
-3,636737e-01
-4,088643e-01
-4,532475e-01
-4,964817e-01
-5,388153e-01
-5,797141e-01
-6,195074e-01
-6,577480e-01
-6,946160e-01
-7,299499e-01
-7,635074e-01
-7,955185e-01
-8,256538e-01
-8,540315e-01
-8,804340e-01
-9,049175e-01
-9,273451e-01
-9,477231e-01
-9,659583e-01
-9,821253e-01
-9,960005e-01
-1,007683e+00
-1,017024e+00
-1,024217e+00
-1,028993e+00
-1,031570e+00
-1,031806e+00
-1,029751e+00
-1,025409e+00
-1,018739e+00
-1,009876e+00
-9,986774e-01
-9,852370e-01
-9,696103e-01
-9,518036e-01
-9,318356e-01
-9,099110e-01
-8,858065e-01
-8,598262e-01
-8,318771e-01
-8,020337e-01
-7,704574e-01
-7,372787e-01
-7,023051e-01
-6,657477e-01
-6,277120e-01
-5,883224e-01
-5,476037e-01
-5,056552e-01
-4,625577e-01
-4,184229e-01
-3,734311e-01
-3,275387e-01
-2,809009e-01
-2,335924e-01
-1,858491e-01
-1,376338e-01
-8,917006e-02
-4,049515e-02
8,310200e-03
5,702859e-02
1,057159e-01
1,541176e-01
2,021403e-01
2,497594e-01
2,968195e-01
3,430659e-01
3,887410e-01
4,335092e-01
4,773024e-01
5,199465e-01
5,615348e-01
6,017380e-01
6,407239e-01
6,782378e-01
7,141928e-01
7,486820e-01
7,814073e-01
8,123376e-01
8,415972e-01
8,687824e-01
8,942161e-01
9,175629e-01
9,388228e-01
9,580642e-01
9,751318e-01
9,900132e-01
1,002690e+00
1,013080e+00
1,021266e+00
1,027185e+00
1,030794e+00
1,032036e+00
1,031179e+00
1,027751e+00
1,022136e+00
1,014217e+00
1,004106e+00
9,916839e-01
9,770696e-01
9,602505e-01
9,413569e-01
9,203205e-01
8,971414e-01
8,721238e-01
8,449138e-01
8,160579e-01
7,852394e-01
7,527687e-01
7,186025e-01
6,826910e-01
6,454193e-01
6,066011e-01
5,664662e-01
5,251388e-01
4,824636e-01
4,388196e-01
3,942563e-01
3,486620e-01
3,024528e-01
2,554797e-01
2,079227e-01
1,599372e-01
1,115356e-01
6,289170e-02
1,420436e-02
-3,456373e-02
-8,327591e-02
-1,317583e-01
-1,799177e-01
-2,278225e-01
-2,750130e-01
-3,217252e-01
-3,675928e-01
-4,128145e-01
-4,570175e-01
-5,001834e-01
-5,422126e-01
-5,831115e-01
-6,226626e-01
-6,608783e-01
-6,975041e-01
-7,326578e-01
-7,662092e-01
-7,979407e-01
-8,280139e-01
-8,560624e-01
-8,822849e-01
-9,065634e-01
-9,288295e-01
-9,489901e-01
-9,670763e-01
-9,828644e-01
-9,965967e-01
-1,008118e+00
-1,017260e+00
-1,024173e+00
-1,028862e+00
-1,031117e+00
-1,031142e+00
-1,028925e+00
-1,024353e+00
-1,017441e+00
-1,008354e+00
-9,969321e-01
-9,833426e-01
-9,674924e-01
-9,494932e-01
-9,294568e-01
-9,072776e-01
-8,830861e-01
-8,568574e-01
-8,287593e-01
-7,988723e-01
-7,671097e-01
-7,336888e-01
-6,986158e-01
-6,619901e-01
-6,238488e-01
-5,843040e-01
-5,435790e-01
-5,014939e-01
-4,583032e-01
-4,142119e-01
-3,689530e-01
-3,230916e-01
-2,763794e-01
-2,290895e-01
-1,812903e-01
-1,332054e-01
-8,466094e-02
-3,596739e-02
1,278206e-02
6,156877e-02
1,100512e-01
1,584031e-01
2,064321e-01
2,539890e-01
3,009311e-01
3,471217e-01
3,927160e-01
4,373848e-01
4,809109e-01
5,235302e-01
5,649632e-01
6,050981e-01
6,438790e-01
6,812377e-01
7,170871e-01
7,513340e-01
7,838606e-01
8,146791e-01
8,436841e-01
8,707699e-01
8,959241e-01
9,191342e-01
9,401830e-01
9,592505e-01
9,760386e-01
9,907398e-01
1,003261e+00
1,013416e+00
1,021353e+00
1,027117e+00
1,030452e+00
1,031471e+00
1,030310e+00
1,026776e+00
1,020999e+00
1,012844e+00
1,002472e+00
9,899076e-01
9,750511e-01
9,580829e-01
9,389657e-01
9,177306e-01
8,945018e-01
8,692296e-01
8,419637e-01
8,128469e-01
7,819166e-01
7,492720e-01
7,149257e-01
6,790266e-01
6,415251e-01
6,027317e-01
5,624540e-01
5,210024e-01
4,783334e-01
4,346272e-01
3,899148e-01
3,442709e-01
2,980244e-01
2,509954e-01
2,034322e-01
1,554157e-01
1,069705e-01
5,845089e-02
9,713866e-03
-3,909769e-02
-8,762355e-02
-1,361805e-01
-1,843150e-01
-2,319155e-01
-2,791743e-01
-3,257996e-01
-3,715616e-01
-4,167584e-01
-4,606820e-01
-5,037733e-01
-5,457653e-01
-5,864033e-01
-6,258984e-01
-6,639776e-01
-7,004915e-01
-7,353285e-01
-7,687432e-01
-8,003505e-01
-8,300822e-01
-8,580623e-01
-8,841544e-01
-9,082155e-01
-9,302393e-01
-9,501391e-01
-9,680079e-01
-9,836532e-01
-9,971868e-01
-1,008447e+00
-1,017428e+00
-1,024142e+00
-1,028533e+00
-1,030695e+00
-1,030415e+00
-1,028012e+00
-1,023217e+00
-1,016142e+00
-1,006820e+00
-9,952738e-01
-9,814421e-01
-9,654428e-01
-9,472572e-01
-9,269910e-01
-9,046069e-01
-8,802353e-01
-8,538886e-01
-8,256290e-01
-7,955930e-01
-7,636130e-01
-7,301238e-01
-6,949327e-01
-6,581144e-01
-6,199360e-01
-5,803663e-01
-5,394239e-01
-4,972767e-01
-4,541233e-01
-4,098270e-01
-3,646426e-01
-3,185825e-01
-2,719820e-01
-2,246363e-01
-1,768681e-01
-1,286404e-01
-8,019530e-02
-3,145206e-02
1,719180e-02
6,592262e-02
1,144485e-01
1,628377e-01
2,107238e-01
2,581814e-01
3,050179e-01
3,511898e-01
3,966226e-01
4,410928e-01
4,846313e-01
5,271015e-01
5,684040e-01
6,083775e-01
6,470466e-01
6,842562e-01
7,199254e-01
7,539302e-01
7,863387e-01
8,169150e-01
8,458206e-01
8,727760e-01
8,976693e-01
9,206249e-01
9,415929e-01
9,603747e-01
9,769951e-01
9,914603e-01
1,003665e+00
1,013726e+00
1,021484e+00
1,026881e+00
1,030117e+00
1,031030e+00
1,029477e+00
1,025769e+00
1,019658e+00
1,011466e+00
1,000882e+00
9,881064e-01
9,731009e-01
9,559339e-01
9,365621e-01
9,152835e-01
8,916696e-01
8,663166e-01
8,389141e-01
8,096483e-01
7,786124e-01
7,458063e-01
7,113668e-01
6,752566e-01
6,377675e-01
5,986201e-01
5,583672e-01
5,168100e-01
4,740913e-01
4,303106e-01
3,856355e-01
3,399108e-01
2,935588e-01
2,464987e-01
1,989976e-01
1,508693e-01
1,024863e-01
5,402872e-02
5,192322e-03
-4,345775e-02
-9,213267e-02
-1,404722e-01
-1,885384e-01
-2,362258e-01
-2,833045e-01
-3,298305e-01
-3,756235e-01
-4,204850e-01
-4,645638e-01
-5,074005e-01
-5,492744e-01
-5,898565e-01
-6,290536e-01
-6,669402e-01
-7,032988e-01
-7,381979e-01
-7,712835e-01
-8,026983e-01
-8,323305e-01
-8,601182e-01
-8,860301e-01
-9,098179e-01
-9,316989e-01
-9,514310e-01
-9,690079e-01
-9,845600e-01
-9,977892e-01
-1,008789e+00
-1,017627e+00
-1,024080e+00
-1,028285e+00
-1,030204e+00
-1,029850e+00
-1,027067e+00
-1,022117e+00
-1,014894e+00
-1,005311e+00
-9,935099e-01
-9,795726e-01
-9,633621e-01
-9,449965e-01
-9,244756e-01
-9,019983e-01
-8,774404e-01
-8,509757e-01
-8,225421e-01
-7,922267e-01
-7,603336e-01
-7,265898e-01
-6,912124e-01
-6,544003e-01
-6,160417e-01
-5,763229e-01
-5,352999e-01
-4,931402e-01
-4,498005e-01
-4,054421e-01
-3,602764e-01
-3,142349e-01
-2,675412e-01
-2,201706e-01
-1,723590e-01
-1,240568e-01
-7,564270e-02
-2,703610e-02
2,178167e-02
7,031995e-02
1,188955e-01
1,670860e-01
2,150094e-01
2,622744e-01
3,091047e-01
3,552517e-01
4,005479e-01
4,448255e-01
4,883826e-01
5,306541e-01
5,717517e-01
6,116879e-01
6,501583e-01
6,872188e-01
7,226582e-01
7,566195e-01
7,888045e-01
8,193621e-01
8,479758e-01
8,746268e-01
8,994146e-01
9,221155e-01
9,428164e-01
9,613995e-01
9,779019e-01
9,921435e-01
1,004230e+00
1,013981e+00
1,021558e+00
1,026838e+00
1,029670e+00
1,030365e+00
1,028713e+00
1,024794e+00
1,018583e+00
1,010006e+00
9,993233e-01
9,863053e-01
9,711009e-01
9,536855e-01
9,341771e-01
9,126500e-01
8,890424e-01
8,633975e-01
8,359018e-01
8,064869e-01
7,752336e-01
7,423468e-01
7,077210e-01
6,715549e-01
6,337677e-01
5,948004e-01
5,543239e-01
5,127418e-01
4,698803e-01
4,260189e-01
3,812009e-01
3,354824e-01
2,890745e-01
2,421014e-01
1,944326e-01
1,463601e-01
9,805167e-02
4,943886e-02
7,763640e-04
-4,788613e-02
-9,646167e-02
-1,448819e-01
-1,928488e-01
-2,404679e-01
-2,875342e-01
-3,339359e-01
-3,795116e-01
-4,243544e-01
-4,682220e-01
-5,110711e-01
-5,527960e-01
-5,931794e-01
-6,323019e-01
-6,700456e-01
-7,063049e-01
-7,408376e-01
-7,738983e-01
-8,051143e-01
-8,345540e-01
-8,621243e-01
-8,877753e-01
-9,114327e-01
-9,330902e-01
-9,526607e-01
-9,700886e-01
-9,853239e-01
-9,983420e-01
-1,009161e+00
-1,017801e+00
-1,024080e+00
-1,028024e+00
-1,029800e+00
-1,029117e+00
-1,026310e+00
-1,021099e+00
-1,013577e+00
-1,003882e+00
-9,918268e-01
-9,777342e-01
-9,612504e-01
-9,427792e-01
-9,221031e-01
-8,993897e-01
-8,746331e-01
-8,480255e-01
-8,193559e-01
-7,889908e-01
-7,568617e-01
-7,230682e-01
-6,875293e-01
-6,505868e-01
-6,121537e-01
-5,723542e-01
-5,312504e-01
-4,889727e-01
-4,454901e-01
-4,012001e-01
-3,558915e-01
-3,097941e-01
-2,631377e-01
-2,156056e-01
-1,678499e-01
-1,196843e-01
-7,113358e-02
-2,250835e-02
2,617278e-02
7,481665e-02
1,232121e-01
1,713963e-01
2,192638e-01
2,665040e-01
3,132660e-01
3,592143e-01
4,044111e-01
4,487011e-01
4,920409e-01
5,342440e-01
5,751615e-01
6,149548e-01
6,532575e-01
6,901255e-01
7,255650e-01
7,593151e-01
7,912640e-01
8,215670e-01
8,499447e-01
8,765584e-01
9,010543e-01
9,236620e-01
9,442015e-01
9,625485e-01
9,788397e-01
9,928329e-01
1,004671e+00
1,014273e+00
1,021589e+00
1,026595e+00
1,029316e+00
1,029862e+00
1,027974e+00
1,023801e+00
1,017428e+00
1,008646e+00
9,976774e-01
9,844979e-01
9,690700e-01
9,515490e-01
9,318604e-01
9,100974e-01
8,863717e-01
8,605094e-01
8,328522e-01
8,032759e-01
7,719294e-01
7,387694e-01
7,040938e-01
6,678035e-01
6,300660e-01
5,907820e-01
5,502930e-01
5,085495e-01
4,656756e-01
4,216775e-01
3,768844e-01
3,311037e-01
2,846834e-01
2,375301e-01
1,900042e-01
1,419442e-01
9,344938e-02
4,503532e-02
-3,732758e-03
-5,228967e-02
-1,008963e-01
-1,491488e-01
-1,971592e-01
-2,446540e-01
-2,916955e-01
-3,379792e-01
-3,834431e-01
-4,281927e-01
-4,719362e-01
-5,146237e-01
-5,561872e-01
-5,965270e-01
-6,355502e-01
-6,730393e-01
-7,091433e-01
-7,435828e-01
-7,763640e-01
-8,074372e-01
-8,367092e-01
-8,641987e-01
-8,895765e-01
-9,131656e-01
-9,345311e-01
-9,538657e-01
-9,710699e-01
-9,861376e-01
-9,989382e-01
-1,009590e+00
-1,017944e+00
-1,023999e+00
-1,027763e+00
-1,029229e+00
-1,028421e+00
-1,025341e+00
-1,019944e+00
-1,012192e+00
-1,002323e+00
-9,901188e-01
-9,757467e-01
-9,591139e-01
-9,404749e-01
-9,196746e-01
-8,967750e-01
-8,717947e-01
-8,450443e-01
-8,162691e-01
-7,857487e-01
-7,535389e-01
-7,195279e-01
-6,839022e-01
-6,468354e-01
-6,082160e-01
-5,682922e-01
-5,271015e-01
-4,847368e-01
-4,412542e-01
-3,968959e-01
-3,514631e-01
-3,053533e-01
-2,586224e-01
-2,111772e-01
-1,633905e-01
-1,151565e-01
-6,659961e-02
-1,810481e-02
3,067569e-02
7,913944e-02
1,276342e-01
1,756881e-01
2,234748e-01
2,706778e-01
3,173279e-01
3,632887e-01
4,083302e-01
4,525146e-01
4,956805e-01
5,377718e-01
5,786210e-01
6,182714e-01
6,563381e-01
6,931316e-01
7,282915e-01
7,618802e-01
7,937918e-01
8,238775e-01
8,520564e-01
8,783969e-01
9,027809e-01
9,251775e-01
9,454126e-01
9,636416e-01
9,797341e-01
9,935285e-01
1,005162e+00
1,014528e+00
1,021645e+00
1,026403e+00
1,028937e+00
1,029154e+00
1,027117e+00
1,022745e+00
1,016149e+00
1,007224e+00
9,960812e-01
9,826719e-01
9,671197e-01
9,493503e-01
9,294568e-01
9,075633e-01
8,835892e-01
8,576400e-01
8,298213e-01
8,000773e-01
7,685942e-01
7,354714e-01
7,004791e-01
6,641328e-01
6,261842e-01
5,868504e-01
5,462808e-01
5,044254e-01
4,614459e-01
4,174416e-01
3,725429e-01
3,267188e-01
2,801929e-01
2,330707e-01
1,854765e-01
1,373667e-01
8,894647e-02
4,043925e-02
-8,192193e-03
-5,679258e-02
-1,052563e-01
-1,535524e-01
-2,014447e-01
-2,488278e-01
-2,957698e-01
-3,420039e-01
-3,873932e-01
-4,321242e-01
-4,756875e-01
-5,182944e-01
-5,597025e-01
-5,998685e-01
-6,386991e-01
-6,761075e-01
-7,121183e-01
-7,463467e-01
-7,789043e-01
-8,098905e-01
-8,389638e-01
-8,661365e-01
-8,913963e-01
-9,146996e-01
-9,359037e-01
-9,550209e-01
-9,720264e-01
-9,868953e-01
-9,995407e-01
-1,009907e+00
-1,018118e+00
-1,023956e+00
-1,027546e+00
-1,028738e+00
-1,027732e+00
-1,024409e+00
-1,018832e+00
-1,010913e+00
-1,000777e+00
-9,883859e-01
-9,738213e-01
-9,571140e-01
-9,380962e-01
-9,171219e-01
-8,941415e-01
-8,690432e-01
-8,420692e-01
-8,131637e-01
-7,824942e-01
-7,500856e-01
-7,158759e-01
-6,802750e-01
-6,430592e-01
-6,043031e-01
-5,643235e-01
-5,230830e-01
-4,805880e-01
-4,370308e-01
-3,925607e-01
-3,471092e-01
-3,009870e-01
-2,541692e-01
-2,067178e-01
-1,589062e-01
-1,107095e-01
-6,214639e-02
-1,359569e-02
3,508544e-02
8,363614e-02
1,319943e-01
1,800854e-01
2,276610e-01
2,748701e-01
3,214458e-01
3,671767e-01
4,121748e-01
4,563219e-01
4,993884e-01
5,413058e-01
5,820184e-01
6,215073e-01
6,594995e-01
6,961066e-01
7,311237e-01
7,644887e-01
7,962700e-01
8,260699e-01
8,541495e-01
8,803160e-01
9,044268e-01
9,266557e-01
9,468101e-01
9,647410e-01
9,804980e-01
9,941621e-01
1,005596e+00
1,014689e+00
1,021664e+00
1,026260e+00
1,028546e+00
1,028664e+00
1,026279e+00
1,021788e+00
1,014888e+00
1,005839e+00
9,944664e-01
9,808210e-01
9,650826e-01
9,470958e-01
9,271339e-01
9,049671e-01
8,807819e-01
8,547954e-01
8,266972e-01
7,968849e-01
7,651719e-01
7,318007e-01
6,968022e-01
6,604001e-01
6,223520e-01
5,828817e-01
5,422188e-01
5,002828e-01
4,572473e-01
4,131126e-01
3,682263e-01
3,223277e-01
2,758701e-01
2,286485e-01
1,810232e-01
1,328763e-01
8,444977e-02
3,599845e-02
-1,262678e-02
-6,122717e-02
-1,096288e-01
-1,578876e-01
-2,056868e-01
-2,530450e-01
-2,998815e-01
-3,461155e-01
-3,913496e-01
-4,358632e-01
-4,794638e-01
-5,219091e-01
-5,631620e-01
-6,031789e-01
-6,418419e-01
-6,792378e-01
-7,148139e-01
-7,490733e-01
-7,814445e-01
-8,121326e-01
-8,410134e-01
-8,681613e-01
-8,931664e-01
-9,162772e-01
-9,372949e-01
-9,562196e-01
-9,729953e-01
-9,876841e-01
-1,000125e+00
-1,010304e+00
-1,018242e+00
-1,023881e+00
-1,027223e+00
-1,028378e+00
-1,027005e+00
-1,023546e+00
-1,017701e+00
-1,009664e+00
-9,991929e-01
-9,866965e-01
-9,719084e-01
-9,549277e-01
-9,358416e-01
-9,147245e-01
-8,914460e-01
-8,662607e-01
-8,390135e-01
-8,099899e-01
-7,792272e-01
-7,466199e-01
-7,123543e-01
-6,765546e-01
-6,392395e-01
-6,003405e-01
-5,602988e-01
-5,189341e-01
-4,763583e-01
-4,327577e-01
-3,882317e-01
-3,427305e-01
-2,965648e-01
-2,497656e-01
-2,022708e-01
-1,543660e-01
-1,061693e-01
-5,769316e-02
-9,086564e-03
3,948898e-02
8,801483e-02
1,363295e-01
1,843523e-01
2,319900e-01
2,789817e-01
3,255325e-01
3,712014e-01
4,161187e-01
4,600919e-01
5,029969e-01
5,448274e-01
5,854281e-01
6,246811e-01
6,626174e-01
6,990506e-01
7,339062e-01
7,670104e-01
7,986488e-01
8,284301e-01
8,562488e-01
8,822538e-01
9,062280e-01
9,281152e-01
9,480647e-01
9,658651e-01
9,814980e-01
9,948825e-01
1,006093e+00
1,015037e+00
1,021782e+00
1,026161e+00
1,028142e+00
1,027974e+00
1,025571e+00
1,020751e+00
1,013695e+00
1,004373e+00
9,928081e-01
9,790012e-01
9,630454e-01
9,449965e-01
9,247178e-01
9,024704e-01
8,781174e-01
8,518452e-01
8,236849e-01
7,936552e-01
7,619236e-01
7,283226e-01
6,932620e-01
6,565928e-01
6,184764e-01
5,789626e-01
5,381879e-01
4,961401e-01
4,530239e-01
4,088892e-01
3,637855e-01
3,178807e-01
2,714355e-01
2,241767e-01
1,764831e-01
1,284976e-01
8,002139e-02
3,144585e-02
-1,699306e-02
-6,565555e-02
-1,140386e-01
-1,621980e-01
-2,099909e-01
-2,572249e-01
-3,039869e-01
-3,501029e-01
-3,953246e-01
-4,397326e-01
-4,831406e-01
-5,255177e-01
-5,666836e-01
-6,065018e-01
-6,450964e-01
-6,821755e-01
-7,177516e-01
-7,517129e-01
-7,840345e-01
-8,144990e-01
-8,432431e-01
-8,701426e-01
-8,949117e-01
-9,179045e-01
-9,386551e-01
-9,573997e-01
-9,740076e-01
-9,884232e-01
-1,000646e+00
-1,010596e+00
-1,018304e+00
-1,023794e+00
-1,026968e+00
-1,027838e+00
-1,026322e+00
-1,022602e+00
-1,016602e+00
-1,008267e+00
-9,977333e-01
-9,849513e-01
-9,700016e-01
-9,528346e-01
-9,335373e-01
-9,122401e-01
-8,887691e-01
-8,634286e-01
-8,361068e-01
-8,068596e-01
-7,759230e-01
-7,431977e-01
-7,088328e-01
-6,728592e-01
-6,353949e-01
-5,965829e-01
-5,563114e-01
-5,148287e-01
-4,722281e-01
-4,285778e-01
-3,839213e-01
-3,383519e-01
-2,921613e-01
-2,452317e-01
-1,977306e-01
-1,499625e-01
-1,016975e-01
-5,316541e-02
-4,683028e-03
4,394220e-02
9,239353e-02
1,406647e-01
1,887061e-01
2,361389e-01
2,831679e-01
3,294951e-01
3,752136e-01
4,199446e-01
4,638309e-01
5,066676e-01
5,482993e-01
5,888069e-01
6,278984e-01
6,657539e-01
7,019386e-01
7,366639e-01
7,696873e-01
8,011393e-01
8,306101e-01
8,582797e-01
8,840736e-01
9,077931e-01
9,295499e-01
9,493006e-01
9,669707e-01
9,822682e-01
9,955222e-01
1,006466e+00
1,015279e+00
1,021720e+00
1,025869e+00
1,027776e+00
1,027415e+00
1,024689e+00
1,019726e+00
1,012466e+00
1,002932e+00
9,911808e-01
9,772125e-01
9,610517e-01
9,427171e-01
9,223515e-01
8,998431e-01
8,753535e-01
8,489882e-01
8,206602e-01
7,904504e-01
7,585263e-01
7,249004e-01
6,896597e-01
6,528414e-01
6,145884e-01
5,749441e-01
5,341136e-01
4,919601e-01
4,487757e-01
4,046285e-01
3,595249e-01
3,136076e-01
2,669512e-01
2,196365e-01
1,720361e-01
1,239387e-01
7,556817e-02
2,699883e-02
-2,151460e-02
-7,005909e-02
-1,183986e-01
-1,665642e-01
-2,142827e-01
-2,613552e-01
-3,081606e-01
-3,540717e-01
-3,992374e-01
-4,435771e-01
-4,868672e-01
-5,290828e-01
-5,701120e-01
-6,097687e-01
-6,482950e-01
-6,852127e-01
-7,205652e-01
-7,544271e-01
-7,864878e-01
-8,167846e-01
-8,454604e-01
-8,720617e-01
-8,967377e-01
-9,194572e-01
-9,400961e-01
-9,585797e-01
-9,750324e-01
-9,891933e-01
-1,001261e+00
-1,011056e+00
-1,018496e+00
-1,023695e+00
-1,026626e+00
-1,027229e+00
-1,025645e+00
-1,021739e+00
-1,015459e+00
-1,006938e+00
-9,961930e-01
-9,831812e-01
-9,680514e-01
-9,508099e-01
-9,312393e-01
-9,097185e-01
-8,861295e-01
-8,606026e-01
-8,330821e-01
-8,037728e-01
-7,726561e-01
-7,397817e-01
-7,052801e-01
-6,692009e-01
-6,315628e-01
-5,925459e-01
-5,522681e-01
-5,108040e-01
-4,680605e-01
-4,242985e-01
-3,796047e-01
-3,340850e-01
-2,877143e-01
-2,408033e-01
-1,933208e-01
-1,454037e-01
-9,720077e-02
-4,877429e-02
-1,801164e-04
4,834574e-02
9,683433e-02
1,450559e-01
1,928985e-01
2,404244e-01
2,873789e-01
3,335819e-01
3,790954e-01
4,239010e-01
4,675947e-01
5,103072e-01
5,518520e-01
5,922415e-01
6,311901e-01
6,688159e-01
7,049261e-01
7,394712e-01
7,723083e-01
8,035057e-01
8,327715e-01
8,603480e-01
8,858810e-01
9,095322e-01
9,311524e-01
9,505677e-01
9,679582e-01
9,831687e-01
9,962054e-01
1,006994e+00
1,015484e+00
1,021701e+00
1,025720e+00
1,027484e+00
1,026807e+00
1,023906e+00
1,018708e+00
1,011186e+00
1,001497e+00
9,895349e-01
9,753244e-01
9,590021e-01
9,404811e-01
9,199727e-01
8,972718e-01
8,726394e-01
8,460629e-01
8,175920e-01
7,872455e-01
7,551413e-01
7,214285e-01
6,859890e-01
6,491894e-01
6,106693e-01
5,710437e-01
5,300268e-01
4,878299e-01
4,445522e-01
4,003305e-01
3,551027e-01
3,091668e-01
2,625166e-01
2,153137e-01
1,675518e-01
1,194607e-01
7,117084e-02
2,253940e-02
-2,599267e-02
-7,444399e-02
-1,228332e-01
-1,708001e-01
-2,184813e-01
-2,657277e-01
-3,122288e-01
-3,580901e-01
-4,032310e-01
-4,473037e-01
-4,906124e-01
-5,326168e-01
-5,734908e-01
-6,131350e-01
-6,514439e-01
-6,881442e-01
-7,234098e-01
-7,570605e-01
-7,890529e-01
-8,192379e-01
-8,475597e-01
-8,739126e-01
-8,985078e-01
-9,210161e-01
-9,414376e-01
-9,597225e-01
-9,759206e-01
-9,899448e-01
-1,001696e+00
-1,011230e+00
-1,018559e+00
-1,023565e+00
-1,026254e+00
-1,026732e+00
-1,024887e+00
-1,020776e+00
-1,014304e+00
-1,005596e+00
-9,946527e-01
-9,815104e-01
-9,661446e-01
-9,485926e-01
-9,289785e-01
-9,072590e-01
-8,834215e-01
-8,577021e-01
-8,301816e-01
-8,006238e-01
-7,693954e-01
-7,363906e-01
-7,016778e-01
-6,655613e-01
-6,278673e-01
-5,886951e-01
-5,483614e-01
-5,065682e-01
-4,637999e-01
-4,200005e-01
-3,752136e-01
-3,296131e-01
-2,833853e-01
-2,363687e-01
-1,888117e-01
-1,409256e-01
-9,271649e-02
-4,422169e-02
4,266897e-03
5,279896e-02
1,012068e-01
1,494283e-01
1,971592e-01
2,445422e-01
2,914843e-01
3,377246e-01
3,831139e-01
4,277145e-01
4,713772e-01
5,138971e-01
5,554232e-01
5,955830e-01
6,344447e-01
6,718965e-01
7,077707e-01
7,422661e-01
7,748672e-01
8,058410e-01
8,350820e-01
8,623976e-01
8,877816e-01
9,112402e-01
9,325933e-01
9,518098e-01
9,690265e-01
9,840631e-01
9,968265e-01
1,007385e+00
1,015677e+00
1,021720e+00
1,025509e+00
1,026968e+00
1,026136e+00
1,023037e+00
1,017627e+00
1,009969e+00
1,000038e+00
9,879325e-01
9,735418e-01
9,570146e-01
9,383135e-01
9,174946e-01
8,947688e-01
8,699438e-01
8,431003e-01
8,145797e-01
7,839786e-01
7,517564e-01
7,179317e-01
6,823246e-01
6,452765e-01
6,069179e-01
5,670625e-01
5,259959e-01
4,836127e-01
4,404158e-01
3,960326e-01
3,507488e-01
3,047819e-01
2,581193e-01
2,108046e-01
1,630861e-01
1,149516e-01
6,663688e-02
1,816071e-02
-3,041484e-02
-7,891585e-02
-1,271063e-01
-1,751415e-01
-2,227481e-01
-2,698331e-01
-3,163652e-01
-3,621024e-01
-4,071377e-01
-4,512476e-01
-4,942830e-01
-5,362129e-01
-5,769068e-01
-6,164951e-01
-6,545680e-01
-6,911503e-01
-7,262544e-01
-7,597250e-01
-7,915373e-01
-8,214304e-01
-8,496403e-01
-8,759311e-01
-9,002282e-01
-9,226123e-01
-9,428102e-01
-9,608964e-01
-9,768833e-01
-9,907150e-01
-1,002348e+00
-1,011615e+00
-1,018670e+00
-1,023478e+00
-1,025968e+00
-1,026229e+00
-1,024161e+00
-1,019788e+00
-1,013124e+00
-1,004205e+00
-9,931248e-01
-9,796782e-01
-9,641385e-01
-9,464623e-01
-9,266184e-01
-9,047684e-01
-8,808067e-01
-8,549507e-01
-8,271568e-01
-7,975059e-01
-7,660415e-01
-7,329994e-01
-6,981127e-01
-6,617789e-01
-6,240165e-01
-5,848257e-01
-5,442684e-01
-5,025435e-01
-4,596323e-01
-4,157460e-01
-3,709591e-01
-3,252965e-01
-2,789569e-01
-2,319030e-01
-1,844020e-01
-1,365283e-01
-8,826948e-02
-3,977468e-02
8,763597e-03
