9.142908e-02
1.455180e-01
1.989675e-01
2.521749e-01
3.048298e-01
3.566901e-01
4.078427e-01
4.578407e-01
5.070068e-01
5.549810e-01
6.017012e-01
6.469564e-01
6.908769e-01
7.333012e-01
7.739626e-01
8.128920e-01
8.500831e-01
8.852319e-01
9.185184e-01
9.495700e-01
9.786848e-01
1.005484e+00
1.029980e+00
1.052353e+00
1.072299e+00
1.089799e+00
1.104927e+00
1.117455e+00
1.127574e+00
1.135129e+00
1.140256e+00
1.142733e+00
1.142609e+00
1.140014e+00
1.134849e+00
1.127170e+00
1.116896e+00
1.104195e+00
1.089091e+00
1.071498e+00
1.051521e+00
1.029266e+00
1.004578e+00
9.778157e-01
9.487195e-01
9.176431e-01
8.844622e-01
8.493506e-01
8.122898e-01
7.734908e-01
7.329288e-01
6.907775e-01
6.470060e-01
6.019371e-01
5.554652e-01
5.077331e-01
4.589892e-01
4.091216e-01
3.584407e-01
3.068598e-01
2.547015e-01
2.020156e-01
1.487833e-01
9.530278e-02
4.158633e-02
-1.211771e-02
-6.592107e-02
-1.193271e-01
-1.725966e-01
-2.255309e-01
-2.777823e-01
-3.293881e-01
-3.803668e-01
-4.304145e-01
-4.795557e-01
-5.275237e-01
-5.743184e-01
-6.197536e-01
-6.638541e-01
-7.065330e-01
-7.475234e-01
-7.869059e-01
-8.244758e-01
-8.601647e-01
-8.939291e-01
-9.257691e-01
-9.554861e-01
-9.830675e-01
-1.008315e+00
-1.031464e+00
-1.052148e+00
-1.070592e+00
-1.086639e+00
-1.100253e+00
-1.111371e+00
-1.120019e+00
-1.126121e+00
-1.129709e+00
-1.130808e+00
-1.129355e+00
-1.125376e+00
-1.118988e+00
-1.109974e+00
-1.098558e+00
-1.084603e+00
-1.068245e+00
-1.049566e+00
-1.028528e+00
-1.005143e+00
-9.795663e-01
-9.517738e-01
-9.220258e-01
-8.900554e-01
-8.561979e-01
-8.202917e-01
-7.827281e-01
-7.433331e-01
-7.023055e-01
-6.597569e-01
-6.157247e-01
-5.703392e-01
-5.236749e-01
-4.758124e-01
-4.269567e-01
-3.772008e-01
-3.264393e-01
-2.752184e-01
-2.232402e-01
-1.707777e-01
-1.180049e-01
-6.497127e-02
-1.187560e-02
4.130077e-02
9.438402e-02
1.473059e-01
1.997559e-01
2.517652e-01
3.031785e-01
3.539525e-01
4.039504e-01
4.529117e-01
5.009293e-01
5.477923e-01
5.934324e-01
6.376632e-01
6.805470e-01
7.218602e-01
7.615655e-01
7.995575e-01
8.356996e-01
8.700600e-01
9.023221e-01
9.327281e-01
9.609179e-01
9.870281e-01
1.010885e+00
1.032432e+00
1.051770e+00
1.068692e+00
1.083293e+00
1.095436e+00
1.105027e+00
1.112284e+00
1.116964e+00
1.119174e+00
1.118852e+00
1.116058e+00
1.110831e+00
1.103065e+00
1.092872e+00
1.080171e+00
1.065067e+00
1.047524e+00
1.027752e+00
1.005751e+00
9.814349e-01
9.549522e-01
9.263465e-01
8.956797e-01
8.630513e-01
8.284178e-01
7.920522e-01
7.537995e-01
7.140383e-01
6.725389e-01
6.296055e-01
5.853373e-01
5.396849e-01
4.929150e-01
4.450091e-01
3.960975e-01
3.463975e-01
2.958533e-01
2.447379e-01
1.930577e-01
1.409242e-01
8.849898e-02
3.589995e-02
-1.671772e-02
-6.926709e-02
-1.216426e-01
-1.738754e-01
-2.254688e-01
-2.766338e-01
-3.271594e-01
-3.769960e-01
-4.259076e-01
-4.738507e-01
-5.208441e-01
-5.665276e-01
-6.109819e-01
-6.540581e-01
-6.956445e-01
-7.356043e-01
-7.739502e-01
-8.106013e-01
-8.454086e-01
-8.783102e-01
-9.091942e-01
-9.381600e-01
-9.649220e-01
-9.896044e-01
-1.011984e+00
-1.032078e+00
-1.049907e+00
-1.065421e+00
-1.078470e+00
-1.089116e+00
-1.097410e+00
-1.103171e+00
-1.106430e+00
-1.107237e+00
-1.105710e+00
-1.101594e+00
-1.095032e+00
-1.086074e+00
-1.074528e+00
-1.060672e+00
-1.044538e+00
-1.025877e+00
-1.005174e+00
-9.821301e-01
-9.568456e-01
-9.294442e-01
-9.000252e-01
-8.685763e-01
-8.351719e-01
-7.999859e-01
-7.629313e-01
-7.242130e-01
-6.839241e-01
-6.421577e-01
-5.989201e-01
-5.543168e-01
-5.085401e-01
-4.616647e-01
-4.136285e-01
-3.648224e-01
-3.151286e-01
-2.648141e-01
-2.140339e-01
-1.625337e-01
-1.107727e-01
-5.892483e-02
-6.766547e-03
4.518688e-02
9.722100e-02
1.489137e-01
2.003146e-01
2.512500e-01
3.014404e-01
3.510969e-01
3.999153e-01
4.479454e-01
4.947774e-01
5.405974e-01
5.851635e-01
6.283825e-01
6.702606e-01
7.105619e-01
7.492492e-01
7.862790e-01
8.215829e-01
8.550122e-01
8.864983e-01
9.160725e-01
9.435049e-01
9.687895e-01
9.920006e-01
1.012964e+00
1.031619e+00
1.047989e+00
1.062025e+00
1.073721e+00
1.083045e+00
1.089793e+00
1.094182e+00
1.096137e+00
1.095696e+00
1.092673e+00
1.087235e+00
1.079488e+00
1.069201e+00
1.056624e+00
1.041583e+00
1.024461e+00
1.004789e+00
9.829620e-01
9.589252e-01
9.328026e-01
9.046066e-01
8.743620e-01
8.422054e-01
8.081430e-01
7.723548e-01
7.348097e-01
6.956569e-01
6.548962e-01
6.127512e-01
5.691535e-01
5.244819e-01
4.784507e-01
4.314946e-01
3.835515e-01
3.346399e-01
2.852255e-01
2.350972e-01
1.844039e-01
1.333382e-01
8.190005e-02
3.050533e-02
-2.108183e-02
-7.256346e-02
-1.239023e-01
-1.749121e-01
-2.254688e-01
-2.754854e-01
-3.249060e-01
-3.736872e-01
-4.216366e-01
-4.683816e-01
-5.142886e-01
-5.589726e-01
-6.024524e-01
-6.444981e-01
-6.850229e-01
-7.241074e-01
-7.615283e-01
-7.972110e-01
-8.312548e-01
-8.631879e-01
-8.933953e-01
-9.215106e-01
-9.475338e-01
-9.714837e-01
-9.932608e-01
-1.012797e+00
-1.029993e+00
-1.044960e+00
-1.057568e+00
-1.067811e+00
-1.075676e+00
-1.081108e+00
-1.084224e+00
-1.084777e+00
-1.082939e+00
-1.078712e+00
-1.071951e+00
-1.062962e+00
-1.051646e+00
-1.037833e+00
-1.021804e+00
-1.003398e+00
-9.828130e-01
-9.600240e-01
-9.351182e-01
-9.080706e-01
-8.790117e-01
-8.480904e-01
-8.151889e-01
-7.806236e-01
-7.441277e-01
-7.061481e-01
-6.664242e-01
-6.253531e-01
-5.828418e-01
-5.391324e-01
-4.942062e-01
-4.481006e-01
-4.009458e-01
-3.530523e-01
-3.042898e-01
-2.549560e-01
-2.049891e-01
-1.546994e-01
-1.038324e-01
-5.303980e-02
-1.918223e-03
4.907298e-02
9.989037e-02
1.506395e-01
2.008982e-01
2.506726e-01
2.999318e-01
3.486324e-01
3.963645e-01
4.432399e-01
4.891096e-01
5.338805e-01
5.774534e-01
6.196481e-01
6.606198e-01
7.000148e-01
7.377585e-01
7.739254e-01
8.083727e-01
8.409266e-01
8.716616e-01
9.004598e-01
9.271845e-01
9.518172e-01
9.743517e-01
9.946824e-01
1.012747e+00
1.028621e+00
1.042154e+00
1.053365e+00
1.062273e+00
1.068829e+00
1.072876e+00
1.074552e+00
1.073870e+00
1.070822e+00
1.065235e+00
1.057406e+00
1.047226e+00
1.034642e+00
1.019737e+00
1.002548e+00
9.832227e-01
9.616443e-01
9.379303e-01
9.121057e-01
8.842946e-01
8.544659e-01
8.227252e-01
7.892711e-01
7.539423e-01
7.170926e-01
6.785046e-01
6.385075e-01
5.969584e-01
5.541802e-01
5.101542e-01
4.650232e-01
4.188306e-01
3.717069e-01
3.237948e-01
2.752060e-01
2.260337e-01
1.761847e-01
1.261992e-01
7.571704e-02
2.525971e-02
-2.534662e-02
-7.583499e-02
-1.261309e-01
-1.761413e-01
-2.256861e-01
-2.746287e-01
-3.232113e-01
-3.708192e-01
-4.177318e-01
-4.636637e-01
-5.085526e-01
-5.522682e-01
-5.946615e-01
-6.358940e-01
-6.756118e-01
-7.136410e-01
-7.502735e-01
-7.851678e-01
-8.183300e-01
-8.496238e-01
-8.790055e-01
-9.064131e-01
-9.317783e-01
-9.550888e-01
-9.761209e-01
-9.952101e-01
-1.012002e+00
-1.026417e+00
-1.038572e+00
-1.048405e+00
-1.055941e+00
-1.061113e+00
-1.063844e+00
-1.064204e+00
-1.062211e+00
-1.057922e+00
-1.051105e+00
-1.042067e+00
-1.030725e+00
-1.017000e+00
-1.001157e+00
-9.829309e-01
-9.625134e-01
-9.398547e-01
-9.152220e-01
-8.886338e-01
-8.599722e-01
-8.293614e-01
-7.969875e-01
-7.627761e-01
-7.270003e-01
-6.894863e-01
-6.504514e-01
-6.099949e-01
-5.681913e-01
-5.252330e-01
-4.809152e-01
-4.355421e-01
-3.893310e-01
-3.421514e-01
-2.943448e-01
-2.458119e-01
-1.967141e-01
-1.472562e-01
-9.735757e-02
-4.743411e-02
2.656956e-03
5.269216e-02
1.025784e-01
1.523777e-01
2.017424e-01
2.505733e-01
2.988703e-01
3.466024e-01
3.933847e-01
4.392979e-01
4.843420e-01
5.281818e-01
5.708358e-01
6.122235e-01
6.521958e-01
6.908706e-01
7.278445e-01
7.631423e-01
7.968199e-01
8.286971e-01
8.587058e-01
8.867032e-01
9.128134e-01
9.368998e-01
9.587142e-01
9.786165e-01
9.962219e-01
1.011537e+00
1.024784e+00
1.035524e+00
1.044004e+00
1.050180e+00
1.053961e+00
1.055494e+00
1.054563e+00
1.051335e+00
1.045823e+00
1.037839e+00
1.027553e+00
1.015038e+00
1.000282e+00
9.832848e-01
9.640094e-01
9.426731e-01
9.192385e-01
8.937305e-01
8.662360e-01
8.367860e-01
8.055419e-01
7.722741e-01
7.375536e-01
7.011322e-01
6.630906e-01
6.236397e-01
5.827611e-01
5.406533e-01
4.972481e-01
4.527937e-01
4.073399e-01
3.610915e-01
3.138995e-01
2.661239e-01
2.176655e-01
1.686795e-01
1.193644e-01
6.991271e-02
2.026860e-02
-2.948725e-02
-7.897616e-02
-1.284775e-01
-1.775567e-01
-2.262448e-01
-2.744300e-01
-3.219511e-01
-3.687209e-01
-4.148452e-01
-4.598210e-01
-5.038718e-01
-5.467618e-01
-5.884226e-01
-6.287550e-01
-6.677589e-01
-7.050369e-01
-7.408562e-01
-7.749745e-01
-8.074601e-01
-8.381331e-01
-8.668133e-01
-8.936063e-01
-9.184563e-01
-9.411646e-01
-9.617995e-01
-9.802181e-01
-9.964889e-01
-1.010574e+00
-1.022369e+00
-1.031824e+00
-1.039075e+00
-1.043966e+00
-1.046437e+00
-1.046648e+00
-1.044451e+00
-1.039962e+00
-1.033171e+00
-1.024070e+00
-1.012685e+00
-9.989658e-01
-9.830675e-01
-9.649903e-01
-9.448769e-01
-9.224852e-01
-8.981380e-01
-8.716802e-01
-8.433849e-01
-8.131465e-01
-7.810706e-01
-7.472875e-01
-7.119835e-01
-6.748792e-01
-6.364030e-01
-5.964618e-01
-5.552417e-01
-5.127615e-01
-4.691390e-01
-4.244736e-01
-3.789018e-01
-3.324547e-01
-2.853062e-01
-2.374003e-01
-1.892026e-01
-1.403717e-01
-9.136701e-02
-4.209537e-02
7.076939e-03
5.637961e-02
1.054650e-01
1.544511e-01
2.029405e-01
2.510141e-01
2.985785e-01
3.454167e-01
3.914851e-01
4.365540e-01
4.807663e-01
5.239542e-01
5.656647e-01
6.063571e-01
6.457769e-01
6.835951e-01
7.198364e-01
7.544948e-01
7.875516e-01
8.187460e-01
8.481525e-01
8.756595e-01
9.012358e-01
9.245959e-01
9.461557e-01
9.654683e-01
9.826268e-01
9.975628e-01
1.010314e+00
1.020830e+00
1.028950e+00
1.034860e+00
1.038466e+00
1.039745e+00
1.038609e+00
1.035207e+00
1.029583e+00
1.021593e+00
1.011338e+00
9.988416e-01
9.840608e-01
9.671072e-01
9.479311e-01
9.267314e-01
9.034644e-01
8.781550e-01
8.509026e-01
8.217568e-01
7.907486e-01
7.580147e-01
7.236356e-01
6.874750e-01
6.499548e-01
6.109757e-01
5.705192e-01
5.289764e-01
4.860740e-01
4.422839e-01
3.973950e-01
3.516432e-01
3.051961e-01
2.578923e-01
2.101168e-01
1.618757e-01
1.132434e-01
6.435669e-02
1.556306e-02
-3.357821e-02
-8.240909e-02
-1.310848e-01
-1.795556e-01
-2.274491e-01
-2.748770e-01
-3.216779e-01
-3.677960e-01
-4.131194e-01
-4.574993e-01
-5.007928e-01
-5.429068e-01
-5.838909e-01
-6.237018e-01
-6.618862e-01
-6.987236e-01
-7.339034e-01
-7.674878e-01
-7.993340e-01
-8.293179e-01
-8.576008e-01
-8.838166e-01
-9.080954e-01
-9.304002e-01
-9.505943e-01
-9.685536e-01
-9.844891e-01
-9.982084e-01
-1.009594e+00
-1.018837e+00
-1.025784e+00
-1.030359e+00
-1.032755e+00
-1.032699e+00
-1.030346e+00
-1.025858e+00
-1.018924e+00
-1.009687e+00
-9.982457e-01
-9.846071e-01
-9.687833e-01
-9.507371e-01
-9.305616e-01
-9.083748e-01
-8.841332e-01
-8.578864e-01
-8.298704e-01
-7.998493e-01
-7.680465e-01
-7.346545e-01
-6.995368e-01
-6.628484e-01
-6.247820e-01
-5.852380e-01
-5.443966e-01
-5.023882e-01
-4.592313e-01
-4.150563e-01
-3.699998e-01
-3.239934e-01
-2.774284e-01
-2.301309e-01
-1.824236e-01
-1.342011e-01
-8.581099e-02
-3.717876e-02
1.153417e-02
6.014157e-02
1.087552e-01
1.569901e-01
2.048898e-01
2.523736e-01
2.991248e-01
3.454912e-01
3.908084e-01
4.354242e-01
4.789349e-01
5.214214e-01
5.627408e-01
6.027255e-01
6.414935e-01
6.788336e-01
7.144915e-01
7.487401e-01
7.811451e-01
8.118553e-01
8.408024e-01
8.677879e-01
8.928738e-01
9.158925e-01
9.369991e-01
9.558710e-01
9.727501e-01
9.874254e-01
9.997107e-01
1.010041e+00
1.017850e+00
1.023456e+00
1.026870e+00
1.027932e+00
1.026659e+00
1.023176e+00
1.017391e+00
1.009314e+00
9.989534e-01
9.864446e-01
9.717196e-01
9.547287e-01
9.356893e-01
9.144585e-01
8.912722e-01
8.660932e-01
8.389711e-01
8.099991e-01
7.792393e-01
7.467723e-01
7.125360e-01
6.768099e-01
6.394821e-01
6.007080e-01
5.607170e-01
5.194535e-01
4.770353e-01
4.335743e-01
3.889833e-01
3.436909e-01
2.975791e-01
2.509023e-01
2.035675e-01
1.558168e-01
1.076129e-01
5.934696e-02
1.082648e-02
-3.757606e-02
-8.598481e-02
-1.341887e-01
-1.820512e-01
-2.294915e-01
-2.764165e-01
-3.226525e-01
-3.683112e-01
-4.130760e-01
-4.569344e-01
-4.996505e-01
-5.414045e-01
-5.817803e-01
-6.210821e-01
-6.588071e-01
-6.950237e-01
-7.297752e-01
-7.628692e-01
-7.943181e-01
-8.239171e-01
-8.517034e-01
-8.776398e-01
-9.014654e-01
-9.233357e-01
-9.432008e-01
-9.609428e-01
-9.764562e-01
-9.898465e-01
-1.001139e+00
-1.010022e+00
-1.016677e+00
-1.021078e+00
-1.023108e+00
-1.022928e+00
-1.020557e+00
-1.015839e+00
-1.008836e+00
-9.995369e-01
-9.880338e-01
-9.742772e-01
-9.584969e-01
-9.405004e-01
-9.203249e-01
-8.982125e-01
-8.739585e-01
-8.478856e-01
-8.198323e-01
-7.900471e-01
-7.583809e-01
-7.250821e-01
-6.902188e-01
-6.536981e-01
-6.158054e-01
-5.765346e-01
-5.360223e-01
-4.941628e-01
-4.513535e-01
-4.074454e-01
-3.626683e-01
-3.170779e-01
-2.708419e-01
-2.239355e-01
-1.764889e-01
-1.287320e-01
-8.073297e-02
-3.244839e-02
1.592932e-02
6.413942e-02
1.121757e-01
1.601561e-01
2.076212e-01
2.546456e-01
3.010865e-01
3.469128e-01
3.918886e-01
4.359084e-01
4.791398e-01
5.211421e-01
5.620704e-01
6.017695e-01
6.400036e-01
6.769713e-01
7.121946e-01
7.460025e-01
7.780970e-01
8.084347e-01
8.370405e-01
8.637094e-01
8.884662e-01
9.111124e-01
9.319087e-01
9.504888e-01
9.669830e-01
9.813542e-01
9.935588e-01
1.003522e+00
1.011201e+00
1.016596e+00
1.019774e+00
1.020712e+00
1.019290e+00
1.015528e+00
1.009606e+00
1.001430e+00
9.910322e-01
9.783247e-01
9.635873e-01
9.465344e-01
9.274266e-01
9.062889e-01
8.830840e-01
8.579733e-01
8.308761e-01
8.019475e-01
7.712746e-01
7.388386e-01
7.047141e-01
6.691060e-01
6.319520e-01
5.933517e-01
5.534042e-01
5.123580e-01
4.701074e-01
4.267580e-01
3.825085e-01
3.374272e-01
2.915016e-01
2.450794e-01
1.979991e-01
1.505091e-01
1.026218e-01
5.456072e-02
6.344414e-03
-4.177256e-02
-8.986471e-02
-1.377644e-01
-1.853351e-01
-2.323967e-01
-2.790673e-01
-3.250612e-01
-3.703971e-01
-4.147831e-01
-4.582753e-01
-5.007741e-01
-5.420811e-01
-5.822334e-01
-6.210138e-01
-6.585837e-01
-6.946326e-01
-7.290116e-01
-7.617642e-01
-7.928655e-01
-8.221789e-01
-8.496858e-01
-8.753366e-01
-8.989202e-01
-9.205794e-01
-9.401589e-01
-9.575223e-01
-9.728494e-01
-9.861156e-01
-9.970352e-01
-1.005763e+00
-1.012257e+00
-1.016428e+00
-1.018359e+00
-1.017968e+00
-1.015435e+00
-1.010494e+00
-1.003342e+00
-9.939437e-01
-9.823226e-01
-9.685163e-01
-9.525932e-01
-9.344974e-01
-9.142598e-01
-8.920482e-01
-8.679059e-01
-8.417522e-01
-8.137549e-01
-7.838517e-01
-7.521482e-01
-7.189177e-01
-6.840669e-01
-6.476268e-01
-6.097652e-01
-5.705627e-01
-5.300876e-01
-4.883522e-01
-4.456423e-01
-4.018894e-01
-3.571557e-01
-3.116398e-01
-2.655218e-01
-2.187271e-01
-1.714916e-01
-1.238713e-01
-7.598398e-02
-2.792287e-02
2.018169e-02
6.830488e-02
1.162046e-01
1.639056e-01
2.111659e-01
2.579606e-01
3.042587e-01
3.498801e-01
3.947070e-01
4.385405e-01
4.814802e-01
5.233458e-01
5.640631e-01
6.033587e-01
6.414749e-01
6.781384e-01
7.132747e-01
7.468095e-01
7.786371e-01
8.087886e-01
8.371708e-01
8.635355e-01
8.881310e-01
9.105599e-01
9.311948e-01
9.495700e-01
9.659153e-01
9.800629e-01
9.920130e-01
1.001734e+00
1.009234e+00
1.014485e+00
1.017453e+00
1.018216e+00
1.016689e+00
1.012729e+00
1.006645e+00
9.983202e-01
9.877793e-01
9.749911e-01
9.600799e-01
9.429649e-01
9.237144e-01
9.024835e-01
8.791545e-01
8.539382e-01
8.266548e-01
7.976641e-01
7.669664e-01
7.344373e-01
7.003438e-01
6.645929e-01
6.274079e-01
5.887889e-01
5.488725e-01
5.076835e-01
4.654205e-01
4.221518e-01
3.778713e-01
3.327713e-01
2.869326e-01
2.404111e-01
1.934487e-01
1.458905e-01
9.806527e-02
4.999175e-02
2.042380e-03
-4.622979e-02
-9.419778e-02
-1.419423e-01
-1.894881e-01
-2.365498e-01
-2.830465e-01
-3.289100e-01
-3.741155e-01
-4.184706e-01
-4.618323e-01
-5.042257e-01
-5.454333e-01
-5.854056e-01
-6.241674e-01
-6.615200e-01
-6.973827e-01
-7.316872e-01
-7.644522e-01
-7.952431e-01
-8.245441e-01
-8.518151e-01
-8.773356e-01
-9.006895e-01
-9.221872e-01
-9.415867e-01
-9.588631e-01
-9.740786e-01
-9.870219e-01
-9.978298e-01
-1.006328e+00
-1.012592e+00
-1.016726e+00
-1.018465e+00
-1.017925e+00
-1.015150e+00
-1.010096e+00
-1.002771e+00
-9.932422e-01
-9.814473e-01
-9.674548e-01
-9.513392e-01
-9.330758e-01
-9.127389e-01
-8.902913e-01
-8.659194e-01
-8.396416e-01
-8.115200e-01
-7.814927e-01
-7.496589e-01
-7.162669e-01
-6.812237e-01
-6.446967e-01
-6.066613e-01
-5.673470e-01
-5.267539e-01
-4.848634e-01
-4.419610e-01
-3.981337e-01
-3.532572e-01
-3.078406e-01
-2.615363e-01
-2.146796e-01
-1.673448e-01
-1.196251e-01
-7.160745e-02
-2.358359e-02
2.468238e-02
7.273107e-02
1.207053e-01
1.684560e-01
2.159584e-01
2.626786e-01
3.089022e-01
3.545236e-01
3.993318e-01
4.432523e-01
4.861174e-01
5.279396e-01
5.686569e-01
6.080394e-01
6.460500e-01
6.827570e-01
7.178065e-01
7.512357e-01
7.830074e-01
8.130844e-01
8.413860e-01
8.676141e-01
8.920978e-01
9.145578e-01
9.350250e-01
9.533009e-01
9.693482e-01
9.834648e-01
9.953032e-01
1.004857e+00
1.012257e+00
1.017341e+00
1.020110e+00
1.020706e+00
1.018974e+00
1.014901e+00
1.008619e+00
1.000164e+00
9.892692e-01
9.762948e-01
9.612594e-01
9.438402e-01
9.244717e-01
9.029243e-01
8.793966e-01
8.539320e-01
8.264685e-01
7.973351e-01
7.662711e-01
7.336116e-01
6.991829e-01
6.633078e-01
6.258870e-01
5.870073e-01
5.468798e-01
5.055604e-01
4.631174e-01
4.195259e-01
3.750343e-01
3.296922e-01
2.836611e-01
2.368788e-01
1.897489e-01
1.420354e-01
9.401155e-02
4.586974e-02
-2.526591e-03
-5.074289e-02
-9.901507e-02
-1.469458e-01
-1.945041e-01
-2.417209e-01
-2.884039e-01
-3.344537e-01
-3.796716e-01
-4.241259e-01
-4.676739e-01
-5.100983e-01
-5.514363e-01
-5.915017e-01
-6.303318e-01
-6.676968e-01
-7.035160e-01
-7.378205e-01
-7.704738e-01
-8.014944e-01
-8.306216e-01
-8.580354e-01
-8.833510e-01
-9.067545e-01
-9.281716e-01
-9.476083e-01
-9.648351e-01
-9.798767e-01
-9.926648e-01
-1.003423e+00
-1.011866e+00
-1.018074e+00
-1.021854e+00
-1.023456e+00
-1.022798e+00
-1.019750e+00
-1.014473e+00
-1.007055e+00
-9.972462e-01
-9.852589e-01
-9.710367e-01
-9.546046e-01
-9.361300e-01
-9.154641e-01
-8.928365e-01
-8.681790e-01
-8.415908e-01
-8.131713e-01
-7.828584e-01
-7.507329e-01
-7.170181e-01
-6.816955e-01
-6.448395e-01
-6.064564e-01
-5.668256e-01
-5.258228e-01
-4.837771e-01
-4.405208e-01
-3.963334e-01
-3.511465e-01
-3.052954e-01
-2.587677e-01
-2.115881e-01
-1.639863e-01
-1.159314e-01
-6.762822e-02
-1.918223e-02
2.923893e-02
7.769734e-02
1.260068e-01
1.739127e-01
2.215454e-01
2.686009e-01
3.151348e-01
3.609301e-01
4.059742e-01
4.500374e-01
4.931261e-01
5.351407e-01
5.759200e-01
6.155199e-01
6.536981e-01
6.904733e-01
7.256656e-01
7.592004e-01
7.911521e-01
8.212043e-01
8.494686e-01
8.759140e-01
9.003108e-01
9.227956e-01
9.431759e-01
9.614022e-01
9.775612e-01
9.915598e-01
1.003305e+00
1.012722e+00
1.020041e+00
1.024977e+00
1.027609e+00
1.027987e+00
1.026094e+00
1.021867e+00
1.015255e+00
1.006502e+00
9.955515e-01
9.821922e-01
9.668713e-01
9.492100e-01
9.294752e-01
9.077105e-01
8.838103e-01
8.580726e-01
8.302491e-01
8.007246e-01
7.692136e-01
7.361444e-01
7.014364e-01
6.650833e-01
6.272527e-01
5.880191e-01
5.474695e-01
5.056659e-01
4.627573e-01
4.188244e-01
3.739417e-01
3.281341e-01
2.816622e-01
2.344950e-01
1.868746e-01
1.387328e-01
9.025580e-02
4.176636e-02
-7.039692e-03
-5.565950e-02
-1.042483e-01
-1.525825e-01
-2.005505e-01
-2.481398e-01
-2.951456e-01
-3.415058e-01
-3.870217e-01
-4.319292e-01
-4.756634e-01
-5.183982e-01
-5.600342e-01
-6.002672e-01
-6.393331e-01
-6.769465e-01
-7.129768e-01
-7.475917e-01
-7.803877e-01
-8.114828e-01
-8.407031e-01
-8.681293e-01
-8.936560e-01
-9.172147e-01
-9.386008e-01
-9.579630e-01
-9.751091e-01
-9.902003e-01
-1.003051e+00
-1.013585e+00
-1.021873e+00
-1.027944e+00
-1.031774e+00
-1.033128e+00
-1.032258e+00
-1.029086e+00
-1.023617e+00
-1.015845e+00
-1.005782e+00
-9.934594e-01
-9.789703e-01
-9.622030e-01
-9.433560e-01
-9.224852e-01
-8.994479e-01
-8.743868e-01
-8.473331e-01
-8.183859e-01
-7.877254e-01
-7.550908e-01
-7.209849e-01
-6.851594e-01
-6.477386e-01
-6.089830e-01
-5.688059e-01
-5.273934e-01
-4.847455e-01
-4.409616e-01
-3.962217e-01
-3.505816e-01
-3.041780e-01
-2.570419e-01
-2.094153e-01
-1.612673e-01
-1.125916e-01
-6.385385e-02
-1.493607e-02
3.401897e-02
8.296159e-02
1.317738e-01
1.801888e-01
2.282251e-01
2.757958e-01
3.227953e-01
3.689692e-01
4.144789e-01
4.590016e-01
5.024254e-01
5.449429e-01
5.859954e-01
6.258435e-01
6.644252e-01
7.013309e-01
7.368832e-01
7.705855e-01
8.027856e-01
8.330799e-01
8.614745e-01
8.880565e-01
9.125837e-01
9.350747e-01
9.556040e-01
9.738427e-01
9.899644e-01
1.003938e+00
1.015640e+00
1.025119e+00
1.032221e+00
1.036970e+00
1.039509e+00
1.039782e+00
1.037684e+00
1.033171e+00
1.026417e+00
1.017316e+00
1.005987e+00
9.923793e-01
9.767293e-01
9.586893e-01
9.385387e-01
9.163519e-01
8.919612e-01
8.656772e-01
8.374502e-01
8.074042e-01
7.754525e-01
7.419177e-01
7.065330e-01
6.697392e-01
6.312195e-01
5.914459e-01
5.503127e-01
5.079256e-01
4.644707e-01
4.198177e-01
3.743390e-01
3.278609e-01
2.808489e-01
2.330299e-01
1.847454e-01
1.359579e-01
8.689115e-02
3.771884e-02
-1.155279e-02
-6.092375e-02
-1.101830e-01
-1.589890e-01
-2.075654e-01
-2.557382e-01
-3.032779e-01
-3.501222e-01
-3.963086e-01
-4.415327e-01
-4.857698e-01
-5.290571e-01
-5.710593e-01
-6.118572e-01
-6.511467e-01
-6.892007e-01
-7.256532e-01
-7.602991e-01
-7.935732e-01
-8.248483e-01
-8.543666e-01
-8.820659e-01
-9.076795e-01
-9.313314e-01
-9.528415e-01
-9.723031e-01
-9.894864e-01
-1.004671e+00
-1.017509e+00
-1.028031e+00
-1.036275e+00
-1.042166e+00
-1.045761e+00
-1.047070e+00
-1.045965e+00
-1.042626e+00
-1.036896e+00
-1.028788e+00
-1.018403e+00
-1.005782e+00
-9.908646e-01
-9.736999e-01
-9.544742e-01
-9.330696e-01
-9.095356e-01
-8.839283e-01
-8.563841e-01
-8.269341e-01
-7.956404e-01
-7.625712e-01
-7.277949e-01
-6.913362e-01
-6.533256e-01
-6.138500e-01
-5.729713e-01
-5.309194e-01
-4.875452e-01
-4.430971e-01
-3.976929e-01
-3.512769e-01
-3.041221e-01
-2.563342e-01
-2.079689e-01
-1.589890e-01
-1.097795e-01
-6.025951e-02
-1.058437e-02
3.913423e-02
8.867901e-02
1.382052e-01
1.873092e-01
2.359787e-01
2.842633e-01
3.317843e-01
3.786411e-01
4.247281e-01
4.697970e-01
5.137671e-01
5.567440e-01
5.984235e-01
6.387372e-01
6.777162e-01
7.150688e-01
7.509874e-01
7.851429e-01
8.175913e-01
8.482146e-01
8.768886e-01
9.036816e-01
9.284634e-01
9.511406e-01
9.717382e-01
9.901569e-01
1.006328e+00
1.020364e+00
1.031979e+00
1.041359e+00
1.048417e+00
1.053135e+00
1.055476e+00
1.055470e+00
1.053154e+00
1.048480e+00
1.041309e+00
1.032016e+00
1.020327e+00
1.006372e+00
9.900886e-01
9.717134e-01
9.510971e-01
9.283206e-01
9.035265e-01
8.766527e-01
8.478607e-01
8.171257e-01
7.846028e-01
7.502611e-01
7.142121e-01
6.766671e-01
6.375205e-01
5.969770e-01
5.550679e-01
5.118613e-01
4.676305e-01
4.222139e-01
3.759282e-01
3.287549e-01
2.808552e-01
2.322664e-01
1.831872e-01
1.336052e-01
8.375619e-02
3.372720e-02
-1.632041e-02
-6.646115e-02
-1.164219e-01
-1.661529e-01
-2.154742e-01
-2.643175e-01
-3.125338e-01
-3.601417e-01
-4.070171e-01
-4.528682e-01
-4.978130e-01
-5.416900e-01
-5.841641e-01
-6.255455e-01
-6.655489e-01
-7.039319e-01
-7.408127e-01
-7.761229e-01
-8.096453e-01
-8.413860e-01
-8.712395e-01
-8.991189e-01
-9.250801e-01
-9.487754e-01
-9.706022e-01
-9.902065e-01
-1.007514e+00
-1.022705e+00
-1.035518e+00
-1.046090e+00
-1.054209e+00
-1.060094e+00
-1.063565e+00
-1.064682e+00
-1.063459e+00
-1.059759e+00
-1.053694e+00
-1.045332e+00
-1.034593e+00
-1.021550e+00
-1.006161e+00
-9.886111e-01
-9.687895e-01
-9.468944e-01
-9.227894e-01
-8.965923e-01
-8.684459e-01
-8.383379e-01
-8.063365e-01
-7.724665e-01
-7.369204e-01
-6.997292e-01
-6.608930e-01
-6.206848e-01
-5.790736e-01
-5.359664e-01
-4.918473e-01
-4.465114e-01
-4.002568e-01
-3.529406e-01
-3.050223e-01
-2.563466e-01
-2.070005e-01
-1.572632e-01
-1.070046e-01
-5.670863e-02
-6.207841e-03
4.443573e-02
9.477511e-02
1.452635e-01
1.951869e-01
2.447007e-01
2.937426e-01
3.420396e-01
3.896972e-01
4.365106e-01
4.822561e-01
5.270209e-01
5.705751e-01
6.128132e-01
6.537167e-01
6.933352e-01
7.312464e-01
7.675809e-01
8.022269e-01
8.351471e-01
8.661056e-01
8.952824e-01
9.222493e-01
9.473600e-01
9.701863e-01
9.909949e-01
1.009587e+00
1.025945e+00
1.039894e+00
1.051559e+00
1.060932e+00
1.067929e+00
1.072523e+00
1.074757e+00
1.074540e+00
1.072007e+00
1.066898e+00
1.059486e+00
1.049833e+00
1.037765e+00
1.023263e+00
1.006614e+00
9.876241e-01
9.664429e-01
9.430828e-01
9.177114e-01
8.902293e-01
8.607234e-01
8.291813e-01
7.958825e-01
7.607585e-01
7.240267e-01
6.855443e-01
6.455907e-01
6.041657e-01
5.613316e-01
5.173801e-01
4.720008e-01
4.257772e-01
3.784983e-01
3.304310e-01
2.815753e-01
2.320491e-01
1.819394e-01
1.314572e-01
8.059640e-02
2.965486e-02
-2.141705e-02
-7.240205e-02
-1.232381e-01
-1.738692e-01
-2.241217e-01
-2.738341e-01
-3.229257e-01
-3.713779e-01
-4.190107e-01
-4.657557e-01
-5.113088e-01
-5.558936e-01
-5.991932e-01
-6.411769e-01
-6.817451e-01
-7.208297e-01
-7.582257e-01
-7.940512e-01
-8.280888e-01
-8.601523e-01
-8.905086e-01
-9.188660e-01
-9.449948e-01
-9.690813e-01
-9.911688e-01
-1.010891e+00
-1.028403e+00
-1.043594e+00
-1.056463e+00
-1.067047e+00
-1.075204e+00
-1.080884e+00
-1.084299e+00
-1.085193e+00
-1.083653e+00
-1.079773e+00
-1.073379e+00
-1.064657e+00
-1.053489e+00
-1.039962e+00
-1.024132e+00
-1.006030e+00
-9.856438e-01
-9.630224e-01
-9.383400e-01
-9.115035e-01
-8.825377e-01
-8.517158e-01
-8.188453e-01
-7.842304e-01
-7.478586e-01
-7.097673e-01
-6.701551e-01
-6.289102e-01
-5.863430e-01
-5.423915e-01
-4.972977e-01
-4.510617e-01
-4.037083e-01
-3.555417e-01
-3.063942e-01
-2.567315e-01
-2.064480e-01
-1.556244e-01
-1.044904e-01
-5.307083e-02
-1.402972e-03
4.995450e-02
1.014734e-01
1.527998e-01
2.036917e-01
2.541552e-01
3.040725e-01
3.533317e-01
4.017963e-01
4.494042e-01
4.959755e-01
5.415783e-01
5.859643e-01
6.288854e-01
6.705089e-01
7.107606e-01
7.493113e-01
7.861610e-01
8.214898e-01
8.547639e-01
8.862066e-01
9.156504e-01
9.431697e-01
9.684232e-01
9.916964e-01
1.012704e+00
1.031445e+00
1.047840e+00
1.061913e+00
1.073733e+00
1.083045e+00
1.089960e+00
1.094480e+00
1.096497e+00
1.096069e+00
1.093188e+00
1.087843e+00
1.080276e+00
1.070002e+00
1.057400e+00
1.042483e+00
1.025237e+00
1.005732e+00
9.839180e-01
9.598937e-01
9.337214e-01
9.055626e-01
8.752063e-01
8.429628e-01
8.088010e-01
7.728514e-01
7.351450e-01
6.958059e-01
6.549769e-01
6.125215e-01
5.687376e-01
5.236624e-01
4.773830e-01
4.300979e-01
3.817946e-01
3.325789e-01
2.826368e-01
2.320739e-01
1.809462e-01
1.293776e-01
7.748627e-02
2.548940e-02
-2.655094e-02
-7.873405e-02
-1.305509e-01
-1.821505e-01
-2.333776e-01
-2.840708e-01
-3.340936e-01
-3.835142e-01
-4.320099e-01
-4.795930e-01
-5.260835e-01
-5.713511e-01
-6.154205e-01
-6.582546e-01
-6.994499e-01
-7.392049e-01
-7.772838e-01
-8.135997e-01
-8.482580e-01
-8.808430e-01
-9.116463e-01
-9.402707e-01
-9.668899e-01
-9.912929e-01
-1.013511e+00
-1.033525e+00
-1.051130e+00
-1.066501e+00
-1.079413e+00
-1.089917e+00
-1.098111e+00
-1.103686e+00
-1.106883e+00
-1.107591e+00
-1.105790e+00
-1.101563e+00
-1.094883e+00
-1.085733e+00
-1.074255e+00
-1.060188e+00
-1.043793e+00
-1.025157e+00
-1.004125e+00
-9.808637e-01
-9.554240e-01
-9.278488e-01
-8.981567e-01
-8.664905e-01
-8.328067e-01
-7.972420e-01
-7.600012e-01
-7.210532e-01
-6.803484e-01
-6.381599e-01
-5.945498e-01
-5.495740e-01
-5.033938e-01
-4.560342e-01
-4.076751e-01
-3.583166e-01
-3.082069e-01
-2.574330e-01
-2.059575e-01
-1.541097e-01
-1.018024e-01
-4.933371e-02
3.339819e-03
5.583332e-02
1.084448e-01
1.608079e-01
2.127179e-01
2.642740e-01
3.150914e-01
3.653811e-01
4.147707e-01
4.633346e-01
5.107625e-01
5.570793e-01
6.023158e-01
6.461494e-01
6.884061e-01
7.293344e-01
7.685928e-01
8.061999e-01
8.418578e-01
8.757836e-01
9.076485e-01
9.376013e-01
9.653876e-01
9.912184e-01
1.014560e+00
1.035834e+00
1.054781e+00
1.071405e+00
1.085528e+00
1.097217e+00
1.106573e+00
1.113457e+00
1.117784e+00
1.119665e+00
1.119001e+00
1.115878e+00
1.110198e+00
1.102047e+00
1.091469e+00
1.078457e+00
1.062975e+00
1.045152e+00
1.025039e+00
1.002492e+00
9.778281e-01
9.509482e-01
9.218830e-01
8.908190e-01
8.576629e-01
8.226259e-01
7.857575e-01
7.471075e-01
7.068062e-01
6.648660e-01
6.214608e-01
5.765284e-01
5.305159e-01
4.831004e-01
4.346917e-01
3.853207e-01
3.349937e-01
2.839777e-01
2.322105e-01
1.799715e-01
1.272545e-01
7.425199e-02
2.112528e-02
-3.201384e-02
-8.528332e-02
-1.380996e-01
-1.908415e-01
-2.431177e-01
-2.947235e-01
-3.458512e-01
-3.962155e-01
-4.456982e-01
-4.942311e-01
-5.415596e-01
-5.876777e-01
-6.325790e-01
-6.761581e-01
-7.181355e-01
-7.585361e-01
-7.972420e-01
-8.342407e-01
-8.694764e-01
-9.026201e-01
-9.337462e-01
-9.628424e-01
-9.897658e-01
-1.014597e+00
-1.037051e+00
-1.057239e+00
-1.074993e+00
-1.090438e+00
-1.103462e+00
-1.113966e+00
-1.121956e+00
-1.127543e+00
-1.130628e+00
-1.131081e+00
-1.129064e+00
-1.124507e+00
-1.117442e+00
-1.107920e+00
-1.095777e+00
-1.081251e+00
-1.064359e+00
-1.045059e+00
-1.023344e+00
-9.994686e-01
-9.732157e-01
-9.448024e-01
-9.143467e-01
-8.817742e-01
-8.472337e-01
-8.107689e-01
-7.725162e-01
-7.325066e-01
-6.908644e-01
-6.477572e-01
-6.031414e-01
-5.569613e-01
-5.096824e-01
-4.612364e-01
-4.117847e-01
-3.612653e-01
-3.100320e-01
-2.581220e-01
-2.054795e-01
-1.525329e-01
-9.906473e-02
-4.550348e-02
8.287468e-03
6.200392e-02
1.155838e-01
1.690395e-01
2.220483e-01
2.745976e-01
3.265324e-01
3.777161e-01
4.280865e-01
4.776437e-01
5.259593e-01
5.732755e-01
6.191949e-01
6.637858e-01
7.070110e-01
7.485849e-01
7.884455e-01
8.265865e-01
8.630389e-01
8.974241e-01
9.297980e-01
9.601420e-01
9.884001e-01
1.014442e+00
1.038094e+00
1.059647e+00
1.078699e+00
1.095405e+00
1.109707e+00
1.121422e+00
1.130764e+00
1.137512e+00
1.141672e+00
1.143323e+00
1.142491e+00
1.138928e+00
1.132931e+00
1.124370e+00
1.113389e+00
1.099837e+00
1.083846e+00
1.065439e+00
1.044649e+00
1.021469e+00
9.960481e-01
9.683425e-01
9.385076e-01
9.065124e-01
8.724935e-01
8.366121e-01
7.988250e-01
7.591507e-01
7.178127e-01
6.748730e-01
6.304063e-01
5.843627e-01
5.372514e-01
4.887309e-01
4.393475e-01
3.887040e-01
3.372658e-01
2.850392e-01
2.321608e-01
1.788355e-01
1.249638e-01
7.087492e-02
1.655631e-02
-3.765676e-02
-9.198779e-02
-1.460395e-01
-1.997249e-01
-2.530192e-01
-3.057734e-01
-3.578200e-01
-4.091650e-01
-4.595479e-01
-5.090244e-01
-5.572407e-01
-6.043147e-01
-6.500975e-01
-6.943284e-01
-7.370197e-01
-7.780598e-01
-8.174920e-01
-8.551301e-01
-8.906886e-01
-9.244531e-01
-9.560262e-01
-9.856189e-01
-1.012847e+00
-1.037945e+00
-1.060585e+00
-1.081058e+00
-1.098999e+00
-1.114481e+00
-1.127493e+00
-1.138034e+00
-1.145980e+00
-1.151474e+00
-1.154274e+00
-1.154447e+00
-1.152182e+00
-1.147370e+00
-1.139828e+00
-1.129802e+00
-1.117256e+00
-1.102221e+00
-1.084740e+00
-1.064725e+00
-1.042458e+00
-1.017701e+00
-9.908025e-01
-9.615263e-01
-9.302326e-01
-8.968965e-01
-8.614249e-01
-8.240350e-01
-7.848512e-01
-7.438732e-01
-7.012005e-01
-6.569013e-01
-6.111930e-01
-5.640196e-01
-5.157785e-01
-4.661778e-01
-4.155343e-01
-3.639409e-01
-3.116150e-01
-2.584759e-01
-2.047781e-01
-1.506022e-01
-9.615325e-02
-4.140009e-02
1.350826e-02
6.831729e-02
1.230394e-01
1.775070e-01
2.314594e-01
2.850703e-01
3.380045e-01
3.902125e-01
4.415824e-01
4.919342e-01
5.411996e-01
5.892793e-01
6.361547e-01
6.815154e-01
7.253924e-01
7.675313e-01
8.081740e-01
8.469420e-01
8.838166e-01
9.188474e-01
9.516310e-01
9.824467e-01
1.011046e+00
1.037355e+00
1.061454e+00
1.082945e+00
1.102252e+00
1.119100e+00
1.133397e+00
1.145210e+00
1.154292e+00
1.160953e+00
1.165063e+00
1.166497e+00
1.165317e+00
1.161518e+00
1.155149e+00
1.146247e+00
1.134663e+00
1.120627e+00
1.104077e+00
1.085038e+00
1.063633e+00
1.039726e+00
1.013542e+00
9.851037e-01
9.544556e-01
9.216161e-01
8.867467e-01
8.498969e-01
8.110482e-01
7.705359e-01
7.281674e-01
6.842903e-01
6.387620e-01
5.917314e-01
5.434779e-01
4.938710e-01
4.433516e-01
3.916962e-01
3.391157e-01
2.858897e-01
2.318753e-01
1.774077e-01
1.224124e-01
6.723092e-02
1.186318e-02
-4.348593e-02
-9.887849e-02
-1.539607e-01
-2.087262e-01
-2.630014e-01
-3.167116e-01
-3.698073e-01
-4.220897e-01
-4.732920e-01
-5.235942e-01
-5.727416e-01
-6.205420e-01
-6.670015e-01
-7.120580e-01
-7.554384e-01
-7.972172e-01
-8.371522e-01
-8.752559e-01
-9.115159e-01
-9.455225e-01
-9.776605e-01
-1.007539e+00
-1.035133e+00
-1.060479e+00
-1.083405e+00
-1.104065e+00
-1.121993e+00
-1.137568e+00
-1.150642e+00
-1.161108e+00
-1.168999e+00
-1.174337e+00
-1.176851e+00
-1.176914e+00
-1.174281e+00
-1.169036e+00
-1.161177e+00
-1.150661e+00
-1.137599e+00
-1.122080e+00
-1.103984e+00
-1.083361e+00
-1.060392e+00
-1.034984e+00
-1.007309e+00
-9.773315e-01
-9.451873e-01
-9.109448e-01
-8.745545e-01
-8.363204e-01
-7.961867e-01
-7.542465e-01
-7.105371e-01
-6.653502e-01
-6.185741e-01
-5.704509e-01
-5.210241e-01
-4.704364e-01
-4.186692e-01
-3.660329e-01
-3.126455e-01
-2.584386e-01
-2.036793e-01
-1.484481e-01
-9.276998e-02
-3.703598e-02
1.895875e-02
7.469895e-02
1.304516e-01
1.859559e-01
2.408394e-01
2.954312e-01
3.493338e-01
4.024419e-01
4.546437e-01
5.058646e-01
5.559805e-01
6.047803e-01
6.523820e-01
6.984939e-01
7.429855e-01
7.858320e-01
8.270645e-01
8.663663e-01
9.037624e-01
9.391843e-01
9.723590e-01
1.003535e+00
1.032420e+00
1.059138e+00
1.083330e+00
1.105089e+00
1.124470e+00
1.141293e+00
1.155646e+00
1.167403e+00
1.176541e+00
1.182960e+00
1.186865e+00
1.188113e+00
1.186623e+00
1.182532e+00
1.175759e+00
1.166466e+00
1.154423e+00
1.139778e+00
1.122682e+00
1.103084e+00
1.080978e+00
1.056457e+00
1.029552e+00
1.000418e+00
9.689633e-01
9.353478e-01
8.995472e-01
8.619091e-01
8.221230e-01
7.806795e-01
7.374170e-01
6.925654e-01
6.460500e-01
5.980758e-01
5.487732e-01
4.982475e-01
4.465735e-01
3.938254e-01
3.403263e-01
2.859704e-01
2.309565e-01
1.754833e-01
1.194327e-01
6.326411e-02
6.816210e-03
-4.947029e-02
-1.058002e-01
-1.618695e-01
-2.175228e-01
-2.727912e-01
-3.273705e-01
-3.812359e-01
-4.344309e-01
-4.865458e-01
-5.375556e-01
-5.874418e-01
-6.359561e-01
-6.831543e-01
-7.288130e-01
-7.728266e-01
-8.151392e-01
-8.556267e-01
-8.941712e-01
-9.308099e-01
-9.653752e-01
-9.977739e-01
-1.027832e+00
-1.055848e+00
-1.081338e+00
-1.104462e+00
-1.125078e+00
-1.143217e+00
-1.158799e+00
-1.171749e+00
-1.182271e+00
-1.189944e+00
-1.195053e+00
-1.197437e+00
-1.197195e+00
-1.194252e+00
-1.188597e+00
-1.180340e+00
-1.169514e+00
-1.155925e+00
-1.139834e+00
-1.121180e+00
-1.100005e+00
-1.076347e+00
-1.050323e+00
-1.021910e+00
-9.911253e-01
-9.582548e-01
-9.231556e-01
-8.859955e-01
-8.469047e-01
-8.058337e-01
-7.630554e-01
-7.184397e-01
-6.723837e-01
-6.246516e-01
-5.755600e-01
-5.251772e-01
-4.735900e-01
-4.209103e-01
-3.673180e-01
-3.128566e-01
-2.577620e-01
-2.019162e-01
-1.458036e-01
-8.925634e-02
-3.241735e-02
2.435957e-02
8.118615e-02
1.378948e-01
1.941626e-01
2.500394e-01
3.053885e-01
3.601169e-01
4.140320e-01
4.669662e-01
5.190252e-01
5.697495e-01
6.193129e-01
6.675230e-01
7.141563e-01
7.593618e-01
8.028166e-01
8.443906e-01
8.841394e-01
9.219389e-01
9.577395e-01
9.912991e-01
1.022729e+00
1.051857e+00
1.078606e+00
1.103071e+00
1.124942e+00
1.144366e+00
1.161220e+00
1.175535e+00
1.187206e+00
1.196208e+00
1.202521e+00
1.206196e+00
1.207127e+00
1.205377e+00
1.200919e+00
1.193780e+00
1.184065e+00
1.171575e+00
1.156471e+00
1.138897e+00
1.118740e+00
1.095982e+00
1.070822e+00
1.043228e+00
1.013362e+00
9.811990e-01
9.468510e-01
9.103737e-01
8.718230e-01
8.312734e-01
7.889794e-01
7.448913e-01
6.991271e-01
6.516992e-01
6.028683e-01
5.526655e-01
5.011963e-01
4.486593e-01
3.950484e-01
3.406180e-01
2.853372e-01
2.293921e-01
1.729256e-01
1.161425e-01
5.889379e-02
1.731988e-03
-5.553535e-02
-1.126537e-01
-1.695610e-01
-2.260399e-01
-2.820843e-01
-3.374334e-01
-3.921928e-01
-4.458720e-01
-4.987380e-01
-5.504182e-01
-6.009128e-01
-6.500355e-01
-6.977986e-01
-7.438856e-01
-7.884765e-01
-8.311865e-01
-8.720775e-01
-9.110690e-01
-9.480491e-01
-9.828689e-01
-1.015566e+00
-1.045885e+00
-1.073988e+00
-1.099601e+00
-1.122837e+00
-1.143577e+00
-1.161655e+00
-1.177205e+00
-1.190130e+00
-1.200423e+00
-1.207971e+00
-1.212857e+00
-1.215042e+00
-1.214465e+00
-1.211280e+00
-1.205333e+00
-1.196686e+00
-1.185288e+00
-1.171314e+00
-1.154745e+00
-1.135470e+00
-1.113836e+00
-1.089594e+00
-1.062820e+00
-1.033798e+00
-1.002492e+00
-9.689199e-01
-9.331068e-01
-8.951955e-01
-8.553412e-01
-8.134817e-01
-7.698406e-01
-7.244985e-01
-6.775300e-01
-6.289661e-01
-5.790302e-01
-5.279148e-01
-4.753344e-01
-4.218725e-01
-3.673366e-01
-3.121427e-01
-2.561728e-01
-1.995262e-01
-1.425072e-01
-8.511571e-02
-2.759385e-02
3.005837e-02
8.754298e-02
1.449779e-01
2.021335e-01
2.586621e-01
3.147375e-01
3.701674e-01
4.245915e-01
4.782645e-01
5.307953e-01
5.821713e-01
6.322252e-01
6.809816e-01
7.281425e-01
7.736957e-01
8.174920e-01
8.595067e-01
8.996155e-01
9.377192e-01
9.737992e-01
1.007576e+00
1.039162e+00
1.068500e+00
1.095405e+00
1.119839e+00
1.141852e+00
1.161245e+00
1.178031e+00
1.192135e+00
1.203775e+00
1.212652e+00
1.218761e+00
1.222144e+00
1.222870e+00
1.220871e+00
1.216073e+00
1.208567e+00
1.198349e+00
1.185474e+00
1.169973e+00
1.151772e+00
1.131000e+00
1.107777e+00
1.082083e+00
1.053899e+00
1.023437e+00
9.906535e-01
9.556040e-01
9.184191e-01
8.792786e-01
8.379654e-01
7.949575e-01
7.499693e-01
7.035719e-01
6.553742e-01
6.057736e-01
5.549003e-01
5.026179e-01
4.493235e-01
3.949242e-01
3.396931e-01
2.837170e-01
2.270021e-01
1.697907e-01
1.123123e-01
5.438069e-02
-3.563301e-03
-6.147004e-02
-1.193333e-01
-1.768862e-01
-2.339487e-01
-2.905828e-01
-3.466831e-01
-4.018584e-01
-4.562267e-01
-5.095769e-01
-5.617538e-01
-6.126953e-01
-6.623022e-01
-7.105123e-01
-7.570214e-01
-8.018172e-01
-8.449431e-01
-8.861631e-01
-9.253905e-01
-9.625754e-01
-9.975256e-01
-1.030415e+00
-1.060864e+00
-1.088992e+00
-1.114705e+00
-1.137935e+00
-1.158613e+00
-1.176653e+00
-1.192179e+00
-1.204936e+00
-1.215030e+00
-1.222504e+00
-1.227129e+00
-1.229041e+00
-1.228184e+00
-1.224608e+00
-1.218258e+00
-1.209232e+00
-1.197505e+00
-1.183066e+00
-1.166044e+00
-1.146377e+00
-1.124035e+00
-1.099353e+00
-1.072125e+00
-1.042489e+00
-1.010537e+00
-9.763134e-01
-9.399230e-01
-9.014282e-01
-8.608972e-01
-8.184107e-01
-7.741364e-01
-7.281549e-01
-6.804973e-01
-6.312381e-01
-5.806690e-01
-5.287591e-01
-4.755951e-01
-4.213634e-01
-3.662440e-01
-3.103859e-01
-2.536462e-01
-1.964409e-01
-1.387080e-01
-8.075160e-02
-2.262137e-02
3.560818e-02
9.383773e-02
1.517879e-01
2.094464e-01
2.665709e-01
3.231988e-01
3.790135e-01
4.341267e-01
4.880729e-01
5.411127e-01
5.927930e-01
6.433186e-01
6.923792e-01
7.398008e-01
7.856458e-01
8.296780e-01
8.720589e-01
9.123416e-01
9.506129e-01
9.867177e-01
1.020712e+00
1.052341e+00
1.081673e+00
1.108640e+00
1.133080e+00
1.155037e+00
1.174294e+00
1.191074e+00
1.205085e+00
1.216464e+00
1.225093e+00
1.230996e+00
1.234175e+00
1.234584e+00
1.232244e+00
1.227160e+00
1.219270e+00
1.208679e+00
1.195444e+00
1.179508e+00
1.160854e+00
1.139747e+00
1.115971e+00
1.089749e+00
1.061026e+00
1.030048e+00
9.966317e-01
9.611228e-01
9.233419e-01
8.835124e-01
8.417708e-01
7.980987e-01
7.526635e-01
7.055894e-01
6.568579e-01
6.065992e-01
5.549996e-01
5.021709e-01
4.483303e-01
3.933723e-01
3.375017e-01
2.810166e-01
2.238299e-01
1.659728e-01
1.078364e-01
4.955099e-02
-9.001370e-03
-6.736128e-02
-1.256405e-01
-1.837273e-01
-2.413050e-01
-2.983302e-01
-3.547719e-01
-4.104004e-01
-4.650480e-01
-5.188141e-01
-5.712642e-01
-6.225161e-01
-6.723775e-01
-7.207738e-01
-7.675685e-01
-8.125940e-01
-8.558006e-01
-8.972255e-01
-9.364590e-01
-9.738054e-01
-1.008830e+00
-1.041694e+00
-1.072150e+00
-1.100272e+00
-1.125866e+00
-1.149016e+00
-1.169681e+00
-1.187572e+00
-1.202881e+00
-1.215539e+00
-1.225440e+00
-1.232592e+00
-1.236937e+00
-1.238551e+00
-1.237552e+00
-1.233579e+00
-1.226955e+00
-1.217563e+00
-1.205389e+00
-1.190639e+00
-1.173121e+00
-1.153038e+00
-1.130423e+00
-1.105176e+00
-1.077538e+00
-1.047406e+00
-1.014976e+00
-9.803112e-01
-9.434367e-01
-9.044080e-01
-8.633493e-01
-8.203973e-01
-7.755704e-01
-7.290365e-01
-6.808946e-01
-6.312381e-01
-5.800234e-01
-5.275858e-01
-4.739376e-01
-4.193583e-01
-3.636553e-01
-3.073006e-01
-2.501512e-01
-1.925362e-01
-1.343315e-01
-7.595914e-02
-1.739437e-02
4.133181e-02
9.985933e-02
1.581696e-01
2.161694e-01
2.736416e-01
3.304930e-01
3.866740e-01
4.420231e-01
4.962734e-01
5.494312e-01
6.014467e-01
6.521648e-01
7.012129e-01
7.488643e-01
7.948458e-01
8.390022e-01
8.814079e-01
9.217713e-01
9.599619e-01
9.961412e-01
1.030123e+00
1.061733e+00
1.091034e+00
1.117790e+00
1.142119e+00
1.163914e+00
1.183159e+00
1.199628e+00
1.213540e+00
1.224639e+00
1.233020e+00
1.238768e+00
1.241637e+00
1.241773e+00
1.239098e+00
1.233647e+00
1.225471e+00
1.214546e+00
1.200975e+00
1.184574e+00
1.165535e+00
1.143993e+00
1.119913e+00
1.093325e+00
1.064173e+00
1.032718e+00
9.989161e-01
9.629293e-01
9.247821e-01
8.844994e-01
8.424413e-01
7.982353e-01
7.524338e-01
7.049066e-01
6.557529e-01
6.051714e-01
5.531869e-01
4.999423e-01
4.456175e-01
3.902311e-01
3.340563e-01
2.771491e-01
2.195838e-01
1.614535e-01
1.030191e-01
4.435503e-02
-1.436494e-02
-7.307250e-02
-1.316000e-01
-1.899475e-01
-2.477177e-01
-3.050285e-01
-3.615695e-01
-4.173594e-01
-4.722119e-01
-5.261083e-01
-5.787632e-01
-6.300586e-01
-6.799821e-01
-7.284343e-01
-7.752228e-01
-8.202421e-01
-8.634983e-01
-9.047929e-01
-9.441133e-01
-9.813417e-01
-1.016279e+00
-1.049075e+00
-1.079457e+00
-1.107429e+00
-1.132919e+00
-1.155819e+00
-1.176293e+00
-1.194022e+00
-1.209083e+00
-1.221467e+00
-1.231158e+00
-1.238011e+00
-1.242139e+00
-1.243573e+00
-1.242059e+00
-1.237850e+00
-1.230947e+00
-1.221349e+00
-1.208741e+00
-1.193582e+00
-1.175877e+00
-1.155459e+00
-1.132428e+00
-1.106796e+00
-1.078786e+00
-1.048337e+00
-1.015510e+00
-9.804726e-01
-9.431573e-01
-9.038431e-01
-8.624616e-01
-8.190998e-01
-7.740185e-01
-7.270872e-01
-6.785543e-01
-6.286557e-01
-5.771740e-01
-5.244819e-01
-4.705854e-01
-4.156088e-01
-3.596885e-01
-3.029426e-01
-2.456567e-01
-1.877375e-01
-1.293838e-01
-7.073835e-02
-1.196872e-02
4.677608e-02
1.054836e-01
1.640360e-01
2.221476e-01
2.797005e-01
3.365705e-01
3.929005e-01
4.482123e-01
5.024689e-01
5.557632e-01
6.077104e-01
6.583291e-01
7.074394e-01
7.550659e-01
8.009481e-01
8.451107e-01
8.873861e-01
9.275384e-01
9.657601e-01
1.001666e+00
1.035511e+00
1.066973e+00
1.095988e+00
1.122676e+00
1.146750e+00
1.168328e+00
1.187281e+00
1.203558e+00
1.217159e+00
1.228054e+00
1.236198e+00
1.241637e+00
1.244194e+00
1.243958e+00
1.240985e+00
1.235329e+00
1.226880e+00
1.215613e+00
1.201695e+00
1.185033e+00
1.165708e+00
1.143913e+00
1.119404e+00
1.092481e+00
1.063074e+00
1.031302e+00
9.972649e-01
9.609924e-01
9.225535e-01
8.820225e-01
8.396043e-01
7.953052e-01
7.491561e-01
7.012439e-01
6.519723e-01
6.011115e-01
5.490463e-01
4.955471e-01
4.411540e-01
3.856125e-01
3.292080e-01
2.722573e-01
2.144933e-01
1.563010e-01
9.774867e-02
3.899145e-02
-1.984647e-02
-7.857265e-02
-1.371436e-01
-1.954166e-01
-2.531868e-01
-3.103796e-01
-3.670324e-01
-4.227229e-01
-4.775692e-01
-5.313478e-01
-5.838599e-01
-6.351429e-01
-6.849297e-01
-7.332081e-01
-7.798849e-01
-8.247117e-01
-8.677817e-01
-9.089087e-01
-9.480739e-01
-9.850292e-01
-1.019799e+00
-1.052310e+00
-1.082467e+00
-1.110192e+00
-1.135302e+00
-1.158079e+00
-1.178186e+00
-1.195692e+00
-1.210529e+00
-1.222529e+00
-1.231890e+00
-1.238557e+00
-1.242381e+00
-1.243486e+00
-1.241779e+00
-1.237322e+00
-1.230059e+00
-1.220027e+00
-1.207301e+00
-1.191825e+00
-1.173710e+00
-1.153044e+00
-1.129722e+00
-1.103978e+00
-1.075595e+00
-1.044960e+00
-1.011934e+00
-9.767045e-01
-9.392340e-01
-8.996031e-01
-8.580602e-01
-8.145619e-01
-7.692819e-01
-7.222947e-01
-6.736377e-01
-6.235404e-01
-5.720464e-01
-5.191990e-01
-4.652342e-01
-4.102079e-01
-3.541884e-01
-2.975046e-01
-2.401876e-01
-1.822684e-01
-1.238651e-01
-6.528787e-02
-6.617559e-03
5.215207e-02
1.107293e-01
1.691885e-01
2.271015e-01
2.845799e-01
3.413940e-01
3.974757e-01
4.526758e-01
5.068889e-01
5.598852e-01
6.116213e-01
6.620601e-01
7.110151e-01
7.582692e-01
8.039216e-01
8.477862e-01
8.898009e-01
9.297422e-01
9.674983e-01
1.003286e+00
1.036803e+00
1.067923e+00
1.096696e+00
1.123011e+00
1.146843e+00
1.168012e+00
1.186679e+00
1.202744e+00
1.215948e+00
1.226551e+00
1.234373e+00
1.239489e+00
1.241804e+00
1.241332e+00
1.238061e+00
1.232052e+00
1.223212e+00
1.211789e+00
1.197629e+00
1.180756e+00
1.161270e+00
1.139083e+00
1.114488e+00
1.087359e+00
1.057779e+00
1.025871e+00
9.916343e-01
9.552750e-01
9.166498e-01
8.760878e-01
8.335330e-01
7.890849e-01
7.428799e-01
6.950547e-01
6.456403e-01
5.948540e-01
5.425839e-01
4.893579e-01
4.348344e-01
3.794853e-01
3.231740e-01
2.661550e-01
2.085897e-01
1.504781e-01
9.210574e-02
3.346026e-02
-2.509209e-02
-8.372515e-02
-1.420416e-01
-2.001284e-01
-2.577496e-01
-3.147065e-01
-3.709930e-01
-4.265284e-01
-4.809028e-01
-5.344082e-01
-5.866100e-01
-6.376136e-01
-6.871459e-01
-7.350705e-01
-7.813623e-01
-8.258850e-01
-8.686384e-01
-9.095046e-01
-9.481608e-01
-9.848305e-01
-1.019185e+00
-1.051348e+00
-1.081058e+00
-1.108416e+00
-1.133297e+00
-1.155689e+00
-1.175504e+00
-1.192632e+00
-1.207009e+00
-1.218823e+00
-1.227861e+00
-1.234181e+00
-1.237738e+00
-1.238408e+00
-1.236441e+00
-1.231741e+00
-1.224180e+00
-1.213919e+00
-1.200975e+00
-1.185443e+00
-1.167012e+00
-1.146135e+00
-1.122756e+00
-1.096758e+00
-1.068314e+00
-1.037467e+00
-1.004348e+00
-9.690316e-01
-9.315238e-01
-8.918868e-01
-8.503439e-01
-8.068704e-01
-7.615780e-01
-7.145908e-01
-6.660827e-01
-6.159668e-01
-5.644852e-01
-5.118365e-01
-4.579835e-01
-4.031434e-01
-3.473722e-01
-2.909243e-01
-2.337563e-01
-1.760420e-01
-1.180111e-01
-5.959528e-02
-1.278815e-03
5.726113e-02
1.155217e-01
1.736333e-01
2.312173e-01
2.883666e-01
3.448083e-01
4.004989e-01
4.553017e-01
5.090678e-01
5.616855e-01
6.130491e-01
6.631154e-01
7.115738e-01
7.585423e-01
8.036857e-01
8.471158e-01
8.885780e-01
9.280909e-01
9.656545e-01
1.000909e+00
1.033941e+00
1.064719e+00
1.093046e+00
1.118852e+00
1.142404e+00
1.163182e+00
1.181483e+00
1.197126e+00
1.210020e+00
1.220331e+00
1.227818e+00
1.232455e+00
1.234460e+00
1.233790e+00
1.230227e+00
1.224019e+00
1.215005e+00
1.203260e+00
1.188864e+00
1.171817e+00
1.152250e+00
1.129933e+00
1.105188e+00
1.077998e+00
1.048355e+00
1.016447e+00
9.820246e-01
9.456653e-01
9.071953e-01
8.666829e-01
8.241095e-01
7.798849e-01
7.337855e-01
6.860782e-01
6.368811e-01
5.862685e-01
5.343337e-01
4.811511e-01
4.269505e-01
3.717752e-01
3.158425e-01
2.592022e-01
2.019162e-01
1.441957e-01
8.616484e-02
2.794149e-02
-3.027564e-02
-8.845553e-02
-1.463995e-01
-2.040269e-01
-2.611266e-01
-3.176242e-01
-3.734451e-01
-4.284466e-01
-4.824300e-01
-5.354325e-01
-5.871687e-01
-6.375391e-01
-6.865997e-01
-7.340276e-01
-7.798290e-01
-8.238861e-01
-8.660559e-01
-9.063510e-01
-9.445975e-01
-9.806837e-01
-1.014634e+00
-1.046288e+00
-1.075533e+00
-1.102426e+00
-1.126891e+00
-1.148836e+00
-1.168204e+00
-1.184915e+00
-1.198995e+00
-1.210417e+00
-1.219183e+00
-1.225111e+00
-1.228290e+00
-1.228768e+00
-1.226489e+00
-1.221467e+00
-1.213701e+00
-1.203334e+00
-1.190124e+00
-1.174381e+00
-1.155968e+00
-1.134911e+00
-1.111446e+00
-1.085398e+00
-1.056928e+00
-1.026144e+00
-9.930621e-01
-9.578389e-01
-9.203435e-01
-8.807747e-01
-8.393870e-01
-7.960377e-01
-7.510370e-01
-7.042423e-01
-6.559081e-01
-6.061709e-01
-5.550679e-01
-5.026427e-01
-4.491994e-01
-3.946821e-01
-3.393454e-01
-2.831645e-01
-2.265179e-01
-1.692630e-01
-1.117225e-01
-5.385923e-02
4.140630e-03
6.210324e-02
1.198734e-01
1.773953e-01
2.344640e-01
2.909739e-01
3.468321e-01
4.020198e-01
4.561522e-01
5.093658e-01
5.614123e-01
6.121676e-01
6.615013e-01
7.094445e-01
7.557426e-01
8.003832e-01
8.431738e-01
8.841269e-01
9.231122e-01
9.599619e-01
9.947321e-01
1.027292e+00
1.057400e+00
1.085335e+00
1.110719e+00
1.133732e+00
1.154044e+00
1.171885e+00
1.187039e+00
1.199585e+00
1.209486e+00
1.216532e+00
1.220971e+00
1.222721e+00
1.221716e+00
1.217885e+00
1.211373e+00
1.202297e+00
1.190385e+00
1.175852e+00
1.158756e+00
1.138990e+00
1.116691e+00
1.091934e+00
1.064645e+00
1.035158e+00
1.003243e+00
9.691371e-01
9.328709e-01
8.944506e-01
8.541555e-01
8.119298e-01
7.678293e-01
7.220526e-01
6.747737e-01
6.258621e-01
5.755290e-01
5.240411e-01
4.713117e-01
4.175829e-01
3.629104e-01
3.074806e-01
2.513058e-01
1.946282e-01
1.374044e-01
7.989492e-02
2.240410e-02
-3.520467e-02
-9.271411e-02
-1.500994e-01
-2.070563e-01
-2.634732e-01
-3.192941e-01
-3.745625e-01
-4.288377e-01
-4.820823e-01
-5.344641e-01
-5.854429e-01
-6.351987e-01
-6.834709e-01
-7.302470e-01
-7.754463e-01
-8.188639e-01
-8.603633e-01
-8.999383e-01
-9.376261e-01
-9.730232e-01
-1.006390e+00
-1.037492e+00
-1.066228e+00
-1.092549e+00
-1.116462e+00
-1.137910e+00
-1.156657e+00
-1.173071e+00
-1.186703e+00
-1.197648e+00
-1.206022e+00
-1.211640e+00
-1.214601e+00
-1.214676e+00
-1.212242e+00
-1.206972e+00
-1.199038e+00
-1.188448e+00
-1.175213e+00
-1.159190e+00
-1.140734e+00
-1.119783e+00
-1.096212e+00
-1.070337e+00
-1.041893e+00
-1.011319e+00
-9.783620e-01
-9.432504e-01
-9.060779e-01
-8.667574e-01
-8.256491e-01
-7.827281e-01
-7.379447e-01
-6.916032e-01
-6.436848e-01
-5.943760e-01
-5.437386e-01
-4.918038e-01
-4.388695e-01
-3.849544e-01
-3.302075e-01
-2.746970e-01
-2.185595e-01
-1.620743e-01
-1.050553e-01
-4.792453e-02
9.324177e-03
6.654185e-02
1.235174e-01
1.803378e-01
2.366119e-01
2.924079e-01
3.476639e-01
4.019701e-01
4.554445e-01
5.077269e-01
5.591092e-01
6.091444e-01
6.576897e-01
7.048383e-01
7.504659e-01
7.943181e-01
8.364135e-01
8.766030e-01
9.148620e-01
9.510537e-01
9.852030e-01
1.017124e+00
1.046667e+00
1.073863e+00
1.098713e+00
1.121136e+00
1.140952e+00
1.158278e+00
1.173108e+00
1.185096e+00
1.194594e+00
1.201385e+00
1.205482e+00
1.206897e+00
1.205625e+00
1.201596e+00
1.194885e+00
1.185561e+00
1.173648e+00
1.159016e+00
1.141814e+00
1.122086e+00
1.099887e+00
1.075223e+00
1.048045e+00
1.018614e+00
9.869723e-01
9.530961e-01
9.170533e-01
8.790365e-01
8.390456e-01
7.971116e-01
7.534891e-01
7.082154e-01
6.612903e-01
6.129312e-01
5.631754e-01
5.121655e-01
4.601066e-01
4.070295e-01
3.530586e-01
2.982247e-01
2.428011e-01
1.867505e-01
1.303647e-01
7.371811e-02
1.681704e-02
-3.995987e-02
-9.671196e-02
-1.531040e-01
-2.092725e-01
-2.649258e-01
-3.199397e-01
-3.742645e-01
-4.277637e-01
-4.801889e-01
-5.316395e-01
-5.817803e-01
-6.307912e-01
-6.781880e-01
-7.241012e-01
-7.684562e-01
-8.110731e-01
-8.518896e-01
-8.907321e-01
-9.275446e-01
-9.624327e-01
-9.949617e-01
-1.025380e+00
-1.053477e+00
-1.079221e+00
-1.102513e+00
-1.123390e+00
-1.141740e+00
-1.157489e+00
-1.170675e+00
-1.181365e+00
-1.189261e+00
-1.194494e+00
-1.197039e+00
-1.197008e+00
-1.194227e+00
-1.188839e+00
-1.180756e+00
-1.169973e+00
-1.156657e+00
-1.140815e+00
-1.122291e+00
-1.101377e+00
-1.077923e+00
-1.052124e+00
-1.023952e+00
-9.934719e-01
-9.608248e-01
-9.260175e-01
-8.891305e-01
-8.503439e-01
-8.095894e-01
-7.670905e-01
-7.228410e-01
-6.770023e-01
-6.296613e-01
-5.809608e-01
-5.309256e-01
-4.796799e-01
-4.274161e-01
-3.743266e-01
-3.202129e-01
-2.655528e-01
-2.102037e-01
-1.544325e-01
-9.828875e-02
-4.201467e-02
1.437115e-02
7.064523e-02
1.268262e-01
1.827154e-01
2.381266e-01
2.930660e-01
3.472728e-01
4.006292e-01
4.532407e-01
5.046664e-01
5.549748e-01
6.041533e-01
6.519164e-01
6.981959e-01
7.428179e-01
7.857823e-01
8.271762e-01
8.665029e-01
9.040293e-01
9.395009e-01
9.727439e-01
1.003907e+00
1.032842e+00
1.059443e+00
1.083510e+00
1.105436e+00
1.124761e+00
1.141423e+00
1.155788e+00
1.167428e+00
1.176367e+00
1.182886e+00
1.186623e+00
1.187790e+00
1.186207e+00
1.182016e+00
1.175182e+00
1.165770e+00
1.153690e+00
1.139071e+00
1.121869e+00
1.102121e+00
1.080034e+00
1.055544e+00
1.028664e+00
9.994500e-01
9.680880e-01
9.344725e-01
8.989016e-01
8.612697e-01
8.216885e-01
7.804001e-01
7.372122e-01
6.925902e-01
6.461804e-01
5.985104e-01
5.494684e-01
4.992346e-01
4.478523e-01
3.954519e-01
3.423686e-01
2.883480e-01
2.337438e-01
1.786741e-01
1.231263e-01
6.734887e-02
1.152796e-02
-4.442331e-02
-1.001014e-01
-1.557547e-01
-2.108742e-01
-2.654721e-01
-3.195486e-01
-3.728678e-01
-4.253799e-01
-4.769609e-01
-5.273685e-01
-5.766215e-01
-6.245461e-01
-6.711111e-01
-7.160496e-01
-7.594611e-01
-8.011964e-01
-8.411004e-01
-8.791048e-01
-9.151724e-01
-9.492224e-01
-9.811307e-01
-1.010699e+00
-1.038075e+00
-1.063229e+00
-1.085714e+00
-1.106063e+00
-1.123880e+00
-1.139083e+00
-1.151809e+00
-1.161897e+00
-1.169526e+00
-1.174499e+00
-1.176640e+00
-1.176318e+00
-1.173325e+00
-1.167788e+00
-1.159563e+00
-1.148817e+00
-1.135420e+00
-1.119503e+00
-1.101184e+00
-1.080301e+00
-1.057028e+00
-1.031439e+00
-1.003541e+00
-9.733833e-01
-9.410529e-01
-9.067111e-01
-8.702897e-01
-8.318631e-01
-7.917294e-01
-7.497396e-01
-7.061357e-01
-6.609985e-01
-6.143962e-01
-5.663165e-01
-5.169766e-01
-4.667055e-01
-4.151370e-01
-3.628483e-01
-3.096533e-01
-2.558624e-01
-2.015251e-01
-1.466354e-01
-9.159670e-02
-3.617930e-02
1.916361e-02
7.444443e-02
1.295949e-01
1.844784e-01
2.389646e-01
2.926687e-01
3.458450e-01
3.983199e-01
4.497519e-01
5.003334e-01
5.495926e-01
5.976972e-01
6.444670e-01
6.897843e-01
7.335558e-01
7.756263e-01
8.159090e-01
8.544907e-01
8.910114e-01
9.256450e-01
9.581989e-01
9.885366e-01
1.016720e+00
1.042601e+00
1.066097e+00
1.087272e+00
1.106001e+00
1.122216e+00
1.136010e+00
1.147172e+00
1.155801e+00
1.161791e+00
1.165218e+00
1.166106e+00
1.164312e+00
1.159917e+00
1.152926e+00
1.143497e+00
1.131354e+00
1.116729e+00
1.099700e+00
1.080146e+00
1.058158e+00
1.033829e+00
1.007179e+00
9.783682e-01
9.473228e-01
9.142474e-01
8.790241e-01
8.418391e-01
8.028477e-01
7.621367e-01
7.196067e-01
6.755683e-01
6.299841e-01
5.830032e-01
5.348614e-01
4.853601e-01
4.348282e-01
3.834087e-01
3.311635e-01
2.780492e-01
2.245004e-01
1.703245e-01
1.158569e-01
6.108516e-02
6.245088e-03
-4.858877e-02
-1.033543e-01
-1.577847e-01
-2.118426e-01
-2.653418e-01
-3.183195e-01
-3.706329e-01
-4.220090e-01
-4.724353e-01
-5.218994e-01
-5.701095e-01
-6.169539e-01
-6.625008e-01
-7.065206e-01
-7.489822e-01
-7.897305e-01
-8.286847e-01
-8.658014e-01
-9.010123e-01
-9.340690e-01
-9.652386e-01
-9.939995e-01
-1.020786e+00
-1.045121e+00
-1.067122e+00
-1.086776e+00
-1.103897e+00
-1.118672e+00
-1.130882e+00
-1.140623e+00
-1.147737e+00
-1.152306e+00
-1.154255e+00
-1.153690e+00
-1.150487e+00
-1.144682e+00
-1.136432e+00
-1.125618e+00
-1.112333e+00
-1.096454e+00
-1.078178e+00
-1.057493e+00
-1.034499e+00
-1.009109e+00
-9.814907e-01
-9.517986e-01
-9.199027e-01
-8.859396e-01
-8.500149e-01
-8.122650e-01
-7.727459e-01
-7.314265e-01
-6.883627e-01
-6.440759e-01
-5.980883e-01
-5.508900e-01
-5.025123e-01
-4.529862e-01
-4.025040e-01
-3.509727e-01
-2.989013e-01
-2.460478e-01
-1.926728e-01
-1.387949e-01
-8.480532e-02
-3.044946e-02
2.373878e-02
7.795807e-02
1.320904e-01
1.857883e-01
2.390950e-01
2.917872e-01
3.438709e-01
3.951663e-01
4.455368e-01
4.949760e-01
5.431426e-01
5.901857e-01
6.358878e-01
6.802366e-01
7.229217e-01
7.640238e-01
8.034374e-01
8.410632e-01
8.767458e-01
9.103675e-01
9.421144e-01
9.717010e-01
9.989658e-01
1.024269e+00
1.047002e+00
1.067575e+00
1.085658e+00
1.101370e+00
1.114599e+00
1.125233e+00
1.133484e+00
1.139176e+00
1.142299e+00
1.142919e+00
1.140914e+00
1.136389e+00
1.129275e+00
1.119640e+00
1.107597e+00
1.093095e+00
1.076073e+00
1.056724e+00
1.035021e+00
1.010922e+00
9.846319e-01
9.561503e-01
9.255395e-01
8.928303e-01
8.581782e-01
8.215643e-01
7.832557e-01
7.430972e-01
7.013371e-01
6.580063e-01
6.131795e-01
5.670242e-01
5.197453e-01
4.711751e-01
4.215621e-01
3.710551e-01
3.196852e-01
2.676573e-01
2.150955e-01
1.619688e-01
1.085379e-01
5.486490e-02
1.229153e-03
-5.260525e-02
-1.061355e-01
-1.594112e-01
-2.123827e-01
-2.648824e-01
-3.166496e-01
-3.677339e-01
-4.180671e-01
-4.673822e-01
-5.156916e-01
-5.627346e-01
-6.086788e-01
-6.531642e-01
-6.961659e-01
-7.375536e-01
-7.772962e-01
-8.153068e-01
-8.516103e-01
-8.857224e-01
-9.181707e-01
-9.482415e-01
-9.763693e-01
-1.002244e+00
-1.025939e+00
-1.047281e+00
-1.066246e+00
-1.082964e+00
-1.097124e+00
-1.108913e+00
-1.118175e+00
-1.124817e+00
-1.129076e+00
-1.130839e+00
-1.130063e+00
-1.126642e+00
-1.120832e+00
-1.112389e+00
-1.101557e+00
-1.088241e+00
-1.072547e+00
-1.054414e+00
-1.033972e+00
-1.011195e+00
-9.861280e-01
-9.589625e-01
-9.295746e-01
-8.981380e-01
-8.646530e-01
-8.293552e-01
-7.922012e-01
-7.532346e-01
-7.126229e-01
-6.704158e-01
-6.267747e-01
-5.816809e-01
-5.353146e-01
-4.878494e-01
-4.391427e-01
-3.896476e-01
-3.390537e-01
-2.879693e-01
-2.361773e-01
-1.838700e-01
-1.311096e-01
-7.820638e-02
-2.498035e-02
2.812152e-02
8.127926e-02
1.342384e-01
1.867505e-01
2.388715e-01
2.904773e-01
3.414313e-01
3.916155e-01
4.408436e-01
4.891034e-01
5.362519e-01
5.822645e-01
6.268430e-01
6.700495e-01
7.117973e-01
7.519248e-01
7.902830e-01
8.268658e-01
8.617104e-01
8.945499e-01
9.254029e-01
9.541452e-01
9.807396e-01
1.005174e+00
1.027261e+00
1.047263e+00
1.064682e+00
1.079873e+00
1.092624e+00
1.102897e+00
1.110757e+00
1.116077e+00
1.118883e+00
1.119187e+00
1.117045e+00
1.112333e+00
1.105256e+00
1.095572e+00
1.083560e+00
1.069083e+00
1.052136e+00
1.032960e+00
1.011419e+00
9.876862e-01
9.617498e-01
9.336469e-01
9.035078e-01
8.712891e-01
8.371957e-01
8.011778e-01
7.634589e-01
7.239957e-01
6.829246e-01
6.404444e-01
5.963501e-01
5.510701e-01
5.045485e-01
4.569282e-01
4.083332e-01
3.587946e-01
3.084614e-01
2.574454e-01
2.058768e-01
1.538489e-01
1.014299e-01
4.891779e-02
-3.724705e-03
-5.626787e-02
-1.086931e-01
-1.609259e-01
-2.127179e-01
-2.639760e-01
-3.147810e-01
-3.646300e-01
-4.138892e-01
-4.620931e-01
-5.092354e-01
-5.552541e-01
-6.000934e-01
-6.434862e-01
-6.853953e-01
-7.257773e-01
-7.646384e-01
-8.016930e-01
-8.369598e-01
-8.703890e-01
-9.017138e-01
-9.311638e-01
-9.584721e-01
-9.836883e-01
-1.006626e+00
-1.027292e+00
-1.045674e+00
-1.061808e+00
-1.075453e+00
-1.086658e+00
-1.095541e+00
-1.101941e+00
-1.105790e+00
-1.107404e+00
-1.106330e+00
-1.102823e+00
-1.096863e+00
-1.088433e+00
-1.077613e+00
-1.064322e+00
-1.048691e+00
-1.030738e+00
-1.010457e+00
-9.879655e-01
-9.632583e-01
-9.364839e-01
-9.075119e-01
-8.765844e-01
-8.437139e-01
-8.089190e-01
-7.722927e-01
-7.340276e-01
-6.940242e-01
-6.526490e-01
-6.097093e-01
-5.655095e-01
-5.200122e-01
-4.732858e-01
-4.255972e-01
-3.769587e-01
-3.274822e-01
-2.773415e-01
-2.265986e-01
-1.753032e-01
-1.236974e-01
-7.179368e-02
-1.978439e-02
3.243597e-02
8.429628e-02
1.362187e-01
1.875885e-01
2.386356e-01
2.890619e-01
3.388426e-01
3.879652e-01
4.360760e-01
4.832742e-01
5.292930e-01
5.742315e-01
6.177671e-01
6.599742e-01
7.006790e-01
7.398133e-01
7.772031e-01
8.130906e-01
8.469171e-01
8.789186e-01
9.088962e-01
9.369246e-01
9.627120e-01
9.865067e-01
1.007973e+00
1.027162e+00
1.044109e+00
1.058822e+00
1.071008e+00
1.080940e+00
1.088290e+00
1.093325e+00
1.095858e+00
1.095988e+00
1.093654e+00
1.088843e+00
1.081549e+00
1.071982e+00
1.060001e+00
1.045549e+00
1.028739e+00
1.009811e+00
9.886173e-01
9.651393e-01
9.395133e-01
9.117518e-01
8.820597e-01
8.503935e-01
8.167470e-01
7.814120e-01
7.442581e-01
7.054777e-01
6.650833e-01
6.233045e-01
5.800669e-01
5.356746e-01
4.899663e-01
4.431902e-01
3.954643e-01
3.468817e-01
2.975667e-01
2.475625e-01
1.969686e-01
1.460208e-01
9.462612e-02
4.321899e-02
-8.355754e-03
-5.990567e-02
-1.112507e-01
-1.623475e-01
-2.130097e-01
-2.631193e-01
-3.127572e-01
-3.616875e-01
-4.097237e-01
-4.569530e-01
-5.030338e-01
-5.480096e-01
-5.917563e-01
-6.341806e-01
-6.751214e-01
-7.145225e-01
-7.524090e-01
-7.886131e-01
-8.229983e-01
-8.555212e-01
-8.860824e-01
-9.147564e-01
-9.413260e-01
-9.656980e-01
-9.881517e-01
-1.008116e+00
-1.025939e+00
-1.041508e+00
-1.054743e+00
-1.065539e+00
-1.073938e+00
-1.080028e+00
-1.083572e+00
-1.084820e+00
-1.083678e+00
-1.079972e+00
-1.073957e+00
-1.065570e+00
-1.054650e+00
-1.041440e+00
-1.025852e+00
-1.008234e+00
-9.881393e-01
-9.658283e-01
-9.414874e-01
-9.149427e-01
-8.864363e-01
-8.559682e-01
-8.235695e-01
-7.892898e-01
-7.533402e-01
-7.156648e-01
-6.764250e-01
-6.357140e-01
-5.935069e-01
-5.500520e-01
-5.054052e-01
-4.595044e-01
-4.127656e-01
-3.649776e-01
-3.165068e-01
-2.672600e-01
-2.174421e-01
-1.671772e-01
-1.165336e-01
-6.566034e-02
-1.469396e-02
3.639657e-02
8.726983e-02
1.380313e-01
1.885880e-01
2.383997e-01
2.878824e-01
3.366140e-01
3.845758e-01
4.317305e-01
4.778175e-01
5.228306e-01
5.668007e-01
6.094548e-01
6.505818e-01
6.903306e-01
7.286454e-01
7.651102e-01
8.000231e-01
8.330985e-01
8.641998e-01
8.935194e-01
9.206973e-01
9.458888e-01
9.690378e-01
9.898341e-01
1.008588e+00
1.024946e+00
1.039037e+00
1.050863e+00
1.060287e+00
1.067389e+00
1.072119e+00
1.074428e+00
1.074261e+00
1.071747e+00
1.066830e+00
1.059579e+00
1.049858e+00
1.037963e+00
1.023642e+00
1.007048e+00
9.881393e-01
9.671320e-01
9.439643e-01
9.186860e-01
8.913715e-01
8.620084e-01
8.308202e-01
7.976641e-01
7.628692e-01
7.263236e-01
6.881082e-01
6.484338e-01
6.073938e-01
5.648453e-01
5.211793e-01
4.762904e-01
4.303896e-01
3.835266e-01
3.357697e-01
2.873423e-01
2.382011e-01
1.886439e-01
1.385838e-01
8.826929e-02
3.774988e-02
-1.279436e-02
-6.336343e-02
-1.136594e-01
-1.637939e-01
-2.134256e-01
-2.625855e-01
-3.112053e-01
-3.591484e-01
-4.061666e-01
-4.523530e-01
-4.974902e-01
-5.414914e-01
-5.842944e-01
-6.257690e-01
-6.658034e-01
-7.042920e-01
-7.413404e-01
-7.766382e-01
-8.102661e-01
-8.420067e-01
-8.719099e-01
-8.998390e-01
-9.256822e-01
-9.495576e-01
-9.712912e-01
-9.907156e-01
-1.008004e+00
-1.023089e+00
-1.035778e+00
-1.046207e+00
-1.054358e+00
-1.059995e+00
-1.063378e+00
-1.064303e+00
-1.062956e+00
-1.059176e+00
-1.053005e+00
-1.044575e+00
-1.033755e+00
-1.020644e+00
-1.005205e+00
-9.874316e-01
-9.677217e-01
-9.457336e-01
-9.216161e-01
-8.953942e-01
-8.672913e-01
-8.371770e-01
-8.051384e-01
-7.713988e-01
-7.360079e-01
-6.988415e-01
-6.602908e-01
-6.201261e-01
-5.786639e-01
-5.359167e-01
-4.918721e-01
-4.469335e-01
-4.008651e-01
-3.538345e-01
-3.062701e-01
-2.578054e-01
-2.089559e-01
-1.594981e-01
-1.097608e-01
-5.976909e-02
-9.820805e-03
4.035718e-02
9.030547e-02
1.401296e-01
1.895875e-01
2.384991e-01
2.869885e-01
3.348137e-01
3.817822e-01
4.281051e-01
4.732610e-01
5.173429e-01
5.603135e-01
6.020489e-01
6.424495e-01
6.814037e-01
7.187314e-01
7.545693e-01
7.885696e-01
8.209187e-01
8.514178e-01
8.799863e-01
9.065186e-01
9.311265e-01
9.535927e-01
9.738613e-01
9.921123e-01
1.008060e+00
1.021643e+00
1.033047e+00
1.042148e+00
1.048840e+00
1.053353e+00
1.055376e+00
1.055072e+00
1.052366e+00
1.047337e+00
1.040062e+00
1.030334e+00
1.018359e+00
1.004062e+00
9.876737e-01
9.690006e-01
9.481670e-01
9.252042e-01
9.001121e-01
8.731267e-01
8.442416e-01
8.133389e-01
7.806857e-01
7.462570e-01
7.102639e-01
6.726258e-01
6.335040e-01
5.929730e-01
5.511446e-01
5.080746e-01
4.639430e-01
4.187748e-01
3.725139e-01
3.255889e-01
2.780182e-01
2.296467e-01
1.808530e-01
1.316683e-01
8.218561e-02
3.249184e-02
-1.712123e-02
-6.682120e-02
-1.162791e-01
-1.655073e-01
-2.141954e-01
-2.625482e-01
-3.102307e-01
-3.572923e-01
-4.035407e-01
-4.487710e-01
-4.930888e-01
-5.362333e-01
-5.782232e-01
-6.188349e-01
-6.580374e-01
-6.959052e-01
-7.321466e-01
-7.666932e-01
-7.995637e-01
-8.306402e-01
-8.598729e-01
-8.871067e-01
-9.123726e-01
-9.358383e-01
-9.568394e-01
-9.758975e-01
-9.927455e-01
-1.007297e+00
-1.019576e+00
-1.029713e+00
-1.037510e+00
-1.042930e+00
-1.046009e+00
-1.046785e+00
-1.045183e+00
-1.041285e+00
-1.035040e+00
-1.026504e+00
-1.015696e+00
-1.002579e+00
-9.872330e-01
-9.697765e-01
-9.500170e-01
-9.282461e-01
-9.043086e-01
-8.783909e-01
-8.505239e-01
-8.207573e-01
-7.890849e-01
-7.558109e-01
-7.208980e-01
-6.841786e-01
-6.461121e-01
-6.064378e-01
-5.655654e-01
-5.234203e-01
-4.800027e-01
-4.355918e-01
-3.902125e-01
-3.439144e-01
-2.969583e-01
-2.493628e-01
-2.011465e-01
-1.525267e-01
-1.034909e-01
-5.438690e-02
-4.991104e-03
4.417500e-02
9.345905e-02
1.424451e-01
1.909966e-01
2.392874e-01
2.868271e-01
3.338515e-01
3.801682e-01
4.255475e-01
4.698591e-01
5.132705e-01
5.554900e-01
5.965053e-01
6.360616e-01
6.742585e-01
7.109530e-01
7.461018e-01
7.794627e-01
8.112034e-01
8.410383e-01
8.690481e-01
8.950155e-01
9.190274e-01
9.409722e-01
9.608248e-01
9.785917e-01
9.941609e-01
1.007359e+00
1.018409e+00
1.027149e+00
1.033643e+00
1.037759e+00
1.039677e+00
1.039149e+00
1.036343e+00
1.031234e+00
1.023853e+00
1.014076e+00
1.002051e+00
9.879903e-01
9.715396e-01
9.529098e-01
9.321694e-01
9.093991e-01
8.845987e-01
8.577560e-01
8.291565e-01
7.985953e-01
7.662214e-01
7.323204e-01
6.965508e-01
6.594652e-01
6.207220e-01
5.806442e-01
5.393993e-01
4.967639e-01
4.532904e-01
4.085132e-01
3.630532e-01
3.166992e-01
2.696003e-01
2.219986e-01
1.738878e-01
1.253115e-01
7.648681e-02
2.755040e-02
-2.151017e-02
-7.027897e-02
-1.191471e-01
-1.675434e-01
-2.156604e-01
-2.632187e-01
-3.102803e-01
-3.564542e-01
-4.021005e-01
-4.465548e-01
-4.901773e-01
-5.326017e-01
-5.739273e-01
-6.138748e-01
-6.525248e-01
-6.897719e-01
-7.253180e-01
-7.592686e-01
-7.915680e-01
-8.220672e-01
-8.507039e-01
-8.775156e-01
-9.022414e-01
-9.251111e-01
-9.457149e-01
-9.643695e-01
-9.807892e-01
-9.949493e-01
-1.007036e+00
-1.016838e+00
-1.024244e+00
-1.029446e+00
-1.032352e+00
-1.032929e+00
-1.031122e+00
-1.027149e+00
-1.020762e+00
-1.012263e+00
-1.001343e+00
-9.882821e-01
-9.729363e-01
-9.553805e-01
-9.357886e-01
-9.140674e-01
-8.903845e-01
-8.646157e-01
-8.369908e-01
-8.074911e-01
-7.761602e-01
-7.430724e-01
-7.084264e-01
-6.720423e-01
-6.343420e-01
-5.950961e-01
-5.546520e-01
-5.129415e-01
-4.699646e-01
-4.260628e-01
-3.811925e-01
-3.353972e-01
-2.890309e-01
-2.418265e-01
-1.942123e-01
-1.462567e-01
-9.775488e-02
-4.925301e-02
-4.780038e-04
4.815422e-02
9.664988e-02
1.451580e-01
1.930949e-01
2.405787e-01
2.877521e-01
3.340253e-01
3.797274e-01
4.244611e-01
4.683071e-01
5.110233e-01
5.526220e-01
5.930413e-01
6.320017e-01
6.696957e-01
7.058502e-01
7.403471e-01
7.732611e-01
8.043872e-01
8.338745e-01
8.612448e-01
8.868336e-01
9.104109e-01
9.319894e-01
9.514137e-01
9.686964e-01
9.839304e-01
9.970227e-01
1.007613e+00
1.016099e+00
1.022357e+00
1.026193e+00
1.027863e+00
1.027230e+00
1.024288e+00
1.018967e+00
1.011462e+00
1.001703e+00
9.897223e-01
9.754319e-01
9.591301e-01
9.405624e-01
9.199586e-01
8.972627e-01
8.724872e-01
8.458556e-01
8.173492e-01
7.870115e-01
7.548921e-01
7.212270e-01
6.857802e-01
6.488560e-01
6.104915e-01
5.707737e-01
5.298206e-01
4.876383e-01
4.444069e-01
4.001450e-01
3.550699e-01
3.090387e-01
2.624986e-01
2.153438e-01
1.676490e-01
1.195941e-01
7.125981e-02
2.287589e-02
-2.565701e-02
-7.398505e-02
-1.223255e-01
-1.702563e-01
-2.178207e-01
-2.648513e-01
-3.113108e-01
-3.570067e-01
-4.021502e-01
-4.460893e-01
-4.892338e-01
-5.310994e-01
-5.719408e-01
-6.114289e-01
-6.495885e-01
-6.862706e-01
-7.213201e-01
-7.548487e-01
-7.866825e-01
-8.167905e-01
-8.450113e-01
-8.713574e-01
-8.957108e-01
-9.180404e-01
-9.385387e-01
-9.567277e-01
-9.727811e-01
-9.868667e-01
-9.985313e-01
-1.007936e+00
-1.015206e+00
-1.020141e+00
-1.022823e+00
-1.023232e+00
-1.021413e+00
-1.017242e+00
-1.010699e+00
-1.002095e+00
-9.910881e-01
-9.778840e-01
-9.625692e-01
-9.451314e-01
-9.255084e-01
-9.038182e-01
-8.801726e-01
-8.545280e-01
-8.269341e-01
-7.975586e-01
-7.664139e-01
-7.335123e-01
-6.990153e-01
-6.628919e-01
-6.253593e-01
-5.863244e-01
-5.461472e-01
-5.046540e-01
-4.620062e-01
-4.183775e-01
-3.737927e-01
-3.283948e-01
-2.822767e-01
-2.355069e-01
-1.883335e-01
-1.405952e-01
-9.258995e-02
-4.446056e-02
3.948187e-03
