4,143921e-02
1,199699e-01
1,972321e-01
2,731828e-01
3,477393e-01
4,204128e-01
4,906939e-01
5,579853e-01
6,222611e-01
6,830258e-01
7,399161e-01
7,924552e-01
8,406208e-01
8,839774e-01
9,223598e-01
9,554065e-01
9,830607e-01
1,005180e+00
1,021629e+00
1,032144e+00
1,036812e+00
1,035593e+00
1,028593e+00
1,015753e+00
9,969886e-01
9,726269e-01
9,428040e-01
9,075628e-01
8,671236e-01
8,218530e-01
7,718991e-01
7,175544e-01
6,591220e-01
5,969167e-01
5,313809e-01
4,627849e-01
3,914814e-01
3,179611e-01
2,428676e-01
1,663593e-01
8,848087e-02
1,062142e-02
-6,736712e-02
-1,454796e-01
-2,223287e-01
-2,978422e-01
-3,718221e-01
-4,438106e-01
-5,131002e-01
-5,794243e-01
-6,425367e-01
-7,021085e-01
-7,575513e-01
-8,087083e-01
-8,552870e-01
-8,969912e-01
-9,336370e-01
-9,648936e-01
-9,906942e-01
-1,010989e+00
-1,025441e+00
-1,033987e+00
-1,036732e+00
-1,033646e+00
-1,024646e+00
-1,009765e+00
-9,891314e-01
-9,629195e-01
-9,313306e-01
-8,943010e-01
-8,521699e-01
-8,053193e-01
-7,538835e-01
-6,980913e-01
-6,383439e-01
-5,750284e-01
-5,084857e-01
-4,389878e-01
-3,668444e-01
-2,927130e-01
-2,171376e-01
-1,401646e-01
-6,191957e-02
1,535296e-02
9,384236e-02
1,716416e-01
2,479674e-01
3,230696e-01
3,963765e-01
4,675818e-01
5,358818e-01
6,011835e-01
6,632150e-01
7,213806e-01
7,754378e-01
8,251077e-01
8,700771e-01
9,101411e-01
9,449864e-01
9,744152e-01
9,984447e-01
1,016756e+00
1,029299e+00
1,035915e+00
1,036701e+00
1,031565e+00
1,020701e+00
1,003820e+00
9,813499e-01
9,533376e-01
9,199243e-01
8,811805e-01
8,374538e-01
7,890145e-01
7,361432e-01
6,789948e-01
6,179926e-01
5,535532e-01
4,860002e-01
4,155384e-01
3,426807e-01
2,680227e-01
1,920428e-01
1,146119e-01
3,603297e-02
-4,101580e-02
-1,195809e-01
-1,968535e-01
-2,728334e-01
-3,473417e-01
-4,200875e-01
-4,903083e-01
-5,576806e-01
-6,218773e-01
-6,826815e-01
-7,396080e-01
-7,921815e-01
-8,402610e-01
-8,836504e-01
-9,220241e-01
-9,550416e-01
-9,826786e-01
-1,004863e+00
-1,021233e+00
-1,031805e+00
-1,036540e+00
-1,035264e+00
-1,028249e+00
-1,015364e+00
-9,965720e-01
-9,722672e-01
-9,424632e-01
-9,072134e-01
-8,667587e-01
-8,214537e-01
-7,715514e-01
-7,171861e-01
-6,586883e-01
-5,965088e-01
-5,310005e-01
-4,624613e-01
-3,911441e-01
-3,175962e-01
-2,424924e-01
-1,660030e-01
-8,818139e-02
-1,025481e-02
6,766660e-02
1,458341e-01
2,226282e-01
2,981485e-01
3,721715e-01
4,440825e-01
5,134221e-01
5,797582e-01
6,428775e-01
7,024252e-01
7,579059e-01
8,090233e-01
8,556123e-01
8,973406e-01
9,339864e-01
9,652379e-01
9,910987e-01
1,011298e+00
1,025763e+00
1,034321e+00
1,037058e+00
1,033951e+00
1,024911e+00
1,010078e+00
9,894222e-01
9,632861e-01
9,316266e-01
8,947417e-01
8,525589e-01
8,057203e-01
7,542862e-01
6,984958e-01
6,387329e-01
5,754088e-01
5,088937e-01
4,393234e-01
3,672110e-01
2,931347e-01
2,175541e-01
1,405897e-01
6,233610e-02
-1,495536e-02
-9,348607e-02
-1,712354e-01
-2,475905e-01
-3,226737e-01
-3,960288e-01
-4,671653e-01
-5,355462e-01
-6,008341e-01
-6,627795e-01
-7,210708e-01
-7,751022e-01
-8,247738e-01
-8,697157e-01
-9,098347e-01
-9,446405e-01
-9,741089e-01
-9,980867e-01
-1,016431e+00
-1,028984e+00
-1,035529e+00
-1,036312e+00
-1,031280e+00
-1,020331e+00
-1,003484e+00
-9,809712e-01
-9,529745e-01
-9,195146e-01
-8,807932e-01
-8,370958e-01
-7,886686e-01
-7,357542e-01
-6,786454e-01
-6,176380e-01
-5,531591e-01
-4,856525e-01
-4,151666e-01
-3,423537e-01
-2,677129e-01
-1,916434e-01
-1,142126e-01
-3,566120e-02
4,136348e-02
1,199183e-01
1,971925e-01
2,731329e-01
3,477169e-01
4,204025e-01
4,906009e-01
5,579767e-01
6,221974e-01
6,830172e-01
7,398937e-01
7,924827e-01
8,406139e-01
8,839980e-01
9,223649e-01
9,554065e-01
9,830366e-01
1,005164e+00
1,021614e+00
1,032178e+00
1,036827e+00
1,035648e+00
1,028605e+00
1,015734e+00
9,969886e-01
9,726252e-01
9,428091e-01
9,076264e-01
8,671614e-01
8,218788e-01
7,718922e-01
7,175682e-01
6,591254e-01
5,968771e-01
5,314188e-01
4,628090e-01
3,914952e-01
3,179800e-01
2,429054e-01
1,663885e-01
8,856349e-02
1,060421e-02
-6,728966e-02
-1,454779e-01
-2,222667e-01
-2,978043e-01
-3,717377e-01
-4,437486e-01
-5,130865e-01
-5,794432e-01
-6,425195e-01
-7,020690e-01
-7,575513e-01
-8,086223e-01
-8,552164e-01
-8,969895e-01
-9,336559e-01
-9,648936e-01
-9,906993e-01
-1,010970e+00
-1,025455e+00
-1,034020e+00
-1,036707e+00
-1,033579e+00
-1,024643e+00
-1,009693e+00
-9,891417e-01
-9,629367e-01
-9,313529e-01
-8,943251e-01
-8,522284e-01
-8,053451e-01
-7,539334e-01
-6,981292e-01
-6,383525e-01
-5,750646e-01
-5,085512e-01
-4,389551e-01
-3,668410e-01
-2,927457e-01
-2,171996e-01
-1,401955e-01
-6,192818e-02
1,532025e-02
9,385096e-02
1,715658e-01
2,479468e-01
3,229835e-01
3,963696e-01
4,674854e-01
5,358577e-01
6,011250e-01
6,631461e-01
7,213428e-01
7,754189e-01
8,250836e-01
8,700513e-01
9,100946e-01
9,449830e-01
9,744118e-01
9,984464e-01
1,016779e+00
1,029302e+00
1,035887e+00
1,036695e+00
1,031608e+00
1,020689e+00
1,003849e+00
9,813602e-01
9,533634e-01
9,199725e-01
8,812235e-01
8,374865e-01
7,891281e-01
7,361914e-01
6,790395e-01
6,180081e-01
5,535825e-01
4,860123e-01
4,155418e-01
3,427289e-01
2,680829e-01
1,920686e-01
1,146635e-01
3,605191e-02
-4,095556e-02
-1,194897e-01
-1,968345e-01
-2,727439e-01
-3,473279e-01
-4,200410e-01
-4,902860e-01
-5,576221e-01
-6,218463e-01
-6,826213e-01
-7,395288e-01
-7,921195e-01
-8,402128e-01
-8,835918e-01
-9,220018e-01
-9,550485e-01
-9,826924e-01
-1,004827e+00
-1,021214e+00
-1,031810e+00
-1,036478e+00
-1,035285e+00
-1,028290e+00
-1,015304e+00
-9,966564e-01
-9,722689e-01
-9,424838e-01
-9,072443e-01
-8,667810e-01
-8,215088e-01
-7,715445e-01
-7,172016e-01
-6,587278e-01
-5,965707e-01
-5,310763e-01
-4,625095e-01
-3,911389e-01
-3,176599e-01
-2,425646e-01
-1,660477e-01
-8,812975e-02
-1,024104e-02
6,770447e-02
1,458273e-01
2,225989e-01
2,980969e-01
3,721353e-01
4,440464e-01
5,133636e-01
5,796842e-01
6,428379e-01
7,024201e-01
7,578697e-01
8,090164e-01
8,555830e-01
8,973165e-01
9,339382e-01
9,652035e-01
9,910591e-01
1,011302e+00
1,025763e+00
1,034342e+00
1,037030e+00
1,033918e+00
1,024922e+00
1,010118e+00
9,894360e-01
9,633325e-01
9,316473e-01
8,947589e-01
8,526518e-01
8,057513e-01
7,543499e-01
6,984975e-01
6,387776e-01
5,754363e-01
5,089023e-01
4,393510e-01
3,672799e-01
2,931588e-01
2,176040e-01
1,406723e-01
6,234298e-02
-1,491405e-02
-9,342411e-02
-1,711682e-01
-2,475785e-01
-3,226582e-01
-3,960494e-01
-4,671274e-01
-5,355152e-01
-6,007859e-01
-6,627571e-01
-7,210777e-01
-7,750902e-01
-8,246929e-01
-8,697191e-01
-9,097882e-01
-9,446749e-01
-9,741003e-01
-9,980436e-01
-1,016367e+00
-1,028922e+00
-1,035557e+00
-1,036337e+00
-1,031238e+00
-1,020342e+00
-1,003445e+00
-9,810332e-01
-9,529727e-01
-9,195577e-01
-8,808276e-01
-8,370941e-01
-7,886978e-01
-7,358437e-01
-6,786695e-01
-6,176449e-01
-5,532262e-01
-4,857128e-01
-4,152251e-01
-3,423554e-01
-2,677834e-01
-1,917088e-01
-1,142711e-01
-3,570251e-02
4,130840e-02
1,198701e-01
1,971702e-01
2,730847e-01
3,476480e-01
4,203612e-01
4,905786e-01
5,579302e-01
6,221596e-01
6,829759e-01
7,398472e-01
7,924448e-01
8,405777e-01
8,839516e-01
9,223271e-01
9,554099e-01
9,830797e-01
1,005202e+00
1,021591e+00
1,032130e+00
1,036769e+00
1,035664e+00
1,028588e+00
1,015700e+00
9,969369e-01
9,726063e-01
9,428005e-01
9,076350e-01
8,672165e-01
8,218633e-01
7,719318e-01
7,175889e-01
6,591185e-01
5,969184e-01
5,314549e-01
4,628537e-01
3,915572e-01
3,180540e-01
2,429278e-01
1,664918e-01
8,861857e-02
1,069371e-02
-6,725007e-02
-1,453780e-01
-2,222323e-01
-2,977854e-01
-3,717687e-01
-4,437589e-01
-5,130314e-01
-5,793796e-01
-6,424747e-01
-7,020569e-01
-7,575324e-01
-8,086291e-01
-8,551923e-01
-8,969344e-01
-9,336559e-01
-9,648747e-01
-9,906821e-01
-1,010934e+00
-1,025402e+00
-1,034049e+00
-1,036744e+00
-1,033634e+00
-1,024586e+00
-1,009834e+00
-9,890849e-01
-9,629401e-01
-9,313202e-01
-8,943423e-01
-8,522198e-01
-8,053503e-01
-7,539110e-01
-6,981567e-01
-6,384162e-01
-5,750869e-01
-5,085701e-01
-4,390240e-01
-3,668754e-01
-2,928060e-01
-2,171806e-01
-1,402747e-01
-6,195227e-02
1,522387e-02
9,383547e-02
1,715262e-01
2,479227e-01
3,229628e-01
3,963059e-01
4,674545e-01
5,357734e-01
6,010338e-01
6,630824e-01
7,213703e-01
7,753845e-01
8,250647e-01
8,700754e-01
9,101342e-01
9,449623e-01
9,744393e-01
9,984567e-01
1,016751e+00
1,029311e+00
1,035874e+00
1,036708e+00
1,031617e+00
1,020700e+00
1,003904e+00
9,813464e-01
9,533669e-01
9,199088e-01
8,812321e-01
8,375071e-01
7,891092e-01
7,362086e-01
6,790602e-01
6,180546e-01
5,536410e-01
4,860191e-01
4,155918e-01
3,427874e-01
2,680657e-01
1,920359e-01
1,146738e-01
3,611215e-02
-4,095556e-02
-1,194587e-01
-1,967967e-01
-2,727112e-01
-3,472797e-01
-4,199825e-01
-4,902515e-01
-5,576014e-01
-6,218153e-01
-6,826058e-01
-7,395185e-01
-7,920886e-01
-8,401853e-01
-8,835832e-01
-9,219845e-01
-9,550433e-01
-9,826597e-01
-1,004839e+00
-1,021269e+00
-1,031884e+00
-1,036450e+00
-1,035293e+00
-1,028238e+00
-1,015371e+00
-9,965892e-01
-9,723257e-01
-9,424735e-01
-9,072684e-01
-8,668344e-01
-8,214950e-01
-7,715772e-01
-7,172171e-01
-6,587364e-01
-5,965380e-01
-5,310900e-01
-4,624992e-01
-3,911785e-01
-3,176427e-01
-2,425784e-01
-1,660804e-01
-8,822441e-02
-1,030645e-02
6,761841e-02
1,457498e-01
2,225817e-01
2,980177e-01
3,720768e-01
4,440532e-01
5,133550e-01
5,797118e-01
6,428017e-01
7,023598e-01
7,578542e-01
8,089803e-01
8,555606e-01
8,973114e-01
9,339571e-01
9,651949e-01
9,910367e-01
1,011271e+00
1,025767e+00
1,034359e+00
1,037085e+00
1,033927e+00
1,025015e+00
1,010102e+00
9,895203e-01
9,633016e-01
9,316903e-01
8,947348e-01
8,526381e-01
8,057548e-01
7,543723e-01
6,985285e-01
6,388155e-01
5,754639e-01
5,089281e-01
4,393906e-01
3,672850e-01
2,931588e-01
2,176333e-01
1,406344e-01
6,239806e-02
-1,491233e-02
-9,342239e-02
-1,711459e-01
-2,475871e-01
-3,226289e-01
-3,960099e-01
-4,671292e-01
-5,354980e-01
-6,007188e-01
-6,627175e-01
-7,210157e-01
-7,750523e-01
-8,246361e-01
-8,696657e-01
-9,097659e-01
-9,446491e-01
-9,740899e-01
-9,980316e-01
-1,016381e+00
-1,028918e+00
-1,035595e+00
-1,036349e+00
-1,031278e+00
-1,020278e+00
-1,003527e+00
-9,810349e-01
-9,530571e-01
-9,195904e-01
-8,808741e-01
-8,371164e-01
-7,887202e-01
-7,358248e-01
-6,787245e-01
-6,176725e-01
-5,532864e-01
-4,857369e-01
-4,153095e-01
-3,423829e-01
-2,677645e-01
-1,917381e-01
-1,143124e-01
-3,569390e-02
4,127053e-02
1,198512e-01
1,971220e-01
2,730330e-01
3,476429e-01
4,203233e-01
4,905545e-01
5,578803e-01
6,221458e-01
6,829346e-01
7,398593e-01
7,924035e-01
8,405554e-01
8,839343e-01
9,223305e-01
9,554013e-01
9,830384e-01
1,005162e+00
1,021583e+00
1,032125e+00
1,036796e+00
1,035645e+00
1,028589e+00
1,015746e+00
9,969524e-01
9,726889e-01
9,428109e-01
9,076505e-01
8,672148e-01
8,219029e-01
7,719697e-01
7,176388e-01
6,591788e-01
5,969683e-01
5,314825e-01
4,628606e-01
3,915348e-01
3,180919e-01
2,429726e-01
1,665004e-01
8,861684e-02
1,072297e-02
-6,725696e-02
-1,453574e-01
-2,222185e-01
-2,977372e-01
-3,717119e-01
-4,436901e-01
-5,130039e-01
-5,793228e-01
-6,424868e-01
-7,019984e-01
-7,575134e-01
-8,086429e-01
-8,552061e-01
-8,969706e-01
-9,335939e-01
-9,648472e-01
-9,906563e-01
-1,010930e+00
-1,025379e+00
-1,034042e+00
-1,036720e+00
-1,033615e+00
-1,024612e+00
-1,009808e+00
-9,891107e-01
-9,629367e-01
-9,313667e-01
-8,943492e-01
-8,522370e-01
-8,053279e-01
-7,539127e-01
-6,982290e-01
-6,384730e-01
-5,750955e-01
-5,086062e-01
-4,391117e-01
-3,669460e-01
-2,927939e-01
-2,172839e-01
-1,403143e-01
-6,198497e-02
1,523591e-02
9,375458e-02
1,715228e-01
2,478538e-01
3,229628e-01
3,963420e-01
4,674476e-01
5,357545e-01
6,010837e-01
6,630583e-01
7,213376e-01
7,753724e-01
8,250268e-01
8,700186e-01
9,101032e-01
9,449606e-01
9,744015e-01
9,984120e-01
1,016755e+00
1,029285e+00
1,035860e+00
1,036707e+00
1,031557e+00
1,020698e+00
1,003839e+00
9,813826e-01
9,533738e-01
9,199914e-01
8,812235e-01
8,375209e-01
7,891109e-01
7,362465e-01
6,790051e-01
6,180993e-01
5,536496e-01
4,861086e-01
4,156537e-01
3,428115e-01
2,681242e-01
1,921546e-01
1,147375e-01
3,615690e-02
-4,085056e-02
-1,194088e-01
-1,967502e-01
-2,726991e-01
-3,472728e-01
-4,199945e-01
-4,901345e-01
-5,575756e-01
-6,218050e-01
-6,825869e-01
-7,394617e-01
-7,921075e-01
-8,401939e-01
-8,835918e-01
-9,219777e-01
-9,550192e-01
-9,826804e-01
-1,004849e+00
-1,021242e+00
-1,031789e+00
-1,036491e+00
-1,035288e+00
-1,028318e+00
-1,015360e+00
-9,966392e-01
-9,722792e-01
-9,424924e-01
-9,072615e-01
-8,668292e-01
-8,215363e-01
-7,716237e-01
-7,172618e-01
-6,588001e-01
-5,965690e-01
-5,310677e-01
-4,625577e-01
-3,912129e-01
-3,177063e-01
-2,426197e-01
-1,661321e-01
-8,826228e-02
-1,035120e-02
6,755300e-02
1,457378e-01
2,225043e-01
2,980435e-01
3,720011e-01
4,439672e-01
5,132999e-01
5,796240e-01
6,427845e-01
7,023289e-01
7,578267e-01
8,089648e-01
8,555314e-01
8,972752e-01
9,339743e-01
9,651690e-01
9,910229e-01
1,011293e+00
1,025765e+00
1,034323e+00
1,037053e+00
1,033977e+00
1,024965e+00
1,010126e+00
9,895083e-01
9,633532e-01
9,317023e-01
8,947348e-01
8,526553e-01
8,057806e-01
7,543155e-01
6,985818e-01
6,388619e-01
5,755534e-01
5,089935e-01
4,394370e-01
3,672695e-01
2,931485e-01
2,176023e-01
1,407188e-01
6,238601e-02
-1,486758e-02
-9,340862e-02
-1,711080e-01
-2,475027e-01
-3,225394e-01
-3,959806e-01
-4,670947e-01
-5,354429e-01
-6,007360e-01
-6,627382e-01
-7,209538e-01
-7,750230e-01
-8,246620e-01
-8,696399e-01
-9,097555e-01
-9,446388e-01
-9,740624e-01
-9,980368e-01
-1,016407e+00
-1,028925e+00
-1,035550e+00
-1,036316e+00
-1,031264e+00
-1,020304e+00
-1,003562e+00
-9,810470e-01
-9,530089e-01
-9,196317e-01
-8,808483e-01
-8,371526e-01
-7,887305e-01
-7,358489e-01
-6,787590e-01
-6,177052e-01
-5,533002e-01
-4,857627e-01
-4,153181e-01
-3,424294e-01
-2,677834e-01
-1,917639e-01
-1,143348e-01
-3,574554e-02
4,128947e-02
1,198185e-01
1,970944e-01
2,729762e-01
3,475758e-01
4,202510e-01
4,905183e-01
5,578424e-01
6,220752e-01
6,828898e-01
7,398162e-01
7,923949e-01
8,405364e-01
8,839103e-01
9,223012e-01
9,553721e-01
9,829730e-01
1,005181e+00
1,021572e+00
1,032154e+00
1,036769e+00
1,035700e+00
1,028584e+00
1,015787e+00
9,969713e-01
9,726717e-01
9,428418e-01
9,077280e-01
8,672268e-01
8,219081e-01
7,720333e-01
7,176560e-01
6,591495e-01
5,970217e-01
5,315083e-01
4,629329e-01
3,916054e-01
3,181091e-01
2,430259e-01
1,665348e-01
8,865299e-02
1,079354e-02
-6,717090e-02
-1,453746e-01
-2,221876e-01
-2,977028e-01
-3,716947e-01
-4,436729e-01
-5,129660e-01
-5,793210e-01
-6,423938e-01
-7,019898e-01
-7,574859e-01
-8,086257e-01
-8,551613e-01
-8,969568e-01
-9,335457e-01
-9,648265e-01
-9,906649e-01
-1,010951e+00
-1,025416e+00
-1,034016e+00
-1,036693e+00
-1,033608e+00
-1,024622e+00
-1,009779e+00
-9,891486e-01
-9,629694e-01
-9,313805e-01
-8,943441e-01
-8,522870e-01
-8,053365e-01
-7,539919e-01
-6,982393e-01
-6,384953e-01
-5,751300e-01
-5,086320e-01
-4,390945e-01
-3,669701e-01
-2,928404e-01
-2,172960e-01
-1,402971e-01
-6,202112e-02
1,520665e-02
9,376318e-02
1,714419e-01
2,478556e-01
3,228819e-01
3,963352e-01
4,674080e-01
5,357338e-01
6,010183e-01
6,630532e-01
7,212997e-01
7,753483e-01
8,249787e-01
8,699928e-01
9,100516e-01
9,449537e-01
9,743670e-01
9,983965e-01
1,016753e+00
1,029266e+00
1,035837e+00
1,036686e+00
1,031658e+00
1,020653e+00
1,003909e+00
9,813860e-01
9,533944e-01
9,199897e-01
8,813113e-01
8,375450e-01
7,891798e-01
7,362327e-01
6,791118e-01
6,181217e-01
5,536823e-01
4,861000e-01
4,156950e-01
3,428115e-01
2,682292e-01
1,921787e-01
1,147909e-01
3,618788e-02
-4,085401e-02
-1,193968e-01
-1,966658e-01
-2,726458e-01
-3,471833e-01
-4,199377e-01
-4,901637e-01
-5,575377e-01
-6,218033e-01
-6,825352e-01
-7,394754e-01
-7,920438e-01
-8,401888e-01
-8,835660e-01
-9,219467e-01
-9,550175e-01
-9,826700e-01
-1,004834e+00
-1,021226e+00
-1,031784e+00
-1,036466e+00
-1,035304e+00
-1,028321e+00
-1,015378e+00
-9,966426e-01
-9,722999e-01
-9,425045e-01
-9,072667e-01
-8,668103e-01
-8,215260e-01
-7,715721e-01
-7,172945e-01
-6,588294e-01
-5,966155e-01
-5,311589e-01
-4,626162e-01
-3,912973e-01
-3,177494e-01
-2,426335e-01
-1,661682e-01
-8,828982e-02
-1,039767e-02
6,754612e-02
1,456724e-01
2,225370e-01
2,980040e-01
3,720372e-01
4,439689e-01
5,132792e-01
5,795999e-01
6,427725e-01
7,023065e-01
7,578353e-01
8,089630e-01
8,555331e-01
8,972770e-01
9,339089e-01
9,652103e-01
9,910212e-01
1,011290e+00
1,025774e+00
1,034323e+00
1,037040e+00
1,033904e+00
1,024997e+00
1,010121e+00
9,895031e-01
9,633532e-01
9,317041e-01
8,947451e-01
8,526536e-01
8,057823e-01
7,543723e-01
6,985973e-01
6,388929e-01
5,755017e-01
5,090107e-01
4,394439e-01
3,673522e-01
2,932397e-01
2,176970e-01
1,407480e-01
6,249445e-02
-1,481250e-02
-9,335870e-02
-1,710409e-01
-2,474666e-01
-3,225308e-01
-3,959427e-01
-4,670741e-01
-5,353792e-01
-6,007188e-01
-6,626711e-01
-7,209968e-01
-7,749645e-01
-8,246103e-01
-8,696451e-01
-9,097383e-01
-9,445510e-01
-9,740693e-01
-9,980609e-01
-1,016414e+00
-1,028941e+00
-1,035550e+00
-1,036299e+00
-1,031268e+00
-1,020317e+00
-1,003557e+00
-9,809988e-01
-9,530399e-01
-9,196351e-01
-8,808947e-01
-8,371629e-01
-7,887340e-01
-7,358764e-01
-6,787435e-01
-6,177379e-01
-5,533209e-01
-4,857954e-01
-4,153732e-01
-3,424742e-01
-2,678213e-01
-1,918052e-01
-1,143055e-01
-3,576275e-02
4,111907e-02
1,193469e-01
1,961719e-01
2,715046e-01
3,453021e-01
4,171993e-01
4,864632e-01
5,527494e-01
6,157740e-01
6,753304e-01
7,309384e-01
7,821659e-01
8,289271e-01
8,708671e-01
9,078106e-01
9,394941e-01
9,657301e-01
9,865943e-01
1,001741e+00
1,011114e+00
1,014703e+00
1,012641e+00
1,004834e+00
9,912639e-01
9,720761e-01
9,473841e-01
9,175301e-01
8,824163e-01
8,423058e-01
7,975000e-01
7,483688e-01
6,949846e-01
6,377449e-01
5,770198e-01
5,132104e-01
4,465490e-01
3,774159e-01
3,062588e-01
2,337126e-01
1,599943e-01
8,505916e-02
1,030128e-02
-6,434816e-02
-1,391267e-01
-2,124474e-01
-2,844169e-01
-3,547583e-01
-4,230238e-01
-4,886663e-01
-5,513191e-01
-6,107929e-01
-6,667365e-01
-7,187610e-01
-7,664946e-01
-8,098959e-01
-8,486036e-01
-8,823354e-01
-9,110000e-01
-9,344821e-01
-9,526629e-01
-9,653618e-01
-9,724755e-01
-9,741054e-01
-9,701949e-01
-9,608454e-01
-9,459124e-01
-9,257144e-01
-9,003338e-01
-8,698826e-01
-8,345123e-01
-7,944483e-01
-7,499901e-01
-7,013874e-01
-6,489050e-01
-5,928100e-01
-5,334481e-01
-4,712325e-01
-4,064333e-01
-3,393588e-01
-2,705666e-01
-2,005557e-01
-1,294261e-01
-5,718976e-02
1,379356e-02
8,592147e-02
1,571991e-01
2,270740e-01
2,955616e-01
3,624984e-01
4,271151e-01
4,891138e-01
5,481642e-01
6,041629e-01
6,565832e-01
7,050707e-01
7,494376e-01
7,895378e-01
8,250991e-01
8,557913e-01
8,816176e-01
9,023854e-01
9,180448e-01
9,284166e-01
9,334046e-01
9,331034e-01
9,276180e-01
9,168537e-01
9,007710e-01
8,797312e-01
8,537069e-01
8,229236e-01
7,874672e-01
7,475684e-01
7,036352e-01
6,557467e-01
6,042266e-01
5,493466e-01
4,914908e-01
4,310600e-01
3,681646e-01
3,032605e-01
2,369588e-01
1,695417e-01
1,010696e-01
3,164912e-02
-3,599683e-02
-1,050628e-01
-1,728894e-01
-2,393908e-01
-3,045410e-01
-3,679064e-01
-4,290101e-01
-4,874443e-01
-5,430316e-01
-5,954262e-01
-6,444472e-01
-6,894768e-01
-7,305941e-01
-7,674929e-01
-8,000163e-01
-8,277928e-01
-8,508807e-01
-8,690857e-01
-8,823233e-01
-8,904989e-01
-8,935713e-01
-8,916091e-01
-8,845798e-01
-8,725418e-01
-8,555486e-01
-8,337653e-01
-8,073124e-01
-7,763139e-01
-7,409126e-01
-7,013925e-01
-6,580394e-01
-6,110597e-01
-5,606737e-01
-5,071725e-01
-4,510206e-01
-3,924246e-01
-3,315498e-01
-2,689900e-01
-2,051496e-01
-1,404073e-01
-7,451347e-02
-9,017279e-03
5,645998e-02
1,220560e-01
1,864283e-01
2,495096e-01
3,112915e-01
3,711250e-01
4,286452e-01
4,835768e-01
5,356873e-01
5,846636e-01
6,302354e-01
6,720584e-01
7,099606e-01
7,437990e-01
7,733087e-01
7,983106e-01
8,187531e-01
8,345897e-01
8,455520e-01
8,516622e-01
8,529083e-01
8,494349e-01
8,411182e-01
8,279580e-01
8,101541e-01
7,877736e-01
7,610333e-01
7,300279e-01
6,948555e-01
6,558724e-01
6,132920e-01
5,672796e-01
5,181278e-01
4,661257e-01
4,117329e-01
3,549889e-01
2,963533e-01
2,361911e-01
1,750065e-01
1,128649e-01
4,977490e-02
-1,198460e-02
-7,496270e-02
-1,371473e-01
-1,981237e-01
-2,579262e-01
-3,162657e-01
-3,725863e-01
-4,266848e-01
-4,781361e-01
-5,268422e-01
-5,724707e-01
-6,146380e-01
-6,532269e-01
-6,881033e-01
-7,189090e-01
-7,456734e-01
-7,679455e-01
-7,859422e-01
-7,994346e-01
-8,083675e-01
-8,125982e-01
-8,122729e-01
-8,072969e-01
-7,977857e-01
-7,838028e-01
-7,652639e-01
-7,425064e-01
-7,156284e-01
-6,847022e-01
-6,499429e-01
-6,116277e-01
-5,699475e-01
-5,250848e-01
-4,772790e-01
-4,270101e-01
-3,744434e-01
-3,197804e-01
-2,633324e-01
-2,057416e-01
-1,471904e-01
-8,773216e-02
-2,752516e-02
3,085049e-02
9,078037e-02
1,495708e-01
2,071978e-01
2,636061e-01
3,185514e-01
3,713935e-01
4,219653e-01
4,700517e-01
5,154170e-01
5,577718e-01
5,966964e-01
6,322302e-01
6,640497e-01
6,920379e-01
7,159916e-01
7,358145e-01
7,514084e-01
7,628061e-01
7,696856e-01
7,721831e-01
7,704223e-01
7,642501e-01
7,536666e-01
7,388506e-01
7,198522e-01
6,969037e-01
6,700257e-01
6,393662e-01
6,051474e-01
5,676514e-01
5,269678e-01
4,833238e-01
4,371272e-01
3,885761e-01
3,379509e-01
2,854462e-01
2,314320e-01
1,763989e-01
1,205465e-01
6,381287e-02
7,461330e-03
-4,874735e-02
-1,052727e-01
-1,606966e-01
-2,149758e-01
-2,680932e-01
-3,195755e-01
-3,690424e-01
-4,162028e-01
-4,609931e-01
-5,030279e-01
-5,421159e-01
-5,779303e-01
-6,104263e-01
-6,393835e-01
-6,646263e-01
-6,859673e-01
-7,034459e-01
-7,169124e-01
-7,261913e-01
-7,313153e-01
-7,322654e-01
-7,291569e-01
-7,218316e-01
-7,104494e-01
-6,950018e-01
-6,757383e-01
-6,526555e-01
-6,259290e-01
-5,956654e-01
-5,621574e-01
-5,255410e-01
-4,861086e-01
-4,438674e-01
-3,993438e-01
-3,526791e-01
-3,040539e-01
-2,537764e-01
-2,023113e-01
-1,499495e-01
-9,675288e-02
-4,281788e-02
9,729849e-03
6,345831e-02
1,165482e-01
1,686570e-01
2,196333e-01
2,694031e-01
3,175050e-01
3,635346e-01
4,073817e-01
4,488261e-01
4,876818e-01
5,235341e-01
5,564104e-01
5,860010e-01
6,121939e-01
6,347414e-01
6,536693e-01
6,688656e-01
6,802392e-01
6,876265e-01
6,910981e-01
6,907057e-01
6,863528e-01
6,781789e-01
6,659534e-01
6,501391e-01
6,306657e-01
6,076724e-01
5,812419e-01
5,515962e-01
5,189144e-01
4,834047e-01
4,451755e-01
4,045263e-01
3,617428e-01
3,170368e-01
2,705528e-01
2,226987e-01
1,737827e-01
1,240853e-01
7,365116e-02
2,271446e-02
-2,655786e-02
-7,730867e-02
-1,270681e-01
-1,758946e-01
-2,236075e-01
-2,700141e-01
-3,147390e-01
-3,574295e-01
-3,979600e-01
-4,362477e-01
-4,719794e-01
-5,047697e-01
-5,346047e-01
-5,614517e-01
-5,849751e-01
-6,050269e-01
-6,216381e-01
-6,347036e-01
-6,441184e-01
-6,498844e-01
-6,518465e-01
-6,501477e-01
-6,447725e-01
-6,357053e-01
-6,231252e-01
-6,069650e-01
-5,874812e-01
-5,646875e-01
-5,387201e-01
-5,097852e-01
-4,781137e-01
-4,437417e-01
-4,070340e-01
-3,680630e-01
-3,271952e-01
-2,845047e-01
-2,403512e-01
-1,948861e-01
-1,486328e-01
-1,016858e-01
-5,405204e-02
-6,864079e-03
4,005021e-02
8,741890e-02
1,338995e-01
1,793972e-01
2,238433e-01
2,669073e-01
3,082691e-01
3,477031e-01
3,851526e-01
4,202269e-01
4,528416e-01
4,826887e-01
5,097405e-01
5,338491e-01
5,548303e-01
5,725534e-01
5,869631e-01
5,980045e-01
6,056345e-01
6,097275e-01
6,104091e-01
6,076362e-01
6,013539e-01
5,916619e-01
5,786687e-01
5,623863e-01
5,430936e-01
5,206700e-01
4,953153e-01
4,672531e-01
4,366642e-01
4,036554e-01
3,684296e-01
3,312159e-01
2,923482e-01
2,518780e-01
2,100119e-01
1,671630e-01
1,235844e-01
7,942573e-02
3,461472e-02
-8,676485e-03
-5,331537e-02
-9,733980e-02
-1,404520e-01
-1,827432e-01
-2,239690e-01
-2,637128e-01
-3,018112e-01
-3,380370e-01
-3,722971e-01
-4,042991e-01
-4,339224e-01
-4,609208e-01
-4,852515e-01
-5,068145e-01
-5,253258e-01
-5,408044e-01
-5,531711e-01
-5,623863e-01
-5,683657e-01
-5,710680e-01
-5,705120e-01
-5,667805e-01
-5,598510e-01
-5,496702e-01
-5,364240e-01
-5,202982e-01
-5,011139e-01
-4,792308e-01
-4,546712e-01
-4,277054e-01
-3,983472e-01
-3,667842e-01
-3,332314e-01
-2,979317e-01
-2,611414e-01
-2,229139e-01
-1,835212e-01
-1,433453e-01
-1,025533e-01
-6,115881e-02
-1,932200e-02
2,064559e-02
6,222078e-02
1,029973e-01
1,429185e-01
1,819377e-01
2,199190e-01
2,563462e-01
2,912414e-01
3,243088e-01
3,555156e-01
3,845468e-01
4,112027e-01
4,355076e-01
4,572065e-01
4,762342e-01
4,924891e-01
5,058936e-01
5,163516e-01
5,238576e-01
5,282983e-01
5,297303e-01
5,281434e-01
5,236304e-01
5,161347e-01
5,056131e-01
4,923927e-01
4,763289e-01
4,576592e-01
4,363888e-01
4,127862e-01
3,869014e-01
3,589493e-01
3,289732e-01
2,972570e-01
2,639607e-01
2,293374e-01
1,934989e-01
1,565898e-01
1,191524e-01
8,112453e-02
4,254937e-02
4,583511e-03
-3,319130e-02
-7,145148e-02
-1,089268e-01
-1,456104e-01
-1,814506e-01
-2,161359e-01
-2,494700e-01
-2,811519e-01
-3,111383e-01
-3,393158e-01
-3,654158e-01
-3,893971e-01
-4,109807e-01
-4,301702e-01
-4,469035e-01
-4,609759e-01
-4,723788e-01
-4,811258e-01
-4,870054e-01
-4,901276e-01
-4,904701e-01
-4,880312e-01
-4,828453e-01
-4,748814e-01
-4,642513e-01
-4,510946e-01
-4,353682e-01
-4,173164e-01
-3,968756e-01
-3,743126e-01
-3,497135e-01
-3,232176e-01
-2,949971e-01
-2,651844e-01
-2,340293e-01
-2,016831e-01
-1,682491e-01
-1,340612e-01
-9,933465e-02
-6,412785e-02
-2,848214e-02
5,748752e-03
4,101236e-02
7,606770e-02
1,102229e-01
1,437704e-01
1,763834e-01
2,078587e-01
2,379433e-01
2,665390e-01
2,935513e-01
3,188234e-01
3,420800e-01
3,633160e-01
3,824005e-01
3,992491e-01
4,137518e-01
4,257209e-01
4,353165e-01
4,424491e-01
4,469052e-01
4,487710e-01
4,481841e-01
4,449844e-01
4,393424e-01
4,310996e-01
4,205367e-01
4,076244e-01
3,923850e-01
3,749959e-01
3,555724e-01
3,342108e-01
3,109868e-01
2,860710e-01
2,597094e-01
2,319449e-01
2,030962e-01
1,730116e-01
1,421078e-01
1,106032e-01
7,868390e-02
4,633942e-02
1,368857e-02
-1,711200e-02
-4,954254e-02
-8,125190e-02
-1,123365e-01
-1,426448e-01
-1,720650e-01
-2,004783e-01
-2,274595e-01
-2,530071e-01
-2,771535e-01
-2,994704e-01
-3,200472e-01
-3,386841e-01
-3,553538e-01
-3,699270e-01
-3,822765e-01
-3,924677e-01
-4,003903e-01
-4,059531e-01
-4,091390e-01
-4,100840e-01
-4,086003e-01
-4,049187e-01
-3,988877e-01
-3,906071e-01
-3,801457e-01
-3,675501e-01
-3,530250e-01
-3,365499e-01
-3,182107e-01
-2,981692e-01
-2,765270e-01
-2,533943e-01
-2,288537e-01
-2,033234e-01
-1,766605e-01
-1,490820e-01
-1,207772e-01
-9,207642e-02
-6,300908e-02
-3,361127e-02
-4,741860e-03
2,378503e-02
5,283516e-02
8,140164e-02
1,092590e-01
1,364520e-01
1,627878e-01
1,879463e-01
2,119431e-01
2,345887e-01
2,558109e-01
2,753962e-01
2,933172e-01
3,095531e-01
3,238682e-01
3,362762e-01
3,466911e-01
3,550818e-01
3,614158e-01
3,656551e-01
3,677773e-01
3,677515e-01
3,657205e-01
3,615724e-01
3,553848e-01
3,471128e-01
3,369956e-01
3,250558e-01
3,112381e-01
2,957165e-01
2,786561e-01
2,600209e-01
2,400466e-01
2,187521e-01
1,963991e-01
1,729772e-01
1,487068e-01
1,237083e-01
9,820728e-02
7,225528e-02
4,602788e-02
1,956641e-02
-5,421727e-03
-3,159404e-02
-5,752539e-02
-8,283539e-02
-1,075619e-01
-1,316344e-01
-1,548015e-01
-1,769187e-01
-1,979240e-01
-2,176935e-01
-2,361515e-01
-2,531327e-01
-2,685975e-01
-2,823550e-01
-2,945685e-01
-3,049489e-01
-3,135376e-01
-3,203260e-01
-3,252899e-01
-3,283243e-01
-3,294724e-01
-3,287873e-01
-3,262296e-01
-3,217959e-01
-3,155566e-01
-3,075892e-01
-2,979076e-01
-2,866596e-01
-2,737473e-01
-2,593875e-01
-2,436507e-01
-2,266575e-01
-2,084422e-01
-1,891598e-01
-1,689410e-01
-1,479030e-01
-1,260405e-01
-1,036720e-01
-8,090078e-02
-5,788167e-02
-3,460439e-02
-1,118425e-02
1,051643e-02
3,413107e-02
5,729475e-02
8,007805e-02
1,024448e-01
1,242453e-01
1,453350e-01
1,655331e-01
1,847467e-01
2,030256e-01
2,200705e-01
2,358778e-01
2,502910e-01
2,633049e-01
2,747869e-01
2,847336e-01
2,930470e-01
2,996735e-01
3,045341e-01
3,077527e-01
3,091538e-01
3,088199e-01
3,067286e-01
3,028663e-01
2,971761e-01
2,898714e-01
2,810176e-01
2,704082e-01
2,583169e-01
2,447626e-01
2,297487e-01
2,134560e-01
1,958965e-01
1,772612e-01
1,576346e-01
1,370819e-01
1,156738e-01
9,364098e-02
7,117954e-02
4,825337e-02
2,495888e-02
2,261635e-03
-2,039430e-02
-4,382821e-02
-6,685420e-02
-8,949637e-02
-1,117048e-01
-1,332936e-01
-1,540459e-01
-1,739479e-01
-1,928758e-01
-2,107623e-01
-2,273769e-01
-2,427196e-01
-2,566766e-01
-2,692086e-01
-2,802155e-01
-2,895822e-01
-2,973447e-01
-3,034016e-01
-3,077562e-01
-3,103466e-01
-3,111572e-01
-3,101882e-01
-3,075720e-01
-3,030780e-01
-2,969265e-01
-2,890349e-01
-2,795907e-01
-2,684788e-01
-2,558315e-01
-2,417643e-01
-2,263614e-01
-2,096315e-01
-1,917088e-01
-1,727362e-01
-1,527688e-01
-1,319080e-01
-1,103158e-01
-8,810049e-02
-6,547553e-02
-4,236004e-02
-1,895711e-02
3,215170e-03
2,638058e-02
4,967851e-02
7,256509e-02
9,503514e-02
1,170801e-01
1,383814e-01
1,588910e-01
1,784643e-01
1,970617e-01
2,145335e-01
2,307694e-01
2,456266e-01
2,591345e-01
2,711896e-01
2,816269e-01
2,904531e-01
2,976305e-01
3,031417e-01
3,068956e-01
3,088767e-01
3,090918e-01
3,075996e-01
3,043276e-01
2,992811e-01
2,925530e-01
2,841846e-01
2,741157e-01
2,625510e-01
2,494373e-01
2,348796e-01
2,190189e-01
2,019206e-01
1,836124e-01
1,642646e-01
1,439925e-01
1,229390e-01
1,010851e-01
7,873553e-02
5,592813e-02
3,276961e-02
9,321929e-03
-1,248202e-02
-3,604158e-02
-5,922592e-02
-8,195586e-02
-1,043502e-01
-1,261335e-01
-1,472059e-01
-1,674315e-01
-1,867191e-01
-2,049413e-01
-2,219655e-01
-2,377333e-01
-2,521912e-01
-2,651965e-01
-2,767043e-01
-2,866579e-01
-2,949127e-01
-3,015427e-01
-3,065169e-01
-3,096512e-01
-3,110488e-01
-3,107218e-01
-3,086082e-01
-3,047579e-01
-2,991589e-01
-2,918387e-01
-2,829075e-01
-2,723463e-01
-2,602033e-01
-2,466507e-01
-2,316506e-01
-2,153424e-01
-1,977898e-01
-1,791614e-01
-1,595227e-01
-1,389787e-01
-1,175534e-01
-9,556698e-02
-7,304530e-02
-5,011397e-02
-2,678161e-02
-4,008636e-03
1,856468e-02
4,191598e-02
6,497295e-02
8,759963e-02
1,098149e-01
1,313848e-01
1,521647e-01
1,720392e-01
1,909911e-01
2,088535e-01
2,254939e-01
2,408262e-01
2,547523e-01
2,673153e-01
2,783222e-01
2,876958e-01
2,954119e-01
3,015048e-01
3,058353e-01
3,084292e-01
3,091762e-01
3,082880e-01
3,055995e-01
3,011899e-01
2,949334e-01
2,871261e-01
2,776217e-01
2,665786e-01
2,539537e-01
2,399106e-01
2,244974e-01
2,077503e-01
1,898551e-01
1,708154e-01
1,508720e-01
1,300715e-01
1,084087e-01
8,622956e-02
6,358568e-02
4,054764e-02
1,713266e-02
-4,901930e-03
-2,822569e-02
-5,154083e-02
-7,442913e-02
-9,693360e-02
-1,189561e-01
-1,402782e-01
-1,607826e-01
-1,803800e-01
-1,989361e-01
-2,164181e-01
-2,326162e-01
-2,475217e-01
-2,610243e-01
-2,730451e-01
-2,834772e-01
-2,923103e-01
-2,995479e-01
-3,050488e-01
-3,088027e-01
-3,107855e-01
-3,110471e-01
-3,095032e-01
-3,063104e-01
-3,011572e-01
-2,944893e-01
-2,860314e-01
-2,760520e-01
-2,644185e-01
-2,512996e-01
-2,368056e-01
-2,209018e-01
-2,038329e-01
-1,854988e-01
-1,661596e-01
-1,459236e-01
-1,248426e-01
-1,029423e-01
-8,057375e-02
-5,782487e-02
-3,459406e-02
-1,113778e-02
1,054569e-02
3,418270e-02
5,734466e-02
8,010215e-02
1,024448e-01
1,242230e-01
1,452696e-01
1,655400e-01
1,847759e-01
2,030119e-01
2,200498e-01
2,358331e-01
2,502566e-01
2,632877e-01
2,747749e-01
2,847216e-01
2,930332e-01
2,996597e-01
3,046064e-01
3,077527e-01
3,091538e-01
3,088095e-01
3,067166e-01
3,028353e-01
2,972139e-01
2,899161e-01
2,810021e-01
2,704427e-01
2,583445e-01
2,447488e-01
2,297797e-01
2,135231e-01
1,959378e-01
1,772543e-01
1,576432e-01
1,370923e-01
1,156979e-01
9,368229e-02
7,119158e-02
4,826714e-02
2,498642e-02
2,290895e-03
-2,041496e-02
-4,379207e-02
-6,685076e-02
-8,943785e-02
-1,116962e-01
-1,332540e-01
-1,540941e-01
-1,739118e-01
-1,928603e-01
-2,107073e-01
-2,274079e-01
-2,427041e-01
-2,566491e-01
-2,691879e-01
-2,802121e-01
-2,895857e-01
-2,973361e-01
-3,034119e-01
-3,077373e-01
-3,103259e-01
-3,110901e-01
-3,102226e-01
-3,075548e-01
-3,030539e-01
-2,968938e-01
-2,890383e-01
-2,795529e-01
-2,684616e-01
-2,558332e-01
-2,417695e-01
-2,263786e-01
-2,096401e-01
-1,917226e-01
-1,727276e-01
-1,527688e-01
-1,319407e-01
-1,102607e-01
-8,811942e-02
-6,547381e-02
-4,236865e-02
-1,896744e-02
3,184189e-03
2,639263e-02
4,963721e-02
7,257369e-02
9,501793e-02
1,170887e-01
1,383625e-01
1,588859e-01
1,784919e-01
1,970376e-01
2,145111e-01
2,307332e-01
2,456008e-01
2,590863e-01
2,711535e-01
2,815959e-01
2,904824e-01
2,976287e-01
3,031417e-01
3,068560e-01
3,088698e-01
3,090798e-01
3,076564e-01
3,042742e-01
2,992897e-01
2,925633e-01
2,841863e-01
2,741191e-01
2,625149e-01
2,494425e-01
2,349054e-01
2,190550e-01
2,019172e-01
1,836365e-01
1,643076e-01
1,440252e-01
1,229149e-01
1,010765e-01
7,872693e-02
5,597288e-02
3,274551e-02
9,327092e-03
-1,246653e-02
-3,605707e-02
-5,921731e-02
-8,196447e-02
-1,043261e-01
-1,261576e-01
-1,472386e-01
-1,673988e-01
-1,866881e-01
-2,049120e-01
-2,219948e-01
-2,377660e-01
-2,521912e-01
-2,652257e-01
-2,766871e-01
-2,866046e-01
-2,949076e-01
-3,015840e-01
-3,065014e-01
-3,096770e-01
-3,110333e-01
-3,107992e-01
-3,086151e-01
-3,047372e-01
-2,991382e-01
-2,918507e-01
-2,829230e-01
-2,723635e-01
-2,602068e-01
-2,466387e-01
-2,316437e-01
-2,153699e-01
-1,978535e-01
-1,791993e-01
-1,595330e-01
-1,389356e-01
-1,175912e-01
-9,554805e-02
-7,305563e-02
-5,008988e-02
-2,680743e-02
-3,979376e-03
1,850444e-02
4,195729e-02
6,496951e-02
8,759618e-02
1,097977e-01
1,313280e-01
1,521406e-01
1,720426e-01
1,909481e-01
2,088260e-01
2,254475e-01
2,408400e-01
2,548143e-01
2,673428e-01
2,782930e-01
2,877285e-01
2,954256e-01
3,014945e-01
3,058233e-01
3,083861e-01
3,091899e-01
3,083276e-01
3,056047e-01
3,011572e-01
2,949626e-01
2,870917e-01
2,776286e-01
2,665786e-01
2,539847e-01
2,399123e-01
2,245232e-01
2,077658e-01
1,898241e-01
1,708223e-01
1,508927e-01
1,300647e-01
1,084173e-01
8,623128e-02
6,356502e-02
4,053559e-02
1,714471e-02
-4,865785e-03
-2,825150e-02
-5,150641e-02
-7,441536e-02
-9,692500e-02
-1,189613e-01
-1,402644e-01
-1,608153e-01
-1,803903e-01
-1,989447e-01
-2,164078e-01
-2,326575e-01
-2,475130e-01
-2,610278e-01
-2,730451e-01
-2,835185e-01
-2,923309e-01
-2,995048e-01
-3,050109e-01
-3,088095e-01
-3,107734e-01
-3,110368e-01
-3,094980e-01
-3,062863e-01
-3,011916e-01
-2,945323e-01
-2,860417e-01
-2,760399e-01
-2,644650e-01
-2,512756e-01
-2,368211e-01
-2,209345e-01
-2,038088e-01
-1,854868e-01
-1,661940e-01
-1,459202e-01
-1,248323e-01
-1,029405e-01
-8,062711e-02
-5,778701e-02
-3,460783e-02
-1,116876e-02
1,052159e-02
3,417409e-02
5,732229e-02
8,010387e-02
1,024311e-01
1,242660e-01
1,452765e-01
1,655176e-01
1,847656e-01
2,030119e-01
2,200929e-01
2,358744e-01
2,502876e-01
2,632825e-01
2,748334e-01
2,847199e-01
2,930521e-01
2,996632e-01
3,045840e-01
3,077613e-01
3,091985e-01
3,088130e-01
3,066908e-01
3,028422e-01
2,972639e-01
2,899058e-01
2,810021e-01
2,704323e-01
2,583358e-01
2,447471e-01
2,297608e-01
2,135266e-01
1,959619e-01
1,772733e-01
1,576604e-01
1,371043e-01
1,157031e-01
9,365991e-02
7,114855e-02
4,826026e-02
2,493650e-02
2,275404e-03
-2,042356e-02
-4,380412e-02
-6,686281e-02
-8,947227e-02
-1,117065e-01
-1,332506e-01
-1,540872e-01
-1,739256e-01
-1,928620e-01
-2,107434e-01
-2,273821e-01
-2,426955e-01
-2,566508e-01
-2,692275e-01
-2,802018e-01
-2,895667e-01
-2,972914e-01
-3,033964e-01
-3,077355e-01
-3,102915e-01
-3,111159e-01
-3,102123e-01
-3,074928e-01
-3,030711e-01
-2,969231e-01
-2,890469e-01
-2,795615e-01
-2,684771e-01
-2,558470e-01
-2,418090e-01
-2,263545e-01
-2,096832e-01
-1,917433e-01
-1,727328e-01
-1,527998e-01
-1,319442e-01
-1,102900e-01
-8,811254e-02
-6,549103e-02
-4,240996e-02
-1,900186e-02
3,148044e-03
2,638746e-02
4,966991e-02
7,251517e-02
9,504719e-02
1,170422e-01
1,383917e-01
1,588755e-01
1,784402e-01
1,970445e-01
2,145472e-01
2,307057e-01
2,456060e-01
2,590846e-01
2,711449e-01
2,816011e-01
2,904153e-01
2,976494e-01
3,031555e-01
3,069317e-01
3,088302e-01
3,091108e-01
3,076150e-01
3,043534e-01
2,992983e-01
2,925478e-01
2,841743e-01
2,741191e-01
2,625700e-01
2,493960e-01
2,348864e-01
2,190550e-01
2,019344e-01
1,835969e-01
1,643179e-01
1,440665e-01
1,229028e-01
1,011058e-01
7,873725e-02
5,597116e-02
3,280920e-02
9,328814e-03
-1,244760e-02
-3,605363e-02
-5,918289e-02
-8,192316e-02
-1,042917e-01
-1,261042e-01
-1,471956e-01
-1,673954e-01
-1,866313e-01
-2,049327e-01
-2,219518e-01
-2,377453e-01
-2,521654e-01
-2,652051e-01
-2,767009e-01
-2,866201e-01
-2,948921e-01
-3,015651e-01
-3,064550e-01
-3,096271e-01
-3,110850e-01
-3,106547e-01
-3,085892e-01
-3,047734e-01
-2,991124e-01
-2,918043e-01
-2,828627e-01
-2,723239e-01
-2,602171e-01
-2,466438e-01
-2,316799e-01
-2,153699e-01
-1,978449e-01
-1,791838e-01
-1,595743e-01
-1,390062e-01
-1,176102e-01
-9,553772e-02
-7,306940e-02
-5,012774e-02
-2,682464e-02
-4,006915e-03
1,852510e-02
4,196073e-02
6,494713e-02
8,762028e-02
1,097908e-01
1,313487e-01
1,521457e-01
1,720374e-01
1,909705e-01
2,088467e-01
2,254819e-01
2,407918e-01
2,548023e-01
2,673239e-01
2,783257e-01
2,876855e-01
2,954377e-01
3,014584e-01
3,058061e-01
3,084533e-01
3,092261e-01
3,082966e-01
3,055823e-01
3,011313e-01
2,949609e-01
2,871450e-01
2,776957e-01
2,665958e-01
2,539658e-01
2,399054e-01
2,244578e-01
2,077640e-01
1,898500e-01
1,708412e-01
1,509495e-01
1,300853e-01
1,084483e-01
8,625538e-02
6,362010e-02
4,059067e-02
1,711028e-02
-4,848573e-03
-2,818093e-02
-5,154083e-02
-7,438610e-02
-9,691983e-02
-1,189166e-01
-1,402782e-01
-1,607671e-01
-1,803335e-01
-1,989395e-01
-2,164061e-01
-2,326042e-01
-2,475044e-01
-2,609916e-01
-2,729969e-01
-2,834961e-01
-2,923344e-01
-2,995341e-01
-3,050539e-01
-3,087751e-01
-3,107941e-01
-3,110626e-01
-3,094843e-01
-3,062605e-01
-3,011778e-01
-2,944394e-01
-2,860899e-01
-2,760554e-01
-2,644030e-01
-2,513220e-01
-2,368004e-01
-2,209328e-01
-2,038036e-01
-1,854988e-01
-1,661975e-01
-1,459477e-01
-1,248254e-01
-1,029698e-01
-8,062195e-02
-5,785758e-02
-3,463709e-02
-1,120490e-02
1,051299e-02
3,412074e-02
5,730336e-02
8,011248e-02
1,024328e-01
1,242591e-01
1,452989e-01
1,655193e-01
1,847639e-01
2,030015e-01
2,200843e-01
2,358400e-01
2,502514e-01
2,633221e-01
2,748110e-01
2,847285e-01
2,930383e-01
2,996907e-01
3,045634e-01
3,077596e-01
3,091314e-01
3,088027e-01
3,066839e-01
3,028852e-01
2,972311e-01
2,899523e-01
2,809935e-01
2,704616e-01
2,583410e-01
2,447626e-01
2,297298e-01
2,135162e-01
1,959602e-01
1,772991e-01
1,576587e-01
1,371232e-01
1,156962e-01
9,368573e-02
7,121224e-02
4,827747e-02
2,498814e-02
2,352858e-03
-2,034955e-02
-4,378862e-02
-6,679568e-02
-8,943785e-02
-1,116170e-01
-1,332316e-01
-1,540201e-01
-1,739720e-01
-1,928517e-01
-2,107365e-01
-2,273769e-01
-2,426972e-01
-2,566422e-01
-2,691810e-01
-2,801811e-01
-2,895753e-01
-2,973052e-01
-3,033775e-01
-3,077235e-01
-3,103190e-01
-3,111349e-01
-3,102003e-01
-3,075204e-01
-3,031314e-01
-2,968577e-01
-2,890813e-01
-2,795649e-01
-2,684650e-01
-2,558797e-01
-2,417901e-01
-2,263786e-01
-2,096212e-01
-1,917157e-01
-1,727552e-01
-1,527877e-01
-1,319872e-01
-1,103382e-01
-8,813663e-02
-6,547037e-02
-4,247708e-02
-1,907760e-02
3,240988e-03
2,668351e-02
5,039797e-02
7,377508e-02
9,700589e-02
1,197978e-01
1,420441e-01
1,635933e-01
1,842871e-01
2,041358e-01
2,229105e-01
2,404786e-01
2,567024e-01
2,717163e-01
2,851536e-01
2,969781e-01
3,072381e-01
3,157976e-01
3,225859e-01
3,275429e-01
3,306032e-01
3,318700e-01
3,312159e-01
3,285808e-01
3,241453e-01
3,177081e-01
3,095204e-01
2,994773e-01
2,876528e-01
2,740485e-01
2,588866e-01
2,420948e-01
2,238244e-01
2,041702e-01
1,832165e-01
1,610666e-01
1,379425e-01
1,138064e-01
8,896797e-02
6,347380e-02
3,741336e-02
1,086067e-02
-1,411198e-02
-4,106399e-02
-6,770619e-02
-9,401275e-02
-1,199940e-01
-1,454830e-01
-1,702663e-01
-1,941340e-01
-2,170877e-01
-2,389002e-01
-2,595063e-01
-2,786751e-01
-2,963912e-01
-3,125204e-01
-3,269336e-01
-3,395223e-01
-3,503193e-01
-3,591249e-01
-3,659907e-01
-3,707274e-01
-3,733315e-01
-3,739477e-01
-3,723660e-01
-3,687274e-01
-3,627600e-01
-3,548581e-01
-3,448270e-01
-3,328424e-01
-3,188268e-01
-3,029420e-01
-2,852104e-01
-2,658316e-01
-2,447987e-01
-2,223201e-01
-1,984111e-01
-1,733180e-01
-1,469804e-01
-1,196825e-01
-9,169776e-02
-6,305555e-02
-3,377134e-02
-4,779726e-03
2,413960e-02
5,394877e-02
8,346879e-02
1,126084e-01
1,413711e-01
1,694264e-01
1,965936e-01
2,227642e-01
2,478108e-01
2,715924e-01
2,938886e-01
3,145772e-01
3,335911e-01
3,508030e-01
3,660613e-01
3,792576e-01
3,904074e-01
3,994161e-01
4,060788e-01
4,104644e-01
4,125074e-01
4,123077e-01
4,096261e-01
4,046123e-01
3,972594e-01
3,876105e-01
3,757102e-01
3,616327e-01
3,453245e-01
3,270455e-01
3,067390e-01
2,846786e-01
2,607765e-01
2,352858e-01
2,084009e-01
1,801683e-01
1,507068e-01
1,202987e-01
8,921410e-02
5,734466e-02
2,481774e-02
-6,526727e-03
-3,937723e-02
-7,208660e-02
-1,044569e-01
-1,364055e-01
-1,677999e-01
-1,983801e-01
-2,278709e-01
-2,562171e-01
-2,832517e-01
-3,088199e-01
-3,326841e-01
-3,547703e-01
-3,749254e-01
-3,930357e-01
-4,090203e-01
-4,226830e-01
-4,340411e-01
-4,429827e-01
-4,494354e-01
-4,532478e-01
-4,545817e-01
-4,533528e-01
-4,495008e-01
-4,430137e-01
-4,340136e-01
-4,224868e-01
-4,086244e-01
-3,922060e-01
-3,735536e-01
-3,526980e-01
-3,297804e-01
-3,047889e-01
-2,780227e-01
-2,495716e-01
-2,196006e-01
-1,881615e-01
-1,555278e-01
-1,219355e-01
-8,760135e-02
-5,248232e-02
-1,675056e-02
1,737707e-02
5,352364e-02
8,918311e-02
1,243607e-01
1,590683e-01
1,930617e-01
2,260000e-01
2,577334e-01
2,881536e-01
3,171315e-01
3,443589e-01
3,696895e-01
3,930012e-01
4,142355e-01
4,331203e-01
4,496299e-01
4,636007e-01
4,750191e-01
4,837592e-01
4,897283e-01
4,929383e-01
4,933996e-01
4,909848e-01
4,857799e-01
4,777592e-01
4,669157e-01
4,535249e-01
4,373630e-01
4,186778e-01
3,974901e-01
3,739839e-01
3,482642e-01
3,204017e-01
2,905994e-01
2,591035e-01
2,259483e-01
1,913457e-01
1,555141e-01
1,188236e-01
8,122264e-02
4,282476e-02
4,743581e-03
-3,346152e-02
-7,248936e-02
-1,109475e-01
-1,489254e-01
-1,862888e-01
-2,227349e-01
-2,579830e-01
-2,919247e-01
-3,243467e-01
-3,550560e-01
-3,838239e-01
-4,104575e-01
-4,349155e-01
-4,569638e-01
-4,765285e-01
-4,933789e-01
-5,075615e-01
-5,188542e-01
-5,273052e-01
-5,327011e-01
-5,350694e-01
-5,343861e-01
-5,307733e-01
-5,240332e-01
-5,142121e-01
-5,015580e-01
-4,859279e-01
-4,674889e-01
-4,463046e-01
-4,225729e-01
-3,962801e-01
-3,676964e-01
-3,368063e-01
-3,039352e-01
-2,693101e-01
-2,329553e-01
-1,950841e-01
-1,560253e-01
-1,160043e-01
-7,520366e-02
-3,348218e-02
7,058573e-03
4,903651e-02
9,086127e-02
1,321421e-01
1,728343e-01
2,127778e-01
2,516181e-01
2,891743e-01
3,251212e-01
3,593762e-01
3,917310e-01
4,219601e-01
4,498209e-01
4,752635e-01
4,980881e-01
5,180641e-01
5,352209e-01
5,493811e-01
5,604001e-01
5,682934e-01
5,729303e-01
5,743382e-01
5,725275e-01
5,674483e-01
5,590214e-01
5,474258e-01
5,326494e-01
5,147973e-01
4,939452e-01
4,701877e-01
4,436935e-01
4,146038e-01
3,829512e-01
3,490405e-01
3,130591e-01
2,751759e-01
2,355388e-01
1,944834e-01
1,521767e-01
1,089492e-01
6,484730e-02
1,991237e-02
-2,344768e-02
-6,872513e-02
-1,134415e-01
-1,574246e-01
-2,008569e-01
-2,433220e-01
-2,844875e-01
-3,240799e-01
-3,620285e-01
-3,980426e-01
-4,319155e-01
-4,633666e-01
-4,923428e-01
-5,185667e-01
-5,419455e-01
-5,623037e-01
-5,795138e-01
-5,935638e-01
-6,041853e-01
-6,114142e-01
-6,151595e-01
-6,154229e-01
-6,122645e-01
-6,055691e-01
-5,952747e-01
-5,816963e-01
-5,647151e-01
-5,445187e-01
-5,210917e-01
-4,946612e-01
-4,652582e-01
-4,332511e-01
-3,985520e-01
-3,614846e-01
-3,223673e-01
-2,812276e-01
-2,382548e-01
-1,938638e-01
-1,483092e-01
-1,018114e-01
-5,435325e-02
-7,003495e-03
4,034626e-02
8,848431e-02
1,358668e-01
1,826881e-01
2,286420e-01
2,735442e-01
3,168836e-01
3,585466e-01
3,983472e-01
4,359689e-01
4,712669e-01
5,038644e-01
5,338044e-01
5,607495e-01
5,845380e-01
6,050958e-01
6,222336e-01
6,359032e-01
6,460066e-01
6,523836e-01
6,550979e-01
6,541426e-01
6,494162e-01
6,409601e-01
6,287758e-01
6,130287e-01
5,937790e-01
5,710129e-01
5,449473e-01
5,156768e-01
4,834615e-01
4,483115e-01
4,105401e-01
3,702403e-01
3,278458e-01
2,833705e-01
2,371033e-01
1,894248e-01
1,406344e-01
9,077865e-02
4,001235e-02
-9,753946e-03
-6,091784e-02
-1,118425e-01
-1,620873e-01
-2,114956e-01
-2,600278e-01
-3,072243e-01
-3,526877e-01
-3,962766e-01
-4,377554e-01
-4,768900e-01
-5,134101e-01
-5,470403e-01
-5,777444e-01
-6,052025e-01
-6,293094e-01
-6,498569e-01
-6,668329e-01
-6,799913e-01
-6,893477e-01
-6,948038e-01
-6,963305e-01
-6,939226e-01
-6,874923e-01
-6,771204e-01
-6,629103e-01
-6,448585e-01
-6,231028e-01
-5,977601e-01
-5,688786e-01
-5,367527e-01
-5,014237e-01
-4,632238e-01
-4,221925e-01
-3,786724e-01
-3,329199e-01
-2,850658e-01
-2,354217e-01
-1,844558e-01
-1,323883e-01
-7,921746e-02
-2,511034e-02
2,747009e-02
8,194382e-02
1,356000e-01
1,885247e-01
2,405698e-01
2,915908e-01
3,409199e-01
3,883764e-01
4,338346e-01
4,769743e-01
5,174806e-01
5,551160e-01
5,896550e-01
6,209875e-01
6,488396e-01
6,730395e-01
6,935439e-01
7,101034e-01
7,226870e-01
7,311587e-01
7,354547e-01
7,355924e-01
7,315838e-01
7,233738e-01
7,109709e-01
6,945216e-01
6,741479e-01
6,498087e-01
6,216243e-01
5,899614e-01
5,548114e-01
5,163808e-01
4,748555e-01
4,305626e-01
3,837826e-01
3,346738e-01
2,833550e-01
2,304372e-01
1,761115e-01
1,207255e-01
6,414850e-02
7,669593e-03
-4,896939e-02
-1,061729e-01
-1,626312e-01
-2,181738e-01
-2,728317e-01
-3,260713e-01
-3,775588e-01
-4,269585e-01
-4,741137e-01
-5,186803e-01
-5,604087e-01
-5,990079e-01
-6,343163e-01
-6,661943e-01
-6,942341e-01
-7,183961e-01
-7,385563e-01
-7,546064e-01
-7,664171e-01
-7,737924e-01
-7,768045e-01
-7,755239e-01
-7,697442e-01
-7,595393e-01
-7,449729e-01
-7,261810e-01
-7,031636e-01
-6,761204e-01
-6,451597e-01
-6,104538e-01
-5,721936e-01
-5,305789e-01
-4,857627e-01
-4,381461e-01
-3,879926e-01
-3,353846e-01
-2,806906e-01
-2,243476e-01
-1,667431e-01
-1,079182e-01
-4,798143e-02
1,092091e-02
7,137403e-02
1,313280e-01
1,903887e-01
2,486731e-01
3,057424e-01
3,612058e-01
4,146399e-01
4,658675e-01
5,146097e-01
5,605894e-01
6,033849e-01
6,428017e-01
6,787263e-01
7,109279e-01
7,391105e-01
7,630660e-01
7,828871e-01
7,982435e-01
8,089940e-01
8,151748e-01
8,168116e-01
8,138426e-01
8,061678e-01
7,938493e-01
7,770230e-01
7,557372e-01
7,301380e-01
7,002187e-01
6,662442e-01
6,284953e-01
5,870302e-01
5,420712e-01
4,939400e-01
4,429259e-01
3,893248e-01
3,332572e-01
2,751363e-01
2,154474e-01
1,544814e-01
9,224166e-02
2,894686e-02
-3,283329e-02
-9,645511e-02
-1,591871e-01
-2,209449e-01
-2,817026e-01
-3,411230e-01
-3,986829e-01
-4,539793e-01
-5,069109e-01
-5,571522e-01
-6,042696e-01
-6,480100e-01
-6,881738e-01
-7,246165e-01
-7,569902e-01
-7,850524e-01
-8,086360e-01
-8,278238e-01
-8,423660e-01
-8,520460e-01
-8,568773e-01
-8,568877e-01
-8,521045e-01
-8,424039e-01
-8,277807e-01
-8,084983e-01
-7,845842e-01
-7,561107e-01
-7,232929e-01
-6,863218e-01
-6,453009e-01
-6,005518e-01
-5,522899e-01
-5,007094e-01
-4,462805e-01
-3,891699e-01
-3,295825e-01
-2,680347e-01
-2,050033e-01
-1,406603e-01
-7,494376e-02
-9,282342e-03
5,658734e-02
1,228959e-01
1,882957e-01
2,527196e-01
3,159473e-01
3,776190e-01
4,371754e-01
4,943049e-01
5,487993e-01
6,003212e-01
6,485832e-01
6,931257e-01
7,339349e-01
7,706048e-01
8,029854e-01
8,307756e-01
8,539617e-01
8,724127e-01
8,859120e-01
8,943182e-01
8,976281e-01
8,959895e-01
8,891168e-01
8,772630e-01
8,602423e-01
8,384538e-01
8,117961e-01
7,804465e-01
7,445633e-01
7,043599e-01
6,601495e-01
6,120080e-01
5,602589e-01
5,052465e-01
4,473235e-01
3,866363e-01
3,235308e-01
2,585699e-01
1,920875e-01
1,243572e-01
5,525343e-02
-1,289511e-02
-8,250148e-02
-1,515657e-01
-2,195851e-01
-2,865185e-01
-3,522161e-01
-4,159446e-01
-4,774236e-01
-5,362140e-01
-5,922179e-01
-6,449394e-01
-6,940878e-01
-7,393343e-01
-7,804878e-01
-8,173022e-01
-8,495709e-01
-8,770031e-01
-8,995438e-01
-9,170740e-01
-9,292875e-01
-9,363478e-01
-9,380501e-01
-9,344356e-01
-9,254785e-01
-9,112272e-01
-8,917038e-01
-8,672354e-01
-8,376930e-01
-8,032608e-01
-7,642243e-01
-7,207593e-01
-6,731204e-01
-6,214849e-01
-5,663209e-01
-5,077542e-01
-4,463011e-01
-3,820442e-01
-3,154068e-01
-2,470001e-01
-1,771476e-01
-1,059027e-01
-3,339956e-02
3,761130e-02
1,103950e-01
1,821287e-01
2,527454e-01
3,222021e-01
3,901492e-01
4,558571e-01
5,190349e-01
5,794708e-01
6,367931e-01
6,905766e-01
7,404703e-01
7,862813e-01
8,277825e-01
8,646055e-01
8,965696e-01
9,234407e-01
9,451586e-01
9,615941e-01
9,725047e-01
9,779161e-01
9,778404e-01
9,722001e-01
9,609780e-01
9,442584e-01
9,221085e-01
8,947589e-01
8,622130e-01
8,246585e-01
7,823690e-01
7,355873e-01
6,845714e-01
6,293610e-01
5,705981e-01
5,085219e-01
4,433906e-01
3,754744e-01
3,053723e-01
2,335646e-01
1,603093e-01
8,557551e-02
1,063347e-02
-6,440152e-02
-1,398634e-01
-2,142460e-01
-2,874738e-01
-3,593590e-01
-4,294197e-01
-4,970382e-01
-5,619405e-01
-6,237792e-01
-6,822994e-01
-7,369694e-01
-7,874861e-01
-8,336792e-01
-8,752940e-01
-9,119260e-01
-9,433789e-01
-9,695908e-01
-9,903947e-01
-1,005591e+00
-1,014982e+00
-1,018674e+00
-1,016570e+00
-1,008782e+00
-9,951159e-01
-9,757182e-01
-9,508350e-01
-9,204940e-01
-8,847622e-01
-8,440029e-01
-7,983674e-01
-7,481072e-01
-6,934665e-01
-6,347724e-01
-5,723726e-01
-5,067026e-01
-4,378845e-01
-3,663676e-01
-2,927234e-01
-2,175145e-01
-1,406826e-01
-6,237396e-02
1,485037e-02
9,336215e-02
1,711149e-01
2,474941e-01
3,225429e-01
3,959290e-01
4,670810e-01
5,354378e-01
6,006827e-01
6,627709e-01
7,210089e-01
7,751160e-01
8,247342e-01
8,697931e-01
9,098864e-01
9,448109e-01
9,742586e-01
9,983431e-01
1,016650e+00
1,029195e+00
1,035856e+00
1,036657e+00
1,031657e+00
1,020793e+00
1,003923e+00
9,815289e-01
9,535132e-01
9,201515e-01
8,814541e-01
8,377584e-01
7,894156e-01
7,365098e-01
6,793752e-01
6,183936e-01
5,540007e-01
4,864374e-01
4,159945e-01
3,431695e-01
2,685631e-01
1,925092e-01
1,151678e-01
3,655449e-02
-4,044953e-02
-1,190715e-01
-1,963646e-01
-2,723187e-01
-3,468770e-01
-4,196142e-01
-4,898453e-01
-5,572107e-01
-6,214832e-01
-6,822857e-01
-7,392104e-01
-7,917977e-01
-8,399426e-01
-8,833526e-01
-9,217918e-01
-9,548746e-01
-9,825237e-01
-1,004706e+00
-1,021195e+00
-1,031781e+00
-1,036471e+00
-1,035295e+00
-1,028305e+00
-1,015490e+00
-9,967373e-01
-9,724393e-01
-9,426370e-01
-9,074698e-01
-8,670668e-01
-8,217945e-01
-7,718423e-01
-7,175734e-01
-6,591082e-01
-5,969425e-01
-5,314257e-01
-4,629398e-01
-3,916346e-01
-3,181435e-01
-2,430122e-01
-1,665417e-01
-8,864266e-02
-1,077977e-02
6,718123e-02
1,453040e-01
2,221549e-01
2,976528e-01
3,716224e-01
4,435937e-01
5,129746e-01
5,793400e-01
6,424472e-01
7,020173e-01
7,575393e-01
8,086739e-01
8,553042e-01
8,970980e-01
9,337488e-01
9,650245e-01
9,908766e-01
1,011218e+00
1,025682e+00
1,034297e+00
1,037018e+00
1,033965e+00
1,025044e+00
1,010219e+00
9,895943e-01
9,634788e-01
9,318951e-01
8,949499e-01
8,528928e-01
8,060697e-01
7,546218e-01
6,989089e-01
6,391631e-01
5,758425e-01
5,093171e-01
4,397623e-01
3,676843e-01
2,935908e-01
2,180533e-01
1,410837e-01
6,278533e-02
-1,448892e-02
-9,296800e-02
-1,707259e-01
-2,471086e-01
-3,221504e-01
-3,955658e-01
-4,667453e-01
-5,350746e-01
-6,004107e-01
-6,624043e-01
-7,206887e-01
-7,747821e-01
-8,244210e-01
-8,694248e-01
-9,095473e-01
-9,444030e-01
-9,739350e-01
-9,979300e-01
-1,016299e+00
-1,028855e+00
-1,035579e+00
-1,036412e+00
-1,031288e+00
-1,020393e+00
-1,003607e+00
-9,811571e-01
-9,531793e-01
-9,198141e-01
-8,811064e-01
-8,374142e-01
-7,890266e-01
-7,361174e-01
-6,789603e-01
-6,180425e-01
-5,536100e-01
-4,860949e-01
-4,156623e-01
-3,428305e-01
-2,682034e-01
-1,921839e-01
-1,147633e-01
-3,620509e-02
4,087466e-02
1,193830e-01
1,967003e-01
2,726234e-01
3,471782e-01
4,199205e-01
4,901310e-01
5,574930e-01
6,217310e-01
6,825869e-01
7,395219e-01
7,921247e-01
8,402576e-01
8,837209e-01
9,221068e-01
9,552068e-01
9,828542e-01
1,005071e+00
1,021517e+00
1,032082e+00
1,036786e+00
1,035670e+00
1,028662e+00
1,015761e+00
9,971762e-01
9,727836e-01
9,430226e-01
9,078485e-01
8,674368e-01
8,221576e-01
7,722536e-01
7,179297e-01
6,595196e-01
5,973212e-01
5,318560e-01
4,633219e-01
3,919995e-01
3,184757e-01
2,433977e-01
1,669238e-01
8,904542e-02
1,116704e-02
-6,677331e-02
-1,449185e-01
-2,217865e-01
-2,973034e-01
-3,713453e-01
-4,433613e-01
-5,125959e-01
-5,789544e-01
-6,421270e-01
-7,017058e-01
-7,571726e-01
-8,083572e-01
-8,549651e-01
-8,967210e-01
-9,334098e-01
-9,647250e-01
-9,905358e-01
-1,010823e+00
-1,025362e+00
-1,033937e+00
-1,036662e+00
-1,033596e+00
-1,024689e+00
-1,009856e+00
-9,892777e-01
-9,631157e-01
-9,315543e-01
-8,945885e-01
-8,525055e-01
-8,056429e-01
-7,542329e-01
-6,984872e-01
-6,387759e-01
-5,754811e-01
-5,089660e-01
-4,394663e-01
-3,673694e-01
-2,932690e-01
-2,177142e-01
-1,407429e-01
-6,243765e-02
1,479185e-02
9,336903e-02
1,710891e-01
2,474700e-01
3,224878e-01
3,959049e-01
4,670414e-01
5,353724e-01
6,006981e-01
6,627502e-01
7,209882e-01
7,750850e-01
8,247394e-01
8,697862e-01
9,098984e-01
9,447610e-01
9,742758e-01
9,982261e-01
1,016674e+00
1,029223e+00
1,035868e+00
1,036662e+00
1,031722e+00
1,020689e+00
1,003982e+00
9,814755e-01
9,535390e-01
9,201532e-01
8,815385e-01
8,377929e-01
7,894483e-01
7,365305e-01
6,794285e-01
6,184470e-01
5,540214e-01
4,864890e-01
4,160255e-01
3,432108e-01
2,685924e-01
1,925608e-01
1,151971e-01
3,661990e-02
-4,043920e-02
-1,189923e-01
-1,962958e-01
-2,722447e-01
-3,468305e-01
-4,195677e-01
-4,898264e-01
-5,571935e-01
-6,214728e-01
-6,822547e-01
-7,391536e-01
-7,918097e-01
-8,399030e-01
-8,833784e-01
-9,217642e-01
-9,548678e-01
-9,825065e-01
-1,004696e+00
-1,021168e+00
-1,031720e+00
-1,036469e+00
-1,035321e+00
-1,028355e+00
-1,015483e+00
-9,967459e-01
-9,724307e-01
-9,426577e-01
-9,075008e-01
-8,670771e-01
-8,217600e-01
-7,718836e-01
-7,175441e-01
-6,590996e-01
-5,970079e-01
-5,314463e-01
-4,629811e-01
-3,916794e-01
-3,181418e-01
-2,430483e-01
-1,665624e-01
-8,869946e-02
-1,078838e-02
6,712099e-02
1,452971e-01
2,220894e-01
2,976391e-01
3,716069e-01
4,436230e-01
5,129625e-01
5,793038e-01
6,424300e-01
7,019760e-01
7,575393e-01
8,086395e-01
8,552508e-01
8,971152e-01
9,337523e-01
9,650468e-01
9,908629e-01
1,011223e+00
1,025710e+00
1,034269e+00
1,037022e+00
1,033966e+00
1,025035e+00
1,010207e+00
9,896184e-01
9,635081e-01
9,318900e-01
8,949792e-01
8,528997e-01
8,060818e-01
7,546666e-01
6,989209e-01
6,391511e-01
5,758477e-01
5,093291e-01
4,398432e-01
3,677360e-01
2,936287e-01
2,181152e-01
1,411491e-01
6,291958e-02
-1,442180e-02
-9,296455e-02
-1,706966e-01
-2,470414e-01
-3,221453e-01
-3,955864e-01
-4,666679e-01
-5,350092e-01
-6,003556e-01
-6,623699e-01
-7,206319e-01
-7,747700e-01
-8,243797e-01
-8,694127e-01
-9,095025e-01
-9,444098e-01
-9,738679e-01
-9,979524e-01
-1,016292e+00
-1,028892e+00
-1,035545e+00
-1,036383e+00
-1,031362e+00
-1,020412e+00
-1,003667e+00
-9,811347e-01
-9,531879e-01
-9,197952e-01
-8,811168e-01
-8,374297e-01
-7,890421e-01
-7,361415e-01
-6,790378e-01
-6,180563e-01
-5,536926e-01
-4,860880e-01
-4,157398e-01
-3,428150e-01
-2,682275e-01
-1,922028e-01
-1,148305e-01
-3,622230e-02
4,082303e-02
1,193503e-01
1,966469e-01
2,725907e-01
3,471265e-01
4,199033e-01
4,901293e-01
5,574792e-01
6,217069e-01
6,825817e-01
7,394462e-01
7,921127e-01
8,402679e-01
8,837226e-01
9,221343e-01
9,551845e-01
9,828938e-01
1,004989e+00
1,021514e+00
1,032096e+00
1,036812e+00
1,035641e+00
1,028665e+00
1,015813e+00
9,971400e-01
9,728266e-01
9,430415e-01
9,078554e-01
8,674850e-01
8,221852e-01
7,723036e-01
7,179847e-01
6,594593e-01
5,973367e-01
5,318577e-01
4,633529e-01
3,920064e-01
3,185377e-01
2,434097e-01
1,669565e-01
8,909017e-02
1,119458e-02
-6,672511e-02
-1,448858e-01
-2,216953e-01
-2,972518e-01
-3,713160e-01
-4,432718e-01
-5,125615e-01
-5,789011e-01
-6,420513e-01
-7,016576e-01
-7,572088e-01
-8,083056e-01
-8,549014e-01
-8,967038e-01
-9,333839e-01
-9,647078e-01
-9,905358e-01
-1,010829e+00
-1,025347e+00
-1,034015e+00
-1,036713e+00
-1,033627e+00
-1,024696e+00
-1,009896e+00
-9,892828e-01
-9,631157e-01
-9,315715e-01
-8,946487e-01
-8,525331e-01
-8,056911e-01
-7,542673e-01
-6,985612e-01
-6,387897e-01
-5,755293e-01
-5,089849e-01
-4,394921e-01
-3,674021e-01
-2,932793e-01
-2,177503e-01
-1,408134e-01
-6,248584e-02
1,474021e-02
9,332772e-02
1,710478e-01
2,474218e-01
3,224689e-01
3,958429e-01
4,670121e-01
5,353947e-01
6,006999e-01
6,626952e-01
7,210175e-01
7,750884e-01
8,247050e-01
8,697621e-01
9,098709e-01
9,447524e-01
9,742190e-01
9,983053e-01
1,016627e+00
1,029185e+00
1,035882e+00
1,036715e+00
1,031664e+00
1,020744e+00
1,004039e+00
9,815375e-01
9,535734e-01
9,201618e-01
8,814937e-01
8,377980e-01
7,894586e-01
7,365907e-01
6,794182e-01
6,184608e-01
5,540489e-01
4,865148e-01
4,160720e-01
3,432298e-01
2,686182e-01
1,926417e-01
1,152022e-01
3,660957e-02
-4,038412e-02
-1,189871e-01
-1,962700e-01
-2,722361e-01
-3,467427e-01
-4,195281e-01
-4,897541e-01
-5,572021e-01
-6,214109e-01
-6,822599e-01
-7,391364e-01
-7,917822e-01
-8,398841e-01
-8,833388e-01
-9,217350e-01
-9,548936e-01
-9,825427e-01
-1,004672e+00
-1,021107e+00
-1,031731e+00
-1,036412e+00
-1,035367e+00
-1,028302e+00
-1,015467e+00
-9,967545e-01
-9,724720e-01
-9,426869e-01
-9,074836e-01
-8,671098e-01
-8,218323e-01
-7,719697e-01
-7,176181e-01
-6,591650e-01
-5,969804e-01
-5,315530e-01
-4,629708e-01
-3,916862e-01
-3,182038e-01
-2,430982e-01
-1,666054e-01
-8,876659e-02
-1,085034e-02
6,705730e-02
1,452145e-01
2,220550e-01
2,975771e-01
3,715725e-01
4,435816e-01
5,129436e-01
5,792815e-01
6,424420e-01
7,019726e-01
7,575220e-01
8,086326e-01
8,552405e-01
8,970429e-01
9,337316e-01
9,649969e-01
9,908525e-01
1,011144e+00
1,025653e+00
1,034276e+00
1,037051e+00
1,033982e+00
1,025113e+00
1,010242e+00
9,896632e-01
9,635408e-01
9,319657e-01
8,950411e-01
8,529393e-01
8,061007e-01
7,547027e-01
6,989898e-01
6,392113e-01
5,759183e-01
5,093687e-01
4,398742e-01
3,677205e-01
2,936752e-01
2,181359e-01
1,412110e-01
6,288343e-02
-1,435811e-02
-9,286817e-02
-1,706261e-01
-2,470346e-01
-3,220816e-01
-3,955383e-01
-4,666317e-01
-5,349954e-01
-6,003556e-01
-6,623681e-01
-7,206044e-01
-7,747322e-01
-8,243642e-01
-8,693783e-01
-9,095215e-01
-9,443789e-01
-9,738696e-01
-9,979593e-01
-1,016312e+00
-1,028851e+00
-1,035598e+00
-1,036331e+00
-1,031331e+00
-1,020393e+00
-1,003637e+00
-9,811588e-01
-9,532275e-01
-9,198365e-01
-8,811323e-01
-8,374280e-01
-7,890335e-01
-7,361518e-01
-6,790705e-01
-6,180769e-01
-5,536943e-01
-4,861362e-01
-4,157157e-01
-3,429200e-01
-2,682705e-01
-1,922734e-01
-1,148460e-01
-3,625328e-02
4,075762e-02
1,192935e-01
1,966090e-01
2,725253e-01
3,471059e-01
4,198362e-01
4,901104e-01
5,574723e-01
6,216759e-01
6,825318e-01
7,394823e-01
7,920851e-01
8,402094e-01
8,836934e-01
9,220758e-01
9,551724e-01
9,829024e-01
1,005054e+00
1,021491e+00
1,032109e+00
1,036801e+00
1,035657e+00
1,028691e+00
1,015848e+00
9,971417e-01
9,728231e-01
9,430191e-01
9,078674e-01
8,674764e-01
8,222316e-01
7,722915e-01
7,180295e-01
6,595127e-01
5,973556e-01
5,319007e-01
4,633839e-01
3,920356e-01
3,185841e-01
2,434321e-01
1,670116e-01
8,917451e-02
1,121695e-02
-6,676470e-02
-1,448858e-01
-2,217349e-01
-2,972501e-01
-3,711938e-01
-4,432099e-01
-5,125632e-01
-5,789097e-01
-6,420392e-01
-7,016559e-01
-7,571090e-01
-8,083624e-01
-8,548756e-01
-8,966952e-01
-9,333392e-01
-9,646699e-01
-9,905186e-01
-1,010853e+00
-1,025338e+00
-1,033968e+00
-1,036734e+00
-1,033707e+00
-1,024725e+00
-1,009868e+00
-9,893121e-01
-9,631139e-01
-9,315922e-01
-8,946246e-01
-8,525572e-01
-8,056721e-01
-7,543551e-01
-6,985543e-01
-6,388568e-01
-5,755241e-01
-5,090365e-01
-4,395455e-01
-3,674090e-01
-2,933068e-01
-2,177796e-01
-1,408410e-01
-6,252887e-02
1,469374e-02
9,330535e-02
1,709565e-01
2,473323e-01
3,224293e-01
3,957861e-01
4,670242e-01
5,353156e-01
6,006499e-01
6,626883e-01
7,208867e-01
7,749783e-01
8,246465e-01
8,697139e-01
9,098313e-01
9,447747e-01
9,742190e-01
9,982794e-01
1,016653e+00
1,029211e+00
1,035855e+00
1,036646e+00
1,031676e+00
1,020765e+00
1,003980e+00
9,815461e-01
9,535476e-01
9,202203e-01
8,815195e-01
8,378497e-01
7,894810e-01
7,366045e-01
6,794939e-01
6,185089e-01
5,540902e-01
4,865699e-01
4,160806e-01
3,432814e-01
2,686595e-01
1,926262e-01
1,152091e-01
3,660441e-02
-4,037035e-02
-1,189407e-01
-1,962183e-01
-2,721397e-01
-3,467272e-01
-4,194730e-01
-4,897610e-01
-5,571746e-01
-6,214625e-01
-6,822220e-01
-7,391949e-01
-7,917942e-01
-8,398531e-01
-8,833164e-01
-9,217522e-01
-9,548196e-01
-9,825134e-01
-1,004639e+00
-1,021200e+00
-1,031676e+00
-1,036448e+00
-1,035283e+00
-1,028366e+00
-1,015393e+00
-9,967441e-01
-9,724548e-01
-9,427265e-01
-9,075593e-01
-8,671218e-01
-8,218633e-01
-7,719903e-01
-7,176474e-01
-6,591564e-01
-5,969804e-01
-5,315840e-01
-4,629897e-01
-3,917172e-01
-3,181883e-01
-2,431068e-01
-1,666398e-01
-8,875110e-02
-1,090714e-02
6,707796e-02
1,452541e-01
2,220258e-01
2,975754e-01
3,715794e-01
4,435214e-01
5,128696e-01
5,791885e-01
6,423852e-01
7,019881e-01
7,574997e-01
8,086446e-01
8,551923e-01
8,970239e-01
9,336938e-01
9,650004e-01
9,908749e-01
1,011119e+00
1,025691e+00
1,034280e+00
1,037082e+00
1,033975e+00
1,025092e+00
1,010235e+00
9,895978e-01
9,635546e-01
9,319450e-01
8,950343e-01
8,529806e-01
8,060956e-01
7,547165e-01
6,989829e-01
6,392165e-01
5,759458e-01
5,094152e-01
4,399069e-01
3,678547e-01
2,937630e-01
2,181634e-01
1,412128e-01
6,294023e-02
-1,434434e-02
-9,287333e-02
-1,705985e-01
-2,470122e-01
-3,220833e-01
-3,954883e-01
-4,666162e-01
-5,349610e-01
-6,003195e-01
-6,623079e-01
-7,206130e-01
-7,746891e-01
-8,243315e-01
-8,693456e-01
-9,095352e-01
-9,443651e-01
-9,738989e-01
-9,979077e-01
-1,016299e+00
-1,028860e+00
-1,035531e+00
-1,036330e+00
-1,031330e+00
-1,020412e+00
-1,003579e+00
-9,812053e-01
-9,531999e-01
-9,198313e-01
-8,811288e-01
-8,374951e-01
-7,891230e-01
-7,362775e-01
-6,791462e-01
-6,181337e-01
-5,537649e-01
-4,861930e-01
-4,157794e-01
-3,429940e-01
-2,682998e-01
-1,922717e-01
-1,148494e-01
-3,627910e-02
4,075246e-02
1,192384e-01
1,965660e-01
2,724960e-01
3,470680e-01
4,198121e-01
4,900932e-01
5,574655e-01
6,216966e-01
6,825146e-01
7,394599e-01
7,920593e-01
8,402077e-01
8,836762e-01
9,220276e-01
9,551586e-01
9,828525e-01
1,005030e+00
1,021472e+00
1,032120e+00
1,036770e+00
1,035674e+00
1,028684e+00
1,015896e+00
9,971968e-01
9,728748e-01
9,430553e-01
9,079776e-01
8,675280e-01
8,222351e-01
7,723431e-01
7,180312e-01
6,596005e-01
5,973849e-01
5,319472e-01
4,633649e-01
3,921114e-01
3,185824e-01
2,435216e-01
1,670254e-01
8,920033e-02
1,126170e-02
-6,665110e-02
-1,448169e-01
-2,216832e-01
-2,971589e-01
-3,711577e-01
-4,431789e-01
-5,125426e-01
-5,788649e-01
-6,420341e-01
-7,016214e-01
-7,571503e-01
-8,083073e-01
-8,548842e-01
-8,966522e-01
-9,333736e-01
-9,646613e-01
-9,905117e-01
-1,010777e+00
-1,025348e+00
-1,033956e+00
-1,036739e+00
-1,033662e+00
-1,024739e+00
-1,009844e+00
-9,893448e-01
-9,631415e-01
-9,315991e-01
-8,946436e-01
-8,525882e-01
-8,057634e-01
-7,543344e-01
-6,986386e-01
-6,388464e-01
-5,755844e-01
-5,090899e-01
-4,395885e-01
-3,674468e-01
-2,933688e-01
-2,177830e-01
-1,408685e-01
-6,255297e-02
1,465588e-02
9,322962e-02
1,709462e-01
2,473186e-01
3,224379e-01
3,957999e-01
4,669312e-01
5,353242e-01
6,006172e-01
6,626642e-01
7,208987e-01
7,750196e-01
8,246654e-01
8,697346e-01
9,098433e-01
9,447317e-01
9,742293e-01
9,982450e-01
1,016643e+00
1,029173e+00
1,035841e+00
1,036634e+00
1,031715e+00
1,020784e+00
1,004009e+00
9,815254e-01
9,536096e-01
9,202186e-01
8,815729e-01
8,378703e-01
7,894792e-01
7,366200e-01
6,795249e-01
6,184814e-01
5,541229e-01
4,865837e-01
4,161305e-01
3,433158e-01
2,687025e-01
1,926968e-01
1,152883e-01
3,672833e-02
-4,026364e-02
-1,188649e-01
-1,961770e-01
-2,721449e-01
-3,467255e-01
-4,194816e-01
-4,897231e-01
-5,570730e-01
-6,213420e-01
-6,821445e-01
-7,390537e-01
-7,916996e-01
-8,398480e-01
-8,832941e-01
-9,217229e-01
-9,547714e-01
-9,824755e-01
-1,004705e+00
-1,021151e+00
-1,031734e+00
-1,036498e+00
-1,035345e+00
-1,028367e+00
-1,015496e+00
-9,967665e-01
-9,725254e-01
-9,426955e-01
-9,075679e-01
-8,671459e-01
-8,218564e-01
-7,719456e-01
-7,176371e-01
-6,591926e-01
-5,970854e-01
-5,315410e-01
-4,630482e-01
-3,917413e-01
-3,182623e-01
-2,431309e-01
-1,666484e-01
-8,881134e-02
-1,091747e-02
6,704353e-02
1,451939e-01
2,220086e-01
2,975461e-01
3,715157e-01
4,435128e-01
5,128231e-01
5,791524e-01
6,423164e-01
7,019158e-01
7,574394e-01
8,086119e-01
8,552250e-01
8,969999e-01
9,336938e-01
9,649935e-01
9,908543e-01
1,011154e+00
1,025694e+00
1,034300e+00
1,037066e+00
1,033972e+00
1,025109e+00
1,010266e+00
9,896839e-01
9,635201e-01
9,319468e-01
8,950136e-01
8,530185e-01
8,061472e-01
7,547750e-01
6,989863e-01
6,392905e-01
5,759802e-01
5,094221e-01
4,399431e-01
3,678152e-01
2,936976e-01
2,182288e-01
1,412403e-01
6,304178e-02
-1,432025e-02
-9,281137e-02
-1,705383e-01
-2,469812e-01
-3,220231e-01
-3,954591e-01
-4,665835e-01
-5,349748e-01
-6,003281e-01
-6,623182e-01
-7,205424e-01
-7,746891e-01
-8,242885e-01
-8,693663e-01
-9,094750e-01
-9,443789e-01
-9,738610e-01
-9,978956e-01
-1,016280e+00
-1,028875e+00
-1,035553e+00
-1,036442e+00
-1,031323e+00
-1,020443e+00
-1,003682e+00
-9,812174e-01
-9,532929e-01
-9,199122e-01
-8,811787e-01
-8,374813e-01
-7,891161e-01
-7,362190e-01
-6,791566e-01
-6,181355e-01
-5,538028e-01
-4,862240e-01
-4,158000e-01
-3,429854e-01
-2,683652e-01
-1,922992e-01
-1,149441e-01
-3,634623e-02
4,065263e-02
1,192797e-01
1,965488e-01
2,724754e-01
3,470697e-01
4,197639e-01
4,900897e-01
5,574173e-01
6,216312e-01
6,824802e-01
7,393997e-01
7,920404e-01
8,401664e-01
8,836400e-01
9,220620e-01
9,551311e-01
9,828301e-01
1,004983e+00
1,021509e+00
1,032066e+00
1,036781e+00
1,035636e+00
1,028663e+00
1,015815e+00
9,971607e-01
9,728490e-01
9,430880e-01
9,079397e-01
8,675418e-01
8,222540e-01
7,723518e-01
7,180295e-01
6,595540e-01
5,974606e-01
5,319919e-01
4,634338e-01
3,921251e-01
3,186771e-01
2,435578e-01
1,670839e-01
8,923819e-02
1,127375e-02
-6,662529e-02
-1,447464e-01
-2,216351e-01
-2,971485e-01
-3,711921e-01
-4,431651e-01
-5,124961e-01
-5,788546e-01
-6,420100e-01
-7,015939e-01
-7,570917e-01
-8,082539e-01
-8,548377e-01
-8,966883e-01
-9,333117e-01
-9,646269e-01
-9,904790e-01
-1,010825e+00
-1,025357e+00
-1,033951e+00
-1,036727e+00
-1,033660e+00
-1,024705e+00
-1,009930e+00
-9,892845e-01
-9,631897e-01
-9,315836e-01
-8,946608e-01
-8,525864e-01
-8,057358e-01
-7,543396e-01
-6,986214e-01
-6,389050e-01
-5,756188e-01
-5,090899e-01
-4,396436e-01
-3,674744e-01
-2,933671e-01
-2,178175e-01
-1,408789e-01
-6,261837e-02
1,467653e-02
9,317454e-02
1,709290e-01
2,473031e-01
3,223604e-01
3,957672e-01
4,669243e-01
5,352863e-01
6,005794e-01
6,625816e-01
7,208505e-01
7,749972e-01
8,246430e-01
8,697329e-01
9,098347e-01
9,447076e-01
9,742001e-01
9,982708e-01
1,016638e+00
1,029187e+00
1,035886e+00
1,036703e+00
1,031653e+00
1,020815e+00
1,003968e+00
9,815478e-01
9,535889e-01
9,202289e-01
8,815763e-01
8,378927e-01
7,895120e-01
7,366613e-01
6,795473e-01
6,185485e-01
5,541470e-01
4,866267e-01
4,161804e-01
3,433468e-01
2,686905e-01
1,927175e-01
1,153313e-01
3,676275e-02
-4,028946e-02
-1,188770e-01
-1,961822e-01
-2,721225e-01
-3,466928e-01
-4,194197e-01
-4,896371e-01
-5,570661e-01
-6,213059e-01
-6,821359e-01
-7,390727e-01
-7,917082e-01
-8,398273e-01
-8,832476e-01
-9,216679e-01
-9,547610e-01
-9,824635e-01
-1,004684e+00
-1,021147e+00
-1,031684e+00
-1,036450e+00
-1,035335e+00
-1,028361e+00
-1,015493e+00
-9,968096e-01
-9,724324e-01
-9,427351e-01
-9,075662e-01
-8,671717e-01
-8,219063e-01
-7,720368e-01
-7,176835e-01
-6,592373e-01
-5,971146e-01
-5,316339e-01
-4,630706e-01
-3,917706e-01
-3,182950e-01
-2,432066e-01
-1,666880e-01
-8,885781e-02
-1,095533e-02
6,695403e-02
1,451353e-01
2,219259e-01
2,974601e-01
3,714727e-01
4,434767e-01
5,127956e-01
5,791076e-01
6,422819e-01
7,018727e-01
7,574429e-01
8,086446e-01
8,552112e-01
8,969689e-01
9,336524e-01
9,649453e-01
9,908611e-01
1,011111e+00
1,025676e+00
1,034264e+00
1,037028e+00
1,033935e+00
1,025102e+00
1,010240e+00
9,896752e-01
9,635047e-01
9,319640e-01
8,950842e-01
8,530271e-01
8,061592e-01
7,548077e-01
6,990001e-01
6,393129e-01
5,759596e-01
5,095064e-01
4,399396e-01
3,678565e-01
2,937819e-01
2,181858e-01
1,412558e-01
6,300736e-02
-1,426517e-02
-9,280965e-02
-1,705297e-01
-2,469537e-01
-3,219663e-01
-3,954023e-01
-4,665612e-01
-5,349644e-01
-6,002696e-01
-6,622666e-01
-7,205562e-01
-7,746599e-01
-8,242850e-01
-8,693232e-01
-9,094578e-01
-9,443668e-01
-9,738713e-01
-9,978595e-01
-1,016280e+00
-1,028861e+00
-1,035467e+00
-1,036324e+00
-1,031326e+00
-1,020409e+00
-1,003668e+00
-9,812414e-01
-9,532584e-01
-9,198675e-01
-8,811891e-01
-8,374882e-01
-7,891264e-01
-7,362826e-01
-6,791875e-01
-6,181991e-01
-5,537856e-01
-4,862997e-01
-4,158465e-01
-3,430129e-01
-2,683652e-01
-1,923216e-01
-1,149406e-01
-3,633590e-02
