2.855607e-02
8.396105e-02
1.392170e-01
1.941130e-01
2.485433e-01
3.024212e-01
3.556410e-01
4.079855e-01
4.594672e-01
5.099245e-01
5.591403e-01
6.071889e-01
6.539278e-01
6.990340e-01
7.426440e-01
7.846711e-01
8.248607e-01
8.631693e-01
8.995596e-01
9.339759e-01
9.662505e-01
9.963895e-01
1.024337e+00
1.049883e+00
1.073106e+00
1.093921e+00
1.112470e+00
1.128306e+00
1.141728e+00
1.152585e+00
1.160810e+00
1.166478e+00
1.169601e+00
1.170017e+00
1.167794e+00
1.163064e+00
1.155782e+00
1.145725e+00
1.133192e+00
1.118206e+00
1.100656e+00
1.080692e+00
1.058158e+00
1.033512e+00
1.006415e+00
9.771577e-01
9.456218e-01
9.121119e-01
8.764478e-01
8.388656e-01
7.994147e-01
7.582319e-01
7.153357e-01
6.708069e-01
6.248130e-01
5.774534e-01
5.288336e-01
4.790281e-01
4.281486e-01
3.763442e-01
3.237017e-01
2.703453e-01
2.163619e-01
1.619502e-01
1.070977e-01
5.210862e-02
-2.961140e-03
-5.806194e-02
-1.129455e-01
-1.676924e-01
-2.218931e-01
-2.756902e-01
-3.287859e-01
-3.811801e-01
-4.327486e-01
-4.833425e-01
-5.327383e-01
-5.809794e-01
-6.280038e-01
-6.735321e-01
-7.175085e-01
-7.599018e-01
-8.006004e-01
-8.395733e-01
-8.765472e-01
-9.116463e-01
-9.447279e-01
-9.755560e-01
-1.004286e+00
-1.030756e+00
-1.054892e+00
-1.076738e+00
-1.096106e+00
-1.112929e+00
-1.127394e+00
-1.139282e+00
-1.148711e+00
-1.155465e+00
-1.159650e+00
-1.161288e+00
-1.160301e+00
-1.156707e+00
-1.150580e+00
-1.141833e+00
-1.130529e+00
-1.116760e+00
-1.100532e+00
-1.081704e+00
-1.060510e+00
-1.037063e+00
-1.011245e+00
-9.830737e-01
-9.527795e-01
-9.204180e-01
-8.859024e-01
-8.495431e-01
-8.111786e-01
-7.710139e-01
-7.292351e-01
-6.857492e-01
-6.407423e-01
-5.943573e-01
-5.466811e-01
-4.977447e-01
-4.476723e-01
-3.966376e-01
-3.447711e-01
-2.920479e-01
-2.388094e-01
-1.849626e-01
-1.306502e-01
-7.617642e-02
-2.153500e-02
3.318091e-02
8.773542e-02
1.421285e-01
1.963106e-01
2.498656e-01
3.028682e-01
3.552499e-01
4.068185e-01
4.574248e-01
5.070068e-01
5.555211e-01
6.027007e-01
6.485828e-01
6.929937e-01
7.357968e-01
7.768989e-01
8.164242e-01
8.540562e-01
8.897823e-01
9.233791e-01
9.550391e-01
9.845139e-01
1.011841e+00
1.036772e+00
1.059604e+00
1.079804e+00
1.097751e+00
1.113240e+00
1.126202e+00
1.136650e+00
1.144527e+00
1.149990e+00
1.152560e+00
1.152858e+00
1.150425e+00
1.145514e+00
1.138015e+00
1.127971e+00
1.115419e+00
1.100340e+00
1.082784e+00
1.062801e+00
1.040596e+00
1.015851e+00
9.890705e-01
9.600364e-01
9.288358e-01
8.955494e-01
8.602516e-01
8.229921e-01
7.839510e-01
7.432772e-01
7.008156e-01
6.567648e-01
6.114103e-01
5.646528e-01
5.165855e-01
4.673573e-01
4.172414e-01
3.660454e-01
3.141354e-01
2.615363e-01
2.082855e-01
1.545752e-01
1.005360e-01
4.632912e-02
-7.958452e-03
-6.222119e-02
-1.162604e-01
-1.700824e-01
-2.235444e-01
-2.763855e-01
-3.286617e-01
-3.801744e-01
-4.309049e-01
-4.806235e-01
-5.292371e-01
-5.766340e-01
-6.227706e-01
-6.674981e-01
-7.107854e-01
-7.523469e-01
-7.923316e-01
-8.303981e-01
-8.667512e-01
-9.011240e-01
-9.334048e-01
-9.636680e-01
-9.917275e-01
-1.017596e+00
-1.041198e+00
-1.062348e+00
-1.081350e+00
-1.097633e+00
-1.111663e+00
-1.123210e+00
-1.132198e+00
-1.138667e+00
-1.142553e+00
-1.143931e+00
-1.142665e+00
-1.138891e+00
-1.132633e+00
-1.123812e+00
-1.112513e+00
-1.098595e+00
-1.082294e+00
-1.063751e+00
-1.042551e+00
-1.019147e+00
-9.934905e-01
-9.656483e-01
-9.356086e-01
-9.034644e-01
-8.693337e-01
-8.333406e-01
-7.954107e-01
-7.556557e-01
-7.143735e-01
-6.713346e-01
-6.269050e-01
-5.811905e-01
-5.340482e-01
-4.856270e-01
-4.362995e-01
-3.859663e-01
-3.347516e-01
-2.828355e-01
-2.303171e-01
-1.772463e-01
-1.238526e-01
-7.005549e-02
-1.624592e-02
3.764435e-02
9.129872e-02
1.449469e-01
1.981170e-01
2.508899e-01
3.031041e-01
3.545236e-01
4.052975e-01
4.550037e-01
5.037291e-01
5.513618e-01
5.977282e-01
6.428406e-01
6.863451e-01
7.283536e-01
7.687232e-01
8.074911e-01
8.443347e-01
8.793097e-01
9.123354e-01
9.432318e-01
9.720424e-01
9.987920e-01
1.023176e+00
1.045258e+00
1.065086e+00
1.082480e+00
1.097521e+00
1.109974e+00
1.120000e+00
1.127654e+00
1.132602e+00
1.135166e+00
1.135054e+00
1.132534e+00
1.127456e+00
1.119814e+00
1.109627e+00
1.097056e+00
1.081989e+00
1.064576e+00
1.044649e+00
1.022587e+00
9.980036e-01
9.713657e-01
9.425738e-01
9.116153e-01
8.785958e-01
8.436891e-01
8.069821e-01
7.683197e-01
7.280370e-01
6.861527e-01
6.426543e-01
5.978710e-01
5.516288e-01
5.041760e-01
4.556866e-01
4.061915e-01
3.557714e-01
3.045132e-01
2.526405e-01
2.001780e-01
1.472686e-01
9.407363e-02
4.072344e-02
-1.277574e-02
-6.610109e-02
-1.193147e-01
-1.722738e-01
-2.248542e-01
-2.769380e-01
-3.282644e-01
-3.789887e-01
-4.287818e-01
-4.776685e-01
-5.254193e-01
-5.719719e-01
-6.172953e-01
-6.611413e-01
-7.036278e-01
-7.444195e-01
-7.835289e-01
-8.209932e-01
-8.565269e-01
-8.901982e-01
-9.218023e-01
-9.514013e-01
-9.788648e-01
-1.004025e+00
-1.027044e+00
-1.047728e+00
-1.066097e+00
-1.082076e+00
-1.095591e+00
-1.106740e+00
-1.115307e+00
-1.121465e+00
-1.125010e+00
-1.126208e+00
-1.124749e+00
-1.120726e+00
-1.114339e+00
-1.105393e+00
-1.094020e+00
-1.080140e+00
-1.063937e+00
-1.045363e+00
-1.024412e+00
-1.001108e+00
-9.757236e-01
-9.480243e-01
-9.183011e-01
-8.864238e-01
-8.526842e-01
-8.170698e-01
-7.794938e-01
-7.402789e-01
-6.994871e-01
-6.570131e-01
-6.131050e-01
-5.679119e-01
-5.214090e-01
-4.737514e-01
-4.248771e-01
-3.753509e-01
-3.249308e-01
-2.737348e-01
-2.219862e-01
-1.696851e-01
-1.170488e-01
-6.405251e-02
-1.114307e-02
4.190914e-02
9.479994e-02
1.474983e-01
1.999049e-01
2.517776e-01
3.030916e-01
3.536731e-01
4.035097e-01
4.523716e-01
5.002961e-01
5.470225e-01
5.925633e-01
6.367507e-01
6.796096e-01
7.207117e-01
7.603550e-01
7.983098e-01
8.344394e-01
8.686818e-01
9.009874e-01
9.312258e-01
9.594281e-01
9.854575e-01
1.009271e+00
1.030843e+00
1.050112e+00
1.066985e+00
1.081487e+00
1.093673e+00
1.103369e+00
1.110483e+00
1.115332e+00
1.117393e+00
1.117219e+00
1.114432e+00
1.109236e+00
1.101463e+00
1.091245e+00
1.078687e+00
1.063589e+00
1.046195e+00
1.026429e+00
1.004410e+00
9.802305e-01
9.536610e-01
9.251794e-01
8.944320e-01
8.618284e-01
8.273128e-01
7.908914e-01
7.528001e-01
7.130078e-01
6.715332e-01
6.286619e-01
5.843503e-01
5.387661e-01
4.920459e-01
4.441462e-01
3.953402e-01
3.456588e-01
2.951332e-01
2.439620e-01
1.922879e-01
1.402103e-01
8.781612e-02
3.527295e-02
-1.736954e-02
-6.984442e-02
-1.222200e-01
-1.744155e-01
-2.261082e-01
-2.772608e-01
-3.277181e-01
-3.776354e-01
-4.265097e-01
-4.745584e-01
-5.214649e-01
-5.672042e-01
-6.115096e-01
-6.547410e-01
-6.963460e-01
-7.363741e-01
-7.747324e-01
-8.114642e-01
-8.462653e-01
-8.791979e-01
-9.101316e-01
-9.390726e-01
-9.658904e-01
-9.905169e-01
-1.012859e+00
-1.033171e+00
-1.050981e+00
-1.066457e+00
-1.079618e+00
-1.090296e+00
-1.098558e+00
-1.104338e+00
-1.107615e+00
-1.108578e+00
-1.106784e+00
-1.102767e+00
-1.096236e+00
-1.087142e+00
-1.075800e+00
-1.061913e+00
-1.045636e+00
-1.027211e+00
-1.006341e+00
-9.832600e-01
-9.579941e-01
-9.305802e-01
-9.011551e-01
-8.695696e-01
-8.362024e-01
-8.009605e-01
-7.638500e-01
-7.250200e-01
-6.846876e-01
-6.428344e-01
-5.994788e-01
-5.549065e-01
-5.089747e-01
-4.620186e-01
-4.138706e-01
-3.648907e-01
-3.151969e-01
-2.647520e-01
-2.137794e-01
-1.622730e-01
-1.104002e-01
-5.833508e-02
-6.120931e-03
4.600010e-02
9.813976e-02
1.499939e-01
2.014569e-01
2.524853e-01
3.029675e-01
3.526737e-01
4.017094e-01
4.496588e-01
4.967701e-01
5.426584e-01
5.873921e-01
6.308160e-01
6.727375e-01
7.131568e-01
7.520613e-01
7.891532e-01
8.245875e-01
8.580540e-01
8.897761e-01
9.193564e-01
9.468758e-01
9.723528e-01
9.956756e-01
1.016640e+00
1.035356e+00
1.051751e+00
1.065955e+00
1.077675e+00
1.086925e+00
1.093797e+00
1.098235e+00
1.100147e+00
1.099676e+00
1.096702e+00
1.091320e+00
1.083473e+00
1.073162e+00
1.060566e+00
1.045618e+00
1.028267e+00
1.008569e+00
9.867301e-01
9.626499e-01
9.364156e-01
9.080520e-01
8.776708e-01
8.454645e-01
8.111910e-01
7.752414e-01
7.375598e-01
6.982642e-01
6.573235e-01
6.149736e-01
5.712083e-01
5.262139e-01
4.801020e-01
4.329286e-01
3.847930e-01
3.356890e-01
2.859145e-01
2.356000e-01
1.846833e-01
1.333693e-01
8.176968e-02
2.994663e-02
-2.179573e-02
-7.357533e-02
-1.250818e-01
-1.763710e-01
-2.272132e-01
-2.775774e-01
-3.271843e-01
-3.761890e-01
-4.243184e-01
-4.714731e-01
-5.175974e-01
-5.624056e-01
-6.061584e-01
-6.484028e-01
-6.892566e-01
-7.285212e-01
-7.661966e-01
-8.020965e-01
-8.362272e-01
-8.685329e-01
-8.988271e-01
-9.270852e-01
-9.532823e-01
-9.774060e-01
-9.993134e-01
-1.018818e+00
-1.036225e+00
-1.051236e+00
-1.063968e+00
-1.074348e+00
-1.082256e+00
-1.087719e+00
-1.090829e+00
-1.091357e+00
-1.089582e+00
-1.085286e+00
-1.078588e+00
-1.069487e+00
-1.057996e+00
-1.044289e+00
-1.028068e+00
-1.009569e+00
-9.888719e-01
-9.659525e-01
-9.408728e-01
-9.136576e-01
-8.846546e-01
-8.533112e-01
-8.203290e-01
-7.854409e-01
-7.485849e-01
-7.103384e-01
-6.704779e-01
-6.290902e-01
-5.863616e-01
-5.422673e-01
-4.969687e-01
-4.505899e-01
-4.032055e-01
-3.548712e-01
-3.058479e-01
-2.561976e-01
-2.058893e-01
-1.550967e-01
-1.040682e-01
-5.272940e-02
-1.415388e-03
5.001658e-02
1.012685e-01
1.523466e-01
2.030461e-01
2.532365e-01
3.028619e-01
3.518108e-01
3.999278e-01
4.471756e-01
4.933930e-01
5.385302e-01
5.824507e-01
6.250924e-01
6.662131e-01
7.059247e-01
7.440222e-01
7.804374e-01
8.151765e-01
8.479973e-01
8.789434e-01
9.080458e-01
9.348574e-01
9.598378e-01
9.824840e-01
1.003001e+00
1.021264e+00
1.037324e+00
1.050913e+00
1.062211e+00
1.071300e+00
1.077712e+00
1.081878e+00
1.083610e+00
1.082877e+00
1.079755e+00
1.074248e+00
1.066302e+00
1.056109e+00
1.043377e+00
1.028391e+00
1.011071e+00
9.914916e-01
9.697207e-01
9.457832e-01
9.198282e-01
8.917750e-01
8.616732e-01
8.297090e-01
7.958639e-01
7.602557e-01
7.230397e-01
6.840793e-01
6.436104e-01
6.018130e-01
5.586312e-01
5.142638e-01
4.686734e-01
4.221084e-01
3.745687e-01
3.261848e-01
2.771242e-01
2.275360e-01
1.772835e-01
1.266648e-01
7.576049e-02
2.482516e-02
-2.622813e-02
-7.708276e-02
-1.278381e-01
-1.783202e-01
-2.283989e-01
-2.779375e-01
-3.268304e-01
-3.749722e-01
-4.223008e-01
-4.686051e-01
-5.140155e-01
-5.581470e-01
-6.010308e-01
-6.424929e-01
-6.826453e-01
-7.211835e-01
-7.581512e-01
-7.934552e-01
-8.268100e-01
-8.584824e-01
-8.881434e-01
-9.158242e-01
-9.414502e-01
-9.649965e-01
-9.863391e-01
-1.005559e+00
-1.022345e+00
-1.037026e+00
-1.049324e+00
-1.059300e+00
-1.066830e+00
-1.072057e+00
-1.074869e+00
-1.075223e+00
-1.073156e+00
-1.068847e+00
-1.062019e+00
-1.052881e+00
-1.041384e+00
-1.027485e+00
-1.011406e+00
-9.929814e-01
-9.724335e-01
-9.494831e-01
-9.247697e-01
-8.977780e-01
-8.688308e-01
-8.379034e-01
-8.051942e-01
-7.705917e-01
-7.343628e-01
-6.964577e-01
-6.570317e-01
-6.161096e-01
-5.738404e-01
-5.302490e-01
-4.854470e-01
-4.397883e-01
-3.929936e-01
-3.453050e-01
-2.969148e-01
-2.479163e-01
-1.983343e-01
-1.481874e-01
-9.784799e-02
-4.727892e-02
3.314987e-03
5.389648e-02
1.044718e-01
1.547242e-01
2.046663e-01
2.540559e-01
3.028806e-01
3.510907e-01
3.983882e-01
4.449781e-01
4.903760e-01
5.347124e-01
5.779066e-01
6.197412e-01
6.602846e-01
6.992823e-01
7.367156e-01
7.724789e-01
8.064606e-01
8.387352e-01
8.689860e-01
8.974924e-01
9.238509e-01
9.481857e-01
9.703663e-01
9.903555e-01
1.008203e+00
1.023834e+00
1.037007e+00
1.047977e+00
1.056630e+00
1.062851e+00
1.066749e+00
1.068152e+00
1.067283e+00
1.063956e+00
1.058350e+00
1.050292e+00
1.039907e+00
1.027298e+00
1.012189e+00
9.949866e-01
9.755747e-01
9.539155e-01
9.302388e-01
9.043335e-01
8.764292e-01
8.466254e-01
8.149344e-01
7.815113e-01
7.462322e-01
7.094383e-01
6.708193e-01
6.308594e-01
5.894718e-01
5.467618e-01
5.030027e-01
4.579276e-01
4.118592e-01
3.649155e-01
3.172021e-01
2.687561e-01
2.197452e-01
1.701383e-01
1.202273e-01
7.019206e-02
1.979681e-02
-3.041221e-02
-8.060882e-02
-1.306564e-01
-1.804123e-01
-2.297025e-01
-2.785210e-01
-3.266442e-01
-3.740659e-01
-4.206433e-01
-4.663641e-01
-5.108370e-01
-5.542919e-01
-5.964121e-01
-6.372970e-01
-6.767478e-01
-7.145784e-01
-7.508198e-01
-7.854906e-01
-8.183114e-01
-8.493196e-01
-8.784095e-01
-9.055440e-01
-9.306733e-01
-9.537168e-01
-9.745131e-01
-9.932546e-01
-1.009743e+00
-1.023890e+00
-1.035946e+00
-1.045525e+00
-1.052744e+00
-1.057711e+00
-1.060231e+00
-1.060430e+00
-1.058207e+00
-1.053744e+00
-1.046729e+00
-1.037529e+00
-1.026020e+00
-1.012102e+00
-9.959922e-01
-9.776481e-01
-9.571125e-01
-9.345346e-01
-9.097467e-01
-8.831213e-01
-8.543169e-01
-8.236688e-01
-7.912639e-01
-7.569717e-01
-7.211028e-01
-6.835081e-01
-6.445043e-01
-6.040974e-01
-5.621821e-01
-5.191183e-01
-4.748936e-01
-4.296633e-01
-3.834397e-01
-3.363098e-01
-2.885032e-01
-2.400510e-01
-1.911084e-01
-1.417374e-01
-9.194434e-02
-4.209537e-02
7.883958e-03
5.785087e-02
1.076378e-01
1.572943e-01
2.063983e-01
2.551547e-01
3.032779e-01
3.507803e-01
3.974322e-01
4.431778e-01
4.879798e-01
5.316706e-01
5.741881e-01
6.153647e-01
6.551445e-01
6.934593e-01
7.302532e-01
7.654579e-01
7.988498e-01
8.304664e-01
8.602826e-01
8.881434e-01
9.141481e-01
9.378124e-01
9.596019e-01
9.791318e-01
9.965199e-01
1.011611e+00
1.024511e+00
1.035139e+00
1.043501e+00
1.049349e+00
1.053061e+00
1.054365e+00
1.053210e+00
1.049696e+00
1.043942e+00
1.035890e+00
1.025436e+00
1.012679e+00
9.976311e-01
9.805285e-01
9.611600e-01
9.396126e-01
9.158614e-01
8.902355e-01
8.625485e-01
8.329743e-01
8.015068e-01
7.683445e-01
7.333261e-01
6.968115e-01
6.587389e-01
6.191080e-01
5.781052e-01
5.359850e-01
4.924618e-01
4.479392e-01
4.023861e-01
3.559266e-01
3.087097e-01
2.608783e-01
2.125192e-01
1.635021e-01
1.142677e-01
6.468571e-02
1.503539e-02
-3.460871e-02
-8.420937e-02
-1.335741e-01
-1.826781e-01
-2.312917e-01
-2.793591e-01
-3.269049e-01
-3.736189e-01
-4.195569e-01
-4.646197e-01
-5.083787e-01
-5.512377e-01
-5.927868e-01
-6.329701e-01
-6.718064e-01
-7.090286e-01
-7.447299e-01
-7.788233e-01
-8.110420e-01
-8.415660e-01
-8.700972e-01
-8.966916e-01
-9.213181e-01
-9.438836e-01
-9.643260e-01
-9.826268e-01
-9.987175e-01
-1.012530e+00
-1.024139e+00
-1.033394e+00
-1.040353e+00
-1.044991e+00
-1.047325e+00
-1.047319e+00
-1.044947e+00
-1.040217e+00
-1.033208e+00
-1.023915e+00
-1.012331e+00
-9.984630e-01
-9.823350e-01
-9.640281e-01
-9.436415e-01
-9.210139e-01
-8.964247e-01
-8.698241e-01
-8.412742e-01
-8.107937e-01
-7.786247e-01
-7.446181e-01
-7.090410e-01
-6.718684e-01
-6.331750e-01
-5.930723e-01
-5.516350e-01
-5.089064e-01
-4.652032e-01
-4.203702e-01
-3.746494e-01
-3.280347e-01
-2.806937e-01
-2.328437e-01
-1.844350e-01
-1.354923e-01
-8.640073e-02
-3.702356e-02
1.236602e-02
6.171836e-02
1.108224e-01
1.599016e-01
2.084531e-01
2.564894e-01
3.040539e-01
3.508920e-01
3.969790e-01
4.421162e-01
4.862230e-01
5.293426e-01
5.711648e-01
6.118635e-01
6.509977e-01
6.887910e-01
7.250758e-01
7.596101e-01
7.924992e-01
8.236688e-01
8.528705e-01
8.803712e-01
9.056744e-01
9.291090e-01
9.503460e-01
9.695779e-01
9.865625e-01
1.001281e+00
1.013914e+00
1.024232e+00
1.032184e+00
1.037870e+00
1.041229e+00
1.042265e+00
1.041036e+00
1.037386e+00
1.031458e+00
1.023201e+00
1.012710e+00
9.999963e-01
9.849920e-01
9.677217e-01
9.483533e-01
9.269611e-01
9.033650e-01
8.777329e-01
8.503315e-01
8.208504e-01
7.897057e-01
7.566055e-01
7.219719e-01
6.856002e-01
6.478689e-01
6.086167e-01
5.679057e-01
5.260959e-01
4.830818e-01
4.389440e-01
3.938999e-01
3.478253e-01
3.010617e-01
2.536710e-01
2.057341e-01
1.573812e-01
1.084262e-01
5.948353e-02
1.039813e-02
-3.875555e-02
-8.773542e-02
-1.365477e-01
-1.850682e-01
-2.331976e-01
-2.806937e-01
-3.275878e-01
-3.737741e-01
-4.191907e-01
-4.635147e-01
-5.068951e-01
-5.491084e-01
-5.900553e-01
-6.297544e-01
-6.680568e-01
-7.047514e-01
-7.399374e-01
-7.734287e-01
-8.052998e-01
-8.352464e-01
-8.633493e-01
-8.895526e-01
-9.137632e-01
-9.358072e-01
-9.558772e-01
-9.736875e-01
-9.895237e-01
-1.003125e+00
-1.014237e+00
-1.023270e+00
-1.030024e+00
-1.034394e+00
-1.036560e+00
-1.036275e+00
-1.033717e+00
-1.028906e+00
-1.021730e+00
-1.012393e+00
-1.000692e+00
-9.867798e-01
-9.705960e-01
-9.522953e-01
-9.319522e-01
-9.093556e-01
-8.848843e-01
-8.584079e-01
-8.299201e-01
-7.997562e-01
-7.675934e-01
-7.338724e-01
-6.985497e-01
-6.615696e-01
-6.231679e-01
-5.833136e-01
-5.422549e-01
-4.997560e-01
-4.564129e-01
-4.121200e-01
-3.666537e-01
-3.205357e-01
-2.735609e-01
-2.261330e-01
-1.780533e-01
-1.296880e-01
-8.106199e-02
-3.219386e-02
1.671151e-02
6.551135e-02
1.141994e-01
1.626641e-01
2.107748e-01
2.583207e-01
3.052830e-01
3.517177e-01
3.972460e-01
4.418803e-01
4.854283e-01
5.280886e-01
5.693397e-01
6.094672e-01
6.482662e-01
6.854077e-01
7.212580e-01
7.553391e-01
7.878433e-01
8.184977e-01
8.472586e-01
8.742689e-01
8.992555e-01
9.222369e-01
9.431387e-01
9.618864e-01
9.785855e-01
9.930621e-01
1.005316e+00
1.015199e+00
1.023027e+00
1.028422e+00
1.031600e+00
1.032432e+00
1.031085e+00
1.027274e+00
1.021103e+00
1.012772e+00
1.002188e+00
9.893809e-01
9.743890e-01
9.570443e-01
9.377627e-01
9.162712e-01
8.928365e-01
8.672602e-01
8.399085e-01
8.105330e-01
7.794441e-01
7.465736e-01
7.120704e-01
6.759842e-01
6.384454e-01
5.993857e-01
5.591216e-01
5.174484e-01
4.746577e-01
4.309111e-01
3.861526e-01
3.405125e-01
2.941710e-01
2.470783e-01
1.994704e-01
1.514279e-01
1.030998e-01
5.448622e-02
5.847786e-03
-4.282790e-02
-9.139184e-02
-1.397758e-01
-1.878182e-01
-2.354138e-01
-2.825064e-01
-3.290218e-01
-3.746122e-01
-4.195507e-01
-4.634153e-01
-5.063860e-01
-5.481275e-01
-5.886275e-01
-6.278983e-01
-6.656358e-01
-7.019516e-01
-7.366535e-01
-7.697785e-01
-8.011281e-01
-8.307581e-01
-8.584761e-01
-8.841952e-01
-9.079899e-01
-9.298849e-01
-9.495700e-01
-9.671072e-01
-9.825088e-01
-9.956570e-01
-1.006664e+00
-1.015423e+00
-1.021916e+00
-1.026020e+00
-1.028000e+00
-1.027528e+00
-1.024865e+00
-1.019905e+00
-1.012542e+00
-1.003051e+00
-9.912495e-01
-9.772259e-01
-9.610483e-01
-9.427352e-01
-9.223052e-01
-8.998452e-01
-8.753491e-01
-8.489409e-01
-8.205835e-01
-7.904817e-01
-7.584244e-01
-7.248524e-01
-6.895794e-01
-6.528042e-01
-6.146073e-01
-5.749516e-01
-5.341102e-01
-4.919900e-01
-4.487586e-01
-4.046581e-01
-3.596264e-01
-3.137753e-01
-2.671544e-01
-2.199686e-01
-1.723669e-01
-1.242872e-01
-7.597156e-02
-2.755040e-02
2.107562e-02
6.946574e-02
1.178248e-01
1.659170e-01
2.135063e-01
2.606983e-01
3.072385e-01
3.531206e-01
3.983385e-01
4.424577e-01
4.857387e-01
5.277534e-01
5.687810e-01
6.085609e-01
6.468198e-01
6.837068e-01
7.190046e-01
7.527132e-01
7.848263e-01
8.150709e-01
8.435897e-01
8.701903e-01
8.948727e-01
9.174196e-01
9.379986e-01
9.565414e-01
9.728432e-01
9.870467e-01
9.990651e-01
1.008706e+00
1.016267e+00
1.021420e+00
1.024399e+00
1.024977e+00
1.023456e+00
1.019402e+00
1.013188e+00
1.004795e+00
9.940430e-01
9.811493e-01
9.659773e-01
9.487071e-01
9.293573e-01
9.078595e-01
8.843194e-01
8.588797e-01
8.314410e-01
8.022269e-01
7.711442e-01
7.383730e-01
7.040313e-01
6.680196e-01
6.305739e-01
5.917190e-01
5.515232e-01
5.100983e-01
4.675932e-01
4.239956e-01
3.794357e-01
3.339943e-01
2.879507e-01
2.411808e-01
1.938647e-01
1.460643e-01
9.804044e-02
4.973722e-02
1.303647e-03
-4.695611e-02
-9.527795e-02
-1.432956e-01
-1.909966e-01
-2.381638e-01
-2.849275e-01
-3.310021e-01
-3.764249e-01
-4.209785e-01
-4.644769e-01
-5.070130e-01
-5.483883e-01
-5.886337e-01
-6.274513e-01
-6.648970e-01
-7.008032e-01
-7.351698e-01
-7.679037e-01
-7.988685e-01
-8.282129e-01
-8.555212e-01
-8.810292e-01
-9.045321e-01
-9.260609e-01
-9.453735e-01
-9.627493e-01
-9.778467e-01
-9.907839e-01
-1.001536e+00
-1.010078e+00
-1.016230e+00
-1.020197e+00
-1.021966e+00
-1.021333e+00
-1.018427e+00
-1.013269e+00
-1.005900e+00
-9.962406e-01
-9.843836e-01
-9.702173e-01
-9.539093e-01
-9.356086e-01
-9.150668e-01
-8.925882e-01
-8.680362e-01
-8.416094e-01
-8.132831e-01
-7.831067e-01
-7.512357e-01
-7.176575e-01
-6.823535e-01
-6.458017e-01
-6.075925e-01
-5.681478e-01
-5.273375e-01
-4.854346e-01
-4.424266e-01
-3.983572e-01
-3.535366e-01
-3.078220e-01
-2.614308e-01
-2.145306e-01
-1.670468e-01
-1.192092e-01
-7.116048e-02
-2.289452e-02
2.538386e-02
7.356913e-02
1.214937e-01
1.693561e-01
2.167530e-01
2.636284e-01
3.099389e-01
3.554362e-01
4.003499e-01
4.442331e-01
4.871976e-01
5.289701e-01
5.696377e-01
6.090823e-01
6.469688e-01
6.835268e-01
7.185328e-01
7.519496e-01
7.838331e-01
8.137300e-01
8.419943e-01
8.682783e-01
8.926193e-01
9.149675e-01
9.352796e-01
9.535554e-01
9.696586e-01
9.836076e-01
9.952846e-01
1.004820e+00
1.012058e+00
1.017080e+00
1.019756e+00
1.020190e+00
1.018396e+00
1.014256e+00
1.007911e+00
9.993569e-01
9.884187e-01
9.753822e-01
9.601482e-01
9.427538e-01
9.232488e-01
9.017696e-01
8.780619e-01
8.526346e-01
8.252456e-01
7.959508e-01
7.648433e-01
7.321838e-01
6.977676e-01
6.618179e-01
6.244343e-01
5.856974e-01
5.454458e-01
5.041388e-01
4.616834e-01
4.181602e-01
3.737493e-01
3.284445e-01
2.824444e-01
2.358855e-01
1.887432e-01
1.411725e-01
9.316728e-02
4.512480e-02
-3.023219e-03
-5.125814e-02
-9.923234e-02
-1.470638e-01
-1.946096e-01
-2.415533e-01
-2.880687e-01
-3.339384e-01
-3.790818e-01
-4.233251e-01
-4.666062e-01
-5.089188e-01
-5.501016e-01
-5.900305e-01
-6.285625e-01
-6.656668e-01
-7.015233e-01
-7.355671e-01
-7.680465e-01
-7.987133e-01
-8.278218e-01
-8.548694e-01
-8.801415e-01
-9.033340e-01
-9.246331e-01
-9.437533e-01
-9.608062e-01
-9.757609e-01
-9.884373e-01
-9.989782e-01
-1.007253e+00
-1.013244e+00
-1.017049e+00
-1.018521e+00
-1.017769e+00
-1.014665e+00
-1.009333e+00
-1.001797e+00
-9.919385e-01
-9.799201e-01
-9.656669e-01
-9.493279e-01
-9.308285e-01
-9.102744e-01
-8.875599e-01
-8.630700e-01
-8.364445e-01
-8.081492e-01
-7.779418e-01
-7.459528e-01
-7.123808e-01
-6.771699e-01
-6.403947e-01
-6.022785e-01
-5.627408e-01
-5.220608e-01
-4.801082e-01
-4.371686e-01
-3.931736e-01
-3.483096e-01
-3.026757e-01
-2.564335e-01
-2.096388e-01
-1.622916e-01
-1.144726e-01
-6.659772e-02
-1.844350e-02
2.965486e-02
7.772217e-02
1.256653e-01
1.732671e-01
2.205398e-01
2.671917e-01
3.132663e-01
3.588256e-01
4.033669e-01
4.471322e-01
4.898235e-01
5.314036e-01
5.719408e-01
6.111061e-01
6.488560e-01
6.852588e-01
7.199792e-01
7.533029e-01
7.847642e-01
8.146240e-01
8.425655e-01
8.686818e-01
8.927621e-01
9.149054e-01
9.350561e-01
9.530340e-01
9.689074e-01
9.826268e-01
9.941361e-01
1.003411e+00
1.010438e+00
1.015379e+00
1.017813e+00
1.018160e+00
1.016118e+00
1.011822e+00
1.005254e+00
9.965013e-01
9.855134e-01
9.722783e-01
9.569263e-01
9.393581e-01
9.197724e-01
8.980387e-01
8.743993e-01
8.487236e-01
8.212601e-01
7.918412e-01
7.606530e-01
7.278135e-01
6.933290e-01
6.573731e-01
6.199274e-01
5.810167e-01
5.409451e-01
4.995450e-01
4.570213e-01
4.134608e-01
3.690996e-01
3.238010e-01
2.778754e-01
2.311986e-01
1.840190e-01
1.365166e-01
8.870384e-02
4.071102e-02
-7.393539e-03
-5.553535e-02
-1.034723e-01
-1.512106e-01
-1.986509e-01
-2.456257e-01
-2.920231e-01
-3.377748e-01
-3.827134e-01
-4.269008e-01
-4.700577e-01
-5.122400e-01
-5.532118e-01
-5.929792e-01
-6.314244e-01
-6.683734e-01
-7.039257e-01
-7.379447e-01
-7.702441e-01
-8.008177e-01
-8.295600e-01
-8.565517e-01
-8.815321e-01
-9.046687e-01
-9.257009e-01
-9.447279e-01
-9.614766e-01
-9.763134e-01
-9.888470e-01
-9.990713e-01
-1.007135e+00
-1.013033e+00
-1.016565e+00
-1.017925e+00
-1.016993e+00
-1.013691e+00
-1.008172e+00
-1.000431e+00
-9.904300e-01
-9.781757e-01
-9.637922e-01
-9.472731e-01
-9.286061e-01
-9.079216e-01
-8.850085e-01
-8.602702e-01
-8.337131e-01
-8.050949e-01
-7.748007e-01
-7.426689e-01
-7.089293e-01
-6.736377e-01
-6.368873e-01
-5.985787e-01
-5.590161e-01
-5.182120e-01
-4.761725e-01
-4.331025e-01
-3.889895e-01
-3.441131e-01
-2.984792e-01
-2.521439e-01
-2.052436e-01
-1.578778e-01
-1.102202e-01
-6.217153e-02
-1.412284e-02
3.403139e-02
8.205524e-02
1.299549e-01
1.775815e-01
2.248170e-01
2.715248e-01
3.175559e-01
3.629290e-01
4.075510e-01
4.511611e-01
4.938586e-01
5.354449e-01
5.757773e-01
6.148060e-01
6.525000e-01
6.887786e-01
7.234556e-01
7.565993e-01
7.879613e-01
8.175789e-01
8.454707e-01
8.713450e-01
8.953507e-01
9.173637e-01
9.372537e-01
9.552378e-01
9.709250e-01
9.842905e-01
9.957501e-01
1.004894e+00
1.011729e+00
1.016391e+00
1.018713e+00
1.018775e+00
1.016608e+00
1.012102e+00
1.005310e+00
9.964020e-01
9.852154e-01
9.717693e-01
9.562372e-01
9.384952e-01
9.186860e-01
8.968654e-01
8.729280e-01
8.471344e-01
8.193605e-01
7.899043e-01
7.585485e-01
7.255166e-01
6.909513e-01
6.547534e-01
6.171649e-01
5.780121e-01
5.377418e-01
4.962734e-01
4.536442e-01
4.099472e-01
3.654184e-01
3.200639e-01
2.739210e-01
2.272132e-01
1.800212e-01
1.324070e-01
8.437077e-02
3.631587e-02
-1.191906e-02
-6.002982e-02
-1.080475e-01
-1.558665e-01
-2.032261e-01
-2.502319e-01
-2.966293e-01
-3.424245e-01
-3.873755e-01
-4.316002e-01
-4.747012e-01
-5.168276e-01
-5.577932e-01
-5.975171e-01
-6.359437e-01
-6.729672e-01
-7.083333e-01
-7.422529e-01
-7.744654e-01
-8.049894e-01
-8.337193e-01
-8.605061e-01
-8.854865e-01
-9.084244e-01
-9.293449e-01
-9.481360e-01
-9.648785e-01
-9.794856e-01
-9.917833e-01
-1.001983e+00
-1.009935e+00
-1.015510e+00
-1.018974e+00
-1.020085e+00
-1.018955e+00
-1.015491e+00
-1.009718e+00
-1.001766e+00
-9.915909e-01
-9.791628e-01
-9.645247e-01
-9.477759e-01
-9.288979e-01
-9.078968e-01
-8.849836e-01
-8.599909e-01
-8.330488e-01
-8.043624e-01
-7.738074e-01
-7.414894e-01
-7.075201e-01
-6.719988e-01
-6.349628e-01
-5.965177e-01
-5.567440e-01
-5.156730e-01
-4.733479e-01
-4.301475e-01
-3.860160e-01
-3.408788e-01
-2.950214e-01
-2.485433e-01
-2.014941e-01
-1.539048e-01
-1.060175e-01
-5.793157e-02
-9.659401e-03
3.856932e-02
8.677320e-02
1.347722e-01
1.824609e-01
2.297957e-01
2.764724e-01
3.227022e-01
3.681871e-01
4.128152e-01
4.564626e-01
4.991911e-01
5.407216e-01
5.811284e-01
6.202068e-01
6.578511e-01
6.941794e-01
7.288192e-01
7.618573e-01
7.932504e-01
8.228556e-01
8.506046e-01
8.764603e-01
9.003853e-01
9.222369e-01
9.421454e-01
9.596950e-01
9.754691e-01
9.888408e-01
1.000009e+00
1.008991e+00
1.015739e+00
1.020091e+00
1.022320e+00
1.022220e+00
1.019774e+00
1.015143e+00
1.008247e+00
9.990093e-01
9.875930e-01
9.739917e-01
9.580810e-01
9.401775e-01
9.201138e-01
8.980077e-01
8.738406e-01
8.477490e-01
8.197889e-01
7.899912e-01
7.584120e-01
7.251690e-01
6.902747e-01
6.538595e-01
6.158675e-01
5.766402e-01
5.360657e-01
4.942745e-01
4.514218e-01
4.075075e-01
3.627304e-01
3.170655e-01
2.707302e-01
2.238113e-01
1.763275e-01
1.284340e-01
8.027359e-02
3.197038e-02
-1.633904e-02
-6.471054e-02
-1.129330e-01
-1.608824e-01
-2.084779e-01
-2.555520e-01
-3.021543e-01
-3.480799e-01
-3.931736e-01
-4.374231e-01
-4.807352e-01
-5.228865e-01
-5.639575e-01
-6.038057e-01
-6.422198e-01
-6.791999e-01
-7.147646e-01
-7.486036e-01
-7.808533e-01
-8.113152e-01
-8.399954e-01
-8.668133e-01
-8.916509e-01
-9.145454e-01
-9.353665e-01
-9.541079e-01
-9.708505e-01
-9.851658e-01
-9.975442e-01
-1.007514e+00
-1.015274e+00
-1.020799e+00
-1.024014e+00
-1.024927e+00
-1.023524e+00
-1.019923e+00
-1.013964e+00
-1.005720e+00
-9.953653e-01
-9.826826e-01
-9.678149e-01
-9.507805e-01
-9.317287e-01
-9.104296e-01
-8.871688e-01
-8.618594e-01
-8.346877e-01
-8.055667e-01
-7.747696e-01
-7.422405e-01
-7.079360e-01
-6.720795e-01
-6.346711e-01
-5.959714e-01
-5.558936e-01
-5.144376e-01
-4.719263e-01
-4.284838e-01
-3.838619e-01
-3.384825e-01
-2.923583e-01
-2.455201e-01
-1.982350e-01
-1.503725e-01
-1.021562e-01
-5.384061e-02
-5.320120e-03
4.324382e-02
9.165878e-02
1.399434e-01
1.878369e-01
2.354200e-01
2.823388e-01
3.286679e-01
3.743639e-01
4.192031e-01
4.630180e-01
5.058770e-01
5.476371e-01
5.880315e-01
6.272899e-01
6.650771e-01
7.013433e-01
7.361693e-01
7.692943e-01
8.006625e-01
8.302739e-01
8.580478e-01
8.837917e-01
9.077292e-01
9.295311e-01
9.493900e-01
9.669954e-01
9.825088e-01
9.958681e-01
1.006924e+00
1.015795e+00
1.022282e+00
1.026671e+00
1.028552e+00
1.028316e+00
1.025691e+00
1.020793e+00
1.013536e+00
1.004143e+00
9.925034e-01
9.785917e-01
9.624389e-01
9.442685e-01
9.238944e-01
9.015027e-01
8.769383e-01
8.506356e-01
8.222658e-01
7.921578e-01
7.603053e-01
7.266030e-01
6.913859e-01
6.545362e-01
6.163145e-01
5.766464e-01
5.356622e-01
4.935420e-01
4.503230e-01
4.061480e-01
3.608556e-01
3.148307e-01
2.681291e-01
2.208253e-01
1.730746e-01
1.248521e-01
7.644956e-02
2.769318e-02
-2.099492e-02
-6.959611e-02
-1.180918e-01
-1.663267e-01
-2.142264e-01
-2.616419e-01
-3.084676e-01
-3.546478e-01
-3.999836e-01
-4.445187e-01
-4.879177e-01
-5.304228e-01
-5.715684e-01
-6.116213e-01
-6.501472e-01
-6.872577e-01
-7.229217e-01
-7.568414e-01
-7.891718e-01
-8.198137e-01
-8.484691e-01
-8.753118e-01
-9.002363e-01
-9.230253e-01
-9.439457e-01
-9.625816e-01
-9.791131e-01
-9.935712e-01
-1.005670e+00
-1.015615e+00
-1.023226e+00
-1.028602e+00
-1.031650e+00
-1.032333e+00
-1.030806e+00
-1.026988e+00
-1.020824e+00
-1.012375e+00
-1.001617e+00
-9.886856e-01
-9.735385e-01
-9.562248e-01
-9.367136e-01
-9.151848e-01
-8.915329e-01
-8.658573e-01
-8.384124e-01
-8.089376e-01
-7.776811e-01
-7.447050e-01
-7.100839e-01
-6.738239e-01
-6.360244e-01
-5.968529e-01
-5.563964e-01
-5.145928e-01
-4.716718e-01
-4.276706e-01
-3.827134e-01
-3.368995e-01
-2.902724e-01
-2.430246e-01
-1.952925e-01
-1.470575e-01
-9.854327e-02
-4.981172e-02
-8.318507e-04
4.799903e-02
9.686715e-02
1.454497e-01
1.936971e-01
2.416030e-01
2.889253e-01
3.356145e-01
3.816146e-01
4.265470e-01
4.707282e-01
5.138727e-01
5.558191e-01
5.965177e-01
6.359747e-01
6.739232e-01
7.104005e-01
7.454065e-01
7.785129e-01
8.100488e-01
8.397719e-01
8.676327e-01
8.935070e-01
9.174072e-01
9.392464e-01
9.590183e-01
9.766176e-01
9.920006e-01
1.005285e+00
1.016311e+00
1.024977e+00
1.031458e+00
1.035530e+00
1.037417e+00
1.036871e+00
1.034059e+00
1.028931e+00
1.021506e+00
1.011717e+00
9.997542e-01
9.855382e-01
9.691806e-01
9.505695e-01
9.299098e-01
9.070898e-01
8.822584e-01
8.555398e-01
8.267479e-01
7.962115e-01
7.638624e-01
7.297814e-01
6.941546e-01
6.568144e-01
6.181582e-01
5.780493e-01
5.365996e-01
4.939579e-01
4.503106e-01
4.056017e-01
3.599244e-01
3.135208e-01
2.662667e-01
2.184663e-01
1.702128e-01
1.215619e-01
7.260691e-02
2.353393e-02
-2.561976e-02
-7.472378e-02
-1.236726e-01
-1.723545e-01
-2.206143e-01
-2.684333e-01
-3.155942e-01
-3.620910e-01
-4.077683e-01
-4.526447e-01
-4.964597e-01
-5.391138e-01
-5.806690e-01
-6.208772e-01
-6.596638e-01
-6.971095e-01
-7.329226e-01
-7.670409e-01
-7.995017e-01
-8.302739e-01
-8.590659e-01
-8.860203e-01
-9.109448e-01
-9.338269e-01
-9.546791e-01
-9.733336e-01
-9.897782e-01
-1.004236e+00
-1.016304e+00
-1.026044e+00
-1.033556e+00
-1.038839e+00
-1.041707e+00
-1.042210e+00
-1.040502e+00
-1.036325e+00
-1.029980e+00
-1.021240e+00
-1.010152e+00
-9.969979e-01
-9.814969e-01
-9.638853e-01
-9.439767e-01
-9.220072e-01
-8.979829e-01
-8.718851e-01
-8.439808e-01
-8.140218e-01
-7.822563e-01
-7.489698e-01
-7.138148e-01
-6.770210e-01
-6.387620e-01
-5.991250e-01
-5.580849e-01
-5.157909e-01
-4.722553e-01
-4.277451e-01
-3.823099e-01
-3.359870e-01
-2.888819e-01
-2.410753e-01
-1.928714e-01
-1.441026e-01
-9.503584e-02
-4.572696e-02
3.668834e-03
5.303359e-02
1.023176e-01
1.513782e-01
2.001656e-01
2.484875e-01
2.962196e-01
3.432812e-01
3.896786e-01
4.351759e-01
4.796675e-01
5.230789e-01
5.654288e-01
6.063323e-01
6.460811e-01
6.843214e-01
7.210718e-01
7.562516e-01
7.896809e-01
8.213533e-01
8.511757e-01
8.791483e-01
9.050722e-01
9.291648e-01
9.509419e-01
9.709002e-01
9.884373e-01
1.003827e+00
1.017031e+00
1.027901e+00
1.036567e+00
1.042849e+00
1.046816e+00
1.048442e+00
1.047716e+00
1.044718e+00
1.039273e+00
1.031582e+00
1.021581e+00
1.009221e+00
9.946824e-01
9.779647e-01
9.589687e-01
9.378620e-01
9.146944e-01
8.893105e-01
8.620953e-01
8.330923e-01
8.018482e-01
7.690708e-01
7.345118e-01
6.983014e-01
6.604708e-01
6.211380e-01
5.805821e-01
5.386358e-01
4.954043e-01
4.510990e-01
4.058190e-01
3.596016e-01
3.125896e-01
2.647706e-01
2.163681e-01
1.675310e-01
1.183835e-01
6.886358e-02
1.920706e-02
-3.044946e-02
-8.014944e-02
-1.295825e-01
-1.788044e-01
-2.275298e-01
-2.758082e-01
-3.234409e-01
-3.704902e-01
-4.166144e-01
-4.619068e-01
-5.060943e-01
-5.490836e-01
-5.909616e-01
-6.315671e-01
-6.706641e-01
-7.083892e-01
-7.444381e-01
-7.788482e-01
-8.115200e-01
-8.424785e-01
-8.714443e-01
-8.984919e-01
-9.236461e-01
-9.466027e-01
-9.674362e-01
-9.862149e-01
-1.002653e+00
-1.016913e+00
-1.028975e+00
-1.038677e+00
-1.046164e+00
-1.051205e+00
-1.053961e+00
-1.054271e+00
-1.052285e+00
-1.047896e+00
-1.041185e+00
-1.032215e+00
-1.020879e+00
-1.007266e+00
-9.914357e-01
-9.733398e-01
-9.530154e-01
-9.307665e-01
-9.060965e-01
-8.797132e-01
-8.512254e-01
-8.207946e-01
-7.885821e-01
-7.545755e-01
-7.189363e-01
-6.815465e-01
-6.426730e-01
-6.024462e-01
-5.608288e-01
-5.178767e-01
-4.738507e-01
-4.287694e-01
-3.826079e-01
-3.356331e-01
-2.879569e-01
-2.395730e-01
-1.906552e-01
-1.412408e-01
-9.154703e-02
-4.169807e-02
8.312299e-03
5.830404e-02
1.080909e-01
1.578282e-01
2.071060e-01
2.559927e-01
3.041780e-01
3.518729e-01
3.986241e-01
4.445683e-01
4.895317e-01
5.333901e-01
5.761001e-01
6.175002e-01
6.576277e-01
6.962094e-01
7.332267e-01
7.686549e-01
8.023697e-01
8.341725e-01
8.643239e-01
8.924641e-01
9.186053e-01
9.427103e-01
9.647047e-01
9.845264e-01
1.002200e+00
1.017533e+00
1.030831e+00
1.041676e+00
1.050118e+00
1.056227e+00
1.060144e+00
1.061504e+00
1.060653e+00
1.057357e+00
1.051695e+00
1.043637e+00
1.033332e+00
1.020743e+00
1.005825e+00
9.886360e-01
9.692116e-01
9.476021e-01
9.238695e-01
8.981877e-01
8.704014e-01
8.406721e-01
8.091362e-01
7.756325e-01
7.405023e-01
7.036340e-01
6.652943e-01
6.253345e-01
5.840772e-01
5.414603e-01
4.977075e-01
4.526820e-01
4.067129e-01
3.597941e-01
3.120806e-01
2.637029e-01
2.146796e-01
1.652031e-01
1.151989e-01
6.516992e-02
1.482432e-02
-3.549644e-02
-8.580478e-02
-1.358400e-01
-1.856020e-01
-2.350102e-01
-2.838225e-01
-3.320636e-01
-3.795660e-01
-4.262552e-01
-4.719822e-01
-5.167221e-01
-5.601459e-01
-6.025331e-01
-6.433931e-01
-6.829681e-01
-7.209911e-01
-7.574435e-01
-7.922509e-01
-8.251462e-01
-8.562351e-01
-8.854989e-01
-9.126644e-01
-9.378869e-01
-9.610359e-01
-9.820060e-01
-1.000766e+00
-1.017267e+00
-1.031638e+00
-1.043600e+00
-1.053260e+00
-1.060535e+00
-1.065477e+00
-1.068003e+00
-1.068152e+00
-1.065917e+00
-1.061348e+00
-1.054321e+00
-1.044885e+00
-1.033326e+00
-1.019383e+00
-1.003082e+00
-9.845822e-01
-9.637549e-01
-9.410094e-01
-9.159173e-01
-8.888201e-01
-8.597860e-01
-8.288523e-01
-7.960936e-01
-7.614786e-01
-7.250883e-01
-6.872328e-01
-6.477758e-01
-6.067606e-01
-5.643921e-01
-5.208193e-01
-4.760980e-01
-4.301661e-01
-3.834708e-01
-3.357511e-01
-2.873113e-01
-2.382197e-01
-1.886625e-01
-1.385963e-01
-8.819480e-02
-3.757606e-02
1.302405e-02
6.375453e-02
1.142305e-01
1.646009e-01
2.145057e-01
2.639698e-01
3.128255e-01
3.610108e-01
4.084325e-01
4.548796e-01
5.003582e-01
5.447691e-01
5.878826e-01
6.298289e-01
6.702979e-01
7.091714e-01
7.467723e-01
7.824177e-01
8.163994e-01
8.487174e-01
8.789434e-01
9.073319e-01
9.336283e-01
9.578202e-01
9.799326e-01
9.998659e-01
1.017614e+00
1.032972e+00
1.046164e+00
1.056941e+00
1.065383e+00
1.071467e+00
1.075111e+00
1.076384e+00
1.075173e+00
1.071647e+00
1.065750e+00
1.057400e+00
1.046698e+00
1.033686e+00
1.018266e+00
1.000685e+00
9.808203e-01
9.587949e-01
9.345967e-01
9.082568e-01
8.799801e-01
8.496610e-01
8.174361e-01
7.834047e-01
7.475731e-01
7.101522e-01
6.709807e-01
6.304808e-01
5.884599e-01
5.450733e-01
5.005755e-01
4.548485e-01
4.082090e-01
3.605638e-01
3.121178e-01
2.629642e-01
2.131835e-01
1.629124e-01
1.122564e-01
6.134589e-02
1.039813e-02
-4.067378e-02
-9.159670e-02
-1.423955e-01
-1.929149e-01
-2.429811e-01
-2.924390e-01
-3.413071e-01
-3.893310e-01
-4.366223e-01
-4.829949e-01
-5.282314e-01
-5.722202e-01
-6.150232e-01
-6.564420e-01
-6.963770e-01
-7.348097e-01
-7.715664e-01
-8.067462e-01
-8.399768e-01
-8.713388e-01
-9.008819e-01
-9.282709e-01
-9.536672e-01
-9.769218e-01
-9.980160e-01
-1.016888e+00
-1.033463e+00
-1.047753e+00
-1.059647e+00
-1.069239e+00
-1.076508e+00
-1.081226e+00
-1.083666e+00
-1.083535e+00
-1.081127e+00
-1.076198e+00
-1.068872e+00
-1.059325e+00
-1.047207e+00
-1.032687e+00
-1.016006e+00
-9.970538e-01
-9.759037e-01
-9.524504e-01
-9.268741e-01
-8.992865e-01
-8.696316e-01
-8.381331e-01
-8.045486e-01
-7.693378e-01
-7.322707e-01
-6.936890e-01
-6.534622e-01
-6.117641e-01
-5.687562e-01
-5.244446e-01
-4.788356e-01
-4.322147e-01
-3.847061e-01
-3.362415e-01
-2.870816e-01
-2.371954e-01
-1.868871e-01
-1.359207e-01
-8.477428e-02
-3.345406e-02
1.800274e-02
6.931055e-02
1.206804e-01
1.717089e-01
2.222904e-01
2.724249e-01
3.219759e-01
3.707385e-01
4.188430e-01
4.659357e-01
5.119607e-01
5.568930e-01
6.007080e-01
6.429523e-01
6.839799e-01
7.233501e-01
7.611744e-01
7.973227e-01
8.316769e-01
8.642184e-01
8.947734e-01
9.234164e-01
9.498494e-01
9.743703e-01
9.964951e-01
1.016664e+00
1.034326e+00
1.049734e+00
1.062907e+00
1.073671e+00
1.081971e+00
1.087974e+00
1.091444e+00
1.092499e+00
1.091177e+00
1.087378e+00
1.081065e+00
1.072355e+00
1.061330e+00
1.047871e+00
1.032153e+00
1.014007e+00
9.936767e-01
9.711112e-01
9.462674e-01
9.194868e-01
8.904403e-01
8.595315e-01
8.266175e-01
7.920460e-01
7.554074e-01
7.172974e-01
6.774617e-01
6.361361e-01
5.933951e-01
5.492139e-01
5.038718e-01
4.575738e-01
4.099224e-01
3.614888e-01
3.122668e-01
2.622937e-01
2.117184e-01
1.607520e-01
1.091835e-01
5.753427e-02
5.773292e-03
-4.611184e-02
-9.784799e-02
-1.493234e-01
-2.005629e-01
-2.512065e-01
-3.014279e-01
-3.509665e-01
-3.998284e-01
-4.477095e-01
-4.946160e-01
-5.403802e-01
-5.850580e-01
-6.283515e-01
-6.702668e-01
-7.106985e-01
-7.496217e-01
-7.867197e-01
-8.222596e-01
-8.558378e-01
-8.875847e-01
-9.172768e-01
-9.450135e-01
-9.705277e-01
-9.939561e-01
-1.015224e+00
-1.034170e+00
-1.050745e+00
-1.065011e+00
-1.076967e+00
-1.086422e+00
-1.093598e+00
-1.098180e+00
-1.100383e+00
-1.100116e+00
-1.097329e+00
-1.092170e+00
-1.084584e+00
-1.074466e+00
-1.062037e+00
-1.047145e+00
-1.030042e+00
-1.010512e+00
-9.887787e-01
-9.648165e-01
-9.387932e-01
-9.104606e-01
-8.802719e-01
-8.479414e-01
-8.138107e-01
-7.777866e-01
-7.400367e-01
-7.007411e-01
-6.597569e-01
-6.173015e-01
-5.734493e-01
-5.284239e-01
-4.820513e-01
-4.346172e-01
-3.861463e-01
-3.368250e-01
-2.868457e-01
-2.361525e-01
-1.849316e-01
-1.333258e-01
-8.135376e-02
-2.917685e-02
2.304971e-02
7.524524e-02
1.272297e-01
1.791210e-01
2.304351e-01
2.812835e-01
3.315049e-01
3.811428e-01
4.297564e-01
4.775320e-01
5.241653e-01
5.696998e-01
6.139741e-01
6.568765e-01
6.983511e-01
7.382923e-01
7.764395e-01
8.131092e-01
8.477366e-01
8.806443e-01
9.115097e-01
9.403390e-01
9.670451e-01
9.917399e-01
1.014007e+00
1.034282e+00
1.051906e+00
1.067507e+00
1.080698e+00
1.091233e+00
1.099638e+00
1.105374e+00
1.108727e+00
1.109602e+00
1.107963e+00
1.103909e+00
1.097211e+00
1.088247e+00
1.076818e+00
1.062938e+00
1.046692e+00
1.028018e+00
1.007235e+00
9.841291e-01
9.587328e-01
9.312134e-01
9.016703e-01
8.700103e-01
8.364880e-01
8.010226e-01
7.638314e-01
7.248896e-01
6.843276e-01
6.422012e-01
5.986656e-01
5.537705e-01
5.075283e-01
4.602431e-01
4.119585e-01
3.626062e-01
3.125462e-01
2.618219e-01
2.103030e-01
1.583931e-01
1.060734e-01
5.369783e-02
9.808389e-04
-5.161199e-02
-1.041738e-01
-1.564562e-01
-2.083848e-01
-2.598478e-01
-3.108825e-01
-3.611287e-01
-4.106052e-01
-4.591630e-01
-5.066716e-01
-5.531062e-01
-5.983862e-01
-6.422136e-01
-6.847187e-01
-7.256656e-01
-7.649054e-01
-8.025497e-01
-8.384310e-01
-8.723507e-01
-9.044390e-01
-9.344415e-01
-9.623457e-01
-9.881642e-01
-1.011754e+00
-1.033159e+00
-1.052117e+00
-1.068879e+00
-1.083150e+00
-1.094989e+00
-1.104505e+00
-1.111427e+00
-1.115835e+00
-1.117933e+00
-1.117399e+00
-1.114370e+00
-1.108845e+00
-1.100824e+00
-1.090469e+00
-1.077507e+00
-1.062249e+00
-1.044624e+00
-1.024666e+00
-1.002312e+00
-9.778033e-01
-9.510537e-01
-9.221748e-01
-8.912225e-01
-8.583147e-01
-8.233770e-01
-7.867259e-01
-7.482683e-01
-7.081222e-01
-6.663124e-01
-6.231493e-01
-5.784156e-01
-5.323720e-01
-4.851925e-01
-4.370134e-01
-3.877914e-01
-3.375886e-01
-2.867154e-01
-2.352586e-01
-1.831437e-01
-1.306130e-01
-7.771596e-02
-2.481274e-02
2.830776e-02
8.124202e-02
1.341639e-01
1.866636e-01
2.388964e-01
2.904711e-01
3.414623e-01
3.917148e-01
4.410857e-01
4.894634e-01
5.367113e-01
5.829722e-01
6.277307e-01
6.712539e-01
7.132561e-01
7.535202e-01
7.923316e-01
8.292062e-01
8.643674e-01
8.975235e-01
9.287117e-01
9.578823e-01
9.848305e-01
1.009612e+00
1.032085e+00
1.052409e+00
1.070356e+00
1.085665e+00
1.098962e+00
1.109558e+00
1.117678e+00
1.123390e+00
1.126493e+00
1.127170e+00
1.125233e+00
1.120931e+00
1.114041e+00
1.104611e+00
1.092779e+00
1.078414e+00
1.061733e+00
1.042588e+00
1.021184e+00
9.973890e-01
9.715023e-01
9.433435e-01
9.130989e-01
8.807809e-01
8.465447e-01
8.104399e-01
7.723486e-01
7.326494e-01
6.912990e-01
6.484276e-01
6.040788e-01
5.582339e-01
5.112530e-01
4.630615e-01
4.139078e-01
3.637671e-01
3.127572e-01
2.611142e-01
2.088132e-01
1.560093e-01
1.028888e-01
4.960065e-02
-3.855069e-03
-5.730458e-02
-1.107355e-01
-1.638373e-01
-2.165978e-01
-2.687809e-01
-3.204798e-01
-3.715145e-01
-4.217049e-01
-4.709082e-01
-5.191183e-01
-5.662731e-01
-6.119752e-01
-6.564606e-01
-6.994437e-01
-7.408251e-01
-7.806422e-01
-8.187460e-01
-8.549811e-01
-8.893043e-01
-9.215975e-01
-9.520097e-01
-9.801560e-01
-1.006223e+00
-1.029875e+00
-1.051441e+00
-1.070499e+00
-1.087179e+00
-1.101606e+00
-1.113296e+00
-1.122676e+00
-1.129697e+00
-1.133850e+00
-1.135706e+00
-1.134905e+00
-1.131665e+00
-1.125829e+00
-1.117536e+00
-1.106697e+00
-1.093313e+00
-1.077594e+00
-1.059436e+00
-1.038814e+00
-1.016087e+00
-9.908273e-01
-9.634818e-01
-9.339945e-01
-9.023594e-01
-8.687315e-01
-8.331419e-01
-7.957211e-01
-7.563944e-01
-7.154040e-01
-6.729176e-01
-6.288109e-01
-5.832577e-01
-5.365313e-01
-4.885509e-01
-4.393724e-01
-3.892813e-01
-3.382963e-01
-2.865664e-01
-2.340604e-01
-1.811262e-01
-1.277139e-01
-7.409058e-02
-2.024377e-02
3.370858e-02
8.753677e-02
1.411539e-01
1.945289e-01
2.474321e-01
2.998449e-01
3.514942e-01
4.025475e-01
4.525454e-01
5.016867e-01
5.496174e-01
5.964494e-01
6.418163e-01
6.857926e-01
7.283846e-01
7.690708e-01
8.083478e-01
8.456632e-01
8.812217e-01
9.147440e-01
9.461867e-01
9.754319e-01
1.002790e+00
1.027658e+00
1.050385e+00
1.070722e+00
1.088713e+00
1.104195e+00
1.117219e+00
1.127896e+00
1.135905e+00
1.141405e+00
1.144428e+00
1.144819e+00
1.142696e+00
1.137916e+00
1.130802e+00
1.120975e+00
1.108627e+00
1.093940e+00
1.076626e+00
1.057022e+00
1.035102e+00
1.010767e+00
9.842594e-01
9.554302e-01
9.244841e-01
8.915453e-01
8.565207e-01
8.197454e-01
7.808533e-01
7.403409e-01
6.982083e-01
6.544989e-01
6.093493e-01
5.626787e-01
5.147232e-01
4.657992e-01
4.157764e-01
3.647541e-01
3.129311e-01
2.603444e-01
2.072984e-01
1.535820e-01
9.951169e-02
4.539794e-02
-8.939291e-03
-6.322686e-02
-1.173841e-01
-1.713426e-01
-2.248666e-01
-2.778257e-01
-3.302323e-01
-3.820243e-01
-4.328666e-01
-4.827776e-01
-5.316830e-01
-5.793406e-01
-6.257131e-01
-6.707945e-01
-7.142928e-01
-7.561895e-01
-7.964722e-01
-8.349112e-01
-8.715312e-01
-9.062144e-01
-9.389111e-01
-9.694351e-01
-9.979974e-01
-1.024083e+00
-1.048088e+00
-1.069568e+00
-1.088762e+00
-1.105554e+00
-1.119808e+00
-1.131596e+00
-1.140871e+00
-1.147594e+00
-1.151784e+00
-1.153293e+00
-1.152349e+00
-1.148792e+00
-1.142609e+00
-1.133868e+00
-1.122663e+00
-1.109000e+00
-1.092648e+00
-1.073944e+00
-1.052949e+00
-1.029527e+00
-1.003796e+00
-9.757547e-01
-9.455846e-01
-9.132541e-01
-8.789248e-01
-8.426524e-01
-8.043810e-01
-7.643280e-01
-7.226672e-01
-6.792309e-01
-6.343731e-01
-5.881185e-01
-5.404050e-01
-4.914686e-01
-4.415513e-01
-3.905229e-01
-3.386750e-01
-2.860884e-01
-2.326885e-01
-1.789100e-01
-1.248024e-01
-7.017964e-02
-1.556306e-02
3.921493e-02
9.383773e-02
1.483177e-01
2.025060e-01
2.561231e-01
3.092436e-01
3.617247e-01
4.133739e-01
4.642162e-01
5.138044e-01
5.624242e-01
6.098087e-01
6.557467e-01
7.003624e-01
7.432897e-01
7.846028e-01
8.242027e-01
8.619525e-01
8.978773e-01
9.316293e-01
9.633762e-01
9.930808e-01
1.020439e+00
1.045605e+00
1.068388e+00
1.088812e+00
1.106802e+00
1.122328e+00
1.135389e+00
1.145893e+00
1.153796e+00
1.159215e+00
1.161978e+00
1.162064e+00
1.159687e+00
1.154677e+00
1.147010e+00
1.136929e+00
1.124246e+00
1.109018e+00
1.091345e+00
1.071182e+00
1.048591e+00
1.023785e+00
9.965944e-01
9.671754e-01
9.354596e-01
9.018565e-01
8.661552e-01
8.284985e-01
7.889607e-01
7.477469e-01
7.046521e-01
6.602287e-01
6.141914e-01
5.667883e-01
5.180506e-01
4.682016e-01
4.172973e-01
3.654556e-01
3.127759e-01
2.594381e-01
2.053616e-01
1.509002e-01
9.604772e-02
4.099658e-02
-1.416629e-02
-6.922984e-02
-1.242251e-01
-1.788852e-01
-2.331293e-01
-2.869140e-01
-3.400345e-01
-3.925466e-01
-4.440965e-01
-4.945973e-01
-5.441235e-01
-5.924205e-01
-6.393642e-01
-6.848677e-01
-7.289433e-01
-7.713119e-01
-8.119856e-01
-8.509212e-01
-8.878206e-01
-9.228453e-01
-9.558958e-01
-9.865687e-01
-1.015348e+00
-1.041614e+00
-1.065725e+00
-1.087365e+00
-1.106610e+00
-1.123458e+00
-1.137655e+00
-1.149363e+00
-1.158557e+00
-1.165100e+00
-1.169054e+00
-1.170426e+00
-1.169104e+00
-1.165292e+00
-1.158787e+00
-1.149667e+00
-1.138115e+00
-1.123911e+00
-1.107206e+00
-1.087906e+00
-1.066408e+00
-1.042346e+00
-1.016075e+00
-9.874068e-01
-9.565600e-01
-9.235840e-01
-8.886090e-01
-8.514427e-01
-8.125692e-01
-7.717650e-01
-7.292786e-01
-6.850849e-01
-6.392773e-01
-5.922405e-01
-5.438317e-01
-4.940200e-01
-4.432709e-01
-3.914540e-01
-3.387681e-01
-2.853248e-01
-2.311800e-01
-1.765945e-01
-1.215557e-01
-6.611972e-02
-1.067749e-02
4.487028e-02
1.003311e-01
1.555561e-01
2.104148e-01
2.648265e-01
3.186795e-01
3.717938e-01
4.241321e-01
4.755455e-01
5.258724e-01
5.749951e-01
6.229879e-01
6.694226e-01
7.145225e-01
7.579650e-01
7.997376e-01
8.397719e-01
8.777887e-01
9.140425e-01
9.481050e-01
9.801560e-01
1.009979e+00
1.037529e+00
1.062894e+00
1.085826e+00
1.106306e+00
1.124290e+00
1.139760e+00
1.152715e+00
1.163126e+00
1.170904e+00
1.176187e+00
1.178695e+00
1.178677e+00
1.175933e+00
1.170613e+00
1.162617e+00
1.152026e+00
1.138977e+00
1.123247e+00
1.105021e+00
1.084448e+00
1.061274e+00
1.035847e+00
1.008004e+00
9.780392e-01
9.456963e-01
9.113421e-01
8.749890e-01
8.366618e-01
7.964288e-01
7.543893e-01
7.106550e-01
6.652819e-01
6.185245e-01
5.703020e-01
5.208255e-01
4.700826e-01
4.184147e-01
3.656977e-01
3.122420e-01
2.579730e-01
2.032633e-01
1.478708e-01
9.225473e-02
3.645244e-02
-1.945537e-02
-7.535078e-02
-1.309420e-01
-1.864711e-01
-2.414726e-01
-2.960023e-01
-3.497932e-01
-4.028082e-01
-4.550844e-01
-5.060943e-01
-5.563157e-01
-6.050597e-01
-6.525124e-01
-6.986304e-01
-7.430289e-01
-7.858010e-01
-8.269093e-01
-8.661925e-01
-9.034892e-01
-9.389111e-01
-9.720176e-01
-1.003082e+00
-1.031861e+00
-1.058325e+00
-1.082592e+00
-1.104313e+00
-1.123594e+00
-1.140343e+00
-1.154541e+00
-1.166168e+00
-1.175206e+00
-1.181681e+00
-1.185369e+00
-1.186523e+00
-1.184928e+00
-1.180744e+00
-1.173996e+00
-1.164498e+00
-1.152430e+00
-1.137829e+00
-1.120627e+00
-1.100923e+00
-1.078836e+00
-1.054209e+00
-1.027323e+00
-9.980719e-01
-9.666292e-01
-9.329392e-01
-8.972627e-01
-8.595563e-01
-8.198882e-01
-7.783640e-01
-7.350705e-01
-6.902747e-01
-6.437966e-01
-5.958721e-01
-5.466128e-01
-4.960996e-01
-4.445621e-01
-3.919383e-01
-3.384205e-01
-2.841391e-01
-2.292494e-01
-1.738568e-01
-1.179676e-01
-6.183010e-02
-5.667759e-03
5.060632e-02
1.067314e-01
1.627696e-01
2.183546e-01
2.734244e-01
3.279727e-01
3.816395e-01
4.346358e-01
4.866513e-01
5.374811e-01
5.872245e-01
6.355712e-01
6.826204e-01
7.280991e-01
7.719326e-01
8.141894e-01
8.545714e-01
8.929235e-01
9.294007e-01
9.637363e-01
9.959550e-01
1.026013e+00
1.053800e+00
1.079184e+00
1.102159e+00
1.122638e+00
1.140635e+00
1.156179e+00
1.169042e+00
1.179273e+00
1.186970e+00
1.191980e+00
1.194258e+00
1.193929e+00
1.190993e+00
1.185288e+00
1.176926e+00
1.166000e+00
1.152417e+00
1.136320e+00
1.117654e+00
1.096510e+00
1.072777e+00
1.046785e+00
1.018434e+00
9.877731e-01
9.548591e-01
9.199710e-01
8.827798e-01
8.438256e-01
8.028415e-01
7.601377e-01
7.156275e-01
6.696336e-01
6.221002e-01
5.729899e-01
5.227437e-01
4.714545e-01
4.189113e-01
3.654618e-01
3.111867e-01
2.561728e-01
2.006623e-01
1.446117e-01
8.829413e-02
3.171586e-02
-2.490586e-02
-8.147171e-02
-1.378824e-01
-1.939454e-01
-2.496359e-01
-3.047429e-01
-3.591671e-01
-4.128339e-01
-4.656005e-01
-5.173615e-01
-5.678685e-01
-6.171960e-01
-6.651578e-01
-7.116483e-01
-7.564192e-01
-7.996941e-01
-8.410880e-01
-8.806816e-01
-9.183073e-01
-9.538286e-01
-9.872640e-01
-1.018421e+00
-1.047337e+00
-1.073994e+00
-1.098254e+00
-1.119913e+00
-1.139319e+00
-1.155943e+00
-1.170104e+00
-1.181656e+00
-1.190465e+00
-1.196797e+00
-1.200367e+00
-1.201211e+00
-1.199423e+00
-1.194867e+00
-1.187715e+00
-1.177919e+00
-1.165522e+00
-1.150350e+00
-1.132714e+00
-1.112557e+00
-1.089991e+00
-1.064819e+00
-1.037361e+00
-1.007502e+00
-9.754257e-01
-9.412018e-01
-9.047618e-01
-8.663849e-01
-8.261519e-01
-7.839076e-01
-7.399623e-01
-6.943595e-01
-6.471737e-01
-5.985911e-01
-5.486304e-01
-4.974281e-01
-4.450588e-01
-3.917831e-01
-3.375638e-01
-2.825996e-01
-2.269028e-01
-1.707653e-01
-1.142553e-01
-5.739770e-02
-4.842116e-04
5.642928e-02
1.132621e-01
1.698652e-01
2.260896e-01
2.817677e-01
3.368623e-01
3.911126e-01
4.447297e-01
4.971363e-01
5.485435e-01
5.988084e-01
6.475834e-01
6.950361e-01
7.408810e-01
7.850808e-01
8.275673e-01
8.681790e-01
9.069656e-01
9.436291e-01
9.781820e-01
1.010618e+00
1.040776e+00
1.068543e+00
1.094039e+00
1.117014e+00
1.137581e+00
1.155515e+00
1.170966e+00
1.183730e+00
1.193855e+00
1.201366e+00
1.206215e+00
1.208226e+00
1.207618e+00
1.204358e+00
1.198405e+00
1.189602e+00
1.178391e+00
1.164442e+00
1.147867e+00
1.128716e+00
1.107069e+00
1.082890e+00
1.056376e+00
1.027398e+00
9.961909e-01
9.626810e-01
9.271659e-01
8.893415e-01
8.496858e-01
8.081306e-01
7.647129e-01
7.196626e-01
6.728555e-01
6.246578e-01
5.750013e-01
5.240597e-01
4.718766e-01
4.187437e-01
3.646176e-01
3.096968e-01
2.539938e-01
1.977880e-01
1.410297e-01
8.394243e-02
2.691720e-02
-3.044946e-02
-8.764851e-02
-1.446427e-01
-2.013637e-01
-2.575199e-01
-3.132166e-01
-3.681436e-01
-4.223939e-01
-4.756075e-01
-5.278155e-01
-5.788005e-01
-6.285253e-01
-6.768906e-01
-7.237722e-01
-7.688846e-01
-8.124698e-01
-8.541431e-01
-8.939912e-01
-9.316914e-01
-9.674300e-01
-1.001021e+00
-1.032420e+00
-1.061355e+00
-1.088104e+00
-1.112296e+00
-1.134129e+00
-1.153336e+00
-1.169979e+00
-1.184071e+00
-1.195444e+00
-1.204154e+00
-1.210181e+00
-1.213496e+00
-1.214161e+00
-1.212069e+00
-1.207276e+00
-1.199740e+00
-1.189621e+00
-1.176802e+00
-1.161170e+00
-1.143137e+00
-1.122570e+00
-1.099316e+00
-1.073714e+00
-1.045798e+00
-1.015472e+00
-9.827571e-01
-9.479498e-01
-9.109759e-01
-8.720030e-01
-8.310313e-01
-7.883151e-01
-7.436187e-01
-6.974634e-01
-6.495388e-01
-6.002424e-01
-5.496174e-01
-4.978378e-01
-4.448787e-01
-3.908705e-01
-3.359497e-01
-2.803709e-01
-2.241217e-01
-1.673448e-01
-1.100712e-01
-5.271699e-02
4.792453e-03
6.232052e-02
1.196748e-01
1.768552e-01
2.336197e-01
2.898255e-01
3.453360e-01
4.002319e-01
4.541905e-01
5.070565e-01
5.589106e-01
6.094734e-01
6.587078e-01
7.064399e-01
7.525828e-01
7.970247e-01
8.398961e-01
8.806878e-01
9.196420e-01
9.564545e-01
9.911874e-01
1.023673e+00
1.053973e+00
1.081772e+00
1.107305e+00
1.130218e+00
1.150729e+00
1.168645e+00
1.183916e+00
1.196623e+00
1.206593e+00
1.213838e+00
1.218481e+00
1.220282e+00
1.219406e+00
1.215905e+00
1.209530e+00
1.200522e+00
1.188783e+00
1.174474e+00
1.157508e+00
1.137897e+00
1.115729e+00
1.091146e+00
1.064130e+00
1.034673e+00
1.002877e+00
9.689012e-01
9.327033e-01
8.944568e-01
8.542548e-01
8.119422e-01
7.680217e-01
7.223009e-01
6.750282e-01
6.261725e-01
5.758083e-01
5.243019e-01
4.715352e-01
4.177815e-01
3.630283e-01
3.074495e-01
2.512003e-01
1.943427e-01
1.370567e-01
7.950382e-02
2.176469e-02
-3.601789e-02
-9.375082e-02
-1.512913e-01
-2.085028e-01
-2.651866e-01
-3.212992e-01
-3.766980e-01
-4.313581e-01
-4.849938e-01
-5.375556e-01
-5.887827e-01
-6.389110e-01
-6.875308e-01
-7.346856e-01
-7.801766e-01
-8.239668e-01
-8.658262e-01
-9.057675e-01
-9.436974e-01
-9.796035e-01
-1.013225e+00
-1.044680e+00
-1.073758e+00
-1.100427e+00
-1.124581e+00
-1.146315e+00
-1.165473e+00
-1.182035e+00
-1.195965e+00
-1.207208e+00
-1.215700e+00
-1.221511e+00
-1.224528e+00
-1.225074e+00
-1.222622e+00
-1.217513e+00
-1.209697e+00
-1.199113e+00
-1.186002e+00
-1.169979e+00
-1.151530e+00
-1.130541e+00
-1.106827e+00
-1.080810e+00
-1.052254e+00
-1.021463e+00
-9.883628e-01
-9.529222e-01
-9.154641e-01
-8.758395e-01
-8.345387e-01
-7.911087e-01
-7.458721e-01
-6.991643e-01
-6.507307e-01
-6.008694e-01
-5.496733e-01
-4.973474e-01
-4.437675e-01
-3.891696e-01
-3.337273e-01
-2.776084e-01
-2.208067e-01
-1.635021e-01
-1.057568e-01
-4.790591e-02
1.013740e-02
6.816210e-02
1.260130e-01
1.836590e-01
2.408270e-01
2.974549e-01
3.534186e-01
4.086808e-01
4.629373e-01
5.161696e-01
5.682906e-01
6.192073e-01
6.686838e-01
7.166891e-01
7.631113e-01
8.077519e-01
8.507226e-01
8.916074e-01
9.308037e-01
9.676659e-01
1.002436e+00
1.035046e+00
1.065266e+00
1.093126e+00
1.118554e+00
1.141411e+00
1.161897e+00
1.179614e+00
1.194854e+00
1.207400e+00
1.217134e+00
1.224161e+00
1.228532e+00
1.230140e+00
1.228979e+00
1.225161e+00
1.218413e+00
1.209126e+00
1.197089e+00
1.182308e+00
1.164957e+00
1.144968e+00
1.122421e+00
1.097385e+00
1.069847e+00
1.039919e+00
1.007651e+00
9.732964e-01
9.365398e-01
8.978525e-01
8.571166e-01
8.142949e-01
7.698158e-01
7.235860e-01
6.757980e-01
6.263960e-01
5.755227e-01
5.234700e-01
4.702626e-01
4.159626e-01
3.607501e-01
3.046498e-01
2.478419e-01
1.905993e-01
1.328913e-01
7.479207e-02
1.656873e-02
-4.162978e-02
-9.972897e-02
-1.576605e-01
-2.152755e-01
-2.723690e-01
-3.288480e-01
-3.845571e-01
-4.395648e-01
-4.933930e-01
-5.463149e-01
-5.978896e-01
-6.482228e-01
-6.970226e-01
-7.443947e-01
-7.900099e-01
-8.338434e-01
-8.759388e-01
-9.158738e-01
-9.540272e-01
-9.899458e-01
-1.023549e+00
-1.055029e+00
-1.083951e+00
-1.110682e+00
-1.134849e+00
-1.156390e+00
-1.175480e+00
-1.191912e+00
-1.205600e+00
-1.216712e+00
-1.225012e+00
-1.230630e+00
-1.233368e+00
-1.233560e+00
-1.230822e+00
-1.225440e+00
-1.217302e+00
-1.206357e+00
-1.192756e+00
-1.176560e+00
-1.157719e+00
-1.136190e+00
-1.112160e+00
-1.085671e+00
-1.056761e+00
-1.025430e+00
-9.918764e-01
-9.561193e-01
-9.180776e-01
-8.780867e-01
-8.362148e-01
-7.923006e-01
-7.466667e-01
-6.993816e-01
-6.505631e-01
-6.001679e-01
-5.486428e-01
-4.956899e-01
-4.417314e-01
-3.867485e-01
-3.308531e-01
-2.741941e-01
-2.169640e-01
-1.592560e-01
-1.011568e-01
-4.285273e-02
1.558168e-02
7.396022e-02
1.321277e-01
1.901089e-01
2.475873e-01
3.045132e-01
3.609425e-01
4.162854e-01
4.708399e-01
5.243888e-01
5.766464e-01
6.277741e-01
6.774369e-01
7.255476e-01
7.720320e-01
8.168774e-01
8.598481e-01
9.010123e-01
9.400099e-01
9.769714e-01
1.011816e+00
1.044333e+00
1.074577e+00
1.102289e+00
1.127654e+00
1.150468e+00
1.170786e+00
1.188423e+00
1.203378e+00
1.215657e+00
1.225266e+00
1.232145e+00
1.236198e+00
1.237614e+00
1.236105e+00
1.231909e+00
1.224968e+00
1.215328e+00
1.202949e+00
1.187833e+00
1.170135e+00
1.149736e+00
1.126791e+00
1.101346e+00
1.073416e+00
1.043159e+00
1.010444e+00
9.755871e-01
9.384642e-01
8.993175e-01
8.580913e-01
8.149406e-01
7.700206e-01
7.233563e-01
6.750965e-01
6.252910e-01
5.740453e-01
5.215332e-01
4.679471e-01
4.131691e-01
3.576648e-01
3.011175e-01
2.440116e-01
1.863532e-01
1.282043e-01
6.979476e-02
1.134793e-02
-4.726650e-02
-1.056637e-01
-1.639056e-01
-2.217130e-01
-2.790611e-01
-3.358318e-01
-3.917582e-01
-4.468652e-01
-5.010287e-01
-5.540126e-01
-6.057798e-01
-6.561874e-01
-7.051425e-01
-7.525331e-01
-7.982415e-01
-8.421992e-01
-8.841642e-01
-9.243165e-01
-9.623830e-01
-9.982084e-01
-1.031855e+00
-1.063161e+00
-1.092158e+00
-1.118684e+00
-1.142628e+00
-1.164156e+00
-1.183053e+00
-1.199150e+00
-1.212807e+00
-1.223590e+00
-1.231735e+00
-1.237086e+00
-1.239594e+00
-1.239495e+00
-1.236416e+00
-1.230754e+00
-1.222299e+00
-1.211187e+00
-1.197275e+00
-1.180576e+00
-1.161388e+00
-1.139604e+00
-1.115158e+00
-1.088328e+00
-1.059020e+00
-1.027348e+00
-9.933229e-01
-9.572429e-01
-9.187977e-01
-8.783971e-01
-8.360969e-01
-7.917853e-01
-7.459094e-01
-6.981276e-01
-6.489367e-01
-5.982745e-01
-5.462652e-01
-4.930516e-01
-4.386461e-01
-3.833094e-01
-3.271036e-01
-2.701466e-01
-2.126931e-01
-1.546001e-01
-9.620291e-02
-3.760710e-02
2.107562e-02
7.959694e-02
1.381555e-01
1.962981e-01
2.539938e-01
3.110873e-01
3.675104e-01
4.232320e-01
4.777865e-01
5.314533e-01
5.838413e-01
6.350684e-01
6.847870e-01
7.329474e-01
7.795186e-01
8.243082e-01
8.673161e-01
9.084617e-01
9.473476e-01
9.842284e-01
1.018974e+00
1.051360e+00
1.081499e+00
1.109124e+00
1.134402e+00
1.157067e+00
1.177131e+00
1.194693e+00
1.209362e+00
1.221393e+00
1.230835e+00
1.237421e+00
1.241227e+00
1.242270e+00
1.240575e+00
1.236136e+00
1.228792e+00
1.218872e+00
1.206153e+00
1.190726e+00
1.172692e+00
1.152020e+00
1.128703e+00
1.102929e+00
1.074677e+00
1.044066e+00
1.010922e+00
9.759161e-01
9.382966e-01
8.988209e-01
8.572905e-01
8.138418e-01
7.684314e-01
7.214877e-01
6.729424e-01
6.228141e-01
5.712518e-01
5.185037e-01
4.645141e-01
4.095809e-01
3.536297e-01
2.969024e-01
2.395358e-01
1.815297e-01
1.233063e-01
6.469191e-02
5.947112e-03
-5.279769e-02
-1.114432e-01
-1.698031e-01
-2.277719e-01
-2.852068e-01
-3.420458e-01
-3.981026e-01
-4.533090e-01
-5.075283e-01
-5.605805e-01
-6.123290e-01
-6.628050e-01
-7.116793e-01
-7.591631e-01
-8.048590e-01
-8.486616e-01
-8.907631e-01
-9.306299e-01
-9.685474e-01
-1.004329e+00
-1.037852e+00
-1.069139e+00
-1.097807e+00
-1.124246e+00
-1.148016e+00
-1.169272e+00
-1.188100e+00
-1.204005e+00
-1.217308e+00
-1.227936e+00
-1.235770e+00
-1.240805e+00
-1.243145e+00
-1.242667e+00
-1.239445e+00
-1.233510e+00
-1.224714e+00
-1.213056e+00
-1.198982e+00
-1.182128e+00
-1.162561e+00
-1.140405e+00
-1.115624e+00
-1.088477e+00
-1.058946e+00
-1.026895e+00
-9.926648e-01
-9.561503e-01
-9.175562e-01
-8.767893e-01
-8.341476e-01
-7.896498e-01
-7.433828e-01
-6.954458e-01
-6.458700e-01
-5.948664e-01
-5.426646e-01
-4.892462e-01
-4.346048e-01
-3.790322e-01
-3.226525e-01
-2.655777e-01
-2.077702e-01
-1.495159e-01
-9.106903e-02
-3.233664e-02
2.645782e-02
8.519641e-02
1.437488e-01
2.019969e-01
2.597299e-01
3.169724e-01
3.734823e-01
4.290798e-01
4.837833e-01
5.374252e-01
5.898318e-01
6.408851e-01
6.907030e-01
7.387145e-01
7.851740e-01
8.299822e-01
8.728101e-01
9.137756e-01
9.525870e-01
9.894306e-01
1.023915e+00
1.056177e+00
1.086136e+00
1.113513e+00
1.138636e+00
1.161034e+00
1.180862e+00
1.198113e+00
1.212633e+00
1.224435e+00
1.233573e+00
1.239905e+00
1.243580e+00
1.244238e+00
1.242239e+00
1.237608e+00
1.229984e+00
1.219673e+00
1.206711e+00
1.191061e+00
1.172761e+00
1.151716e+00
1.128163e+00
1.102146e+00
1.073472e+00
1.042650e+00
1.009221e+00
9.737930e-01
9.360742e-01
8.963688e-01
8.545031e-01
8.107689e-01
7.652033e-01
7.181417e-01
6.692425e-01
6.188473e-01
5.671422e-01
5.142389e-01
4.601376e-01
4.049375e-01
3.488496e-01
2.920231e-01
2.345384e-01
1.765572e-01
1.180669e-01
5.932213e-02
5.835371e-04
-5.822955e-02
-1.168999e-01
-1.752908e-01
-2.332348e-01
-2.908063e-01
-3.475087e-01
-4.036462e-01
-4.588091e-01
-5.128670e-01
-5.659440e-01
-6.176057e-01
-6.679699e-01
-7.168318e-01
-7.640238e-01
-8.095894e-01
-8.533050e-01
-8.951769e-01
-9.348823e-01
-9.726446e-01
-1.008278e+00
-1.041552e+00
-1.072560e+00
-1.101165e+00
-1.127282e+00
-1.150921e+00
-1.171891e+00
-1.190304e+00
-1.206041e+00
-1.219009e+00
-1.229494e+00
-1.236962e+00
-1.241841e+00
-1.243896e+00
-1.243157e+00
-1.239619e+00
-1.233368e+00
-1.224317e+00
-1.212503e+00
-1.197940e+00
-1.180843e+00
-1.161059e+00
-1.138636e+00
-1.113637e+00
-1.086260e+00
-1.056401e+00
-1.024176e+00
-9.897472e-01
-9.529843e-01
-9.141543e-01
-8.731701e-01
-8.303546e-01
-7.856954e-01
-7.392111e-01
-6.910196e-01
-6.413755e-01
-5.902726e-01
-5.379529e-01
-4.842551e-01
-4.296199e-01
-3.740038e-01
-3.174628e-01
-2.602699e-01
-2.024625e-01
-1.442764e-01
-8.566821e-02
-2.696686e-02
3.182760e-02
9.054757e-02
1.491744e-01
2.073481e-01
2.650872e-01
3.221807e-01
3.785666e-01
4.340647e-01
4.886999e-01
5.421618e-01
5.944380e-01
6.454168e-01
6.949616e-01
7.428054e-01
7.892091e-01
8.337069e-01
8.763796e-01
9.170471e-01
9.557779e-01
9.922675e-01
1.026584e+00
1.058623e+00
1.088266e+00
1.115537e+00
1.140219e+00
1.162468e+00
1.182041e+00
1.198920e+00
1.213229e+00
1.224733e+00
1.233678e+00
1.239600e+00
1.242903e+00
1.243455e+00
1.241190e+00
1.236124e+00
1.228420e+00
1.217743e+00
1.204551e+00
1.188628e+00
1.169992e+00
1.148811e+00
1.125010e+00
1.098713e+00
1.069971e+00
1.038789e+00
1.005341e+00
9.695655e-01
9.317411e-01
8.918433e-01
8.498348e-01
8.060013e-01
7.602929e-01
7.129457e-01
6.640714e-01
6.135830e-01
5.618158e-01
5.087698e-01
4.545816e-01
3.994435e-01
3.433495e-01
2.864422e-01
2.289886e-01
1.709453e-01
1.125357e-01
5.397718e-02
-4.761414e-03
-6.362416e-02
-1.221020e-01
-1.804806e-01
-2.382569e-01
-2.956298e-01
-3.523136e-01
-4.082090e-01
-4.631981e-01
-5.171194e-01
-5.698984e-01
-6.214608e-01
-6.715456e-01
-7.201965e-01
-7.672085e-01
-8.124823e-01
-8.560675e-01
-8.975545e-01
-9.371295e-01
-9.746124e-01
-1.009935e+00
-1.043023e+00
-1.073652e+00
-1.101923e+00
-1.127772e+00
-1.151077e+00
-1.171836e+00
-1.189944e+00
-1.205408e+00
-1.218152e+00
-1.228271e+00
-1.235422e+00
-1.240041e+00
-1.241792e+00
-1.240774e+00
-1.236999e+00
-1.230487e+00
-1.221138e+00
-1.209120e+00
-1.194339e+00
-1.177032e+00
-1.156955e+00
-1.134266e+00
-1.109217e+00
-1.081536e+00
-1.051503e+00
-1.019092e+00
-9.844270e-01
-9.476456e-01
-9.086107e-01
-8.676141e-01
-8.246434e-01
-7.798352e-01
-7.333137e-01
-6.851532e-01
-6.353912e-01
-5.843193e-01
-5.319065e-01
-4.782955e-01
-4.236107e-01
-3.679574e-01
-3.115405e-01
-2.544160e-01
-1.966892e-01
-1.385404e-01
-8.011219e-02
-2.146671e-02
3.721601e-02
9.571250e-02
1.541469e-01
2.121406e-01
2.696935e-01
3.265821e-01
3.827755e-01
4.380874e-01
4.924184e-01
5.456817e-01
5.976475e-01
6.484214e-01
6.976186e-01
7.453320e-01
7.912949e-01
8.355692e-01
8.779812e-01
9.183942e-01
9.566842e-01
9.930001e-01
1.026920e+00
1.058716e+00
1.087980e+00
1.114947e+00
1.139325e+00
1.161245e+00
1.180502e+00
1.197157e+00
1.211106e+00
1.222299e+00
1.230878e+00
1.236590e+00
1.239600e+00
1.239855e+00
1.237359e+00
1.232021e+00
1.224012e+00
1.213198e+00
1.199703e+00
1.183556e+00
1.164697e+00
1.143242e+00
1.119435e+00
1.092785e+00
1.063993e+00
1.032681e+00
9.991024e-01
9.632148e-01
9.253222e-01
8.852692e-01
8.432483e-01
7.992347e-01
7.537561e-01
7.063468e-01
6.573918e-01
6.069965e-01
5.552231e-01
5.022206e-01
4.480882e-01
3.930122e-01
3.370485e-01
2.802530e-01
2.229670e-01
1.650417e-01
1.068183e-01
4.837150e-02
-1.018086e-02
-6.863389e-02
-1.270497e-01
-1.850495e-01
-2.426583e-01
-2.997891e-01
-3.562059e-01
-4.118592e-01
-4.665689e-01
-5.201923e-01
-5.727168e-01
-6.238756e-01
-6.736873e-01
-7.220092e-01
-7.686301e-01
-8.136493e-01
-8.567442e-01
-8.979766e-01
-9.372412e-01
-9.743145e-01
-1.009302e+00
-1.042017e+00
-1.072342e+00
-1.100197e+00
-1.125705e+00
-1.148687e+00
-1.169098e+00
-1.186921e+00
-1.202049e+00
-1.214558e+00
-1.224174e+00
-1.231214e+00
-1.235491e+00
-1.236943e+00
-1.235683e+00
-1.231586e+00
-1.224782e+00
-1.215340e+00
-1.202993e+00
-1.188094e+00
-1.170476e+00
-1.150350e+00
-1.127555e+00
-1.102165e+00
-1.074453e+00
-1.044289e+00
-1.011835e+00
-9.770521e-01
-9.401527e-01
-9.011551e-01
-8.600778e-01
-8.171319e-01
-7.723982e-01
-7.258270e-01
-6.777411e-01
-6.281280e-01
-5.770623e-01
-5.248171e-01
-4.712745e-01
-4.166889e-01
-3.612467e-01
-3.049788e-01
-2.480653e-01
-1.905062e-01
-1.325126e-01
-7.441339e-02
-1.604106e-02
4.235610e-02
1.006353e-01
1.587345e-01
2.164550e-01
2.736416e-01
3.302323e-01
3.860719e-01
4.410547e-01
4.951498e-01
5.478730e-01
5.996030e-01
6.499361e-01
6.987422e-01
7.460584e-01
7.916487e-01
8.355506e-01
8.777205e-01
9.175003e-01
9.556351e-01
9.913488e-01
1.025020e+00
1.056370e+00
1.085335e+00
1.111843e+00
1.135898e+00
1.157440e+00
1.176330e+00
1.192669e+00
1.206320e+00
1.217171e+00
1.225434e+00
1.230804e+00
1.233535e+00
1.233585e+00
1.230736e+00
1.225217e+00
1.216954e+00
1.205923e+00
1.192253e+00
1.175914e+00
1.156899e+00
1.135321e+00
1.111315e+00
1.084615e+00
1.055743e+00
1.024368e+00
9.906473e-01
9.548529e-01
9.169230e-01
8.768389e-01
8.348864e-01
7.910528e-01
7.454003e-01
6.982021e-01
6.493154e-01
5.990381e-01
5.474509e-01
4.946097e-01
4.407567e-01
3.857180e-01
3.300213e-01
2.734740e-01
2.164116e-01
1.589145e-01
1.008588e-01
4.272236e-02
-1.552581e-02
-7.369949e-02
-1.316000e-01
-1.893640e-01
-2.465755e-01
-3.033337e-01
-3.593347e-01
-4.145783e-01
-4.688658e-01
-5.220981e-01
-5.740453e-01
-6.249744e-01
-6.742709e-01
-7.221582e-01
-7.684128e-01
-8.129603e-01
-8.556205e-01
-8.965054e-01
-9.352920e-01
-9.719989e-01
-1.006440e+00
-1.038715e+00
-1.068630e+00
-1.096218e+00
-1.121322e+00
-1.143875e+00
-1.163902e+00
-1.181278e+00
-1.196127e+00
-1.208276e+00
-1.217569e+00
-1.224279e+00
-1.228321e+00
-1.229407e+00
-1.227874e+00
-1.223652e+00
-1.216594e+00
-1.206811e+00
-1.194432e+00
-1.179372e+00
-1.161543e+00
-1.141212e+00
-1.118398e+00
-1.092959e+00
-1.065228e+00
-1.034934e+00
-1.002455e+00
-9.677031e-01
-9.308534e-01
-8.917812e-01
-8.508343e-01
-8.079443e-01
-7.632727e-01
-7.169746e-01
-6.689259e-01
-6.194743e-01
-5.686755e-01
-5.165607e-01
-4.633408e-01
-4.090409e-01
-3.538035e-01
-2.978398e-01
-2.412057e-01
-1.840315e-01
-1.264475e-01
-6.862768e-02
-1.057816e-02
4.742170e-02
1.053160e-01
1.629620e-01
2.202604e-01
2.770622e-01
3.331748e-01
3.885798e-01
4.430971e-01
4.966211e-01
5.490649e-01
6.001989e-01
6.501162e-01
6.984008e-01
7.453010e-01
7.904941e-01
8.337876e-01
8.753987e-01
9.148247e-01
9.523822e-01
9.877669e-01
1.020892e+00
1.051844e+00
1.080326e+00
1.106442e+00
1.130057e+00
1.151182e+00
1.169681e+00
1.185667e+00
1.198827e+00
1.209486e+00
1.217389e+00
1.222504e+00
1.224900e+00
1.224652e+00
1.221610e+00
1.215837e+00
1.207344e+00
1.196270e+00
1.182352e+00
1.165839e+00
1.146756e+00
1.125153e+00
1.100923e+00
1.074335e+00
1.045295e+00
1.013952e+00
9.803361e-01
9.444796e-01
9.065931e-01
8.666829e-01
8.247800e-01
7.811140e-01
7.357347e-01
6.886917e-01
6.400470e-01
5.900118e-01
5.386482e-01
4.860926e-01
4.324630e-01
3.780079e-01
3.224725e-01
2.662916e-01
2.095395e-01
1.523901e-01
9.481236e-02
3.709185e-02
-2.061003e-02
-7.835537e-02
-1.358896e-01
-1.931384e-01
-2.499029e-01
-3.061273e-01
-3.616626e-01
-4.163040e-01
-4.701757e-01
-5.227996e-01
-5.743867e-01
-6.247385e-01
-6.735632e-01
-7.208421e-01
-7.664822e-01
-8.105578e-01
-8.527960e-01
-8.930352e-01
-9.313686e-01
-9.676100e-01
-1.001542e+00
-1.033295e+00
-1.062776e+00
-1.089911e+00
-1.114463e+00
-1.136786e+00
-1.156297e+00
-1.173325e+00
-1.187808e+00
-1.199504e+00
-1.208586e+00
-1.215017e+00
-1.218550e+00
-1.219574e+00
-1.217637e+00
-1.213273e+00
-1.205985e+00
-1.196009e+00
-1.183438e+00
-1.168173e+00
-1.150319e+00
-1.129926e+00
-1.106976e+00
-1.081518e+00
-1.053806e+00
-1.023561e+00
-9.911439e-01
-9.564173e-01
-9.196358e-01
-8.807313e-01
-8.399209e-01
-7.972668e-01
-7.527814e-01
-7.066199e-01
-6.589375e-01
-6.097093e-01
-5.591713e-01
-5.074165e-01
-4.545195e-01
-4.006354e-01
-3.458140e-01
-2.901172e-01
-2.339052e-01
-1.772897e-01
-1.201155e-01
-6.273644e-02
