4.164860e-02
1.201614e-01
1.974006e-01
2.732974e-01
3.478518e-01
4.205820e-01
4.907823e-01
5.583149e-01
6.224228e-01
6.832263e-01
7.400027e-01
7.925797e-01
8.406649e-01
8.841034e-01
9.224304e-01
9.554911e-01
9.830790e-01
1.005177e+00
1.021578e+00
1.032094e+00
1.036740e+00
1.035553e+00
1.028583e+00
1.015623e+00
9.968816e-01
9.724948e-01
9.426007e-01
9.074231e-01
8.669104e-01
8.216305e-01
7.717038e-01
7.173369e-01
6.587879e-01
5.966420e-01
5.310713e-01
4.623855e-01
3.911698e-01
3.177341e-01
2.426289e-01
1.660781e-01
8.825372e-02
1.037773e-02
-6.765316e-02
-1.458217e-01
-2.226307e-01
-2.981489e-01
-3.721698e-01
-4.440567e-01
-5.133792e-01
-5.796728e-01
-6.427996e-01
-7.024157e-01
-7.578324e-01
-8.089638e-01
-8.555345e-01
-8.972003e-01
-9.338580e-01
-9.650944e-01
-9.908752e-01
-1.011046e+00
-1.025536e+00
-1.034073e+00
-1.036809e+00
-1.033642e+00
-1.024642e+00
-1.009738e+00
-9.891026e-01
-9.628743e-01
-9.312420e-01
-8.942574e-01
-8.521441e-01
-8.053324e-01
-7.538224e-01
-6.979926e-01
-6.381873e-01
-5.748711e-01
-5.083538e-01
-4.388592e-01
-3.666798e-01
-2.925728e-01
-2.170030e-01
-1.400735e-01
-6.164681e-02
1.554078e-02
9.410518e-02
1.717747e-01
2.481362e-01
3.231725e-01
3.965566e-01
4.676862e-01
5.361310e-01
6.013576e-01
6.633314e-01
7.215189e-01
7.755589e-01
8.251930e-01
8.701976e-01
9.101768e-01
9.450446e-01
9.744739e-01
9.984477e-01
1.016777e+00
1.029271e+00
1.035863e+00
1.036568e+00
1.031560e+00
1.020580e+00
1.003731e+00
9.812031e-01
9.531678e-01
9.197284e-01
8.809883e-01
8.373261e-01
7.888795e-01
7.359066e-01
6.787861e-01
6.177933e-01
5.532724e-01
4.856020e-01
4.152296e-01
3.424134e-01
2.677902e-01
1.917729e-01
1.143615e-01
3.583156e-02
-4.126997e-02
-1.198860e-01
-1.971941e-01
-2.730737e-01
-3.476797e-01
-4.203583e-01
-4.906102e-01
-5.579191e-01
-6.221302e-01
-6.828821e-01
-7.398650e-01
-7.924592e-01
-8.404756e-01
-8.838624e-01
-9.222239e-01
-9.552502e-01
-9.829586e-01
-1.005005e+00
-1.021389e+00
-1.031939e+00
-1.036568e+00
-1.035329e+00
-1.028273e+00
-1.015434e+00
-9.966234e-01
-9.722366e-01
-9.423598e-01
-9.071650e-01
-8.667383e-01
-8.213723e-01
-7.714456e-01
-7.169927e-01
-6.585125e-01
-5.964010e-01
-5.308819e-01
-4.623167e-01
-3.910321e-01
-3.174759e-01
-2.423363e-01
-1.657511e-01
-8.789231e-02
-1.008516e-02
6.777363e-02
1.460455e-01
2.227856e-01
2.983210e-01
3.722731e-01
4.442632e-01
5.135685e-01
5.800342e-01
6.430578e-01
7.025533e-01
7.580905e-01
8.091359e-01
8.557582e-01
8.973896e-01
9.340301e-01
9.652321e-01
9.910817e-01
1.011304e+00
1.025760e+00
1.034314e+00
1.036998e+00
1.033918e+00
1.024883e+00
1.009979e+00
9.893607e-01
9.631324e-01
9.315174e-01
8.945327e-01
8.523850e-01
8.054873e-01
7.541150e-01
6.982852e-01
6.384283e-01
5.751121e-01
5.085604e-01
4.390141e-01
3.668863e-01
2.928826e-01
2.173300e-01
1.404005e-01
6.204264e-02
-1.521379e-02
-9.376098e-02
-1.715165e-01
-2.479813e-01
-3.228971e-01
-3.963501e-01
-4.674969e-01
-5.357524e-01
-6.010822e-01
-6.630216e-01
-7.212952e-01
-7.753523e-01
-8.249520e-01
-8.699222e-01
-9.099702e-01
-9.447692e-01
-9.742674e-01
-9.982584e-01
-1.016536e+00
-1.029065e+00
-1.035708e+00
-1.036362e+00
-1.031302e+00
-1.020339e+00
-1.003507e+00
-9.810310e-01
-9.529440e-01
-9.195391e-01
-8.807474e-01
-8.370336e-01
-7.886214e-01
-7.356485e-01
-6.784591e-01
-6.174663e-01
-5.530142e-01
-4.855160e-01
-4.150403e-01
-3.422069e-01
-2.675836e-01
-1.915147e-01
-1.140346e-01
-3.543573e-02
4.149371e-02
1.200753e-01
1.973145e-01
2.731942e-01
3.478174e-01
4.204960e-01
4.907478e-01
5.582289e-01
6.224228e-01
6.831919e-01
7.400199e-01
7.925797e-01
8.406477e-01
8.840517e-01
9.224132e-01
9.554567e-01
9.830618e-01
1.005177e+00
1.021561e+00
1.032128e+00
1.036723e+00
1.035553e+00
1.028565e+00
1.015641e+00
9.968988e-01
9.724776e-01
9.426696e-01
9.074403e-01
8.669448e-01
8.216477e-01
7.716866e-01
7.173369e-01
6.588395e-01
5.966248e-01
5.311229e-01
4.625060e-01
3.911870e-01
3.177685e-01
2.426633e-01
1.661297e-01
8.833977e-02
1.037773e-02
-6.761874e-02
-1.457357e-01
-2.226135e-01
-2.980973e-01
-3.720665e-01
-4.440911e-01
-5.133448e-01
-5.797244e-01
-6.427996e-01
-7.024157e-01
-7.578152e-01
-8.089638e-01
-8.555001e-01
-8.972175e-01
-9.338235e-01
-9.650600e-01
-9.908580e-01
-1.011063e+00
-1.025536e+00
-1.034073e+00
-1.036792e+00
-1.033625e+00
-1.024693e+00
-1.009806e+00
-9.891714e-01
-9.628915e-01
-9.312420e-01
-8.943090e-01
-8.521441e-01
-8.052292e-01
-7.538396e-01
-6.980443e-01
-6.381873e-01
-5.748367e-01
-5.083366e-01
-4.387904e-01
-3.666798e-01
-2.926244e-01
-2.170202e-01
-1.400735e-01
-6.171565e-02
1.545473e-02
9.393308e-02
1.717402e-01
2.480673e-01
3.231036e-01
3.964878e-01
4.676690e-01
5.360966e-01
6.013404e-01
6.633486e-01
7.215362e-01
7.755761e-01
8.251758e-01
8.701115e-01
9.102112e-01
9.450790e-01
9.744051e-01
9.984305e-01
1.016759e+00
1.029288e+00
1.035863e+00
1.036637e+00
1.031526e+00
1.020563e+00
1.003783e+00
9.812720e-01
9.531850e-01
9.197628e-01
8.810227e-01
8.372573e-01
7.889139e-01
7.359755e-01
6.788549e-01
6.177416e-01
5.533412e-01
4.856708e-01
4.153501e-01
3.424134e-01
2.678418e-01
1.918589e-01
1.143788e-01
3.584877e-02
-4.121834e-02
-1.197827e-01
-1.971252e-01
-2.730909e-01
-3.475765e-01
-4.202894e-01
-4.905413e-01
-5.578503e-01
-6.220958e-01
-6.829165e-01
-7.398133e-01
-7.924420e-01
-8.404756e-01
-8.838796e-01
-9.222755e-01
-9.552502e-01
-9.828553e-01
-1.004953e+00
-1.021389e+00
-1.031904e+00
-1.036534e+00
-1.035260e+00
-1.028273e+00
-1.015383e+00
-9.966578e-01
-9.722366e-01
-9.424286e-01
-9.071994e-01
-8.667383e-01
-8.214412e-01
-7.714284e-01
-7.170615e-01
-6.585297e-01
-5.964010e-01
-5.308819e-01
-4.624027e-01
-3.910149e-01
-3.175275e-01
-2.424052e-01
-1.658716e-01
-8.792673e-02
-1.020563e-02
6.780805e-02
1.459766e-01
2.227684e-01
2.982349e-01
3.721870e-01
4.441771e-01
5.135513e-01
5.799481e-01
6.430062e-01
7.025533e-01
7.580389e-01
8.091875e-01
8.556550e-01
8.973896e-01
9.340128e-01
9.652493e-01
9.910301e-01
1.011286e+00
1.025743e+00
1.034314e+00
1.036981e+00
1.033866e+00
1.024814e+00
1.010065e+00
9.893435e-01
9.631669e-01
9.315002e-01
8.945499e-01
8.524022e-01
8.055218e-01
7.540978e-01
6.983024e-01
6.385315e-01
5.751637e-01
5.085604e-01
4.390657e-01
3.669723e-01
2.929170e-01
2.173816e-01
1.404005e-01
6.211148e-02
-1.519658e-02
-9.367493e-02
-1.714821e-01
-2.478780e-01
-3.228971e-01
-3.962813e-01
-4.674797e-01
-5.357180e-01
-6.010478e-01
-6.630560e-01
-7.213468e-01
-7.753179e-01
-8.249348e-01
-8.699566e-01
-9.100047e-01
-9.448552e-01
-9.742330e-01
-9.982584e-01
-1.016536e+00
-1.029065e+00
-1.035570e+00
-1.036396e+00
-1.031285e+00
-1.020373e+00
-1.003490e+00
-9.809794e-01
-9.529440e-01
-9.195391e-01
-8.807990e-01
-8.370508e-01
-7.886730e-01
-7.357001e-01
-6.784935e-01
-6.175179e-01
-5.530831e-01
-4.855160e-01
-4.150403e-01
-3.422241e-01
-2.676008e-01
-1.914803e-01
-1.140862e-01
-3.547015e-02
4.145929e-02
1.200581e-01
1.972457e-01
2.731769e-01
3.477486e-01
4.204443e-01
4.906790e-01
5.581773e-01
6.223368e-01
6.830714e-01
7.398994e-01
7.925969e-01
8.406649e-01
8.840173e-01
9.224476e-01
9.554567e-01
9.830618e-01
1.005211e+00
1.021578e+00
1.032076e+00
1.036706e+00
1.035518e+00
1.028531e+00
1.015572e+00
9.969160e-01
9.725120e-01
9.427040e-01
9.074231e-01
8.670137e-01
8.216993e-01
7.717898e-01
7.173541e-01
6.588739e-01
5.966592e-01
5.311057e-01
4.624371e-01
3.912215e-01
3.177168e-01
2.426805e-01
1.661813e-01
8.832256e-02
1.041215e-02
-6.751548e-02
-1.457357e-01
-2.225446e-01
-2.980456e-01
-3.719805e-01
-4.439362e-01
-5.132759e-01
-5.795867e-01
-6.427996e-01
-7.023468e-01
-7.577291e-01
-8.088433e-01
-8.554657e-01
-8.971831e-01
-9.338235e-01
-9.650600e-01
-9.908752e-01
-1.011132e+00
-1.025502e+00
-1.034073e+00
-1.036792e+00
-1.033677e+00
-1.024693e+00
-1.009806e+00
-9.891026e-01
-9.629948e-01
-9.312592e-01
-8.942574e-01
-8.521269e-01
-8.053324e-01
-7.537880e-01
-6.981131e-01
-6.382045e-01
-5.749228e-01
-5.083711e-01
-4.388420e-01
-3.667314e-01
-2.926244e-01
-2.170374e-01
-1.400735e-01
-6.181891e-02
1.545473e-02
9.398471e-02
1.717058e-01
2.480329e-01
3.230864e-01
3.964361e-01
4.675830e-01
5.359417e-01
6.012371e-01
6.632453e-01
7.214501e-01
7.754556e-01
8.251413e-01
8.701631e-01
9.102456e-01
9.450101e-01
9.744395e-01
9.984305e-01
1.016708e+00
1.029288e+00
1.035777e+00
1.036654e+00
1.031508e+00
1.020546e+00
1.003800e+00
9.811515e-01
9.532194e-01
9.197972e-01
8.810744e-01
8.373089e-01
7.889139e-01
7.359755e-01
6.788205e-01
6.177933e-01
5.533584e-01
4.857225e-01
4.152985e-01
3.424995e-01
2.678418e-01
1.918589e-01
1.144476e-01
3.586598e-02
-4.120113e-02
-1.198000e-01
-1.970392e-01
-2.730221e-01
-3.475249e-01
-4.202894e-01
-4.905241e-01
-5.578503e-01
-6.221130e-01
-6.828133e-01
-7.397273e-01
-7.924076e-01
-8.403895e-01
-8.838280e-01
-9.221378e-01
-9.552674e-01
-9.829069e-01
-1.005005e+00
-1.021303e+00
-1.031904e+00
-1.036517e+00
-1.035346e+00
-1.028359e+00
-1.015417e+00
-9.966578e-01
-9.723227e-01
-9.424630e-01
-9.071994e-01
-8.667555e-01
-8.214239e-01
-7.714800e-01
-7.170787e-01
-6.585125e-01
-5.964355e-01
-5.308819e-01
-4.623339e-01
-3.910838e-01
-3.175447e-01
-2.424568e-01
-1.658888e-01
-8.796115e-02
-1.018842e-02
6.773921e-02
1.459594e-01
2.227167e-01
2.982177e-01
3.721526e-01
4.441427e-01
5.135513e-01
5.798965e-01
6.429890e-01
7.024501e-01
7.580389e-01
8.091187e-01
8.556722e-01
8.973380e-01
9.340301e-01
9.652321e-01
9.910473e-01
1.011252e+00
1.025760e+00
1.034279e+00
1.036981e+00
1.033866e+00
1.024917e+00
1.009996e+00
9.893779e-01
9.631324e-01
9.315690e-01
8.945155e-01
8.524022e-01
8.055734e-01
7.541322e-01
6.983368e-01
6.385659e-01
5.752498e-01
5.085948e-01
4.390485e-01
3.670240e-01
2.929170e-01
2.173472e-01
1.404349e-01
6.212869e-02
-1.512773e-02
-9.364051e-02
-1.714304e-01
-2.478780e-01
-3.228971e-01
-3.963157e-01
-4.674281e-01
-5.357524e-01
-6.010650e-01
-6.630044e-01
-7.212780e-01
-7.753007e-01
-8.249176e-01
-8.698533e-01
-9.099702e-01
-9.448208e-01
-9.742674e-01
-9.982068e-01
-1.016536e+00
-1.028979e+00
-1.035587e+00
-1.036362e+00
-1.031319e+00
-1.020356e+00
-1.003542e+00
-9.810310e-01
-9.530301e-01
-9.195907e-01
-8.808679e-01
-8.370508e-01
-7.886902e-01
-7.357345e-01
-6.785452e-01
-6.175523e-01
-5.531347e-01
-4.856020e-01
-4.151264e-01
-3.422930e-01
-2.676697e-01
-1.915663e-01
-1.141206e-01
-3.555620e-02
4.152813e-02
1.200237e-01
1.972457e-01
2.731769e-01
3.476970e-01
4.204443e-01
4.907134e-01
5.581428e-01
6.223368e-01
6.830542e-01
7.399510e-01
7.925625e-01
8.406305e-01
8.839485e-01
9.223960e-01
9.553707e-01
9.830618e-01
1.005160e+00
1.021561e+00
1.032111e+00
1.036758e+00
1.035587e+00
1.028531e+00
1.015606e+00
9.968644e-01
9.724604e-01
9.426523e-01
9.074403e-01
8.670309e-01
8.216993e-01
7.718070e-01
7.174057e-01
6.588912e-01
5.966764e-01
5.311573e-01
4.625060e-01
3.912903e-01
3.177857e-01
2.426633e-01
1.662330e-01
8.832256e-02
1.051541e-02
-6.746385e-02
-1.456840e-01
-2.225274e-01
-2.979768e-01
-3.720321e-01
-4.439190e-01
-5.132243e-01
-5.795523e-01
-6.427308e-01
-7.023296e-01
-7.577291e-01
-8.089294e-01
-8.554312e-01
-8.971659e-01
-9.338407e-01
-9.650256e-01
-9.907892e-01
-1.011114e+00
-1.025502e+00
-1.034073e+00
-1.036758e+00
-1.033677e+00
-1.024659e+00
-1.009738e+00
-9.891542e-01
-9.629259e-01
-9.312936e-01
-8.943090e-01
-8.521957e-01
-8.053669e-01
-7.539257e-01
-6.980959e-01
-6.383078e-01
-5.750260e-01
-5.084227e-01
-4.389280e-01
-3.668347e-01
-2.926933e-01
-2.170890e-01
-1.401596e-01
-6.180170e-02
1.536868e-02
9.393308e-02
1.716542e-01
2.480329e-01
3.230176e-01
3.964534e-01
4.675485e-01
5.360450e-01
6.012199e-01
6.632453e-01
7.214329e-01
7.754212e-01
8.250897e-01
8.700943e-01
9.101768e-01
9.450273e-01
9.744223e-01
9.983961e-01
1.016777e+00
1.029288e+00
1.035863e+00
1.036620e+00
1.031526e+00
1.020563e+00
1.003783e+00
9.812375e-01
9.532022e-01
9.198317e-01
8.810744e-01
8.373433e-01
7.889139e-01
7.359411e-01
6.788033e-01
6.177761e-01
5.533928e-01
4.856881e-01
4.153845e-01
3.424823e-01
2.678762e-01
1.918933e-01
1.144820e-01
3.584877e-02
-4.116671e-02
-1.196623e-01
-1.970392e-01
-2.730048e-01
-3.475249e-01
-4.202550e-01
-4.904897e-01
-5.578159e-01
-6.220786e-01
-6.828133e-01
-7.397961e-01
-7.923043e-01
-8.404068e-01
-8.837936e-01
-9.222067e-01
-9.551813e-01
-9.828725e-01
-1.004936e+00
-1.021337e+00
-1.031939e+00
-1.036499e+00
-1.035364e+00
-1.028307e+00
-1.015417e+00
-9.966406e-01
-9.723227e-01
-9.424114e-01
-9.072166e-01
-8.668244e-01
-8.214584e-01
-7.715489e-01
-7.172336e-01
-6.585469e-01
-5.964527e-01
-5.309852e-01
-4.624199e-01
-3.910666e-01
-3.176136e-01
-2.424224e-01
-1.659576e-01
-8.797836e-02
-1.024005e-02
6.773921e-02
1.459250e-01
2.226651e-01
2.982349e-01
3.721870e-01
4.441427e-01
5.134997e-01
5.798277e-01
6.429545e-01
7.024157e-01
7.579529e-01
8.090670e-01
8.555689e-01
8.973552e-01
9.340473e-01
9.652149e-01
9.910129e-01
1.011252e+00
1.025709e+00
1.034279e+00
1.036998e+00
1.033849e+00
1.024917e+00
1.010030e+00
9.893779e-01
9.632185e-01
9.315174e-01
8.944983e-01
8.524367e-01
8.055562e-01
7.541666e-01
6.983368e-01
6.385659e-01
5.751981e-01
5.086464e-01
4.390829e-01
3.670412e-01
2.928998e-01
2.173472e-01
1.404177e-01
6.212869e-02
-1.512773e-02
-9.362330e-02
-1.714304e-01
-2.478092e-01
-3.228627e-01
-3.961780e-01
-4.673076e-01
-5.356664e-01
-6.009789e-01
-6.629528e-01
-7.212436e-01
-7.753007e-01
-8.248832e-01
-8.698878e-01
-9.099530e-01
-9.448208e-01
-9.742330e-01
-9.982068e-01
-1.016450e+00
-1.028944e+00
-1.035553e+00
-1.036362e+00
-1.031267e+00
-1.020425e+00
-1.003559e+00
-9.810482e-01
-9.530129e-01
-9.196251e-01
-8.808506e-01
-8.370508e-01
-7.887763e-01
-7.357862e-01
-6.785452e-01
-6.176900e-01
-5.531347e-01
-4.856020e-01
-4.152124e-01
-3.422758e-01
-2.676353e-01
-1.915836e-01
-1.141550e-01
-3.557341e-02
4.144208e-02
1.200237e-01
1.972285e-01
2.731597e-01
3.476970e-01
4.204099e-01
4.906274e-01
5.581256e-01
6.223023e-01
6.830542e-01
7.400027e-01
7.925109e-01
8.406133e-01
8.840173e-01
9.223616e-01
9.553707e-01
9.830274e-01
1.005194e+00
1.021561e+00
1.032111e+00
1.036689e+00
1.035639e+00
1.028600e+00
1.015675e+00
9.968816e-01
9.725120e-01
9.426696e-01
9.074748e-01
8.670481e-01
8.217509e-01
7.718243e-01
7.174401e-01
6.589428e-01
5.966936e-01
5.312434e-01
4.625404e-01
3.913591e-01
3.178201e-01
2.427666e-01
1.662502e-01
8.835699e-02
1.051541e-02
-6.744664e-02
-1.456496e-01
-2.224758e-01
-2.980284e-01
-3.719633e-01
-4.439534e-01
-5.132243e-01
-5.795523e-01
-6.426620e-01
-7.022780e-01
-7.577463e-01
-8.088605e-01
-8.553796e-01
-8.971487e-01
-9.337719e-01
-9.650428e-01
-9.907892e-01
-1.011080e+00
-1.025519e+00
-1.034090e+00
-1.036706e+00
-1.033642e+00
-1.024642e+00
-1.009824e+00
-9.891370e-01
-9.629259e-01
-9.312764e-01
-8.943606e-01
-8.521957e-01
-8.053324e-01
-7.538568e-01
-6.981131e-01
-6.382562e-01
-5.749572e-01
-5.083711e-01
-4.389969e-01
-3.668519e-01
-2.927105e-01
-2.171062e-01
-1.401596e-01
-6.178449e-02
1.533426e-02
9.389866e-02
1.715853e-01
2.480501e-01
3.230176e-01
3.963501e-01
4.675141e-01
5.359762e-01
6.012543e-01
6.632109e-01
7.214157e-01
7.754556e-01
8.250553e-01
8.700771e-01
9.101423e-01
9.450446e-01
9.744223e-01
9.984133e-01
1.016725e+00
1.029237e+00
1.035863e+00
1.036603e+00
1.031543e+00
1.020632e+00
1.003783e+00
9.812375e-01
9.532022e-01
9.197800e-01
8.810744e-01
8.373950e-01
7.889484e-01
7.360271e-01
6.788722e-01
6.178449e-01
5.533584e-01
4.857397e-01
4.154017e-01
3.425511e-01
2.679106e-01
1.919622e-01
1.145164e-01
3.590040e-02
-4.111508e-02
-1.196451e-01
-1.969875e-01
-2.729704e-01
-3.474560e-01
-4.202206e-01
-4.904209e-01
-5.577814e-01
-6.220442e-01
-6.827617e-01
-7.397101e-01
-7.923216e-01
-8.403379e-01
-8.837764e-01
-9.221550e-01
-9.552330e-01
-9.828209e-01
-1.005005e+00
-1.021389e+00
-1.031956e+00
-1.036551e+00
-1.035346e+00
-1.028290e+00
-1.015417e+00
-9.966923e-01
-9.723055e-01
-9.424802e-01
-9.072338e-01
-8.668072e-01
-8.214239e-01
-7.715317e-01
-7.171476e-01
-6.585986e-01
-5.964527e-01
-5.310196e-01
-4.624371e-01
-3.910494e-01
-3.176136e-01
-2.424396e-01
-1.659232e-01
-8.797836e-02
-1.022284e-02
6.773921e-02
1.458389e-01
2.225963e-01
2.981145e-01
3.721526e-01
4.440567e-01
5.135169e-01
5.797932e-01
6.429201e-01
7.024501e-01
7.579356e-01
8.090326e-01
8.556205e-01
8.973724e-01
9.339784e-01
9.651977e-01
9.910645e-01
1.011286e+00
1.025726e+00
1.034348e+00
1.037067e+00
1.033935e+00
1.024917e+00
1.010065e+00
9.893779e-01
9.632185e-01
9.315862e-01
8.945499e-01
8.525055e-01
8.055906e-01
7.541666e-01
6.983885e-01
6.385832e-01
5.752670e-01
5.086292e-01
4.390829e-01
3.670240e-01
2.930031e-01
2.173816e-01
1.404349e-01
6.219753e-02
-1.504168e-02
-9.365772e-02
-1.713960e-01
-2.477919e-01
-3.228111e-01
-3.961780e-01
-4.672904e-01
-5.356320e-01
-6.009617e-01
-6.628667e-01
-7.212436e-01
-7.752491e-01
-8.248832e-01
-8.697845e-01
-9.099875e-01
-9.448208e-01
-9.742158e-01
-9.982240e-01
-1.016501e+00
-1.028944e+00
-1.035622e+00
-1.036396e+00
-1.031319e+00
-1.020442e+00
-1.003559e+00
-9.810826e-01
-9.529957e-01
-9.196596e-01
-8.808851e-01
-8.371540e-01
-7.887418e-01
-7.357517e-01
-6.786140e-01
-6.176040e-01
-5.532207e-01
-4.856020e-01
-4.151952e-01
-3.422758e-01
-2.676353e-01
-1.916352e-01
-1.141722e-01
-3.559062e-02
4.145929e-02
1.199376e-01
1.972113e-01
2.731253e-01
3.476797e-01
4.203755e-01
4.906102e-01
5.581256e-01
6.222163e-01
6.830198e-01
7.398994e-01
7.925109e-01
8.405616e-01
8.839485e-01
9.223099e-01
9.554223e-01
9.830102e-01
1.005177e+00
1.021578e+00
1.032059e+00
1.036723e+00
1.035553e+00
1.028583e+00
1.015692e+00
9.968472e-01
9.725292e-01
9.426868e-01
9.075092e-01
8.670481e-01
8.217681e-01
7.718759e-01
7.174573e-01
6.589772e-01
5.967280e-01
5.312089e-01
4.625748e-01
3.913591e-01
3.178545e-01
2.427150e-01
1.663190e-01
8.840862e-02
1.051541e-02
-6.742942e-02
-1.455980e-01
-2.224930e-01
-2.979768e-01
-3.719461e-01
-4.439190e-01
-5.131727e-01
-5.794662e-01
-6.426448e-01
-7.022091e-01
-7.576431e-01
-8.087917e-01
-8.553796e-01
-8.971143e-01
-9.337547e-01
-9.649911e-01
-9.908408e-01
-1.011063e+00
-1.025536e+00
-1.034090e+00
-1.036809e+00
-1.033660e+00
-1.024659e+00
-1.009806e+00
-9.892058e-01
-9.629259e-01
-9.313625e-01
-8.943950e-01
-8.522474e-01
-8.054357e-01
-7.539429e-01
-6.981992e-01
-6.382906e-01
-5.749916e-01
-5.084571e-01
-4.389625e-01
-3.668519e-01
-2.927277e-01
-2.171234e-01
-1.401252e-01
-6.181891e-02
1.531705e-02
9.384703e-02
1.715337e-01
2.479296e-01
3.230004e-01
3.963501e-01
4.675313e-01
5.359417e-01
6.011855e-01
6.632109e-01
7.213640e-01
7.754212e-01
8.250725e-01
8.700255e-01
9.101423e-01
9.449241e-01
9.744223e-01
9.983961e-01
1.016690e+00
1.029219e+00
1.035845e+00
1.036620e+00
1.031526e+00
1.020614e+00
1.003783e+00
9.813064e-01
9.532366e-01
9.198833e-01
8.810916e-01
8.374122e-01
7.890172e-01
7.360787e-01
6.789410e-01
6.178449e-01
5.534789e-01
4.857397e-01
4.154017e-01
3.425855e-01
2.679623e-01
1.919450e-01
1.145853e-01
3.596924e-02
-4.106345e-02
-1.196451e-01
-1.969875e-01
-2.728672e-01
-3.474732e-01
-4.202206e-01
-4.904209e-01
-5.577298e-01
-6.220270e-01
-6.827617e-01
-7.397273e-01
-7.922871e-01
-8.403723e-01
-8.838280e-01
-9.221722e-01
-9.552330e-01
-9.828725e-01
-1.004953e+00
-1.021337e+00
-1.031904e+00
-1.036551e+00
-1.035381e+00
-1.028325e+00
-1.015469e+00
-9.966578e-01
-9.723743e-01
-9.424630e-01
-9.072510e-01
-8.668244e-01
-8.215272e-01
-7.715833e-01
-7.172164e-01
-6.587018e-01
-5.965387e-01
-5.310368e-01
-4.624543e-01
-3.911526e-01
-3.176308e-01
-2.425256e-01
-1.659920e-01
-8.806441e-02
-1.027447e-02
6.768758e-02
1.457873e-01
2.226135e-01
2.980973e-01
3.721526e-01
4.440739e-01
5.133964e-01
5.798793e-01
6.429201e-01
7.024329e-01
7.579184e-01
8.090326e-01
8.555861e-01
8.973208e-01
9.339784e-01
9.651977e-01
9.909957e-01
1.011252e+00
1.025726e+00
1.034279e+00
1.037016e+00
1.033901e+00
1.024934e+00
1.010065e+00
9.894124e-01
9.632357e-01
9.314657e-01
8.908153e-01
8.442274e-01
7.933714e-01
7.386947e-01
6.803006e-01
6.186022e-01
5.540985e-01
4.871509e-01
4.182758e-01
3.475076e-01
2.757585e-01
2.034414e-01
1.306079e-01
5.744753e-02
-1.378534e-02
-8.560336e-02
-1.559069e-01
-2.239215e-01
-2.900601e-01
-3.538238e-01
-4.147478e-01
-4.725911e-01
-5.269236e-01
-5.777280e-01
-6.245052e-01
-6.672209e-01
-7.054791e-01
-7.392798e-01
-7.684166e-01
-7.927002e-01
-8.120960e-01
-8.267591e-01
-8.364656e-01
-8.411468e-01
-8.409919e-01
-8.360010e-01
-8.263288e-01
-8.121132e-01
-7.932681e-01
-7.701893e-01
-7.430144e-01
-7.119673e-01
-6.772028e-01
-6.391167e-01
-5.978639e-01
-5.538403e-01
-5.072180e-01
-4.582206e-01
-4.074506e-01
-3.550801e-01
-3.014188e-01
-2.466044e-01
-1.914803e-01
-1.360119e-01
-8.052636e-02
-2.505800e-02
2.781163e-02
8.164502e-02
1.336541e-01
1.840111e-01
2.325954e-01
2.791144e-01
3.232413e-01
3.647006e-01
4.033890e-01
4.391862e-01
4.719199e-01
5.012633e-01
5.272162e-01
5.496410e-01
5.685378e-01
5.836999e-01
5.953684e-01
6.033023e-01
6.076565e-01
6.083621e-01
6.054708e-01
5.991891e-01
5.895342e-01
5.766094e-01
5.606039e-01
5.415178e-01
5.198502e-01
4.954118e-01
4.685639e-01
4.395820e-01
4.086554e-01
3.758528e-01
3.415529e-01
3.059623e-01
2.693907e-01
2.319758e-01
1.938553e-01
1.554938e-01
1.171152e-01
7.896024e-02
4.089135e-02
4.268121e-03
-3.164949e-02
-6.727453e-02
-1.014711e-01
-1.342565e-01
-1.655790e-01
-1.951288e-01
-2.228028e-01
-2.484804e-01
-2.720239e-01
-2.934161e-01
-3.124850e-01
-3.291788e-01
-3.434977e-01
-3.554415e-01
-3.648899e-01
-3.718428e-01
-3.764035e-01
-3.786753e-01
-3.785892e-01
-3.761798e-01
-3.715158e-01
-3.648899e-01
-3.560955e-01
-3.454941e-01
-3.330855e-01
-3.190765e-01
-3.035701e-01
-2.867902e-01
-2.685818e-01
-2.495646e-01
-2.295836e-01
-2.087249e-01
-1.874703e-01
-1.658027e-01
-1.438770e-01
-1.219168e-01
-9.990501e-02
-7.828904e-02
-5.700007e-02
-3.622740e-02
-1.588498e-02
2.254532e-03
2.054894e-02
3.818936e-02
5.469390e-02
7.001095e-02
8.426097e-02
9.718580e-02
1.087682e-01
1.189567e-01
1.278543e-01
1.353752e-01
1.414331e-01
1.462348e-01
1.495908e-01
1.516732e-01
1.523788e-01
1.519658e-01
1.503652e-01
1.476804e-01
1.439286e-01
1.393335e-01
1.337058e-01
1.274929e-01
1.206949e-01
1.131913e-01
1.053090e-01
9.701370e-02
8.981985e-02
8.575825e-02
8.142129e-02
7.653360e-02
7.126729e-02
6.553631e-02
5.944391e-02
5.302452e-02
4.626092e-02
3.929081e-02
3.202812e-02
2.455890e-02
1.693480e-02
9.310699e-03
1.772647e-03
-4.595114e-03
-1.235690e-02
-2.010147e-02
-2.767394e-02
-3.509153e-02
-4.240585e-02
-4.937596e-02
-5.610514e-02
-6.250732e-02
-6.863414e-02
-7.426186e-02
-7.954538e-02
-8.431260e-02
-8.864956e-02
-9.250463e-02
-9.580899e-02
-9.852819e-02
-1.007655e-01
-1.024177e-01
-1.034675e-01
-1.039322e-01
-1.038461e-01
-1.031061e-01
-1.018153e-01
-1.000083e-01
-9.753000e-02
-9.453543e-02
-9.105898e-02
-8.699738e-02
-8.248832e-02
-7.749737e-02
-7.200733e-02
-6.622471e-02
-5.999463e-02
-5.348919e-02
-4.658792e-02
-3.948012e-02
-3.213138e-02
-2.467938e-02
-1.705527e-02
-9.310699e-03
-1.789857e-03
4.560694e-03
1.233969e-02
1.999821e-02
2.753626e-02
3.495384e-02
4.213048e-02
4.906618e-02
5.570930e-02
6.197380e-02
6.791131e-02
7.345298e-02
7.847835e-02
8.317673e-02
8.739322e-02
9.104177e-02
9.410518e-02
9.666949e-02
9.871750e-02
1.001287e-01
1.010409e-01
1.013334e-01
1.009720e-01
1.000771e-01
9.857982e-02
9.658344e-02
9.393308e-02
9.076641e-02
8.711785e-02
8.286694e-02
7.822020e-02
7.309157e-02
6.749827e-02
6.150913e-02
5.527905e-02
4.851545e-02
4.157976e-02
3.440312e-02
2.705438e-02
1.951633e-02
1.184059e-02
4.113229e-03
-2.065220e-03
-9.861424e-03
-1.755437e-02
-2.517847e-02
-3.264768e-02
-4.004805e-02
-4.713864e-02
-5.388503e-02
-6.044210e-02
-6.662055e-02
-7.247200e-02
-7.784157e-02
-8.278089e-02
-8.730717e-02
-9.133434e-02
-9.472475e-02
-9.773652e-02
-1.001287e-01
-1.019358e-01
-1.031233e-01
-1.037945e-01
-1.038806e-01
-1.033987e-01
-1.023144e-01
-1.005590e-01
-9.840772e-02
-9.565409e-02
-9.228090e-02
-8.837420e-02
-8.402002e-02
-7.921839e-02
-7.391766e-02
-6.818667e-02
-6.218032e-02
-5.565767e-02
-4.891129e-02
-4.190675e-02
-3.462685e-02
-2.715764e-02
-1.960238e-02
-1.187501e-02
-4.164860e-03
2.082430e-03
9.775373e-03
1.750274e-02
2.502358e-02
3.247558e-02
3.968664e-02
4.674281e-02
5.347198e-02
5.987416e-02
6.594935e-02
7.162871e-02
7.687781e-02
8.167944e-02
8.603361e-02
8.987148e-02
9.317583e-02
9.592946e-02
9.818399e-02
9.978453e-02
1.007999e-01
1.012818e-01
1.011613e-01
1.004041e-01
9.921660e-02
9.725464e-02
9.489685e-02
9.191949e-02
8.837420e-02
8.434702e-02
7.982074e-02
7.481259e-02
6.932254e-02
6.350551e-02
5.734427e-02
5.080441e-02
4.392034e-02
3.686417e-02
2.951543e-02
2.202901e-02
1.445654e-02
6.677544e-03
-5.163049e-05
-7.193849e-03
-1.497284e-02
-2.264858e-02
-3.020384e-02
-3.755258e-02
-4.472922e-02
-5.168212e-02
-5.832525e-02
-6.457254e-02
-7.049283e-02
-7.608614e-02
-8.116314e-02
-8.587872e-02
-9.004358e-02
-9.370935e-02
-9.678997e-02
-9.942312e-02
-1.014023e-01
-1.028652e-01
-1.036224e-01
-1.039666e-01
-1.036396e-01
-1.027619e-01
-1.012646e-01
-9.914776e-02
-9.660065e-02
-9.346840e-02
-8.971659e-02
-8.553452e-02
-8.085335e-02
-7.570751e-02
-7.014863e-02
-6.419391e-02
-5.789499e-02
-5.120024e-02
-4.433338e-02
-3.703627e-02
-2.970474e-02
-2.216669e-02
-1.454259e-02
-6.694754e-03
3.442033e-05
7.228269e-03
1.488679e-02
2.249369e-02
3.006616e-02
3.736327e-02
4.440222e-02
5.125187e-02
5.775731e-02
6.398739e-02
6.978722e-02
7.517400e-02
8.011332e-02
8.467401e-02
8.868398e-02
9.210880e-02
9.510337e-02
9.742674e-02
9.930265e-02
1.005418e-01
1.011613e-01
1.013334e-01
1.006967e-01
9.966406e-02
9.801189e-02
9.574015e-02
9.295210e-02
8.966496e-02
8.575825e-02
8.138687e-02
7.653360e-02
7.123287e-02
6.550189e-02
5.942670e-02
5.297289e-02
4.629534e-02
3.920475e-02
3.192486e-02
2.455890e-02
1.696922e-02
9.310699e-03
1.807067e-03
-4.612324e-03
-1.232248e-02
-2.006705e-02
-2.765673e-02
-3.510874e-02
-4.237143e-02
-4.944480e-02
-5.612235e-02
-6.249011e-02
-6.859972e-02
-7.429628e-02
-7.954538e-02
-8.436423e-02
-8.868398e-02
-9.252184e-02
-9.584341e-02
-9.851098e-02
-1.007827e-01
-1.024865e-01
-1.034675e-01
-1.039838e-01
-1.037773e-01
-1.031233e-01
-1.018498e-01
-9.993943e-02
-9.754721e-02
-9.455264e-02
-9.109340e-02
-8.698017e-02
-8.253995e-02
-7.748016e-02
-7.202454e-02
-6.620750e-02
-5.996021e-02
-5.343756e-02
-4.660513e-02
-3.951454e-02
-3.218301e-02
-2.466217e-02
-1.707248e-02
-9.293489e-03
-1.858698e-03
4.543483e-03
1.232248e-02
2.003263e-02
2.758789e-02
3.488500e-02
4.207885e-02
4.899734e-02
5.567488e-02
6.192217e-02
6.791131e-02
7.345298e-02
7.858161e-02
8.314231e-02
8.739322e-02
9.100735e-02
9.415681e-02
9.670391e-02
9.873471e-02
1.001632e-01
1.010925e-01
1.013162e-01
1.010065e-01
1.001115e-01
9.861424e-02
9.658344e-02
9.393308e-02
9.078362e-02
8.706622e-02
8.291857e-02
7.815136e-02
7.305715e-02
6.748106e-02
6.149192e-02
5.519300e-02
4.858429e-02
4.157976e-02
3.443754e-02
2.707159e-02
1.951633e-02
1.187501e-02
4.147650e-03
-2.082430e-03
-9.775373e-03
-1.755437e-02
-2.514405e-02
-3.263047e-02
-3.994479e-02
-4.705259e-02
-5.393666e-02
-6.040768e-02
-6.663776e-02
-7.238595e-02
-7.787599e-02
-8.279810e-02
-8.730717e-02
-9.129992e-02
-9.475917e-02
-9.765047e-02
-1.001287e-01
-1.019530e-01
-1.031749e-01
-1.037945e-01
-1.039666e-01
-1.033987e-01
-1.023144e-01
-1.006106e-01
-9.842493e-02
-9.558525e-02
-9.228090e-02
-8.839141e-02
-8.403723e-02
-7.918397e-02
-7.395208e-02
-6.820388e-02
-6.212869e-02
-5.569209e-02
-4.894571e-02
-4.195838e-02
-3.467848e-02
-2.719206e-02
-1.956796e-02
-1.190943e-02
-4.147650e-03
2.030799e-03
9.792584e-03
1.748553e-02
2.502358e-02
3.251000e-02
3.978990e-02
4.676002e-02
5.345477e-02
5.989137e-02
6.591493e-02
7.162871e-02
7.689502e-02
8.174828e-02
8.606803e-02
8.983706e-02
9.310699e-02
9.591225e-02
9.814957e-02
9.978453e-02
1.007827e-01
1.012990e-01
1.011613e-01
1.004213e-01
9.914776e-02
9.725464e-02
9.482801e-02
9.191949e-02
8.833977e-02
8.434702e-02
7.980353e-02
7.481259e-02
6.939138e-02
6.352272e-02
5.734427e-02
5.082162e-02
4.393755e-02
3.682975e-02
2.954985e-02
2.202901e-02
1.447375e-02
6.746385e-03
-8.605082e-05
-7.228269e-03
-1.497284e-02
-2.266579e-02
-3.022105e-02
-3.753537e-02
-4.478085e-02
-5.168212e-02
-5.830804e-02
-6.460696e-02
-7.052725e-02
-7.606893e-02
-8.118035e-02
-8.586151e-02
-9.000916e-02
-9.365772e-02
-9.675555e-02
-9.938870e-02
-1.013507e-01
-1.028135e-01
-1.037085e-01
-1.039322e-01
-1.035880e-01
-1.027275e-01
-1.012990e-01
-9.925102e-02
-9.661786e-02
-9.343398e-02
-8.971659e-02
-8.553452e-02
-8.081893e-02
-7.574193e-02
-7.016584e-02
-6.419391e-02
-5.786057e-02
-5.121745e-02
-4.428175e-02
-3.707069e-02
-2.968753e-02
-2.214948e-02
-1.450817e-02
-6.694754e-03
6.884066e-05
7.193849e-03
1.497284e-02
2.249369e-02
3.001453e-02
3.736327e-02
4.443664e-02
5.126908e-02
5.779173e-02
6.398739e-02
6.985606e-02
7.522563e-02
8.019937e-02
8.463959e-02
8.864956e-02
9.212601e-02
9.505174e-02
9.744395e-02
9.930265e-02
1.005590e-01
1.012130e-01
1.012818e-01
1.007655e-01
9.971569e-02
9.802910e-02
9.570573e-02
9.293489e-02
8.961333e-02
8.568941e-02
8.136966e-02
7.655081e-02
7.125008e-02
6.555352e-02
5.942670e-02
5.300731e-02
4.632976e-02
3.922197e-02
3.199370e-02
2.459333e-02
1.702085e-02
9.310699e-03
1.789857e-03
-4.577904e-03
-1.237411e-02
-2.008426e-02
-2.769115e-02
-3.519479e-02
-4.235422e-02
-4.939317e-02
-5.610514e-02
-6.254174e-02
-6.861693e-02
-7.427907e-02
-7.952817e-02
-8.436423e-02
-8.870119e-02
-9.247021e-02
-9.586062e-02
-9.859703e-02
-1.008516e-01
-1.024005e-01
-1.034847e-01
-1.039322e-01
-1.037773e-01
-1.031061e-01
-1.018842e-01
-9.997385e-02
-9.747837e-02
-9.455264e-02
-9.105898e-02
-8.701459e-02
-8.250553e-02
-7.748016e-02
-7.202454e-02
-6.627634e-02
-6.002905e-02
-5.342035e-02
-4.657071e-02
-3.953175e-02
-3.216580e-02
-2.464496e-02
-1.710690e-02
-9.345119e-03
-1.824277e-03
4.595114e-03
1.232248e-02
2.003263e-02
2.755347e-02
3.491942e-02
4.211327e-02
4.903176e-02
5.567488e-02
6.193938e-02
6.787689e-02
7.340135e-02
7.852998e-02
8.314231e-02
8.742764e-02
9.104177e-02
9.415681e-02
9.672113e-02
9.875192e-02
1.001976e-01
1.011441e-01
1.013162e-01
1.010237e-01
1.001115e-01
9.864866e-02
9.651460e-02
9.393308e-02
9.080083e-02
8.704901e-02
8.284973e-02
7.815136e-02
7.307436e-02
6.744664e-02
6.152634e-02
5.519300e-02
4.858429e-02
4.161418e-02
3.438591e-02
2.705438e-02
1.951633e-02
1.192664e-02
4.147650e-03
-2.065220e-03
-9.809794e-03
-1.753716e-02
-2.512684e-02
-3.263047e-02
-3.999642e-02
-4.703538e-02
-5.393666e-02
-6.039047e-02
-6.662055e-02
-7.243758e-02
-7.782436e-02
-8.283252e-02
-8.735880e-02
-9.126550e-02
-9.472475e-02
-9.770210e-02
-1.001287e-01
-1.019186e-01
-1.031921e-01
-1.038633e-01
-1.038978e-01
-1.033815e-01
-1.023316e-01
-1.006623e-01
-9.837330e-02
-9.563688e-02
-9.226369e-02
-8.837420e-02
-8.408886e-02
-7.918397e-02
-7.388324e-02
-6.820388e-02
-6.209427e-02
-5.562325e-02
-4.891129e-02
-4.188954e-02
-3.460964e-02
-2.722648e-02
-1.960238e-02
-1.192664e-02
-4.182070e-03
2.030799e-03
9.758163e-03
1.746832e-02
2.497195e-02
3.254442e-02
3.970385e-02
4.674281e-02
5.342035e-02
5.990858e-02
6.594935e-02
7.159428e-02
7.689502e-02
8.166223e-02
8.603361e-02
8.981985e-02
9.317583e-02
9.591225e-02
9.814957e-02
9.975011e-02
1.007999e-01
1.012990e-01
1.011613e-01
1.004902e-01
9.918218e-02
9.727185e-02
9.486243e-02
9.191949e-02
8.840862e-02
8.441586e-02
7.987237e-02
7.489864e-02
6.937417e-02
6.353993e-02
5.741311e-02
5.078720e-02
4.400639e-02
3.684696e-02
2.944659e-02
2.201180e-02
1.438770e-02
6.694754e-03
-6.884066e-05
-7.245479e-03
-1.505889e-02
-2.266579e-02
-3.016942e-02
-3.751816e-02
-4.472922e-02
-5.159607e-02
-5.825641e-02
-6.455533e-02
-7.052725e-02
-7.610335e-02
-8.119756e-02
-8.582709e-02
-9.000916e-02
-9.369214e-02
-9.678997e-02
-9.931986e-02
-1.014023e-01
-1.028479e-01
-1.036740e-01
-1.039494e-01
-1.036568e-01
-1.027275e-01
-1.012990e-01
-9.923381e-02
-9.660065e-02
-9.348561e-02
-8.973380e-02
-8.555173e-02
-8.085335e-02
-7.574193e-02
-7.014863e-02
-6.421112e-02
-5.789499e-02
-5.123466e-02
-4.429896e-02
-3.705348e-02
-2.967032e-02
-2.220111e-02
-1.450817e-02
-6.763595e-03
5.163049e-05
7.228269e-03
1.492121e-02
2.254532e-02
2.998011e-02
3.732885e-02
4.441943e-02
5.125187e-02
5.774010e-02
6.400460e-02
6.975280e-02
7.515679e-02
8.006169e-02
8.465680e-02
8.863235e-02
9.216043e-02
9.506895e-02
9.740953e-02
9.925102e-02
1.005246e-01
1.011958e-01
1.012646e-01
1.007311e-01
9.968127e-02
9.802910e-02
9.574015e-02
9.300373e-02
8.963054e-02
8.577546e-02
8.138687e-02
7.656802e-02
7.125008e-02
6.560515e-02
5.942670e-02
5.307615e-02
4.629534e-02
3.929081e-02
3.197649e-02
2.459333e-02
1.696922e-02
9.327909e-03
1.858698e-03
-4.560694e-03
-1.235690e-02
-2.004984e-02
-2.770837e-02
-3.514316e-02
-4.235422e-02
-4.937596e-02
-5.615677e-02
-6.252453e-02
-6.856530e-02
-7.427907e-02
-7.954538e-02
-8.432981e-02
-8.870119e-02
-9.252184e-02
-9.584341e-02
-9.851098e-02
-1.007655e-01
-1.024177e-01
-1.034503e-01
-1.039150e-01
-1.038461e-01
-1.030889e-01
-1.018325e-01
-9.992222e-02
-9.753000e-02
-9.451822e-02
-9.104177e-02
-8.694575e-02
-8.245390e-02
-7.742853e-02
-7.202454e-02
-6.624192e-02
-6.001184e-02
-5.343756e-02
-4.655350e-02
-3.948012e-02
-3.216580e-02
-2.476543e-02
-1.708969e-02
-9.293489e-03
-1.841488e-03
4.543483e-03
1.237411e-02
1.998100e-02
2.755347e-02
3.488500e-02
4.207885e-02
4.899734e-02
5.569209e-02
6.199101e-02
6.785968e-02
7.340135e-02
7.851277e-02
8.314231e-02
8.735880e-02
9.097293e-02
9.408797e-02
9.672113e-02
9.878634e-02
1.001287e-01
1.010581e-01
1.013162e-01
1.009892e-01
1.000943e-01
9.864866e-02
9.653181e-02
9.395029e-02
9.105898e-02
9.135155e-02
9.155808e-02
9.071478e-02
8.892492e-02
8.594756e-02
8.181712e-02
7.661965e-02
7.025189e-02
6.276547e-02
5.407434e-02
4.436780e-02
3.361145e-02
2.173644e-02
8.932075e-03
-3.287141e-03
-1.777810e-02
-3.314678e-02
-4.901455e-02
-6.543305e-02
-8.248832e-02
-9.971569e-02
-1.172184e-01
-1.345835e-01
-1.521034e-01
-1.693308e-01
-1.862312e-01
-2.025464e-01
-2.182249e-01
-2.331977e-01
-2.472240e-01
-2.601316e-01
-2.719894e-01
-2.824188e-01
-2.914713e-01
-2.988717e-01
-3.047232e-01
-3.088192e-01
-3.110565e-01
-3.113491e-01
-3.096625e-01
-3.059795e-01
-3.001625e-01
-2.923319e-01
-2.823328e-01
-2.703028e-01
-2.561561e-01
-2.399613e-01
-2.217358e-01
-2.016515e-01
-1.796225e-01
-1.558553e-01
-1.303842e-01
-1.034503e-01
-7.519121e-02
-4.560694e-02
-1.468027e-02
1.519658e-02
4.796473e-02
8.095661e-02
1.141206e-01
1.475944e-01
1.810509e-01
2.142149e-01
2.468454e-01
2.788391e-01
3.098862e-01
3.398147e-01
3.683836e-01
3.953691e-01
4.206164e-01
4.439190e-01
4.650531e-01
4.839326e-01
5.002995e-01
5.140504e-01
5.249789e-01
5.329988e-01
5.379553e-01
5.398829e-01
5.385921e-01
5.340314e-01
5.262008e-01
5.151002e-01
5.007297e-01
4.830377e-01
4.621962e-01
4.382396e-01
4.112369e-01
3.812051e-01
3.482993e-01
3.128980e-01
2.748807e-01
2.344713e-01
1.919622e-01
1.476976e-01
1.018153e-01
5.417760e-02
6.109608e-03
-4.288773e-02
-9.315862e-02
-1.435328e-01
-1.938897e-01
-2.439885e-01
-2.936054e-01
-3.421037e-01
-3.895004e-01
-4.354172e-01
-4.795096e-01
-5.214680e-01
-5.610342e-01
-5.979327e-01
-6.319917e-01
-6.628151e-01
-6.902825e-01
-7.140325e-01
-7.340652e-01
-7.501222e-01
-7.619972e-01
-7.696041e-01
-7.728569e-01
-7.717382e-01
-7.659212e-01
-7.556295e-01
-7.408804e-01
-7.215362e-01
-6.977173e-01
-6.694410e-01
-6.370515e-01
-6.004626e-01
-5.598467e-01
-5.153756e-01
-4.673076e-01
-4.160213e-01
-3.615339e-01
-3.041552e-01
-2.442811e-01
-1.824277e-01
-1.186125e-01
-5.280078e-02
1.270110e-02
8.033705e-02
1.482311e-01
2.156778e-01
2.828835e-01
3.494352e-01
4.147478e-01
4.783565e-01
5.401066e-01
5.993612e-01
6.559654e-01
7.092997e-01
7.591404e-01
8.052980e-01
8.473941e-01
8.849295e-01
9.177837e-01
9.458534e-01
9.687257e-01
9.861941e-01
9.981551e-01
1.004523e+00
1.005263e+00
1.000117e+00
9.891026e-01
9.722538e-01
9.496225e-01
9.198489e-01
8.811776e-01
8.374638e-01
7.890344e-01
7.362164e-01
6.790270e-01
6.179826e-01
5.536682e-01
4.858602e-01
4.155738e-01
3.427060e-01
2.681172e-01
1.921171e-01
1.147230e-01
3.617577e-02
-4.089135e-02
-1.195074e-01
-1.968499e-01
-2.727123e-01
-3.472495e-01
-4.199796e-01
-4.901971e-01
-5.575749e-01
-6.218032e-01
-6.826412e-01
-7.395380e-01
-7.921839e-01
-8.402519e-01
-8.836559e-01
-9.220690e-01
-9.551469e-01
-9.827864e-01
-1.004919e+00
-1.021320e+00
-1.031835e+00
-1.036517e+00
-1.035329e+00
-1.028342e+00
-1.015434e+00
-9.967439e-01
-9.724087e-01
-9.425663e-01
-9.074059e-01
-8.669448e-01
-8.215616e-01
-7.716866e-01
-7.173197e-01
-6.588223e-01
-5.966076e-01
-5.311057e-01
-4.625748e-01
-3.913764e-01
-3.178201e-01
-2.426805e-01
-1.661641e-01
-8.827093e-02
-1.046378e-02
6.749827e-02
1.456324e-01
2.224758e-01
2.979596e-01
3.719633e-01
4.439018e-01
5.132932e-01
5.796211e-01
6.427652e-01
7.022952e-01
7.578152e-01
8.088949e-01
8.554140e-01
8.972175e-01
9.338752e-01
9.651460e-01
9.909613e-01
1.011200e+00
1.025674e+00
1.034262e+00
1.036998e+00
1.033866e+00
1.024934e+00
1.010133e+00
9.894296e-01
9.632701e-01
9.316034e-01
8.947392e-01
8.525571e-01
8.057627e-01
7.543043e-01
6.985950e-01
6.387553e-01
5.754391e-01
5.088874e-01
4.393239e-01
3.672649e-01
2.932440e-01
2.176397e-01
1.407103e-01
6.238685e-02
-1.483516e-02
-9.338235e-02
-1.711895e-01
-2.476026e-01
-3.226045e-01
-3.959715e-01
-4.671183e-01
-5.354426e-01
-6.007552e-01
-6.627634e-01
-7.210371e-01
-7.751630e-01
-8.246767e-01
-8.696468e-01
-9.098326e-01
-9.447004e-01
-9.740781e-01
-9.981895e-01
-1.016484e+00
-1.028996e+00
-1.035690e+00
-1.036362e+00
-1.031371e+00
-1.020408e+00
-1.003611e+00
-9.810826e-01
-9.531161e-01
-9.196596e-01
-8.809883e-01
-8.372229e-01
-7.888451e-01
-7.358894e-01
-6.787689e-01
-6.178277e-01
-5.533412e-01
-4.858085e-01
-4.153329e-01
-3.425339e-01
-2.679278e-01
-1.918417e-01
-1.144132e-01
-3.579714e-02
4.116671e-02
1.197139e-01
1.969703e-01
2.728672e-01
3.474216e-01
4.201862e-01
4.903520e-01
5.579363e-01
6.220614e-01
6.828993e-01
7.397273e-01
7.923560e-01
8.404584e-01
8.838452e-01
9.221895e-01
9.552674e-01
9.829241e-01
1.005056e+00
1.021509e+00
1.032042e+00
1.036758e+00
1.035587e+00
1.028583e+00
1.015761e+00
9.969848e-01
9.726325e-01
9.427900e-01
9.076125e-01
8.672202e-01
8.219058e-01
7.719791e-01
7.176639e-01
6.591493e-01
5.969346e-01
5.313810e-01
4.627641e-01
3.915312e-01
3.180266e-01
2.430247e-01
1.665083e-01
8.864956e-02
1.073914e-02
-6.720569e-02
-1.453398e-01
-2.222349e-01
-2.977186e-01
-3.717912e-01
-4.437125e-01
-5.129490e-01
-5.793458e-01
-6.425071e-01
-7.021059e-01
-7.575054e-01
-8.087401e-01
-8.552075e-01
-8.970282e-01
-9.336514e-01
-9.649051e-01
-9.907720e-01
-1.010977e+00
-1.025485e+00
-1.034038e+00
-1.036740e+00
-1.033694e+00
-1.024762e+00
-1.009875e+00
-9.892575e-01
-9.629948e-01
-9.314141e-01
-8.944983e-01
-8.524022e-01
-8.055218e-01
-7.540634e-01
-6.983024e-01
-6.384971e-01
-5.752498e-01
-5.086636e-01
-4.391518e-01
-3.670756e-01
-2.929514e-01
-2.173472e-01
-1.404522e-01
-6.205985e-02
1.509331e-02
9.365772e-02
1.713272e-01
2.477059e-01
3.227766e-01
3.961608e-01
4.672560e-01
5.357352e-01
6.009789e-01
6.630216e-01
7.212952e-01
7.752491e-01
8.249348e-01
8.699222e-01
9.100047e-01
9.448725e-01
9.743018e-01
9.983616e-01
1.016639e+00
1.029219e+00
1.035828e+00
1.036671e+00
1.031526e+00
1.020614e+00
1.003834e+00
9.813064e-01
9.533915e-01
9.199693e-01
8.812293e-01
8.375155e-01
7.891377e-01
7.361820e-01
6.790787e-01
6.181031e-01
5.536510e-01
4.859634e-01
4.156083e-01
3.427576e-01
2.681860e-01
1.921859e-01
1.147230e-01
3.617577e-02
-4.085693e-02
-1.194730e-01
-1.967982e-01
-2.727123e-01
-3.472495e-01
-4.199796e-01
-4.901971e-01
-5.574889e-01
-6.218032e-01
-6.825551e-01
-7.395380e-01
-7.921667e-01
-8.402519e-01
-8.836387e-01
-9.220346e-01
-9.550953e-01
-9.827864e-01
-1.004884e+00
-1.021320e+00
-1.031870e+00
-1.036551e+00
-1.035329e+00
-1.028359e+00
-1.015469e+00
-9.967783e-01
-9.724431e-01
-9.426007e-01
-9.074059e-01
-8.669620e-01
-8.216649e-01
-7.717038e-01
-7.173885e-01
-6.588567e-01
-5.966420e-01
-5.312262e-01
-4.626436e-01
-3.913591e-01
-3.178890e-01
-2.427666e-01
-1.662330e-01
-8.832256e-02
-1.054983e-02
6.748106e-02
1.456152e-01
2.223897e-01
2.979252e-01
3.718772e-01
4.437985e-01
5.132071e-01
5.795695e-01
6.426964e-01
7.022608e-01
7.577808e-01
8.088777e-01
8.554140e-01
8.972519e-01
9.338407e-01
9.650944e-01
9.909269e-01
1.011218e+00
1.025674e+00
1.034279e+00
1.037016e+00
1.033901e+00
1.024986e+00
1.010065e+00
9.894468e-01
9.633218e-01
9.317067e-01
8.947220e-01
8.526604e-01
8.057799e-01
7.543904e-01
6.986466e-01
6.388757e-01
5.754391e-01
5.089046e-01
4.392895e-01
3.672649e-01
2.932096e-01
2.177086e-01
1.406931e-01
6.245569e-02
-1.485237e-02
-9.339956e-02
-1.711551e-01
-2.475166e-01
-3.225357e-01
-3.959370e-01
-4.671183e-01
-5.354599e-01
-6.007208e-01
-6.627634e-01
-7.210543e-01
-7.751458e-01
-8.246250e-01
-8.697673e-01
-9.097465e-01
-9.445971e-01
-9.741297e-01
-9.981551e-01
-1.016467e+00
-1.029030e+00
-1.035690e+00
-1.036396e+00
-1.031354e+00
-1.020408e+00
-1.003714e+00
-9.811859e-01
-9.531678e-01
-9.196768e-01
-8.809539e-01
-8.372917e-01
-7.888795e-01
-7.359583e-01
-6.787861e-01
-6.178793e-01
-5.533928e-01
-4.858774e-01
-4.154534e-01
-3.425339e-01
-2.679278e-01
-1.918417e-01
-1.144132e-01
-3.583156e-02
4.111508e-02
1.197139e-01
1.969359e-01
2.728844e-01
3.473872e-01
4.201517e-01
4.904209e-01
5.578331e-01
6.220270e-01
6.828305e-01
7.397101e-01
7.923388e-01
8.404240e-01
8.838452e-01
9.222239e-01
9.552846e-01
9.829069e-01
1.005056e+00
1.021527e+00
1.032059e+00
1.036758e+00
1.035570e+00
1.028600e+00
1.015709e+00
9.970020e-01
9.726325e-01
9.428417e-01
9.076297e-01
8.671686e-01
8.219403e-01
7.720480e-01
7.177155e-01
6.591837e-01
5.970034e-01
5.314843e-01
4.628502e-01
3.916001e-01
3.180783e-01
2.430247e-01
1.664911e-01
8.864956e-02
1.080798e-02
-6.717127e-02
-1.453571e-01
-2.222176e-01
-2.977358e-01
-3.717396e-01
-4.436608e-01
-5.129662e-01
-5.793114e-01
-6.424727e-01
-7.020887e-01
-7.575226e-01
-8.086712e-01
-8.552247e-01
-8.970454e-01
-9.336170e-01
-9.649739e-01
-9.907548e-01
-1.011011e+00
-1.025468e+00
-1.034073e+00
-1.036775e+00
-1.033677e+00
-1.024728e+00
-1.009910e+00
-9.892747e-01
-9.630636e-01
-9.314485e-01
-8.944983e-01
-8.523162e-01
-8.055734e-01
-7.541150e-01
-6.983885e-01
-6.385487e-01
-5.752670e-01
-5.086980e-01
-4.392206e-01
-3.670756e-01
-2.929342e-01
-2.173988e-01
-1.404177e-01
-6.209427e-02
1.507610e-02
9.362330e-02
1.713444e-01
2.477059e-01
3.227422e-01
3.961091e-01
4.672560e-01
5.357008e-01
6.010134e-01
6.630388e-01
7.212092e-01
7.752663e-01
8.248832e-01
8.699394e-01
9.099875e-01
9.448725e-01
9.742674e-01
9.983272e-01
1.016708e+00
1.029237e+00
1.035828e+00
1.036585e+00
1.031594e+00
1.020649e+00
1.003903e+00
9.813236e-01
9.533571e-01
9.199521e-01
8.812465e-01
8.375327e-01
7.891205e-01
7.362336e-01
6.790615e-01
6.181375e-01
5.536682e-01
4.860150e-01
4.156427e-01
3.428437e-01
2.681860e-01
1.922375e-01
1.147574e-01
3.621019e-02
-4.078809e-02
-1.194041e-01
-1.967982e-01
-2.726778e-01
-3.472151e-01
-4.198936e-01
-4.902487e-01
-5.575233e-01
-6.217860e-01
-6.825723e-01
-7.395208e-01
-7.921839e-01
-8.401658e-01
-8.836215e-01
-9.220001e-01
-9.550953e-01
-9.827348e-01
-1.004902e+00
-1.021303e+00
-1.031870e+00
-1.036499e+00
-1.035346e+00
-1.028359e+00
-1.015434e+00
-9.967439e-01
-9.724087e-01
-9.426179e-01
-9.074576e-01
-8.669793e-01
-8.216993e-01
-7.718243e-01
-7.173885e-01
-6.588912e-01
-5.967797e-01
-5.312262e-01
-4.626953e-01
-3.913936e-01
-3.179062e-01
-2.428698e-01
-1.663362e-01
-8.833977e-02
-1.044657e-02
6.744664e-02
1.455636e-01
2.223725e-01
2.978907e-01
3.718772e-01
4.438329e-01
5.132243e-01
5.795867e-01
6.426792e-01
7.022436e-01
7.577119e-01
8.088605e-01
8.554140e-01
8.972691e-01
9.338063e-01
9.650600e-01
9.909957e-01
1.011200e+00
1.025691e+00
1.034314e+00
1.036998e+00
1.033883e+00
1.024917e+00
1.010099e+00
9.894296e-01
9.633390e-01
9.316551e-01
8.947909e-01
8.526260e-01
8.058143e-01
7.543904e-01
6.986638e-01
6.388757e-01
5.755079e-01
5.088874e-01
4.394099e-01
3.673165e-01
2.932440e-01
2.178118e-01
1.407964e-01
6.252453e-02
-1.468027e-02
-9.336514e-02
-1.711207e-01
-2.475166e-01
-3.225013e-01
-3.959198e-01
-4.670667e-01
-5.354254e-01
-6.007552e-01
-6.626602e-01
-7.210026e-01
-7.751114e-01
-8.247283e-01
-8.696468e-01
-9.098498e-01
-9.446315e-01
-9.740953e-01
-9.981551e-01
-1.016467e+00
-1.028944e+00
-1.035622e+00
-1.036448e+00
-1.031354e+00
-1.020425e+00
-1.003628e+00
-9.811859e-01
-9.531161e-01
-9.197284e-01
-8.810744e-01
-8.373433e-01
-7.889484e-01
-7.359755e-01
-6.788205e-01
-6.178793e-01
-5.534789e-01
-4.858946e-01
-4.154362e-01
-3.426372e-01
-2.679623e-01
-1.919278e-01
-1.144648e-01
-3.595203e-02
4.104624e-02
1.197139e-01
1.969187e-01
2.727983e-01
3.473528e-01
4.200829e-01
4.903348e-01
5.578503e-01
6.219581e-01
6.827961e-01
7.396757e-01
7.923560e-01
8.403895e-01
8.838624e-01
9.221895e-01
9.552674e-01
9.829586e-01
1.005108e+00
1.021509e+00
1.032042e+00
1.036706e+00
1.035604e+00
1.028617e+00
1.015658e+00
9.969504e-01
9.726325e-01
9.428761e-01
9.076641e-01
8.672546e-01
8.219747e-01
7.720480e-01
7.177327e-01
6.591665e-01
5.970034e-01
5.314843e-01
4.628846e-01
3.916001e-01
3.181815e-01
2.430247e-01
1.666288e-01
8.878724e-02
1.091124e-02
-6.706801e-02
-1.453226e-01
-2.222004e-01
-2.977186e-01
-3.716363e-01
-4.436436e-01
-5.129317e-01
-5.792941e-01
-6.424382e-01
-7.020198e-01
-7.575054e-01
-8.086368e-01
-8.552247e-01
-8.969766e-01
-9.336686e-01
-9.648535e-01
-9.907548e-01
-1.011028e+00
-1.025485e+00
-1.034056e+00
-1.036758e+00
-1.033660e+00
-1.024728e+00
-1.009858e+00
-9.892231e-01
-9.630636e-01
-9.315002e-01
-8.944811e-01
-8.523850e-01
-8.055562e-01
-7.540978e-01
-6.983541e-01
-6.385487e-01
-5.752325e-01
-5.087153e-01
-4.392722e-01
-3.671272e-01
-2.930891e-01
-2.174504e-01
-1.405210e-01
-6.221475e-02
1.497284e-02
9.357166e-02
1.712583e-01
2.475854e-01
3.226906e-01
3.960919e-01
4.672388e-01
5.357008e-01
6.009789e-01
6.629700e-01
7.212092e-01
7.752147e-01
8.248660e-01
8.698533e-01
9.100391e-01
9.448552e-01
9.743363e-01
9.983444e-01
1.016673e+00
1.029219e+00
1.035828e+00
1.036568e+00
1.031612e+00
1.020632e+00
1.003852e+00
9.814096e-01
9.533743e-01
9.200038e-01
8.812637e-01
8.375843e-01
7.891893e-01
7.363197e-01
6.791475e-01
6.181031e-01
5.537026e-01
4.859806e-01
4.156943e-01
3.428437e-01
2.682893e-01
1.923064e-01
1.148434e-01
3.629624e-02
-4.078809e-02
-1.193697e-01
-1.966950e-01
-2.725918e-01
-3.471634e-01
-4.198936e-01
-4.901971e-01
-5.575061e-01
-6.217860e-01
-6.825551e-01
-7.394864e-01
-7.921322e-01
-8.402002e-01
-8.836387e-01
-9.220001e-01
-9.550437e-01
-9.827004e-01
-1.004902e+00
-1.021286e+00
-1.031887e+00
-1.036465e+00
-1.035432e+00
-1.028342e+00
-1.015486e+00
-9.967955e-01
-9.724431e-01
-9.425835e-01
-9.074059e-01
-8.669793e-01
-8.216993e-01
-7.717726e-01
-7.174401e-01
-6.588567e-01
-5.966592e-01
-5.312606e-01
-4.627813e-01
-3.914280e-01
-3.179578e-01
-2.428526e-01
-1.663018e-01
-8.842583e-02
-1.063588e-02
6.732616e-02
1.454947e-01
2.222693e-01
2.977875e-01
3.717740e-01
4.437813e-01
5.131383e-01
5.795523e-01
6.426275e-01
7.022091e-01
7.576947e-01
8.088089e-01
8.554829e-01
8.971315e-01
9.338235e-01
9.650772e-01
9.909269e-01
1.011183e+00
1.025640e+00
1.034193e+00
1.036998e+00
1.033935e+00
1.024986e+00
1.010099e+00
9.894812e-01
9.633562e-01
9.317067e-01
8.947737e-01
8.527120e-01
8.058143e-01
7.543559e-01
6.986983e-01
6.388929e-01
5.755079e-01
5.089562e-01
4.394788e-01
3.673854e-01
2.932612e-01
2.177258e-01
1.407964e-01
6.252453e-02
-1.473190e-02
-9.324467e-02
-1.710518e-01
-2.474477e-01
-3.224669e-01
-3.958338e-01
-4.670150e-01
-5.353222e-01
-6.006692e-01
-6.627290e-01
-7.210026e-01
-7.750598e-01
-8.246939e-01
-8.696985e-01
-9.097809e-01
-9.446659e-01
-9.741125e-01
-9.981723e-01
-1.016467e+00
-1.028944e+00
-1.035587e+00
-1.036396e+00
-1.031371e+00
-1.020459e+00
-1.003662e+00
-9.811515e-01
-9.531161e-01
-9.197456e-01
-8.810744e-01
-8.373261e-01
-7.889484e-01
-7.359583e-01
-6.788205e-01
-6.178965e-01
-5.534617e-01
-4.859462e-01
-4.154878e-01
-3.426888e-01
-2.680655e-01
-1.919794e-01
-1.145681e-01
-3.600366e-02
4.102903e-02
1.195762e-01
1.968499e-01
2.727639e-01
3.473700e-01
4.200313e-01
4.902315e-01
5.577986e-01
6.219581e-01
6.827272e-01
7.396757e-01
7.922355e-01
8.403551e-01
8.837764e-01
9.222067e-01
9.552330e-01
9.829069e-01
1.005056e+00
1.021492e+00
1.032008e+00
1.036758e+00
1.035587e+00
1.028617e+00
1.015692e+00
9.969676e-01
9.727013e-01
9.428417e-01
9.076813e-01
8.672202e-01
8.220091e-01
7.720652e-01
7.177843e-01
6.591665e-01
5.970550e-01
5.315187e-01
4.629362e-01
3.916345e-01
3.181643e-01
2.431108e-01
1.666460e-01
8.877003e-02
1.087682e-02
-6.703359e-02
-1.452538e-01
-2.221488e-01
-2.976498e-01
-3.716019e-01
-4.435920e-01
-5.128629e-01
-5.792081e-01
-6.423522e-01
-7.019854e-01
-7.574366e-01
-8.086368e-01
-8.551731e-01
-8.970110e-01
-9.336170e-01
-9.648879e-01
-9.907548e-01
-1.010959e+00
-1.025468e+00
-1.034073e+00
-1.036792e+00
-1.033694e+00
-1.024762e+00
-1.009858e+00
-9.892058e-01
-9.630808e-01
-9.315346e-01
-8.945155e-01
-8.524367e-01
-8.055906e-01
-7.541150e-01
-6.984057e-01
-6.386348e-01
-5.753702e-01
-5.087841e-01
-4.392895e-01
-3.671617e-01
-2.931235e-01
-2.175021e-01
-1.405038e-01
-6.226638e-02
1.490400e-02
9.350282e-02
1.712067e-01
2.475854e-01
3.226217e-01
3.959887e-01
4.671355e-01
5.356320e-01
6.009101e-01
6.629700e-01
7.211575e-01
7.751974e-01
8.248660e-01
8.698878e-01
9.099702e-01
9.448897e-01
9.742502e-01
9.983789e-01
1.016639e+00
1.029202e+00
1.035828e+00
1.036637e+00
1.031577e+00
1.020683e+00
1.003869e+00
9.813408e-01
9.534775e-01
9.200382e-01
8.812981e-01
8.376015e-01
7.892409e-01
7.363197e-01
6.791131e-01
6.181375e-01
5.537026e-01
4.860495e-01
4.156943e-01
3.428781e-01
2.683065e-01
1.922375e-01
1.147918e-01
3.631345e-02
-4.073646e-02
-1.193009e-01
-1.966089e-01
-2.725746e-01
-3.471462e-01
-4.198936e-01
-4.901111e-01
-5.574028e-01
-6.217000e-01
-6.824863e-01
-7.394519e-01
-7.920978e-01
-8.401830e-01
-8.836387e-01
-9.219485e-01
-9.550092e-01
-9.827520e-01
-1.004850e+00
-1.021320e+00
-1.031801e+00
-1.036603e+00
-1.035364e+00
-1.028376e+00
-1.015469e+00
-9.968472e-01
-9.724087e-01
-9.426351e-01
-9.075092e-01
-8.670481e-01
-8.217337e-01
-7.718415e-01
-7.174746e-01
-6.590460e-01
-5.968313e-01
-5.313466e-01
-4.627469e-01
-3.914796e-01
-3.179578e-01
-2.428698e-01
-1.663879e-01
-8.842583e-02
-1.061867e-02
6.732616e-02
1.454775e-01
2.222521e-01
2.977703e-01
3.717912e-01
4.437297e-01
5.131555e-01
5.795179e-01
6.426448e-01
7.022263e-01
7.575914e-01
8.087745e-01
8.553796e-01
8.971659e-01
9.338235e-01
9.650772e-01
9.908752e-01
1.011166e+00
1.025674e+00
1.034228e+00
1.037050e+00
1.033935e+00
1.025003e+00
1.010151e+00
9.895500e-01
9.633218e-01
9.317067e-01
8.947737e-01
8.526604e-01
8.058487e-01
7.544076e-01
6.986983e-01
6.388929e-01
5.755595e-01
5.089906e-01
4.394960e-01
3.674026e-01
2.933473e-01
2.177430e-01
1.408480e-01
6.261058e-02
-1.468027e-02
-9.326188e-02
-1.710174e-01
-2.473961e-01
-3.224669e-01
-3.958338e-01
-4.669806e-01
-5.353566e-01
-6.006347e-01
-6.625741e-01
-7.209682e-01
-7.749909e-01
-8.246422e-01
-8.696296e-01
-9.098154e-01
-9.446659e-01
-9.740953e-01
-9.981207e-01
-1.016450e+00
-1.029013e+00
-1.035622e+00
-1.036396e+00
-1.031388e+00
-1.020425e+00
-1.003680e+00
-9.811515e-01
-9.531505e-01
-9.197800e-01
-8.811088e-01
-8.373606e-01
-7.890344e-01
-7.360271e-01
-6.788894e-01
-6.179310e-01
-5.535649e-01
-4.860495e-01
-4.155738e-01
-3.427232e-01
-2.680827e-01
-1.920482e-01
-1.146025e-01
-3.595203e-02
4.097740e-02
1.196451e-01
1.967982e-01
2.727811e-01
3.473183e-01
4.200485e-01
4.902832e-01
5.577470e-01
6.219065e-01
6.827444e-01
7.396068e-01
7.922183e-01
8.403551e-01
8.837592e-01
9.221378e-01
9.552846e-01
9.829069e-01
1.005108e+00
1.021475e+00
1.032025e+00
1.036775e+00
1.035553e+00
1.028617e+00
1.015709e+00
9.969848e-01
9.726669e-01
9.428761e-01
9.076641e-01
8.672374e-01
8.219919e-01
7.721168e-01
7.176467e-01
6.592526e-01
5.970722e-01
5.315531e-01
4.630051e-01
3.916517e-01
3.182504e-01
2.431280e-01
1.666460e-01
8.880445e-02
1.084240e-02
-6.703359e-02
-1.452366e-01
-2.220972e-01
-2.975982e-01
-3.716019e-01
-4.435232e-01
-5.128973e-01
-5.792081e-01
-6.423350e-01
-7.019510e-01
-7.574366e-01
-8.086196e-01
-8.551731e-01
-8.969249e-01
-9.335482e-01
-9.648362e-01
-9.907375e-01
-1.010977e+00
-1.025485e+00
-1.034090e+00
-1.036758e+00
-1.033711e+00
-1.024728e+00
-1.009824e+00
-9.892575e-01
-9.630808e-01
-9.315002e-01
-8.945671e-01
-8.525055e-01
-8.056594e-01
-7.541838e-01
-6.984573e-01
-6.386176e-01
-5.753874e-01
-5.088013e-01
-4.393411e-01
-3.672133e-01
-2.930891e-01
-2.175021e-01
-1.405898e-01
-6.228359e-02
1.485237e-02
9.348561e-02
1.712239e-01
2.475682e-01
3.225873e-01
3.960231e-01
4.671871e-01
5.356320e-01
6.009101e-01
6.629700e-01
7.211403e-01
7.751802e-01
8.248143e-01
8.697845e-01
9.100047e-01
9.447692e-01
9.742502e-01
9.982756e-01
1.016656e+00
1.029219e+00
1.035828e+00
1.036637e+00
1.031663e+00
1.020649e+00
1.003852e+00
9.813752e-01
9.533915e-01
9.200210e-01
8.812809e-01
8.376187e-01
7.892409e-01
7.363025e-01
6.791303e-01
6.182063e-01
5.537370e-01
4.861183e-01
4.157632e-01
3.429642e-01
2.683409e-01
1.923408e-01
1.149295e-01
3.634787e-02
-4.071925e-02
-1.193009e-01
-1.966261e-01
-2.725057e-01
-3.470774e-01
-4.198248e-01
-4.901111e-01
-5.574028e-01
-6.216828e-01
-6.825035e-01
-7.394175e-01
-7.920290e-01
-8.401314e-01
-8.835699e-01
-9.220174e-01
-9.549748e-01
-9.826832e-01
-1.004884e+00
-1.021251e+00
-1.031887e+00
-1.036534e+00
-1.035346e+00
-1.028376e+00
-1.015451e+00
-9.967611e-01
-9.724431e-01
-9.425663e-01
-9.074059e-01
-8.670309e-01
-8.216993e-01
-7.719275e-01
-7.174057e-01
-6.589428e-01
-5.967969e-01
-5.313466e-01
-4.628157e-01
-3.914624e-01
-3.179578e-01
-2.428698e-01
-1.663362e-01
-8.846025e-02
-1.060146e-02
6.730895e-02
1.454431e-01
2.221832e-01
2.977186e-01
3.717396e-01
4.437469e-01
5.131038e-01
5.794835e-01
6.426103e-01
7.021231e-01
7.576431e-01
8.087917e-01
8.553280e-01
8.971143e-01
9.337719e-01
9.650083e-01
9.908924e-01
1.011218e+00
1.025674e+00
1.034245e+00
1.036998e+00
1.033987e+00
1.024986e+00
1.010099e+00
9.894812e-01
9.633734e-01
9.317583e-01
8.947737e-01
8.527292e-01
8.058315e-01
7.543904e-01
6.986983e-01
6.389446e-01
5.755767e-01
5.090422e-01
4.394616e-01
3.674714e-01
2.933645e-01
2.178979e-01
1.408480e-01
6.255895e-02
-1.469748e-02
-9.312420e-02
-1.709830e-01
-2.473961e-01
-3.223980e-01
-3.958166e-01
-4.669806e-01
-5.352533e-01
-6.006175e-01
-6.625913e-01
-7.209510e-01
-7.749737e-01
-8.245906e-01
-8.696296e-01
-9.097465e-01
-9.445971e-01
-9.740953e-01
-9.980863e-01
-1.016484e+00
-1.028979e+00
-1.035604e+00
-1.036379e+00
-1.031354e+00
-1.020459e+00
-1.003680e+00
-9.811687e-01
-9.531850e-01
-9.197800e-01
-8.810744e-01
-8.373950e-01
-7.889656e-01
-7.361132e-01
-6.788722e-01
-6.179826e-01
-5.535822e-01
-4.860150e-01
-4.155738e-01
-3.427404e-01
-2.680827e-01
-1.920826e-01
-1.146197e-01
-3.607251e-02
4.099461e-02
1.195074e-01
1.968154e-01
2.727123e-01
3.472323e-01
4.199969e-01
4.902143e-01
5.577642e-01
6.219409e-01
6.827272e-01
7.396585e-01
7.922011e-01
8.403035e-01
8.837420e-01
9.222411e-01
9.552330e-01
9.828897e-01
1.005039e+00
1.021458e+00
1.032042e+00
1.036723e+00
1.035587e+00
1.028600e+00
1.015744e+00
9.970193e-01
9.726325e-01
9.428589e-01
9.076469e-01
8.672718e-01
8.219919e-01
7.721340e-01
7.177499e-01
6.592526e-01
5.970722e-01
5.315704e-01
4.629878e-01
3.917206e-01
3.182676e-01
2.431796e-01
1.666632e-01
8.875282e-02
1.085961e-02
-6.701638e-02
-1.451677e-01
-2.220800e-01
-2.976154e-01
-3.715502e-01
-4.435404e-01
-5.128285e-01
-5.792081e-01
-6.423006e-01
-7.019682e-01
-7.574021e-01
-8.086024e-01
-8.550870e-01
-8.969077e-01
-9.335654e-01
-9.648535e-01
-9.907031e-01
-1.010977e+00
-1.025416e+00
-1.034021e+00
-1.036809e+00
-1.033660e+00
-1.024762e+00
-1.009927e+00
-9.893091e-01
-9.631152e-01
-9.315174e-01
-8.945671e-01
-8.524711e-01
-8.056250e-01
-7.542010e-01
-6.984745e-01
-6.386520e-01
-5.753874e-01
-5.088874e-01
-4.393755e-01
-3.672649e-01
-2.931235e-01
-2.175193e-01
-1.405382e-01
-6.230080e-02
1.490400e-02
9.346840e-02
1.711551e-01
2.474994e-01
3.225529e-01
3.960059e-01
4.670322e-01
5.355803e-01
6.008413e-01
6.628667e-01
7.210715e-01
7.751630e-01
8.248488e-01
8.698017e-01
9.099186e-01
9.448208e-01
9.742502e-01
9.983100e-01
1.016622e+00
1.029151e+00
1.035845e+00
1.036637e+00
1.031629e+00
1.020700e+00
1.003834e+00
9.814268e-01
9.534259e-01
9.199693e-01
8.812981e-01
8.376015e-01
7.892581e-01
7.363197e-01
6.791991e-01
6.181719e-01
5.537887e-01
4.861527e-01
4.158148e-01
3.429642e-01
2.683925e-01
1.923408e-01
1.149811e-01
3.636508e-02
-4.065041e-02
-1.192837e-01
-1.965745e-01
-2.725230e-01
-3.470258e-01
-4.198075e-01
-4.900594e-01
-5.573856e-01
-6.216311e-01
-6.824863e-01
-7.394003e-01
-7.920290e-01
-8.401486e-01
-8.835010e-01
-9.219485e-01
-9.550092e-01
-9.827004e-01
-1.004850e+00
-1.021234e+00
-1.031835e+00
-1.036482e+00
-1.035346e+00
-1.028359e+00
-1.015434e+00
-9.967611e-01
-9.724431e-01
-9.426523e-01
-9.074748e-01
-8.670309e-01
-8.218198e-01
-7.718587e-01
-7.175434e-01
-6.589772e-01
-5.967969e-01
-5.313810e-01
-4.628674e-01
-3.915657e-01
-3.180438e-01
-2.429731e-01
-1.664051e-01
-8.852909e-02
-1.070472e-02
6.724011e-02
1.453571e-01
2.222004e-01
2.977186e-01
3.717396e-01
4.437125e-01
5.130522e-01
5.793802e-01
6.425587e-01
7.021059e-01
7.576087e-01
8.087401e-01
8.553624e-01
8.971659e-01
9.337031e-01
9.650600e-01
9.908580e-01
1.011149e+00
1.025691e+00
1.034228e+00
1.037016e+00
1.033918e+00
1.024934e+00
1.010168e+00
9.894984e-01
9.633562e-01
9.317583e-01
8.948253e-01
8.526432e-01
8.058832e-01
7.544764e-01
6.987155e-01
6.390478e-01
5.756112e-01
5.090939e-01
4.394960e-01
3.674542e-01
2.934333e-01
2.178291e-01
1.408824e-01
6.261058e-02
-1.462864e-02
-9.315862e-02
-1.709314e-01
-2.473789e-01
-3.223464e-01
-3.957822e-01
-4.669634e-01
-5.353050e-01
-6.006003e-01
-6.625741e-01
-7.208650e-01
-7.749909e-01
-8.245562e-01
-8.696468e-01
-9.097121e-01
-9.445627e-01
-9.740437e-01
-9.981379e-01
-1.016450e+00
-1.028892e+00
-1.035570e+00
-1.036499e+00
-1.031371e+00
-1.020425e+00
-1.003662e+00
-9.812203e-01
-9.532022e-01
-9.198317e-01
-8.810916e-01
-8.373606e-01
-7.890000e-01
-7.360787e-01
-6.789410e-01
-6.179654e-01
-5.535822e-01
-4.860323e-01
-4.156255e-01
-3.427404e-01
-2.681516e-01
-1.921171e-01
-1.146541e-01
-3.605529e-02
4.090856e-02
1.195246e-01
1.967982e-01
2.726778e-01
3.472495e-01
4.199969e-01
4.901799e-01
5.577126e-01
6.218549e-01
6.827272e-01
7.396412e-01
7.921839e-01
8.403035e-01
8.837075e-01
9.221034e-01
9.551813e-01
9.828553e-01
1.005022e+00
1.021509e+00
1.032059e+00
1.036775e+00
1.035604e+00
1.028634e+00
1.015709e+00
9.970537e-01
9.726669e-01
9.428761e-01
9.076985e-01
8.673235e-01
8.220435e-01
7.721168e-01
7.177843e-01
6.593558e-01
5.971067e-01
5.316048e-01
4.630223e-01
3.917722e-01
3.182676e-01
2.431796e-01
1.666632e-01
8.883887e-02
1.101451e-02
-6.703359e-02
-1.451161e-01
-2.219767e-01
-2.975293e-01
-3.716019e-01
-4.434543e-01
-5.127769e-01
-5.791737e-01
-6.423006e-01
-7.019166e-01
-7.574021e-01
-8.085852e-01
-8.550870e-01
-8.969938e-01
-9.335310e-01
-9.648707e-01
-9.907375e-01
-1.011011e+00
-1.025468e+00
-1.034021e+00
-1.036792e+00
-1.033694e+00
-1.024745e+00
-1.009910e+00
-9.892747e-01
-9.631497e-01
-9.315174e-01
-8.945844e-01
-8.525055e-01
-8.056250e-01
-7.541838e-01
-6.984573e-01
-6.386864e-01
-5.754735e-01
-5.088357e-01
-4.393755e-01
-3.672993e-01
-2.931579e-01
-2.175537e-01
-1.406759e-01
-6.226638e-02
1.483516e-02
9.341677e-02
1.711551e-01
2.475166e-01
3.225185e-01
3.959198e-01
4.671011e-01
5.354943e-01
6.008241e-01
6.628323e-01
7.210887e-01
7.751974e-01
8.248316e-01
8.697845e-01
9.098842e-01
9.447692e-01
9.742674e-01
9.983272e-01
1.016656e+00
1.029202e+00
1.035794e+00
1.036671e+00
1.031612e+00
1.020700e+00
1.003921e+00
9.814268e-01
9.533915e-01
9.200554e-01
8.813497e-01
8.376876e-01
7.892754e-01
7.364229e-01
6.792680e-01
6.182407e-01
5.537543e-01
4.862044e-01
4.158320e-01
3.430158e-01
2.683925e-01
1.923408e-01
1.149811e-01
3.645113e-02
-4.063320e-02
-1.192320e-01
-1.965917e-01
-2.724885e-01
-3.470602e-01
-4.197903e-01
-4.900250e-01
-5.573340e-01
-6.216656e-01
-6.824519e-01
-7.393831e-01
-7.919946e-01
-8.400798e-01
-8.834838e-01
-9.218969e-01
-9.549576e-01
-9.827520e-01
-1.004850e+00
-1.021251e+00
-1.031784e+00
-1.036551e+00
-1.035381e+00
-1.028376e+00
-1.015486e+00
-9.967955e-01
-9.724604e-01
-9.427040e-01
-9.074748e-01
-8.670653e-01
-8.218542e-01
-7.718243e-01
-7.175434e-01
-6.590288e-01
-5.968657e-01
-5.313983e-01
-4.628157e-01
-3.915829e-01
-3.180611e-01
-2.429559e-01
-1.664395e-01
-8.849467e-02
-1.065309e-02
6.724011e-02
1.454259e-01
2.222004e-01
2.977186e-01
3.716535e-01
4.436436e-01
5.130006e-01
5.794318e-01
6.425243e-01
7.020715e-01
7.576087e-01
8.087573e-01
8.552936e-01
8.971659e-01
9.337547e-01
9.649739e-01
9.908408e-01
1.011183e+00
1.025674e+00
1.034245e+00
1.036981e+00
1.033935e+00
1.025003e+00
1.010133e+00
9.895328e-01
9.633906e-01
9.317927e-01
8.948253e-01
8.527637e-01
8.059692e-01
7.545108e-01
6.988015e-01
6.390134e-01
5.756628e-01
5.090767e-01
4.395820e-01
3.674714e-01
2.933989e-01
2.178807e-01
1.409685e-01
6.269663e-02
-1.459422e-02
-9.315862e-02
-1.709314e-01
-2.472929e-01
-3.222948e-01
-3.957822e-01
-4.668429e-01
-5.352189e-01
-6.006175e-01
-6.626085e-01
-7.208994e-01
-7.749049e-01
-8.245218e-01
-8.695952e-01
-9.096605e-01
-9.445283e-01
-9.740437e-01
-9.981035e-01
-1.016415e+00
-1.028961e+00
-1.035622e+00
-1.036413e+00
-1.031371e+00
-1.020494e+00
-1.003662e+00
-9.811687e-01
-9.532366e-01
-9.197972e-01
-8.810916e-01
-8.373606e-01
-7.890344e-01
-7.361648e-01
-6.789754e-01
-6.180342e-01
-5.535822e-01
-4.860667e-01
-4.156083e-01
-3.427748e-01
-2.681172e-01
-1.920826e-01
-1.146541e-01
-3.607251e-02
4.087414e-02
1.194730e-01
1.967122e-01
2.726606e-01
3.472495e-01
4.199108e-01
4.901971e-01
5.576610e-01
6.218721e-01
6.826584e-01
7.395896e-01
7.921839e-01
8.403207e-01
8.837420e-01
9.221722e-01
9.552158e-01
9.828725e-01
1.005022e+00
1.021440e+00
1.032059e+00
1.036706e+00
1.035604e+00
1.028600e+00
1.015761e+00
9.970365e-01
9.727013e-01
9.429105e-01
9.078018e-01
8.672890e-01
8.220607e-01
7.721685e-01
7.178360e-01
6.594075e-01
5.971239e-01
5.316564e-01
4.630739e-01
3.917894e-01
3.183364e-01
2.431968e-01
1.667665e-01
8.885608e-02
1.101451e-02
-6.689591e-02
-1.451677e-01
-2.220283e-01
-2.975121e-01
-3.715330e-01
-4.434715e-01
-5.127424e-01
-5.791220e-01
-6.422661e-01
-7.019338e-01
-7.574366e-01
-8.086024e-01
-8.551214e-01
-8.969594e-01
-9.335654e-01
-9.648018e-01
-9.906687e-01
-1.010977e+00
-1.025485e+00
-1.034004e+00
-1.036758e+00
-1.033660e+00
-1.024745e+00
-1.009979e+00
-9.893091e-01
-9.631497e-01
-9.315690e-01
-8.945844e-01
-8.525571e-01
-8.056939e-01
-7.542355e-01
-6.985090e-01
-6.387208e-01
-5.754563e-01
-5.089390e-01
-4.394616e-01
-3.672821e-01
-2.932784e-01
-2.176053e-01
-1.406587e-01
-6.230080e-02
1.483516e-02
9.336514e-02
1.711035e-01
2.474994e-01
3.225013e-01
3.959198e-01
4.670322e-01
5.354771e-01
6.007896e-01
6.628323e-01
7.210543e-01
7.751458e-01
8.247971e-01
8.698189e-01
9.098326e-01
9.447692e-01
9.742502e-01
9.983100e-01
1.016570e+00
1.029219e+00
1.035794e+00
1.036654e+00
1.031612e+00
1.020683e+00
1.003921e+00
9.814613e-01
9.535120e-01
9.200554e-01
8.813669e-01
8.376531e-01
7.892926e-01
7.364057e-01
6.793196e-01
6.183096e-01
5.538747e-01
4.862560e-01
4.158836e-01
3.430158e-01
2.684097e-01
1.924096e-01
1.150155e-01
3.645113e-02
-4.058157e-02
-1.191976e-01
-1.965573e-01
-2.724541e-01
-3.470430e-01
-4.197731e-01
-4.899906e-01
-5.572823e-01
-6.216139e-01
-6.824002e-01
-7.394003e-01
-7.919774e-01
-8.401314e-01
-8.835182e-01
-9.219313e-01
-9.549920e-01
-9.827348e-01
-1.004850e+00
-1.021234e+00
-1.031887e+00
-1.036517e+00
-1.035364e+00
-1.028342e+00
-1.015520e+00
-9.968644e-01
-9.724948e-01
-9.426179e-01
-9.075092e-01
-8.671514e-01
-8.218198e-01
-7.718931e-01
-7.175606e-01
-6.590288e-01
-5.969001e-01
-5.314327e-01
-4.629018e-01
-3.916517e-01
-3.181127e-01
-2.430764e-01
-1.664911e-01
-8.852909e-02
-1.067030e-02
6.717127e-02
1.453398e-01
2.221316e-01
2.976670e-01
3.716707e-01
4.436264e-01
5.129834e-01
5.793630e-01
6.425071e-01
7.021231e-01
7.575914e-01
8.086712e-01
8.552591e-01
8.970970e-01
9.337203e-01
9.650772e-01
9.908924e-01
1.011166e+00
1.025674e+00
1.034279e+00
1.036981e+00
1.033952e+00
1.025055e+00
1.010082e+00
9.894984e-01
9.634078e-01
9.317927e-01
8.948597e-01
8.527464e-01
8.059176e-01
7.545452e-01
6.988015e-01
6.390134e-01
5.756628e-01
5.091799e-01
4.395648e-01
3.675575e-01
2.934677e-01
2.179839e-01
1.409857e-01
6.276547e-02
-1.459422e-02
-9.307257e-02
-1.708797e-01
-2.473445e-01
-3.222948e-01
-3.957305e-01
-4.668601e-01
-5.351845e-01
-6.005487e-01
-6.625225e-01
-7.208305e-01
-7.748877e-01
-8.245562e-01
-8.695436e-01
-9.096949e-01
-9.445971e-01
-9.739921e-01
-9.981035e-01
-1.016415e+00
-1.028910e+00
-1.035656e+00
-1.036396e+00
-1.031405e+00
-1.020442e+00
-1.003731e+00
-9.812547e-01
-9.532022e-01
-9.198317e-01
-8.811260e-01
-8.373950e-01
-7.890860e-01
-7.361476e-01
-6.790270e-01
-6.180170e-01
-5.535994e-01
-4.860667e-01
-4.156599e-01
-3.428781e-01
-2.682032e-01
-1.920999e-01
-1.147746e-01
-3.614135e-02
4.080530e-02
1.194558e-01
1.966950e-01
2.726090e-01
3.472151e-01
4.198764e-01
4.901455e-01
5.576610e-01
6.218549e-01
6.826240e-01
7.395552e-01
7.921322e-01
8.402691e-01
8.836903e-01
9.221206e-01
9.551297e-01
9.828381e-01
1.005039e+00
1.021492e+00
1.032059e+00
1.036740e+00
1.035587e+00
1.028617e+00
1.015778e+00
9.970537e-01
9.727185e-01
9.429621e-01
9.077329e-01
8.673062e-01
8.220779e-01
7.722029e-01
7.178532e-01
6.593558e-01
5.971755e-01
5.317252e-01
4.631083e-01
3.918754e-01
3.183364e-01
2.433001e-01
1.668181e-01
8.892492e-02
1.108335e-02
-6.689591e-02
-1.450301e-01
-2.219423e-01
-2.974433e-01
-3.714470e-01
-4.434543e-01
-5.127424e-01
-5.791392e-01
-6.422317e-01
-7.018649e-01
-7.573677e-01
-8.085163e-01
-8.550870e-01
-8.968733e-01
-9.335137e-01
-9.648879e-01
-9.906859e-01
-1.010925e+00
-1.025416e+00
-1.033987e+00
-1.036792e+00
-1.033694e+00
-1.024831e+00
-1.009979e+00
-9.893091e-01
-9.631841e-01
-9.316206e-01
-8.946532e-01
-8.525399e-01
-8.057627e-01
-7.542699e-01
-6.986122e-01
-6.387725e-01
-5.755767e-01
-5.089906e-01
-4.394960e-01
-3.673338e-01
-2.932440e-01
-2.177086e-01
-1.407447e-01
-6.243848e-02
1.480074e-02
9.331351e-02
1.710690e-01
2.473961e-01
3.225013e-01
3.959026e-01
4.670150e-01
5.354771e-01
6.008068e-01
6.627806e-01
7.210543e-01
7.750770e-01
8.247627e-01
8.697329e-01
9.098670e-01
9.447520e-01
9.742158e-01
9.982584e-01
1.016639e+00
1.029202e+00
1.035811e+00
1.036654e+00
1.031560e+00
1.020718e+00
1.003869e+00
9.814613e-01
9.534431e-01
9.200554e-01
8.814014e-01
8.377220e-01
7.893786e-01
7.364746e-01
6.793196e-01
6.183096e-01
5.539091e-01
4.862388e-01
4.158836e-01
3.429986e-01
2.684958e-01
1.924269e-01
1.151188e-01
3.648555e-02
-4.054715e-02
-1.190943e-01
-1.964712e-01
-2.724025e-01
-3.469569e-01
-4.197731e-01
-4.899906e-01
-5.573340e-01
-6.215623e-01
-6.824002e-01
-7.393487e-01
-7.919946e-01
-8.400798e-01
-8.835182e-01
-9.218797e-01
-9.550092e-01
-9.826660e-01
-1.004781e+00
-1.021234e+00
-1.031835e+00
-1.036568e+00
-1.035398e+00
-1.028428e+00
-1.015486e+00
-9.968299e-01
-9.724948e-01
-9.427212e-01
-9.075264e-01
-8.671169e-01
-8.217854e-01
-7.719619e-01
-7.176122e-01
-6.591149e-01
-5.969862e-01
-5.315704e-01
-4.629534e-01
-3.917378e-01
-3.181471e-01
-2.429731e-01
-1.665600e-01
-8.866677e-02
-1.082519e-02
6.715406e-02
1.452366e-01
2.220628e-01
2.975637e-01
3.715675e-01
4.435920e-01
5.130522e-01
5.793802e-01
6.425243e-01
7.020715e-01
7.575398e-01
8.087056e-01
8.553108e-01
8.970282e-01
9.337203e-01
9.650256e-01
9.908752e-01
1.011132e+00
1.025657e+00
1.034210e+00
1.036947e+00
1.033935e+00
1.024969e+00
1.010133e+00
9.895328e-01
9.634078e-01
9.318272e-01
8.948597e-01
8.527637e-01
8.059520e-01
7.545969e-01
6.988187e-01
6.391339e-01
5.757316e-01
5.092316e-01
4.397025e-01
3.676263e-01
2.935710e-01
2.179323e-01
1.411061e-01
6.276547e-02
-1.445654e-02
-9.302094e-02
-1.708109e-01
-2.472584e-01
-3.222948e-01
-3.956617e-01
-4.668257e-01
-5.351673e-01
-6.005143e-01
-6.625225e-01
-7.208822e-01
-7.749221e-01
-8.245390e-01
-8.695436e-01
-9.097121e-01
-9.445110e-01
-9.740437e-01
-9.980519e-01
-1.016415e+00
-1.028944e+00
-1.035673e+00
-1.036413e+00
-1.031388e+00
-1.020494e+00
-1.003697e+00
-9.812720e-01
-9.532710e-01
-9.198661e-01
-8.811948e-01
-8.374294e-01
-7.891549e-01
-7.361476e-01
-6.790098e-01
-6.181375e-01
-5.537026e-01
-4.861871e-01
-4.157632e-01
-3.428265e-01
-2.682376e-01
-1.922031e-01
-1.147574e-01
