4,136004e-02
1,199166e-01
1,971943e-01
2,731277e-01
3,476687e-01
4,204248e-01
4,906267e-01
5,580369e-01
6,222181e-01
6,830516e-01
7,398575e-01
7,924569e-01
8,405967e-01
8,839963e-01
9,223804e-01
9,554530e-01
9,830693e-01
1,005188e+00
1,021617e+00
1,032152e+00
1,036831e+00
1,035619e+00
1,028634e+00
1,015732e+00
9,970092e-01
9,726545e-01
9,428109e-01
9,075937e-01
8,671459e-01
8,218702e-01
7,719628e-01
7,176112e-01
6,591237e-01
5,969374e-01
5,314326e-01
4,628296e-01
3,915245e-01
3,180248e-01
2,429244e-01
1,664023e-01
8,857898e-02
1,068683e-02
-6,732925e-02
-1,454211e-01
-2,222444e-01
-2,977596e-01
-3,717963e-01
-4,437331e-01
-5,130538e-01
-5,793761e-01
-6,425091e-01
-7,020982e-01
-7,575857e-01
-8,086773e-01
-8,552525e-01
-8,969654e-01
-9,336318e-01
-9,649229e-01
-9,907166e-01
-1,010911e+00
-1,025416e+00
-1,034008e+00
-1,036726e+00
-1,033602e+00
-1,024596e+00
-1,009746e+00
-9,891004e-01
-9,629263e-01
-9,312721e-01
-8,943148e-01
-8,522302e-01
-8,053847e-01
-7,539334e-01
-6,981584e-01
-6,383714e-01
-5,750456e-01
-5,085202e-01
-4,390102e-01
-3,668702e-01
-2,927578e-01
-2,171617e-01
-1,402575e-01
-6,194022e-02
1,529271e-02
9,385268e-02
1,715865e-01
2,479692e-01
3,230059e-01
3,963885e-01
4,675405e-01
5,358646e-01
6,011594e-01
6,631496e-01
7,213806e-01
7,754310e-01
8,250923e-01
8,701029e-01
9,101290e-01
9,449761e-01
9,744548e-01
9,984843e-01
1,016791e+00
1,029295e+00
1,035922e+00
1,036667e+00
1,031627e+00
1,020682e+00
1,003856e+00
9,813843e-01
9,533652e-01
9,199449e-01
8,812028e-01
8,375330e-01
7,891144e-01
7,361742e-01
6,790636e-01
6,180580e-01
5,535859e-01
4,860226e-01
4,155745e-01
3,427358e-01
2,681191e-01
1,921047e-01
1,146687e-01
3,609321e-02
-4,094179e-02
-1,194949e-01
-1,967881e-01
-2,727370e-01
-3,472900e-01
-4,199945e-01
-4,902395e-01
-5,576255e-01
-6,218377e-01
-6,826041e-01
-7,395529e-01
-7,921505e-01
-8,402369e-01
-8,836572e-01
-9,219794e-01
-9,550829e-01
-9,827578e-01
-1,004839e+00
-1,021276e+00
-1,031829e+00
-1,036476e+00
-1,035269e+00
-1,028249e+00
-1,015362e+00
-9,965944e-01
-9,722758e-01
-9,424219e-01
-9,071996e-01
-8,668223e-01
-8,214778e-01
-7,715462e-01
-7,171586e-01
-6,587244e-01
-5,965312e-01
-5,310419e-01
-4,624475e-01
-3,911819e-01
-3,176409e-01
-2,425130e-01
-1,659858e-01
-8,813836e-02
-1,025825e-02
6,758226e-02
1,457928e-01
2,226092e-01
2,981158e-01
3,721164e-01
4,440860e-01
5,133791e-01
5,797565e-01
6,428775e-01
7,023977e-01
7,579300e-01
8,090181e-01
8,556691e-01
8,973458e-01
9,339674e-01
9,652000e-01
9,911107e-01
1,011311e+00
1,025805e+00
1,034371e+00
1,037068e+00
1,033954e+00
1,024992e+00
1,010106e+00
9,894894e-01
9,632895e-01
9,316696e-01
8,947382e-01
8,526174e-01
8,057444e-01
7,543568e-01
6,985509e-01
6,387139e-01
5,754157e-01
5,089092e-01
4,393682e-01
3,672351e-01
2,931950e-01
2,176281e-01
1,406930e-01
6,234987e-02
-1,489512e-02
-9,343444e-02
-1,711579e-01
-2,475561e-01
-3,225463e-01
-3,959892e-01
-4,671429e-01
-5,354515e-01
-6,007911e-01
-6,627416e-01
-7,209710e-01
-7,750488e-01
-8,247033e-01
-8,696589e-01
-9,097968e-01
-9,446026e-01
-9,741209e-01
-9,980609e-01
-1,016429e+00
-1,028937e+00
-1,035627e+00
-1,036280e+00
-1,031280e+00
-1,020328e+00
-1,003517e+00
-9,810263e-01
-9,529607e-01
-9,195801e-01
-8,807966e-01
-8,371199e-01
-7,887133e-01
-7,358041e-01
-6,786505e-01
-6,176053e-01
-5,531728e-01
-4,856594e-01
-4,151942e-01
-3,423933e-01
-2,677438e-01
-1,917002e-01
-1,142935e-01
-3,570251e-02
4,131701e-02
1,198666e-01
1,971650e-01
2,730640e-01
3,476222e-01
4,203130e-01
4,905923e-01
5,579749e-01
6,222060e-01
6,829810e-01
7,398937e-01
7,924466e-01
8,405760e-01
8,839998e-01
9,223064e-01
9,554306e-01
9,830160e-01
1,005161e+00
1,021624e+00
1,032157e+00
1,036803e+00
1,035653e+00
1,028641e+00
1,015749e+00
9,970075e-01
9,726648e-01
9,428350e-01
9,076557e-01
8,671855e-01
8,218960e-01
7,719662e-01
7,176405e-01
6,591323e-01
5,969167e-01
5,314756e-01
4,628916e-01
3,915606e-01
3,180523e-01
2,429726e-01
1,664367e-01
8,860996e-02
1,070404e-02
-6,730687e-02
-1,453952e-01
-2,222323e-01
-2,977492e-01
-3,716809e-01
-4,437314e-01
-5,129935e-01
-5,793933e-01
-6,425263e-01
-7,020569e-01
-7,575324e-01
-8,086618e-01
-8,552285e-01
-8,969809e-01
-9,336197e-01
-9,648609e-01
-9,906942e-01
-1,010958e+00
-1,025414e+00
-1,033953e+00
-1,036724e+00
-1,033602e+00
-1,024629e+00
-1,009755e+00
-9,891572e-01
-9,629281e-01
-9,313375e-01
-8,943320e-01
-8,522456e-01
-8,052986e-01
-7,539575e-01
-6,981963e-01
-6,384213e-01
-5,750181e-01
-5,085494e-01
-4,389775e-01
-3,668702e-01
-2,928043e-01
-2,172013e-01
-1,402971e-01
-6,198497e-02
1,526001e-02
9,378384e-02
1,715435e-01
2,478831e-01
3,229697e-01
3,963438e-01
4,675267e-01
5,358440e-01
6,011112e-01
6,631392e-01
7,213772e-01
7,754516e-01
8,250389e-01
8,700065e-01
9,101290e-01
9,450174e-01
9,743688e-01
9,984257e-01
1,016782e+00
1,029280e+00
1,035905e+00
1,036701e+00
1,031629e+00
1,020679e+00
1,003920e+00
9,814084e-01
9,533703e-01
9,199570e-01
8,812476e-01
8,375209e-01
7,891557e-01
7,362344e-01
6,791135e-01
6,180597e-01
5,536548e-01
4,860708e-01
4,156847e-01
3,427375e-01
2,681913e-01
1,921891e-01
1,146842e-01
3,616895e-02
-4,090392e-02
-1,194501e-01
-1,967605e-01
-2,726957e-01
-3,472281e-01
-4,199739e-01
-4,902205e-01
-5,575550e-01
-6,218257e-01
-6,826316e-01
-7,394772e-01
-7,920817e-01
-8,402232e-01
-8,835936e-01
-9,220534e-01
-9,550588e-01
-9,826804e-01
-1,004810e+00
-1,021268e+00
-1,031803e+00
-1,036466e+00
-1,035266e+00
-1,028254e+00
-1,015371e+00
-9,966323e-01
-9,722672e-01
-9,424597e-01
-9,072650e-01
-8,668155e-01
-8,215587e-01
-7,715480e-01
-7,172171e-01
-6,587227e-01
-5,965208e-01
-5,310436e-01
-4,625302e-01
-3,911992e-01
-3,177132e-01
-2,425750e-01
-1,661217e-01
-8,819343e-02
-1,035808e-02
6,760980e-02
1,457859e-01
2,225679e-01
2,980814e-01
3,720544e-01
4,440550e-01
5,133808e-01
5,797204e-01
6,428293e-01
7,023822e-01
7,579007e-01
8,090577e-01
8,555658e-01
8,973286e-01
9,339846e-01
9,652448e-01
9,910333e-01
1,011285e+00
1,025768e+00
1,034364e+00
1,037080e+00
1,033968e+00
1,024949e+00
1,010156e+00
9,895117e-01
9,633360e-01
9,316783e-01
8,947434e-01
8,526209e-01
8,057720e-01
7,543792e-01
6,985904e-01
6,388000e-01
5,754690e-01
5,089212e-01
4,394422e-01
3,672885e-01
2,932363e-01
2,176884e-01
1,407102e-01
6,240494e-02
-1,488307e-02
-9,337420e-02
-1,711269e-01
-2,475113e-01
-3,225652e-01
-3,959668e-01
-4,671378e-01
-5,354343e-01
-6,007687e-01
-6,627692e-01
-7,210089e-01
-7,750351e-01
-8,246740e-01
-8,696830e-01
-9,097796e-01
-9,446904e-01
-9,740710e-01
-9,980643e-01
-1,016443e+00
-1,028942e+00
-1,035507e+00
-1,036318e+00
-1,031264e+00
-1,020317e+00
-1,003491e+00
-9,809919e-01
-9,529865e-01
-9,195714e-01
-8,808500e-01
-8,371405e-01
-7,887305e-01
-7,358386e-01
-6,786867e-01
-6,176501e-01
-5,532503e-01
-4,856732e-01
-4,152441e-01
-3,423950e-01
-2,677714e-01
-1,917123e-01
-1,143554e-01
-3,571972e-02
4,122406e-02
1,198408e-01
1,970875e-01
2,730348e-01
3,476016e-01
4,203199e-01
4,905631e-01
5,579526e-01
6,221871e-01
6,829501e-01
7,397887e-01
7,924603e-01
8,405640e-01
8,839498e-01
9,223339e-01
9,553669e-01
9,830298e-01
1,005214e+00
1,021598e+00
1,032125e+00
1,036806e+00
1,035615e+00
1,028646e+00
1,015713e+00
9,970505e-01
9,726665e-01
9,428556e-01
9,076178e-01
8,672389e-01
8,219356e-01
7,720196e-01
7,176371e-01
6,591805e-01
5,969769e-01
5,314498e-01
4,629105e-01
3,915589e-01
3,180833e-01
2,430001e-01
1,665245e-01
8,863234e-02
1,069027e-02
-6,721049e-02
-1,453591e-01
-2,221876e-01
-2,976769e-01
-3,716482e-01
-4,436643e-01
-5,129488e-01
-5,793159e-01
-6,425332e-01
-7,020225e-01
-7,574979e-01
-8,086188e-01
-8,552371e-01
-8,969706e-01
-9,336094e-01
-9,648764e-01
-9,906787e-01
-1,011016e+00
-1,025383e+00
-1,034001e+00
-1,036722e+00
-1,033651e+00
-1,024665e+00
-1,009767e+00
-9,891227e-01
-9,629831e-01
-9,313220e-01
-8,943406e-01
-8,522009e-01
-8,054122e-01
-7,539661e-01
-6,982273e-01
-6,384248e-01
-5,750714e-01
-5,085443e-01
-4,390446e-01
-3,668909e-01
-2,928335e-01
-2,172237e-01
-1,402988e-01
-6,205382e-02
1,523247e-02
9,377867e-02
1,715090e-01
2,478538e-01
3,229284e-01
3,963111e-01
4,674459e-01
5,357751e-01
6,010871e-01
6,630876e-01
7,213445e-01
7,753466e-01
8,250389e-01
8,700410e-01
9,101497e-01
9,449692e-01
9,744411e-01
9,984034e-01
1,016765e+00
1,029311e+00
1,035837e+00
1,036738e+00
1,031651e+00
1,020688e+00
1,003921e+00
9,813843e-01
9,533824e-01
9,199983e-01
8,812527e-01
8,375639e-01
7,891591e-01
7,362241e-01
6,791015e-01
6,181182e-01
5,536634e-01
4,861276e-01
4,156245e-01
3,428098e-01
2,681896e-01
1,921753e-01
1,147513e-01
3,617755e-02
-4,086433e-02
-1,194432e-01
-1,967123e-01
-2,726681e-01
-3,472040e-01
-4,199773e-01
-4,901965e-01
-5,575515e-01
-6,218239e-01
-6,825697e-01
-7,394272e-01
-7,921144e-01
-8,401474e-01
-8,836004e-01
-9,219742e-01
-9,550691e-01
-9,827113e-01
-1,004841e+00
-1,021204e+00
-1,031810e+00
-1,036443e+00
-1,035295e+00
-1,028307e+00
-1,015405e+00
-9,966581e-01
-9,723326e-01
-9,425389e-01
-9,072547e-01
-8,668499e-01
-8,215070e-01
-7,715962e-01
-7,172601e-01
-6,587537e-01
-5,965794e-01
-5,310987e-01
-4,624906e-01
-3,912577e-01
-3,177012e-01
-2,426610e-01
-1,661045e-01
-8,826056e-02
-1,038562e-02
6,753579e-02
1,457395e-01
2,225697e-01
2,980470e-01
3,720269e-01
4,440309e-01
5,133533e-01
5,796756e-01
6,428189e-01
7,023409e-01
7,579076e-01
8,089837e-01
8,555744e-01
8,972925e-01
9,339932e-01
9,651828e-01
9,910281e-01
1,011278e+00
1,025767e+00
1,034324e+00
1,037068e+00
1,033927e+00
1,024999e+00
1,010104e+00
9,895014e-01
9,632947e-01
9,317540e-01
8,947554e-01
8,526518e-01
8,057909e-01
7,543912e-01
6,986042e-01
6,388413e-01
5,755327e-01
5,089642e-01
4,394560e-01
3,673470e-01
2,932466e-01
2,176832e-01
1,407549e-01
6,245830e-02
-1,480906e-02
-9,334838e-02
-1,710546e-01
-2,475044e-01
-3,225566e-01
-3,959548e-01
-4,670810e-01
-5,354378e-01
-6,007773e-01
-6,627210e-01
-7,209796e-01
-7,750041e-01
-8,246671e-01
-8,696313e-01
-9,097934e-01
-9,446181e-01
-9,741106e-01
-9,980402e-01
-1,016407e+00
-1,028901e+00
-1,035529e+00
-1,036280e+00
-1,031269e+00
-1,020336e+00
-1,003526e+00
-9,810177e-01
-9,530381e-01
-9,196265e-01
-8,808844e-01
-8,371973e-01
-7,887822e-01
-7,358902e-01
-6,787469e-01
-6,177138e-01
-5,533019e-01
-4,857317e-01
-4,152596e-01
-3,424828e-01
-2,678402e-01
-1,918001e-01
-1,143744e-01
-3,582987e-02
4,124299e-02
1,197978e-01
1,970617e-01
2,729952e-01
3,475379e-01
4,203009e-01
4,905717e-01
5,579250e-01
6,221458e-01
6,829260e-01
7,397990e-01
7,924294e-01
8,405364e-01
8,839016e-01
9,223099e-01
9,553583e-01
9,830487e-01
1,005202e+00
1,021598e+00
1,032163e+00
1,036827e+00
1,035660e+00
1,028631e+00
1,015732e+00
9,970436e-01
9,726596e-01
9,428505e-01
9,076626e-01
8,672526e-01
8,219184e-01
7,720540e-01
7,176698e-01
6,591822e-01
5,969959e-01
5,315049e-01
4,629329e-01
3,916535e-01
3,181177e-01
2,429846e-01
1,665434e-01
8,866332e-02
1,081075e-02
-6,715885e-02
-1,453143e-01
-2,221549e-01
-2,976305e-01
-3,716379e-01
-4,436247e-01
-5,128954e-01
-5,793004e-01
-6,424540e-01
-7,020276e-01
-7,575203e-01
-8,086601e-01
-8,551803e-01
-8,969293e-01
-9,336284e-01
-9,648592e-01
-9,906443e-01
-1,010963e+00
-1,025407e+00
-1,033972e+00
-1,036672e+00
-1,033605e+00
-1,024645e+00
-1,009720e+00
-9,891864e-01
-9,629762e-01
-9,313409e-01
-8,943871e-01
-8,523042e-01
-8,054570e-01
-7,540263e-01
-6,982462e-01
-6,384953e-01
-5,751816e-01
-5,086079e-01
-4,390911e-01
-3,669959e-01
-2,928697e-01
-2,172942e-01
-1,403849e-01
-6,206931e-02
1,514469e-02
9,372187e-02
1,714453e-01
2,478556e-01
3,228596e-01
3,962990e-01
4,674063e-01
5,357906e-01
6,010355e-01
6,630876e-01
7,212980e-01
7,753242e-01
8,250028e-01
8,699704e-01
9,101084e-01
9,449778e-01
9,744049e-01
9,984292e-01
1,016767e+00
1,029300e+00
1,035906e+00
1,036689e+00
1,031608e+00
1,020681e+00
1,003920e+00
9,814050e-01
9,533858e-01
9,200224e-01
8,812837e-01
8,375639e-01
7,891798e-01
7,362379e-01
6,791135e-01
6,180959e-01
5,536926e-01
4,861104e-01
4,157260e-01
3,428270e-01
2,682361e-01
1,922458e-01
1,147788e-01
3,620165e-02
-4,082303e-02
-1,193314e-01
-1,966641e-01
-2,726217e-01
-3,471919e-01
-4,199171e-01
-4,901689e-01
-5,575223e-01
-6,217912e-01
-6,825490e-01
-7,394703e-01
-7,920404e-01
-8,401578e-01
-8,835368e-01
-9,220000e-01
-9,550175e-01
-9,826941e-01
-1,004801e+00
-1,021228e+00
-1,031825e+00
-1,036450e+00
-1,035304e+00
-1,028283e+00
-1,015376e+00
-9,966598e-01
-9,723206e-01
-9,424649e-01
-9,072908e-01
-8,669101e-01
-8,215793e-01
-7,716650e-01
-7,174030e-01
-6,587881e-01
-5,966121e-01
-5,311847e-01
-4,625818e-01
-3,912456e-01
-3,177872e-01
-2,426318e-01
-1,661579e-01
-8,828982e-02
-1,040800e-02
6,755300e-02
1,457016e-01
2,224750e-01
2,980263e-01
3,719925e-01
4,440205e-01
5,132947e-01
5,796343e-01
6,427828e-01
7,022755e-01
7,578043e-01
8,089648e-01
8,555107e-01
8,972804e-01
9,339554e-01
9,651862e-01
9,910092e-01
1,011266e+00
1,025729e+00
1,034340e+00
1,037077e+00
1,033963e+00
1,025025e+00
1,010162e+00
9,895599e-01
9,633790e-01
9,316955e-01
8,947227e-01
8,526863e-01
8,058098e-01
7,544239e-01
6,986042e-01
6,389015e-01
5,755035e-01
5,090262e-01
4,395007e-01
3,673298e-01
2,932483e-01
2,176798e-01
1,407549e-01
6,246863e-02
-1,481422e-02
-9,333633e-02
-1,710581e-01
-2,474545e-01
-3,224723e-01
-3,958343e-01
-4,670069e-01
-5,354033e-01
-6,007033e-01
-6,627193e-01
-7,209383e-01
-7,750144e-01
-8,246275e-01
-8,696330e-01
-9,097297e-01
-9,446353e-01
-9,740676e-01
-9,980213e-01
-1,016362e+00
-1,028858e+00
-1,035509e+00
-1,036314e+00
-1,031266e+00
-1,020381e+00
-1,003557e+00
-9,810487e-01
-9,530536e-01
-9,196455e-01
-8,809257e-01
-8,371698e-01
-7,888665e-01
-7,359195e-01
-6,787641e-01
-6,178188e-01
-5,533484e-01
-4,857765e-01
-4,153697e-01
-3,424570e-01
-2,678643e-01
-1,918035e-01
-1,144019e-01
-3,582299e-02
4,119997e-02
1,197754e-01
1,970445e-01
2,729762e-01
3,475362e-01
4,202562e-01
4,905028e-01
5,578906e-01
6,221217e-01
6,828709e-01
7,398455e-01
7,924035e-01
8,405020e-01
8,839171e-01
9,222978e-01
9,553635e-01
9,830005e-01
1,005180e+00
1,021581e+00
1,032139e+00
1,036793e+00
1,035689e+00
1,028667e+00
1,015791e+00
9,970419e-01
9,726975e-01
9,428625e-01
9,076867e-01
8,672767e-01
8,219752e-01
7,720884e-01
7,177334e-01
6,592253e-01
5,970286e-01
5,315789e-01
4,629794e-01
3,916949e-01
3,181814e-01
2,430827e-01
1,665727e-01
8,871323e-02
1,081247e-02
-6,714852e-02
-1,452885e-01
-2,221342e-01
-2,976253e-01
-3,716104e-01
-4,436023e-01
-5,129109e-01
-5,792694e-01
-6,423904e-01
-7,019691e-01
-7,574618e-01
-8,085568e-01
-8,551562e-01
-8,969327e-01
-9,335802e-01
-9,648627e-01
-9,906357e-01
-1,010973e+00
-1,025417e+00
-1,033997e+00
-1,036670e+00
-1,033608e+00
-1,024639e+00
-1,009792e+00
-9,891210e-01
-9,629762e-01
-9,313495e-01
-8,944181e-01
-8,523059e-01
-8,054346e-01
-7,540108e-01
-6,982669e-01
-6,384661e-01
-5,751592e-01
-5,086131e-01
-4,391806e-01
-3,670251e-01
-2,929179e-01
-2,173287e-01
-1,403900e-01
-6,208997e-02
1,513264e-02
9,366680e-02
1,714075e-01
2,478229e-01
3,228406e-01
3,962284e-01
4,673891e-01
5,357407e-01
6,010321e-01
6,630497e-01
7,212515e-01
7,753449e-01
8,249838e-01
8,700151e-01
9,100740e-01
9,449864e-01
9,744083e-01
9,984085e-01
1,016729e+00
1,029264e+00
1,035889e+00
1,036715e+00
1,031633e+00
1,020734e+00
1,003908e+00
9,814153e-01
9,533875e-01
9,200207e-01
8,812941e-01
8,376242e-01
7,891953e-01
7,363360e-01
6,791566e-01
6,181389e-01
5,536978e-01
4,861895e-01
4,157656e-01
3,428924e-01
2,682636e-01
1,922854e-01
1,148546e-01
3,625328e-02
-4,078688e-02
-1,193038e-01
-1,965953e-01
-2,725924e-01
-3,471369e-01
-4,198982e-01
-4,901052e-01
-5,574827e-01
-6,217396e-01
-6,825180e-01
-7,394117e-01
-7,920438e-01
-8,400906e-01
-8,835609e-01
-9,219209e-01
-9,550640e-01
-9,826907e-01
-1,004832e+00
-1,021268e+00
-1,031834e+00
-1,036469e+00
-1,035287e+00
-1,028281e+00
-1,015398e+00
-9,966512e-01
-9,723188e-01
-9,425011e-01
-9,072719e-01
-8,668895e-01
-8,215604e-01
-7,716392e-01
-7,173479e-01
-6,588105e-01
-5,966052e-01
-5,311795e-01
-4,626197e-01
-3,912525e-01
-3,177907e-01
-2,426610e-01
-1,661734e-01
-8,830359e-02
-1,044242e-02
6,754612e-02
1,456603e-01
2,224388e-01
2,979403e-01
3,719701e-01
4,439207e-01
5,132775e-01
5,795913e-01
6,427587e-01
7,022807e-01
7,578301e-01
8,088976e-01
8,555124e-01
8,973011e-01
9,338951e-01
9,651862e-01
9,910401e-01
1,011269e+00
1,025786e+00
1,034354e+00
1,037102e+00
1,033994e+00
1,025015e+00
1,010190e+00
9,895410e-01
9,633859e-01
9,317609e-01
8,947916e-01
8,527259e-01
8,058563e-01
7,544325e-01
6,986972e-01
6,388757e-01
5,756171e-01
5,090038e-01
4,394818e-01
3,673659e-01
2,933292e-01
2,177073e-01
1,407980e-01
6,251682e-02
-1,472644e-02
-9,331223e-02
-1,710064e-01
-2,474442e-01
-3,224740e-01
-3,958532e-01
-4,669932e-01
-5,352966e-01
-6,007067e-01
-6,626418e-01
-7,209348e-01
-7,749611e-01
-8,246000e-01
-8,696038e-01
-9,097573e-01
-9,445975e-01
-9,740727e-01
-9,980402e-01
-1,016383e+00
-1,028855e+00
-1,035560e+00
-1,036321e+00
-1,031295e+00
-1,020395e+00
-1,003551e+00
-9,810624e-01
-9,530433e-01
-9,196988e-01
-8,809240e-01
-8,372438e-01
-7,888063e-01
-7,359264e-01
-6,787882e-01
-6,177620e-01
-5,533501e-01
-4,858023e-01
-4,153697e-01
-3,424897e-01
-2,678505e-01
-1,918775e-01
-1,144484e-01
-3,586946e-02
4,119652e-02
1,197341e-01
1,970135e-01
2,729349e-01
3,474897e-01
4,202149e-01
4,904598e-01
5,578527e-01
6,220632e-01
6,828485e-01
7,397646e-01
7,923829e-01
8,404521e-01
8,838862e-01
9,222582e-01
9,553755e-01
9,829816e-01
1,005166e+00
1,021581e+00
1,032125e+00
1,036779e+00
1,035657e+00
1,028676e+00
1,015806e+00
9,970385e-01
9,726717e-01
9,428849e-01
9,076901e-01
8,672750e-01
8,220045e-01
7,720643e-01
7,177180e-01
6,592700e-01
5,970510e-01
5,316047e-01
4,629966e-01
3,916983e-01
3,181883e-01
2,430844e-01
1,666105e-01
8,874765e-02
1,083141e-02
-6,712787e-02
-1,452507e-01
-2,220826e-01
-2,975874e-01
-3,716104e-01
-4,436092e-01
-5,128782e-01
-5,791730e-01
-6,423559e-01
-7,019003e-01
-7,573964e-01
-8,085276e-01
-8,551441e-01
-8,968863e-01
-9,335595e-01
-9,648196e-01
-9,906426e-01
-1,010963e+00
-1,025429e+00
-1,034004e+00
-1,036726e+00
-1,033576e+00
-1,024634e+00
-1,009755e+00
-9,891950e-01
-9,629590e-01
-9,313925e-01
-8,944611e-01
-8,523265e-01
-8,054553e-01
-7,540298e-01
-6,983202e-01
-6,384936e-01
-5,751455e-01
-5,086441e-01
-4,391599e-01
-3,670527e-01
-2,929385e-01
-2,173493e-01
-1,403866e-01
-6,211751e-02
1,512060e-02
9,362377e-02
1,713524e-01
2,477798e-01
3,228217e-01
3,961820e-01
4,673460e-01
5,356959e-01
6,009753e-01
6,630119e-01
7,212292e-01
7,753001e-01
8,249666e-01
8,699549e-01
9,100722e-01
9,449142e-01
9,744152e-01
9,983362e-01
1,016720e+00
1,029259e+00
1,035877e+00
1,036669e+00
1,031614e+00
1,020672e+00
1,003923e+00
9,814686e-01
9,534426e-01
9,200534e-01
8,813250e-01
8,376380e-01
7,892727e-01
7,363222e-01
6,792202e-01
6,181647e-01
5,537804e-01
4,861947e-01
4,157708e-01
3,429217e-01
2,683325e-01
1,922992e-01
1,148804e-01
3,627566e-02
-4,074041e-02
-1,193124e-01
-1,966039e-01
-2,725253e-01
-3,471059e-01
-4,198930e-01
-4,900966e-01
-5,574379e-01
-6,217172e-01
-6,824974e-01
-7,394169e-01
-7,919991e-01
-8,401044e-01
-8,835557e-01
-9,219346e-01
-9,550089e-01
-9,826477e-01
-1,004822e+00
-1,021223e+00
-1,031820e+00
-1,036433e+00
-1,035300e+00
-1,028275e+00
-1,015429e+00
-9,966443e-01
-9,723567e-01
-9,425079e-01
-9,073115e-01
-8,668619e-01
-8,216258e-01
-7,716805e-01
-7,173703e-01
-6,588724e-01
-5,966568e-01
-5,311761e-01
-4,626455e-01
-3,913472e-01
-3,178062e-01
-2,427454e-01
-1,662457e-01
-8,835867e-02
-1,050955e-02
6,742908e-02
1,456087e-01
2,224182e-01
2,979265e-01
3,719374e-01
4,439310e-01
5,132087e-01
5,796481e-01
6,427243e-01
7,022652e-01
7,577699e-01
8,089166e-01
8,554970e-01
8,972494e-01
9,339072e-01
9,651639e-01
9,909920e-01
1,011259e+00
1,025755e+00
1,034328e+00
1,037092e+00
1,033977e+00
1,025015e+00
1,010166e+00
9,895599e-01
9,633997e-01
9,316438e-01
8,909757e-01
8,444659e-01
7,936325e-01
7,389574e-01
6,805628e-01
6,188738e-01
5,544207e-01
4,875820e-01
4,185574e-01
3,478529e-01
2,760933e-01
2,037382e-01
1,309425e-01
5,776808e-02
-1,350440e-02
-8,529324e-02
-1,555072e-01
-2,235869e-01
-2,897130e-01
-3,535001e-01
-4,144695e-01
-4,723271e-01
-5,266683e-01
-5,774897e-01
-6,242784e-01
-6,670463e-01
-7,052531e-01
-7,390830e-01
-7,681899e-01
-7,925464e-01
-8,119940e-01
-8,266310e-01
-8,363660e-01
-8,410666e-01
-8,409357e-01
-8,359684e-01
-8,262936e-01
-8,120491e-01
-7,932607e-01
-7,701693e-01
-7,430521e-01
-7,120346e-01
-6,773545e-01
-6,391804e-01
-5,979511e-01
-5,539215e-01
-5,072912e-01
-4,583339e-01
-4,075676e-01
-3,551696e-01
-3,015048e-01
-2,467385e-01
-1,916125e-01
-1,362007e-01
-8,073555e-02
-2,521706e-02
2,768007e-02
8,150836e-02
1,335535e-01
1,839084e-01
2,324733e-01
2,790141e-01
3,231780e-01
3,646017e-01
4,033628e-01
4,391548e-01
4,718762e-01
5,012189e-01
5,271399e-01
5,496341e-01
5,685189e-01
5,837256e-01
5,953711e-01
6,033212e-01
6,076844e-01
6,084159e-01
6,055519e-01
5,992644e-01
5,896103e-01
5,767307e-01
5,607151e-01
5,416925e-01
5,200125e-01
4,956285e-01
4,687867e-01
4,398002e-01
4,088378e-01
3,760424e-01
3,417272e-01
3,061314e-01
2,695786e-01
2,321584e-01
1,940428e-01
1,556638e-01
1,172918e-01
7,912452e-02
4,107604e-02
4,438932e-03
-3,145635e-02
-6,709517e-02
-1,012761e-01
-1,340595e-01
-1,653627e-01
-1,949378e-01
-2,226316e-01
-2,482721e-01
-2,718695e-01
-2,932673e-01
-3,123517e-01
-3,290696e-01
-3,433520e-01
-3,553572e-01
-3,647687e-01
-3,717928e-01
-3,763453e-01
-3,785932e-01
-3,785089e-01
-3,760958e-01
-3,714589e-01
-3,648272e-01
-3,560371e-01
-3,454363e-01
-3,331041e-01
-3,190471e-01
-3,035479e-01
-2,867302e-01
-2,686199e-01
-2,495423e-01
-2,295387e-01
-2,087692e-01
-1,874954e-01
-1,658412e-01
-1,438978e-01
-1,219200e-01
-9,994567e-02
-7,830696e-02
-5,703313e-02
-3,623951e-02
-1,593644e-02
2,235817e-03
2,054921e-02
3,816552e-02
5,468716e-02
7,005044e-02
8,428118e-02
9,722276e-02
1,087891e-01
1,190353e-01
1,279149e-01
1,354244e-01
1,415123e-01
1,463178e-01
1,496827e-01
1,517240e-01
1,524659e-01
1,520270e-01
1,504486e-01
1,477309e-01
1,440355e-01
1,393677e-01
1,338168e-01
1,275948e-01
1,207703e-01
1,132504e-01
1,053726e-01
9,710400e-02
8,988191e-02
8,581304e-02
8,149115e-02
7,662708e-02
7,134993e-02
6,562184e-02
5,955122e-02
5,308818e-02
4,633942e-02
3,932732e-02
3,209835e-02
2,461120e-02
1,702939e-02
9,390776e-03
1,867484e-03
-4,495731e-03
-1,230130e-02
-2,000876e-02
-2,758713e-02
-3,503985e-02
-4,233250e-02
-4,929469e-02
-5,604517e-02
-6,244625e-02
-6,854957e-02
-7,418989e-02
-7,946703e-02
-8,426741e-02
-8,861512e-02
-9,242927e-02
-9,574426e-02
-9,845341e-02
-1,006841e-01
-1,023743e-01
-1,034328e-01
-1,038820e-01
-1,037736e-01
-1,030541e-01
-1,017667e-01
-9,993362e-02
-9,744479e-02
-9,449813e-02
-9,101273e-02
-8,695762e-02
-8,243091e-02
-7,745669e-02
-7,200570e-02
-6,615196e-02
-5,997635e-02
-5,345479e-02
-4,655801e-02
-3,945813e-02
-3,208630e-02
-2,464390e-02
-1,701045e-02
-9,254803e-03
-1,774540e-03
4,635147e-03
1,239424e-02
2,004490e-02
2,758024e-02
3,498649e-02
4,214834e-02
4,908126e-02
5,572675e-02
6,203145e-02
6,796264e-02
7,348592e-02
7,856169e-02
8,323470e-02
8,743267e-02
9,108158e-02
9,416250e-02
9,673222e-02
9,877010e-02
1,002142e-01
1,011109e-01
1,013829e-01
1,010438e-01
1,001402e-01
9,864962e-02
9,664444e-02
9,402308e-02
9,086815e-02
8,719687e-02
8,293522e-02
7,832761e-02
7,314169e-02
6,755817e-02
6,158222e-02
5,532916e-02
4,862515e-02
4,164575e-02
3,451145e-02
2,712929e-02
1,959395e-02
1,195018e-02
4,201408e-03
-2,034439e-03
-9,745340e-03
-1,746140e-02
-2,508280e-02
-3,257167e-02
-3,990736e-02
-4,705371e-02
-5,383861e-02
-6,036362e-02
-6,653750e-02
-7,239297e-02
-7,774929e-02
-8,273384e-02
-8,722096e-02
-9,126575e-02
-9,469606e-02
-9,767371e-02
-1,000489e-01
-1,018545e-01
-1,030748e-01
-1,037633e-01
-1,038269e-01
-1,033639e-01
-1,022882e-01
-1,005550e-01
-9,837423e-02
-9,557387e-02
-9,225370e-02
-8,834490e-02
-8,399891e-02
-7,916583e-02
-7,387319e-02
-6,816058e-02
-6,211578e-02
-5,561660e-02
-4,890226e-02
-4,187983e-02
-3,457685e-02
-2,712241e-02
-1,956813e-02
-1,184174e-02
-4,134282e-03
2,105007e-03
9,807303e-03
1,750960e-02
2,507936e-02
3,250627e-02
3,975761e-02
4,675250e-02
5,352020e-02
5,990579e-02
6,597468e-02
7,167179e-02
7,695927e-02
8,173727e-02
8,609187e-02
8,993527e-02
9,322273e-02
9,599211e-02
9,821244e-02
9,984929e-02
1,008751e-01
1,013467e-01
1,012417e-01
1,004620e-01
9,929162e-02
9,733120e-02
9,496457e-02
9,199208e-02
8,842407e-02
8,442748e-02
7,988528e-02
7,488524e-02
6,942909e-02
6,361494e-02
5,743245e-02
5,087990e-02
4,401582e-02
3,695897e-02
2,959747e-02
2,214130e-02
1,454056e-02
6,774578e-03
2,926012e-05
-7,122257e-03
-1,488307e-02
-2,254406e-02
-3,010866e-02
-3,747016e-02
-4,467331e-02
-5,158042e-02
-5,821042e-02
-6,447897e-02
-7,040500e-02
-7,601434e-02
-8,111076e-02
-8,581820e-02
-8,996969e-02
-9,364098e-02
-9,670641e-02
-9,936908e-02
-1,013329e-01
-1,028063e-01
-1,035843e-01
-1,039199e-01
-1,035619e-01
-1,027099e-01
-1,012107e-01
-9,913155e-02
-9,654461e-02
-9,339829e-02
-8,969431e-02
-8,549290e-02
-8,083021e-02
-7,565978e-02
-7,010552e-02
-6,417088e-02
-5,785069e-02
-5,117422e-02
-4,424990e-02
-3,702093e-02
-2,964050e-02
-2,213270e-02
-1,448204e-02
-6,667864e-03
8,605917e-05
7,225528e-03
1,491922e-02
2,251996e-02
3,007251e-02
3,738927e-02
4,447538e-02
5,127921e-02
5,780078e-02
6,402630e-02
6,983357e-02
7,525874e-02
8,017960e-02
8,468566e-02
8,872872e-02
9,217281e-02
9,513497e-02
9,749815e-02
9,937424e-02
1,005842e-01
1,012331e-01
1,013329e-01
1,007994e-01
9,973225e-02
9,807647e-02
9,581483e-02
9,301619e-02
8,973561e-02
8,582336e-02
8,147049e-02
7,661675e-02
7,130002e-02
6,559774e-02
5,948926e-02
5,308818e-02
4,637384e-02
3,931527e-02
3,203466e-02
2,463530e-02
1,704316e-02
9,389055e-03
1,903629e-03
-4,516385e-03
-1,225655e-02
-2,000703e-02
-2,757680e-02
-3,502780e-02
-4,228775e-02
-4,933256e-02
-5,600731e-02
-6,243592e-02
-6,851514e-02
-7,420710e-02
-7,943433e-02
-8,427258e-02
-8,863061e-02
-9,246713e-02
-9,578902e-02
-9,847062e-02
-1,007236e-01
-1,023984e-01
-1,034345e-01
-1,038941e-01
-1,037323e-01
-1,030696e-01
-1,018011e-01
-9,988371e-02
-9,749815e-02
-9,452911e-02
-9,101445e-02
-8,694213e-02
-8,246189e-02
-7,744120e-02
-7,200743e-02
-6,616057e-02
-5,993677e-02
-5,341520e-02
-4,659587e-02
-3,944952e-02
-3,214654e-02
-2,461636e-02
-1,700185e-02
-9,270293e-03
-1,781425e-03
4,621377e-03
1,238047e-02
2,004834e-02
2,762155e-02
3,494691e-02
4,212424e-02
4,904512e-02
5,570266e-02
6,195571e-02
6,794543e-02
7,346355e-02
7,863570e-02
8,321921e-02
8,744816e-02
9,107297e-02
9,418487e-02
9,677181e-02
9,883551e-02
1,002348e-01
1,011471e-01
1,014001e-01
1,010920e-01
1,001763e-01
9,868577e-02
9,665821e-02
9,400587e-02
9,085266e-02
8,716072e-02
8,297481e-02
7,826737e-02
7,314341e-02
6,755817e-02
6,156673e-02
5,532744e-02
4,864753e-02
4,167501e-02
3,451661e-02
2,716199e-02
1,961116e-02
1,195706e-02
4,220342e-03
-2,010342e-03
-9,724686e-03
-1,747345e-02
-2,507420e-02
-3,257512e-02
-3,989531e-02
-4,698830e-02
-5,381624e-02
-6,032748e-02
-6,652718e-02
-7,230175e-02
-7,778027e-02
-8,272007e-02
-8,719515e-02
-9,123821e-02
-9,470123e-02
-9,761691e-02
-1,000644e-01
-1,018958e-01
-1,031213e-01
-1,037598e-01
-1,038734e-01
-1,033312e-01
-1,022658e-01
-1,005963e-01
-9,834841e-02
-9,556698e-02
-9,222100e-02
-8,835006e-02
-8,401784e-02
-7,918648e-02
-7,389556e-02
-6,816747e-02
-6,206415e-02
-5,562004e-02
-4,891431e-02
-4,190909e-02
-3,461816e-02
-2,712929e-02
-1,954748e-02
-1,184174e-02
-4,086089e-03
2,096401e-03
9,845169e-03
1,753025e-02
2,507592e-02
3,253897e-02
3,980236e-02
4,679553e-02
5,349094e-02
5,994021e-02
6,599705e-02
7,168040e-02
7,690936e-02
8,176481e-02
8,612457e-02
8,991117e-02
9,317454e-02
9,596974e-02
9,820211e-02
9,986134e-02
1,008734e-01
1,013450e-01
1,012348e-01
1,005085e-01
9,924687e-02
9,736562e-02
9,491810e-02
9,197315e-02
8,845850e-02
8,444125e-02
7,988700e-02
7,491450e-02
6,947384e-02
6,359428e-02
5,746515e-02
5,088334e-02
4,402959e-02
3,691938e-02
2,963361e-02
2,211721e-02
1,455260e-02
6,815886e-03
2,065420e-05
-7,137747e-03
-1,490373e-02
-2,256471e-02
-3,011210e-02
-3,747532e-02
-4,468020e-02
-5,159075e-02
-5,822591e-02
-6,450995e-02
-7,046869e-02
-7,595754e-02
-8,112281e-02
-8,576140e-02
-8,996109e-02
-9,361172e-02
-9,672706e-02
-9,931400e-02
-1,013037e-01
-1,027495e-01
-1,036411e-01
-1,039113e-01
-1,035447e-01
-1,026961e-01
-1,012383e-01
-9,915737e-02
-9,654117e-02
-9,337075e-02
-8,969258e-02
-8,548429e-02
-8,081472e-02
-7,570108e-02
-7,012789e-02
-6,416744e-02
-5,785241e-02
-5,116906e-02
-4,423785e-02
-3,704847e-02
-2,965771e-02
-2,214819e-02
-1,448032e-02
-6,721221e-03
1,153193e-04
7,210037e-03
1,496741e-02
2,256299e-02
3,004670e-02
3,739787e-02
4,450292e-02
5,129815e-02
5,780422e-02
6,403146e-02
6,984734e-02
7,526046e-02
8,021575e-02
8,465812e-02
8,869602e-02
9,217625e-02
9,508505e-02
9,750331e-02
9,935875e-02
1,006221e-01
1,012348e-01
1,013484e-01
1,008045e-01
9,976839e-02
9,808335e-02
9,582860e-02
9,299726e-02
8,970463e-02
8,575624e-02
8,148598e-02
7,660643e-02
7,133961e-02
6,562184e-02
5,951680e-02
5,308129e-02
4,637212e-02
3,927912e-02
3,211384e-02
2,464390e-02
1,711028e-02
9,414873e-03
1,867484e-03
-4,488846e-03
-1,230646e-02
-2,001048e-02
-2,757680e-02
-3,506739e-02
-4,228431e-02
-4,929813e-02
-5,602107e-02
-6,246002e-02
-6,853408e-02
-7,420366e-02
-7,945843e-02
-8,431733e-02
-8,861684e-02
-9,241377e-02
-9,578041e-02
-9,855151e-02
-1,007598e-01
-1,023760e-01
-1,034259e-01
-1,038751e-01
-1,037202e-01
-1,030541e-01
-1,018011e-01
-9,991469e-02
-9,741553e-02
-9,451362e-02
-9,100585e-02
-8,695762e-02
-8,244640e-02
-7,747907e-02
-7,198677e-02
-6,622081e-02
-5,999184e-02
-5,340488e-02
-4,656661e-02
-3,951148e-02
-3,211384e-02
-2,463185e-02
-1,703627e-02
-9,308159e-03
-1,824454e-03
4,635147e-03
1,236326e-02
2,006556e-02
2,757508e-02
3,494174e-02
4,212080e-02
4,904856e-02
5,569921e-02
6,199186e-02
6,791789e-02
7,348764e-02
7,856169e-02
8,320200e-02
8,744300e-02
9,107297e-02
9,418487e-02
9,676321e-02
9,880281e-02
1,002400e-01
1,011729e-01
1,013760e-01
1,010627e-01
1,001746e-01
9,869609e-02
9,659969e-02
9,400759e-02
9,088364e-02
8,717105e-02
8,297653e-02
7,823983e-02
7,315029e-02
6,755128e-02
6,162697e-02
5,528785e-02
4,863892e-02
4,171460e-02
3,446842e-02
2,715855e-02
1,957330e-02
1,200697e-02
4,242717e-03
-1,962149e-03
-9,736734e-03
-1,747690e-02
-2,504322e-02
-3,256651e-02
-3,987465e-02
-4,696593e-02
-5,381280e-02
-6,032403e-02
-6,651341e-02
-7,237576e-02
-7,775101e-02
-8,272351e-02
-8,728809e-02
-9,119173e-02
-9,467025e-02
-9,763757e-02
-1,000524e-01
-1,018734e-01
-1,031471e-01
-1,037856e-01
-1,038355e-01
-1,033519e-01
-1,022813e-01
-1,006393e-01
-9,834153e-02
-9,558075e-02
-9,223133e-02
-8,832941e-02
-8,401440e-02
-7,915206e-02
-7,383876e-02
-6,819328e-02
-6,205210e-02
-5,562004e-02
-4,890398e-02
-4,185746e-02
-3,457857e-02
-2,717060e-02
-1,958190e-02
-1,185723e-02
-4,129119e-03
2,096401e-03
9,809024e-03
1,751132e-02
2,506904e-02
3,253725e-02
3,974040e-02
4,674218e-02
5,348061e-02
5,993677e-02
6,599017e-02
7,166491e-02
7,695239e-02
8,173555e-02
8,605400e-02
8,990773e-02
9,321240e-02
9,596285e-02
9,815564e-02
9,979593e-02
1,008734e-01
1,013467e-01
1,012366e-01
1,005601e-01
9,922794e-02
9,736218e-02
9,495768e-02
9,198004e-02
8,846882e-02
8,446707e-02
7,994897e-02
7,494893e-02
6,948245e-02
6,364075e-02
5,749269e-02
5,087129e-02
4,406918e-02
3,695381e-02
2,957681e-02
2,211032e-02
1,451990e-02
6,793511e-03
6,884733e-06
-7,141190e-03
-1,492610e-02
-2,257332e-02
-3,008973e-02
-3,745467e-02
-4,464061e-02
-5,155977e-02
-5,819321e-02
-6,448069e-02
-7,046352e-02
-7,598680e-02
-8,111249e-02
-8,574763e-02
-8,993699e-02
-9,361688e-02
-9,671845e-02
-9,928302e-02
-1,013192e-01
-1,027873e-01
-1,035997e-01
-1,038941e-01
-1,035602e-01
-1,027065e-01
-1,012331e-01
-9,916426e-02
-9,655150e-02
-9,340862e-02
-8,971496e-02
-8,550322e-02
-8,080439e-02
-7,570797e-02
-7,010724e-02
-6,414850e-02
-5,786102e-02
-5,121381e-02
-4,426883e-02
-3,703987e-02
-2,965943e-02
-2,212409e-02
-1,445106e-02
-6,698845e-03
7,745325e-05
7,249624e-03
1,494159e-02
2,260774e-02
3,002604e-02
3,739443e-02
4,445472e-02
5,129298e-02
5,779389e-02
6,403490e-02
6,981980e-02
7,520883e-02
8,014690e-02
8,468566e-02
8,867192e-02
9,219346e-02
9,511775e-02
9,745512e-02
9,933121e-02
1,005860e-01
1,012641e-01
1,013140e-01
1,008011e-01
9,972880e-02
9,804893e-02
9,582860e-02
9,305061e-02
8,970807e-02
8,583713e-02
8,147049e-02
7,665462e-02
7,132067e-02
6,568208e-02
5,953057e-02
5,314154e-02
4,638933e-02
3,936346e-02
3,208458e-02
2,468177e-02
1,706209e-02
9,380449e-03
1,903629e-03
-4,494010e-03
-1,229097e-02
-2,000359e-02
-2,758541e-02
-3,503985e-02
-4,228259e-02
-4,928264e-02
-5,604001e-02
-6,246002e-02
-6,848761e-02
-7,420710e-02
-7,946876e-02
-8,427086e-02
-8,860307e-02
-9,243099e-02
-9,575287e-02
-9,847406e-02
-1,007168e-01
-1,023588e-01
-1,033932e-01
-1,038786e-01
-1,037667e-01
-1,030490e-01
-1,017873e-01
-9,985617e-02
-9,748610e-02
-9,449813e-02
-9,098864e-02
-8,694213e-02
-8,243780e-02
-7,741022e-02
-7,200398e-02
-6,620360e-02
-5,997119e-02
-5,340143e-02
-4,651670e-02
-3,947018e-02
-3,213621e-02
-2,470070e-02
-1,703627e-02
-9,273736e-03
-1,807242e-03
4,588675e-03
1,239596e-02
2,002080e-02
2,757336e-02
3,494002e-02
4,214662e-02
4,905889e-02
5,569749e-02
6,199358e-02
6,794199e-02
7,344117e-02
7,859095e-02
8,321061e-02
8,742234e-02
9,104027e-02
9,419176e-02
9,677525e-02
9,881830e-02
1,002245e-01
1,011230e-01
1,013760e-01
1,010627e-01
1,001557e-01
9,869437e-02
9,663067e-02
9,402136e-02
9,115215e-02
9,140860e-02
9,159105e-02
9,080275e-02
8,896108e-02
8,603507e-02
8,191111e-02
7,669249e-02
7,034476e-02
6,285245e-02
5,417597e-02
4,449431e-02
3,368872e-02
2,182805e-02
9,024164e-03
-3,184189e-03
-1,768172e-02
-3,301746e-02
-4,890054e-02
-6,533440e-02
-8,236379e-02
-9,959455e-02
-1,170267e-01
-1,344933e-01
-1,519581e-01
-1,691786e-01
-1,860427e-01
-2,024112e-01
-2,180911e-01
-2,330499e-01
-2,471068e-01
-2,600295e-01
-2,718626e-01
-2,822964e-01
-2,913327e-01
-2,987957e-01
-3,046305e-01
-3,086942e-01
-3,109731e-01
-3,112674e-01
-3,096116e-01
-3,059007e-01
-3,001279e-01
-2,922449e-01
-2,823033e-01
-2,702585e-01
-2,561138e-01
-2,399347e-01
-2,217349e-01
-2,016263e-01
-1,796451e-01
-1,558876e-01
-1,304209e-01
-1,035240e-01
-7,525530e-02
-4,564578e-02
-1,476087e-02
1,514469e-02
4,793323e-02
8,090078e-02
1,140990e-01
1,475398e-01
1,809996e-01
2,141686e-01
2,468091e-01
2,787938e-01
3,098646e-01
3,397736e-01
3,683711e-01
3,953679e-01
4,206142e-01
4,439689e-01
4,651068e-01
4,839881e-01
5,002912e-01
5,140761e-01
5,250005e-01
5,330109e-01
5,379989e-01
5,399473e-01
5,386684e-01
5,341245e-01
5,262983e-01
5,152689e-01
5,008936e-01
4,832515e-01
4,623976e-01
4,384353e-01
4,114231e-01
3,813746e-01
3,485465e-01
3,130798e-01
2,750709e-01
2,346902e-01
1,922080e-01
1,479426e-01
1,020438e-01
5,442726e-02
6,356330e-03
-4,266813e-02
-9,293529e-02
-1,432747e-01
-1,935780e-01
-2,437127e-01
-2,933068e-01
-3,418752e-01
-3,892508e-01
-4,351737e-01
-4,792618e-01
-5,212414e-01
-5,608183e-01
-5,977102e-01
-6,318120e-01
-6,626487e-01
-6,900809e-01
-7,138900e-01
-7,339573e-01
-7,500022e-01
-7,618973e-01
-7,694705e-01
-7,727872e-01
-7,716581e-01
-7,659180e-01
-7,556184e-01
-7,408644e-01
-7,215768e-01
-6,977557e-01
-6,695420e-01
-6,370874e-01
-6,004778e-01
-5,598717e-01
-5,154634e-01
-4,674131e-01
-4,161270e-01
-3,616550e-01
-3,043087e-01
-2,444390e-01
-1,826141e-01
-1,187840e-01
-5,303654e-02
1,252849e-02
8,016239e-02
1,480700e-01
2,155507e-01
2,827543e-01
3,492883e-01
4,146486e-01
4,782411e-01
5,398836e-01
5,991783e-01
6,558242e-01
7,091826e-01
7,590797e-01
8,052143e-01
8,472800e-01
8,848896e-01
9,177246e-01
9,458470e-01
9,687319e-01
9,862226e-01
9,982020e-01
1,004586e+00
1,005316e+00
1,000200e+00
9,892088e-01
9,724014e-01
9,497696e-01
9,200637e-01
8,814042e-01
8,377171e-01
7,893261e-01
7,364789e-01
6,793252e-01
6,183368e-01
5,539663e-01
4,863186e-01
4,159377e-01
3,430628e-01
2,684788e-01
1,924369e-01
1,150611e-01
3,650286e-02
-4,054247e-02
-1,191420e-01
-1,964369e-01
-2,723773e-01
-3,469062e-01
-4,196744e-01
-4,898643e-01
-5,572985e-01
-6,215675e-01
-6,823717e-01
-7,392517e-01
-7,918941e-01
-8,399994e-01
-8,834404e-01
-9,218813e-01
-9,549693e-01
-9,826063e-01
-1,004772e+00
-1,021192e+00
-1,031765e+00
-1,036423e+00
-1,035256e+00
-1,028316e+00
-1,015410e+00
-9,967493e-01
-9,723860e-01
-9,426112e-01
-9,074113e-01
-8,670237e-01
-8,216929e-01
-7,718079e-01
-7,174856e-01
-6,590394e-01
-5,968152e-01
-5,313276e-01
-4,627711e-01
-3,915245e-01
-3,180041e-01
-2,428917e-01
-1,663954e-01
-8,854972e-02
-1,069027e-02
6,727933e-02
1,454314e-01
2,222564e-01
2,977836e-01
3,718014e-01
4,437331e-01
5,130796e-01
5,794192e-01
6,425711e-01
7,021361e-01
7,576993e-01
8,087462e-01
8,553386e-01
8,971651e-01
9,338125e-01
9,651019e-01
9,909816e-01
1,011230e+00
1,025691e+00
1,034337e+00
1,037063e+00
1,033992e+00
1,025059e+00
1,010254e+00
9,895943e-01
9,634461e-01
9,318211e-01
8,949379e-01
8,528360e-01
8,060026e-01
7,546167e-01
6,988572e-01
6,390650e-01
5,757789e-01
5,092568e-01
4,397159e-01
3,676086e-01
2,935478e-01
2,179827e-01
1,410338e-01
6,275090e-02
-1,451818e-02
-9,307471e-02
-1,707965e-01
-2,472153e-01
-3,222520e-01
-3,956002e-01
-4,668142e-01
-5,351245e-01
-6,005088e-01
-6,624903e-01
-7,207386e-01
-7,748406e-01
-8,244279e-01
-8,694489e-01
-9,096144e-01
-9,445424e-01
-9,739419e-01
-9,980144e-01
-1,016347e+00
-1,028920e+00
-1,035591e+00
-1,036293e+00
-1,031297e+00
-1,020391e+00
-1,003605e+00
-9,810986e-01
-9,531173e-01
-9,197332e-01
-8,810290e-01
-8,373161e-01
-7,889629e-01
-7,360434e-01
-6,789569e-01
-6,179702e-01
-5,535188e-01
-4,859555e-01
-4,155057e-01
-3,427203e-01
-2,681018e-01
-1,920995e-01
-1,146876e-01
-3,606223e-02
4,092630e-02
1,195259e-01
1,967760e-01
2,727008e-01
3,472505e-01
4,200341e-01
4,902464e-01
5,576496e-01
6,218756e-01
6,827142e-01
7,396217e-01
7,922314e-01
8,403746e-01
8,837812e-01
9,221601e-01
9,552671e-01
9,829144e-01
1,005087e+00
1,021541e+00
1,032080e+00
1,036796e+00
1,035634e+00
1,028681e+00
1,015836e+00
9,971090e-01
9,727956e-01
9,429968e-01
9,077882e-01
8,673921e-01
8,221439e-01
7,722072e-01
7,179245e-01
6,594387e-01
5,972558e-01
5,317665e-01
4,632117e-01
3,918980e-01
3,183759e-01
2,433719e-01
1,668412e-01
8,898174e-02
1,106549e-02
-6,687141e-02
-1,450149e-01
-2,218433e-01
-2,973465e-01
-3,713918e-01
-4,433751e-01
-5,126476e-01
-5,790491e-01
-6,422458e-01
-7,017832e-01
-7,572794e-01
-8,084209e-01
-8,549961e-01
-8,967847e-01
-9,334562e-01
-9,647732e-01
-9,906030e-01
-1,010844e+00
-1,025333e+00
-1,033949e+00
-1,036662e+00
-1,033646e+00
-1,024729e+00
-1,009865e+00
-9,892467e-01
-9,630330e-01
-9,314838e-01
-8,945076e-01
-8,524608e-01
-8,055844e-01
-7,541761e-01
-6,984355e-01
-6,387053e-01
-5,754277e-01
-5,088730e-01
-4,393372e-01
-3,672454e-01
-2,931726e-01
-2,175782e-01
-1,406999e-01
-6,236536e-02
1,488307e-02
9,345165e-02
1,711527e-01
2,475406e-01
3,226220e-01
3,959995e-01
4,671154e-01
5,355049e-01
6,008014e-01
6,628277e-01
7,211311e-01
7,751315e-01
8,248220e-01
8,698482e-01
9,099741e-01
9,448126e-01
9,743016e-01
9,983466e-01
1,016686e+00
1,029247e+00
1,035870e+00
1,036713e+00
1,031653e+00
1,020755e+00
1,003968e+00
9,814927e-01
9,535442e-01
9,201274e-01
8,814438e-01
8,377361e-01
7,893708e-01
7,364634e-01
6,793528e-01
6,183885e-01
5,539629e-01
4,864012e-01
4,159670e-01
3,430990e-01
2,685287e-01
1,925075e-01
1,151110e-01
3,647876e-02
-4,051838e-02
-1,190835e-01
-1,963956e-01
-2,723480e-01
-3,469062e-01
-4,196469e-01
-4,898746e-01
-5,572021e-01
-6,215124e-01
-6,823235e-01
-7,392224e-01
-7,918614e-01
-8,399925e-01
-8,834111e-01
-9,218210e-01
-9,549091e-01
-9,825960e-01
-1,004761e+00
-1,021197e+00
-1,031775e+00
-1,036452e+00
-1,035302e+00
-1,028318e+00
-1,015429e+00
-9,967579e-01
-9,724014e-01
-9,425940e-01
-9,074302e-01
-8,670237e-01
-8,217394e-01
-7,717924e-01
-7,175235e-01
-6,590411e-01
-5,968341e-01
-5,313861e-01
-4,628193e-01
-3,915210e-01
-3,180626e-01
-2,429554e-01
-1,664780e-01
-8,864438e-02
-1,076428e-02
6,722942e-02
1,454176e-01
2,221858e-01
2,977320e-01
3,717154e-01
4,436970e-01
5,130004e-01
5,793899e-01
6,425367e-01
7,021068e-01
7,576236e-01
8,087462e-01
8,553145e-01
8,971840e-01
9,337970e-01
9,650640e-01
9,909352e-01
1,011235e+00
1,025720e+00
1,034306e+00
1,037068e+00
1,033946e+00
1,025073e+00
1,010200e+00
9,896253e-01
9,634616e-01
9,318865e-01
8,949034e-01
8,528876e-01
8,060112e-01
7,546425e-01
6,988658e-01
6,391150e-01
5,757461e-01
5,092878e-01
4,397210e-01
3,676344e-01
2,935461e-01
2,180206e-01
1,410252e-01
6,279909e-02
-1,450958e-02
-9,305750e-02
-1,707534e-01
-2,471430e-01
-3,221539e-01
-3,956157e-01
-4,667660e-01
-5,351452e-01
-6,004520e-01
-6,624800e-01
-7,207593e-01
-7,747976e-01
-8,244003e-01
-8,694799e-01
-9,095576e-01
-9,444202e-01
-9,739712e-01
-9,979645e-01
-1,016354e+00
-1,028908e+00
-1,035588e+00
-1,036309e+00
-1,031300e+00
-1,020388e+00
-1,003658e+00
-9,811640e-01
-9,531827e-01
-9,197229e-01
-8,810342e-01
-8,373505e-01
-7,889904e-01
-7,361208e-01
-6,789707e-01
-6,179685e-01
-5,535532e-01
-4,860209e-01
-4,155952e-01
-3,427117e-01
-2,681707e-01
-1,920927e-01
-1,147151e-01
-3,612075e-02
4,087294e-02
1,194845e-01
1,967450e-01
2,726664e-01
3,472436e-01
4,199928e-01
4,902756e-01
5,575859e-01
6,218446e-01
6,826712e-01
7,395787e-01
7,921936e-01
8,403557e-01
8,837399e-01
9,221601e-01
9,552447e-01
9,828955e-01
1,005061e+00
1,021543e+00
1,032099e+00
1,036813e+00
1,035646e+00
1,028700e+00
1,015820e+00
9,971314e-01
9,727973e-01
9,430088e-01
9,078140e-01
8,673852e-01
8,221766e-01
7,722433e-01
7,179641e-01
6,594559e-01
5,973212e-01
5,317957e-01
4,632634e-01
3,919186e-01
3,184189e-01
2,433805e-01
1,668601e-01
8,898001e-02
1,110852e-02
-6,686797e-02
-1,449632e-01
-2,218278e-01
-2,973275e-01
-3,713711e-01
-4,433321e-01
-5,126114e-01
-5,790198e-01
-6,421787e-01
-7,017591e-01
-7,572260e-01
-8,083899e-01
-8,549772e-01
-8,968122e-01
-9,334115e-01
-9,647663e-01
-9,905806e-01
-1,010861e+00
-1,025392e+00
-1,034023e+00
-1,036700e+00
-1,033627e+00
-1,024669e+00
-1,009887e+00
-9,892794e-01
-9,631002e-01
-9,314992e-01
-8,945437e-01
-8,524436e-01
-8,056377e-01
-7,542380e-01
-6,985044e-01
-6,387466e-01
-5,754105e-01
-5,088902e-01
-4,393888e-01
-3,672592e-01
-2,931399e-01
-2,175989e-01
-1,406981e-01
-6,241355e-02
1,487791e-02
9,338624e-02
1,711459e-01
2,475113e-01
3,225739e-01
3,959410e-01
4,671171e-01
5,354515e-01
6,007618e-01
6,628501e-01
7,210622e-01
7,751384e-01
8,247790e-01
8,698344e-01
9,099122e-01
9,448298e-01
9,742448e-01
9,983104e-01
1,016698e+00
1,029249e+00
1,035887e+00
1,036700e+00
1,031679e+00
1,020762e+00
1,004009e+00
9,814927e-01
9,535579e-01
9,201463e-01
8,814541e-01
8,377636e-01
7,893622e-01
7,364909e-01
6,793425e-01
6,183850e-01
5,539646e-01
4,864167e-01
4,160014e-01
3,431403e-01
2,685321e-01
1,925264e-01
1,151110e-01
3,654244e-02
-4,047018e-02
-1,190388e-01
-1,963560e-01
-2,723136e-01
-3,468511e-01
-4,195797e-01
-4,898935e-01
-5,572176e-01
-6,214883e-01
-6,823201e-01
-7,391880e-01
-7,918373e-01
-8,399237e-01
-8,833939e-01
-9,218055e-01
-9,548884e-01
-9,825513e-01
-1,004736e+00
-1,021207e+00
-1,031765e+00
-1,036416e+00
-1,035295e+00
-1,028324e+00
-1,015434e+00
-9,967304e-01
-9,724014e-01
-9,426646e-01
-9,074733e-01
-8,670375e-01
-8,218100e-01
-7,719042e-01
-7,175476e-01
-6,590824e-01
-5,969064e-01
-5,313981e-01
-4,628778e-01
-3,915554e-01
-3,180867e-01
-2,430517e-01
-1,665589e-01
-8,861857e-02
-1,070060e-02
6,721737e-02
1,453470e-01
2,221566e-01
2,976683e-01
3,717136e-01
4,436470e-01
5,130159e-01
5,793744e-01
6,425108e-01
7,020758e-01
7,575874e-01
8,087445e-01
8,553334e-01
8,971530e-01
9,337643e-01
9,650382e-01
9,909558e-01
1,011216e+00
1,025684e+00
1,034337e+00
1,037056e+00
1,033999e+00
1,025034e+00
1,010233e+00
9,896116e-01
9,634960e-01
9,318538e-01
8,949637e-01
8,528515e-01
8,060594e-01
7,546528e-01
6,989054e-01
6,391373e-01
5,758322e-01
5,092758e-01
4,397950e-01
3,676499e-01
2,935667e-01
2,180963e-01
1,411078e-01
6,281975e-02
-1,438565e-02
-9,304201e-02
-1,706932e-01
-2,471155e-01
-3,221728e-01
-3,955727e-01
-4,667212e-01
-5,350763e-01
-6,004572e-01
-6,624026e-01
-7,206990e-01
-7,748062e-01
-8,244606e-01
-8,694024e-01
-9,096230e-01
-9,444580e-01
-9,739471e-01
-9,979937e-01
-1,016323e+00
-1,028842e+00
-1,035514e+00
-1,036350e+00
-1,031283e+00
-1,020400e+00
-1,003644e+00
-9,811915e-01
-9,531689e-01
-9,197832e-01
-8,811116e-01
-8,374435e-01
-7,890180e-01
-7,361260e-01
-6,790636e-01
-6,180201e-01
-5,536565e-01
-4,860673e-01
-4,156073e-01
-3,428270e-01
-2,681655e-01
-1,921323e-01
-1,147117e-01
-3,619476e-02
4,085056e-02
1,194604e-01
1,966951e-01
2,726337e-01
3,471868e-01
4,199119e-01
4,901999e-01
5,575756e-01
6,218016e-01
6,826385e-01
7,395460e-01
7,922125e-01
8,403110e-01
8,837812e-01
9,221257e-01
9,552395e-01
9,829110e-01
1,005116e+00
1,021560e+00
1,032142e+00
1,036805e+00
1,035684e+00
1,028722e+00
1,015830e+00
9,971108e-01
9,728059e-01
9,429950e-01
9,078433e-01
8,674626e-01
8,221697e-01
7,722709e-01
7,179624e-01
6,594731e-01
5,972936e-01
5,318267e-01
4,632944e-01
3,919565e-01
3,184929e-01
2,433770e-01
1,669204e-01
8,907984e-02
1,115843e-02
-6,679740e-02
-1,449546e-01
-2,218158e-01
-2,973327e-01
-3,713178e-01
-4,432839e-01
-5,126269e-01
-5,790130e-01
-6,421494e-01
-7,016765e-01
-7,572570e-01
-8,083658e-01
-8,549892e-01
-8,967434e-01
-9,334511e-01
-9,646854e-01
-9,905806e-01
-1,010891e+00
-1,025350e+00
-1,033985e+00
-1,036682e+00
-1,033624e+00
-1,024689e+00
-1,009854e+00
-9,892312e-01
-9,631191e-01
-9,315216e-01
-8,945386e-01
-8,524780e-01
-8,056807e-01
-7,542191e-01
-6,984975e-01
-6,387621e-01
-5,754105e-01
-5,088799e-01
-4,394181e-01
-3,672747e-01
-2,932449e-01
-2,176385e-01
-1,407326e-01
-6,248068e-02
1,477808e-02
9,335526e-02
1,710787e-01
2,474442e-01
3,225136e-01
3,959083e-01
4,670810e-01
5,354653e-01
6,007653e-01
6,627812e-01
7,210450e-01
7,750850e-01
8,247618e-01
8,697707e-01
9,099586e-01
9,447679e-01
9,743171e-01
9,983380e-01
1,016686e+00
1,029242e+00
1,035899e+00
1,036710e+00
1,031688e+00
1,020748e+00
1,004004e+00
9,815461e-01
9,535235e-01
9,202100e-01
8,814885e-01
8,378256e-01
7,894018e-01
7,365460e-01
6,794079e-01
6,184126e-01
5,540128e-01
4,864563e-01
4,160427e-01
3,431781e-01
2,685941e-01
1,926142e-01
1,151127e-01
3,660268e-02
-4,046502e-02
-1,190370e-01
-1,963216e-01
-2,722619e-01
-3,468391e-01
-4,195883e-01
-4,898419e-01
-5,571625e-01
-6,214332e-01
-6,822857e-01
-7,391759e-01
-7,918338e-01
-8,398996e-01
-8,833887e-01
-9,217866e-01
-9,548746e-01
-9,825134e-01
-1,004760e+00
-1,021190e+00
-1,031775e+00
-1,036424e+00
-1,035366e+00
-1,028312e+00
-1,015465e+00
-9,967768e-01
-9,724290e-01
-9,426491e-01
-9,074319e-01
-8,670375e-01
-8,218254e-01
-7,718647e-01
-7,176009e-01
-6,590772e-01
-5,968840e-01
-5,314446e-01
-4,629209e-01
-3,916105e-01
-3,181005e-01
-2,430208e-01
-1,665228e-01
-8,867536e-02
-1,079870e-02
6,715713e-02
1,453247e-01
2,221221e-01
2,976287e-01
3,716413e-01
4,436625e-01
5,129677e-01
5,793279e-01
6,424850e-01
7,020397e-01
7,575393e-01
8,086859e-01
8,553334e-01
8,970653e-01
9,337729e-01
9,650468e-01
9,909076e-01
1,011188e+00
1,025682e+00
1,034280e+00
1,037097e+00
1,033996e+00
1,025078e+00
1,010235e+00
9,896236e-01
9,634754e-01
9,319054e-01
8,949448e-01
8,528997e-01
8,060474e-01
7,546408e-01
6,989588e-01
6,391993e-01
5,758339e-01
5,093291e-01
4,398346e-01
3,677136e-01
2,936046e-01
2,180602e-01
1,411181e-01
6,283352e-02
-1,439770e-02
-9,296455e-02
-1,706536e-01
-2,470862e-01
-3,221246e-01
-3,955348e-01
-4,666713e-01
-5,350488e-01
-6,003901e-01
-6,624387e-01
-7,206836e-01
-7,747270e-01
-8,244003e-01
-8,694403e-01
-9,095731e-01
-9,444598e-01
-9,739488e-01
-9,979559e-01
-1,016326e+00
-1,028861e+00
-1,035500e+00
-1,036316e+00
-1,031306e+00
-1,020441e+00
-1,003644e+00
-9,811537e-01
-9,531689e-01
-9,197969e-01
-8,811185e-01
-8,374176e-01
-7,890197e-01
-7,361415e-01
-6,790309e-01
-6,180391e-01
-5,536152e-01
-4,860863e-01
-4,156589e-01
-3,428494e-01
-2,682068e-01
-1,921925e-01
-1,147926e-01
-3,621370e-02
4,082130e-02
1,193899e-01
1,966899e-01
2,726045e-01
3,471885e-01
4,199154e-01
4,901586e-01
5,575326e-01
6,218016e-01
6,825972e-01
7,395529e-01
7,921109e-01
8,402679e-01
8,837037e-01
9,221136e-01
9,552240e-01
9,828783e-01
1,005106e+00
1,021514e+00
1,032077e+00
1,036806e+00
1,035669e+00
1,028712e+00
1,015841e+00
9,971125e-01
9,728731e-01
9,430088e-01
9,078760e-01
8,674695e-01
8,222230e-01
7,722950e-01
7,179916e-01
6,594748e-01
5,973642e-01
5,318611e-01
4,633598e-01
3,919995e-01
3,185050e-01
2,434132e-01
1,669737e-01
8,909878e-02
1,118941e-02
-6,674060e-02
-1,448909e-01
-2,217762e-01
-2,972948e-01
-3,712765e-01
-4,432839e-01
-5,125701e-01
-5,789372e-01
-6,421029e-01
-7,017023e-01
-7,571675e-01
-8,083555e-01
-8,549307e-01
-8,967727e-01
-9,333994e-01
-9,647267e-01
-9,905892e-01
-1,010849e+00
-1,025379e+00
-1,033996e+00
-1,036719e+00
-1,033638e+00
-1,024713e+00
-1,009844e+00
-9,892363e-01
-9,630847e-01
-9,315647e-01
-8,945850e-01
-8,525572e-01
-8,057117e-01
-7,542759e-01
-6,985336e-01
-6,388396e-01
-5,755224e-01
-5,089487e-01
-4,394405e-01
-3,673263e-01
-2,932810e-01
-2,176953e-01
-1,407515e-01
-6,253059e-02
1,468341e-02
9,332600e-02
1,710116e-01
2,474356e-01
3,224534e-01
3,958756e-01
4,670138e-01
5,354326e-01
6,006895e-01
6,627898e-01
7,210020e-01
7,751091e-01
8,247239e-01
8,697811e-01
9,098743e-01
9,448264e-01
9,742414e-01
9,983466e-01
1,016655e+00
1,029244e+00
1,035879e+00
1,036731e+00
1,031681e+00
1,020784e+00
1,004026e+00
9,814996e-01
9,536096e-01
9,202152e-01
8,814937e-01
8,378101e-01
7,894603e-01
7,365632e-01
6,794113e-01
6,184298e-01
5,540214e-01
4,864942e-01
4,160685e-01
3,432263e-01
2,686526e-01
1,925694e-01
1,151265e-01
3,663194e-02
-4,040994e-02
-1,189647e-01
-1,962562e-01
-2,722275e-01
-3,468047e-01
-4,195505e-01
-4,898126e-01
-5,571402e-01
-6,214040e-01
-6,822426e-01
-7,391828e-01
-7,918218e-01
-8,399392e-01
-8,833474e-01
-9,217763e-01
-9,548299e-01
-9,825513e-01
-1,004687e+00
-1,021175e+00
-1,031717e+00
-1,036509e+00
-1,035319e+00
-1,028343e+00
-1,015464e+00
-9,967975e-01
-9,724307e-01
-9,426990e-01
-9,074870e-01
-8,671236e-01
-8,218323e-01
-7,719163e-01
-7,176525e-01
-6,592218e-01
-5,969924e-01
-5,315031e-01
-4,629346e-01
-3,916467e-01
-3,181625e-01
-2,430500e-01
-1,665744e-01
-8,869946e-02
-1,085034e-02
6,713820e-02
1,452662e-01
2,220929e-01
2,976098e-01
3,716362e-01
4,436384e-01
5,129643e-01
5,792952e-01
6,424885e-01
7,020466e-01
7,574928e-01
8,086532e-01
8,553180e-01
8,970894e-01
9,337729e-01
9,650606e-01
9,908818e-01
1,011195e+00
1,025688e+00
1,034314e+00
1,037101e+00
1,034011e+00
1,025070e+00
1,010274e+00
9,896787e-01
9,635236e-01
9,319054e-01
8,949775e-01
8,529358e-01
8,060852e-01
7,546873e-01
6,989398e-01
6,391993e-01
5,758976e-01
5,093756e-01
4,398828e-01
3,677411e-01
2,936649e-01
2,180825e-01
1,411508e-01
6,289892e-02
-1,437360e-02
-9,295767e-02
-1,706484e-01
-2,470208e-01
-3,221332e-01
-3,955124e-01
-4,666627e-01
-5,350333e-01
-6,003573e-01
-6,623561e-01
-7,206543e-01
-7,747201e-01
-8,243694e-01
-8,693972e-01
-9,095834e-01
-9,444460e-01
-9,739126e-01
-9,979232e-01
-1,016319e+00
-1,028917e+00
-1,035514e+00
-1,036355e+00
-1,031338e+00
-1,020407e+00
-1,003672e+00
-9,811623e-01
-9,531982e-01
-9,198451e-01
-8,811632e-01
-8,374831e-01
-7,891247e-01
-7,362276e-01
-6,790843e-01
-6,180649e-01
-5,537184e-01
-4,861672e-01
-4,157105e-01
-3,428924e-01
-2,682826e-01
-1,922252e-01
-1,148511e-01
-3,621370e-02
4,078172e-02
1,194346e-01
1,965970e-01
2,725959e-01
3,471627e-01
4,199016e-01
4,901741e-01
5,575240e-01
6,217362e-01
6,825800e-01
7,395012e-01
7,921127e-01
8,402955e-01
8,837072e-01
9,220792e-01
9,552395e-01
9,828766e-01
1,005071e+00
1,021517e+00
1,032082e+00
1,036812e+00
1,035648e+00
1,028713e+00
1,015823e+00
9,971228e-01
9,728438e-01
9,430501e-01
9,078812e-01
8,674695e-01
8,222127e-01
7,723363e-01
7,179727e-01
6,595213e-01
5,973728e-01
5,318766e-01
4,633976e-01
3,920115e-01
3,185325e-01
2,434769e-01
1,669789e-01
8,911082e-02
1,119113e-02
-6,671651e-02
-1,448720e-01
-2,217280e-01
-2,972294e-01
-3,712575e-01
-4,432288e-01
-5,126149e-01
-5,789407e-01
-6,420909e-01
-7,016163e-01
-7,571675e-01
-8,083451e-01
-8,549238e-01
-8,967245e-01
-9,333926e-01
-9,646716e-01
-9,905186e-01
-1,010844e+00
-1,025336e+00
-1,033975e+00
-1,036686e+00
-1,033627e+00
-1,024686e+00
-1,009837e+00
-9,892312e-01
-9,631139e-01
-9,315767e-01
-8,946074e-01
-8,526088e-01
-8,057668e-01
-7,543189e-01
-6,985836e-01
-6,388137e-01
-5,755362e-01
-5,089625e-01
-4,395162e-01
-3,674021e-01
-2,932862e-01
-2,177142e-01
-1,408083e-01
-6,255124e-02
1,462317e-02
9,328986e-02
1,710082e-01
2,473943e-01
3,224379e-01
3,958395e-01
4,670534e-01
5,353930e-01
6,007154e-01
6,627761e-01
7,209779e-01
7,750764e-01
8,247325e-01
8,697157e-01
9,099259e-01
9,447472e-01
9,742070e-01
9,982777e-01
1,016670e+00
1,029223e+00
1,035874e+00
1,036739e+00
1,031701e+00
1,020789e+00
1,003999e+00
9,815581e-01
9,535545e-01
9,202255e-01
8,815109e-01
8,378497e-01
7,894552e-01
7,365597e-01
6,794492e-01
6,185210e-01
5,540713e-01
4,865389e-01
4,160737e-01
3,432625e-01
2,686836e-01
1,926555e-01
1,152384e-01
3,664399e-02
-4,036863e-02
-1,189320e-01
-1,962528e-01
-2,721673e-01
-3,467616e-01
-4,194971e-01
-4,897644e-01
-5,571436e-01
-6,214109e-01
-6,822323e-01
-7,391243e-01
-7,917684e-01
-8,398996e-01
-8,833337e-01
-9,217728e-01
-9,548178e-01
-9,825203e-01
-1,004718e+00
-1,021147e+00
-1,031784e+00
-1,036459e+00
-1,035283e+00
-1,028335e+00
-1,015460e+00
-9,967751e-01
-9,724479e-01
-9,426508e-01
-9,074664e-01
-8,670908e-01
-8,218082e-01
-7,719697e-01
-7,175751e-01
-6,591426e-01
-5,969580e-01
-5,315324e-01
-4,629570e-01
-3,916759e-01
-3,182003e-01
-2,430449e-01
-1,665520e-01
-8,874593e-02
-1,082108e-02
6,706763e-02
1,452524e-01
2,220223e-01
2,975306e-01
3,716069e-01
4,435868e-01
5,128920e-01
5,792711e-01
6,424317e-01
7,019691e-01
7,575375e-01
8,086515e-01
8,552560e-01
8,970532e-01
9,337420e-01
9,650124e-01
9,908784e-01
1,011223e+00
1,025739e+00
1,034309e+00
1,037078e+00
1,034042e+00
1,025108e+00
1,010247e+00
9,896133e-01
9,635150e-01
9,319571e-01
8,949981e-01
8,529530e-01
8,060869e-01
7,546700e-01
6,989829e-01
6,392062e-01
5,759303e-01
5,093928e-01
4,399069e-01
3,677997e-01
2,936958e-01
2,182374e-01
1,411818e-01
6,288515e-02
-1,437188e-02
-9,286128e-02
-1,705675e-01
-2,470173e-01
-3,220506e-01
-3,954539e-01
-4,666162e-01
-5,349662e-01
-6,003195e-01
-6,623440e-01
-7,206302e-01
-7,747012e-01
-8,243642e-01
-8,693800e-01
-9,095507e-01
-9,444185e-01
-9,739109e-01
-9,979352e-01
-1,016333e+00
-1,028865e+00
-1,035528e+00
-1,036331e+00
-1,031335e+00
-1,020417e+00
-1,003656e+00
-9,811554e-01
-9,532275e-01
-9,198365e-01
-8,811615e-01
-8,375003e-01
-7,890903e-01
-7,362534e-01
-6,790894e-01
-6,181268e-01
-5,537391e-01
-4,861809e-01
-4,157432e-01
-3,429131e-01
-2,682757e-01
-1,922889e-01
-1,148993e-01
-3,631008e-02
4,073008e-02
1,192969e-01
1,966177e-01
2,725322e-01
3,470955e-01
4,198328e-01
4,900966e-01
5,574775e-01
6,217276e-01
6,825628e-01
7,395081e-01
7,920868e-01
8,402094e-01
8,836710e-01
9,221308e-01
9,552154e-01
9,828645e-01
1,005063e+00
1,021476e+00
1,032139e+00
1,036777e+00
1,035676e+00
1,028691e+00
1,015858e+00
9,971400e-01
9,728008e-01
9,430518e-01
9,078760e-01
8,674730e-01
8,222385e-01
7,723759e-01
7,180433e-01
6,595402e-01
5,974004e-01
5,319334e-01
4,633993e-01
3,920787e-01
3,186169e-01
2,435165e-01
1,669686e-01
8,912631e-02
1,119974e-02
-6,669585e-02
-1,448083e-01
-2,216781e-01
-2,972243e-01
-3,711801e-01
-4,432099e-01
-5,124944e-01
-5,788890e-01
-6,420220e-01
-7,016559e-01
-7,571520e-01
-8,082763e-01
-8,548567e-01
-8,966780e-01
-9,333633e-01
-9,646682e-01
-9,905272e-01
-1,010849e+00
-1,025299e+00
-1,033951e+00
-1,036722e+00
-1,033617e+00
-1,024744e+00
-1,009891e+00
-9,892828e-01
-9,631139e-01
-9,315853e-01
-8,946040e-01
-8,525968e-01
-8,057599e-01
-7,543637e-01
-6,985990e-01
-6,388516e-01
-5,755706e-01
-5,090658e-01
-4,395575e-01
-3,674606e-01
-2,933068e-01
-2,177452e-01
-1,407894e-01
-6,258223e-02
1,471268e-02
9,323306e-02
1,709703e-01
2,473754e-01
3,223897e-01
3,958446e-01
4,669364e-01
5,353414e-01
6,006482e-01
6,626952e-01
7,209400e-01
7,750454e-01
8,247411e-01
8,697311e-01
9,098571e-01
9,447558e-01
9,742139e-01
9,983173e-01
1,016663e+00
1,029195e+00
1,035887e+00
1,036693e+00
1,031693e+00
1,020808e+00
1,004002e+00
9,815754e-01
9,536233e-01
9,202014e-01
8,815230e-01
8,378669e-01
7,895171e-01
7,365907e-01
6,794733e-01
6,184917e-01
5,541298e-01
4,865906e-01
4,161649e-01
3,433124e-01
2,687473e-01
1,927002e-01
1,152917e-01
3,668874e-02
-4,032905e-02
-1,189028e-01
-1,962097e-01
-2,721466e-01
-3,467031e-01
-4,194748e-01
-4,897231e-01
-5,570765e-01
-6,213455e-01
-6,821945e-01
-7,391226e-01
-7,917254e-01
-8,398824e-01
-8,832734e-01
-9,217487e-01
-9,548075e-01
-9,825237e-01
-1,004705e+00
-1,021123e+00
-1,031743e+00
-1,036409e+00
-1,035302e+00
-1,028331e+00
-1,015433e+00
-9,967510e-01
-9,724823e-01
-9,427317e-01
-9,075438e-01
-8,671287e-01
-8,219270e-01
-7,719817e-01
-7,177162e-01
-6,592012e-01
-5,970062e-01
-5,315548e-01
-4,630207e-01
-3,917207e-01
-3,182468e-01
-2,431447e-01
-1,666467e-01
-8,878036e-02
-1,091574e-02
6,702288e-02
1,451835e-01
2,220240e-01
2,975547e-01
3,715381e-01
4,435627e-01
5,128834e-01
5,791971e-01
6,423886e-01
7,019588e-01
7,574911e-01
8,086618e-01
8,552663e-01
8,970704e-01
9,336869e-01
9,650554e-01
9,908611e-01
1,011152e+00
1,025689e+00
1,034276e+00
1,037049e+00
1,034023e+00
1,025080e+00
1,010261e+00
9,896701e-01
9,635064e-01
9,319313e-01
8,950308e-01
8,529548e-01
8,061300e-01
7,547303e-01
6,989863e-01
6,393008e-01
5,759510e-01
5,094582e-01
4,399259e-01
3,678065e-01
2,937406e-01
2,181703e-01
1,412403e-01
6,295572e-02
-1,431164e-02
-9,283030e-02
-1,705538e-01
-2,469709e-01
-3,219955e-01
-3,954281e-01
-4,666403e-01
-5,350143e-01
-6,002988e-01
-6,623234e-01
-7,205717e-01
-7,746943e-01
-8,243074e-01
-8,693508e-01
-9,094888e-01
-9,443789e-01
-9,738834e-01
-9,979713e-01
-1,016335e+00
-1,028805e+00
-1,035516e+00
-1,036380e+00
-1,031323e+00
-1,020393e+00
-1,003644e+00
-9,811881e-01
-9,532498e-01
-9,198916e-01
-8,811478e-01
-8,375054e-01
-7,891419e-01
-7,362379e-01
-6,791411e-01
-6,181148e-01
-5,537202e-01
-4,862033e-01
-4,157931e-01
-3,429320e-01
-2,683394e-01
-1,923181e-01
-1,149148e-01
-3,632557e-02
4,065091e-02
1,192935e-01
1,965609e-01
2,724977e-01
3,470628e-01
4,198207e-01
4,900605e-01
5,574414e-01
6,216880e-01
6,825525e-01
7,395047e-01
7,920421e-01
8,402301e-01
8,836486e-01
9,220809e-01
9,551604e-01
9,828473e-01
1,005035e+00
1,021522e+00
1,032073e+00
1,036822e+00
1,035672e+00
1,028731e+00
1,015853e+00
9,971865e-01
9,728472e-01
9,430501e-01
9,079018e-01
8,675315e-01
8,222764e-01
7,723827e-01
7,180725e-01
6,596297e-01
5,974279e-01
5,319524e-01
4,634131e-01
3,921251e-01
3,186134e-01
2,435199e-01
1,670529e-01
8,918483e-02
1,133743e-02
-6,667004e-02
-1,447791e-01
-2,216110e-01
-2,971537e-01
-3,711938e-01
-4,431651e-01
-5,124772e-01
-5,788701e-01
-6,420117e-01
-7,015939e-01
-7,571571e-01
-8,083004e-01
-8,548739e-01
-8,967348e-01
-9,333478e-01
-9,647095e-01
-9,905376e-01
-1,010835e+00
-1,025340e+00
-1,033942e+00
-1,036679e+00
-1,033655e+00
-1,024701e+00
-1,009887e+00
-9,893052e-01
-9,631742e-01
-9,315629e-01
-8,946470e-01
-8,526036e-01
-8,057066e-01
-7,543120e-01
-6,986386e-01
-6,388705e-01
-5,756205e-01
-5,090469e-01
-4,395472e-01
-3,674606e-01
-2,933533e-01
-2,177469e-01
-1,408823e-01
-6,258911e-02
1,462662e-02
9,320380e-02
1,709445e-01
2,472858e-01
3,223742e-01
3,957500e-01
4,669295e-01
5,352484e-01
6,006431e-01
6,626676e-01
7,208987e-01
7,750213e-01
8,247067e-01
8,697294e-01
9,098037e-01
9,447472e-01
9,742276e-01
9,982760e-01
1,016674e+00
1,029223e+00
1,035867e+00
1,036738e+00
1,031658e+00
1,020803e+00
1,004042e+00
9,815926e-01
9,535597e-01
9,202427e-01
8,815505e-01
8,379082e-01
7,895206e-01
7,366492e-01
6,795404e-01
6,185279e-01
5,541229e-01
4,866388e-01
4,161752e-01
3,433227e-01
2,687301e-01
1,927002e-01
1,153176e-01
3,672489e-02
-4,029290e-02
-1,188718e-01
-1,961822e-01
-2,721363e-01
-3,466807e-01
-4,194403e-01
-4,896835e-01
-5,570403e-01
-6,213369e-01
-6,821824e-01
-7,390916e-01
-7,917047e-01
-8,398221e-01
-8,832614e-01
-9,216816e-01
-9,548058e-01
-9,825461e-01
-1,004730e+00
-1,021182e+00
-1,031722e+00
-1,036460e+00
-1,035314e+00
-1,028361e+00
-1,015476e+00
-9,967906e-01
-9,724737e-01
-9,427386e-01
-9,075249e-01
-8,671511e-01
-8,219236e-01
-7,719266e-01
-7,176594e-01
-6,592235e-01
-5,970096e-01
-5,315961e-01
-4,630018e-01
-3,917740e-01
-3,182554e-01
-2,431585e-01
-1,667104e-01
-8,880790e-02
-1,090025e-02
6,702632e-02
1,452180e-01
2,220051e-01
2,975203e-01
3,714968e-01
4,435025e-01
5,128438e-01
5,792040e-01
6,423387e-01
7,019140e-01
7,574807e-01
8,085999e-01
8,552302e-01
8,970429e-01
9,336765e-01
9,649745e-01
9,908938e-01
1,011161e+00
1,025703e+00
1,034297e+00
1,037082e+00
1,034015e+00
1,025080e+00
1,010283e+00
9,896598e-01
9,635460e-01
9,319622e-01
8,950618e-01
8,529823e-01
8,062040e-01
7,547509e-01
6,990448e-01
6,392681e-01
5,759957e-01
5,094444e-01
4,399792e-01
3,678272e-01
2,937647e-01
2,182133e-01
1,412954e-01
6,303662e-02
-1,429271e-02
-9,284579e-02
-1,705194e-01
-2,468917e-01
-3,219663e-01
-3,954074e-01
-4,665319e-01
-5,349369e-01
-6,003005e-01
-6,623096e-01
-7,205648e-01
-7,746168e-01
-8,242833e-01
-8,693336e-01
-9,094354e-01
-9,443565e-01
-9,738524e-01
-9,979232e-01
-1,016295e+00
-1,028873e+00
-1,035526e+00
-1,036316e+00
-1,031347e+00
-1,020440e+00
-1,003650e+00
-9,811846e-01
-9,532584e-01
-9,198554e-01
-8,811615e-01
-8,374762e-01
-7,891419e-01
-7,363102e-01
-6,791514e-01
-6,181888e-01
-5,537391e-01
-4,862067e-01
-4,158155e-01
-3,429630e-01
-2,683428e-01
-1,923491e-01
-1,149492e-01
-3,637205e-02
4,066296e-02
1,192728e-01
1,965316e-01
2,724788e-01
3,470594e-01
4,197570e-01
4,900261e-01
5,574173e-01
6,216794e-01
6,824974e-01
7,394186e-01
7,920903e-01
8,402283e-01
8,836572e-01
9,220792e-01
9,551569e-01
9,828662e-01
1,005042e+00
1,021469e+00
1,032114e+00
1,036756e+00
1,035695e+00
1,028712e+00
1,015860e+00
9,971796e-01
9,728662e-01
9,430863e-01
9,079810e-01
8,675091e-01
8,222661e-01
7,724137e-01
7,180932e-01
6,596573e-01
5,974572e-01
5,320178e-01
4,634389e-01
3,921458e-01
3,186874e-01
2,435268e-01
1,670632e-01
8,923131e-02
1,133055e-02
-6,660463e-02
-1,447670e-01
-2,215851e-01
-2,971416e-01
-3,711508e-01
-4,431359e-01
-5,124410e-01
-5,788133e-01
-6,420014e-01
-7,016025e-01
-7,571589e-01
-8,082815e-01
-8,548842e-01
-8,967004e-01
-9,333547e-01
-9,646441e-01
-9,905307e-01
-1,010803e+00
-1,025340e+00
-1,033946e+00
-1,036693e+00
-1,033633e+00
-1,024684e+00
-1,009958e+00
-9,893310e-01
-9,631501e-01
-9,316197e-01
-8,946246e-01
-8,526277e-01
-8,057875e-01
-7,543757e-01
-6,986576e-01
-6,388826e-01
-5,755964e-01
-5,090985e-01
-4,396143e-01
-3,674571e-01
-2,934445e-01
-2,178226e-01
-1,409357e-01
-6,259944e-02
1,460596e-02
9,314184e-02
1,708997e-01
2,473082e-01
3,223226e-01
3,957775e-01
4,668865e-01
5,352588e-01
6,005949e-01
6,626418e-01
7,208935e-01
7,750024e-01
8,246706e-01
8,697346e-01
9,098055e-01
9,447076e-01
9,742156e-01
9,982760e-01
1,016653e+00
1,029226e+00
1,035875e+00
1,036693e+00
1,031703e+00
1,020774e+00
1,004042e+00
9,815736e-01
9,536578e-01
9,202324e-01
8,815694e-01
8,379013e-01
7,895360e-01
7,366751e-01
6,795783e-01
6,185950e-01
5,541660e-01
4,866474e-01
4,161925e-01
3,433554e-01
2,687748e-01
1,927484e-01
1,153761e-01
3,676964e-02
-4,025676e-02
-1,188374e-01
-1,961202e-01
-2,720881e-01
-3,466601e-01
-4,193956e-01
-4,896371e-01
-5,570128e-01
-6,213214e-01
-6,821084e-01
-7,390864e-01
-7,917168e-01
-8,398394e-01
-8,832545e-01
-9,217006e-01
-9,548006e-01
-9,825289e-01
-1,004681e+00
-1,021140e+00
-1,031793e+00
-1,036447e+00
-1,035293e+00
-1,028312e+00
-1,015529e+00
-9,968268e-01
-9,725099e-01
-9,426628e-01
-9,075455e-01
-8,671855e-01
-8,219287e-01
-7,719731e-01
-7,177007e-01
-6,592373e-01
-5,970355e-01
-5,315857e-01
-4,630345e-01
-3,917964e-01
-3,182933e-01
-2,432273e-01
-1,667224e-01
-8,884404e-02
-1,092263e-02
6,692821e-02
1,451250e-01
2,219414e-01
2,974738e-01
3,714985e-01
4,434526e-01
5,127784e-01
5,791472e-01
6,423181e-01
7,019244e-01
7,574876e-01
8,085758e-01
8,551889e-01
8,970033e-01
9,336869e-01
9,650313e-01
9,908784e-01
1,011181e+00
1,025703e+00
1,034293e+00
1,037080e+00
1,034028e+00
1,025145e+00
1,010221e+00
9,896546e-01
9,635718e-01
9,320036e-01
8,950635e-01
8,529926e-01
8,061799e-01
7,547802e-01
6,990793e-01
6,393043e-01
5,759940e-01
5,095253e-01
4,399448e-01
3,679012e-01
2,937991e-01
2,182908e-01
1,413264e-01
6,305727e-02
-1,424107e-02
-9,275113e-02
-1,704815e-01
-2,469192e-01
-3,219301e-01
-3,953799e-01
-4,665164e-01
-5,348835e-01
-6,002283e-01
-6,622614e-01
-7,204856e-01
-7,745962e-01
-8,242695e-01
-8,692957e-01
-9,094715e-01
-9,444047e-01
-9,738541e-01
-9,979128e-01
-1,016281e+00
-1,028824e+00
-1,035588e+00
-1,036326e+00
-1,031349e+00
-1,020395e+00
-1,003687e+00
-9,812587e-01
-9,532361e-01
-9,198658e-01
-8,811942e-01
-8,375020e-01
-7,891729e-01
-7,362930e-01
-6,791910e-01
-6,181475e-01
-5,537752e-01
-4,862567e-01
-4,158035e-01
-3,430077e-01
-2,683893e-01
-1,923181e-01
-1,150164e-01
-3,636516e-02
4,061132e-02
1,191971e-01
1,964817e-01
2,723962e-01
3,470181e-01
4,197140e-01
4,899968e-01
5,573914e-01
6,216518e-01
6,824664e-01
7,394083e-01
7,919905e-01
8,401784e-01
8,836314e-01
9,220259e-01
9,551242e-01
9,828008e-01
1,005054e+00
1,021541e+00
1,032099e+00
1,036810e+00
1,035674e+00
1,028750e+00
1,015880e+00
9,972106e-01
9,728817e-01
9,431035e-01
9,079397e-01
8,675538e-01
8,223091e-01
7,724344e-01
7,181431e-01
6,596332e-01
5,974778e-01
5,320195e-01
4,635112e-01
3,921837e-01
3,186909e-01
2,436042e-01
1,671372e-01
8,924680e-02
1,140284e-02
-6,655988e-02
-1,446930e-01
-2,215679e-01
-2,970642e-01
-3,710871e-01
-4,431548e-01
-5,124238e-01
-5,787995e-01
-6,419583e-01
-7,015199e-01
-7,570694e-01
-8,082333e-01
-8,548309e-01
-8,966246e-01
-9,333306e-01
-9,646751e-01
-9,905014e-01
-1,010794e+00
-1,025292e+00
-1,033954e+00
-1,036710e+00
-1,033619e+00
-1,024786e+00
-1,009939e+00
-9,893069e-01
-9,632000e-01
-9,316215e-01
-8,946969e-01
-8,526484e-01
-8,058598e-01
-7,544153e-01
-6,987247e-01
-6,389549e-01
-5,756721e-01
-5,091484e-01
-4,396367e-01
-3,675329e-01
-2,934291e-01
-2,178812e-01
-1,409529e-01
-6,271648e-02
1,461113e-02
9,312290e-02
1,708928e-01
2,472359e-01
3,223191e-01
3,957138e-01
4,668641e-01
5,352347e-01
6,005501e-01
6,626022e-01
7,209090e-01
7,749645e-01
8,246396e-01
8,696743e-01
9,097900e-01
9,447093e-01
9,741571e-01
9,982674e-01
1,016629e+00
1,029242e+00
1,035856e+00
1,036724e+00
1,031662e+00
1,020796e+00
1,004035e+00
9,815908e-01
9,536302e-01
9,202720e-01
8,816004e-01
8,379512e-01
7,895739e-01
7,367353e-01
6,795937e-01
6,186432e-01
5,542073e-01
4,866801e-01
4,162579e-01
3,433726e-01
2,688092e-01
1,927467e-01
1,154260e-01
3,677997e-02
-4,020856e-02
-1,187685e-01
-1,960858e-01
-2,720571e-01
-3,466601e-01
-4,193956e-01
-4,896491e-01
-5,570180e-01
-6,212594e-01
-6,821325e-01
-7,390417e-01
-7,916755e-01
-8,398376e-01
-8,832476e-01
-9,217246e-01
-9,548006e-01
-9,824790e-01
-1,004632e+00
-1,021114e+00
-1,031712e+00
-1,036485e+00
-1,035318e+00
-1,028379e+00
-1,015484e+00
-9,968233e-01
-9,725219e-01
-9,427541e-01
-9,075800e-01
-8,671752e-01
-8,219029e-01
-7,720385e-01
-7,177782e-01
-6,592803e-01
-5,971353e-01
-5,317011e-01
-4,631205e-01
-3,918704e-01
-3,183449e-01
-2,432032e-01
-1,667878e-01
-8,892494e-02
-1,104828e-02
6,696092e-02
1,450648e-01
2,219173e-01
2,973964e-01
3,714537e-01
4,434405e-01
5,127818e-01
5,791868e-01
6,423439e-01
7,018882e-01
7,574016e-01
8,085930e-01
8,552026e-01
8,969758e-01
9,336765e-01
9,649728e-01
9,908818e-01
1,011156e+00
1,025686e+00
1,034295e+00
1,037023e+00
1,034006e+00
1,025064e+00
1,010271e+00
9,896959e-01
9,635838e-01
9,320139e-01
8,950807e-01
8,530167e-01
8,062057e-01
7,548456e-01
6,990930e-01
6,393886e-01
5,760233e-01
5,095925e-01
4,400704e-01
3,679150e-01
2,938628e-01
2,182908e-01
1,413883e-01
6,308137e-02
-1,418944e-02
-9,274941e-02
-1,704591e-01
-2,468814e-01
-3,219232e-01
-3,953231e-01
-4,665130e-01
-5,348629e-01
-6,001990e-01
-6,622253e-01
-7,205390e-01
-7,746272e-01
-8,243040e-01
-8,692974e-01
-9,094750e-01
-9,443341e-01
-9,738524e-01
-9,978732e-01
-1,016243e+00
-1,028855e+00
-1,035545e+00
-1,036314e+00
-1,031336e+00
-1,020496e+00
-1,003684e+00
-9,812535e-01
-9,533066e-01
-9,199122e-01
-8,812510e-01
-8,375295e-01
-7,892056e-01
-7,363326e-01
-6,792306e-01
-6,182955e-01
-5,538200e-01
-4,863565e-01
-4,159136e-01
-3,430490e-01
-2,684512e-01
-1,924266e-01
-1,149974e-01
