4.168302e-02
1.201786e-01
1.973834e-01
2.733490e-01
3.478691e-01
4.205820e-01
4.908167e-01
5.582289e-01
6.224056e-01
6.831919e-01
7.400543e-01
7.925797e-01
8.406821e-01
8.840173e-01
9.224476e-01
9.554223e-01
9.830618e-01
1.005142e+00
1.021578e+00
1.032076e+00
1.036723e+00
1.035501e+00
1.028445e+00
1.015606e+00
9.968472e-01
9.724259e-01
9.426351e-01
9.073543e-01
8.668932e-01
8.216305e-01
7.716349e-01
7.172680e-01
6.588223e-01
5.966076e-01
5.310713e-01
4.623511e-01
3.911354e-01
3.176136e-01
2.425428e-01
1.660437e-01
8.815046e-02
1.032610e-02
-6.768758e-02
-1.458045e-01
-2.227340e-01
-2.982005e-01
-3.721870e-01
-4.441255e-01
-5.134308e-01
-5.797416e-01
-6.428169e-01
-7.024501e-01
-7.578324e-01
-8.089810e-01
-8.555517e-01
-8.973036e-01
-9.338752e-01
-9.650772e-01
-9.909096e-01
-1.011149e+00
-1.025605e+00
-1.034124e+00
-1.036826e+00
-1.033694e+00
-1.024676e+00
-1.009806e+00
-9.891542e-01
-9.629087e-01
-9.312936e-01
-8.942746e-01
-8.520580e-01
-8.052292e-01
-7.537536e-01
-6.979582e-01
-6.381529e-01
-5.749055e-01
-5.083194e-01
-4.388592e-01
-3.667142e-01
-2.925556e-01
-2.169685e-01
-1.399703e-01
-6.164681e-02
1.554078e-02
9.405355e-02
1.717919e-01
2.481189e-01
3.232241e-01
3.965050e-01
4.676690e-01
5.360794e-01
6.013404e-01
6.632797e-01
7.215017e-01
7.755589e-01
8.252102e-01
8.701459e-01
9.102284e-01
9.450273e-01
9.744223e-01
9.984477e-01
1.016725e+00
1.029254e+00
1.035845e+00
1.036585e+00
1.031474e+00
1.020546e+00
1.003662e+00
9.811687e-01
9.531505e-01
9.197456e-01
8.809883e-01
8.371712e-01
7.887591e-01
7.358550e-01
6.787173e-01
6.177244e-01
5.532035e-01
4.855504e-01
4.151436e-01
3.423274e-01
2.676697e-01
1.916868e-01
1.142755e-01
3.569388e-02
-4.133882e-02
-1.199204e-01
-1.972285e-01
-2.731942e-01
-3.476797e-01
-4.203927e-01
-4.905757e-01
-5.579880e-01
-6.221647e-01
-6.829338e-01
-7.399166e-01
-7.924420e-01
-8.405444e-01
-8.839657e-01
-9.222583e-01
-9.552502e-01
-9.828553e-01
-1.005056e+00
-1.021389e+00
-1.031939e+00
-1.036637e+00
-1.035364e+00
-1.028325e+00
-1.015417e+00
-9.965890e-01
-9.722710e-01
-9.424286e-01
-9.071650e-01
-8.666867e-01
-8.213723e-01
-7.714456e-01
-7.170271e-01
-6.585125e-01
-5.963494e-01
-5.308647e-01
-4.623339e-01
-3.909633e-01
-3.174415e-01
-2.423191e-01
-1.657855e-01
-8.790952e-02
-1.005074e-02
6.784247e-02
1.460110e-01
2.227856e-01
2.983038e-01
3.723075e-01
4.442116e-01
5.135685e-01
5.799653e-01
6.430578e-01
7.025361e-01
7.579873e-01
8.091359e-01
8.556550e-01
8.974585e-01
9.339956e-01
9.652493e-01
9.910817e-01
1.011286e+00
1.025709e+00
1.034262e+00
1.036964e+00
1.033849e+00
1.024796e+00
1.009927e+00
9.892747e-01
9.631152e-01
9.314313e-01
8.944983e-01
8.523678e-01
8.054873e-01
7.540462e-01
6.981992e-01
6.384111e-01
5.750432e-01
5.085087e-01
4.388936e-01
3.668691e-01
2.927965e-01
2.172095e-01
1.402801e-01
6.200822e-02
-1.529984e-02
-9.381261e-02
-1.716026e-01
-2.479296e-01
-3.230176e-01
-3.963845e-01
-4.675141e-01
-5.358213e-01
-6.011166e-01
-6.630216e-01
-7.213985e-01
-7.753868e-01
-8.250209e-01
-8.699566e-01
-9.100735e-01
-9.448552e-01
-9.743018e-01
-9.982584e-01
-1.016570e+00
-1.029133e+00
-1.035673e+00
-1.036431e+00
-1.031371e+00
-1.020356e+00
-1.003525e+00
-9.809450e-01
-9.529268e-01
-9.194358e-01
-8.807474e-01
-8.369991e-01
-7.885697e-01
-7.355796e-01
-6.784591e-01
-6.175007e-01
-5.530142e-01
-4.854987e-01
-4.150059e-01
-3.421725e-01
-2.675320e-01
-1.914287e-01
-1.139657e-01
-3.540131e-02
4.156255e-02
1.200925e-01
1.973490e-01
2.733146e-01
3.478691e-01
4.204960e-01
4.907134e-01
5.581773e-01
6.223712e-01
6.831403e-01
7.400027e-01
7.925625e-01
8.406649e-01
8.840517e-01
9.224132e-01
9.554567e-01
9.830446e-01
1.005160e+00
1.021561e+00
1.032111e+00
1.036723e+00
1.035553e+00
1.028497e+00
1.015606e+00
9.968127e-01
9.724431e-01
9.426179e-01
9.074231e-01
8.669104e-01
8.216649e-01
7.716349e-01
7.173369e-01
6.588051e-01
5.965387e-01
5.310540e-01
4.624199e-01
3.911526e-01
3.176136e-01
2.425428e-01
1.660437e-01
8.821930e-02
1.029168e-02
-6.763595e-02
-1.458561e-01
-2.226479e-01
-2.981833e-01
-3.720838e-01
-4.440567e-01
-5.133792e-01
-5.797244e-01
-6.427996e-01
-7.023984e-01
-7.577808e-01
-8.089294e-01
-8.554140e-01
-8.972175e-01
-9.338235e-01
-9.650772e-01
-9.909269e-01
-1.011114e+00
-1.025588e+00
-1.034193e+00
-1.036809e+00
-1.033625e+00
-1.024710e+00
-1.009738e+00
-9.891542e-01
-9.628571e-01
-9.313108e-01
-8.942746e-01
-8.521441e-01
-8.052636e-01
-7.538052e-01
-6.979926e-01
-6.381701e-01
-5.749055e-01
-5.083711e-01
-4.387904e-01
-3.666970e-01
-2.925384e-01
-2.170202e-01
-1.399358e-01
-6.164681e-02
1.552357e-02
9.405355e-02
1.717574e-01
2.480845e-01
3.231553e-01
3.964878e-01
4.676174e-01
5.360794e-01
6.013059e-01
6.632970e-01
7.214845e-01
7.755072e-01
8.251758e-01
8.700771e-01
9.101251e-01
9.450101e-01
9.744223e-01
9.984477e-01
1.016759e+00
1.029271e+00
1.035794e+00
1.036603e+00
1.031457e+00
1.020580e+00
1.003680e+00
9.812203e-01
9.531678e-01
9.197972e-01
8.809539e-01
8.372401e-01
7.888623e-01
7.359238e-01
6.787517e-01
6.177244e-01
5.532724e-01
4.855676e-01
4.151608e-01
3.423446e-01
2.677213e-01
1.917557e-01
1.143271e-01
3.571109e-02
-4.128718e-02
-1.198860e-01
-1.972457e-01
-2.731425e-01
-3.476797e-01
-4.203927e-01
-4.906274e-01
-5.579191e-01
-6.221475e-01
-6.828649e-01
-7.398650e-01
-7.924764e-01
-8.404584e-01
-8.838280e-01
-9.222067e-01
-9.552674e-01
-9.829069e-01
-1.004988e+00
-1.021406e+00
-1.031921e+00
-1.036551e+00
-1.035329e+00
-1.028359e+00
-1.015348e+00
-9.966923e-01
-9.722022e-01
-9.424458e-01
-9.071994e-01
-8.667211e-01
-8.213895e-01
-7.714628e-01
-7.170615e-01
-6.585469e-01
-5.964183e-01
-5.309164e-01
-4.623511e-01
-3.909805e-01
-3.174931e-01
-2.424052e-01
-1.658199e-01
-8.782347e-02
-1.006795e-02
6.792852e-02
1.459938e-01
2.227684e-01
2.982349e-01
3.722559e-01
4.441427e-01
5.135341e-01
5.798449e-01
6.429717e-01
7.025878e-01
7.579873e-01
8.091359e-01
8.556550e-01
8.973552e-01
9.339956e-01
9.652149e-01
9.910473e-01
1.011304e+00
1.025726e+00
1.034262e+00
1.036947e+00
1.033797e+00
1.024796e+00
1.009979e+00
9.892403e-01
9.631497e-01
9.314485e-01
8.945327e-01
8.524022e-01
8.055045e-01
7.540462e-01
6.982164e-01
6.384627e-01
5.751121e-01
5.085087e-01
4.389625e-01
3.668863e-01
2.928310e-01
2.171923e-01
1.403145e-01
6.200822e-02
-1.523100e-02
-9.376098e-02
-1.715681e-01
-2.480157e-01
-3.230176e-01
-3.963845e-01
-4.674797e-01
-5.357868e-01
-6.010822e-01
-6.630216e-01
-7.213640e-01
-7.754040e-01
-8.249520e-01
-8.699394e-01
-9.100047e-01
-9.448897e-01
-9.742502e-01
-9.982240e-01
-1.016484e+00
-1.028996e+00
-1.035673e+00
-1.036448e+00
-1.031302e+00
-1.020391e+00
-1.003490e+00
-9.810310e-01
-9.529268e-01
-9.195047e-01
-8.807646e-01
-8.370164e-01
-7.886386e-01
-7.356657e-01
-6.784591e-01
-6.175351e-01
-5.530658e-01
-4.855504e-01
-4.150575e-01
-3.422069e-01
-2.676181e-01
-1.914975e-01
-1.140346e-01
-3.545294e-02
4.154534e-02
1.200237e-01
1.973662e-01
2.731942e-01
3.477830e-01
4.204787e-01
4.906618e-01
5.581773e-01
6.223712e-01
6.831231e-01
7.400199e-01
7.925797e-01
8.406649e-01
8.840001e-01
9.223616e-01
9.554051e-01
9.830790e-01
1.005177e+00
1.021527e+00
1.032059e+00
1.036671e+00
1.035587e+00
1.028479e+00
1.015537e+00
9.967783e-01
9.724259e-01
9.425835e-01
9.074231e-01
8.669965e-01
8.216133e-01
7.716866e-01
7.173025e-01
6.588223e-01
5.966248e-01
5.311057e-01
4.624371e-01
3.911354e-01
3.176480e-01
2.425945e-01
1.661125e-01
8.828814e-02
1.037773e-02
-6.758432e-02
-1.457529e-01
-2.226307e-01
-2.981833e-01
-3.721010e-01
-4.440911e-01
-5.132932e-01
-5.796900e-01
-6.427308e-01
-7.023468e-01
-7.577808e-01
-8.089122e-01
-8.554312e-01
-8.971831e-01
-9.338407e-01
-9.650772e-01
-9.908924e-01
-1.011132e+00
-1.025536e+00
-1.034193e+00
-1.036826e+00
-1.033711e+00
-1.024607e+00
-1.009910e+00
-9.891026e-01
-9.628915e-01
-9.312764e-01
-8.942918e-01
-8.520752e-01
-8.052464e-01
-7.537708e-01
-6.980099e-01
-6.382390e-01
-5.749400e-01
-5.084571e-01
-4.388764e-01
-3.667142e-01
-2.925900e-01
-2.170030e-01
-1.400391e-01
-6.168123e-02
1.542031e-02
9.401913e-02
1.717230e-01
2.480845e-01
3.231553e-01
3.964534e-01
4.676002e-01
5.359762e-01
6.012199e-01
6.632281e-01
7.214845e-01
7.754900e-01
8.251069e-01
8.701803e-01
9.102112e-01
9.450101e-01
9.744739e-01
9.984477e-01
1.016708e+00
1.029254e+00
1.035828e+00
1.036585e+00
1.031526e+00
1.020546e+00
1.003731e+00
9.811687e-01
9.531678e-01
9.197284e-01
8.810227e-01
8.372573e-01
7.888451e-01
7.359238e-01
6.787517e-01
6.177072e-01
5.532724e-01
4.855504e-01
4.152469e-01
3.423790e-01
2.677213e-01
1.917040e-01
1.143443e-01
3.579714e-02
-4.125276e-02
-1.198172e-01
-1.971769e-01
-2.730565e-01
-3.476281e-01
-4.203755e-01
-4.905930e-01
-5.578675e-01
-6.221130e-01
-6.828821e-01
-7.398478e-01
-7.924248e-01
-8.404412e-01
-8.838280e-01
-9.222239e-01
-9.552674e-01
-9.828553e-01
-1.005005e+00
-1.021389e+00
-1.032025e+00
-1.036568e+00
-1.035346e+00
-1.028307e+00
-1.015417e+00
-9.966062e-01
-9.723571e-01
-9.424286e-01
-9.072338e-01
-8.667555e-01
-8.213895e-01
-7.714800e-01
-7.170787e-01
-6.585642e-01
-5.963838e-01
-5.308992e-01
-4.623511e-01
-3.910321e-01
-3.174759e-01
-2.423535e-01
-1.658371e-01
-8.790952e-02
-1.011958e-02
6.785968e-02
1.459422e-01
2.227856e-01
2.981833e-01
3.722214e-01
4.442116e-01
5.135169e-01
5.798965e-01
6.429545e-01
7.024673e-01
7.580045e-01
8.091015e-01
8.556033e-01
8.973724e-01
9.339784e-01
9.652321e-01
9.910129e-01
1.011252e+00
1.025709e+00
1.034279e+00
1.036981e+00
1.033849e+00
1.024917e+00
1.009961e+00
9.893607e-01
9.631324e-01
9.315518e-01
8.945499e-01
8.524022e-01
8.054873e-01
7.540634e-01
6.982680e-01
6.384455e-01
5.750777e-01
5.085776e-01
4.389625e-01
3.668691e-01
2.927965e-01
2.172611e-01
1.402628e-01
6.207706e-02
-1.526542e-02
-9.377819e-02
-1.715853e-01
-2.479468e-01
-3.230176e-01
-3.963673e-01
-4.674625e-01
-5.357868e-01
-6.010478e-01
-6.629872e-01
-7.212952e-01
-7.753351e-01
-8.249004e-01
-8.699050e-01
-9.099702e-01
-9.448380e-01
-9.742846e-01
-9.981723e-01
-1.016536e+00
-1.029047e+00
-1.035708e+00
-1.036413e+00
-1.031319e+00
-1.020322e+00
-1.003559e+00
-9.810482e-01
-9.530129e-01
-9.195735e-01
-8.808334e-01
-8.370164e-01
-7.886386e-01
-7.356657e-01
-6.785624e-01
-6.175179e-01
-5.531347e-01
-4.855848e-01
-4.151264e-01
-3.422069e-01
-2.675664e-01
-1.915147e-01
-1.140690e-01
-3.543573e-02
4.149371e-02
1.200409e-01
1.972801e-01
2.732114e-01
3.478002e-01
4.204787e-01
4.906962e-01
5.581084e-01
6.223023e-01
6.830542e-01
7.399854e-01
7.925281e-01
8.406133e-01
8.839829e-01
9.223788e-01
9.554223e-01
9.830102e-01
1.005160e+00
1.021527e+00
1.032042e+00
1.036706e+00
1.035484e+00
1.028462e+00
1.015589e+00
9.967611e-01
9.725464e-01
9.426523e-01
9.074576e-01
8.670309e-01
8.216649e-01
7.717554e-01
7.173025e-01
6.588567e-01
5.966592e-01
5.311057e-01
4.624027e-01
3.911526e-01
3.177168e-01
2.426117e-01
1.661125e-01
8.825372e-02
1.039494e-02
-6.761874e-02
-1.457529e-01
-2.226307e-01
-2.981145e-01
-3.720838e-01
-4.440222e-01
-5.133276e-01
-5.796556e-01
-6.427308e-01
-7.023296e-01
-7.577808e-01
-8.089294e-01
-8.554312e-01
-8.972003e-01
-9.338235e-01
-9.650428e-01
-9.908580e-01
-1.011063e+00
-1.025536e+00
-1.034176e+00
-1.036861e+00
-1.033711e+00
-1.024659e+00
-1.009841e+00
-9.891370e-01
-9.629259e-01
-9.313625e-01
-8.942918e-01
-8.521613e-01
-8.052636e-01
-7.537708e-01
-6.981303e-01
-6.382734e-01
-5.749572e-01
-5.084399e-01
-4.389797e-01
-3.667486e-01
-2.926072e-01
-2.170546e-01
-1.400735e-01
-6.169844e-02
1.540310e-02
9.396750e-02
1.716886e-01
2.480157e-01
3.231036e-01
3.964878e-01
4.675830e-01
5.359589e-01
6.012543e-01
6.632453e-01
7.214673e-01
7.755072e-01
8.251241e-01
8.700943e-01
9.101596e-01
9.449757e-01
9.744051e-01
9.984305e-01
1.016725e+00
1.029237e+00
1.035811e+00
1.036637e+00
1.031440e+00
1.020597e+00
1.003680e+00
9.812375e-01
9.532366e-01
9.197800e-01
8.810055e-01
8.372745e-01
7.888967e-01
7.359755e-01
6.787517e-01
6.178105e-01
5.532896e-01
4.856536e-01
4.152641e-01
3.424479e-01
2.677730e-01
1.917901e-01
1.143788e-01
3.581435e-02
-4.121834e-02
-1.198172e-01
-1.971769e-01
-2.730909e-01
-3.476453e-01
-4.202894e-01
-4.904553e-01
-5.579191e-01
-6.221130e-01
-6.828821e-01
-7.397961e-01
-7.924076e-01
-8.404756e-01
-8.838624e-01
-9.222239e-01
-9.551986e-01
-9.829069e-01
-1.005022e+00
-1.021389e+00
-1.031921e+00
-1.036585e+00
-1.035364e+00
-1.028342e+00
-1.015365e+00
-9.966406e-01
-9.722710e-01
-9.424630e-01
-9.072510e-01
-8.667727e-01
-8.214239e-01
-7.715489e-01
-7.171820e-01
-6.586502e-01
-5.964355e-01
-5.308992e-01
-4.623683e-01
-3.910321e-01
-3.174931e-01
-2.424052e-01
-1.658888e-01
-8.796115e-02
-1.013679e-02
6.772200e-02
1.459594e-01
2.226823e-01
2.982177e-01
3.721698e-01
4.440911e-01
5.134481e-01
5.798621e-01
6.429373e-01
7.024845e-01
7.579529e-01
8.090670e-01
8.555861e-01
8.973208e-01
9.340473e-01
9.651977e-01
9.909957e-01
1.011269e+00
1.025726e+00
1.034228e+00
1.036964e+00
1.033901e+00
1.024848e+00
1.009944e+00
9.893435e-01
9.631841e-01
9.315174e-01
8.945499e-01
8.524711e-01
8.055562e-01
7.540806e-01
6.983541e-01
6.385832e-01
5.752325e-01
5.085776e-01
4.390485e-01
3.669207e-01
2.928137e-01
2.172611e-01
1.403661e-01
6.204264e-02
-1.521379e-02
-9.374377e-02
-1.715165e-01
-2.479124e-01
-3.229143e-01
-3.963501e-01
-4.674625e-01
-5.357352e-01
-6.010650e-01
-6.630388e-01
-7.213124e-01
-7.753523e-01
-8.249004e-01
-8.698706e-01
-9.099702e-01
-9.448380e-01
-9.742330e-01
-9.982584e-01
-1.016553e+00
-1.029047e+00
-1.035656e+00
-1.036396e+00
-1.031336e+00
-1.020373e+00
-1.003594e+00
-9.810826e-01
-9.530129e-01
-9.195907e-01
-8.808334e-01
-8.370852e-01
-7.886386e-01
-7.357345e-01
-6.785624e-01
-6.175695e-01
-5.531863e-01
-4.856364e-01
-4.151264e-01
-3.422069e-01
-2.676008e-01
-1.915319e-01
-1.140690e-01
-3.548736e-02
4.152813e-02
1.200065e-01
1.972973e-01
2.731253e-01
3.477486e-01
4.204099e-01
4.906446e-01
5.580912e-01
6.222507e-01
6.830198e-01
7.399338e-01
7.924937e-01
8.406133e-01
8.840001e-01
9.223616e-01
9.553707e-01
9.829930e-01
1.005160e+00
1.021509e+00
1.032094e+00
1.036671e+00
1.035570e+00
1.028445e+00
1.015641e+00
9.968299e-01
9.725120e-01
9.426696e-01
9.074920e-01
8.669793e-01
8.216821e-01
7.718243e-01
7.174057e-01
6.588739e-01
5.967108e-01
5.311401e-01
4.625404e-01
3.912559e-01
3.177513e-01
2.426805e-01
1.661986e-01
8.828814e-02
1.046378e-02
-6.749827e-02
-1.457529e-01
-2.225963e-01
-2.981145e-01
-3.721010e-01
-4.440050e-01
-5.132932e-01
-5.796211e-01
-6.426964e-01
-7.022952e-01
-7.577463e-01
-8.089294e-01
-8.553968e-01
-8.972347e-01
-9.337375e-01
-9.650428e-01
-9.908408e-01
-1.011132e+00
-1.025571e+00
-1.034142e+00
-1.036792e+00
-1.033677e+00
-1.024642e+00
-1.009824e+00
-9.891714e-01
-9.629431e-01
-9.313625e-01
-8.943262e-01
-8.521957e-01
-8.052636e-01
-7.538568e-01
-6.981131e-01
-6.383594e-01
-5.750260e-01
-5.084743e-01
-4.389452e-01
-3.668347e-01
-2.926761e-01
-2.171062e-01
-1.400563e-01
-6.173286e-02
1.543752e-02
9.396750e-02
1.716542e-01
2.480329e-01
3.230176e-01
3.965222e-01
4.675658e-01
5.359762e-01
6.012371e-01
6.632109e-01
7.213985e-01
7.754728e-01
8.250897e-01
8.700771e-01
9.101423e-01
9.449929e-01
9.743707e-01
9.984133e-01
1.016690e+00
1.029202e+00
1.035777e+00
1.036585e+00
1.031526e+00
1.020546e+00
1.003748e+00
9.811859e-01
9.532022e-01
9.198145e-01
8.810744e-01
8.373089e-01
7.888967e-01
7.359755e-01
6.788205e-01
6.178277e-01
5.533756e-01
4.856192e-01
4.153329e-01
3.424479e-01
2.678762e-01
1.918417e-01
1.144132e-01
3.584877e-02
-4.121834e-02
-1.198000e-01
-1.970736e-01
-2.730565e-01
-3.475765e-01
-4.202894e-01
-4.905413e-01
-5.578503e-01
-6.220958e-01
-6.828305e-01
-7.397961e-01
-7.923560e-01
-8.404240e-01
-8.838280e-01
-9.222067e-01
-9.552158e-01
-9.828553e-01
-1.005005e+00
-1.021354e+00
-1.031904e+00
-1.036603e+00
-1.035364e+00
-1.028359e+00
-1.015400e+00
-9.966751e-01
-9.723055e-01
-9.424630e-01
-9.072166e-01
-8.667727e-01
-8.214239e-01
-7.714628e-01
-7.171476e-01
-6.586502e-01
-5.964699e-01
-5.310196e-01
-4.624888e-01
-3.911354e-01
-3.175792e-01
-2.424740e-01
-1.659748e-01
-8.801278e-02
-1.017121e-02
6.779084e-02
1.458561e-01
2.227512e-01
2.982177e-01
3.722042e-01
4.441255e-01
5.134481e-01
5.798104e-01
6.429545e-01
7.024329e-01
7.580045e-01
8.090670e-01
8.556205e-01
8.973552e-01
9.339612e-01
9.651977e-01
9.909957e-01
1.011269e+00
1.025709e+00
1.034245e+00
1.036964e+00
1.033780e+00
1.024917e+00
1.009944e+00
9.893435e-01
9.632013e-01
9.314829e-01
8.945327e-01
8.524022e-01
8.055562e-01
7.541150e-01
6.983368e-01
6.386176e-01
5.751637e-01
5.086636e-01
4.390657e-01
3.670068e-01
2.929170e-01
2.173472e-01
1.404349e-01
6.216311e-02
-1.512773e-02
-9.372656e-02
-1.714821e-01
-2.478608e-01
-3.229315e-01
-3.962985e-01
-4.674281e-01
-5.356664e-01
-6.010134e-01
-6.629355e-01
-7.213124e-01
-7.753007e-01
-8.248660e-01
-8.699222e-01
-9.099702e-01
-9.447520e-01
-9.742674e-01
-9.982412e-01
-1.016570e+00
-1.029082e+00
-1.035690e+00
-1.036379e+00
-1.031336e+00
-1.020373e+00
-1.003576e+00
-9.810482e-01
-9.530473e-01
-9.195735e-01
-8.808506e-01
-8.370508e-01
-7.886386e-01
-7.357173e-01
-6.785452e-01
-6.176040e-01
-5.531863e-01
-4.856536e-01
-4.152296e-01
-3.423274e-01
-2.676525e-01
-1.916180e-01
-1.140690e-01
-3.552178e-02
4.132161e-02
1.195590e-01
1.963336e-01
2.716797e-01
3.454768e-01
4.173121e-01
4.866002e-01
5.529798e-01
6.159518e-01
6.755162e-01
7.310878e-01
7.822536e-01
8.290136e-01
8.709376e-01
9.078534e-01
9.395201e-01
9.657484e-01
9.865727e-01
1.001718e+00
1.011011e+00
1.014625e+00
1.012543e+00
1.004712e+00
9.911334e-01
9.719096e-01
9.472302e-01
9.173534e-01
8.822275e-01
8.420761e-01
7.972609e-01
7.480742e-01
6.947399e-01
6.374473e-01
5.767126e-01
5.128285e-01
4.461563e-01
3.770747e-01
3.059623e-01
2.334043e-01
1.596587e-01
8.474285e-02
9.999106e-03
-6.464138e-02
-1.394540e-01
-2.128553e-01
-2.848282e-01
-3.551317e-01
-4.233528e-01
-4.890096e-01
-5.516202e-01
-6.110985e-01
-6.669971e-01
-7.190579e-01
-7.667473e-01
-8.101857e-01
-8.488397e-01
-8.825717e-01
-9.111922e-01
-9.346496e-01
-9.528408e-01
-9.655074e-01
-9.725980e-01
-9.741642e-01
-9.702402e-01
-9.608779e-01
-9.459395e-01
-9.257348e-01
-9.003326e-01
-8.698878e-01
-8.344176e-01
-7.944040e-01
-7.498469e-01
-7.012798e-01
-6.487199e-01
-5.927009e-01
-5.333086e-01
-4.711627e-01
-4.062631e-01
-3.392468e-01
-2.704233e-01
-2.003607e-01
-1.291623e-01
-5.698285e-02
1.394023e-02
8.606803e-02
1.573353e-01
2.271742e-01
2.956706e-01
3.626526e-01
4.272595e-01
4.891817e-01
5.483158e-01
6.043349e-01
6.567227e-01
7.052037e-01
7.495027e-01
7.896368e-01
8.250897e-01
8.558099e-01
8.816423e-01
9.023634e-01
9.179902e-01
9.283335e-01
9.333244e-01
9.330147e-01
9.274902e-01
9.167166e-01
9.006251e-01
8.795599e-01
8.535209e-01
8.227319e-01
7.872273e-01
7.473686e-01
7.034138e-01
6.554835e-01
6.039391e-01
5.490387e-01
4.910920e-01
4.307360e-01
3.678673e-01
3.029677e-01
2.366570e-01
1.692103e-01
1.007655e-01
3.135692e-02
-3.629624e-02
-1.053262e-01
-1.732203e-01
-2.397376e-01
-3.048781e-01
-3.682459e-01
-4.292903e-01
-4.877705e-01
-5.433077e-01
-5.956782e-01
-6.447272e-01
-6.896973e-01
-7.308468e-01
-7.677282e-01
-8.002382e-01
-8.279982e-01
-8.510771e-01
-8.692854e-01
-8.824684e-01
-8.906260e-01
-8.936722e-01
-8.916758e-01
-8.846541e-01
-8.725726e-01
-8.555861e-01
-8.337464e-01
-8.073116e-01
-7.762817e-01
-7.408115e-01
-7.013486e-01
-6.579102e-01
-6.109264e-01
-5.605867e-01
-5.070803e-01
-4.509407e-01
-3.922885e-01
-3.314333e-01
-2.688572e-01
-2.049903e-01
-1.402284e-01
-7.429628e-02
-8.897655e-03
5.662144e-02
1.221922e-01
1.865582e-01
2.496162e-01
3.113835e-01
3.712060e-01
4.287224e-01
4.836228e-01
5.358557e-01
5.847498e-01
6.303223e-01
6.721086e-01
7.100226e-01
7.438233e-01
7.733387e-01
7.982935e-01
8.187220e-01
8.345725e-01
8.455182e-01
8.515934e-01
8.528325e-01
8.493216e-01
8.409747e-01
8.278433e-01
8.099964e-01
7.876232e-01
7.608442e-01
7.298659e-01
6.946711e-01
6.556384e-01
6.130261e-01
5.670061e-01
5.178539e-01
4.657587e-01
4.114434e-01
3.547015e-01
2.960665e-01
2.359169e-01
1.747004e-01
1.126233e-01
4.951364e-02
-1.225364e-02
-7.520842e-02
-1.374576e-01
-1.984848e-01
-2.582385e-01
-3.165638e-01
-3.728410e-01
-4.269326e-01
-4.784254e-01
-5.271129e-01
-5.727199e-01
-6.148503e-01
-6.534527e-01
-6.883205e-01
-7.191611e-01
-7.458541e-01
-7.681585e-01
-7.861087e-01
-7.995498e-01
-8.084991e-01
-8.126812e-01
-8.123370e-01
-8.073805e-01
-7.978460e-01
-7.838714e-01
-7.652500e-01
-7.424637e-01
-7.155642e-01
-6.846031e-01
-6.498902e-01
-6.115288e-01
-5.698802e-01
-5.249789e-01
-4.772207e-01
-4.269326e-01
-3.743383e-01
-3.196444e-01
-2.632467e-01
-2.055926e-01
-1.470264e-01
-8.753090e-02
-2.739858e-02
3.099551e-02
9.088688e-02
1.496768e-01
2.072792e-01
2.636769e-01
3.186118e-01
3.714470e-01
4.220104e-01
4.700784e-01
5.154961e-01
5.579019e-01
5.967797e-01
6.323187e-01
6.641058e-01
6.920723e-01
7.160289e-01
7.357690e-01
7.514130e-01
7.627201e-01
7.696386e-01
7.720652e-01
7.703098e-01
7.641141e-01
7.535298e-01
7.386947e-01
7.197119e-01
6.967191e-01
6.698368e-01
6.391855e-01
6.049201e-01
5.674191e-01
5.267171e-01
4.830033e-01
4.368284e-01
3.882957e-01
3.376806e-01
2.851380e-01
2.311497e-01
1.761460e-01
1.202818e-01
6.355714e-02
7.228269e-03
-4.898013e-02
-1.055499e-01
-1.610355e-01
-2.152647e-01
-2.683753e-01
-3.198681e-01
-3.693129e-01
-4.164516e-01
-4.612496e-01
-5.033113e-01
-5.423095e-01
-5.781755e-01
-6.106511e-01
-6.395813e-01
-6.647942e-01
-6.861348e-01
-7.036376e-01
-7.170615e-01
-7.263378e-01
-7.313804e-01
-7.323613e-01
-7.292119e-01
-7.218804e-01
-7.104700e-01
-6.950153e-01
-6.756711e-01
-6.526094e-01
-6.259165e-01
-5.956266e-01
-5.621184e-01
-5.254780e-01
-4.860667e-01
-4.438157e-01
-3.992930e-01
-3.526363e-01
-3.039831e-01
-2.536950e-01
-2.022194e-01
-1.498145e-01
-9.656623e-02
-4.269842e-02
9.827004e-03
6.355714e-02
1.166505e-01
1.687112e-01
2.197050e-01
2.694768e-01
3.175792e-01
3.635647e-01
4.074334e-01
4.488411e-01
4.876500e-01
5.236709e-01
5.564907e-01
5.860749e-01
6.122000e-01
6.347109e-01
6.536421e-01
6.688214e-01
6.801973e-01
6.875461e-01
6.910397e-01
6.906095e-01
6.862381e-01
6.780289e-01
6.658441e-01
6.500107e-01
6.304944e-01
6.075016e-01
5.810324e-01
5.514481e-01
5.186799e-01
4.831065e-01
4.449516e-01
4.042840e-01
3.614823e-01
3.167875e-01
2.703201e-01
2.224242e-01
1.735301e-01
1.238271e-01
7.338414e-02
2.251090e-02
-2.679623e-02
-7.754900e-02
-1.273552e-01
-1.761460e-01
-2.238870e-01
-2.702856e-01
-3.149804e-01
-3.576961e-01
-3.981572e-01
-4.364326e-01
-4.722125e-01
-5.049462e-01
-5.347714e-01
-5.616021e-01
-5.851628e-01
-6.051782e-01
-6.217688e-01
-6.348486e-01
-6.442109e-01
-6.499591e-01
-6.519210e-01
-6.502344e-01
-6.448304e-01
-6.358295e-01
-6.231629e-01
-6.069853e-01
-5.874518e-01
-5.646999e-01
-5.386782e-01
-5.097823e-01
-4.780640e-01
-4.436436e-01
-4.069688e-01
-3.680049e-01
-3.271308e-01
-2.844668e-01
-2.402711e-01
-1.948191e-01
-1.485065e-01
-1.015572e-01
-5.398829e-02
-6.780805e-03
4.011689e-02
8.749648e-02
1.339639e-01
1.794676e-01
2.238870e-01
2.669641e-01
3.083029e-01
3.477486e-01
3.851807e-01
4.202378e-01
4.528511e-01
4.826763e-01
5.097823e-01
5.338937e-01
5.548729e-01
5.725478e-01
5.869182e-01
5.979672e-01
6.055741e-01
6.096357e-01
6.103585e-01
6.075532e-01
6.012543e-01
5.915650e-01
5.785197e-01
5.622389e-01
5.429463e-01
5.204698e-01
4.951020e-01
4.669978e-01
4.364842e-01
4.034751e-01
3.681943e-01
3.309859e-01
2.921425e-01
2.516642e-01
2.097747e-01
1.669214e-01
1.233969e-01
7.921839e-02
3.442033e-02
-8.880445e-03
-5.357524e-02
-9.754721e-02
-1.407103e-01
-1.830301e-01
-2.241968e-01
-2.639351e-01
-3.020384e-01
-3.382142e-01
-3.724968e-01
-4.044561e-01
-4.340920e-01
-4.611119e-01
-4.853955e-01
-5.069426e-01
-5.254780e-01
-5.409327e-01
-5.532896e-01
-5.625142e-01
-5.684689e-01
-5.711365e-01
-5.705858e-01
-5.667996e-01
-5.598983e-01
-5.497099e-01
-5.364408e-01
-5.202977e-01
-5.011600e-01
-4.792342e-01
-4.546581e-01
-4.277070e-01
-3.982948e-01
-3.667314e-01
-3.331888e-01
-2.978907e-01
-2.610954e-01
-2.228716e-01
-1.834604e-01
-1.432574e-01
-1.024005e-01
-6.107887e-02
-1.920654e-02
2.073825e-02
6.228359e-02
1.030200e-01
1.429820e-01
1.819975e-01
2.199287e-01
2.563454e-01
2.912648e-01
3.243256e-01
3.555448e-01
3.845095e-01
4.111680e-01
4.354344e-01
4.571364e-01
4.761536e-01
4.924516e-01
5.058928e-01
5.163049e-01
5.238430e-01
5.282488e-01
5.296428e-01
5.280251e-01
5.235504e-01
5.159952e-01
5.054797e-01
4.921591e-01
4.761536e-01
4.575150e-01
4.361916e-01
4.126481e-01
3.867296e-01
3.587631e-01
3.288002e-01
2.970474e-01
2.637458e-01
2.291361e-01
1.933046e-01
1.563888e-01
1.189394e-01
8.092219e-02
4.237143e-02
4.354172e-03
-3.340493e-02
-7.162871e-02
-1.091469e-01
-1.458734e-01
-1.816705e-01
-2.163318e-01
-2.496851e-01
-2.813518e-01
-3.113319e-01
-3.394877e-01
-3.655955e-01
-3.895521e-01
-4.111508e-01
-4.303230e-01
-4.470684e-01
-4.610947e-01
-4.725051e-01
-4.812306e-01
-4.871337e-01
-4.902487e-01
-4.905241e-01
-4.880803e-01
-4.829172e-01
-4.749489e-01
-4.642614e-01
-4.511300e-01
-4.354000e-01
-4.173293e-01
-3.968664e-01
-3.742867e-01
-3.496761e-01
-3.232241e-01
-2.950339e-01
-2.651226e-01
-2.340410e-01
-2.016515e-01
-1.682121e-01
-1.340156e-01
-9.923381e-02
-6.410786e-02
-2.841398e-02
5.765405e-03
4.106345e-02
7.610335e-02
1.102483e-01
1.437909e-01
1.764042e-01
2.078472e-01
2.379477e-01
2.665510e-01
2.935366e-01
3.188183e-01
3.420520e-01
3.632722e-01
3.823410e-01
3.991898e-01
4.137151e-01
4.256762e-01
4.352451e-01
4.423529e-01
4.468103e-01
4.486518e-01
4.480666e-01
4.448483e-01
4.392206e-01
4.309597e-01
4.203927e-01
4.075023e-01
3.922369e-01
3.748374e-01
3.554071e-01
3.340493e-01
3.107639e-01
2.858953e-01
2.595293e-01
2.317349e-01
2.028734e-01
1.728417e-01
1.419322e-01
1.104032e-01
7.847835e-02
4.614045e-02
1.350998e-02
-1.727901e-02
-4.972017e-02
-8.143850e-02
-1.125028e-01
-1.428616e-01
-1.722910e-01
-2.006705e-01
-2.276561e-01
-2.531787e-01
-2.773590e-01
-2.996290e-01
-3.202123e-01
-3.388509e-01
-3.555276e-01
-3.700702e-01
-3.823926e-01
-3.925811e-01
-4.005150e-01
-4.060050e-01
-4.092233e-01
-4.101526e-01
-4.086726e-01
-4.050240e-01
-3.989144e-01
-3.906535e-01
-3.801897e-01
-3.675919e-01
-3.530493e-01
-3.365964e-01
-3.181815e-01
-2.981661e-01
-2.765501e-01
-2.533853e-01
-2.288091e-01
-2.033209e-01
-1.766968e-01
-1.490744e-01
-1.207293e-01
-9.198833e-02
-6.295478e-02
-3.354261e-02
-4.715585e-03
2.380166e-02
5.286963e-02
8.140408e-02
1.092845e-01
1.364766e-01
1.628426e-01
1.879522e-01
2.119432e-01
2.345573e-01
2.557947e-01
2.753971e-01
2.932612e-01
3.094732e-01
3.237920e-01
3.361834e-01
3.466127e-01
3.549941e-01
3.613274e-01
3.655439e-01
3.676952e-01
3.676435e-01
3.656299e-01
3.614651e-01
3.552694e-01
3.469913e-01
3.368546e-01
3.249623e-01
3.111081e-01
2.956362e-01
2.785121e-01
2.598735e-01
2.398925e-01
2.185863e-01
1.962131e-01
1.728589e-01
1.485409e-01
1.235174e-01
9.804631e-02
7.207617e-02
4.588230e-02
1.937865e-02
-5.593303e-03
-3.178717e-02
-5.767126e-02
-8.295299e-02
-1.077012e-01
-1.318299e-01
-1.549947e-01
-1.771098e-01
-1.981062e-01
-2.178291e-01
-2.363128e-01
-2.532648e-01
-2.687539e-01
-2.824876e-01
-2.947069e-01
-3.050502e-01
-3.136552e-01
-3.204705e-01
-3.254098e-01
-3.284388e-01
-3.295230e-01
-3.288862e-01
-3.263564e-01
-3.218817e-01
-3.156172e-01
-3.076145e-01
-2.979768e-01
-2.867041e-01
-2.737793e-01
-2.593572e-01
-2.436959e-01
-2.266751e-01
-2.084495e-01
-1.892085e-01
-1.689350e-01
-1.479214e-01
-1.260300e-01
-1.036052e-01
-8.087056e-02
-5.789499e-02
-3.460964e-02
-1.116940e-02
1.056704e-02
3.417939e-02
5.734427e-02
8.013053e-02
1.024521e-01
1.242058e-01
1.453226e-01
1.654929e-01
1.847339e-01
2.029595e-01
2.200492e-01
2.358309e-01
2.502702e-01
2.632467e-01
2.747431e-01
2.846733e-01
2.930203e-01
2.995945e-01
3.044306e-01
3.076317e-01
3.090601e-01
3.087159e-01
3.066163e-01
3.027440e-01
2.970647e-01
2.897675e-01
2.809215e-01
2.703028e-01
2.581697e-01
2.446425e-01
2.296008e-01
2.133200e-01
1.957656e-01
1.771442e-01
1.574730e-01
1.369069e-01
1.154974e-01
9.348561e-02
7.100914e-02
4.811962e-02
2.481706e-02
2.151271e-03
-2.053173e-02
-4.397197e-02
-6.701638e-02
-8.963054e-02
-1.118316e-01
-1.334992e-01
-1.542547e-01
-1.740980e-01
-1.930636e-01
-2.109106e-01
-2.275528e-01
-2.428871e-01
-2.567929e-01
-2.693391e-01
-2.803364e-01
-2.897503e-01
-2.974777e-01
-3.035185e-01
-3.078382e-01
-3.104369e-01
-3.112114e-01
-3.102993e-01
-3.076489e-01
-3.031570e-01
-2.969614e-01
-2.890791e-01
-2.796480e-01
-2.685130e-01
-2.558807e-01
-2.417512e-01
-2.263653e-01
-2.096370e-01
-1.917557e-01
-1.727384e-01
-1.527746e-01
-1.318987e-01
-1.102999e-01
-8.809883e-02
-6.543305e-02
-4.238864e-02
-1.896560e-02
3.201091e-03
2.638318e-02
4.965132e-02
7.254084e-02
9.501732e-02
1.170463e-01
1.383869e-01
1.588670e-01
1.784178e-01
1.970392e-01
2.145247e-01
2.307367e-01
2.456235e-01
2.590818e-01
2.711289e-01
2.815411e-01
2.903871e-01
2.975982e-01
3.030366e-01
3.068228e-01
3.088020e-01
3.089913e-01
3.075284e-01
3.042241e-01
2.992159e-01
2.924179e-01
2.840366e-01
2.740202e-01
2.623862e-01
2.493237e-01
2.347294e-01
2.188961e-01
2.017892e-01
1.834948e-01
1.641161e-01
1.438598e-01
1.228117e-01
1.009204e-01
7.856440e-02
5.577814e-02
3.263047e-02
9.155808e-03
-1.263226e-02
-3.617577e-02
-5.935786e-02
-8.207527e-02
-1.044829e-01
-1.263398e-01
-1.473878e-01
-1.675754e-01
-1.868680e-01
-2.050935e-01
-2.221488e-01
-2.378789e-01
-2.523182e-01
-2.653291e-01
-2.768599e-01
-2.867730e-01
-2.950166e-01
-3.016598e-01
-3.066163e-01
-3.097658e-01
-3.111770e-01
-3.108156e-01
-3.086987e-01
-3.048436e-01
-2.992503e-01
-2.919188e-01
-2.829867e-01
-2.723681e-01
-2.602177e-01
-2.466905e-01
-2.316660e-01
-2.153852e-01
-1.978481e-01
-1.791750e-01
-1.595382e-01
-1.389549e-01
-1.175798e-01
-9.548199e-02
-7.300552e-02
-5.009879e-02
-2.676181e-02
-4.009968e-03
1.860419e-02
4.194117e-02
6.496837e-02
8.758253e-02
1.098009e-01
1.313652e-01
1.521551e-01
1.719812e-01
1.909812e-01
2.087765e-01
2.254704e-01
2.407874e-01
2.546588e-01
2.672739e-01
2.782539e-01
2.876335e-01
2.953608e-01
3.014705e-01
3.057386e-01
3.083545e-01
3.090601e-01
3.081996e-01
3.055148e-01
3.010918e-01
2.948445e-01
2.869967e-01
2.774795e-01
2.664650e-01
2.538327e-01
2.397892e-01
2.243689e-01
2.076578e-01
1.897076e-01
1.706560e-01
1.507094e-01
1.299023e-01
1.082519e-01
8.608524e-02
6.338504e-02
4.039226e-02
1.698643e-02
-5.094209e-03
-2.837956e-02
-5.168212e-02
-7.455443e-02
-9.709975e-02
-1.191460e-01
-1.404694e-01
-1.609495e-01
-1.805518e-01
-1.990872e-01
-2.165727e-01
-2.328191e-01
-2.476715e-01
-2.611642e-01
-2.731769e-01
-2.836407e-01
-2.924179e-01
-2.996978e-01
-3.051878e-01
-3.089052e-01
-3.108672e-01
-3.111426e-01
-3.095937e-01
-3.063754e-01
-3.012639e-01
-2.945520e-01
-2.861190e-01
-2.760855e-01
-2.644686e-01
-2.513372e-01
-2.368119e-01
-2.209269e-01
-2.038200e-01
-1.855256e-01
-1.661641e-01
-1.459594e-01
-1.248081e-01
-1.028479e-01
-8.059520e-02
-5.780894e-02
-3.454080e-02
-1.111777e-02
1.058425e-02
3.421381e-02
5.736148e-02
8.009611e-02
1.024349e-01
1.242230e-01
1.452538e-01
1.655102e-01
1.847339e-01
2.029423e-01
2.199975e-01
2.357965e-01
2.502014e-01
2.632123e-01
2.747086e-01
2.846733e-01
2.929686e-01
2.996118e-01
3.044994e-01
3.076489e-01
3.090773e-01
3.086987e-01
3.066335e-01
3.027440e-01
2.970991e-01
2.898192e-01
2.808699e-01
2.703201e-01
2.582213e-01
2.446425e-01
2.296352e-01
2.133544e-01
1.957828e-01
1.770926e-01
1.574902e-01
1.369585e-01
1.155318e-01
9.357166e-02
7.106077e-02
4.808520e-02
2.485148e-02
2.134060e-03
-2.056615e-02
-4.393755e-02
-6.696475e-02
-8.957891e-02
-1.118489e-01
-1.334476e-01
-1.543063e-01
-1.740464e-01
-1.930636e-01
-2.108245e-01
-2.275528e-01
-2.428354e-01
-2.567584e-01
-2.693391e-01
-2.803364e-01
-2.896987e-01
-2.974261e-01
-3.035013e-01
-3.078382e-01
-3.104197e-01
-3.111770e-01
-3.103165e-01
-3.076317e-01
-3.030882e-01
-2.969958e-01
-2.890619e-01
-2.796135e-01
-2.684958e-01
-2.558635e-01
-2.418028e-01
-2.263825e-01
-2.096542e-01
-1.917384e-01
-1.727212e-01
-1.527918e-01
-1.319331e-01
-1.102139e-01
-8.813325e-02
-6.545026e-02
-4.235422e-02
-1.898281e-02
3.218301e-03
2.640039e-02
4.965132e-02
7.260968e-02
9.501732e-02
1.171152e-01
1.383353e-01
1.589014e-01
1.784694e-01
1.970220e-01
2.144903e-01
2.307195e-01
2.455374e-01
2.590646e-01
2.710601e-01
2.815239e-01
2.904387e-01
2.975810e-01
3.030538e-01
3.067540e-01
3.087848e-01
3.090085e-01
3.075456e-01
3.041724e-01
2.991987e-01
2.924351e-01
2.841054e-01
2.739858e-01
2.623690e-01
2.493064e-01
2.347811e-01
2.189305e-01
2.017892e-01
1.834948e-01
1.641333e-01
1.438598e-01
1.227429e-01
1.009204e-01
7.856440e-02
5.582977e-02
3.259605e-02
9.190228e-03
-1.263226e-02
-3.622740e-02
-5.937507e-02
-8.210970e-02
-1.044829e-01
-1.263226e-01
-1.474567e-01
-1.675410e-01
-1.868508e-01
-2.050763e-01
-2.221832e-01
-2.379133e-01
-2.523354e-01
-2.653635e-01
-2.768599e-01
-2.867213e-01
-2.950511e-01
-3.017114e-01
-3.066163e-01
-3.097658e-01
-3.110909e-01
-3.108672e-01
-3.087159e-01
-3.048264e-01
-2.992159e-01
-2.919188e-01
-2.829867e-01
-2.724025e-01
-2.602005e-01
-2.467077e-01
-2.316832e-01
-2.153852e-01
-1.978997e-01
-1.792439e-01
-1.595382e-01
-1.389032e-01
-1.175798e-01
-9.548199e-02
-7.305715e-02
-5.008158e-02
-2.679623e-02
-3.958338e-03
1.851814e-02
4.197559e-02
6.495116e-02
8.763416e-02
1.098009e-01
1.312963e-01
1.521034e-01
1.720328e-01
1.909124e-01
2.088109e-01
2.254187e-01
2.408046e-01
2.547449e-01
2.672911e-01
2.782023e-01
2.876679e-01
2.953781e-01
3.014188e-01
3.057386e-01
3.083201e-01
3.090773e-01
3.082168e-01
3.055321e-01
3.010746e-01
2.948618e-01
2.869967e-01
2.774967e-01
2.664306e-01
2.538499e-01
2.397892e-01
2.244033e-01
2.076234e-01
1.897076e-01
1.706560e-01
1.507094e-01
1.299540e-01
1.082691e-01
8.608524e-02
6.341946e-02
4.034063e-02
1.702085e-02
-5.008158e-03
-2.841398e-02
-5.168212e-02
-7.455443e-02
-9.704812e-02
-1.191288e-01
-1.404177e-01
-1.610355e-01
-1.805518e-01
-1.990872e-01
-2.165555e-01
-2.328363e-01
-2.476715e-01
-2.611642e-01
-2.732114e-01
-2.836924e-01
-2.924867e-01
-2.996118e-01
-3.051018e-01
-3.089569e-01
-3.108672e-01
-3.111254e-01
-3.095420e-01
-3.063409e-01
-3.012467e-01
-2.946380e-01
-2.861190e-01
-2.761027e-01
-2.645030e-01
-2.513545e-01
-2.368463e-01
-2.210129e-01
-2.038544e-01
-1.855256e-01
-1.661986e-01
-1.459594e-01
-1.248253e-01
-1.028824e-01
-8.059520e-02
-5.779173e-02
-3.457522e-02
-1.111777e-02
1.049820e-02
3.414497e-02
5.729264e-02
8.007890e-02
1.024349e-01
1.242230e-01
1.452882e-01
1.654929e-01
1.847683e-01
2.029423e-01
2.200664e-01
2.358309e-01
2.502358e-01
2.632467e-01
2.747431e-01
2.846733e-01
2.930031e-01
2.995945e-01
3.045511e-01
3.077005e-01
3.091118e-01
3.086987e-01
3.065819e-01
3.027268e-01
2.971679e-01
2.897675e-01
2.808871e-01
2.703028e-01
2.582213e-01
2.446425e-01
2.296524e-01
2.133716e-01
1.958173e-01
1.771614e-01
1.575074e-01
1.369413e-01
1.155835e-01
9.352003e-02
7.100914e-02
4.810241e-02
2.474822e-02
2.151271e-03
-2.056615e-02
-4.397197e-02
-6.698196e-02
-8.963054e-02
-1.118489e-01
-1.334476e-01
-1.542891e-01
-1.740636e-01
-1.930464e-01
-2.109106e-01
-2.275872e-01
-2.428354e-01
-2.567929e-01
-2.693391e-01
-2.803708e-01
-2.896987e-01
-2.974261e-01
-3.035185e-01
-3.078382e-01
-3.103853e-01
-3.112114e-01
-3.102476e-01
-3.075801e-01
-3.031398e-01
-2.969958e-01
-2.891136e-01
-2.796135e-01
-2.685302e-01
-2.559151e-01
-2.418544e-01
-2.263825e-01
-2.096714e-01
-1.917557e-01
-1.727384e-01
-1.527918e-01
-1.319503e-01
-1.102655e-01
-8.809883e-02
-6.546747e-02
-4.242306e-02
-1.900002e-02
3.132250e-03
2.640039e-02
4.970296e-02
7.252363e-02
9.506895e-02
1.170291e-01
1.383869e-01
1.588670e-01
1.784006e-01
1.969875e-01
2.145247e-01
2.306678e-01
2.455374e-01
2.590302e-01
2.710945e-01
2.815411e-01
2.903527e-01
2.975637e-01
3.030710e-01
3.068744e-01
3.087331e-01
3.090257e-01
3.074596e-01
3.042585e-01
2.991815e-01
2.924523e-01
2.840710e-01
2.739858e-01
2.624378e-01
2.492548e-01
2.347639e-01
2.188789e-01
2.018236e-01
1.834431e-01
1.641850e-01
1.439114e-01
1.227429e-01
1.009720e-01
7.856440e-02
5.584698e-02
3.266489e-02
9.173018e-03
-1.264947e-02
-3.619298e-02
-5.932344e-02
-8.204085e-02
-1.044485e-01
-1.263226e-01
-1.473878e-01
-1.675410e-01
-1.868163e-01
-2.050935e-01
-2.220972e-01
-2.379477e-01
-2.523010e-01
-2.653291e-01
-2.768599e-01
-2.867730e-01
-2.950339e-01
-3.017114e-01
-3.065991e-01
-3.097485e-01
-3.111770e-01
-3.107467e-01
-3.086643e-01
-3.048609e-01
-2.991643e-01
-2.918844e-01
-2.829179e-01
-2.723681e-01
-2.602521e-01
-2.466733e-01
-2.317177e-01
-2.153852e-01
-1.978825e-01
-1.792094e-01
-1.596071e-01
-1.389721e-01
-1.175798e-01
-9.551641e-02
-7.303994e-02
-5.011600e-02
-2.683065e-02
-3.992758e-03
1.855256e-02
4.192396e-02
6.491674e-02
8.761695e-02
1.097664e-01
1.313308e-01
1.520862e-01
1.719984e-01
1.909124e-01
2.088453e-01
2.254187e-01
2.407702e-01
2.547449e-01
2.672739e-01
2.782539e-01
2.875991e-01
2.953953e-01
3.013844e-01
3.057558e-01
3.083717e-01
3.091462e-01
3.081652e-01
3.054632e-01
3.010230e-01
2.948273e-01
2.869967e-01
2.776172e-01
2.664822e-01
2.538671e-01
2.397548e-01
2.243517e-01
2.076578e-01
1.897421e-01
1.707076e-01
1.507783e-01
1.299712e-01
1.082864e-01
8.611966e-02
6.347109e-02
4.042668e-02
1.695201e-02
-4.990948e-03
-2.836235e-02
-5.166491e-02
-7.453722e-02
-9.709975e-02
-1.190943e-01
-1.404177e-01
-1.609667e-01
-1.805346e-01
-1.991388e-01
-2.165555e-01
-2.327675e-01
-2.476371e-01
-2.611470e-01
-2.731425e-01
-2.836579e-01
-2.924523e-01
-2.996806e-01
-3.051362e-01
-3.089052e-01
-3.108844e-01
-3.111770e-01
-3.095937e-01
-3.063409e-01
-3.012467e-01
-2.945003e-01
-2.861534e-01
-2.761199e-01
-2.644170e-01
-2.513545e-01
-2.368291e-01
-2.209613e-01
-2.038372e-01
-1.855600e-01
-1.662330e-01
-1.459250e-01
-1.248081e-01
-1.029340e-01
-8.062962e-02
-5.784336e-02
-3.462685e-02
-1.118661e-02
1.049820e-02
3.411055e-02
5.730985e-02
8.009611e-02
1.024177e-01
1.242402e-01
1.452710e-01
1.655102e-01
1.847683e-01
2.029595e-01
2.200664e-01
2.358137e-01
2.502014e-01
2.632639e-01
2.747431e-01
2.846733e-01
2.930031e-01
2.996118e-01
3.044822e-01
3.077005e-01
3.090601e-01
3.086987e-01
3.065819e-01
3.027784e-01
2.970991e-01
2.898364e-01
2.808527e-01
2.703889e-01
2.582385e-01
2.446425e-01
2.296008e-01
2.133888e-01
1.958173e-01
1.771786e-01
1.575074e-01
1.369757e-01
1.155318e-01
9.352003e-02
7.104356e-02
4.817125e-02
2.483427e-02
2.220111e-03
-2.046289e-02
-4.395476e-02
-6.694754e-02
-8.957891e-02
-1.117972e-01
-1.334132e-01
-1.542203e-01
-1.741497e-01
-1.930464e-01
-2.108934e-01
-2.275356e-01
-2.428354e-01
-2.568101e-01
-2.693391e-01
-2.803192e-01
-2.897159e-01
-2.974089e-01
-3.035013e-01
-3.078382e-01
-3.104369e-01
-3.112114e-01
-3.102476e-01
-3.075801e-01
-3.032087e-01
-2.969098e-01
-2.891480e-01
-2.796308e-01
-2.684958e-01
-2.559496e-01
-2.418372e-01
-2.263997e-01
-2.096542e-01
-1.917384e-01
-1.727728e-01
-1.528435e-01
-1.319675e-01
-1.102999e-01
-8.815046e-02
-6.545026e-02
-4.247469e-02
-1.908607e-02
3.218301e-03
2.672739e-02
5.040857e-02
7.374556e-02
9.697928e-02
1.197655e-01
1.420355e-01
1.635310e-01
1.842520e-01
2.041298e-01
2.229061e-01
2.404432e-01
2.566552e-01
2.716452e-01
2.850864e-01
2.969098e-01
3.071842e-01
3.157549e-01
3.225013e-01
3.274406e-01
3.305040e-01
3.317948e-01
3.311064e-01
3.284904e-01
3.240330e-01
3.176136e-01
3.093871e-01
2.993536e-01
2.875646e-01
2.739170e-01
2.587548e-01
2.419405e-01
2.237321e-01
2.040437e-01
1.830645e-01
1.609322e-01
1.377846e-01
1.136559e-01
8.880445e-02
6.331620e-02
3.729443e-02
1.072193e-02
-1.428444e-02
-4.118392e-02
-6.784247e-02
-9.417402e-02
-1.202302e-01
-1.457013e-01
-1.704323e-01
-1.943372e-01
-2.172611e-01
-2.391008e-01
-2.596670e-01
-2.788563e-01
-2.965656e-01
-3.126743e-01
-3.270792e-01
-3.396770e-01
-3.505022e-01
-3.592622e-01
-3.661118e-01
-3.708618e-01
-3.733917e-01
-3.740457e-01
-3.724624e-01
-3.688310e-01
-3.628419e-01
-3.549252e-01
-3.448917e-01
-3.328790e-01
-3.188871e-01
-3.029677e-01
-2.852413e-01
-2.658110e-01
-2.448146e-01
-2.223381e-01
-1.984160e-01
-1.732719e-01
-1.469404e-01
-1.196795e-01
-9.162692e-02
-6.302362e-02
-3.374913e-02
-4.767216e-03
2.419749e-02
5.398829e-02
8.348651e-02
1.126577e-01
1.413815e-01
1.694685e-01
1.965745e-01
2.227684e-01
2.478092e-01
2.715764e-01
2.938808e-01
3.145502e-01
3.335502e-01
3.507259e-01
3.659742e-01
3.792088e-01
3.903437e-01
3.993447e-01
4.060050e-01
4.103592e-01
4.124244e-01
4.121834e-01
4.095331e-01
4.044733e-01
3.971245e-01
3.874869e-01
3.755946e-01
3.614995e-01
3.451671e-01
3.268727e-01
3.065819e-01
2.845357e-01
2.606135e-01
2.351081e-01
2.082258e-01
1.800355e-01
1.505373e-01
1.201442e-01
8.899376e-02
5.718938e-02
2.464496e-02
-6.694754e-03
-3.956617e-02
-7.224827e-02
-1.046034e-01
-1.366315e-01
-1.679884e-01
-1.986053e-01
-2.281207e-01
-2.564142e-01
-2.834514e-01
-3.089913e-01
-3.328618e-01
-3.549596e-01
-3.750611e-01
-3.931834e-01
-4.092061e-01
-4.228365e-01
-4.341608e-01
-4.430929e-01
-4.495467e-01
-4.533502e-01
-4.546753e-01
-4.534362e-01
-4.495639e-01
-4.430757e-01
-4.340748e-01
-4.225440e-01
-4.086037e-01
-3.922541e-01
-3.735638e-01
-3.526707e-01
-3.297468e-01
-3.047576e-01
-2.780130e-01
-2.495646e-01
-2.195845e-01
-1.880899e-01
-1.554938e-01
-1.218824e-01
-8.754811e-02
-5.243937e-02
-1.672828e-02
1.743390e-02
5.352361e-02
8.921749e-02
1.243779e-01
1.591080e-01
1.930636e-01
2.259867e-01
2.577050e-01
2.881842e-01
3.171489e-01
3.443238e-01
3.696571e-01
3.929597e-01
4.141970e-01
4.330422e-01
4.495811e-01
4.635214e-01
4.749489e-01
4.836745e-01
4.896464e-01
4.928819e-01
4.933122e-01
4.908167e-01
4.856536e-01
4.776509e-01
4.667741e-01
4.534018e-01
4.371898e-01
4.185340e-01
3.973139e-01
3.738392e-01
3.481100e-01
3.202295e-01
2.903871e-01
2.588925e-01
2.257457e-01
1.911533e-01
1.553045e-01
1.186469e-01
8.100824e-02
4.262958e-02
4.543483e-03
-3.364587e-02
-7.271295e-02
-1.111949e-01
-1.491777e-01
-1.865238e-01
-2.229577e-01
-2.582385e-01
-2.921425e-01
-3.245149e-01
-3.552522e-01
-3.840276e-01
-4.106173e-01
-4.350902e-01
-4.571364e-01
-4.766699e-01
-4.934843e-01
-5.076999e-01
-5.189897e-01
-5.274399e-01
-5.327923e-01
-5.351501e-01
-5.344789e-01
-5.308131e-01
-5.240839e-01
-5.142741e-01
-5.016247e-01
-4.859634e-01
-4.674969e-01
-4.462940e-01
-4.225268e-01
-3.962640e-01
-3.676435e-01
-3.367685e-01
-3.038799e-01
-2.692530e-01
-2.328879e-01
-1.950256e-01
-1.559241e-01
-1.159105e-01
-7.510516e-02
-3.342214e-02
7.142218e-03
4.911781e-02
9.090409e-02
1.322085e-01
1.728589e-01
2.128381e-01
2.516642e-01
2.891824e-01
3.251172e-01
3.594171e-01
3.917378e-01
4.219244e-01
4.498049e-01
4.752415e-01
4.981310e-01
5.180432e-01
5.352017e-01
5.493312e-01
5.603974e-01
5.682796e-01
5.728575e-01
5.742688e-01
5.724789e-01
5.673675e-01
5.588485e-01
5.472488e-01
5.324997e-01
5.146183e-01
4.937768e-01
4.699752e-01
4.435232e-01
4.143863e-01
3.827541e-01
3.488156e-01
3.128464e-01
2.750184e-01
2.353146e-01
1.942683e-01
1.519485e-01
1.087510e-01
6.464138e-02
1.972285e-02
-2.362956e-02
-6.890950e-02
-1.136387e-01
-1.576967e-01
-2.011696e-01
-2.435582e-01
-2.847250e-01
-3.242911e-01
-3.622568e-01
-3.982260e-01
-4.321128e-01
-4.635558e-01
-4.925549e-01
-5.187488e-01
-5.420858e-01
-5.624282e-01
-5.797072e-01
-5.936818e-01
-6.042833e-01
-6.115288e-01
-6.152462e-01
-6.155043e-01
-6.123377e-01
-6.055913e-01
-5.953340e-01
-5.817036e-01
-5.647171e-01
-5.445296e-01
-5.210894e-01
-4.946718e-01
-4.652252e-01
-4.332143e-01
-3.985014e-01
-3.614651e-01
-3.223292e-01
-2.811625e-01
-2.381715e-01
-1.937865e-01
-1.482311e-01
-1.016432e-01
-5.422923e-02
-6.952906e-03
4.044389e-02
8.858072e-02
1.359947e-01
1.827719e-01
2.286715e-01
2.735900e-01
3.169252e-01
3.585738e-01
3.983465e-01
4.359507e-01
4.712659e-01
5.039308e-01
5.338249e-01
5.607932e-01
5.845260e-01
6.051094e-01
6.222163e-01
6.358640e-01
6.460007e-01
6.523341e-01
6.550361e-01
6.540379e-01
6.493051e-01
6.408377e-01
6.286357e-01
6.128712e-01
5.936302e-01
5.708439e-01
5.447706e-01
5.154616e-01
4.831754e-01
4.480666e-01
4.103420e-01
3.700013e-01
3.275955e-01
2.831760e-01
2.368635e-01
1.891397e-01
1.403489e-01
9.054268e-02
3.977269e-02
-9.981895e-03
-6.114771e-02
-1.120554e-01
-1.623951e-01
-2.117539e-01
-2.603382e-01
-3.075284e-01
-3.529461e-01
-3.965050e-01
-4.379471e-01
-4.771174e-01
-5.136202e-01
-5.471800e-01
-5.779173e-01
-6.053503e-01
-6.294618e-01
-6.499763e-01
-6.669627e-01
-6.800769e-01
-6.895252e-01
-6.949120e-01
-6.964265e-01
-6.939483e-01
-6.874600e-01
-6.771683e-01
-6.629700e-01
-6.448477e-01
-6.230940e-01
-5.977262e-01
-5.688304e-01
-5.366818e-01
-5.013665e-01
-4.631944e-01
-4.221481e-01
-3.786064e-01
-3.328790e-01
-2.850003e-01
-2.353146e-01
-1.843725e-01
-1.322429e-01
-7.906350e-02
-2.497195e-02
2.760510e-02
8.209249e-02
1.356849e-01
1.885718e-01
2.406497e-01
2.916951e-01
3.409678e-01
3.884162e-01
4.338855e-01
4.769797e-01
5.175269e-01
5.551827e-01
5.896719e-01
6.210288e-01
6.488748e-01
6.730551e-01
6.935696e-01
7.100914e-01
7.226720e-01
7.311222e-01
7.353903e-01
7.354936e-01
7.315180e-01
7.232744e-01
7.108486e-01
6.943785e-01
6.739673e-01
6.496321e-01
6.214418e-01
5.897579e-01
5.545803e-01
5.160984e-01
4.745531e-01
4.303057e-01
3.835113e-01
3.344451e-01
2.830900e-01
2.301515e-01
1.758363e-01
1.204884e-01
6.390134e-02
7.400371e-03
-4.925549e-02
-1.064277e-01
-1.629803e-01
-2.184658e-01
-2.731253e-01
-3.263564e-01
-3.778664e-01
-4.272251e-01
-4.743810e-01
-5.188865e-01
-5.606211e-01
-5.991891e-01
-6.344871e-01
-6.663432e-01
-6.944646e-01
-7.185416e-01
-7.387463e-01
-7.547346e-01
-7.665924e-01
-7.739411e-01
-7.769701e-01
-7.756105e-01
-7.698451e-01
-7.595362e-01
-7.449764e-01
-7.261829e-01
-7.031901e-01
-6.760497e-01
-6.450714e-01
-6.104101e-01
-5.721175e-01
-5.305033e-01
-4.856881e-01
-4.380675e-01
-3.878655e-01
-3.352884e-01
-2.805773e-01
-2.242312e-01
-1.665944e-01
-1.077184e-01
-4.782705e-02
1.103172e-02
7.152544e-02
1.314512e-01
1.904821e-01
2.487729e-01
3.058418e-01
3.612758e-01
4.146961e-01
4.659136e-01
5.147216e-01
5.606900e-01
6.034572e-01
6.428857e-01
6.787517e-01
7.109519e-01
7.391249e-01
7.630126e-01
7.828904e-01
7.982074e-01
8.089638e-01
8.151078e-01
8.166912e-01
8.137482e-01
8.060553e-01
7.937328e-01
7.769013e-01
7.555606e-01
7.299691e-01
7.000407e-01
6.659989e-01
6.282743e-01
5.868494e-01
5.417760e-01
4.936736e-01
4.426110e-01
3.890530e-01
3.329823e-01
2.748635e-01
2.151443e-01
1.542031e-01
9.193670e-02
2.863771e-02
-3.312957e-02
-9.670391e-02
-1.595554e-01
-2.212711e-01
-2.820402e-01
-3.414152e-01
-3.989660e-01
-4.542451e-01
-5.071836e-01
-5.573856e-01
-6.045070e-01
-6.482208e-01
-6.883894e-01
-7.247889e-01
-7.571612e-01
-7.852654e-01
-8.088089e-01
-8.279810e-01
-8.424892e-01
-8.521785e-01
-8.569974e-01
-8.570146e-01
-8.521613e-01
-8.424720e-01
-8.278089e-01
-8.085335e-01
-7.846114e-01
-7.560770e-01
-7.232400e-01
-6.862037e-01
-6.452263e-01
-6.004454e-01
-5.522053e-01
-5.005748e-01
-4.461907e-01
-3.890702e-01
-3.294886e-01
-2.678934e-01
-2.048354e-01
-1.404866e-01
-7.470932e-02
-9.121387e-03
5.670749e-02
1.230355e-01
1.883997e-01
2.528517e-01
3.160647e-01
3.777459e-01
4.372414e-01
4.944480e-01
5.489526e-01
6.004282e-01
6.486855e-01
6.932082e-01
7.339619e-01
7.706368e-01
8.030263e-01
8.307863e-01
8.539512e-01
8.723660e-01
8.858760e-01
8.942918e-01
8.975617e-01
8.959095e-01
8.889738e-01
8.771160e-01
8.600952e-01
8.382899e-01
8.116314e-01
7.802744e-01
7.443396e-01
7.041195e-01
6.599066e-01
6.117353e-01
5.599671e-01
5.049118e-01
4.469652e-01
3.863166e-01
3.231897e-01
2.582041e-01
1.917729e-01
1.240509e-01
5.495206e-02
-1.321741e-02
-8.281531e-02
-1.519313e-01
-2.199115e-01
-2.868934e-01
-3.525674e-01
-4.162278e-01
-4.777197e-01
-5.364925e-01
-5.924599e-01
-6.452091e-01
-6.943785e-01
-7.395552e-01
-7.807735e-01
-8.175000e-01
-8.497691e-01
-8.771677e-01
-8.997474e-01
-9.171985e-01
-9.294005e-01
-9.364395e-01
-9.381777e-01
-9.344947e-01
-9.255454e-01
-9.112610e-01
-8.917275e-01
-8.672374e-01
-8.376359e-01
-8.032328e-01
-7.641141e-01
-7.207273e-01
-6.729863e-01
-6.213902e-01
-5.661800e-01
-5.076138e-01
-4.461735e-01
-3.819108e-01
-3.152558e-01
-2.468626e-01
-1.769549e-01
-1.056704e-01
-3.319841e-02
3.782794e-02
1.105925e-01
1.822729e-01
2.529206e-01
3.223292e-01
3.902749e-01
4.559489e-01
5.191618e-01
5.796211e-01
6.369310e-01
6.906783e-01
7.405706e-01
7.863841e-01
8.278089e-01
8.646387e-01
8.965979e-01
9.234114e-01
9.451306e-01
9.615491e-01
9.724604e-01
9.778471e-01
9.777439e-01
9.720989e-01
9.608435e-01
9.440980e-01
9.219485e-01
8.945844e-01
8.619711e-01
8.244529e-01
7.820987e-01
7.353559e-01
6.843278e-01
6.290487e-01
5.702760e-01
5.081301e-01
4.430068e-01
3.751300e-01
3.050330e-01
2.332322e-01
1.599857e-01
8.522474e-02
1.032610e-02
-6.474464e-02
-1.402112e-01
-2.146452e-01
-2.878572e-01
-3.597269e-01
-4.297206e-01
-4.973565e-01
-5.622561e-01
-6.240578e-01
-6.825895e-01
-7.372662e-01
-7.878125e-01
-8.339357e-01
-8.755671e-01
-9.121387e-01
-9.435645e-01
-9.697928e-01
-9.905827e-01
-1.005710e+00
-1.015124e+00
-1.018773e+00
-1.016656e+00
-1.008825e+00
-9.951433e-01
-9.757131e-01
-9.507755e-01
-9.204340e-01
-8.847057e-01
-8.438832e-01
-7.982763e-01
-7.479538e-01
-6.933459e-01
-6.345904e-01
-5.722380e-01
-5.065468e-01
-4.377577e-01
-3.662323e-01
-2.924695e-01
-2.172955e-01
-1.404694e-01
-6.212869e-02
1.507610e-02
9.353724e-02
1.712583e-01
2.476715e-01
3.227250e-01
3.960575e-01
4.671699e-01
5.356492e-01
6.009101e-01
6.629528e-01
7.210887e-01
7.751974e-01
8.248316e-01
8.698361e-01
9.099186e-01
9.448552e-01
9.742674e-01
9.983100e-01
1.016604e+00
1.029133e+00
1.035777e+00
1.036585e+00
1.031526e+00
1.020666e+00
1.003748e+00
9.813580e-01
9.533226e-01
9.199349e-01
8.812465e-01
8.375155e-01
7.891721e-01
7.362508e-01
6.790615e-01
6.180686e-01
5.536682e-01
4.860150e-01
4.156083e-01
3.428265e-01
2.682204e-01
1.921687e-01
1.148434e-01
3.622740e-02
-4.078809e-02
-1.194385e-01
-1.967466e-01
-2.726778e-01
-3.472323e-01
-4.199624e-01
-4.901971e-01
-5.575233e-01
-6.217860e-01
-6.825723e-01
-7.395208e-01
-7.921322e-01
-8.401830e-01
-8.836387e-01
-9.220174e-01
-9.550781e-01
-9.827176e-01
-1.004902e+00
-1.021337e+00
-1.031921e+00
-1.036603e+00
-1.035381e+00
-1.028325e+00
-1.015520e+00
-9.967783e-01
-9.724431e-01
-9.425835e-01
-9.074231e-01
-8.669965e-01
-8.216649e-01
-7.717726e-01
-7.174057e-01
-6.589256e-01
-5.967969e-01
-5.313294e-01
-4.627985e-01
-3.914796e-01
-3.179406e-01
-2.428182e-01
-1.663190e-01
-8.839141e-02
-1.060146e-02
6.734337e-02
1.454431e-01
2.223381e-01
2.978219e-01
3.717740e-01
4.436953e-01
5.131383e-01
5.795523e-01
6.426103e-01
7.021747e-01
7.576603e-01
8.087573e-01
8.553624e-01
8.971659e-01
9.337547e-01
9.650428e-01
9.908752e-01
1.011166e+00
1.025674e+00
1.034245e+00
1.036981e+00
1.033883e+00
1.024934e+00
1.010047e+00
9.894468e-01
9.633218e-01
9.317239e-01
8.947048e-01
8.526604e-01
8.057799e-01
7.543731e-01
6.986294e-01
6.388757e-01
5.754907e-01
5.089390e-01
4.393583e-01
3.672993e-01
2.932268e-01
2.176914e-01
1.407275e-01
6.247290e-02
-1.481795e-02
-9.331351e-02
-1.711551e-01
-2.475166e-01
-3.225185e-01
-3.959543e-01
-4.670667e-01
-5.353738e-01
-6.006864e-01
-6.626774e-01
-7.210198e-01
-7.750942e-01
-8.246422e-01
-8.696812e-01
-9.097981e-01
-9.446143e-01
-9.741125e-01
-9.980863e-01
-1.016432e+00
-1.028961e+00
-1.035673e+00
-1.036499e+00
-1.031354e+00
-1.020459e+00
-1.003645e+00
-9.811859e-01
-9.531333e-01
-9.197972e-01
-8.810744e-01
-8.372917e-01
-7.889139e-01
-7.359583e-01
-6.787861e-01
-6.178965e-01
-5.534789e-01
-4.859462e-01
-4.155394e-01
-3.426888e-01
-2.679967e-01
-1.919622e-01
-1.145509e-01
-3.593482e-02
4.109787e-02
1.195934e-01
1.969015e-01
2.727983e-01
3.472839e-01
4.200657e-01
4.902660e-01
5.577298e-01
6.218893e-01
6.827444e-01
7.397101e-01
7.922527e-01
8.403035e-01
8.837420e-01
9.221550e-01
9.551986e-01
9.828725e-01
1.005056e+00
1.021440e+00
1.032008e+00
1.036706e+00
1.035553e+00
1.028565e+00
1.015623e+00
9.970365e-01
9.726152e-01
9.428417e-01
9.076469e-01
8.672202e-01
8.219058e-01
7.719791e-01
7.176467e-01
6.592181e-01
5.970206e-01
5.314843e-01
4.628502e-01
3.916517e-01
3.181299e-01
2.430247e-01
1.665772e-01
8.864956e-02
1.084240e-02
-6.713685e-02
-1.453054e-01
-2.221316e-01
-2.977014e-01
-3.716879e-01
-4.436780e-01
-5.129145e-01
-5.792769e-01
-6.424210e-01
-7.020542e-01
-7.574193e-01
-8.086712e-01
-8.552247e-01
-8.969766e-01
-9.335654e-01
-9.648879e-01
-9.907203e-01
-1.010959e+00
-1.025485e+00
-1.034073e+00
-1.036740e+00
-1.033677e+00
-1.024710e+00
-1.009944e+00
-9.892919e-01
-9.630636e-01
-9.315690e-01
-8.945499e-01
-8.524367e-01
-8.055562e-01
-7.541150e-01
-6.983368e-01
-6.385659e-01
-5.753014e-01
-5.088013e-01
-4.393067e-01
-3.671789e-01
-2.931063e-01
-2.175193e-01
-1.405038e-01
-6.218032e-02
1.502447e-02
9.357166e-02
1.712928e-01
2.476198e-01
3.226390e-01
3.960747e-01
4.671527e-01
5.355975e-01
6.008929e-01
6.629183e-01
7.211403e-01
7.752147e-01
8.248316e-01
8.698706e-01
9.099358e-01
9.447864e-01
9.742502e-01
9.982240e-01
1.016622e+00
1.029168e+00
1.035777e+00
1.036551e+00
1.031577e+00
1.020580e+00
1.003852e+00
9.812892e-01
9.533571e-01
9.199693e-01
8.813325e-01
8.375843e-01
7.892237e-01
7.362853e-01
6.791131e-01
6.181203e-01
5.537026e-01
4.859978e-01
4.156255e-01
3.428609e-01
2.682204e-01
1.922031e-01
1.148606e-01
3.629624e-02
-4.077088e-02
-1.194041e-01
-1.966950e-01
-2.725918e-01
-3.471807e-01
-4.199108e-01
-4.901799e-01
-5.574889e-01
-6.217688e-01
-6.825551e-01
-7.394691e-01
-7.920978e-01
-8.401658e-01
-8.836731e-01
-9.219657e-01
-9.550265e-01
-9.827176e-01
-1.004867e+00
-1.021337e+00
-1.031835e+00
-1.036603e+00
-1.035432e+00
-1.028428e+00
-1.015520e+00
-9.967955e-01
-9.724604e-01
-9.426179e-01
-9.074748e-01
-8.670653e-01
-8.216477e-01
-7.718070e-01
-7.174057e-01
-6.589428e-01
-5.968485e-01
-5.312606e-01
-4.628157e-01
-3.914968e-01
-3.179234e-01
-2.428354e-01
-1.663362e-01
-8.844304e-02
-1.053262e-02
6.734337e-02
1.455119e-01
2.222693e-01
2.977703e-01
3.717396e-01
4.437297e-01
5.131211e-01
5.795007e-01
6.425587e-01
7.021059e-01
7.576603e-01
8.087745e-01
8.553452e-01
8.972003e-01
9.337719e-01
9.650600e-01
9.908236e-01
1.011183e+00
1.025605e+00
1.034159e+00
1.036947e+00
1.033849e+00
1.024934e+00
1.010047e+00
9.894468e-01
9.633562e-01
9.316895e-01
8.947737e-01
8.526948e-01
8.058660e-01
7.544076e-01
6.986811e-01
6.389102e-01
5.755423e-01
5.089218e-01
4.393755e-01
3.673854e-01
2.932784e-01
2.176914e-01
1.408136e-01
6.254174e-02
-1.473190e-02
-9.329630e-02
-1.711035e-01
-2.474133e-01
-3.225185e-01
-3.959370e-01
-4.669978e-01
-5.353222e-01
-6.006864e-01
-6.626430e-01
-7.209854e-01
-7.750770e-01
-8.246250e-01
-8.696812e-01
-9.097465e-01
-9.446315e-01
-9.740437e-01
-9.981035e-01
-1.016450e+00
-1.029013e+00
-1.035639e+00
-1.036465e+00
-1.031491e+00
-1.020425e+00
-1.003680e+00
-9.811687e-01
-9.531333e-01
-9.197628e-01
-8.810744e-01
-8.373606e-01
-7.889484e-01
-7.360271e-01
-6.788549e-01
-6.179137e-01
-5.535477e-01
-4.859462e-01
-4.155911e-01
-3.426372e-01
-2.680311e-01
-1.919966e-01
-1.145509e-01
-3.595203e-02
4.104624e-02
1.195762e-01
1.968327e-01
2.727639e-01
3.472839e-01
4.200485e-01
4.902487e-01
5.577126e-01
6.218721e-01
6.827444e-01
7.395724e-01
7.922183e-01
8.403379e-01
8.838108e-01
9.221550e-01
9.551813e-01
9.829241e-01
1.004988e+00
1.021458e+00
1.032059e+00
1.036723e+00
1.035518e+00
1.028548e+00
1.015641e+00
9.969676e-01
9.726497e-01
9.428072e-01
9.076641e-01
8.672718e-01
8.219575e-01
7.720136e-01
7.177327e-01
6.592181e-01
5.970550e-01
5.315359e-01
4.629190e-01
3.916517e-01
3.181299e-01
2.430247e-01
1.665772e-01
8.875282e-02
1.085961e-02
-6.706801e-02
-1.453054e-01
-2.220800e-01
-2.976498e-01
-3.716707e-01
-4.435748e-01
-5.128801e-01
-5.792425e-01
-6.423350e-01
-7.019682e-01
-7.574882e-01
-8.085852e-01
-8.551731e-01
-8.969594e-01
-9.336170e-01
-9.649395e-01
-9.907203e-01
-1.010994e+00
-1.025502e+00
-1.034159e+00
-1.036809e+00
-1.033677e+00
-1.024779e+00
-1.009910e+00
-9.893263e-01
-9.631324e-01
-9.315518e-01
-8.946016e-01
-8.524367e-01
-8.056250e-01
-7.541150e-01
-6.984745e-01
-6.386004e-01
-5.754219e-01
-5.088357e-01
-4.393755e-01
-3.672477e-01
-2.931407e-01
-2.175365e-01
-1.405898e-01
-6.219753e-02
1.495563e-02
9.352003e-02
1.712239e-01
2.476026e-01
3.226217e-01
3.960231e-01
4.671527e-01
5.356664e-01
6.008757e-01
6.628495e-01
7.211575e-01
7.751974e-01
8.248316e-01
8.698361e-01
9.099530e-01
9.447864e-01
9.742158e-01
9.982756e-01
1.016604e+00
1.029151e+00
1.035759e+00
1.036603e+00
1.031577e+00
1.020614e+00
1.003886e+00
9.813924e-01
9.533915e-01
9.199693e-01
8.812981e-01
8.376015e-01
7.892237e-01
7.363197e-01
6.791475e-01
6.181547e-01
5.537370e-01
4.861011e-01
4.157115e-01
3.428781e-01
2.683237e-01
1.922547e-01
1.148434e-01
3.626182e-02
-4.078809e-02
-1.193869e-01
-1.966950e-01
-2.725746e-01
-3.471118e-01
-4.198764e-01
-4.900594e-01
-5.575405e-01
-6.217172e-01
-6.825207e-01
-7.394691e-01
-7.920978e-01
-8.401486e-01
-8.836043e-01
-9.219141e-01
-9.550781e-01
-9.827520e-01
-1.004833e+00
-1.021268e+00
-1.031853e+00
-1.036551e+00
-1.035432e+00
-1.028342e+00
-1.015555e+00
-9.967783e-01
-9.724948e-01
-9.426351e-01
-9.074576e-01
-8.670997e-01
-8.217337e-01
-7.718931e-01
-7.174746e-01
-6.589772e-01
-5.968313e-01
-5.314327e-01
-4.628502e-01
-3.915485e-01
-3.180438e-01
-2.429215e-01
-1.663879e-01
-8.852909e-02
-1.063588e-02
6.730895e-02
1.454259e-01
2.222521e-01
2.977358e-01
3.717396e-01
4.437125e-01
5.131211e-01
5.794662e-01
6.425759e-01
7.021059e-01
7.576259e-01
8.087573e-01
8.552936e-01
8.971143e-01
9.337719e-01
9.650083e-01
9.908408e-01
1.011114e+00
1.025554e+00
1.034210e+00
1.036998e+00
1.033883e+00
1.025003e+00
1.010133e+00
9.895156e-01
9.633734e-01
9.317927e-01
8.948081e-01
8.527120e-01
8.058832e-01
7.544592e-01
6.987155e-01
6.389618e-01
5.756112e-01
5.090422e-01
4.394788e-01
3.673682e-01
2.933645e-01
2.178463e-01
1.408480e-01
6.257616e-02
-1.469748e-02
-9.319304e-02
-1.710346e-01
-2.474477e-01
-3.224841e-01
-3.959198e-01
-4.669978e-01
-5.353050e-01
-6.007036e-01
-6.626602e-01
-7.209338e-01
-7.750598e-01
-8.246422e-01
-8.696812e-01
-9.097465e-01
-9.445799e-01
-9.740437e-01
-9.981379e-01
-1.016467e+00
-1.028979e+00
-1.035708e+00
-1.036431e+00
-1.031422e+00
-1.020459e+00
-1.003697e+00
-9.811687e-01
-9.531850e-01
-9.197972e-01
-8.811260e-01
-8.373778e-01
-7.889484e-01
-7.360099e-01
-6.788894e-01
-6.179482e-01
-5.535649e-01
-4.859806e-01
-4.156083e-01
-3.427404e-01
-2.681344e-01
-1.921171e-01
-1.146541e-01
-3.603808e-02
4.097740e-02
1.195246e-01
1.967982e-01
2.727123e-01
3.472495e-01
4.199796e-01
4.902143e-01
5.577126e-01
6.218721e-01
6.826756e-01
7.396068e-01
7.922183e-01
8.403035e-01
8.837420e-01
9.221378e-01
9.552158e-01
9.829069e-01
1.005039e+00
1.021440e+00
1.032059e+00
1.036723e+00
1.035536e+00
1.028565e+00
1.015709e+00
9.970020e-01
9.726325e-01
9.428244e-01
9.076641e-01
8.672374e-01
8.220091e-01
7.720480e-01
7.177499e-01
6.592181e-01
5.970550e-01
5.315704e-01
4.629362e-01
3.916689e-01
3.182504e-01
2.430764e-01
1.666460e-01
8.880445e-02
1.091124e-02
-6.708522e-02
-1.452538e-01
-2.221660e-01
-2.976670e-01
-3.715502e-01
-4.435404e-01
-5.129317e-01
-5.792253e-01
-6.423350e-01
-7.020370e-01
-7.573677e-01
-8.086712e-01
-8.551214e-01
-8.969766e-01
-9.335654e-01
-9.648535e-01
-9.907031e-01
-1.011011e+00
-1.025502e+00
-1.034107e+00
-1.036775e+00
-1.033780e+00
-1.024762e+00
-1.009910e+00
-9.893263e-01
-9.630636e-01
-9.315346e-01
-8.946016e-01
-8.524883e-01
-8.056078e-01
-7.542355e-01
-6.984229e-01
-6.386692e-01
-5.754046e-01
-5.089218e-01
-4.393927e-01
-3.672821e-01
-2.931235e-01
-2.176397e-01
-1.406415e-01
-6.228359e-02
1.486958e-02
9.348561e-02
1.711207e-01
2.474822e-01
3.226217e-01
3.959715e-01
4.671699e-01
5.355803e-01
6.008413e-01
6.628667e-01
7.210198e-01
7.750942e-01
8.247799e-01
8.697673e-01
9.098842e-01
9.448380e-01
9.742330e-01
9.982584e-01
1.016587e+00
1.029168e+00
1.035794e+00
1.036551e+00
1.031560e+00
1.020649e+00
1.003834e+00
9.813752e-01
9.533399e-01
9.200382e-01
8.812981e-01
8.376359e-01
7.892581e-01
7.363541e-01
6.791991e-01
6.182407e-01
5.537887e-01
4.861355e-01
4.157459e-01
3.429469e-01
2.683237e-01
1.923064e-01
1.148606e-01
3.629624e-02
-4.071925e-02
-1.192837e-01
-1.965745e-01
-2.724369e-01
-3.471462e-01
-4.198592e-01
-4.901111e-01
-5.575233e-01
-6.218205e-01
-6.825207e-01
-7.394864e-01
-7.921322e-01
-8.401486e-01
-8.835699e-01
-9.219657e-01
-9.550265e-01
-9.827348e-01
-1.004833e+00
-1.021337e+00
-1.031801e+00
-1.036585e+00
-1.035346e+00
-1.028393e+00
-1.015417e+00
-9.967611e-01
-9.724604e-01
-9.426868e-01
-9.075436e-01
-8.670653e-01
-8.217509e-01
-7.719275e-01
-7.175262e-01
-6.589772e-01
-5.968485e-01
-5.314499e-01
-4.628330e-01
-3.915829e-01
-3.180094e-01
-2.429387e-01
-1.664395e-01
-8.852909e-02
-1.070472e-02
6.725732e-02
1.453915e-01
2.221832e-01
2.977186e-01
3.717051e-01
4.436092e-01
5.130522e-01
5.793974e-01
6.425587e-01
7.021403e-01
7.576431e-01
8.087401e-01
8.552419e-01
8.970970e-01
9.337031e-01
9.649739e-01
9.908752e-01
1.011114e+00
1.025640e+00
1.034210e+00
1.037016e+00
1.033849e+00
1.024934e+00
1.010082e+00
9.894468e-01
9.633734e-01
9.317755e-01
8.948425e-01
8.527120e-01
8.058660e-01
7.544764e-01
6.986983e-01
6.389274e-01
5.756284e-01
5.090595e-01
4.394960e-01
3.674886e-01
2.934505e-01
2.178635e-01
1.408824e-01
6.261058e-02
-1.466306e-02
-9.317583e-02
-1.710002e-01
-2.473961e-01
-3.224669e-01
-3.957994e-01
-4.669634e-01
-5.352877e-01
-6.006003e-01
-6.625913e-01
-7.209338e-01
-7.750253e-01
-8.246078e-01
-8.696468e-01
-9.097637e-01
-9.445971e-01
-9.740781e-01
-9.981379e-01
-1.016432e+00
-1.029013e+00
-1.035656e+00
-1.036362e+00
-1.031388e+00
-1.020459e+00
-1.003594e+00
-9.812031e-01
-9.531678e-01
-9.197972e-01
-8.810916e-01
-8.374122e-01
-7.890688e-01
-7.361820e-01
-6.789754e-01
-6.180342e-01
-5.536338e-01
-4.860667e-01
-4.156427e-01
-3.428265e-01
-2.681516e-01
-1.920310e-01
-1.146025e-01
-3.607251e-02
4.099461e-02
1.194041e-01
1.967294e-01
2.726606e-01
3.471634e-01
4.199108e-01
4.901799e-01
5.577126e-01
6.219065e-01
6.826584e-01
7.395896e-01
7.921839e-01
8.403035e-01
8.837420e-01
9.220862e-01
9.551641e-01
9.828725e-01
1.004988e+00
1.021423e+00
1.032059e+00
1.036723e+00
1.035604e+00
1.028565e+00
1.015778e+00
9.970537e-01
9.726669e-01
9.428761e-01
9.077846e-01
8.672890e-01
8.220091e-01
7.720996e-01
7.177671e-01
6.592870e-01
5.970550e-01
5.315704e-01
4.629362e-01
3.917550e-01
3.182504e-01
2.431796e-01
1.666632e-01
8.890771e-02
1.092845e-02
-6.698196e-02
-1.452022e-01
-2.220283e-01
-2.975121e-01
-3.714986e-01
-4.434715e-01
-5.128285e-01
-5.791565e-01
-6.423522e-01
-7.019854e-01
-7.574193e-01
-8.086196e-01
-8.551559e-01
-8.969077e-01
-9.335826e-01
-9.648535e-01
-9.907031e-01
-1.010942e+00
-1.025502e+00
-1.034056e+00
-1.036844e+00
-1.033711e+00
-1.024796e+00
-1.009892e+00
-9.893435e-01
-9.630980e-01
-9.315690e-01
-8.946016e-01
-8.525227e-01
-8.056939e-01
-7.542699e-01
-6.985262e-01
-6.386520e-01
-5.754563e-01
-5.089390e-01
-4.394271e-01
-3.672649e-01
-2.932268e-01
-2.176225e-01
-1.406415e-01
-6.230080e-02
1.485237e-02
9.341677e-02
1.711035e-01
2.474822e-01
3.226045e-01
3.959370e-01
4.670150e-01
5.354943e-01
6.008068e-01
6.627462e-01
7.210371e-01
7.751286e-01
8.247627e-01
8.698361e-01
9.099014e-01
9.447692e-01
9.742158e-01
9.982412e-01
1.016622e+00
1.029116e+00
1.035777e+00
1.036517e+00
1.031612e+00
1.020632e+00
1.003852e+00
9.813064e-01
9.534259e-01
9.199866e-01
8.813669e-01
8.376359e-01
7.892409e-01
7.363369e-01
6.792508e-01
6.181891e-01
5.538059e-01
4.861527e-01
4.157804e-01
3.429642e-01
2.683409e-01
1.923580e-01
1.149639e-01
3.638229e-02
-4.056436e-02
-1.192492e-01
-1.965401e-01
-2.724713e-01
-3.470430e-01
-4.198248e-01
-4.900422e-01
-5.573684e-01
-6.216828e-01
-6.824002e-01
-7.393659e-01
-7.920118e-01
-8.401314e-01
-8.835526e-01
-9.219485e-01
-9.549576e-01
-9.827348e-01
-1.004833e+00
-1.021303e+00
-1.031853e+00
-1.036620e+00
-1.035415e+00
-1.028445e+00
-1.015572e+00
-9.967783e-01
-9.725292e-01
-9.426696e-01
-9.075264e-01
-8.670653e-01
-8.217337e-01
-7.718587e-01
-7.175262e-01
-6.590288e-01
-5.969518e-01
-5.313466e-01
-4.629018e-01
-3.915829e-01
-3.181127e-01
-2.429731e-01
-1.664223e-01
-8.854630e-02
-1.068751e-02
6.722290e-02
1.454087e-01
2.222004e-01
2.976842e-01
3.716535e-01
4.436436e-01
5.129662e-01
5.793458e-01
6.424210e-01
7.020542e-01
7.575398e-01
8.087056e-01
8.553280e-01
8.970626e-01
9.337375e-01
9.650083e-01
9.908580e-01
1.011183e+00
1.025640e+00
1.034228e+00
1.036981e+00
1.033866e+00
1.024951e+00
1.010116e+00
9.895500e-01
9.633734e-01
9.317927e-01
8.948081e-01
8.527809e-01
8.058832e-01
7.544936e-01
6.987327e-01
6.390134e-01
5.756456e-01
5.090422e-01
4.395304e-01
3.674198e-01
2.933645e-01
2.178807e-01
1.409168e-01
6.267942e-02
-1.466306e-02
-9.310699e-02
-1.709658e-01
-2.473789e-01
-3.224152e-01
-3.957994e-01
-4.668773e-01
-5.352705e-01
-6.006347e-01
-6.625397e-01
-7.208650e-01
-7.749909e-01
-8.245390e-01
-8.695780e-01
-9.097121e-01
-9.445799e-01
-9.740437e-01
-9.980863e-01
-1.016450e+00
-1.029013e+00
-1.035656e+00
-1.036517e+00
-1.031405e+00
-1.020494e+00
-1.003714e+00
-9.812203e-01
-9.532366e-01
-9.198661e-01
-8.811088e-01
-8.374122e-01
-7.889828e-01
-7.360787e-01
-6.789754e-01
-6.179826e-01
-5.536338e-01
-4.861355e-01
-4.156771e-01
-3.428093e-01
-2.681860e-01
-1.920999e-01
-1.146885e-01
-3.610693e-02
4.082251e-02
1.194558e-01
1.967122e-01
2.726606e-01
3.471979e-01
4.198936e-01
4.902315e-01
5.576610e-01
6.218377e-01
6.826240e-01
7.395552e-01
7.921150e-01
8.402347e-01
8.837075e-01
9.220862e-01
9.551469e-01
9.828209e-01
1.004988e+00
1.021492e+00
1.032008e+00
1.036689e+00
1.035553e+00
1.028548e+00
1.015641e+00
9.970020e-01
9.726841e-01
9.428933e-01
9.077329e-01
8.672890e-01
8.220263e-01
7.720652e-01
7.177327e-01
6.592870e-01
5.971411e-01
5.316220e-01
4.630051e-01
3.917894e-01
3.183192e-01
2.431968e-01
1.667321e-01
8.890771e-02
1.094566e-02
-6.694754e-02
-1.451161e-01
-2.220111e-01
-2.975121e-01
-3.715330e-01
-4.434543e-01
-5.127941e-01
-5.791737e-01
-6.423006e-01
-7.018821e-01
-7.573505e-01
-8.085163e-01
-8.550870e-01
-8.969594e-01
-9.335482e-01
-9.648018e-01
-9.906859e-01
-1.010977e+00
-1.025536e+00
-1.034073e+00
-1.036826e+00
-1.033694e+00
-1.024728e+00
-1.009979e+00
-9.892747e-01
-9.631497e-01
-9.315346e-01
-8.946704e-01
-8.525055e-01
-8.056422e-01
-7.542183e-01
-6.984917e-01
-6.387036e-01
-5.754907e-01
-5.089562e-01
-4.395132e-01
-3.673165e-01
-2.931752e-01
-2.176225e-01
-1.406759e-01
-6.236964e-02
1.486958e-02
9.336514e-02
1.711035e-01
2.474650e-01
3.225357e-01
3.958682e-01
4.670322e-01
5.354599e-01
6.007380e-01
6.627290e-01
7.210026e-01
7.750770e-01
8.247283e-01
8.697501e-01
9.098670e-01
9.447004e-01
9.742158e-01
9.982584e-01
1.016587e+00
1.029133e+00
1.035811e+00
1.036620e+00
1.031508e+00
1.020614e+00
1.003834e+00
9.813408e-01
9.534259e-01
9.200382e-01
8.813497e-01
8.376531e-01
7.892926e-01
7.363541e-01
6.792680e-01
6.182235e-01
5.537887e-01
4.861699e-01
4.158320e-01
3.429986e-01
2.683237e-01
1.923752e-01
1.149811e-01
3.643392e-02
-4.065041e-02
-1.192664e-01
-1.965917e-01
-2.724541e-01
-3.470602e-01
-4.197731e-01
-4.899390e-01
-5.573684e-01
-6.216139e-01
-6.824174e-01
-7.394003e-01
-7.919946e-01
-8.400798e-01
-8.835010e-01
-9.218969e-01
-9.549576e-01
-9.826316e-01
-1.004850e+00
-1.021286e+00
-1.031818e+00
-1.036551e+00
-1.035398e+00
-1.028411e+00
-1.015520e+00
-9.968299e-01
-9.724259e-01
-9.427040e-01
-9.075264e-01
-8.671169e-01
-8.218026e-01
-7.719103e-01
-7.175090e-01
-6.590116e-01
-5.969690e-01
-5.315015e-01
-4.629362e-01
-3.916173e-01
-3.181471e-01
-2.430419e-01
-1.664911e-01
-8.859793e-02
-1.075635e-02
6.718848e-02
1.452882e-01
2.220455e-01
2.975810e-01
3.716019e-01
4.436264e-01
5.129490e-01
5.793114e-01
6.424210e-01
7.020026e-01
7.575570e-01
8.087573e-01
8.552936e-01
8.970454e-01
9.336514e-01
9.649395e-01
9.908236e-01
1.011114e+00
1.025640e+00
1.034159e+00
1.036947e+00
1.033815e+00
1.024969e+00
1.010116e+00
9.895328e-01
9.633218e-01
9.317755e-01
8.948769e-01
8.528153e-01
8.059004e-01
7.545625e-01
6.987327e-01
6.390134e-01
5.755940e-01
5.091455e-01
4.395476e-01
3.675403e-01
2.934161e-01
2.178463e-01
1.408824e-01
6.262779e-02
-1.461143e-02
-9.314141e-02
-1.709314e-01
-2.473273e-01
-3.223292e-01
-3.957477e-01
-4.669118e-01
-5.352705e-01
-6.005831e-01
-6.625225e-01
-7.208822e-01
-7.749737e-01
-8.245218e-01
-8.695952e-01
-9.096777e-01
-9.445627e-01
-9.740265e-01
-9.980519e-01
-1.016381e+00
-1.028961e+00
-1.035536e+00
-1.036413e+00
-1.031422e+00
-1.020459e+00
-1.003662e+00
-9.812375e-01
-9.532194e-01
-9.198145e-01
-8.811260e-01
-8.374122e-01
-7.890172e-01
-7.360960e-01
-6.789926e-01
-6.180342e-01
-5.536510e-01
-4.861871e-01
-4.156943e-01
-3.428437e-01
-2.681860e-01
-1.921171e-01
-1.146885e-01
-3.608972e-02
