8.935018e-02
1.389629e-01
1.882776e-01
2.371388e-01
2.854908e-01
3.332030e-01
3.801886e-01
4.262922e-01
4.715262e-01
5.156299e-01
5.586405e-01
6.002536e-01
6.407177e-01
6.796787e-01
7.171119e-01
7.529986e-01
7.871337e-01
8.195423e-01
8.501186e-01
8.788378e-01
9.055137e-01
9.302207e-01
9.527974e-01
9.732996e-01
9.916963e-01
1.007783e+00
1.021658e+00
1.033136e+00
1.042458e+00
1.049203e+00
1.053992e+00
1.056190e+00
1.056110e+00
1.053569e+00
1.048731e+00
1.041514e+00
1.032111e+00
1.020217e+00
1.006106e+00
9.898455e-01
9.711817e-01
9.505118e-01
9.276805e-01
9.027436e-01
8.757759e-01
8.469075e-01
8.160579e-01
7.834941e-01
7.492099e-01
7.131431e-01
6.755236e-01
6.363700e-01
5.957134e-01
5.538581e-01
5.106798e-01
4.664581e-01
4.211371e-01
3.748223e-01
3.277622e-01
2.798885e-01
2.314621e-01
1.823896e-01
1.330439e-01
8.333802e-02
3.343334e-02
-1.649618e-02
-6.645676e-02
-1.162496e-01
-1.657692e-01
-2.148354e-01
-2.635042e-01
-3.116325e-01
-3.588603e-01
-4.055353e-01
-4.511110e-01
-4.957302e-01
-5.394612e-01
-5.815898e-01
-6.227681e-01
-6.624124e-01
-7.005412e-01
-7.372290e-01
-7.721468e-01
-8.054187e-01
-8.367838e-01
-8.663850e-01
-8.940732e-01
-9.196560e-01
-9.433133e-01
-9.647658e-01
-9.840755e-01
-1.001286e+00
-1.016099e+00
-1.028720e+00
-1.039079e+00
-1.047017e+00
-1.052774e+00
-1.056041e+00
-1.057004e+00
-1.055625e+00
-1.051793e+00
-1.045651e+00
-1.037241e+00
-1.026459e+00
-1.013298e+00
-9.980128e-01
-9.804297e-01
-9.606356e-01
-9.387421e-01
-9.147431e-01
-8.886449e-01
-8.607392e-01
-8.307343e-01
-7.989282e-01
-7.652589e-01
-7.299312e-01
-6.929887e-01
-6.544127e-01
-6.145325e-01
-5.731616e-01
-5.305547e-01
-4.867616e-01
-4.418629e-01
-3.959208e-01
-3.492147e-01
-3.015646e-01
-2.533307e-01
-2.045253e-01
-1.553225e-01
-1.056476e-01
-5.580504e-02
-5.794781e-03
4.417201e-02
9.403942e-02
1.437391e-01
1.931035e-01
2.420517e-01
2.904285e-01
3.381096e-01
3.851387e-01
4.312423e-01
4.764577e-01
5.204061e-01
5.634291e-01
6.051167e-01
6.454131e-01
6.842934e-01
7.217390e-01
7.573835e-01
7.915745e-01
8.238092e-01
8.542675e-01
8.828563e-01
9.094080e-01
9.339535e-01
9.564929e-01
9.768336e-01
9.948949e-01
1.010845e+00
1.024496e+00
1.035819e+00
1.045042e+00
1.051663e+00
1.056054e+00
1.058041e+00
1.057737e+00
1.055054e+00
1.049905e+00
1.042464e+00
1.032825e+00
1.020832e+00
1.006441e+00
9.898889e-01
9.711320e-01
9.500646e-01
9.270345e-01
9.019735e-01
8.747697e-01
8.455908e-01
8.146356e-01
7.816992e-01
7.471851e-01
7.110252e-01
6.730393e-01
6.337366e-01
5.928875e-01
5.508582e-01
5.075433e-01
4.631726e-01
4.176838e-01
3.711455e-01
3.239363e-01
2.759695e-01
2.273194e-01
1.782035e-01
1.286653e-01
7.889100e-02
2.885590e-02
-2.111710e-02
-7.119568e-02
-1.209451e-01
-1.706013e-01
-2.196862e-01
-2.683611e-01
-3.164335e-01
-3.638104e-01
-4.103736e-01
-4.560735e-01
-5.006740e-01
-5.442312e-01
-5.865585e-01
-6.275195e-01
-6.670954e-01
-7.052056e-01
-7.417009e-01
-7.765193e-01
-8.097290e-01
-8.411376e-01
-8.704655e-01
-8.980233e-01
-9.235378e-01
-9.469156e-01
-9.682750e-01
-9.873984e-01
-1.004485e+00
-1.019099e+00
-1.031539e+00
-1.041601e+00
-1.049464e+00
-1.054961e+00
-1.058066e+00
-1.058731e+00
-1.057079e+00
-1.053116e+00
-1.046694e+00
-1.037992e+00
-1.027099e+00
-1.013764e+00
-9.981743e-01
-9.804359e-01
-9.603623e-01
-9.381955e-01
-9.139916e-01
-8.876946e-01
-8.594225e-01
-8.292375e-01
-7.971706e-01
-7.633770e-01
-7.278319e-01
-6.907155e-01
-6.520091e-01
-6.117997e-01
-5.702673e-01
-5.274803e-01
-4.834884e-01
-4.384221e-01
-3.924241e-01
-3.453453e-01
-2.977263e-01
-2.492998e-01
-2.003951e-01
-1.510370e-01
-1.012068e-01
-5.131456e-02
-1.279448e-03
4.880535e-02
9.881561e-02
1.485774e-01
1.979542e-01
2.468713e-01
2.952978e-01
3.431280e-01
3.900204e-01
4.361799e-01
4.812898e-01
5.253873e-01
5.682736e-01
6.099178e-01
6.501210e-01
6.890324e-01
7.263475e-01
7.619112e-01
7.959843e-01
8.280947e-01
8.584536e-01
8.869120e-01
9.133829e-01
9.377049e-01
9.600020e-01
9.802807e-01
9.981557e-01
1.013882e+00
1.027403e+00
1.038576e+00
1.047452e+00
1.054017e+00
1.058203e+00
1.059911e+00
1.059451e+00
1.056501e+00
1.051135e+00
1.043539e+00
1.033570e+00
1.021266e+00
1.006745e+00
9.900070e-01
9.708836e-01
9.497230e-01
9.264383e-01
9.010915e-01
8.736579e-01
8.442369e-01
8.129960e-01
7.800843e-01
7.451666e-01
7.087644e-01
6.707226e-01
6.311405e-01
5.902168e-01
5.478956e-01
5.043944e-01
4.597938e-01
4.141126e-01
3.675121e-01
3.200980e-01
2.719572e-01
2.232450e-01
1.739676e-01
1.243300e-01
7.447505e-02
2.432193e-02
-2.576286e-02
-7.581039e-02
-1.256405e-01
-1.754334e-01
-2.245555e-01
-2.733609e-01
-3.214333e-01
-3.687294e-01
-4.153734e-01
-4.609801e-01
-5.056117e-01
-5.490881e-01
-5.913099e-01
-6.322087e-01
-6.718468e-01
-7.098576e-01
-7.461790e-01
-7.810470e-01
-8.141326e-01
-8.453175e-01
-8.746082e-01
-9.019549e-01
-9.273326e-01
-9.505863e-01
-9.718090e-01
-9.908392e-01
-1.007584e+00
-1.022061e+00
-1.034384e+00
-1.044278e+00
-1.051961e+00
-1.057110e+00
-1.060066e+00
-1.060532e+00
-1.058706e+00
-1.054520e+00
-1.047880e+00
-1.038986e+00
-1.027732e+00
-1.014180e+00
-9.983855e-01
-9.802745e-01
-9.601014e-01
-9.376987e-01
-9.132836e-01
-8.866636e-01
-8.582859e-01
-8.278711e-01
-7.955619e-01
-7.614764e-01
-7.258196e-01
-6.883864e-01
-6.494937e-01
-6.091041e-01
-5.674103e-01
-5.243873e-01
-4.802091e-01
-4.349750e-01
-3.887534e-01
-3.416809e-01
-2.937389e-01
-2.452689e-01
-1.962462e-01
-1.467142e-01
-9.687159e-02
-4.673711e-02
3.403580e-03
5.356912e-02
1.035359e-01
1.533412e-01
2.027801e-01
2.517966e-01
3.002479e-01
3.480098e-01
3.950016e-01
4.411176e-01
4.862088e-01
5.302193e-01
5.731305e-01
6.146505e-01
6.549717e-01
6.937340e-01
7.308877e-01
7.664700e-01
8.003443e-01
8.324672e-01
8.626770e-01
8.909615e-01
9.173082e-01
9.415246e-01
9.636541e-01
9.837339e-01
1.001447e+00
1.017049e+00
1.030353e+00
1.041303e+00
1.050004e+00
1.056246e+00
1.060296e+00
1.061780e+00
1.061054e+00
1.057967e+00
1.052402e+00
1.044539e+00
1.034372e+00
1.021807e+00
1.007099e+00
9.900566e-01
9.708028e-01
9.493193e-01
9.258234e-01
9.002034e-01
8.725089e-01
8.430506e-01
8.115178e-01
7.782645e-01
7.431667e-01
7.065285e-01
6.682755e-01
6.285443e-01
5.874467e-01
5.449578e-01
5.012020e-01
4.564586e-01
4.105910e-01
3.638104e-01
3.162969e-01
2.679946e-01
2.191272e-01
1.697256e-01
1.200445e-01
6.992866e-02
1.974449e-02
-3.044589e-02
-8.056174e-02
-1.304602e-01
-1.801723e-01
-2.294497e-01
-2.781992e-01
-3.263462e-01
-3.737851e-01
-4.203421e-01
-4.659985e-01
-5.105370e-01
-5.539637e-01
-5.962165e-01
-6.370284e-01
-6.764739e-01
-7.145220e-01
-7.508744e-01
-7.854630e-01
-8.184926e-01
-8.495410e-01
-8.787882e-01
-9.060168e-01
-9.311958e-01
-9.543315e-01
-9.753368e-01
-9.942117e-01
-1.010820e+00
-1.025161e+00
-1.037247e+00
-1.046918e+00
-1.054340e+00
-1.059383e+00
-1.062097e+00
-1.062352e+00
-1.060283e+00
-1.055849e+00
-1.048942e+00
-1.039850e+00
-1.028415e+00
-1.014584e+00
-9.986898e-01
-9.802745e-01
-9.598468e-01
-9.372328e-01
-9.124824e-01
-8.857506e-01
-8.571059e-01
-8.264053e-01
-7.939036e-01
-7.596070e-01
-7.236520e-01
-6.861443e-01
-6.469659e-01
-6.064272e-01
-5.644787e-01
-5.212881e-01
-4.769173e-01
-4.315590e-01
-3.851573e-01
-3.378798e-01
-2.898633e-01
-2.412505e-01
-1.920166e-01
-1.424224e-01
-9.241216e-02
-4.219694e-02
8.024498e-03
5.821488e-02
1.082873e-01
1.581671e-01
2.076370e-01
2.567653e-01
3.052042e-01
3.529723e-01
4.000262e-01
4.460553e-01
4.911900e-01
5.351881e-01
5.781055e-01
6.195695e-01
6.596920e-01
6.983860e-01
7.355645e-01
7.710475e-01
8.047168e-01
8.367589e-01
8.669315e-01
8.949924e-01
9.212087e-01
9.453194e-01
9.673185e-01
9.871437e-01
1.004764e+00
1.020124e+00
1.033260e+00
1.044017e+00
1.052557e+00
1.058613e+00
1.062339e+00
1.063718e+00
1.062786e+00
1.059451e+00
1.053613e+00
1.045595e+00
1.035129e+00
1.022409e+00
1.007429e+00
9.901374e-01
9.706413e-01
9.489777e-01
9.252147e-01
8.993401e-01
8.714841e-01
8.416531e-01
8.099526e-01
7.764075e-01
7.412227e-01
7.043671e-01
6.659526e-01
6.259295e-01
5.845710e-01
5.419393e-01
4.980220e-01
4.530736e-01
4.070880e-01
3.601273e-01
3.124586e-01
2.639700e-01
2.150342e-01
1.655084e-01
1.155913e-01
6.550649e-02
1.512357e-02
-3.506060e-02
-8.528203e-02
-1.353234e-01
-1.850976e-01
-2.344247e-01
-2.831803e-01
-3.312838e-01
-3.787290e-01
-4.252487e-01
-4.708865e-01
-5.154312e-01
-5.589262e-01
-6.010859e-01
-6.419288e-01
-6.812874e-01
-7.192174e-01
-7.554146e-01
-7.900715e-01
-8.228340e-01
-8.538451e-01
-8.828563e-01
-9.099794e-01
-9.350652e-01
-9.580208e-01
-9.788646e-01
-9.975222e-01
-1.014025e+00
-1.028148e+00
-1.040086e+00
-1.049557e+00
-1.056774e+00
-1.061606e+00
-1.064060e+00
-1.064153e+00
-1.061836e+00
-1.057197e+00
-1.050135e+00
-1.040744e+00
-1.029030e+00
-1.015056e+00
-9.987147e-01
-9.801627e-01
-9.594431e-01
-9.366614e-01
-9.117308e-01
-8.847755e-01
-8.558078e-01
-8.249333e-01
-7.922143e-01
-7.577810e-01
-7.215962e-01
-6.837655e-01
-6.444753e-01
-6.036882e-01
-5.616093e-01
-5.182820e-01
-4.737559e-01
-4.281244e-01
-3.815301e-01
-3.341222e-01
-2.859628e-01
-2.371575e-01
-1.878490e-01
-1.380251e-01
-8.800241e-02
-3.770024e-02
1.267647e-02
6.288548e-02
1.130510e-01
1.630737e-01
2.126306e-01
2.616968e-01
3.101916e-01
3.579473e-01
4.050074e-01
4.511606e-01
4.961773e-01
5.401754e-01
5.829065e-01
6.243892e-01
6.645676e-01
7.031436e-01
7.401358e-01
7.755814e-01
8.092508e-01
8.411252e-01
8.710680e-01
8.991227e-01
9.251526e-01
9.491081e-01
9.709891e-01
9.906094e-01
1.008106e+00
1.023254e+00
1.036204e+00
1.046824e+00
1.055122e+00
1.061004e+00
1.064494e+00
1.065662e+00
1.064482e+00
1.060886e+00
1.054861e+00
1.046483e+00
1.035930e+00
1.022906e+00
1.007652e+00
9.901933e-01
9.704488e-01
9.485553e-01
9.245191e-01
8.984457e-01
8.703972e-01
8.403861e-01
8.084558e-01
7.747367e-01
7.393345e-01
7.021933e-01
6.634496e-01
6.233085e-01
5.817575e-01
5.389022e-01
4.948793e-01
4.496825e-01
4.036037e-01
3.564753e-01
3.085643e-01
2.600260e-01
2.108418e-01
1.611670e-01
1.112126e-01
6.100979e-02
1.058961e-02
-3.979952e-02
-9.003959e-02
-1.401120e-01
-1.899607e-01
-2.392505e-01
-2.881056e-01
-3.362836e-01
-3.836977e-01
-4.303230e-01
-4.758677e-01
-5.204993e-01
-5.638390e-01
-6.060546e-01
-6.467671e-01
-6.860573e-01
-7.239066e-01
-7.600852e-01
-7.946117e-01
-8.272811e-01
-8.581493e-01
-8.870921e-01
-9.140661e-01
-9.388974e-01
-9.618529e-01
-9.825414e-01
-1.000938e+00
-1.017248e+00
-1.031285e+00
-1.042880e+00
-1.052247e+00
-1.059228e+00
-1.063886e+00
-1.066078e+00
-1.066029e+00
-1.063364e+00
-1.058495e+00
-1.051290e+00
-1.041688e+00
-1.029806e+00
-1.015453e+00
-9.989631e-01
-9.802123e-01
-9.592878e-01
-9.361708e-01
-9.109855e-01
-8.838314e-01
-8.546091e-01
-8.234738e-01
-7.905621e-01
-7.558183e-01
-7.195404e-01
-6.814737e-01
-6.419474e-01
-6.010051e-01
-5.587336e-01
-5.151579e-01
-4.703399e-01
-4.245904e-01
-3.778781e-01
-3.303833e-01
-2.820065e-01
-2.330645e-01
-1.836629e-01
-1.336837e-01
-8.356782e-02
-3.318490e-02
1.727876e-02
6.769273e-02
1.178458e-01
1.679120e-01
2.175248e-01
2.666158e-01
3.151665e-01
3.629595e-01
4.099947e-01
4.560486e-01
5.011895e-01
5.451193e-01
5.879374e-01
6.292027e-01
6.693624e-01
7.079011e-01
7.448001e-01
7.802086e-01
8.136916e-01
8.454852e-01
8.753908e-01
9.032219e-01
9.291276e-01
9.529589e-01
9.746412e-01
9.941372e-01
1.011472e+00
1.026490e+00
1.039135e+00
1.049545e+00
1.057613e+00
1.063352e+00
1.066662e+00
1.067699e+00
1.066215e+00
1.062290e+00
1.056166e+00
1.047588e+00
1.036682e+00
1.023540e+00
1.008068e+00
9.902368e-01
9.703246e-01
9.481454e-01
9.239353e-01
8.976134e-01
8.692544e-01
8.390011e-01
8.069527e-01
7.729480e-01
7.372415e-01
6.999201e-01
6.610087e-01
6.206689e-01
5.788756e-01
5.358713e-01
4.915999e-01
4.462727e-01
3.999206e-01
3.526804e-01
3.047322e-01
2.560014e-01
2.066929e-01
1.569249e-01
1.068091e-01
5.646961e-02
6.049428e-03
-4.450118e-02
-9.484684e-02
-1.449751e-01
-1.948860e-01
-2.442565e-01
-2.930991e-01
-3.413331e-01
-3.887472e-01
-4.353290e-01
-4.809544e-01
-5.254369e-01
-5.688885e-01
-6.108929e-01
-6.516489e-01
-6.908584e-01
-7.285772e-01
-7.647123e-01
-7.990897e-01
-8.317405e-01
-8.624472e-01
-8.912783e-01
-9.181840e-01
-9.429841e-01
-9.655670e-01
-9.860630e-01
-1.004360e+00
-1.020478e+00
-1.034328e+00
-1.045781e+00
-1.054936e+00
-1.061700e+00
-1.066097e+00
-1.068109e+00
-1.067830e+00
-1.065004e+00
-1.059892e+00
-1.052439e+00
-1.042589e+00
-1.030397e+00
-1.015906e+00
-9.991805e-01
-9.801627e-01
-9.590269e-01
-9.357174e-01
-9.102837e-01
-8.828004e-01
-8.533607e-01
-8.220391e-01
-7.889535e-01
-7.540730e-01
-7.174287e-01
-6.791757e-01
-6.393389e-01
-5.982909e-01
-5.557214e-01
-5.120027e-01
-4.670606e-01
-4.211371e-01
-3.742944e-01
-3.264704e-01
-2.780936e-01
-2.289963e-01
-1.793090e-01
-1.293112e-01
-7.910218e-02
-2.857641e-02
2.194936e-02
7.245650e-02
1.227587e-01
1.727814e-01
2.224252e-01
2.715100e-01
3.201539e-01
3.679531e-01
4.150194e-01
4.610919e-01
5.061210e-01
5.501067e-01
5.928129e-01
6.342273e-01
6.742193e-01
7.126587e-01
7.495950e-01
7.847860e-01
8.182442e-01
8.498391e-01
8.795583e-01
9.074080e-01
9.331398e-01
9.568034e-01
9.783304e-01
9.976712e-01
1.014788e+00
1.029651e+00
1.042141e+00
1.052346e+00
1.060221e+00
1.065799e+00
1.068768e+00
1.069600e+00
1.067830e+00
1.063855e+00
1.057408e+00
1.048613e+00
1.037595e+00
1.024055e+00
1.008317e+00
9.903672e-01
9.701941e-01
9.477479e-01
9.233142e-01
8.967439e-01
8.681923e-01
8.377030e-01
8.052696e-01
7.711779e-01
7.352788e-01
6.977587e-01
6.586610e-01
6.180665e-01
5.760186e-01
5.328341e-01
4.884261e-01
4.429312e-01
3.963804e-01
3.490160e-01
3.008379e-01
2.519643e-01
2.025006e-01
1.526332e-01
1.024055e-01
5.191080e-02
1.260815e-03
-4.919042e-02
-9.970377e-02
-1.499252e-01
-1.997616e-01
-2.492253e-01
-2.980927e-01
-3.463329e-01
-3.938401e-01
-4.403226e-01
-4.859107e-01
-5.304988e-01
-5.737454e-01
-6.158802e-01
-6.565120e-01
-6.957029e-01
-7.333596e-01
-7.693643e-01
-8.036237e-01
-8.361813e-01
-8.668135e-01
-8.954520e-01
-9.222397e-01
-9.467728e-01
-9.692687e-01
-9.896902e-01
-1.007901e+00
-1.023788e+00
-1.037322e+00
-1.048694e+00
-1.057557e+00
-1.064178e+00
-1.068389e+00
-1.070246e+00
-1.069556e+00
-1.066712e+00
-1.061296e+00
-1.053600e+00
-1.043508e+00
-1.031018e+00
-1.016354e+00
-9.993047e-01
-9.801006e-01
-9.587599e-01
-9.352267e-01
-9.095322e-01
-8.818253e-01
-8.521558e-01
-8.206105e-01
-7.872207e-01
-7.521228e-01
-7.152548e-01
-6.768279e-01
-6.369166e-01
-5.955085e-01
-5.528271e-01
-5.088538e-01
-4.637936e-01
-4.176714e-01
-3.705927e-01
-3.227128e-01
-2.740751e-01
-2.248474e-01
-1.750918e-01
-1.250070e-01
-7.451231e-02
-2.400517e-02
2.657028e-02
7.721406e-02
1.276467e-01
1.777190e-01
2.273566e-01
2.766030e-01
3.252158e-01
3.730398e-01
4.201185e-01
4.661352e-01
5.112761e-01
5.551003e-01
5.977630e-01
6.390780e-01
6.790390e-01
7.174535e-01
7.542407e-01
7.893572e-01
8.227719e-01
8.541929e-01
8.839184e-01
9.115383e-01
9.371210e-01
9.606977e-01
9.820073e-01
1.001100e+00
1.018099e+00
1.032744e+00
1.045042e+00
1.055141e+00
1.062675e+00
1.068128e+00
1.070879e+00
1.071625e+00
1.069494e+00
1.065376e+00
1.058706e+00
1.049756e+00
1.038303e+00
1.024627e+00
1.008652e+00
9.904541e-01
9.698898e-01
9.473753e-01
9.226931e-01
8.958433e-01
8.670744e-01
8.363304e-01
8.037976e-01
7.694202e-01
7.332416e-01
6.955290e-01
6.561891e-01
6.154393e-01
5.732796e-01
5.298840e-01
4.851902e-01
4.394841e-01
3.928153e-01
3.452211e-01
2.968630e-01
2.479210e-01
1.982834e-01
1.483104e-01
9.787776e-02
4.738305e-02
-3.260729e-03
-5.392314e-02
-1.045110e-01
-1.547449e-01
-2.047303e-01
-2.541692e-01
-3.030739e-01
-3.513948e-01
-3.988275e-01
-4.454156e-01
-4.909912e-01
-5.355048e-01
-5.787825e-01
-6.208366e-01
-6.613752e-01
-7.005350e-01
-7.381234e-01
-7.739480e-01
-8.082011e-01
-8.406345e-01
-8.710804e-01
-8.997065e-01
-9.262395e-01
-9.507354e-01
-9.731009e-01
-9.933484e-01
-1.011248e+00
-1.027036e+00
-1.040433e+00
-1.051489e+00
-1.060228e+00
-1.066581e+00
-1.070631e+00
-1.072339e+00
-1.071463e+00
-1.068240e+00
-1.062693e+00
-1.054669e+00
-1.044470e+00
-1.031782e+00
-1.016782e+00
-9.995966e-01
-9.801006e-01
-9.583748e-01
-9.346491e-01
-9.087682e-01
-8.808874e-01
-8.509633e-01
-8.192193e-01
-7.855810e-01
-7.501664e-01
-7.131990e-01
-6.744740e-01
-6.343701e-01
-5.927819e-01
-5.498520e-01
-5.057484e-01
-4.605019e-01
-4.141809e-01
-3.669345e-01
-3.189490e-01
-2.701001e-01
-2.207793e-01
-1.708373e-01
-1.206035e-01
-7.010877e-02
-1.940910e-02
3.134026e-02
8.194056e-02
1.324166e-01
1.826505e-01
2.323502e-01
2.816028e-01
3.301721e-01
3.780520e-01
4.251369e-01
4.712343e-01
5.162634e-01
5.601063e-01
6.027752e-01
6.440405e-01
6.839332e-01
7.222980e-01
7.589859e-01
7.939533e-01
8.273183e-01
8.586959e-01
8.881107e-01
9.156623e-01
9.411457e-01
9.644491e-01
9.857338e-01
1.004758e+00
1.021397e+00
1.035993e+00
1.048091e+00
1.057954e+00
1.065401e+00
1.070482e+00
1.073134e+00
1.073407e+00
1.071401e+00
1.066699e+00
1.059942e+00
1.050731e+00
1.039086e+00
1.025229e+00
1.008969e+00
9.905163e-01
9.697842e-01
9.469964e-01
9.220658e-01
8.950235e-01
8.659875e-01
8.350571e-01
8.021207e-01
7.675383e-01
7.312728e-01
6.932993e-01
6.537606e-01
6.128058e-01
5.704039e-01
5.267909e-01
4.819668e-01
4.360433e-01
3.892316e-01
3.415070e-01
2.930184e-01
2.438218e-01
1.940972e-01
1.439441e-01
9.348044e-02
4.278697e-02
-7.881647e-03
-5.873038e-02
-1.093121e-01
-1.597633e-01
-2.096059e-01
-2.592559e-01
-3.081730e-01
-3.565001e-01
-4.039205e-01
-4.504774e-01
-4.960655e-01
-5.405543e-01
-5.838009e-01
-6.257432e-01
-6.663129e-01
-7.053919e-01
-7.428748e-01
-7.787428e-01
-8.128531e-01
-8.450815e-01
-8.754964e-01
-9.038802e-01
-9.303760e-01
-9.547725e-01
-9.769578e-01
-9.969694e-01
-1.014726e+00
-1.030334e+00
-1.043551e+00
-1.054364e+00
-1.063016e+00
-1.069115e+00
-1.072885e+00
-1.074239e+00
-1.073270e+00
-1.069923e+00
-1.064072e+00
-1.055849e+00
-1.045247e+00
-1.032440e+00
-1.017260e+00
-9.997829e-01
-9.800571e-01
-9.581512e-01
-9.341398e-01
-9.079235e-01
-8.798316e-01
-8.497211e-01
-8.177163e-01
-7.838357e-01
-7.482286e-01
-7.110004e-01
-6.721635e-01
-6.318174e-01
-5.900180e-01
-5.469081e-01
-5.025746e-01
-4.571231e-01
-4.106096e-01
-3.632017e-01
-3.150237e-01
-2.660879e-01
-2.166490e-01
-1.665642e-01
-1.162993e-01
-6.554375e-02
-1.475092e-02
3.597981e-02
8.676644e-02
1.372487e-01
1.875385e-01
2.373935e-01
2.865963e-01
3.352650e-01
3.831201e-01
4.302237e-01
4.763086e-01
5.212818e-01
5.650998e-01
6.077750e-01
6.490279e-01
6.888150e-01
7.270494e-01
7.637248e-01
7.986798e-01
8.318212e-01
8.631056e-01
8.925391e-01
9.198920e-01
9.451952e-01
9.683557e-01
9.893734e-01
1.008224e+00
1.024813e+00
1.039191e+00
1.051166e+00
1.060762e+00
1.068066e+00
1.072879e+00
1.075308e+00
1.075444e+00
1.072997e+00
1.068320e+00
1.061259e+00
1.051799e+00
1.039999e+00
1.025782e+00
1.009292e+00
9.905597e-01
9.696662e-01
9.466175e-01
9.213764e-01
8.940670e-01
8.648819e-01
8.336597e-01
8.005493e-01
7.657682e-01
7.292170e-01
6.910137e-01
6.512452e-01
6.101103e-01
5.675035e-01
5.237414e-01
4.787060e-01
4.326521e-01
3.856728e-01
3.376873e-01
2.890434e-01
2.396729e-01
1.899421e-01
1.396213e-01
8.898374e-02
3.827785e-02
-1.267647e-02
-6.345689e-02
-1.142000e-01
-1.646326e-01
-2.146429e-01
-2.641625e-01
-3.132598e-01
-3.614875e-01
-4.090445e-01
-4.555580e-01
-5.011647e-01
-5.455727e-01
-5.888504e-01
-6.307119e-01
-6.711698e-01
-7.101992e-01
-7.476820e-01
-7.833948e-01
-8.174306e-01
-8.496031e-01
-8.799123e-01
-9.081720e-01
-9.344814e-01
-9.587226e-01
-9.807092e-01
-1.000559e+00
-1.018273e+00
-1.033645e+00
-1.046644e+00
-1.057408e+00
-1.065699e+00
-1.071618e+00
-1.075233e+00
-1.076295e+00
-1.075115e+00
-1.071488e+00
-1.065438e+00
-1.056998e+00
-1.046209e+00
-1.033123e+00
-1.017677e+00
-9.999693e-01
-9.800074e-01
-9.579028e-01
-9.336057e-01
-9.072528e-01
-8.788503e-01
-8.485037e-01
-8.162008e-01
-7.821339e-01
-7.463591e-01
-7.088762e-01
-6.698344e-01
-6.292523e-01
-5.872417e-01
-5.439827e-01
-4.993511e-01
-4.537754e-01
-4.070383e-01
-3.595311e-01
-3.111481e-01
-2.620322e-01
-2.124132e-01
-1.623098e-01
-1.117592e-01
-6.098495e-02
-1.013621e-02
4.076843e-02
9.166685e-02
1.422175e-01
1.924886e-01
2.423374e-01
2.916769e-01
3.403704e-01
3.883062e-01
4.353104e-01
4.813829e-01
5.263437e-01
5.701741e-01
6.127872e-01
6.539469e-01
6.937589e-01
7.319622e-01
7.683892e-01
8.032697e-01
8.363117e-01
8.675340e-01
8.968309e-01
9.240222e-01
9.491143e-01
9.722562e-01
9.932553e-01
1.011888e+00
1.028229e+00
1.042290e+00
1.054104e+00
1.063575e+00
1.070618e+00
1.075221e+00
1.077457e+00
1.077382e+00
1.074780e+00
1.069879e+00
1.062550e+00
1.052781e+00
1.040731e+00
1.026384e+00
1.009565e+00
9.906156e-01
9.695358e-01
9.462138e-01
9.207615e-01
8.932347e-01
8.637453e-01
8.322808e-01
7.990152e-01
7.639360e-01
7.271798e-01
6.887777e-01
6.487608e-01
6.073899e-01
5.646837e-01
5.206483e-01
4.754764e-01
4.291740e-01
3.819897e-01
3.338614e-01
2.850995e-01
2.355985e-01
1.855821e-01
1.352799e-01
8.449325e-02
3.358861e-02
-1.732844e-02
-6.822066e-02
-1.191253e-01
-1.695331e-01
-2.196737e-01
-2.692306e-01
-3.182720e-01
-3.666612e-01
-4.141001e-01
-4.607006e-01
-5.062142e-01
-5.507091e-01
-5.938129e-01
-6.357241e-01
-6.761944e-01
-7.151182e-01
-7.525203e-01
-7.880840e-01
-8.220204e-01
-8.540936e-01
-8.842413e-01
-9.124202e-01
-9.385868e-01
-9.626044e-01
-9.845289e-01
-1.004280e+00
-1.021676e+00
-1.036825e+00
-1.049787e+00
-1.060221e+00
-1.068401e+00
-1.074134e+00
-1.077544e+00
-1.078425e+00
-1.076978e+00
-1.073146e+00
-1.066811e+00
-1.058134e+00
-1.047154e+00
-1.033819e+00
-1.018111e+00
-1.000180e+00
-9.799950e-01
-9.576543e-01
-9.331150e-01
-9.064702e-01
-8.778255e-01
-8.472678e-01
-8.147599e-01
-7.804943e-01
-7.444213e-01
-7.067459e-01
-6.674557e-01
-6.266686e-01
-5.844096e-01
-5.409642e-01
-4.961836e-01
-4.503532e-01
-4.035416e-01
-3.557921e-01
-3.072166e-01
-2.580758e-01
-2.082457e-01
-1.579497e-01
-1.073183e-01
-5.644477e-02
-5.453181e-03
4.561294e-02
9.641820e-02
1.471055e-01
1.974573e-01
2.474179e-01
2.967512e-01
3.454385e-01
3.934364e-01
4.403785e-01
4.865007e-01
5.315050e-01
5.753168e-01
6.178677e-01
6.589281e-01
6.985661e-01
7.367570e-01
7.732026e-01
8.080210e-01
8.409202e-01
8.719810e-01
9.011723e-01
9.281711e-01
9.532321e-01
9.761815e-01
9.968886e-01
1.015360e+00
1.031577e+00
1.045545e+00
1.057072e+00
1.066401e+00
1.073109e+00
1.077649e+00
1.079624e+00
1.079394e+00
1.076544e+00
1.071357e+00
1.063774e+00
1.053787e+00
1.041514e+00
1.026894e+00
1.009950e+00
9.907461e-01
9.693495e-01
9.457853e-01
9.201156e-01
8.924087e-01
8.625963e-01
8.310200e-01
7.974004e-01
7.621162e-01
7.251116e-01
6.864424e-01
6.463261e-01
6.047068e-01
5.617832e-01
5.175305e-01
4.721846e-01
4.257083e-01
3.783191e-01
3.300976e-01
2.810935e-01
2.315180e-01
1.814332e-01
1.307708e-01
7.995928e-02
2.899875e-02
-2.212327e-02
-7.307138e-02
-1.238394e-01
-1.745266e-01
-2.246984e-01
-2.743670e-01
-3.233898e-01
-3.717045e-01
-4.193173e-01
-4.658432e-01
-5.113258e-01
-5.557835e-01
-5.989679e-01
-6.407674e-01
-6.811445e-01
-7.200435e-01
-7.572654e-01
-7.928291e-01
-8.266972e-01
-8.585716e-01
-8.886449e-01
-9.166871e-01
-9.426239e-01
-9.665670e-01
-9.883983e-01
-1.007944e+00
-1.025204e+00
-1.040148e+00
-1.052880e+00
-1.063165e+00
-1.071153e+00
-1.076662e+00
-1.079742e+00
-1.080488e+00
-1.078885e+00
-1.074668e+00
-1.068196e+00
-1.059315e+00
-1.048073e+00
-1.034458e+00
-1.018527e+00
-1.000329e+00
-9.799018e-01
-9.573003e-01
-9.325622e-01
-9.056938e-01
-8.768566e-01
-8.460566e-01
-8.133065e-01
-7.787738e-01
-7.425207e-01
-7.045783e-01
-6.650396e-01
-6.239731e-01
-5.816209e-01
-5.379333e-01
-4.930346e-01
-4.470118e-01
-4.000200e-01
-3.520780e-01
-3.033472e-01
-2.539952e-01
-2.039912e-01
-1.537387e-01
-1.028900e-01
-5.189217e-02
-8.012077e-04
5.029597e-02
1.013124e-01
1.520680e-01
2.025689e-01
2.523680e-01
3.018814e-01
3.506619e-01
3.984859e-01
4.455957e-01
4.916434e-01
5.365980e-01
5.803663e-01
6.228240e-01
6.640086e-01
7.035845e-01
7.417009e-01
7.780472e-01
8.126668e-01
8.455225e-01
8.764466e-01
9.055013e-01
9.324504e-01
9.573438e-01
9.801627e-01
1.000696e+00
1.018968e+00
1.035024e+00
1.048731e+00
1.060153e+00
1.069227e+00
1.075736e+00
1.080109e+00
1.081786e+00
1.081363e+00
1.078245e+00
1.072867e+00
1.065097e+00
1.054787e+00
1.042278e+00
1.027421e+00
1.010236e+00
9.907895e-01
9.691693e-01
9.454188e-01
9.193765e-01
8.913963e-01
8.615218e-01
8.296039e-01
7.958538e-01
7.603461e-01
7.230930e-01
6.842624e-01
6.438666e-01
6.019368e-01
5.588268e-01
5.144064e-01
4.688617e-01
4.222302e-01
3.746857e-01
3.262903e-01
2.771557e-01
2.273877e-01
1.770855e-01
1.265411e-01
7.550606e-02
2.441510e-02
-2.685598e-02
-7.785378e-02
-1.288081e-01
-1.794767e-01
-2.296795e-01
-2.794351e-01
-3.285386e-01
-3.768657e-01
-4.243792e-01
-4.710231e-01
-5.164808e-01
-5.609572e-01
-6.040919e-01
-6.458044e-01
-6.861195e-01
-7.249625e-01
-7.621037e-01
-7.975370e-01
-8.313492e-01
-8.631615e-01
-8.931043e-01
-9.210161e-01
-9.468908e-01
-9.705792e-01
-9.921994e-01
-1.011571e+00
-1.028707e+00
-1.043502e+00
-1.055961e+00
-1.066097e+00
-1.073867e+00
-1.079115e+00
-1.082065e+00
-1.082587e+00
-1.080661e+00
-1.076357e+00
-1.069581e+00
-1.060501e+00
-1.049004e+00
-1.035173e+00
-1.019031e+00
-1.000584e+00
-9.798832e-01
-9.570581e-01
-9.319846e-01
-9.049485e-01
-8.757759e-01
-8.446965e-01
-8.118159e-01
-7.770224e-01
-7.405643e-01
-7.023424e-01
-6.625615e-01
-6.213769e-01
-5.787949e-01
-5.348837e-01
-4.897863e-01
-4.435771e-01
-3.964674e-01
-3.483514e-01
-2.994778e-01
-2.499395e-01
-1.998175e-01
-1.492544e-01
-9.842432e-02
-4.731473e-02
3.863187e-03
5.507837e-02
1.061818e-01
1.570243e-01
2.074693e-01
2.575541e-01
3.068625e-01
3.556679e-01
4.036596e-01
4.507383e-01
4.968046e-01
5.417282e-01
5.854965e-01
6.279480e-01
6.690767e-01
7.085657e-01
7.465578e-01
7.828668e-01
8.174119e-01
8.500813e-01
8.809992e-01
9.098303e-01
9.366801e-01
9.614243e-01
9.840445e-01
1.004435e+00
1.022596e+00
1.038446e+00
1.051942e+00
1.063165e+00
1.071954e+00
1.078413e+00
1.082475e+00
1.084015e+00
1.083313e+00
1.080059e+00
1.074426e+00
1.066314e+00
1.055830e+00
1.043054e+00
1.027987e+00
1.010515e+00
9.908641e-01
9.690017e-01
9.448660e-01
9.187119e-01
8.905019e-01
8.603293e-01
8.281941e-01
7.942266e-01
7.585325e-01
7.209813e-01
6.819271e-01
6.412891e-01
5.992412e-01
5.559387e-01
5.113258e-01
4.655886e-01
4.187583e-01
3.710399e-01
3.224706e-01
2.731745e-01
2.232326e-01
1.728248e-01
1.219637e-01
7.099694e-02
1.975070e-02
-3.160733e-02
-8.271072e-02
-1.337520e-01
-1.844517e-01
-2.347290e-01
-2.845157e-01
-3.336254e-01
-3.820332e-01
-4.296088e-01
-4.761534e-01
-5.217787e-01
-5.660128e-01
-6.090855e-01
-6.508601e-01
-6.911441e-01
-7.297760e-01
-7.669483e-01
-8.023567e-01
-8.359950e-01
-8.676644e-01
-8.974768e-01
-9.253017e-01
-9.510273e-01
-9.745915e-01
-9.961061e-01
-1.015279e+00
-1.032260e+00
-1.046781e+00
-1.059147e+00
-1.069028e+00
-1.076575e+00
-1.081761e+00
-1.084338e+00
-1.084711e+00
-1.082618e+00
-1.077947e+00
-1.070997e+00
-1.061644e+00
-1.049967e+00
-1.035800e+00
-1.019354e+00
-1.000677e+00
-9.798335e-01
-9.567040e-01
-9.314940e-01
-9.041473e-01
-8.748318e-01
-8.434729e-01
-8.103066e-01
-7.753019e-01
-7.385706e-01
-7.001934e-01
-6.602758e-01
-6.188118e-01
-5.759689e-01
-5.318963e-01
-4.865566e-01
-4.401611e-01
-3.928216e-01
-3.445255e-01
-2.955462e-01
-2.458714e-01
-1.955381e-01
-1.449627e-01
-9.387794e-02
-4.279318e-02
8.658011e-03
5.991046e-02
1.110697e-01
1.620489e-01
2.125064e-01
2.625849e-01
3.120859e-01
3.608291e-01
4.089140e-01
4.558872e-01
5.019970e-01
5.468770e-01
5.906080e-01
6.330534e-01
6.739958e-01
7.134475e-01
7.514148e-01
7.876182e-01
8.221198e-01
8.546898e-01
8.853717e-01
9.142214e-01
9.408724e-01
9.654304e-01
9.879077e-01
1.008168e+00
1.026198e+00
1.041806e+00
1.055153e+00
1.066233e+00
1.074891e+00
1.081059e+00
1.084885e+00
1.086257e+00
1.085183e+00
1.081748e+00
1.075923e+00
1.067575e+00
1.056830e+00
1.043868e+00
1.028533e+00
1.010807e+00
9.909137e-01
9.688340e-01
9.445120e-01
9.180225e-01
8.896076e-01
8.591803e-01
8.268277e-01
7.926117e-01
7.566009e-01
7.189317e-01
6.796290e-01
6.387923e-01
5.965333e-01
5.529327e-01
5.081830e-01
4.621602e-01
4.152429e-01
3.673009e-01
3.186136e-01
2.692058e-01
2.190464e-01
1.685145e-01
1.175664e-01
6.635117e-02
1.491861e-02
-3.628415e-02
-8.763597e-02
-1.387021e-01
-1.895073e-01
-2.398282e-01
-2.895776e-01
-3.388115e-01
-3.872131e-01
-4.347514e-01
-4.813581e-01
-5.267909e-01
-5.712114e-01
-6.142219e-01
-6.559034e-01
-6.961377e-01
-7.348254e-01
-7.717804e-01
-8.071080e-01
-8.405600e-01
-8.722729e-01
-9.019611e-01
-9.295189e-01
-9.551824e-01
-9.786224e-01
-9.998699e-01
-1.018981e+00
-1.035763e+00
-1.050209e+00
-1.062246e+00
-1.071941e+00
-1.079320e+00
-1.084208e+00
-1.086748e+00
-1.086674e+00
-1.084363e+00
-1.079674e+00
-1.072364e+00
-1.062793e+00
-1.050756e+00
-1.036502e+00
-1.019850e+00
-1.000920e+00
-9.797279e-01
-9.563500e-01
-9.308915e-01
-9.033896e-01
-8.737759e-01
-8.422618e-01
-8.088098e-01
-7.735629e-01
-7.366390e-01
-6.979637e-01
-6.578163e-01
-6.161473e-01
-5.731492e-01
-5.288840e-01
-4.832959e-01
-4.366954e-01
-3.891882e-01
-3.407865e-01
-2.915899e-01
-2.417349e-01
-1.914389e-01
-1.404722e-01
-8.938124e-02
-3.802941e-02
1.337830e-02
6.472391e-02
1.159826e-01
1.669928e-01
2.175931e-01
2.677214e-01
3.172658e-01
3.661084e-01
4.139821e-01
4.611540e-01
5.071085e-01
5.521004e-01
5.957879e-01
6.381153e-01
6.790266e-01
7.185528e-01
7.563090e-01
7.924378e-01
8.267780e-01
8.593791e-01
8.899802e-01
9.185194e-01
9.450772e-01
9.695358e-01
9.918951e-01
1.011863e+00
1.029720e+00
1.045253e+00
1.058433e+00
1.069227e+00
1.077624e+00
1.083699e+00
1.087220e+00
1.088487e+00
1.087264e+00
1.083438e+00
1.077376e+00
1.068817e+00
1.057936e+00
1.044688e+00
1.029043e+00
1.011087e+00
9.910628e-01
9.686104e-01
9.440524e-01
9.174324e-01
8.886697e-01
8.580437e-01
8.253557e-01
7.908727e-01
7.547438e-01
7.167765e-01
6.773310e-01
6.362769e-01
5.938750e-01
5.499949e-01
5.050155e-01
4.589181e-01
4.117276e-01
3.636241e-01
3.147007e-01
2.651376e-01
2.148665e-01
1.642289e-01
1.131318e-01
6.176752e-02
1.032875e-02
-4.110382e-02
-9.245564e-02
-1.436398e-01
-1.944699e-01
-2.449273e-01
-2.946829e-01
-3.439355e-01
-3.923744e-01
-4.399065e-01
-4.865504e-01
-5.320640e-01
-5.763478e-01
-6.193397e-01
-6.609839e-01
-7.011561e-01
-7.397693e-01
-7.766808e-01
-8.119215e-01
-8.452927e-01
-8.767758e-01
-9.064205e-01
-9.338914e-01
-9.592754e-01
-9.827153e-01
-1.003764e+00
-1.022633e+00
-1.039129e+00
-1.053364e+00
-1.065383e+00
-1.074842e+00
-1.082015e+00
-1.086723e+00
-1.089003e+00
-1.088804e+00
-1.086245e+00
-1.081233e+00
-1.073705e+00
-1.063898e+00
-1.051712e+00
-1.037117e+00
-1.020260e+00
-1.001118e+00
-9.796099e-01
-9.560146e-01
-9.303511e-01
-9.025325e-01
-8.726394e-01
-8.408892e-01
-8.071950e-01
-7.716810e-01
-7.346329e-01
-6.957774e-01
-6.553692e-01
-6.135574e-01
-5.702859e-01
-5.258158e-01
-4.801532e-01
-4.332794e-01
-3.855858e-01
-3.369606e-01
-2.876460e-01
-2.375984e-01
-1.870602e-01
-1.361680e-01
-8.482864e-02
-3.342713e-02
1.809860e-02
6.960569e-02
1.209140e-01
1.719988e-01
2.226736e-01
2.728019e-01
3.223091e-01
3.712324e-01
4.192552e-01
4.662532e-01
5.124437e-01
5.572554e-01
6.008871e-01
6.433076e-01
6.840761e-01
7.235091e-01
7.612280e-01
7.973445e-01
8.316163e-01
8.639813e-01
8.944272e-01
9.229353e-01
9.493752e-01
9.736785e-01
9.958017e-01
1.015745e+00
1.033297e+00
1.048669e+00
1.061700e+00
1.072215e+00
1.080488e+00
1.086276e+00
1.089754e+00
1.090599e+00
1.089096e+00
1.085152e+00
1.078823e+00
1.070072e+00
1.058892e+00
1.045427e+00
1.029602e+00
1.011348e+00
9.909696e-01
9.683930e-01
9.436114e-01
9.167492e-01
8.877132e-01
8.568202e-01
8.240203e-01
7.892454e-01
7.528557e-01
7.146896e-01
6.750081e-01
6.337180e-01
5.910180e-01
5.470633e-01
5.018106e-01
4.555393e-01
4.081377e-01
3.598789e-01
3.108748e-01
2.610384e-01
2.107114e-01
1.598440e-01
1.085730e-01
5.711555e-02
5.714039e-03
-4.589864e-02
-9.737468e-02
-1.486271e-01
-1.995752e-01
-2.500203e-01
-2.999001e-01
-3.491651e-01
-3.976536e-01
-4.451423e-01
-4.917862e-01
-5.371383e-01
-5.815525e-01
-6.245196e-01
-6.661576e-01
-7.062242e-01
-7.447008e-01
-7.815874e-01
-8.167225e-01
-8.499819e-01
-8.814464e-01
-9.107930e-01
-9.382576e-01
-9.635485e-01
-9.866841e-01
-1.007596e+00
-1.026335e+00
-1.042750e+00
-1.056824e+00
-1.068563e+00
-1.077804e+00
-1.084742e+00
-1.089245e+00
-1.091239e+00
-1.090835e+00
-1.088121e+00
-1.082798e+00
-1.075140e+00
-1.065010e+00
-1.052551e+00
-1.037781e+00
-1.020571e+00
-1.001211e+00
-9.795913e-01
-9.556668e-01
-9.297301e-01
-9.016319e-01
-8.715897e-01
-8.395600e-01
-8.056733e-01
-7.699854e-01
-7.325833e-01
-6.935477e-01
-6.529470e-01
-6.108370e-01
-5.674289e-01
-5.227228e-01
-4.767993e-01
-4.298262e-01
-3.819462e-01
-3.331533e-01
-2.836710e-01
-2.334744e-01
-1.827623e-01
-1.317086e-01
-8.025741e-02
-2.874410e-02
2.288100e-02
7.449368e-02
1.259014e-01
1.770607e-01
2.277355e-01
2.780004e-01
3.275387e-01
3.764372e-01
4.244972e-01
4.715449e-01
5.175801e-01
5.624788e-01
6.060546e-01
6.483820e-01
6.891939e-01
7.285213e-01
7.661595e-01
8.021952e-01
8.362372e-01
8.686023e-01
8.989798e-01
9.274072e-01
9.536918e-01
9.778584e-01
9.997705e-01
1.019465e+00
1.036999e+00
1.052197e+00
1.064855e+00
1.075345e+00
1.083345e+00
1.088947e+00
1.092046e+00
1.092804e+00
1.091065e+00
1.086947e+00
1.080419e+00
1.071302e+00
1.059979e+00
1.046203e+00
1.030067e+00
1.011720e+00
9.910007e-01
9.682191e-01
9.431394e-01
9.159605e-01
8.867878e-01
8.556525e-01
8.224552e-01
7.876430e-01
7.508993e-01
7.125779e-01
6.725548e-01
6.311591e-01
5.882790e-01
5.440635e-01
4.986555e-01
4.521606e-01
4.046658e-01
3.561151e-01
3.068687e-01
2.569951e-01
2.064383e-01
1.554529e-01
1.041322e-01
5.258779e-02
9.937459e-04
-5.079284e-02
-1.023310e-01
-1.536890e-01
-2.045626e-01
-2.550511e-01
-3.050986e-01
-3.543512e-01
-4.027963e-01
-4.503967e-01
-4.969413e-01
-5.424114e-01
-5.867697e-01
-6.296250e-01
-6.711698e-01
-7.112302e-01
-7.497192e-01
-7.864692e-01
-8.214925e-01
-8.546898e-01
-8.859804e-01
-9.153456e-01
-9.426177e-01
-9.677533e-01
-9.907026e-01
-1.011484e+00
-1.030067e+00
-1.046185e+00
-1.060203e+00
-1.071662e+00
-1.080692e+00
-1.087524e+00
-1.091748e+00
-1.093580e+00
-1.092971e+00
-1.089903e+00
-1.084407e+00
-1.076575e+00
-1.066202e+00
-1.053414e+00
-1.038390e+00
-1.021049e+00
-1.001323e+00
-9.794546e-01
-9.553563e-01
-9.292021e-01
-9.008679e-01
-8.704904e-01
-8.382930e-01
-8.041951e-01
-7.682091e-01
-7.306020e-01
-6.913304e-01
-6.504564e-01
-6.081290e-01
-5.644601e-01
-5.195738e-01
-4.735075e-01
-4.264164e-01
-3.782135e-01
-3.293088e-01
-2.796649e-01
-2.293379e-01
-1.783836e-01
-1.272740e-01
-7.574828e-02
-2.403623e-02
2.760129e-02
7.933819e-02
1.308701e-01
1.820791e-01
2.328906e-01
2.830623e-01
3.327620e-01
3.816419e-01
4.296398e-01
4.768179e-01
5.228470e-01
5.676649e-01
6.112966e-01
6.534625e-01
6.943116e-01
7.335149e-01
7.711282e-01
8.069900e-01
8.409823e-01
8.733163e-01
9.034890e-01
9.317113e-01
9.579028e-01
9.818707e-01
1.003764e+00
1.023273e+00
1.040520e+00
1.055513e+00
1.068115e+00
1.078357e+00
1.086189e+00
1.091543e+00
1.094555e+00
1.094990e+00
1.093058e+00
1.088649e+00
1.081804e+00
1.072507e+00
1.060905e+00
1.046998e+00
1.030620e+00
1.011994e+00
9.911498e-01
9.679396e-01
9.426488e-01
9.152711e-01
8.858438e-01
8.544165e-01
8.210391e-01
7.859164e-01
7.489552e-01
7.103979e-01
6.702444e-01
6.285008e-01
5.854592e-01
5.410574e-01
4.954693e-01
4.487632e-01
4.009578e-01
3.523575e-01
3.029372e-01
2.528897e-01
2.021217e-01
1.511115e-01
9.961682e-02
4.786129e-02
-3.801078e-03
-5.568704e-02
-1.072500e-01
-1.586267e-01
-2.097301e-01
-2.602372e-01
-3.102351e-01
-3.595559e-01
-4.080693e-01
-4.555704e-01
-5.022578e-01
-5.476347e-01
-5.919061e-01
-6.347676e-01
-6.763062e-01
-7.162859e-01
-7.546196e-01
-7.914565e-01
-8.262625e-01
-8.594101e-01
-8.906199e-01
-9.197305e-01
-9.469343e-01
-9.719021e-01
-9.947521e-01
-1.015397e+00
-1.033800e+00
-1.049775e+00
-1.063451e+00
-1.074780e+00
-1.083717e+00
-1.090189e+00
-1.094257e+00
-1.095891e+00
-1.095033e+00
-1.091698e+00
-1.086009e+00
-1.077761e+00
-1.067289e+00
-1.054408e+00
-1.039005e+00
-1.021428e+00
-1.001528e+00
-9.793552e-01
-9.550457e-01
-9.285562e-01
-8.999798e-01
-8.694221e-01
-8.369080e-01
-8.024995e-01
-7.663272e-01
-7.285276e-01
-6.890386e-01
-6.479348e-01
-6.054583e-01
-5.615658e-01
-5.165119e-01
-4.701536e-01
-4.229321e-01
-3.745490e-01
-3.253524e-01
-2.756403e-01
-2.250959e-01
-1.741912e-01
-1.227711e-01
-7.106526e-02
-1.937183e-02
3.247065e-02
8.425102e-02
1.358326e-01
1.871410e-01
2.379835e-01
2.882981e-01
3.379109e-01
3.868653e-01
4.349067e-01
4.820165e-01
5.280642e-01
5.729318e-01
6.164330e-01
6.586983e-01
6.993673e-01
7.385333e-01
7.760721e-01
8.118780e-01
8.458703e-01
8.779186e-01
9.080726e-01
9.360962e-01
9.620889e-01
9.860630e-01
1.007658e+00
1.027074e+00
1.044116e+00
1.058898e+00
1.071351e+00
1.081438e+00
1.088941e+00
1.094226e+00
1.096891e+00
1.097164e+00
1.094971e+00
1.090357e+00
1.083276e+00
1.073792e+00
1.061960e+00
1.047756e+00
1.031086e+00
1.012161e+00
9.911187e-01
9.676228e-01
9.421084e-01
9.145754e-01
8.848252e-01
8.532489e-01
8.195920e-01
7.842767e-01
7.470361e-01
7.082179e-01
6.678345e-01
6.259233e-01
5.826146e-01
5.380451e-01
4.921961e-01
4.452727e-01
3.974425e-01
3.486309e-01
2.990244e-01
2.486725e-01
1.979915e-01
1.466645e-01
9.504559e-02
4.329006e-02
-8.651800e-03
-6.056881e-02
-1.122436e-01
-1.637134e-01
-2.148230e-01
-2.654295e-01
-3.155081e-01
-3.647607e-01
-4.134045e-01
-4.608994e-01
-5.074936e-01
-5.528954e-01
-5.971109e-01
-6.399289e-01
-6.814861e-01
-7.213602e-01
-7.596194e-01
-7.963507e-01
-8.310946e-01
-8.640683e-01
-8.951912e-01
-9.243266e-01
-9.513130e-01
-9.761318e-01
-9.987706e-01
-1.019198e+00
-1.037471e+00
-1.053302e+00
-1.066755e+00
-1.077879e+00
-1.086643e+00
-1.092835e+00
-1.096791e+00
-1.098127e+00
-1.097052e+00
-1.093586e+00
-1.087642e+00
-1.079239e+00
-1.068389e+00
-1.055228e+00
-1.039657e+00
-1.021720e+00
-1.001646e+00
-9.792683e-01
-9.546358e-01
-9.278916e-01
-8.990978e-01
-8.683228e-01
-8.355726e-01
-8.009344e-01
-7.645260e-01
-7.264593e-01
-6.867281e-01
-6.453821e-01
-6.027069e-01
-5.587088e-01
-5.133070e-01
-4.668121e-01
-4.193173e-01
-3.708287e-01
-3.215575e-01
-2.715721e-01
-2.208538e-01
-1.698747e-01
-1.182806e-01
-6.654371e-02
-1.464533e-02
3.737106e-02
8.919491e-02
1.408014e-01
1.921967e-01
2.431137e-01
2.934097e-01
3.432585e-01
3.921197e-01
4.402667e-01
4.873641e-01
5.333745e-01
5.781303e-01
6.216378e-01
6.638099e-01
7.045162e-01
7.435890e-01
7.810905e-01
8.166604e-01
8.506217e-01
8.825644e-01
9.125569e-01
9.405681e-01
9.663185e-01
9.900939e-01
1.011627e+00
1.030893e+00
1.047824e+00
1.062395e+00
1.074724e+00
1.084344e+00
1.091866e+00
1.096729e+00
1.099282e+00
1.099294e+00
1.096996e+00
1.092027e+00
1.084754e+00
1.075034e+00
1.062917e+00
1.048458e+00
1.031564e+00
1.012515e+00
9.909572e-01
9.674489e-01
9.416736e-01
9.137991e-01
8.838376e-01
8.519260e-01
8.181075e-01
7.824880e-01
7.450983e-01
7.061062e-01
6.654123e-01
6.233147e-01
5.797638e-01
5.349272e-01
4.889789e-01
4.418691e-01
3.938339e-01
3.447926e-01
2.950494e-01
2.445919e-01
1.936500e-01
1.423293e-01
9.045572e-02
3.850765e-02
-1.330377e-02
-6.538227e-02
-1.171751e-01
-1.687815e-01
-2.199036e-01
-2.706405e-01
-3.206011e-01
-3.700461e-01
-4.185906e-01
-4.662035e-01
-5.127481e-01
-5.581560e-01
-6.023405e-01
-6.451647e-01
-6.865728e-01
-7.264283e-01
-7.646999e-01
-8.011828e-01
-8.360136e-01
-8.688507e-01
-8.998183e-01
-9.287612e-01
-9.555674e-01
-9.802807e-01
-1.002851e+00
-1.023086e+00
-1.041172e+00
-1.056774e+00
-1.070134e+00
-1.081028e+00
-1.089562e+00
-1.095661e+00
-1.099257e+00
-1.100406e+00
-1.099207e+00
-1.095319e+00
-1.089158e+00
-1.080537e+00
-1.069525e+00
-1.056103e+00
-1.040216e+00
-1.022148e+00
-1.001733e+00
-9.790571e-01
-9.541886e-01
-9.272892e-01
-8.982345e-01
-8.672172e-01
-8.342559e-01
-7.993630e-01
-7.626689e-01
-7.243725e-01
-6.843928e-01
-6.429350e-01
-5.999555e-01
-5.557214e-01
-5.101333e-01
-4.635017e-01
-4.157709e-01
-3.671146e-01
-3.177068e-01
-2.674729e-01
-2.166615e-01
-1.654835e-01
-1.137466e-01
-6.187932e-02
-9.900194e-03
4.218451e-02
9.407047e-02
1.458943e-01
1.972772e-01
2.481446e-01
2.987262e-01
3.484260e-01
3.974300e-01
4.454466e-01
4.925129e-01
5.386227e-01
5.833599e-01
6.268922e-01
6.690394e-01
7.096029e-01
7.486758e-01
7.859723e-01
8.216602e-01
8.553668e-01
8.873033e-01
9.170412e-01
9.449468e-01
9.706910e-01
9.941869e-01
1.015621e+00
1.034651e+00
1.051377e+00
1.065761e+00
1.077867e+00
1.087419e+00
1.094593e+00
1.099300e+00
1.101729e+00
1.101474e+00
1.098915e+00
1.093711e+00
1.086171e+00
1.076283e+00
1.063904e+00
1.049110e+00
1.032080e+00
1.012695e+00
9.910690e-01
9.671570e-01
9.411333e-01
9.130910e-01
8.827569e-01
8.506092e-01
8.165797e-01
7.807551e-01
7.430487e-01
7.038081e-01
6.629962e-01
6.205881e-01
5.768447e-01
5.318901e-01
4.856374e-01
4.383413e-01
3.901074e-01
3.409791e-01
2.909688e-01
2.404803e-01
1.893334e-01
1.377518e-01
8.595281e-02
3.390537e-02
-1.826008e-02
-7.026405e-02
-1.222556e-01
-1.738869e-01
-2.250524e-01
-2.758266e-01
-3.258369e-01
-3.753192e-01
-4.238761e-01
-4.715387e-01
-5.180832e-01
-5.634850e-01
-6.076446e-01
-6.504129e-01
-6.917217e-01
-7.315336e-01
-7.697183e-01
-8.061950e-01
-8.407774e-01
-8.735461e-01
-9.043461e-01
-9.332268e-01
-9.599524e-01
-9.844730e-01
-1.006901e+00
-1.027030e+00
-1.044818e+00
-1.060401e+00
-1.073494e+00
-1.084208e+00
-1.092499e+00
-1.098425e+00
-1.101716e+00
-1.102679e+00
-1.101220e+00
-1.097170e+00
-1.090760e+00
-1.081848e+00
-1.070569e+00
-1.056954e+00
-1.040812e+00
-1.022440e+00
-1.001808e+00
-9.789081e-01
-9.538781e-01
-9.266619e-01
-8.973588e-01
-8.660744e-01
-8.327901e-01
-7.977482e-01
-7.608243e-01
-7.223166e-01
-6.821320e-01
-6.403388e-01
-5.971916e-01
-5.526780e-01
-5.070278e-01
-4.601106e-01
-4.121872e-01
-3.633756e-01
-3.137442e-01
-2.634296e-01
-2.124567e-01
-1.610365e-01
-1.092437e-01
-5.724598e-02
-5.099159e-03
4.698555e-02
9.908889e-02
1.509127e-01
2.024136e-01
2.533804e-01
3.039123e-01
3.536928e-01
4.026658e-01
4.507694e-01
4.978419e-01
5.439765e-01
5.886765e-01
6.320907e-01
6.742007e-01
7.147580e-01
7.537190e-01
7.909783e-01
8.265171e-01
8.602486e-01
8.919118e-01
9.216434e-01
9.494621e-01
9.749641e-01
9.984165e-01
1.019583e+00
1.038415e+00
1.055029e+00
1.069202e+00
1.081071e+00
1.090500e+00
1.097418e+00
1.102002e+00
1.103946e+00
1.103685e+00
1.100797e+00
1.095524e+00
1.087748e+00
1.077426e+00
1.064886e+00
1.049843e+00
1.032564e+00
1.012913e+00
9.910131e-01
9.668899e-01
9.406054e-01
9.122401e-01
8.818253e-01
8.495161e-01
8.150890e-01
7.789353e-01
7.411419e-01
7.015970e-01
6.605243e-01
6.179982e-01
5.740311e-01
5.288716e-01
4.823643e-01
4.348632e-01
3.864119e-01
3.371221e-01
2.870249e-01
2.362072e-01
1.849982e-01
1.332986e-01
8.131947e-02
2.921613e-02
-2.301764e-02
-7.523278e-02
-1.271995e-01
-1.789550e-01
-2.301764e-01
-2.810872e-01
-3.311783e-01
-3.805364e-01
-4.291864e-01
-4.767558e-01
-5.233998e-01
-5.687332e-01
-6.128680e-01
-6.556301e-01
-6.968954e-01
-7.366887e-01
-7.747554e-01
-8.111078e-01
-8.456529e-01
-8.783223e-01
-9.090167e-01
-9.375931e-01
-9.642689e-01
-9.886343e-01
-1.010876e+00
-1.030887e+00
-1.048483e+00
-1.063886e+00
-1.076804e+00
-1.087270e+00
-1.095425e+00
-1.101083e+00
-1.104263e+00
-1.104959e+00
-1.103213e+00
-1.098996e+00
-1.092257e+00
-1.083189e+00
-1.071705e+00
-1.057737e+00
-1.041458e+00
-1.022788e+00
-1.001845e+00
-9.787652e-01
-9.534123e-01
-9.259725e-01
-8.963775e-01
-8.648384e-01
-8.314113e-01
-7.960774e-01
-7.589486e-01
-7.200745e-01
-6.796849e-01
-6.377551e-01
-5.944091e-01
-5.497713e-01
-5.037360e-01
-4.567194e-01
-4.086345e-01
-3.595497e-01
-3.097692e-01
-2.592932e-01
-2.081960e-01
-1.566206e-01
-1.047595e-01
-5.253189e-02
-3.291783e-04
5.187354e-02
1.040514e-01
1.560492e-01
2.075314e-01
2.586100e-01
3.091171e-01
3.589907e-01
4.079389e-01
4.561294e-01
5.032267e-01
5.491751e-01
5.939992e-01
6.373886e-01
6.793247e-01
7.199006e-01
7.587374e-01
7.959656e-01
8.313989e-01
8.649999e-01
8.966756e-01
9.262333e-01
9.537414e-01
9.792869e-01
1.002559e+00
1.023533e+00
1.042241e+00
1.058613e+00
1.072600e+00
1.084276e+00
1.093537e+00
1.100244e+00
1.104555e+00
1.106493e+00
1.105760e+00
1.102685e+00
1.097139e+00
1.089077e+00
1.078693e+00
1.065855e+00
1.050526e+00
1.032918e+00
1.013143e+00
9.909759e-01
9.665670e-01
9.400836e-01
9.113520e-01
8.807260e-01
8.480628e-01
8.134866e-01
7.772273e-01
7.390985e-01
6.993673e-01
6.580337e-01
6.152529e-01
5.710996e-01
5.256792e-01
4.790539e-01
4.313913e-01
3.827226e-01
3.331720e-01
2.830064e-01
2.320583e-01
1.806816e-01
1.288516e-01
7.668613e-02
2.440888e-02
-2.789321e-02
-8.020151e-02
-1.322614e-01
-1.840045e-01
-2.353936e-01
-2.861926e-01
-3.364762e-01
-3.859212e-01
-4.344719e-01
-4.821283e-01
-5.286294e-01
-5.741119e-01
-6.181162e-01
-6.609156e-01
-7.021560e-01
-7.417941e-01
-7.797800e-01
-8.160517e-01
-8.504912e-01
-8.830488e-01
-9.135941e-01
-9.422450e-01
-9.686166e-01
-9.928578e-01
-1.014962e+00
-1.034744e+00
-1.052222e+00
-1.067345e+00
-1.080140e+00
-1.090493e+00
-1.098294e+00
-1.103797e+00
-1.106685e+00
-1.107257e+00
-1.105294e+00
-1.100779e+00
-1.093872e+00
-1.084500e+00
-1.072749e+00
-1.058532e+00
-1.041980e+00
-1.023068e+00
-1.001975e+00
-9.785478e-01
-9.529340e-01
-9.252085e-01
-8.954396e-01
-8.636832e-01
-8.299393e-01
-7.943632e-01
-7.570915e-01
-7.180125e-01
-6.773869e-01
-6.351838e-01
-5.915894e-01
-5.466907e-01
-5.005436e-01
-4.532786e-01
-4.050508e-01
-3.557859e-01
-3.058253e-01
-2.551381e-01
-2.039912e-01
-1.522108e-01
-1.001261e-01
-4.792340e-02
4.552599e-03
5.682985e-02
1.090698e-01
1.610427e-01
2.127051e-01
2.638085e-01
3.144274e-01
3.642389e-01
4.133486e-01
4.614646e-01
5.085371e-01
5.545351e-01
5.992412e-01
6.426803e-01
6.845916e-01
7.250370e-01
7.638739e-01
8.009592e-01
8.363055e-01
8.697885e-01
9.013213e-01
9.308108e-01
9.582692e-01
9.835662e-01
1.006540e+00
1.027508e+00
1.046017e+00
1.062184e+00
1.076103e+00
1.087537e+00
1.096443e+00
1.103145e+00
1.107101e+00
1.108822e+00
1.107946e+00
1.104623e+00
1.098754e+00
1.090493e+00
1.079866e+00
1.066761e+00
1.051228e+00
1.033446e+00
1.013248e+00
9.909200e-01
9.662440e-01
9.395185e-01
9.106626e-01
8.796949e-01
8.467461e-01
8.119215e-01
7.753951e-01
7.370800e-01
6.971314e-01
6.555618e-01
6.125015e-01
5.681494e-01
5.225613e-01
4.757310e-01
4.278822e-01
3.789712e-01
3.293709e-01
2.789134e-01
2.278100e-01
1.762408e-01
1.242928e-01
7.208385e-02
1.966375e-02
-3.282467e-02
-8.515160e-02
-1.373295e-01
-1.892341e-01
-2.405797e-01
-2.915029e-01
-3.417430e-01
-3.912378e-01
-4.398009e-01
-4.874324e-01
-5.340950e-01
-5.793477e-01
-6.234203e-01
-6.660893e-01
-7.072862e-01
-7.469056e-01
-7.848108e-01
-8.210205e-01
-8.553979e-01
-8.878375e-01
-9.182585e-01
-9.466921e-01
-9.729828e-01
-9.971060e-01
-1.019099e+00
-1.038694e+00
-1.055923e+00
-1.070935e+00
-1.083376e+00
-1.093512e+00
-1.101201e+00
-1.106480e+00
-1.109145e+00
-1.109406e+00
-1.107232e+00
-1.102524e+00
-1.095406e+00
-1.085816e+00
-1.073718e+00
-1.059401e+00
-1.042508e+00
-1.023397e+00
-1.002037e+00
-9.783429e-01
-9.524744e-01
-9.245129e-01
-8.944334e-01
-8.624410e-01
-8.285108e-01
-7.926801e-01
-7.550978e-01
-7.158759e-01
-6.749709e-01
-6.325565e-01
-5.887882e-01
-5.436039e-01
-4.972953e-01
-4.498067e-01
-4.013740e-01
-3.519848e-01
-3.017758e-01
-2.509892e-01
-1.996063e-01
-1.477328e-01
-9.554867e-02
-4.312857e-02
9.235626e-03
6.177994e-02
1.140882e-01
1.661171e-01
2.179161e-01
2.689946e-01
3.196384e-01
3.695990e-01
4.186403e-01
4.668308e-01
5.138288e-01
5.599075e-01
6.045453e-01
6.479472e-01
6.898212e-01
7.301983e-01
7.689420e-01
8.060397e-01
8.411997e-01
8.746703e-01
9.059609e-01
9.354192e-01
9.626789e-01
9.878021e-01
1.010720e+00
1.031403e+00
1.049812e+00
1.065805e+00
1.079444e+00
1.090667e+00
1.099580e+00
1.105878e+00
1.109642e+00
1.111151e+00
1.110045e+00
1.106468e+00
1.100443e+00
1.091978e+00
1.080984e+00
1.067674e+00
1.051886e+00
1.033868e+00
1.013453e+00
9.907957e-01
9.658714e-01
9.388725e-01
9.097496e-01
8.785397e-01
8.453921e-01
8.104246e-01
7.735629e-01
7.350490e-01
6.948209e-01
6.530091e-01
6.098184e-01
5.651495e-01
5.193627e-01
4.723709e-01
4.243109e-01
3.753254e-01
3.254332e-01
2.748453e-01
2.236115e-01
1.719243e-01
1.198085e-01
6.737597e-02
1.496209e-02
-3.763813e-02
-9.014518e-02
-1.423665e-01
-1.943581e-01
-2.457782e-01
-2.968257e-01
-3.470347e-01
-3.964984e-01
-4.452292e-01
-4.927551e-01
-5.393680e-01
-5.846394e-01
-6.287306e-01
-6.713499e-01
-7.124848e-01
-7.519862e-01
-7.898231e-01
-8.259768e-01
-8.602796e-01
-8.925081e-01
-9.229229e-01
-9.511329e-01
-9.773429e-01
-1.001329e+00
-1.023068e+00
-1.042557e+00
-1.059619e+00
-1.074395e+00
-1.086723e+00
-1.096580e+00
-1.104083e+00
-1.109194e+00
-1.111641e+00
-1.111766e+00
-1.109225e+00
-1.104331e+00
-1.096928e+00
-1.087102e+00
-1.074817e+00
-1.060091e+00
-1.043073e+00
-1.023676e+00
-1.002006e+00
-9.781379e-01
-9.520086e-01
-9.238483e-01
-8.935391e-01
-8.612672e-01
-8.270388e-01
-7.910031e-01
-7.531352e-01
-7.136089e-01
-6.724989e-01
-6.299480e-01
-5.859250e-01
-5.405295e-01
-4.939787e-01
-4.464093e-01
-3.976971e-01
-3.480968e-01
-2.977698e-01
-2.467161e-01
-1.953332e-01
-1.432733e-01
-9.094638e-02
-3.851387e-02
1.414846e-02
6.671141e-02
1.190756e-01
1.712411e-01
2.230897e-01
2.742490e-01
3.249922e-01
3.749279e-01
4.240065e-01
4.721597e-01
5.191826e-01
5.651744e-01
6.098184e-01
6.531519e-01
6.950507e-01
7.354030e-01
7.740660e-01
8.109898e-01
8.461063e-01
8.793906e-01
9.106998e-01
9.399594e-01
9.671446e-01
9.921311e-01
1.014863e+00
1.035340e+00
1.053576e+00
1.069407e+00
1.082879e+00
1.093965e+00
1.102487e+00
1.108648e+00
1.112269e+00
1.113399e+00
1.112132e+00
1.108368e+00
1.102089e+00
1.093301e+00
1.082115e+00
1.068500e+00
1.052545e+00
1.034160e+00
1.013503e+00
9.905473e-01
9.654739e-01
9.382266e-01
9.088303e-01
8.773969e-01
8.440505e-01
8.087912e-01
7.717245e-01
7.329249e-01
6.924856e-01
6.505123e-01
6.070918e-01
5.622801e-01
5.162324e-01
4.690605e-01
4.207644e-01
3.714560e-01
3.214830e-01
2.707026e-01
2.193446e-01
1.674586e-01
1.151938e-01
6.267431e-02
1.008031e-02
-4.253233e-02
-9.515117e-02
-1.475402e-01
-1.993703e-01
-2.510575e-01
-3.019621e-01
-3.523326e-01
-4.018274e-01
-4.505333e-01
-4.981524e-01
-5.446659e-01
-5.900118e-01
-6.339788e-01
-6.765174e-01
-7.177082e-01
-7.571102e-01
-7.949719e-01
-8.308523e-01
-8.651117e-01
-8.973898e-01
-9.274569e-01
-9.556544e-01
-9.816719e-01
-1.005547e+00
-1.027136e+00
-1.046272e+00
-1.063345e+00
-1.077792e+00
-1.090077e+00
-1.099723e+00
-1.107014e+00
-1.111735e+00
-1.114120e+00
-1.113933e+00
-1.111250e+00
-1.106064e+00
-1.098425e+00
-1.088332e+00
-1.075823e+00
-1.060898e+00
-1.043613e+00
-1.024024e+00
-1.002056e+00
-9.780075e-01
-9.515863e-01
-9.230409e-01
-8.924397e-01
-8.599442e-01
-8.255482e-01
-7.892392e-01
-7.511104e-01
-7.114600e-01
-6.700953e-01
-6.272773e-01
-5.830928e-01
-5.374551e-01
-4.906931e-01
-4.427883e-01
-3.940327e-01
-3.442646e-01
-2.937140e-01
-2.427162e-01
-1.909172e-01
-1.388015e-01
-8.628199e-02
-3.371283e-02
1.899918e-02
7.166771e-02
1.241189e-01
1.764458e-01
2.282883e-01
2.796277e-01
3.302590e-01
3.802817e-01
4.293976e-01
4.774763e-01
5.246047e-01
5.706151e-01
6.151970e-01
6.584436e-01
7.003673e-01
7.405519e-01
7.791216e-01
8.159524e-01
8.511434e-01
8.842289e-01
9.153580e-01
9.445120e-01
9.715109e-01
9.963856e-01
1.018987e+00
1.039328e+00
1.057358e+00
1.072966e+00
1.086332e+00
1.097046e+00
1.105567e+00
1.111455e+00
1.114902e+00
1.115803e+00
1.114231e+00
1.110207e+00
1.103760e+00
1.094698e+00
1.083270e+00
1.069451e+00
1.053147e+00
1.034545e+00
1.013671e+00
9.905287e-01
9.650329e-01
9.375931e-01
9.079732e-01
8.763411e-01
8.427214e-01
8.071515e-01
7.699295e-01
7.308691e-01
6.901441e-01
6.479472e-01
6.041851e-01
5.592367e-01
5.129841e-01
4.655638e-01
4.171186e-01
3.676922e-01
3.175826e-01
2.665723e-01
2.150466e-01
1.630985e-01
1.106474e-01
5.797886e-02
5.242010e-03
-4.747621e-02
-1.001696e-01
-1.525648e-01
-2.046371e-01
-2.561815e-01
-3.073221e-01
-3.577113e-01
-4.072806e-01
-4.559058e-01
-5.035248e-01
-5.501688e-01
-5.952849e-01
-6.393078e-01
-6.818650e-01
-7.228943e-01
-7.623025e-01
-8.000089e-01
-8.359018e-01
-8.699749e-01
-9.020729e-01
-9.320716e-01
-9.601325e-01
-9.860071e-01
-1.009652e+00
-1.031148e+00
-1.050209e+00
-1.066942e+00
-1.081425e+00
-1.093363e+00
-1.102859e+00
-1.109871e+00
-1.114474e+00
-1.116430e+00
-1.116088e+00
-1.113238e+00
-1.107747e+00
-1.099946e+00
-1.089611e+00
-1.076817e+00
-1.061637e+00
-1.044098e+00
-1.024173e+00
-1.002056e+00
-9.776410e-01
-9.510211e-01
-9.223329e-01
-8.915205e-01
-8.587145e-01
-8.239147e-01
-7.875250e-01
-7.491726e-01
-7.092365e-01
-6.676296e-01
-6.245569e-01
-5.801613e-01
-5.343620e-01
-4.873330e-01
-4.393475e-01
-3.903310e-01
-3.403456e-01
-2.897018e-01
-2.384431e-01
-1.864888e-01
-1.342302e-01
-8.164244e-02
-2.892422e-02
2.393685e-02
7.671719e-02
1.292553e-01
1.816133e-01
2.335241e-01
2.848200e-01
3.355818e-01
3.856417e-01
4.347266e-01
4.828736e-01
5.299212e-01
5.759379e-01
6.204577e-01
6.637850e-01
7.055845e-01
7.456448e-01
7.842643e-01
8.209894e-01
8.560314e-01
8.890548e-01
9.199976e-01
9.490770e-01
9.759268e-01
1.000621e+00
1.023142e+00
1.043228e+00
1.061072e+00
1.076575e+00
1.089673e+00
1.100269e+00
1.108443e+00
1.114182e+00
1.117343e+00
1.118126e+00
1.116418e+00
1.111989e+00
1.105275e+00
1.096015e+00
1.084289e+00
1.070308e+00
1.053812e+00
1.034899e+00
1.013789e+00
9.903610e-01
9.647720e-01
9.369533e-01
9.070292e-01
8.751175e-01
8.411935e-01
8.054994e-01
7.679110e-01
7.286580e-01
6.877716e-01
6.453572e-01
6.014585e-01
5.561996e-01
5.098413e-01
4.620981e-01
4.135474e-01
3.638476e-01
3.135082e-01
2.624359e-01
2.107114e-01
1.585708e-01
1.060451e-01
5.331447e-02
3.974984e-04
-5.244494e-02
-1.051694e-01
-1.576888e-01
-2.098108e-01
-2.615105e-01
-3.126138e-01
-3.630278e-01
-4.125785e-01
-4.613528e-01
-5.088600e-01
-5.555102e-01
-6.006821e-01
-6.446368e-01
-6.872126e-01
-7.280866e-01
-7.674265e-01
-8.050149e-01
-8.409016e-01
-8.748256e-01
-9.068180e-01
-9.368105e-01
-9.646416e-01
-9.904045e-01
-1.013857e+00
-1.035129e+00
-1.054104e+00
-1.070643e+00
-1.084785e+00
-1.096630e+00
-1.105840e+00
-1.112790e+00
-1.117163e+00
-1.118896e+00
-1.118312e+00
-1.115157e+00
-1.109517e+00
-1.101412e+00
-1.090822e+00
-1.077767e+00
-1.062364e+00
-1.044576e+00
-1.024372e+00
-1.001957e+00
-9.773305e-01
-9.504745e-01
-9.214633e-01
-8.904957e-01
-8.574599e-01
-8.223993e-01
-7.856431e-01
-7.471541e-01
-7.068639e-01
-6.651266e-01
-6.219297e-01
-5.771801e-01
-5.312690e-01
-4.840164e-01
-4.357700e-01
-3.865796e-01
-3.364513e-01
-2.856523e-01
-2.341141e-01
-1.821102e-01
-1.297273e-01
-7.697804e-02
-2.415424e-02
2.883105e-02
8.170455e-02
1.344041e-01
1.867621e-01
2.386605e-01
2.902049e-01
3.408983e-01
3.909955e-01
4.401798e-01
4.882895e-01
5.354489e-01
5.812917e-01
6.258922e-01
6.690270e-01
7.108327e-01
7.509055e-01
7.894069e-01
8.260327e-01
8.608883e-01
8.937999e-01
9.248421e-01
9.535737e-01
9.803179e-01
1.004901e+00
1.027235e+00
1.047222e+00
1.064799e+00
1.080177e+00
1.093058e+00
1.103449e+00
1.111468e+00
1.116983e+00
1.119939e+00
1.120374e+00
1.118368e+00
1.113971e+00
1.106903e+00
1.097387e+00
1.085475e+00
1.071134e+00
1.054296e+00
1.035204e+00
1.013913e+00
9.902119e-01
9.643000e-01
9.362888e-01
9.060975e-01
8.739250e-01
8.397402e-01
8.037665e-01
7.660228e-01
7.264780e-01
6.853866e-01
6.427114e-01
5.986512e-01
5.532246e-01
5.064875e-01
4.586572e-01
4.097898e-01
3.601087e-01
3.094960e-01
2.582684e-01
2.064135e-01
1.540989e-01
1.014366e-01
4.851343e-02
-4.490489e-03
-5.737019e-02
-1.102313e-01
-1.628687e-01
-2.150404e-01
-2.668146e-01
-3.179614e-01
-3.683568e-01
-4.180441e-01
-4.666693e-01
-5.143629e-01
-5.608205e-01
-6.061167e-01
-6.499782e-01
-6.924297e-01
-7.333783e-01
-7.725505e-01
-8.101824e-01
-8.458641e-01
-8.797136e-01
-9.115569e-01
-9.413879e-01
-9.691693e-01
-9.946714e-01
-1.017968e+00
-1.039173e+00
-1.057923e+00
-1.074333e+00
-1.088301e+00
-1.099878e+00
-1.108921e+00
-1.115523e+00
-1.119734e+00
-1.121355e+00
-1.120467e+00
-1.117101e+00
-1.111225e+00
-1.102828e+00
-1.091990e+00
-1.078662e+00
-1.063016e+00
-1.045048e+00
-1.024608e+00
-1.001919e+00
-9.769889e-01
-9.499714e-01
-9.206621e-01
-8.893529e-01
-8.560127e-01
-8.208652e-01
-7.839165e-01
-7.450486e-01
-7.046652e-01
-6.626546e-01
-6.190789e-01
-5.741740e-01
-5.280828e-01
-4.806314e-01
-4.322174e-01
-3.828158e-01
-3.325198e-01
-2.815096e-01
-2.299031e-01
-1.777128e-01
-1.251188e-01
-7.228259e-02
-1.931594e-02
3.378115e-02
8.670433e-02
1.394660e-01
1.919234e-01
2.440205e-01
2.954096e-01
3.462273e-01
3.963245e-01
4.455274e-01
4.937427e-01
5.407779e-01
5.866579e-01
6.311715e-01
6.743870e-01
7.160374e-01
7.560481e-01
7.944688e-01
8.310697e-01
8.658446e-01
8.986755e-01
9.294381e-01
9.581760e-01
9.848208e-01
1.009199e+00
1.031260e+00
1.051172e+00
1.068656e+00
1.083668e+00
1.096487e+00
1.106567e+00
1.114430e+00
1.119598e+00
1.122455e+00
1.122759e+00
1.120399e+00
1.115710e+00
1.108406e+00
1.098723e+00
1.086556e+00
1.071898e+00
1.054899e+00
1.035670e+00
1.013913e+00
9.900007e-01
9.638652e-01
9.355683e-01
9.052094e-01
8.726890e-01
8.383986e-01
8.020958e-01
7.640850e-01
7.243725e-01
6.830140e-01
6.400593e-01
5.957631e-01
5.500694e-01
5.032516e-01
4.551481e-01
4.062185e-01
3.562517e-01
3.054837e-01
2.540698e-01
2.020161e-01
1.495898e-01
9.679085e-02
4.376830e-02
-9.378477e-03
-6.236377e-02
-1.153801e-01
-1.680549e-01
-2.202514e-01
-2.721125e-01
-3.232221e-01
-3.736919e-01
-4.234165e-01
-4.720790e-01
-5.197850e-01
-5.662737e-01
-6.114270e-01
-6.553444e-01
-6.977401e-01
-7.385458e-01
-7.777304e-01
-8.152070e-01
-8.508328e-01
-8.845643e-01
-9.163455e-01
-9.460213e-01
-9.735977e-01
-9.990314e-01
-1.022254e+00
-1.043228e+00
-1.061805e+00
-1.077966e+00
-1.091810e+00
-1.103089e+00
-1.111995e+00
-1.118455e+00
-1.122275e+00
-1.123759e+00
-1.122629e+00
-1.118995e+00
-1.112871e+00
-1.104226e+00
-1.093164e+00
-1.079655e+00
-1.063743e+00
-1.045415e+00
-1.024776e+00
-1.001795e+00
-9.766287e-01
-9.492510e-01
-9.198361e-01
-8.881915e-01
-8.547271e-01
-8.192379e-01
-7.820470e-01
-7.430300e-01
-7.023299e-01
-6.600398e-01
-6.163523e-01
-5.712735e-01
-5.248531e-01
-4.773024e-01
-4.286647e-01
-3.790333e-01
-3.285635e-01
-2.774042e-01
-2.256052e-01
-1.732844e-01
-1.205849e-01
-6.753125e-02
-1.452111e-02
3.871883e-02
9.172896e-02
1.445528e-01
1.971281e-01
2.492191e-01
3.007386e-01
3.516618e-01
4.016969e-01
4.509495e-01
4.991027e-01
5.462249e-01
5.920179e-01
6.365936e-01
6.796104e-01
7.213415e-01
7.613088e-01
7.996611e-01
8.360384e-01
8.707388e-01
9.035324e-01
9.341150e-01
9.627162e-01
9.891933e-01
1.013385e+00
1.035403e+00
1.055066e+00
1.072376e+00
1.087170e+00
1.099760e+00
1.109772e+00
1.117405e+00
1.122287e+00
1.124939e+00
1.124958e+00
1.122492e+00
1.117430e+00
1.109965e+00
1.100052e+00
1.087543e+00
1.072711e+00
1.055501e+00
1.035906e+00
1.013925e+00
9.897585e-01
9.634429e-01
9.348478e-01
9.041411e-01
8.714779e-01
8.368645e-01
8.003878e-01
7.621286e-01
7.221055e-01
6.805421e-01
6.373886e-01
5.928937e-01
5.470012e-01
4.999660e-01
4.517507e-01
4.025354e-01
3.522891e-01
3.014031e-01
2.498588e-01
1.976064e-01
1.450496e-01
9.215130e-02
3.892379e-02
-1.419193e-02
-6.739461e-02
-1.204606e-01
-1.732782e-01
-2.255555e-01
-2.774414e-01
-3.285572e-01
-3.791513e-01
-4.287765e-01
-4.775135e-01
-5.251761e-01
-5.716089e-01
-6.168181e-01
-6.605926e-01
-7.029634e-01
-7.437319e-01
-7.828793e-01
-8.202379e-01
-8.557891e-01
-8.894585e-01
-9.210286e-01
-9.506608e-01
-9.781938e-01
-1.003379e+00
-1.026422e+00
-1.047067e+00
-1.065600e+00
-1.081556e+00
-1.095176e+00
-1.106344e+00
-1.115076e+00
-1.121169e+00
-1.124989e+00
-1.126107e+00
-1.124771e+00
-1.120896e+00
-1.114505e+00
-1.105667e+00
-1.094294e+00
-1.080574e+00
-1.064383e+00
-1.045855e+00
-1.024869e+00
-1.001795e+00
-9.762933e-01
-9.487168e-01
-9.189417e-01
-8.871667e-01
-8.533607e-01
-8.176355e-01
-7.801340e-01
-7.408811e-01
-6.999760e-01
-6.574561e-01
-6.135201e-01
-5.681991e-01
-5.216110e-01
-4.738243e-01
-4.250003e-01
-3.751701e-01
-3.245698e-01
-2.732491e-01
-2.212948e-01
-1.687691e-01
-1.160012e-01
-6.281095e-02
-9.633125e-03
4.355713e-02
9.681570e-02
1.497886e-01
2.023888e-01
2.545356e-01
3.061172e-01
3.570094e-01
4.071563e-01
4.563468e-01
5.045559e-01
5.515663e-01
5.974276e-01
6.419226e-01
6.850201e-01
7.265214e-01
7.664887e-01
8.046733e-01
8.411003e-01
8.756765e-01
9.082403e-01
9.388228e-01
9.672750e-01
9.936590e-01
1.017658e+00
1.039390e+00
1.058892e+00
1.076072e+00
1.090773e+00
1.103157e+00
1.112790e+00
1.120287e+00
1.124989e+00
1.127399e+00
1.127131e+00
1.124467e+00
1.119287e+00
1.111418e+00
1.101269e+00
1.088587e+00
1.073451e+00
1.055979e+00
1.036073e+00
1.013919e+00
9.894852e-01
9.628156e-01
9.340466e-01
9.031536e-01
8.702109e-01
8.353863e-01
7.985929e-01
7.601535e-01
7.198695e-01
6.781260e-01
6.347428e-01
5.899621e-01
5.439144e-01
4.965562e-01
4.481359e-01
3.987716e-01
3.484446e-01
2.973536e-01
2.455484e-01
1.932898e-01
1.404970e-01
8.739995e-02
3.416623e-02
-1.920414e-02
-7.241923e-02
-1.255474e-01
-1.783712e-01
-2.307540e-01
-2.827704e-01
-3.339297e-01
-3.845921e-01
-4.342297e-01
-4.829543e-01
-5.305858e-01
-5.769999e-01
-6.221781e-01
-6.660023e-01
-7.082986e-01
-7.490174e-01
-7.879908e-01
-8.253122e-01
-8.607765e-01
-8.942720e-01
-9.258482e-01
-9.552010e-01
-9.825601e-01
-1.007702e+00
-1.030595e+00
-1.051215e+00
-1.069376e+00
-1.085233e+00
-1.098574e+00
-1.109642e+00
-1.118101e+00
-1.124101e+00
-1.127479e+00
-1.128473e+00
-1.126852e+00
-1.122771e+00
-1.116157e+00
-1.107083e+00
-1.095468e+00
-1.081394e+00
-1.064979e+00
-1.046185e+00
-1.025049e+00
-1.001659e+00
-9.759020e-01
-9.480709e-01
-9.180535e-01
-8.860425e-01
-8.519135e-01
-8.160455e-01
-7.782770e-01
-7.387445e-01
-6.976407e-01
-6.549034e-01
-6.107376e-01
-5.652178e-01
-5.184000e-01
-4.704145e-01
-4.213980e-01
-3.714374e-01
-3.205700e-01
-2.690816e-01
-2.169037e-01
-1.643345e-01
-1.113368e-01
-5.816519e-02
-4.732715e-03
4.864386e-02
1.019335e-01
1.549871e-01
2.075997e-01
2.598956e-01
3.114462e-01
3.624316e-01
4.125474e-01
4.617999e-01
5.099842e-01
5.570070e-01
6.028249e-01
6.473634e-01
6.903553e-01
7.318193e-01
7.716686e-01
8.098346e-01
8.461995e-01
8.806017e-01
9.130041e-01
9.435369e-01
9.718400e-01
9.979942e-01
1.021950e+00
1.043601e+00
1.062855e+00
1.079854e+00
1.094263e+00
1.106381e+00
1.115958e+00
1.123231e+00
1.127796e+00
1.129827e+00
1.129448e+00
1.126486e+00
1.121020e+00
1.112989e+00
1.102468e+00
1.089642e+00
1.074258e+00
1.056458e+00
1.036396e+00
1.013913e+00
9.891809e-01
9.622566e-01
9.332330e-01
9.021350e-01
8.688755e-01
8.337715e-01
7.967668e-01
7.581039e-01
7.176895e-01
6.755423e-01
6.319976e-01
5.870306e-01
5.406909e-01
4.931961e-01
4.446206e-01
3.949892e-01
3.445193e-01
2.932358e-01
2.413560e-01
1.888800e-01
1.360003e-01
8.267345e-02
2.935898e-02
-2.410455e-02
-7.746871e-02
-1.306838e-01
-1.835759e-01
-2.361761e-01
-2.880497e-01
-3.394139e-01
-3.899459e-01
-4.396394e-01
-4.884323e-01
-5.359707e-01
-5.825152e-01
-6.275940e-01
-6.713747e-01
-7.135841e-01
-7.542345e-01
-7.931956e-01
-8.303927e-01
-8.657639e-01
-8.991537e-01
-9.305872e-01
-9.598716e-01
-9.870630e-01
-1.012012e+00
-1.034676e+00
-1.055128e+00
-1.073177e+00
-1.088798e+00
-1.102052e+00
-1.112809e+00
-1.121076e+00
-1.126871e+00
-1.130125e+00
-1.130771e+00
-1.128970e+00
-1.124653e+00
-1.117778e+00
-1.108424e+00
-1.096599e+00
-1.082307e+00
-1.065643e+00
-1.046520e+00
-1.025099e+00
-1.001441e+00
-9.754424e-01
-9.472697e-01
-9.170846e-01
-8.847817e-01
-8.505223e-01
-8.143189e-01
-7.763640e-01
-7.365645e-01
-6.951874e-01
-6.523010e-01
-6.078806e-01
-5.621124e-01
-5.151020e-01
-4.669177e-01
-4.176900e-01
-3.675431e-01
-3.165205e-01
-2.648581e-01
-2.125995e-01
-1.598192e-01
-1.067656e-01
-5.331447e-02
1.676946e-04
5.365607e-02
1.070202e-01
1.601173e-01
2.129535e-01
2.651500e-01
3.168745e-01
3.677916e-01
4.179571e-01
4.672593e-01
5.154809e-01
5.623795e-01
6.082470e-01
6.526799e-01
6.956284e-01
7.371173e-01
7.768795e-01
8.149772e-01
8.510999e-01
8.855208e-01
9.178486e-01
9.481516e-01
9.763988e-01
1.002336e+00
1.026111e+00
1.047626e+00
1.066718e+00
1.083494e+00
1.097835e+00
1.109617e+00
1.119188e+00
1.125982e+00
1.130467e+00
1.132262e+00
1.131603e+00
1.128398e+00
1.122697e+00
1.114505e+00
1.103741e+00
1.090506e+00
1.074960e+00
1.056930e+00
1.036539e+00
1.013820e+00
9.889138e-01
9.616728e-01
9.323448e-01
9.009860e-01
8.675961e-01
8.322187e-01
7.949533e-01
7.560233e-01
7.153542e-01
6.729710e-01
6.291778e-01
5.840493e-01
5.375172e-01
4.897987e-01
4.410307e-01
3.912502e-01
3.405443e-01
2.890621e-01
2.370581e-01
1.843585e-01
1.312676e-01
7.796558e-02
2.453310e-02
-2.908570e-02
-8.256786e-02
-1.358078e-01
-1.887993e-01
-2.414616e-01
-2.933476e-01
-3.448360e-01
-3.953804e-01
-4.450553e-01
-4.938917e-01
-5.414922e-01
-5.879187e-01
-6.330224e-01
-6.766789e-01
-7.189193e-01
-7.594517e-01
-7.983320e-01
-8.354795e-01
-8.706953e-01
-9.039982e-01
-9.352640e-01
-9.644242e-01
-9.915411e-01
-1.016347e+00
-1.038837e+00
-1.059085e+00
-1.077009e+00
-1.092394e+00
-1.105511e+00
-1.116057e+00
-1.124032e+00
-1.129616e+00
-1.132609e+00
-1.133026e+00
-1.131038e+00
-1.126399e+00
-1.119355e+00
-1.109760e+00
-1.097667e+00
-1.083164e+00
-1.066171e+00
-1.046855e+00
-1.025198e+00
-1.001180e+00
-9.750262e-01
-9.465616e-01
-9.161033e-01
-8.835768e-01
-8.490379e-01
-8.125674e-01
-7.743392e-01
-7.344590e-01
-6.928024e-01
-6.496179e-01
-6.050733e-01
-5.590628e-01
-5.118102e-01
-4.633899e-01
-4.140070e-01
-3.636986e-01
-3.124524e-01
-2.606037e-01
-2.081960e-01
-1.552666e-01
-1.019956e-01
-4.845754e-02
5.055682e-03
5.868691e-02
1.121256e-01
1.653593e-01
2.181956e-01
2.704231e-01
3.222656e-01
3.732820e-01
4.234103e-01
4.726194e-01
5.209092e-01
5.679506e-01
6.136008e-01
6.580834e-01
7.010319e-01
7.423655e-01
7.820656e-01
8.200826e-01
8.562425e-01
8.904336e-01
9.226993e-01
9.528160e-01
9.808831e-01
1.006783e+00
1.030359e+00
1.051700e+00
1.070587e+00
1.087102e+00
1.101362e+00
1.113033e+00
1.122101e+00
1.128945e+00
1.133063e+00
1.134684e+00
1.133765e+00
1.130299e+00
1.124368e+00
1.115902e+00
1.104983e+00
1.091531e+00
1.075631e+00
1.057402e+00
1.036769e+00
1.013764e+00
9.886033e-01
9.611262e-01
9.315002e-01
8.998618e-01
8.662173e-01
8.306412e-01
7.931583e-01
7.538681e-01
7.130251e-01
6.705114e-01
6.264761e-01
5.809625e-01
5.343869e-01
4.863765e-01
4.373848e-01
3.873932e-01
3.365507e-01
2.849007e-01
2.326794e-01
1.799674e-01
1.266716e-01
7.328255e-02
1.965754e-02
-3.408549e-02
-8.765460e-02
-1.409753e-01
-1.940972e-01
-2.466415e-01
-2.988380e-01
-3.501774e-01
-4.008212e-01
-4.505768e-01
-4.992580e-01
-5.469515e-01
-5.932787e-01
-6.383948e-01
-6.820948e-01
-7.241675e-01
-7.646751e-01
-8.034871e-01
-8.404917e-01
-8.756579e-01
-9.088055e-01
-9.400340e-01
-9.690389e-01
-9.959819e-01
-1.020614e+00
-1.042998e+00
-1.063140e+00
-1.080730e+00
-1.096064e+00
-1.108853e+00
-1.119200e+00
-1.126982e+00
-1.132318e+00
-1.135125e+00
-1.135417e+00
-1.133063e+00
-1.128243e+00
-1.120958e+00
-1.111120e+00
-1.098735e+00
-1.083941e+00
-1.066699e+00
-1.047135e+00
-1.025136e+00
-1.001019e+00
-9.745977e-01
-9.459095e-01
-9.151220e-01
-8.823843e-01
-8.475721e-01
-8.109215e-01
-7.724387e-01
-7.322168e-01
-6.903367e-01
-6.469162e-01
-6.021044e-01
-5.558766e-01
-5.084563e-01
-4.599242e-01
-4.102556e-01
-3.597422e-01
-3.083656e-01
-2.564299e-01
-2.037738e-01
-1.506705e-01
-9.732499e-02
-4.369998e-02
1.006789e-02
