4.471087e-01
1.099685e+00
1.156482e+00
5.863321e-01
-3.018719e-01
-1.026372e+00
-1.194496e+00
-7.149711e-01
1.522302e-01
9.366623e-01
1.213360e+00
8.324137e-01
6.029626e-04
-8.307058e-01
-1.211200e+00
-9.349099e-01
-1.521812e-01
7.120320e-01
1.189614e+00
1.022191e+00
3.013298e-01
-5.813733e-01
-1.147665e+00
-1.091205e+00
-4.437627e-01
4.427795e-01
1.087707e+00
1.142391e+00
5.784654e-01
-2.972428e-01
-1.009555e+00
-1.173428e+00
-7.014846e-01
1.490238e-01
9.163072e-01
1.185546e+00
8.123436e-01
7.084068e-04
-8.084006e-01
-1.177264e+00
-9.076236e-01
-1.476442e-01
6.894091e-01
1.150534e+00
9.874924e-01
2.908493e-01
-5.602117e-01
-1.104684e+00
-1.049266e+00
-4.262990e-01
4.247426e-01
1.042378e+00
1.093709e+00
5.533118e-01
-2.839018e-01
-9.635283e-01
-1.118943e+00
-6.683143e-01
1.417660e-01
8.713345e-01
1.126454e+00
7.713021e-01
7.306838e-04
-7.662051e-01
-1.115025e+00
-8.591089e-01
-1.396913e-01
6.516467e-01
1.086852e+00
9.323421e-01
2.745396e-01
-5.282799e-01
-1.041297e+00
-9.886255e-01
-4.015137e-01
3.998296e-01
9.810053e-01
1.029009e+00
5.204860e-01
-2.669461e-01
-9.058474e-01
-1.051793e+00
-6.281861e-01
1.332265e-01
8.188871e-01
1.058646e+00
7.248903e-01
7.336540e-04
-7.202240e-01
-1.048277e+00
-8.078303e-01
-1.314087e-01
6.131135e-01
1.022895e+00
8.777844e-01
2.585566e-01
-4.977650e-01
-9.816454e-01
-9.324609e-01
-3.789071e-01
3.776031e-01
9.270343e-01
9.730436e-01
4.924868e-01
-2.527913e-01
-8.585579e-01
-9.977071e-01
-5.963701e-01
1.266667e-01
7.789594e-01
1.008033e+00
6.908912e-01
6.504868e-04
-6.880012e-01
-1.002500e+00
-7.734243e-01
-1.258751e-01
5.885227e-01
9.830816e-01
8.446734e-01
2.490666e-01
-4.803518e-01
-9.485315e-01
-9.022460e-01
-3.670825e-01
3.665300e-01
9.010341e-01
9.471503e-01
4.800800e-01
-2.469147e-01
-8.396893e-01
-9.773163e-01
-5.850445e-01
1.245756e-01
7.668601e-01
9.939275e-01
6.823131e-01
5.569236e-04
-6.818898e-01
-9.951883e-01
-7.690150e-01
-1.253034e-01
5.873079e-01
9.826197e-01
8.456848e-01
2.497097e-01
-4.826656e-01
-9.546161e-01
-9.095394e-01
-3.706067e-01
3.708324e-01
9.129894e-01
9.612487e-01
4.879572e-01
-2.515097e-01
-8.564921e-01
-9.983858e-01
-5.985889e-01
1.277583e-01
7.871618e-01
1.021745e+00
7.024411e-01
4.841523e-04
-7.041787e-01
-1.029122e+00
-7.963488e-01
-1.298731e-01
6.098655e-01
1.021682e+00
8.803863e-01
2.602883e-01
-5.038525e-01
-9.975720e-01
-9.515270e-01
-3.881639e-01
3.888559e-01
9.582933e-01
1.009961e+00
5.131940e-01
-2.648253e-01
-9.024999e-01
-1.052905e+00
-6.317845e-01
1.349240e-01
8.321152e-01
1.080840e+00
7.435613e-01
5.376169e-04
-7.463460e-01
-1.091348e+00
-8.449036e-01
-1.379077e-01
6.476160e-01
1.085354e+00
9.355827e-01
2.766856e-01
-5.357145e-01
-1.060969e+00
-1.012200e+00
-4.130042e-01
4.136621e-01
1.019645e+00
1.074661e+00
5.460658e-01
-2.816964e-01
-9.601155e-01
-1.120030e+00
-6.719766e-01
1.433804e-01
8.845120e-01
1.148656e+00
7.899746e-01
5.895965e-04
-7.922676e-01
-1.158079e+00
-8.962089e-01
-1.462630e-01
6.861002e-01
1.149303e+00
9.901849e-01
2.926893e-01
-5.661552e-01
-1.120596e+00
-1.068376e+00
-4.356613e-01
4.358454e-01
1.073587e+00
1.130651e+00
5.741021e-01
-2.957873e-01
-1.007396e+00
-1.174152e+00
-7.038222e-01
1.499134e-01
9.243863e-01
1.199272e+00
8.240019e-01
7.098920e-04
-8.244281e-01
-1.203849e+00
-9.306788e-01
-1.518174e-01
7.106434e-01
1.189115e+00
1.023340e+00
3.022031e-01
-5.835297e-01
-1.153678e+00
-1.098616e+00
-4.474859e-01
4.468725e-01
1.099562e+00
1.156573e+00
5.865683e-01
-3.016313e-01
-1.026217e+00
-1.194568e+00
-7.152043e-01
1.519718e-01
9.364767e-01
1.213385e+00
8.326394e-01
8.539495e-04
-8.305380e-01
-1.211169e+00
-9.350911e-01
-1.524827e-01
7.118241e-01
1.189575e+00
1.022369e+00
3.016313e-01
-5.811743e-01
-1.147586e+00
-1.091359e+00
-4.440404e-01
4.425374e-01
1.087599e+00
1.142489e+00
5.787223e-01
-2.969532e-01
-1.009423e+00
-1.173493e+00
-7.017044e-01
1.487387e-01
9.161631e-01
1.185570e+00
8.125575e-01
9.801856e-04
-8.082001e-01
-1.177241e+00
-9.078048e-01
-1.479323e-01
6.891863e-01
1.150502e+00
9.876676e-01
2.911314e-01
-5.599726e-01
-1.104639e+00
-1.049379e+00
-4.265560e-01
4.244708e-01
1.042246e+00
1.093794e+00
5.535390e-01
-2.836286e-01
-9.633902e-01
-1.118989e+00
-6.685311e-01
1.415135e-01
8.711770e-01
1.126468e+00
7.714669e-01
1.005433e-03
-7.659957e-01
-1.115013e+00
-8.592529e-01
-1.399571e-01
6.514373e-01
1.086815e+00
9.324773e-01
2.747520e-01
-5.280616e-01
-1.041224e+00
-9.887147e-01
-4.017157e-01
3.995890e-01
9.808895e-01
1.029106e+00
5.206746e-01
-2.666832e-01
-9.057167e-01
-1.051865e+00
-6.283554e-01
1.330067e-01
8.187267e-01
1.058670e+00
7.250700e-01
9.445424e-04
-7.200428e-01
-1.048286e+00
-8.080071e-01
-1.316181e-01
6.129130e-01
1.022844e+00
8.779151e-01
2.587645e-01
-4.975897e-01
-9.815712e-01
-9.325753e-01
-3.791402e-01
3.774056e-01
9.269140e-01
9.731149e-01
4.927096e-01
-2.525879e-01
-8.584317e-01
-9.977636e-01
-5.965706e-01
1.264647e-01
7.788347e-01
1.008053e+00
6.910769e-01
8.910778e-04
-6.878705e-01
-1.002507e+00
-7.735847e-01
-1.261217e-01
5.883549e-01
9.830340e-01
8.448086e-01
2.493087e-01
-4.801751e-01
-9.484825e-01
-9.023484e-01
-3.673037e-01
3.663117e-01
9.009554e-01
9.472394e-01
4.802894e-01
-2.466815e-01
-8.395928e-01
-9.773400e-01
-5.852406e-01
1.243410e-01
7.667071e-01
9.939438e-01
6.824869e-01
7.871187e-04
-6.817191e-01
-9.951898e-01
-7.691798e-01
-1.255558e-01
5.871014e-01
9.825707e-01
8.458036e-01
2.499384e-01
-4.824711e-01
-9.545671e-01
-9.096256e-01
-3.708354e-01
3.706067e-01
9.128765e-01
9.613259e-01
4.881695e-01
-2.512869e-01
-8.563510e-01
-9.984393e-01
-5.987612e-01
1.275013e-01
7.870029e-01
1.021762e+00
7.025911e-01
7.395946e-04
-7.039811e-01
-1.029118e+00
-7.964854e-01
-1.301181e-01
6.096947e-01
1.021634e+00
8.805051e-01
2.605066e-01
-5.036416e-01
-9.975007e-01
-9.516310e-01
-3.883792e-01
3.886198e-01
9.581952e-01
1.010068e+00
5.133841e-01
-2.645773e-01
-9.023707e-01
-1.052948e+00
-6.320118e-01
1.346953e-01
8.319622e-01
1.080860e+00
7.437470e-01
7.514756e-04
-7.461648e-01
-1.091343e+00
-8.450833e-01
-1.381141e-01
6.474319e-01
1.085300e+00
9.357267e-01
2.769514e-01
-5.355170e-01
-1.060874e+00
-1.012315e+00
-4.132551e-01
4.134482e-01
1.019537e+00
1.074776e+00
5.463094e-01
-2.814826e-01
-9.600160e-01
-1.120073e+00
-6.721964e-01
1.431145e-01
8.843798e-01
1.148671e+00
7.901810e-01
8.851373e-04
-7.921058e-01
-1.158092e+00
-8.964094e-01
-1.465422e-01
6.859086e-01
1.149265e+00
9.903349e-01
2.929700e-01
-5.659042e-01
-1.120523e+00
-1.068484e+00
-4.359286e-01
4.355722e-01
1.073502e+00
1.130773e+00
5.743531e-01
-2.955141e-01
-1.007274e+00
-1.174190e+00
-7.040688e-01
1.496313e-01
9.242170e-01
1.199296e+00
8.242128e-01
1.012858e-03
-8.242217e-01
-1.203877e+00
-9.308570e-01
-1.521040e-01
7.104043e-01
1.189047e+00
1.023470e+00
3.024897e-01
-5.832758e-01
-1.153591e+00
-1.098721e+00
-4.477666e-01
4.465918e-01
1.099437e+00
1.156675e+00
5.868000e-01
-3.013432e-01
-1.026075e+00
-1.194615e+00
-7.154166e-01
1.516778e-01
9.362970e-01
1.213407e+00
8.328132e-01
1.149490e-03
-8.303211e-01
-1.211181e+00
-9.352767e-01
-1.527248e-01
7.116013e-01
1.189510e+00
1.022519e+00
3.018689e-01
-5.809278e-01
-1.147500e+00
-1.091469e+00
-4.442691e-01
4.422805e-01
1.087471e+00
1.142601e+00
5.789451e-01
-2.967289e-01
-1.009291e+00
-1.173549e+00
-7.019510e-01
1.485041e-01
9.159908e-01
1.185598e+00
8.127699e-01
1.226717e-03
-8.080249e-01
-1.177249e+00
-9.080008e-01
-1.482055e-01
6.890006e-01
1.150439e+00
9.878102e-01
2.913943e-01
-5.597721e-01
-1.104534e+00
-1.049483e+00
-4.268159e-01
4.242510e-01
1.042173e+00
1.093911e+00
5.537974e-01
-2.833583e-01
-9.632744e-01
-1.119033e+00
-6.687613e-01
1.412343e-01
8.710315e-01
1.126496e+00
7.716674e-01
1.275726e-03
-7.658427e-01
-1.115037e+00
-8.594356e-01
-1.402245e-01
6.512100e-01
1.086764e+00
9.326198e-01
2.750104e-01
-5.278225e-01
-1.041149e+00
-9.888335e-01
-4.019771e-01
3.993365e-01
9.808108e-01
1.029205e+00
5.209152e-01
-2.664382e-01
-9.056068e-01
-1.051888e+00
-6.285811e-01
1.327513e-01
8.185812e-01
1.058697e+00
7.252363e-01
1.201470e-03
-7.198616e-01
-1.048297e+00
-8.081422e-01
-1.318632e-01
6.127081e-01
1.022795e+00
8.780428e-01
2.590125e-01
-4.973610e-01
-9.814925e-01
-9.326688e-01
-3.793392e-01
3.771680e-01
9.268293e-01
9.732144e-01
4.929026e-01
-2.523532e-01
-8.583158e-01
-9.977992e-01
-5.967459e-01
1.262152e-01
7.786743e-01
1.008072e+00
6.912328e-01
1.093055e-03
-6.876833e-01
-1.002506e+00
-7.737332e-01
-1.263236e-01
5.881529e-01
9.829835e-01
8.449467e-01
2.495018e-01
-4.799627e-01
-9.484053e-01
-9.024643e-01
-3.675131e-01
3.661097e-01
9.008559e-01
9.473226e-01
4.805033e-01
-2.464914e-01
-8.394799e-01
-9.773920e-01
-5.854396e-01
1.241390e-01
7.665883e-01
9.939720e-01
6.826725e-01
1.038106e-03
-6.815587e-01
-9.951928e-01
-7.693239e-01
-1.257845e-01
5.869396e-01
9.825380e-01
8.459313e-01
2.501820e-01
-4.822810e-01
-9.544898e-01
-9.097414e-01
-3.710700e-01
3.703839e-01
9.128052e-01
9.614239e-01
4.883997e-01
-2.510478e-01
-8.562619e-01
-9.984630e-01
-5.989751e-01
1.272518e-01
7.868766e-01
1.021791e+00
7.027812e-01
9.801856e-04
-7.038044e-01
-1.029109e+00
-7.966384e-01
-1.303706e-01
6.094749e-01
1.021600e+00
8.806626e-01
2.607501e-01
-5.034040e-01
-9.974279e-01
-9.517513e-01
-3.886198e-01
3.883748e-01
9.580883e-01
1.010129e+00
5.136232e-01
-2.643263e-01
-9.022370e-01
-1.052987e+00
-6.321840e-01
1.344265e-01
8.317944e-01
1.080877e+00
7.439207e-01
1.017314e-03
-7.459658e-01
-1.091345e+00
-8.452244e-01
-1.383873e-01
6.472106e-01
1.085260e+00
9.358663e-01
2.771742e-01
-5.352808e-01
-1.060813e+00
-1.012419e+00
-4.134631e-01
4.131943e-01
1.019427e+00
1.074863e+00
5.465351e-01
-2.812256e-01
-9.598720e-01
-1.120131e+00
-6.723865e-01
1.428873e-01
8.842001e-01
1.148708e+00
7.903919e-01
1.115332e-03
-7.918979e-01
-1.158070e+00
-8.965832e-01
-1.467902e-01
6.856933e-01
1.149214e+00
9.904879e-01
2.931958e-01
-5.657022e-01
-1.120438e+00
-1.068622e+00
-4.361945e-01
4.353524e-01
1.073371e+00
1.130865e+00
5.746174e-01
-2.952750e-01
-1.007126e+00
-1.174246e+00
-7.042990e-01
1.493684e-01
9.240670e-01
1.199333e+00
8.244415e-01
1.293548e-03
-8.240420e-01
-1.203864e+00
-9.310396e-01
-1.523951e-01
7.102068e-01
1.189004e+00
1.023637e+00
3.027793e-01
-5.830678e-01
-1.153521e+00
-1.098852e+00
-4.480398e-01
4.463275e-01
1.099335e+00
1.156776e+00
5.870673e-01
-3.010595e-01
-1.025956e+00
-1.194665e+00
-7.156587e-01
1.513852e-01
9.361173e-01
1.213428e+00
8.330434e-01
1.434635e-03
-8.300939e-01
-1.211177e+00
-9.354579e-01
-1.530203e-01
7.113682e-01
1.189466e+00
1.022665e+00
3.021511e-01
-5.806753e-01
-1.147414e+00
-1.091597e+00
-4.445468e-01
4.420132e-01
1.087366e+00
1.142685e+00
5.792065e-01
-2.964482e-01
-1.009129e+00
-1.173600e+00
-7.021515e-01
1.482026e-01
9.158126e-01
1.185621e+00
8.129510e-01
1.504436e-03
-8.078259e-01
-1.177247e+00
-9.081657e-01
-1.484506e-01
6.887749e-01
1.150396e+00
9.879528e-01
2.916379e-01
-5.595256e-01
-1.104476e+00
-1.049617e+00
-4.270535e-01
4.239926e-01
1.042058e+00
1.093995e+00
5.540024e-01
-2.831370e-01
-9.631348e-01
-1.119097e+00
-6.689811e-01
1.410071e-01
8.708666e-01
1.126511e+00
7.718783e-01
1.502951e-03
-7.656393e-01
-1.115023e+00
-8.596109e-01
-1.404472e-01
6.510274e-01
1.086720e+00
9.327758e-01
2.752807e-01
-5.276279e-01
-1.041074e+00
-9.889523e-01
-4.022281e-01
3.991301e-01
9.807024e-01
1.029285e+00
5.211498e-01
-2.662258e-01
-9.054999e-01
-1.051951e+00
-6.287965e-01
1.324958e-01
8.184520e-01
1.058706e+00
7.254368e-01
1.453942e-03
-7.196998e-01
-1.048282e+00
-8.082996e-01
-1.321231e-01
6.124986e-01
1.022763e+00
8.781854e-01
2.592591e-01
-4.971575e-01
-9.814449e-01
-9.327921e-01
-3.795769e-01
3.769556e-01
9.267372e-01
9.732946e-01
4.931224e-01
-2.521112e-01
-8.581896e-01
-9.978601e-01
-5.969493e-01
1.259702e-01
7.785272e-01
1.008096e+00
6.914155e-01
1.327706e-03
-6.875111e-01
-1.002492e+00
-7.738936e-01
-1.265731e-01
5.879613e-01
9.829538e-01
8.450581e-01
2.497439e-01
-4.797429e-01
-9.483429e-01
-9.025534e-01
-3.677196e-01
3.658899e-01
9.007460e-01
9.473983e-01
4.806949e-01
-2.462701e-01
-8.393611e-01
-9.774618e-01
-5.856237e-01
1.238880e-01
7.664308e-01
9.939958e-01
6.828255e-01
1.225232e-03
-6.814072e-01
-9.951675e-01
-7.694813e-01
-1.260043e-01
5.867480e-01
9.824934e-01
8.460694e-01
2.503854e-01
-4.820731e-01
-9.544364e-01
-9.098587e-01
-3.712557e-01
3.701864e-01
9.126968e-01
9.614982e-01
4.885928e-01
-2.508503e-01
-8.561416e-01
-9.985239e-01
-5.991755e-01
1.270410e-01
7.867177e-01
1.021797e+00
7.029683e-01
1.180678e-03
-7.036648e-01
-1.029091e+00
-7.968285e-01
-1.306290e-01
6.093145e-01
1.021555e+00
8.808051e-01
2.609982e-01
-5.032228e-01
-9.973730e-01
-9.518537e-01
-3.888366e-01
3.881758e-01
9.579888e-01
1.010210e+00
5.138652e-01
-2.640783e-01
-9.021301e-01
-1.053046e+00
-6.324172e-01
1.341681e-01
8.316369e-01
1.080886e+00
7.441138e-01
1.265330e-03
-7.458009e-01
-1.091313e+00
-8.454175e-01
-1.386740e-01
6.470116e-01
1.085223e+00
9.360163e-01
2.774341e-01
-5.350417e-01
-1.060752e+00
-1.012548e+00
-4.137096e-01
4.129358e-01
1.019313e+00
1.074926e+00
5.467772e-01
-2.809494e-01
-9.597309e-01
-1.120181e+00
-6.726286e-01
1.426036e-01
8.840190e-01
1.148714e+00
7.905776e-01
1.378200e-03
-7.916974e-01
-1.158037e+00
-8.967421e-01
-1.470768e-01
6.854720e-01
1.149161e+00
9.906334e-01
2.934869e-01
-5.654364e-01
-1.120367e+00
-1.068733e+00
-4.364053e-01
4.350747e-01
1.073250e+00
1.130951e+00
5.748387e-01
-2.949943e-01
-1.006974e+00
-1.174316e+00
-7.045173e-01
1.490847e-01
9.238784e-01
1.199358e+00
8.246271e-01
1.540079e-03
-8.238267e-01
-1.203828e+00
-9.312238e-01
-1.526624e-01
7.099722e-01
1.188961e+00
1.023819e+00
3.030362e-01
-5.828079e-01
-1.153430e+00
-1.098997e+00
-4.482582e-01
4.460899e-01
1.099211e+00
1.156871e+00
5.873391e-01
-3.008100e-01
-1.025803e+00
-1.194736e+00
-7.158993e-01
1.511372e-01
9.359629e-01
1.213455e+00
8.332661e-01
1.737602e-03
-8.299157e-01
-1.211131e+00
-9.356450e-01
-1.533188e-01
7.111751e-01
1.189430e+00
1.022836e+00
3.024556e-01
-5.804421e-01
-1.147340e+00
-1.091735e+00
-4.447963e-01
4.417295e-01
1.087253e+00
1.142770e+00
5.794708e-01
-2.961660e-01
-1.008994e+00
-1.173659e+00
-7.024039e-01
1.479145e-01
9.156567e-01
1.185650e+00
8.131812e-01
1.794037e-03
-8.076179e-01
-1.177222e+00
-9.083454e-01
-1.487432e-01
6.885536e-01
1.150362e+00
9.881117e-01
2.919141e-01
-5.592642e-01
-1.104412e+00
-1.049745e+00
-4.272911e-01
4.237357e-01
1.041922e+00
1.094073e+00
5.542727e-01
-2.828667e-01
-9.629878e-01
-1.119142e+00
-6.691875e-01
1.407249e-01
8.706780e-01
1.126548e+00
7.720506e-01
1.774730e-03
-7.654432e-01
-1.115000e+00
-8.597712e-01
-1.407249e-01
6.508180e-01
1.086674e+00
9.329139e-01
2.755094e-01
-5.273814e-01
-1.041008e+00
-9.890785e-01
-4.024122e-01
3.988806e-01
9.805880e-01
1.029375e+00
5.213577e-01
-2.659704e-01
-9.053424e-01
-1.052018e+00
-6.289866e-01
1.322627e-01
8.182827e-01
1.058734e+00
7.256388e-01
1.681167e-03
-7.195171e-01
-1.048270e+00
-8.084957e-01
-1.323354e-01
6.123397e-01
1.022727e+00
8.783383e-01
2.594744e-01
-4.969600e-01
-9.813707e-01
-9.328961e-01
-3.797967e-01
3.767536e-01
9.266273e-01
9.733718e-01
4.933556e-01
-2.519077e-01
-8.580827e-01
-9.979106e-01
-5.971528e-01
1.257519e-01
7.784069e-01
1.008127e+00
6.916070e-01
1.581663e-03
-6.873596e-01
-1.002480e+00
-7.740436e-01
-1.268093e-01
5.877980e-01
9.829182e-01
8.451992e-01
2.499830e-01
-4.795528e-01
-9.482894e-01
-9.026544e-01
-3.679409e-01
3.656642e-01
9.006643e-01
9.474726e-01
4.809280e-01
-2.460206e-01
-8.392482e-01
-9.775094e-01
-5.858094e-01
1.236519e-01
7.662794e-01
9.939973e-01
6.830126e-01
1.483645e-03
-6.812156e-01
-9.951690e-01
-7.696328e-01
-1.262434e-01
5.865564e-01
9.824637e-01
8.461986e-01
2.506290e-01
-4.818473e-01
-9.543681e-01
-9.099360e-01
-3.714755e-01
3.699532e-01
9.125973e-01
9.615724e-01
4.888245e-01
-2.506023e-01
-8.559871e-01
-9.985596e-01
-5.993374e-01
1.267944e-01
7.865648e-01
1.021838e+00
7.031376e-01
1.446516e-03
-7.034732e-01
-1.029083e+00
-7.969651e-01
-1.308399e-01
6.091111e-01
1.021514e+00
8.809551e-01
2.612180e-01
-5.029911e-01
-9.972898e-01
-9.519681e-01
-3.890297e-01
3.879411e-01
9.578774e-01
1.010300e+00
5.140628e-01
-2.638645e-01
-9.019890e-01
-1.053088e+00
-6.326132e-01
1.339409e-01
8.314780e-01
1.080917e+00
7.443277e-01
1.502951e-03
-7.456138e-01
-1.091296e+00
-8.455868e-01
-1.388923e-01
6.468200e-01
1.085165e+00
9.361752e-01
2.777103e-01
-5.348279e-01
-1.060671e+00
-1.012661e+00
-4.139621e-01
4.127220e-01
1.019206e+00
1.075017e+00
5.470460e-01
-2.807192e-01
-9.595957e-01
-1.120248e+00
-6.728573e-01
1.423259e-01
8.838704e-01
1.148745e+00
7.907929e-01
1.676711e-03
-7.915147e-01
-1.158031e+00
-8.969292e-01
-1.473724e-01
6.852418e-01
1.149128e+00
9.908027e-01
2.937572e-01
-5.651943e-01
-1.120290e+00
-1.068834e+00
-4.366949e-01
4.348088e-01
1.073161e+00
1.131042e+00
5.750942e-01
-2.947091e-01
-1.006804e+00
-1.174387e+00
-7.047237e-01
1.487996e-01
9.236808e-01
1.199367e+00
8.248469e-01
1.853442e-03
-8.236158e-01
-1.203816e+00
-9.313946e-01
-1.529550e-01
7.097390e-01
1.188918e+00
1.023961e+00
3.033184e-01
-5.825421e-01
-1.153346e+00
-1.099079e+00
-4.485611e-01
4.458122e-01
1.099106e+00
1.156952e+00
5.875693e-01
-3.005249e-01
-1.025638e+00
-1.194814e+00
-7.160864e-01
1.508506e-01
9.357698e-01
1.213474e+00
8.334637e-01
1.993044e-03
-8.297286e-01
-1.211137e+00
-9.358173e-01
-1.535743e-01
7.109256e-01
1.189381e+00
1.023012e+00
3.026872e-01
-5.801852e-01
-1.147254e+00
-1.091836e+00
-4.450651e-01
4.414949e-01
1.087134e+00
1.142868e+00
5.797322e-01
-2.959240e-01
-1.008838e+00
-1.173759e+00
-7.026178e-01
1.476798e-01
9.154592e-01
1.185667e+00
8.134010e-01
2.045024e-03
-8.074486e-01
-1.177218e+00
-9.085399e-01
-1.490342e-01
6.883472e-01
1.150315e+00
9.882899e-01
2.921829e-01
-5.590577e-01
-1.104322e+00
-1.049846e+00
-4.275822e-01
4.235129e-01
1.041847e+00
1.094163e+00
5.545103e-01
-2.825920e-01
-9.628585e-01
-1.119238e+00
-6.693940e-01
1.404517e-01
8.705384e-01
1.126561e+00
7.722763e-01
2.055419e-03
-7.652903e-01
-1.114985e+00
-8.599435e-01
-1.409997e-01
6.505907e-01
1.086652e+00
9.330728e-01
2.757559e-01
-5.271572e-01
-1.040942e+00
-9.891691e-01
-4.027033e-01
3.986385e-01
9.805093e-01
1.029449e+00
5.216013e-01
-2.657194e-01
-9.052058e-01
-1.052081e+00
-6.291856e-01
1.320176e-01
8.181044e-01
1.058733e+00
7.258126e-01
1.944035e-03
-7.193552e-01
-1.048248e+00
-8.086234e-01
-1.325998e-01
6.121274e-01
1.022684e+00
8.784616e-01
2.597120e-01
-4.967476e-01
-9.812994e-01
-9.329822e-01
-3.800179e-01
3.765190e-01
9.265397e-01
9.734564e-01
4.935412e-01
-2.516701e-01
-8.579475e-01
-9.979744e-01
-5.973073e-01
1.255217e-01
7.782406e-01
1.008121e+00
6.917764e-01
1.805918e-03
-6.871888e-01
-1.002476e+00
-7.742100e-01
-1.270231e-01
5.875930e-01
9.828811e-01
8.453402e-01
2.501835e-01
-4.793597e-01
-9.482167e-01
-9.027687e-01
-3.681696e-01
3.654726e-01
9.005856e-01
9.475587e-01
4.811360e-01
-2.458172e-01
-8.391116e-01
-9.775509e-01
-5.859906e-01
1.234588e-01
7.661516e-01
9.940136e-01
6.832175e-01
1.736117e-03
-6.810626e-01
-9.951542e-01
-7.697872e-01
-1.264870e-01
5.863841e-01
9.824192e-01
8.463279e-01
2.508681e-01
-4.816840e-01
-9.542923e-01
-9.100503e-01
-3.717383e-01
3.697290e-01
9.125320e-01
9.616556e-01
4.890235e-01
-2.503572e-01
-8.558847e-01
-9.986160e-01
-5.995572e-01
1.265553e-01
7.864385e-01
1.021832e+00
7.033307e-01
1.701959e-03
-7.032965e-01
-1.029086e+00
-7.971092e-01
-1.310790e-01
6.088957e-01
1.021475e+00
8.810769e-01
2.614660e-01
-5.027847e-01
-9.972200e-01
-9.520498e-01
-3.893000e-01
3.877020e-01
9.577898e-01
1.010378e+00
5.142662e-01
-2.636031e-01
-9.018509e-01
-1.053144e+00
-6.327974e-01
1.336869e-01
8.313236e-01
1.080919e+00
7.444970e-01
1.768789e-03
-7.454163e-01
-1.091307e+00
-8.457279e-01
-1.391552e-01
6.465839e-01
1.085114e+00
9.363000e-01
2.779361e-01
-5.346095e-01
-1.060586e+00
-1.012766e+00
-4.141952e-01
4.124725e-01
1.019102e+00
1.075108e+00
5.472198e-01
-2.804400e-01
-9.594546e-01
-1.120297e+00
-6.730474e-01
1.420927e-01
8.836907e-01
1.148751e+00
7.910038e-01
1.923243e-03
-7.913112e-01
-1.158033e+00
-8.971000e-01
-1.475862e-01
6.850368e-01
1.149058e+00
9.909527e-01
2.940022e-01
-5.649938e-01
-1.120205e+00
-1.068980e+00
-4.369638e-01
4.345935e-01
1.073036e+00
1.131122e+00
5.753600e-01
-2.944656e-01
-1.006689e+00
-1.174436e+00
-7.049851e-01
1.485115e-01
9.235353e-01
1.199382e+00
8.250682e-01
2.140072e-03
-8.234450e-01
-1.203802e+00
-9.315698e-01
-1.532520e-01
7.095222e-01
1.188873e+00
1.024126e+00
3.036036e-01
-5.822926e-01
-1.153251e+00
-1.099244e+00
-4.488151e-01
4.455419e-01
1.099002e+00
1.157035e+00
5.878440e-01
-3.002442e-01
-1.025513e+00
-1.194849e+00
-7.163478e-01
1.505491e-01
9.355827e-01
1.213486e+00
8.336879e-01
2.291555e-03
-8.295013e-01
-1.211132e+00
-9.359896e-01
-1.538713e-01
7.106821e-01
1.189324e+00
1.023155e+00
3.029917e-01
-5.799535e-01
-1.147153e+00
-1.091973e+00
-4.453206e-01
4.412201e-01
1.087021e+00
1.142942e+00
5.799595e-01
-2.956373e-01
-1.008693e+00
-1.173802e+00
-7.028346e-01
1.473843e-01
9.152958e-01
1.185687e+00
8.135926e-01
2.334624e-03
-8.072348e-01
-1.177207e+00
-9.086855e-01
-1.492733e-01
6.881125e-01
1.150261e+00
9.884429e-01
2.924250e-01
-5.588201e-01
-1.104231e+00
-1.050001e+00
-4.277931e-01
4.232471e-01
1.041729e+00
1.094249e+00
5.547316e-01
-2.823692e-01
-9.627219e-01
-1.119286e+00
-6.696405e-01
1.402126e-01
8.703662e-01
1.126582e+00
7.724783e-01
2.285615e-03
-7.650898e-01
-1.114986e+00
-8.601188e-01
-1.412388e-01
6.504140e-01
1.086601e+00
9.332243e-01
2.760203e-01
-5.269671e-01
-1.040859e+00
-9.893087e-01
-4.029379e-01
3.984232e-01
9.803994e-01
1.029525e+00
5.218419e-01
-2.655085e-01
-9.050989e-01
-1.052136e+00
-6.294128e-01
1.317533e-01
8.179767e-01
1.058753e+00
7.260086e-01
2.200962e-03
-7.191814e-01
-1.048254e+00
-8.088046e-01
-1.328627e-01
6.119046e-01
1.022651e+00
8.786086e-01
2.599571e-01
-4.965338e-01
-9.812370e-01
-9.330951e-01
-3.802689e-01
3.762828e-01
9.264580e-01
9.735277e-01
4.937625e-01
-2.514265e-01
-8.578168e-01
-9.980220e-01
-5.975167e-01
1.252722e-01
7.780847e-01
1.008139e+00
6.919664e-01
2.052449e-03
-6.870061e-01
-1.002473e+00
-7.743451e-01
-1.272697e-01
5.874029e-01
9.828350e-01
8.454620e-01
2.504285e-01
-4.791399e-01
-9.481454e-01
-9.028756e-01
-3.683953e-01
3.652409e-01
9.004757e-01
9.476181e-01
4.813127e-01
-2.455810e-01
-8.389928e-01
-9.776029e-01
-5.861925e-01
1.232019e-01
7.660002e-01
9.940359e-01
6.833616e-01
1.938094e-03
-6.808844e-01
-9.951378e-01
-7.699179e-01
-1.266920e-01
5.861777e-01
9.823672e-01
8.464719e-01
2.510760e-01
-4.814686e-01
-9.542240e-01
-9.101706e-01
-3.719418e-01
3.695314e-01
9.124221e-01
9.617343e-01
4.892448e-01
-2.501567e-01
-8.557495e-01
-9.986814e-01
-5.997637e-01
1.263340e-01
7.862855e-01
1.021855e+00
7.035044e-01
1.915817e-03
-7.031406e-01
-1.029058e+00
-7.972993e-01
-1.313493e-01
6.087279e-01
1.021414e+00
8.812106e-01
2.617081e-01
-5.025872e-01
-9.971428e-01
-9.521686e-01
-3.895287e-01
3.874867e-01
9.576844e-01
1.010451e+00
5.145365e-01
-2.633462e-01
-9.017276e-01
-1.053197e+00
-6.330142e-01
1.334255e-01
8.311751e-01
1.080950e+00
7.446975e-01
2.040568e-03
-7.452574e-01
-1.091287e+00
-8.459150e-01
-1.394373e-01
6.463759e-01
1.085085e+00
9.364559e-01
2.781975e-01
-5.343571e-01
-1.060509e+00
-1.012879e+00
-4.144462e-01
4.122022e-01
1.018983e+00
1.075177e+00
5.474990e-01
-2.801831e-01
-9.593031e-01
-1.120361e+00
-6.732835e-01
1.418031e-01
8.835140e-01
1.148775e+00
7.911805e-01
2.208388e-03
-7.911092e-01
-1.158015e+00
-8.972648e-01
-1.478922e-01
6.848052e-01
1.149024e+00
9.910998e-01
2.942844e-01
-5.647339e-01
-1.120101e+00
-1.069096e+00
-4.371821e-01
4.343113e-01
1.072914e+00
1.131220e+00
5.755917e-01
-2.941982e-01
-1.006536e+00
-1.174488e+00
-7.051871e-01
1.482605e-01
9.233407e-01
1.199389e+00
8.252539e-01
2.395514e-03
-8.232207e-01
-1.203785e+00
-9.317837e-01
-1.535015e-01
7.092949e-01
1.188823e+00
1.024279e+00
3.038516e-01
-5.820609e-01
-1.153190e+00
-1.099351e+00
-4.491181e-01
4.452968e-01
1.098867e+00
1.157140e+00
5.880995e-01
-2.999917e-01
-1.025342e+00
-1.194919e+00
-7.165854e-01
1.502892e-01
9.354178e-01
1.213520e+00
8.339107e-01
2.593036e-03
-8.293246e-01
-1.211122e+00
-9.362005e-01
-1.541565e-01
7.104875e-01
1.189292e+00
1.023320e+00
3.032768e-01
-5.797144e-01
-1.147096e+00
-1.092092e+00
-4.456072e-01
4.409484e-01
1.086919e+00
1.143043e+00
5.802238e-01
-2.953507e-01
-1.008552e+00
-1.173845e+00
-7.030678e-01
1.470961e-01
9.151339e-01
1.185719e+00
8.138095e-01
2.645016e-03
-8.070135e-01
-1.177200e+00
-9.088889e-01
-1.495570e-01
6.878927e-01
1.150245e+00
9.885854e-01
2.927191e-01
-5.585587e-01
-1.104172e+00
-1.050088e+00
-4.280723e-01
4.229872e-01
1.041616e+00
1.094343e+00
5.549855e-01
-2.820989e-01
-9.625645e-01
-1.119324e+00
-6.698276e-01
1.399363e-01
8.701969e-01
1.126612e+00
7.726595e-01
2.581155e-03
-7.648908e-01
-1.114973e+00
-8.602896e-01
-1.415046e-01
6.501927e-01
1.086567e+00
9.333520e-01
2.762534e-01
-5.267116e-01
-1.040782e+00
-9.894082e-01
-4.031592e-01
3.981826e-01
9.802761e-01
1.029620e+00
5.220394e-01
-2.652456e-01
-9.049578e-01
-1.052186e+00
-6.295836e-01
1.315320e-01
8.178163e-01
1.058796e+00
7.262046e-01
2.416306e-03
-7.189943e-01
-1.048243e+00
-8.089664e-01
-1.330676e-01
6.117546e-01
1.022608e+00
8.787453e-01
2.601962e-01
-4.963348e-01
-9.811598e-01
-9.332094e-01
-3.804813e-01
3.760853e-01
9.263392e-01
9.736139e-01
4.940016e-01
-2.512245e-01
-8.577114e-01
-9.980635e-01
-5.977454e-01
1.250301e-01
7.779703e-01
1.008176e+00
6.921447e-01
2.298981e-03
-6.868487e-01
-1.002464e+00
-7.745129e-01
-1.275236e-01
5.872307e-01
9.827890e-01
8.456046e-01
2.506750e-01
-4.789291e-01
-9.480830e-01
-9.029752e-01
-3.686077e-01
3.650270e-01
9.003925e-01
9.477058e-01
4.815459e-01
-2.453479e-01
-8.388725e-01
-9.776400e-01
-5.863886e-01
1.229643e-01
7.658561e-01
9.940582e-01
6.835383e-01
2.169774e-03
-6.807017e-01
-9.951393e-01
-7.700932e-01
-1.269355e-01
5.859935e-01
9.823479e-01
8.465892e-01
2.513211e-01
-4.812548e-01
-9.541512e-01
-9.102508e-01
-3.721468e-01
3.693027e-01
9.123107e-01
9.618041e-01
4.894557e-01
-2.499146e-01
-8.556233e-01
-9.987170e-01
-5.999315e-01
1.260875e-01
7.861103e-01
1.021884e+00
7.036708e-01
2.157893e-03
-7.029534e-01
-1.029057e+00
-7.974329e-01
-1.315706e-01
6.085289e-01
1.021395e+00
8.813561e-01
2.619368e-01
-5.023555e-01
-9.970641e-01
-9.522904e-01
-3.897337e-01
3.872565e-01
9.575774e-01
1.010542e+00
5.147385e-01
-2.631471e-01
-9.015776e-01
-1.053258e+00
-6.332266e-01
1.332057e-01
8.310043e-01
1.080969e+00
7.448950e-01
2.273733e-03
-7.450569e-01
-1.091264e+00
-8.460769e-01
-1.396542e-01
6.462051e-01
1.085048e+00
9.365955e-01
2.784841e-01
-5.341581e-01
-1.060433e+00
-1.013001e+00
-4.147135e-01
4.119972e-01
1.018887e+00
1.075289e+00
5.477411e-01
-2.799083e-01
-9.591650e-01
-1.120401e+00
-6.735122e-01
1.415254e-01
8.833685e-01
1.148804e+00
7.913885e-01
2.483137e-03
-7.909221e-01
-1.157999e+00
-8.974549e-01
-1.481803e-01
6.845764e-01
1.148991e+00
9.912438e-01
2.945740e-01
-5.644859e-01
-1.120033e+00
-1.069219e+00
-4.374524e-01
4.340499e-01
1.072815e+00
1.131303e+00
5.758560e-01
-2.938953e-01
-1.006370e+00
-1.174540e+00
-7.054262e-01
1.479620e-01
9.231670e-01
1.199440e+00
8.254811e-01
2.685114e-03
-8.230098e-01
-1.203779e+00
-9.319367e-01
-1.537926e-01
7.090469e-01
1.188772e+00
1.024414e+00
3.041531e-01
-5.818055e-01
-1.153084e+00
-1.099470e+00
-4.493393e-01
4.450176e-01
1.098745e+00
1.157226e+00
5.883386e-01
-2.997051e-01
-1.025186e+00
-1.194989e+00
-7.168082e-01
1.499936e-01
9.352426e-01
1.213545e+00
8.341097e-01
2.839568e-03
-8.291003e-01
-1.211088e+00
-9.363906e-01
-1.544253e-01
7.102499e-01
1.189232e+00
1.023471e+00
3.035293e-01
-5.794694e-01
-1.146998e+00
-1.092234e+00
-4.458315e-01
4.407137e-01
1.086791e+00
1.143159e+00
5.805045e-01
-2.951131e-01
-1.008406e+00
-1.173912e+00
-7.033292e-01
1.468407e-01
9.149557e-01
1.185748e+00
8.140278e-01
2.881151e-03
-8.068397e-01
-1.177182e+00
-9.090790e-01
-1.498629e-01
6.876893e-01
1.150187e+00
9.887354e-01
2.929938e-01
-5.583508e-01
-1.104074e+00
-1.050221e+00
-4.283322e-01
4.227555e-01
1.041515e+00
1.094432e+00
5.552514e-01
-2.818182e-01
-9.624368e-01
-1.119394e+00
-6.700756e-01
1.396586e-01
8.700469e-01
1.126637e+00
7.728585e-01
2.839568e-03
-7.646843e-01
-1.114964e+00
-8.604633e-01
-1.417779e-01
6.499744e-01
1.086507e+00
9.334961e-01
2.765371e-01
-5.264963e-01
-1.040691e+00
-9.895211e-01
-4.033894e-01
3.979420e-01
9.801811e-01
1.029703e+00
5.222978e-01
-2.649783e-01
-9.048212e-01
-1.052234e+00
-6.298138e-01
1.312825e-01
8.176604e-01
1.058822e+00
7.263724e-01
2.685114e-03
-7.187983e-01
-1.048224e+00
-8.091209e-01
-1.333379e-01
6.115422e-01
1.022574e+00
8.788626e-01
2.604294e-01
-4.961135e-01
-9.810841e-01
-9.333104e-01
-3.807070e-01
3.758492e-01
9.262293e-01
9.736866e-01
4.941977e-01
-2.509825e-01
-8.575777e-01
-9.981185e-01
-5.978969e-01
1.247999e-01
7.778010e-01
1.008194e+00
6.923080e-01
2.524720e-03
-6.866764e-01
-1.002452e+00
-7.746674e-01
-1.277226e-01
5.870391e-01
9.827504e-01
8.457427e-01
2.508829e-01
-4.787464e-01
-9.480147e-01
-9.031014e-01
-3.688215e-01
3.648221e-01
9.002915e-01
9.477845e-01
4.817553e-01
-2.451355e-01
-8.387478e-01
-9.777069e-01
-5.866024e-01
1.227608e-01
7.657210e-01
9.940730e-01
6.837284e-01
2.426702e-03
-6.805547e-01
-9.951245e-01
-7.702387e-01
-1.271939e-01
5.858198e-01
9.822974e-01
8.467303e-01
2.515824e-01
-4.810736e-01
-9.540918e-01
-9.103637e-01
-3.723948e-01
3.690740e-01
9.122290e-01
9.618828e-01
4.896665e-01
-2.496651e-01
-8.555000e-01
-9.987779e-01
-6.001498e-01
1.258410e-01
7.859781e-01
1.021900e+00
7.038609e-01
2.426702e-03
-7.027633e-01
-1.029046e+00
-7.976082e-01
-1.318275e-01
6.083136e-01
1.021353e+00
8.814690e-01
2.621788e-01
-5.021431e-01
-9.969883e-01
-9.523899e-01
-3.899876e-01
3.869966e-01
9.574779e-01
1.010616e+00
5.149702e-01
-2.628798e-01
-9.014395e-01
-1.053301e+00
-6.334093e-01
1.329325e-01
8.308305e-01
1.080989e+00
7.450598e-01
2.536601e-03
-7.448579e-01
-1.091258e+00
-8.462373e-01
-1.399274e-01
6.459779e-01
1.084999e+00
9.367232e-01
2.786994e-01
-5.339204e-01
-1.060338e+00
-1.013114e+00
-4.149289e-01
4.117344e-01
1.018777e+00
1.075359e+00
5.479623e-01
-2.796781e-01
-9.590165e-01
-1.120469e+00
-6.737053e-01
1.412982e-01
8.831754e-01
1.148822e+00
7.916112e-01
2.734124e-03
-7.907261e-01
-1.158000e+00
-8.976361e-01
-1.484120e-01
6.843715e-01
1.148932e+00
9.914057e-01
2.948116e-01
-5.642587e-01
-1.119944e+00
-1.069350e+00
-4.377598e-01
4.338153e-01
1.072690e+00
1.131396e+00
5.761041e-01
-2.936577e-01
-1.006232e+00
-1.174588e+00
-7.056653e-01
1.476620e-01
9.230006e-01
1.199456e+00
8.257009e-01
2.998477e-03
-8.228301e-01
-1.203779e+00
-9.321268e-01
-1.540881e-01
7.088568e-01
1.188730e+00
1.024586e+00
3.044441e-01
-5.815456e-01
-1.153016e+00
-1.099602e+00
-4.496453e-01
4.447458e-01
1.098639e+00
1.157320e+00
5.886014e-01
-2.994110e-01
-1.025038e+00
-1.195024e+00
-7.170399e-01
1.496922e-01
9.350406e-01
1.213562e+00
8.343310e-01
3.151445e-03
-8.288791e-01
-1.211091e+00
-9.365584e-01
-1.547119e-01
7.100093e-01
1.189195e+00
1.023627e+00
3.038263e-01
-5.792065e-01
-1.146920e+00
-1.092334e+00
-4.461389e-01
4.404523e-01
1.086668e+00
1.143226e+00
5.807124e-01
-2.948264e-01
-1.008247e+00
-1.173959e+00
-7.035193e-01
1.465511e-01
9.147656e-01
1.185772e+00
8.142149e-01
3.182633e-03
-8.066289e-01
-1.177172e+00
-9.092290e-01
-1.500857e-01
6.874650e-01
1.150126e+00
9.889018e-01
2.932463e-01
-5.581087e-01
-1.103993e+00
-1.050364e+00
-4.285668e-01
4.224941e-01
1.041409e+00
1.094529e+00
5.554578e-01
-2.815821e-01
-9.622897e-01
-1.119451e+00
-6.703073e-01
1.394210e-01
8.698672e-01
1.126659e+00
7.730605e-01
3.086099e-03
-7.645150e-01
-1.114955e+00
-8.606415e-01
-1.420259e-01
6.497843e-01
1.086464e+00
9.336431e-01
2.767925e-01
-5.262943e-01
-1.040624e+00
-9.896354e-01
-4.036508e-01
3.977222e-01
9.800950e-01
1.029776e+00
5.225339e-01
-2.647704e-01
-9.047009e-01
-1.052312e+00
-6.300425e-01
1.310256e-01
8.175119e-01
1.058808e+00
7.265700e-01
2.945012e-03
-7.186617e-01
-1.048216e+00
-8.092872e-01
-1.335978e-01
6.113299e-01
1.022533e+00
8.790126e-01
2.606803e-01
-4.958907e-01
-9.810261e-01
-9.334426e-01
-3.809491e-01
3.756190e-01
9.261565e-01
9.737490e-01
4.944249e-01
-2.507330e-01
-8.574455e-01
-9.981630e-01
-5.981033e-01
1.245563e-01
7.776480e-01
1.008203e+00
6.925041e-01
2.760856e-03
-6.864967e-01
-1.002433e+00
-7.748025e-01
-1.279692e-01
5.868326e-01
9.827281e-01
8.458571e-01
2.511161e-01
-4.785310e-01
-9.479330e-01
-9.031771e-01
-3.690814e-01
3.645949e-01
9.001980e-01
9.478573e-01
4.819424e-01
-2.448994e-01
-8.386200e-01
-9.777455e-01
-5.867703e-01
1.225069e-01
7.655665e-01
9.940968e-01
6.838977e-01
2.643531e-03
-6.803780e-01
-9.951156e-01
-7.704021e-01
-1.274004e-01
5.856119e-01
9.822573e-01
8.468610e-01
2.517725e-01
-4.808568e-01
-9.540161e-01
-9.104825e-01
-3.726071e-01
3.688780e-01
9.121176e-01
9.619719e-01
4.898893e-01
-2.494646e-01
-8.553767e-01
-9.988373e-01
-6.003666e-01
1.256197e-01
7.858237e-01
1.021909e+00
7.040599e-01
2.633135e-03
-7.026252e-01
-1.029023e+00
-7.977448e-01
-1.320785e-01
6.081309e-01
1.021306e+00
8.816071e-01
2.624432e-01
-5.019411e-01
-9.969274e-01
-9.525072e-01
-3.902445e-01
3.868109e-01
9.573829e-01
1.010698e+00
5.151915e-01
-2.626259e-01
-9.013222e-01
-1.053361e+00
-6.336380e-01
1.326577e-01
8.306998e-01
1.080983e+00
7.452574e-01
2.817291e-03
-7.447019e-01
-1.091227e+00
-8.463991e-01
-1.402066e-01
6.457477e-01
1.084961e+00
9.368821e-01
2.789757e-01
-5.336709e-01
-1.060280e+00
-1.013215e+00
-4.151903e-01
4.114953e-01
1.018644e+00
1.075439e+00
5.482118e-01
-2.794138e-01
-9.588665e-01
-1.120520e+00
-6.739370e-01
1.410131e-01
8.829883e-01
1.148846e+00
7.917939e-01
3.019269e-03
-7.905107e-01
-1.157959e+00
-8.978084e-01
-1.487135e-01
6.841398e-01
1.148881e+00
9.915319e-01
2.951027e-01
-5.640017e-01
-1.119858e+00
-1.069442e+00
-4.379707e-01
4.335405e-01
1.072565e+00
1.131486e+00
5.763387e-01
-2.933755e-01
-1.006088e+00
-1.174669e+00
-7.058732e-01
1.474244e-01
9.228091e-01
1.199474e+00
8.258895e-01
3.252434e-03
-8.226133e-01
-1.203741e+00
-9.323287e-01
-1.543406e-01
7.086118e-01
1.188684e+00
1.024745e+00
3.047055e-01
-5.813169e-01
-1.152927e+00
-1.099738e+00
-4.498903e-01
4.445231e-01
1.098504e+00
1.157406e+00
5.888613e-01
-2.991660e-01
-1.024889e+00
-1.195081e+00
-7.172745e-01
1.494278e-01
9.348832e-01
1.213597e+00
8.345552e-01
3.444016e-03
-8.287098e-01
-1.211065e+00
-9.367633e-01
-1.550045e-01
7.098088e-01
1.189152e+00
1.023785e+00
3.041234e-01
-5.789778e-01
-1.146838e+00
-1.092472e+00
-4.464196e-01
4.401776e-01
1.086556e+00
1.143323e+00
5.809842e-01
-2.945383e-01
-1.008116e+00
-1.174014e+00
-7.037569e-01
1.462571e-01
9.146052e-01
1.185791e+00
8.144421e-01
3.469263e-03
-8.064194e-01
-1.177149e+00
-9.094340e-01
-1.503887e-01
6.872289e-01
1.150098e+00
9.890384e-01
2.935240e-01
-5.578474e-01
-1.103924e+00
-1.050463e+00
-4.288535e-01
4.222372e-01
1.041278e+00
1.094597e+00
5.557221e-01
-2.813207e-01
-9.621516e-01
-1.119480e+00
-6.704722e-01
1.391359e-01
8.696889e-01
1.126682e+00
7.732565e-01
3.359363e-03
-7.643190e-01
-1.114928e+00
-8.607975e-01
-1.422858e-01
6.495690e-01
1.086439e+00
9.337693e-01
2.770287e-01
-5.260493e-01
-1.040546e+00
-9.897587e-01
-4.038721e-01
3.974845e-01
9.799762e-01
1.029875e+00
5.227344e-01
-2.645060e-01
-9.045687e-01
-1.052349e+00
-6.302177e-01
1.307969e-01
8.173411e-01
1.058862e+00
7.267512e-01
3.175207e-03
-7.184582e-01
-1.048202e+00
-8.094551e-01
-1.338221e-01
6.111605e-01
1.022482e+00
8.791448e-01
2.609477e-01
-4.957081e-01
-9.809430e-01
-9.335361e-01
-3.811615e-01
3.754081e-01
9.260526e-01
9.738589e-01
4.946581e-01
-2.505206e-01
-8.573371e-01
-9.982135e-01
-5.983231e-01
1.243677e-01
7.775114e-01
1.008222e+00
6.926853e-01
3.013328e-03
-6.863437e-01
-1.002411e+00
-7.749807e-01
-1.282291e-01
5.866693e-01
9.826925e-01
8.459922e-01
2.513641e-01
-4.783127e-01
-9.478766e-01
-9.032870e-01
-3.692953e-01
3.643780e-01
9.001029e-01
9.479137e-01
4.821756e-01
-2.446603e-01
-8.385190e-01
-9.777782e-01
-5.869411e-01
1.222574e-01
7.654046e-01
9.941176e-01
6.840834e-01
2.896003e-03
-6.802102e-01
-9.950948e-01
-7.705506e-01
-1.276410e-01
5.854218e-01
9.822276e-01
8.469724e-01
2.520265e-01
-4.806384e-01
-9.539329e-01
-9.105746e-01
-3.728240e-01
3.686508e-01
9.120181e-01
9.620328e-01
4.900972e-01
-2.492181e-01
-8.552327e-01
-9.988655e-01
-6.005062e-01
1.253791e-01
7.856544e-01
1.021919e+00
7.042188e-01
2.903428e-03
-7.024322e-01
-1.029000e+00
-7.979007e-01
-1.322953e-01
6.079334e-01
1.021264e+00
8.817482e-01
2.626600e-01
-5.017080e-01
-9.968368e-01
-9.526141e-01
-3.904643e-01
3.865718e-01
9.572745e-01
1.010788e+00
5.153890e-01
-2.624016e-01
-9.011722e-01
-1.053404e+00
-6.338608e-01
1.324453e-01
8.305142e-01
1.081010e+00
7.454653e-01
3.054912e-03
-7.444925e-01
-1.091203e+00
-8.465714e-01
-1.404368e-01
6.455591e-01
1.084909e+00
9.370351e-01
2.792474e-01
-5.334719e-01
-1.060179e+00
-1.013340e+00
-4.154531e-01
4.112695e-01
1.018552e+00
1.075535e+00
5.484554e-01
-2.791643e-01
-9.587418e-01
-1.120569e+00
-6.741776e-01
1.407294e-01
8.828457e-01
1.148862e+00
7.920063e-01
3.316294e-03
-7.903400e-01
-1.157930e+00
-8.979762e-01
-1.489941e-01
6.839364e-01
1.148847e+00
9.917027e-01
2.953923e-01
-5.637448e-01
-1.119782e+00
-1.069580e+00
-4.382454e-01
4.332851e-01
1.072460e+00
1.131560e+00
5.766031e-01
-2.930903e-01
-1.005918e+00
-1.174706e+00
-7.061064e-01
1.471273e-01
9.226175e-01
1.199508e+00
8.261123e-01
3.559856e-03
-8.223861e-01
-1.203727e+00
-9.324951e-01
-1.546436e-01
7.083578e-01
1.188629e+00
1.024878e+00
3.049996e-01
-5.810540e-01
-1.152826e+00
-1.099848e+00
-4.501680e-01
4.442320e-01
1.098374e+00
1.157500e+00
5.891004e-01
-2.988630e-01
-1.024731e+00
-1.195152e+00
-7.175092e-01
1.491441e-01
9.346975e-01
1.213614e+00
8.347379e-01
3.718765e-03
-8.284840e-01
-1.211031e+00
-9.369252e-01
-1.552703e-01
7.095563e-01
1.189091e+00
1.023954e+00
3.043788e-01
-5.787223e-01
-1.146750e+00
-1.092598e+00
-4.466557e-01
4.399251e-01
1.086441e+00
1.143431e+00
5.812471e-01
-2.942799e-01
-1.007962e+00
-1.174075e+00
-7.040242e-01
1.460194e-01
9.144240e-01
1.185797e+00
8.146530e-01
3.726190e-03
-8.062368e-01
-1.177114e+00
-9.096137e-01
-1.506426e-01
6.870180e-01
1.150041e+00
9.891958e-01
2.938210e-01
-5.576320e-01
-1.103834e+00
-1.050594e+00
-4.291000e-01
4.220159e-01
1.041177e+00
1.094705e+00
5.559761e-01
-2.810430e-01
-9.620195e-01
-1.119571e+00
-6.707276e-01
1.388641e-01
8.695464e-01
1.126700e+00
7.734570e-01
3.659359e-03
-7.641512e-01
-1.114931e+00
-8.609816e-01
-1.425754e-01
6.493417e-01
1.086383e+00
9.339297e-01
2.772989e-01
-5.258176e-01
-1.040485e+00
-9.898597e-01
-4.041246e-01
3.972157e-01
9.798663e-01
1.029952e+00
5.229617e-01
-2.642610e-01
-9.044217e-01
-1.052393e+00
-6.304435e-01
1.305370e-01
8.171837e-01
1.058871e+00
7.269398e-01
3.435105e-03
-7.182651e-01
-1.048202e+00
-8.095917e-01
-1.340686e-01
6.109556e-01
1.022445e+00
8.792740e-01
2.611630e-01
-4.954853e-01
-9.808747e-01
-9.336357e-01
-3.813753e-01
3.751720e-01
9.259486e-01
9.739406e-01
4.948348e-01
-2.502755e-01
-8.572064e-01
-9.982715e-01
-5.985147e-01
1.240959e-01
7.773510e-01
1.008252e+00
6.928367e-01
3.243523e-03
-6.861537e-01
-1.002405e+00
-7.751441e-01
-1.284474e-01
5.864688e-01
9.826360e-01
8.461199e-01
2.515780e-01
-4.781464e-01
-9.477993e-01
-9.033984e-01
-3.694750e-01
3.641612e-01
8.999975e-01
9.480117e-01
4.824028e-01
-2.444672e-01
-8.383690e-01
-9.778391e-01
-5.871668e-01
1.220628e-01
7.652739e-01
9.941339e-01
6.842512e-01
3.157386e-03
-6.800453e-01
-9.950963e-01
-7.707140e-01
-1.279023e-01
5.852525e-01
9.821623e-01
8.471061e-01
2.522775e-01
-4.804543e-01
-9.538676e-01
-9.106681e-01
-3.730557e-01
3.684013e-01
9.119394e-01
9.621175e-01
4.903200e-01
-2.489805e-01
-8.551213e-01
-9.989056e-01
-6.007320e-01
1.251237e-01
7.855281e-01
1.021944e+00
7.044118e-01
3.158871e-03
-7.022406e-01
-1.029006e+00
-7.980730e-01
-1.325478e-01
6.077136e-01
1.021202e+00
8.818833e-01
2.629199e-01
-5.014911e-01
-9.967730e-01
-9.527017e-01
-3.906841e-01
3.863193e-01
9.571512e-01
1.010864e+00
5.156459e-01
-2.621610e-01
-9.010267e-01
-1.053457e+00
-6.340345e-01
1.321869e-01
8.303597e-01
1.081035e+00
7.456272e-01
3.325205e-03
-7.443069e-01
-1.091211e+00
-8.467348e-01
-1.407042e-01
6.453482e-01
1.084849e+00
9.371762e-01
2.794702e-01
-5.332254e-01
-1.060099e+00
-1.013451e+00
-4.156997e-01
4.109963e-01
1.018431e+00
1.075630e+00
5.486559e-01
-2.788880e-01
-9.585799e-01
-1.120616e+00
-6.743810e-01
1.404873e-01
8.826675e-01
1.148850e+00
7.922038e-01
3.568767e-03
-7.901276e-01
-1.157923e+00
-8.981559e-01
-1.492288e-01
6.837091e-01
1.148782e+00
9.918602e-01
2.956388e-01
-5.635384e-01
-1.119697e+00
-1.069709e+00
-4.385246e-01
4.330311e-01
1.072335e+00
1.131667e+00
5.768437e-01
-2.928319e-01
-1.005779e+00
-1.174770e+00
-7.063737e-01
1.468704e-01
9.224690e-01
1.199504e+00
8.263157e-01
3.870248e-03
-8.222153e-01
-1.203705e+00
-9.326807e-01
-1.549391e-01
7.081618e-01
1.188573e+00
1.025056e+00
3.052966e-01
-5.808015e-01
-1.152753e+00
-1.099978e+00
-4.504413e-01
4.439483e-01
1.098277e+00
1.157589e+00
5.893603e-01
-2.985809e-01
-1.024592e+00
-1.195194e+00
-7.177557e-01
1.488471e-01
9.344881e-01
1.213638e+00
8.349532e-01
4.033612e-03
-8.282657e-01
-1.211039e+00
-9.371153e-01
-1.555822e-01
7.093261e-01
1.189033e+00
1.024089e+00
3.046788e-01
-5.784684e-01
-1.146663e+00
-1.092708e+00
-4.469305e-01
4.396533e-01
1.086313e+00
1.143514e+00
5.814758e-01
-2.940007e-01
-1.007813e+00
-1.174118e+00
-7.042173e-01
1.457120e-01
9.142413e-01
1.185837e+00
8.148238e-01
4.021731e-03
-8.060289e-01
-1.177129e+00
-9.097830e-01
-1.509308e-01
6.867952e-01
1.149976e+00
9.893325e-01
2.940675e-01
-5.573825e-01
-1.103748e+00
-1.050722e+00
-4.293539e-01
4.217323e-01
1.041057e+00
1.094787e+00
5.561736e-01
-2.808009e-01
-9.618754e-01
-1.119592e+00
-6.709563e-01
1.386190e-01
8.693592e-01
1.126719e+00
7.736545e-01
3.891040e-03
-7.639492e-01
-1.114914e+00
-8.611643e-01
-1.428041e-01
6.491427e-01
1.086343e+00
9.340856e-01
2.775663e-01
-5.256097e-01
-1.040400e+00
-9.899800e-01
-4.043993e-01
3.970063e-01
9.797667e-01
1.030053e+00
5.231963e-01
-2.640234e-01
-9.043043e-01
-1.052449e+00
-6.306751e-01
1.302548e-01
8.170411e-01
1.058891e+00
7.271195e-01
3.715794e-03
-7.181062e-01
-1.048181e+00
-8.097669e-01
-1.343374e-01
6.107700e-01
1.022394e+00
8.794091e-01
2.614199e-01
-4.952521e-01
-9.807945e-01
-9.337530e-01
-3.816219e-01
3.749254e-01
9.258580e-01
9.739955e-01
4.950650e-01
-2.500453e-01
-8.570698e-01
-9.983190e-01
-5.987033e-01
1.238479e-01
7.771980e-01
1.008266e+00
6.930283e-01
3.482629e-03
-6.859769e-01
-1.002402e+00
-7.752718e-01
-1.286746e-01
5.862638e-01
9.825930e-01
8.462373e-01
2.518379e-01
-4.779296e-01
-9.477266e-01
-9.035009e-01
-3.697141e-01
3.639459e-01
8.998980e-01
9.480785e-01
4.825840e-01
-2.442221e-01
-8.382502e-01
-9.778806e-01
-5.873480e-01
1.218044e-01
7.651195e-01
9.941398e-01
6.844057e-01
3.374215e-03
-6.798730e-01
-9.950740e-01
-7.708506e-01
-1.281221e-01
5.850416e-01
9.821103e-01
8.472308e-01
2.524691e-01
-4.802300e-01
-9.537963e-01
-9.107795e-01
-3.732636e-01
3.681978e-01
9.118161e-01
9.621932e-01
4.905116e-01
-2.487770e-01
-8.549936e-01
-9.989591e-01
-6.009310e-01
1.249098e-01
7.853707e-01
1.021955e+00
7.045871e-01
3.392036e-03
-7.020995e-01
-1.028981e+00
-7.982394e-01
-1.328062e-01
6.075398e-01
1.021168e+00
8.820259e-01
2.631635e-01
-5.012773e-01
-9.966868e-01
-9.528235e-01
-3.909574e-01
3.861025e-01
9.570487e-01
1.010911e+00
5.158642e-01
-2.618863e-01
-9.009197e-01
-1.053496e+00
-6.342409e-01
1.319018e-01
8.302038e-01
1.081056e+00
7.458336e-01
3.596984e-03
-7.441420e-01
-1.091184e+00
-8.469145e-01
-1.409774e-01
6.451255e-01
1.084798e+00
9.373024e-01
2.797420e-01
-5.329982e-01
-1.060037e+00
-1.013555e+00
-4.159403e-01
4.107364e-01
1.018325e+00
1.075694e+00
5.489232e-01
-2.786341e-01
-9.584388e-01
-1.120667e+00
-6.745979e-01
1.402037e-01
8.824833e-01
1.148896e+00
7.923909e-01
3.859852e-03
-7.899152e-01
-1.157908e+00
-8.983326e-01
-1.495451e-01
6.834878e-01
1.148712e+00
9.919775e-01
2.959165e-01
-5.632711e-01
-1.119608e+00
-1.069810e+00
-4.387548e-01
4.327564e-01
1.072210e+00
1.131765e+00
5.770872e-01
-2.925616e-01
-1.005633e+00
-1.174827e+00
-7.065697e-01
1.465778e-01
9.222700e-01
1.199527e+00
8.265088e-01
4.124205e-03
-8.219940e-01
-1.203684e+00
-9.328738e-01
-1.551916e-01
7.079167e-01
1.188518e+00
1.025210e+00
3.055431e-01
-5.805594e-01
-1.152657e+00
-1.100105e+00
-4.506819e-01
4.437077e-01
1.098146e+00
1.157685e+00
5.896262e-01
-2.983180e-01
-1.024441e+00
-1.195238e+00
-7.179978e-01
1.485828e-01
9.343411e-01
1.213652e+00
8.351805e-01
4.274203e-03
-8.280875e-01
-1.211022e+00
-9.373188e-01
-1.558748e-01
7.091152e-01
1.188973e+00
1.024242e+00
3.049803e-01
-5.782516e-01
-1.146582e+00
-1.092839e+00
-4.472037e-01
4.393711e-01
1.086200e+00
1.143578e+00
5.817357e-01
-2.937067e-01
-1.007677e+00
-1.174188e+00
-7.044623e-01
1.454209e-01
9.140720e-01
1.185843e+00
8.150525e-01
4.324697e-03
-8.058061e-01
-1.177100e+00
-9.099731e-01
-1.512441e-01
6.865606e-01
1.149942e+00
9.894973e-01
2.943482e-01
-5.571211e-01
-1.103679e+00
-1.050829e+00
-4.296198e-01
4.214709e-01
1.040929e+00
1.094857e+00
5.564409e-01
-2.805217e-01
-9.617298e-01
-1.119641e+00
-6.711553e-01
1.383339e-01
8.691766e-01
1.126741e+00
7.738357e-01
4.171729e-03
-7.637621e-01
-1.114896e+00
-8.613158e-01
-1.430759e-01
6.489333e-01
1.086294e+00
9.342178e-01
2.777935e-01
-5.253631e-01
-1.040318e+00
-9.901003e-01
-4.046176e-01
3.967613e-01
9.796465e-01
1.030130e+00
5.234102e-01
-2.637575e-01
-9.041707e-01
-1.052499e+00
-6.308400e-01
1.300290e-01
8.168703e-01
1.058912e+00
7.273244e-01
3.941534e-03
-7.179221e-01
-1.048166e+00
-8.099377e-01
-1.345587e-01
6.105724e-01
1.022356e+00
8.795561e-01
2.616368e-01
-4.950680e-01
-9.807306e-01
-9.338718e-01
-3.818565e-01
3.747353e-01
9.257496e-01
9.740772e-01
4.952892e-01
-2.498270e-01
-8.569554e-01
-9.983635e-01
-5.989097e-01
1.236311e-01
7.770584e-01
1.008283e+00
6.932184e-01
3.741042e-03
-6.858358e-01
-1.002390e+00
-7.754456e-01
-1.289360e-01
5.860945e-01
9.825499e-01
8.463754e-01
2.520681e-01
-4.777410e-01
-9.476657e-01
-9.036034e-01
-3.699502e-01
3.637186e-01
8.998044e-01
9.481662e-01
4.828023e-01
-2.439697e-01
-8.381388e-01
-9.779267e-01
-5.875529e-01
1.215579e-01
7.649576e-01
9.941755e-01
6.845928e-01
3.619261e-03
-6.796904e-01
-9.950606e-01
-7.710199e-01
-1.283716e-01
5.848485e-01
9.820836e-01
8.473645e-01
2.527260e-01
-4.799984e-01
-9.537146e-01
-9.108894e-01
-3.735205e-01
3.679735e-01
9.117047e-01
9.622407e-01
4.907284e-01
-2.485127e-01
-8.548570e-01
-9.989962e-01
-6.011018e-01
1.246425e-01
7.851955e-01
1.021979e+00
7.047490e-01
3.634112e-03
-7.019020e-01
-1.028968e+00
-7.983849e-01
-1.330216e-01
6.073304e-01
1.021119e+00
8.821284e-01
2.633877e-01
-5.010530e-01
-9.966096e-01
-9.529319e-01
-3.911624e-01
3.858590e-01
9.569418e-01
1.011039e+00
5.160692e-01
-2.616620e-01
-9.007668e-01
-1.053554e+00
-6.344875e-01
1.316671e-01
8.300300e-01
1.081056e+00
7.460296e-01
3.839060e-03
-7.439311e-01
-1.091166e+00
-8.470793e-01
-1.412121e-01
6.449279e-01
1.084745e+00
9.374510e-01
2.800286e-01
-5.327843e-01
-1.059944e+00
-1.013684e+00
-4.162046e-01
4.105151e-01
1.018199e+00
1.075780e+00
5.491697e-01
-2.783979e-01
-9.583111e-01
-1.120716e+00
-6.748191e-01
1.399141e-01
8.823185e-01
1.148913e+00
7.926048e-01
4.144997e-03
-7.897444e-01
-1.157904e+00
-8.985302e-01
-1.498199e-01
6.832636e-01
1.148666e+00
9.921394e-01
2.962076e-01
-5.630245e-01
-1.119531e+00
-1.069941e+00
-4.390400e-01
4.324846e-01
1.072084e+00
1.131846e+00
5.773456e-01
-2.922438e-01
-1.005486e+00
-1.174871e+00
-7.068252e-01
1.462600e-01
9.220754e-01
1.199535e+00
8.267182e-01
4.418261e-03
-8.217712e-01
-1.203671e+00
-9.330371e-01
-1.555005e-01
7.076672e-01
1.188456e+00
1.025348e+00
3.058506e-01
-5.803189e-01
-1.152582e+00
-1.100220e+00
-4.509641e-01
4.434241e-01
1.098004e+00
1.157779e+00
5.898608e-01
-2.980150e-01
-1.024269e+00
-1.195317e+00
-7.182161e-01
1.482798e-01
9.341451e-01
1.213664e+00
8.353735e-01
4.599446e-03
-8.278469e-01
-1.210982e+00
-9.374836e-01
-1.561287e-01
7.088657e-01
1.188923e+00
1.024407e+00
3.052268e-01
-5.779664e-01
-1.146505e+00
-1.092965e+00
-4.474354e-01
4.391291e-01
1.086074e+00
1.143701e+00
5.819659e-01
-2.934661e-01
-1.007518e+00
-1.174243e+00
-7.047014e-01
1.451655e-01
9.138938e-01
1.185858e+00
8.152634e-01
4.583110e-03
-8.056383e-01
-1.177084e+00
-9.101572e-01
-1.515025e-01
6.863512e-01
1.149881e+00
9.896518e-01
2.946319e-01
-5.569236e-01
-1.103588e+00
-1.050940e+00
-4.298827e-01
4.212318e-01
1.040820e+00
1.094967e+00
5.566860e-01
-2.802588e-01
-9.615947e-01
-1.119700e+00
-6.713915e-01
1.380532e-01
8.690310e-01
1.126752e+00
7.740451e-01
4.462815e-03
-7.635764e-01
-1.114879e+00
-8.615029e-01
-1.433492e-01
6.487061e-01
1.086240e+00
9.343485e-01
2.780727e-01
-5.251240e-01
-1.040244e+00
-9.902117e-01
-4.048716e-01
3.965058e-01
9.795499e-01
1.030187e+00
5.236374e-01
-2.634976e-01
-9.040222e-01
-1.052543e+00
-6.310643e-01
1.297573e-01
8.167010e-01
1.058923e+00
7.274833e-01
4.195491e-03
-7.177394e-01
-1.048158e+00
-8.100951e-01
-1.348082e-01
6.103482e-01
1.022301e+00
8.796824e-01
2.618892e-01
-4.948556e-01
-9.806534e-01
-9.339579e-01
-3.820585e-01
3.744784e-01
9.256412e-01
9.741648e-01
4.954779e-01
-2.495820e-01
-8.568307e-01
-9.984111e-01
-5.991028e-01
1.233831e-01
7.768906e-01
1.008295e+00
6.933684e-01
3.954900e-03
-6.856413e-01
-1.002369e+00
-7.756015e-01
-1.291484e-01
5.858925e-01
9.825098e-01
8.465135e-01
2.522849e-01
-4.775004e-01
-9.475751e-01
-9.037103e-01
-3.701611e-01
3.635033e-01
8.996930e-01
9.482478e-01
4.830265e-01
-2.437454e-01
-8.379918e-01
-9.779697e-01
-5.877594e-01
1.213589e-01
7.648269e-01
9.941784e-01
6.847784e-01
3.836090e-03
-6.795166e-01
-9.950443e-01
-7.711788e-01
-1.286137e-01
5.846807e-01
9.820345e-01
8.475070e-01
2.529621e-01
-4.798083e-01
-9.536448e-01
-9.109978e-01
-3.737492e-01
3.677433e-01
9.116231e-01
9.623462e-01
4.909542e-01
-2.482572e-01
-8.547530e-01
-9.990482e-01
-6.013260e-01
1.243900e-01
7.850618e-01
1.021985e+00
7.049331e-01
3.896980e-03
-7.017119e-01
-1.028957e+00
-7.985379e-01
-1.332830e-01
6.071091e-01
1.021064e+00
8.822650e-01
2.636402e-01
-5.008496e-01
-9.965398e-01
-9.530285e-01
-3.913911e-01
3.856139e-01
9.568245e-01
1.011104e+00
5.163023e-01
-2.613888e-01
-9.006197e-01
-1.053588e+00
-6.346642e-01
1.314132e-01
8.298578e-01
1.081076e+00
7.461945e-01
4.116779e-03
-7.437232e-01
-1.091159e+00
-8.472338e-01
-1.414957e-01
6.447126e-01
1.084682e+00
9.375876e-01
2.802410e-01
-5.325467e-01
-1.059857e+00
-1.013781e+00
-4.164185e-01
4.102522e-01
1.018082e+00
1.075874e+00
5.493673e-01
-2.780905e-01
-9.581477e-01
-1.120759e+00
-6.750375e-01
1.396824e-01
8.821388e-01
1.148919e+00
7.928157e-01
4.421231e-03
-7.895142e-01
-1.157880e+00
-8.987143e-01
-1.500768e-01
6.830438e-01
1.148616e+00
9.923220e-01
2.964556e-01
-5.627795e-01
-1.119427e+00
-1.070064e+00
-4.393192e-01
4.322514e-01
1.071964e+00
1.131932e+00
5.775966e-01
-2.919913e-01
-1.005326e+00
-1.174911e+00
-7.070687e-01
1.460254e-01
9.219135e-01
1.199556e+00
8.269365e-01
4.725682e-03
-8.215663e-01
-1.203650e+00
-9.332243e-01
-1.557931e-01
7.074712e-01
1.188413e+00
1.025525e+00
3.061461e-01
-5.800931e-01
-1.152490e+00
-1.100341e+00
-4.512344e-01
4.431359e-01
1.097903e+00
1.157866e+00
5.901267e-01
-2.977358e-01
-1.024148e+00
-1.195354e+00
-7.184641e-01
1.479828e-01
9.339564e-01
1.213687e+00
8.355978e-01
4.892017e-03
-8.276152e-01
-1.210982e+00
-9.376722e-01
-1.564317e-01
7.086251e-01
1.188876e+00
1.024575e+00
3.055268e-01
-5.776857e-01
-1.146385e+00
-1.093076e+00
-4.477339e-01
4.388677e-01
1.085948e+00
1.143774e+00
5.822228e-01
-2.931483e-01
-1.007349e+00
-1.174288e+00
-7.049138e-01
1.448759e-01
9.137067e-01
1.185866e+00
8.154520e-01
4.892017e-03
-8.054140e-01
-1.177069e+00
-9.103161e-01
-1.517743e-01
6.861239e-01
1.149827e+00
9.897780e-01
2.948695e-01
-5.566607e-01
-1.103491e+00
-1.051077e+00
-4.301054e-01
4.209748e-01
1.040703e+00
1.095057e+00
5.569058e-01
-2.800034e-01
-9.614477e-01
-1.119760e+00
-6.715860e-01
1.378260e-01
8.688588e-01
1.126777e+00
7.742471e-01
4.703406e-03
-7.633730e-01
-1.114854e+00
-8.616811e-01
-1.435868e-01
6.485012e-01
1.086190e+00
9.344970e-01
2.783356e-01
-5.249295e-01
-1.040164e+00
-9.903231e-01
-4.051107e-01
3.963024e-01
9.794415e-01
1.030282e+00
5.238869e-01
-2.632615e-01
-9.038930e-01
-1.052596e+00
-6.312826e-01
1.295003e-01
8.165629e-01
1.058957e+00
7.276927e-01
4.494002e-03
-7.175641e-01
-1.048136e+00
-8.102555e-01
-1.350800e-01
6.101804e-01
1.022274e+00
8.798250e-01
2.621521e-01
-4.945883e-01
-9.805955e-01
-9.340782e-01
-3.823065e-01
3.742512e-01
9.255491e-01
9.742332e-01
4.957140e-01
-2.493191e-01
-8.567163e-01
-9.984452e-01
-5.993077e-01
1.231217e-01
7.767391e-01
1.008311e+00
6.935541e-01
4.228164e-03
-6.854571e-01
-1.002344e+00
-7.757426e-01
-1.294172e-01
5.857010e-01
9.824682e-01
8.466368e-01
2.525210e-01
-4.772642e-01
-9.475008e-01
-9.038024e-01
-3.703898e-01
3.632850e-01
8.995861e-01
9.483028e-01
4.832077e-01
-2.434959e-01
-8.378671e-01
-9.780202e-01
-5.879138e-01
1.210930e-01
7.646606e-01
9.942037e-01
6.849284e-01
4.081136e-03
-6.793547e-01
-9.950220e-01
-7.713125e-01
-1.288097e-01
5.844683e-01
9.819900e-01
8.476259e-01
2.531700e-01
-4.796048e-01
-9.535795e-01
-9.110884e-01
-3.739363e-01
3.675265e-01
9.115028e-01
9.624100e-01
4.911457e-01
-2.480567e-01
-8.546208e-01
-9.990972e-01
-6.015206e-01
1.241657e-01
7.848717e-01
1.021996e+00
7.051188e-01
4.121235e-03
-7.015530e-01
-1.028939e+00
-7.987161e-01
-1.335547e-01
6.069294e-01
1.021016e+00
8.824046e-01
2.638927e-01
-5.006313e-01
-9.964611e-01
-9.531399e-01
-3.916317e-01
3.853867e-01
9.567190e-01
1.011158e+00
5.165325e-01
-2.611526e-01
-9.005113e-01
-1.053645e+00
-6.348751e-01
1.311399e-01
8.296914e-01
1.081099e+00
7.463935e-01
4.373707e-03
-7.435747e-01
-1.091132e+00
-8.474224e-01
-1.417601e-01
6.444705e-01
1.084633e+00
9.377257e-01
2.805157e-01
-5.322957e-01
-1.059781e+00
-1.013907e+00
-4.166843e-01
4.099879e-01
1.017975e+00
1.075933e+00
5.496257e-01
-2.778083e-01
-9.580022e-01
-1.120810e+00
-6.752632e-01
1.393839e-01
8.819561e-01
1.148935e+00
7.930117e-01
4.698950e-03
-7.892900e-01
-1.157841e+00
-8.988554e-01
-1.503575e-01
6.828047e-01
1.148565e+00
9.924245e-01
2.967274e-01
-5.625047e-01
-1.119350e+00
-1.070164e+00
-4.395301e-01
4.319797e-01
1.071839e+00
1.131988e+00
5.778224e-01
-2.917181e-01
-1.005168e+00
-1.174969e+00
-7.072544e-01
1.457194e-01
9.217190e-01
1.199581e+00
8.271355e-01
4.970729e-03
-8.213554e-01
-1.203628e+00
-9.334485e-01
-1.560515e-01
7.072068e-01
1.188347e+00
1.025668e+00
3.063837e-01
-5.798050e-01
-1.152403e+00
-1.100488e+00
-4.514809e-01
4.428954e-01
1.097760e+00
1.157947e+00
5.904029e-01
-2.974640e-01
-1.023978e+00
-1.195415e+00
-7.187092e-01
1.477244e-01
9.337753e-01
1.213700e+00
8.358265e-01
5.175677e-03
-8.274281e-01
-1.210948e+00
-9.378772e-01
-1.567406e-01
7.084232e-01
1.188821e+00
1.024714e+00
3.058164e-01
-5.774630e-01
-1.146326e+00
-1.093207e+00
-4.480146e-01
4.385751e-01
1.085838e+00
1.143866e+00
5.824975e-01
-2.928527e-01
-1.007216e+00
-1.174347e+00
-7.051514e-01
1.445655e-01
9.135389e-01
1.185889e+00
8.156570e-01
5.190528e-03
-8.051898e-01
-1.177053e+00
-9.105226e-01
-1.520624e-01
6.858863e-01
1.149786e+00
9.899384e-01
2.951547e-01
-5.563934e-01
-1.103432e+00
-1.051203e+00
-4.303802e-01
4.207046e-01
1.040568e+00
1.095132e+00
5.571568e-01
-2.797331e-01
-9.613021e-01
-1.119813e+00
-6.718207e-01
1.375364e-01
8.686627e-01
1.126781e+00
7.744298e-01
4.978155e-03
-7.631754e-01
-1.114842e+00
-8.618281e-01
-1.438601e-01
6.482903e-01
1.086139e+00
9.346233e-01
2.785554e-01
-5.246844e-01
-1.040093e+00
-9.904196e-01
-4.053424e-01
3.960217e-01
9.793093e-01
1.030358e+00
5.240829e-01
-2.630179e-01
-9.037623e-01
-1.052648e+00
-6.314652e-01
1.292746e-01
8.163758e-01
1.058957e+00
7.278709e-01
4.688554e-03
-7.173859e-01
-1.048121e+00
-8.104293e-01
-1.352983e-01
6.099502e-01
1.022212e+00
8.799512e-01
2.623511e-01
-4.944145e-01
-9.805153e-01
-9.341866e-01
-3.825575e-01
3.740388e-01
9.254244e-01
9.743148e-01
4.959457e-01
-2.490934e-01
-8.565708e-01
-9.985002e-01
-5.995097e-01
1.228989e-01
7.766010e-01
1.008324e+00
6.937352e-01
4.485091e-03
-6.852908e-01
-1.002329e+00
-7.759000e-01
-1.296548e-01
5.855228e-01
9.824147e-01
8.467675e-01
2.527661e-01
-4.770786e-01
-9.474355e-01
-9.039034e-01
-3.706290e-01
3.630503e-01
8.994955e-01
9.483830e-01
4.834379e-01
-2.432494e-01
-8.377483e-01
-9.780603e-01
-5.881143e-01
1.208287e-01
7.645239e-01
9.942067e-01
6.851022e-01
4.335093e-03
-6.791750e-01
-9.950190e-01
-7.714758e-01
-1.290711e-01
5.842337e-01
9.819380e-01
8.477417e-01
2.534077e-01
-4.793701e-01
-9.535156e-01
-9.111835e-01
-3.741918e-01
3.672948e-01
9.113899e-01
9.624709e-01
4.913581e-01
-2.477998e-01
-8.544797e-01
-9.991432e-01
-6.016943e-01
1.239177e-01
7.847083e-01
1.022011e+00
7.052806e-01
4.379647e-03
-7.013584e-01
-1.028922e+00
-7.988468e-01
-1.337805e-01
6.067185e-01
1.020963e+00
8.825294e-01
2.641065e-01
-5.003714e-01
-9.963735e-01
-9.532423e-01
-3.918574e-01
3.851535e-01
9.566076e-01
1.011232e+00
5.167360e-01
-2.608912e-01
-9.003509e-01
-1.053695e+00
-6.350637e-01
1.309171e-01
8.295296e-01
1.081100e+00
7.465806e-01
4.624694e-03
-7.433564e-01
-1.091125e+00
-8.475783e-01
-1.419947e-01
6.442878e-01
1.084581e+00
9.378668e-01
2.807890e-01
-5.320729e-01
-1.059698e+00
-1.014023e+00
-4.169591e-01
4.097577e-01
1.017848e+00
1.076015e+00
5.498648e-01
-2.775915e-01
-9.578819e-01
-1.120879e+00
-6.754949e-01
1.391091e-01
8.817972e-01
1.148939e+00
7.931973e-01
5.000431e-03
-7.891073e-01
-1.157835e+00
-8.990381e-01
-1.506515e-01
6.825983e-01
1.148509e+00
9.925775e-01
2.970155e-01
-5.622478e-01
-1.119265e+00
-1.070297e+00
-4.398211e-01
4.316930e-01
1.071738e+00
1.132085e+00
5.780793e-01
-2.914240e-01
-1.005030e+00
-1.175020e+00
-7.075098e-01
1.454313e-01
9.215318e-01
1.199579e+00
8.273434e-01
5.279636e-03
-8.211401e-01
-1.203617e+00
-9.335926e-01
-1.563574e-01
7.069573e-01
1.188294e+00
1.025809e+00
3.066763e-01
-5.795407e-01
-1.152309e+00
-1.100591e+00
-4.517749e-01
4.425998e-01
1.097633e+00
1.158027e+00
5.906167e-01
-2.971833e-01
-1.023811e+00
-1.195482e+00
-7.189216e-01
1.474199e-01
9.335777e-01
1.213700e+00
8.359958e-01
5.478643e-03
-8.272053e-01
-1.210930e+00
-9.380331e-01
-1.569945e-01
7.081633e-01
1.188757e+00
1.024872e+00
3.060704e-01
-5.771897e-01
-1.146220e+00
-1.093348e+00
-4.482582e-01
4.383360e-01
1.085717e+00
1.143934e+00
5.826936e-01
-2.926032e-01
-1.007059e+00
-1.174411e+00
-7.053994e-01
1.443308e-01
9.133443e-01
1.185898e+00
8.158901e-01
5.426664e-03
-8.050175e-01
-1.177042e+00
-9.106993e-01
-1.523104e-01
6.856636e-01
1.149721e+00
9.900973e-01
2.954294e-01
-5.561721e-01
-1.103334e+00
-1.051302e+00
-4.306594e-01
4.204714e-01
1.040482e+00
1.095206e+00
5.573944e-01
-2.794524e-01
-9.611447e-01
-1.119865e+00
-6.720598e-01
1.372616e-01
8.685172e-01
1.126806e+00
7.746629e-01
5.282606e-03
-7.629809e-01
-1.114835e+00
-8.619960e-01
-1.441556e-01
6.480690e-01
1.086087e+00
9.347851e-01
2.788331e-01
-5.244112e-01
-1.040002e+00
-9.905354e-01
-4.056023e-01
3.957915e-01
9.792232e-01
1.030435e+00
5.243146e-01
-2.627194e-01
-9.035974e-01
-1.052693e+00
-6.316865e-01
1.290206e-01
8.162168e-01
1.058970e+00
7.280313e-01
4.966273e-03
-7.171721e-01
-1.048115e+00
-8.105570e-01
-1.355567e-01
6.097363e-01
1.022167e+00
8.800730e-01
2.626199e-01
-4.941873e-01
-9.804247e-01
-9.342876e-01
-3.827565e-01
3.737997e-01
9.253204e-01
9.743713e-01
4.961194e-01
-2.488498e-01
-8.564327e-01
-9.985551e-01
-5.996864e-01
1.226524e-01
7.764154e-01
1.008327e+00
6.938986e-01
4.684099e-03
-6.851289e-01
-1.002324e+00
-7.760649e-01
-1.298701e-01
5.852940e-01
9.823732e-01
8.469026e-01
2.529592e-01
-4.768425e-01
-9.473479e-01
-9.040103e-01
-3.708294e-01
3.628617e-01
8.993975e-01
9.484587e-01
4.836577e-01
-2.430548e-01
-8.376191e-01
-9.781049e-01
-5.883237e-01
1.206415e-01
7.643650e-01
9.942081e-01
6.852878e-01
4.544497e-03
-6.790042e-01
-9.949953e-01
-7.716229e-01
-1.293088e-01
5.840688e-01
9.818905e-01
8.478679e-01
2.536601e-01
-4.791815e-01
-9.534339e-01
-9.112845e-01
-3.744294e-01
3.670958e-01
9.112948e-01
9.625467e-01
4.915764e-01
-2.475577e-01
-8.543535e-01
-9.991744e-01
-6.019052e-01
1.236638e-01
7.845628e-01
1.022023e+00
7.054678e-01
4.641030e-03
-7.011906e-01
-1.028907e+00
-7.990131e-01
-1.340300e-01
6.065047e-01
1.020917e+00
8.826630e-01
2.643724e-01
-5.001530e-01
-9.963052e-01
-9.533493e-01
-3.921084e-01
3.848921e-01
9.564933e-01
1.011306e+00
5.169558e-01
-2.606209e-01
-9.002039e-01
-1.053719e+00
-6.352894e-01
1.306513e-01
8.293513e-01
1.081106e+00
7.467529e-01
4.906868e-03
-7.431366e-01
-1.091091e+00
-8.477179e-01
-1.422784e-01
6.440591e-01
1.084535e+00
9.380019e-01
2.810147e-01
-5.318012e-01
-1.059594e+00
-1.014109e+00
-4.171803e-01
4.094948e-01
1.017731e+00
1.076097e+00
5.500890e-01
-2.772960e-01
-9.577081e-01
-1.120918e+00
-6.756865e-01
1.388596e-01
8.816145e-01
1.148950e+00
7.933696e-01
5.230627e-03
-7.889113e-01
-1.157822e+00
-8.992267e-01
-1.508951e-01
6.823443e-01
1.148443e+00
9.927438e-01
2.972442e-01
-5.620414e-01
-1.119174e+00
-1.070422e+00
-4.400959e-01
4.314509e-01
1.071585e+00
1.132171e+00
5.783377e-01
-2.911701e-01
-1.004867e+00
-1.175078e+00
-7.077489e-01
1.451655e-01
9.213640e-01
1.199602e+00
8.275632e-01
5.582602e-03
-8.209351e-01
-1.203605e+00
-9.337797e-01
-1.566634e-01
7.067375e-01
1.188225e+00
1.025972e+00
3.069748e-01
-5.792911e-01
-1.152217e+00
-1.100716e+00
-4.520601e-01
4.423176e-01
1.097523e+00
1.158125e+00
5.908722e-01
-2.968759e-01
-1.023660e+00
-1.195517e+00
-7.191800e-01
1.471155e-01
9.334173e-01
1.213718e+00
8.362126e-01
5.754877e-03
-8.269915e-01
-1.210936e+00
-9.382158e-01
-1.572975e-01
7.079182e-01
1.188701e+00
1.025014e+00
3.063421e-01
-5.769075e-01
-1.146138e+00
-1.093442e+00
-4.485389e-01
4.380598e-01
1.085578e+00
1.144022e+00
5.829817e-01
-2.923106e-01
-1.006887e+00
-1.174451e+00
-7.056133e-01
1.440338e-01
9.131617e-01
1.185927e+00
8.160639e-01
5.737056e-03
-8.047843e-01
-1.177026e+00
-9.108508e-01
-1.525896e-01
6.854334e-01
1.149667e+00
9.902250e-01
2.956730e-01
-5.559018e-01
-1.103251e+00
-1.051432e+00
-4.308851e-01
4.202011e-01
1.040353e+00
1.095302e+00
5.576157e-01
-2.791747e-01
-9.609932e-01
-1.119910e+00
-6.722603e-01
1.370136e-01
8.683330e-01
1.126815e+00
7.748456e-01
5.523197e-03
-7.627715e-01
-1.114821e+00
-8.621772e-01
-1.443888e-01
6.478804e-01
1.086043e+00
9.349233e-01
2.790618e-01
-5.242255e-01
-1.039919e+00
-9.906483e-01
-4.058607e-01
3.955539e-01
9.791014e-01
1.030512e+00
5.245493e-01
-2.624996e-01
-9.034652e-01
-1.052724e+00
-6.319197e-01
1.287370e-01
8.160698e-01
1.058982e+00
7.282244e-01
5.243993e-03
-7.169924e-01
-1.048096e+00
-8.107338e-01
-1.358314e-01
6.095729e-01
1.022129e+00
8.802096e-01
2.628694e-01
-4.939304e-01
-9.803519e-01
-9.343812e-01
-3.830031e-01
3.735695e-01
9.252268e-01
9.744619e-01
4.963571e-01
-2.485884e-01
-8.563020e-01
-9.985744e-01
-5.999062e-01
1.223806e-01
7.762787e-01
1.008348e+00
6.940694e-01
4.941026e-03
-6.849136e-01
-1.002314e+00
-7.761837e-01
-1.301003e-01
5.850980e-01
9.823331e-01
8.470066e-01
2.532191e-01
-4.766583e-01
-9.472899e-01
-9.040964e-01
-3.710567e-01
3.625959e-01
8.992698e-01
9.485137e-01
4.838285e-01
-2.428217e-01
-8.374765e-01
-9.781435e-01
-5.884990e-01
1.203876e-01
7.641957e-01
9.942230e-01
6.854467e-01
4.808850e-03
-6.788112e-01
-9.949878e-01
-7.717654e-01
-1.295271e-01
5.838683e-01
9.818340e-01
8.480031e-01
2.538606e-01
-4.789246e-01
-9.533404e-01
-9.113914e-01
-3.746239e-01
3.668745e-01
9.111864e-01
9.626194e-01
4.917725e-01
-2.473290e-01
-8.541886e-01
-9.992309e-01
-6.021220e-01
1.234484e-01
7.844247e-01
1.022029e+00
7.056579e-01
4.875681e-03
-7.009812e-01
-1.028880e+00
-7.991750e-01
-1.342631e-01
6.063161e-01
1.020863e+00
8.828012e-01
2.646159e-01
-4.999214e-01
-9.962086e-01
-9.534399e-01
-3.923519e-01
3.846798e-01
9.563923e-01
1.011393e+00
5.172083e-01
-2.604205e-01
-9.000747e-01
-1.053774e+00
-6.354959e-01
1.303602e-01
8.292088e-01
1.081125e+00
7.469563e-01
5.180132e-03
-7.429495e-01
-1.091073e+00
-8.479021e-01
-1.425457e-01
6.438364e-01
1.084477e+00
9.381504e-01
2.812925e-01
-5.315457e-01
-1.059514e+00
-1.014226e+00
-4.174491e-01
4.092304e-01
1.017618e+00
1.076171e+00
5.503415e-01
-2.770197e-01
-9.575403e-01
-1.120955e+00
-6.759241e-01
1.385774e-01
8.814274e-01
1.148974e+00
7.935775e-01
5.527652e-03
-7.886811e-01
-1.157798e+00
-8.993797e-01
-1.511921e-01
6.821037e-01
1.148391e+00
9.928760e-01
2.975428e-01
-5.617666e-01
-1.119073e+00
-1.070527e+00
-4.403246e-01
4.311881e-01
1.071484e+00
1.132246e+00
5.785575e-01
-2.908775e-01
-1.004692e+00
-1.175134e+00
-7.079672e-01
1.448536e-01
9.211710e-01
1.199616e+00
8.277474e-01
5.848440e-03
-8.206856e-01
-1.203567e+00
-9.339446e-01
-1.569188e-01
7.065074e-01
1.188172e+00
1.026141e+00
3.072347e-01
-5.790194e-01
-1.152125e+00
-1.100839e+00
-4.523051e-01
4.420771e-01
1.097393e+00
1.158210e+00
5.911172e-01
-2.966235e-01
-1.023487e+00
-1.195571e+00
-7.194161e-01
1.468570e-01
9.332124e-01
1.213737e+00
8.364324e-01
6.031111e-03
-8.267806e-01
-1.210897e+00
-9.384178e-01
-1.575990e-01
7.076984e-01
1.188644e+00
1.025175e+00
3.066540e-01
-5.766847e-01
-1.146045e+00
-1.093566e+00
-4.488195e-01
4.377969e-01
1.085462e+00
1.144123e+00
5.832386e-01
-2.920270e-01
-1.006740e+00
-1.174515e+00
-7.058480e-01
1.437323e-01
9.129909e-01
1.185941e+00
8.162644e-01
6.023686e-03
-8.045823e-01
-1.177005e+00
-9.110349e-01
-1.528807e-01
6.852002e-01
1.149628e+00
9.903825e-01
2.959641e-01
-5.556494e-01
-1.103169e+00
-1.051528e+00
-4.311613e-01
4.199249e-01
1.040246e+00
1.095380e+00
5.578637e-01
-2.789163e-01
-9.608224e-01
-1.119950e+00
-6.724979e-01
1.367329e-01
8.681533e-01
1.126836e+00
7.750194e-01
5.812797e-03
-7.625606e-01
-1.114798e+00
-8.623346e-01
-1.446605e-01
6.476606e-01
1.085980e+00
9.350643e-01
2.793455e-01
-5.239760e-01
-1.039837e+00
-9.907433e-01
-4.060641e-01
3.953207e-01
9.789915e-01
1.030600e+00
5.247661e-01
-2.622457e-01
-9.033286e-01
-1.052782e+00
-6.320949e-01
1.285127e-01
8.158916e-01
1.059004e+00
7.283996e-01
5.460822e-03
-7.167963e-01
-1.048086e+00
-8.108986e-01
-1.360438e-01
6.093517e-01
1.022080e+00
8.803581e-01
2.630907e-01
-4.937462e-01
-9.802658e-01
-9.344941e-01
-3.831976e-01
3.733453e-01
9.251214e-01
9.745361e-01
4.965769e-01
-2.483760e-01
-8.561564e-01
-9.986368e-01
-6.001008e-01
1.221757e-01
7.761391e-01
1.008364e+00
6.942699e-01
5.171221e-03
-6.847576e-01
-1.002298e+00
-7.763530e-01
-1.303736e-01
5.849183e-01
9.822677e-01
8.471387e-01
2.534582e-01
-4.764533e-01
-9.472083e-01
-9.042048e-01
-3.712898e-01
3.623761e-01
8.991806e-01
9.485909e-01
4.840424e-01
-2.425796e-01
-8.373532e-01
-9.781925e-01
-5.887098e-01
1.201321e-01
7.640517e-01
9.942379e-01
6.856235e-01
5.064292e-03
-6.786151e-01
-9.949760e-01
-7.719125e-01
-1.297795e-01
5.836574e-01
9.817984e-01
8.481263e-01
2.541116e-01
-4.787107e-01
-9.532795e-01
-9.114879e-01
-3.748423e-01
3.666206e-01
9.110706e-01
9.626937e-01
4.919923e-01
-2.470870e-01
-8.540624e-01
-9.992724e-01
-6.022914e-01
1.231826e-01
7.842450e-01
1.022038e+00
7.058079e-01
5.123697e-03
-7.007881e-01
-1.028862e+00
-7.993205e-01
-1.345097e-01
6.061170e-01
1.020805e+00
8.829200e-01
2.648447e-01
-4.997090e-01
-9.961418e-01
-9.535631e-01
-3.925584e-01
3.844288e-01
9.562779e-01
1.011468e+00
5.173895e-01
-2.601635e-01
-8.999232e-01
-1.053820e+00
-6.356786e-01
1.301419e-01
8.290276e-01
1.081143e+00
7.471509e-01
5.410327e-03
-7.427564e-01
-1.091061e+00
-8.480729e-01
-1.427729e-01
6.436284e-01
1.084428e+00
9.382797e-01
2.815152e-01
-5.313467e-01
-1.059435e+00
-1.014345e+00
-4.176942e-01
4.089988e-01
1.017485e+00
1.076250e+00
5.505777e-01
-2.768029e-01
-9.574022e-01
-1.121013e+00
-6.761439e-01
1.383190e-01
8.812596e-01
1.148982e+00
7.937825e-01
5.818738e-03
-7.884939e-01
-1.157794e+00
-8.995712e-01
-1.514847e-01
6.819002e-01
1.148336e+00
9.930290e-01
2.978368e-01
-5.615424e-01
-1.118987e+00
-1.070654e+00
-4.406083e-01
4.308970e-01
1.071350e+00
1.132334e+00
5.788337e-01
-2.905805e-01
-1.004539e+00
-1.175168e+00
-7.081915e-01
1.445625e-01
9.209720e-01
1.199630e+00
8.279702e-01
6.148437e-03
-8.204673e-01
-1.203552e+00
-9.341317e-01
-1.572173e-01
7.062445e-01
1.188119e+00
1.026263e+00
3.075288e-01
-5.787461e-01
-1.152020e+00
-1.100944e+00
-4.525829e-01
4.417964e-01
1.097254e+00
1.158285e+00
5.913831e-01
-2.963145e-01
-1.023315e+00
-1.195623e+00
-7.196181e-01
