4,468117e-01
1,099522e+00
1,156572e+00
5,866137e-01
-3,015699e-01
-1,026207e+00
-1,194566e+00
-7,152492e-01
1,519069e-01
9,364312e-01
1,213363e+00
8,326446e-01
9,176060e-04
-8,304927e-01
-1,211197e+00
-9,351200e-01
-1,525120e-01
7,117653e-01
1,189535e+00
1,022358e+00
3,016541e-01
-5,811185e-01
-1,147570e+00
-1,091351e+00
-4,440809e-01
4,424772e-01
1,087563e+00
1,142486e+00
5,787523e-01
-2,969321e-01
-1,009407e+00
-1,173497e+00
-7,017621e-01
1,486920e-01
9,161016e-01
1,185551e+00
8,125766e-01
1,029002e-03
-8,081847e-01
-1,177259e+00
-9,078456e-01
-1,479758e-01
6,891479e-01
1,150457e+00
9,876641e-01
2,911678e-01
-5,599492e-01
-1,104608e+00
-1,049396e+00
-4,266029e-01
4,244304e-01
1,042238e+00
1,093788e+00
5,535887e-01
-2,836013e-01
-9,633804e-01
-1,119006e+00
-6,685936e-01
1,414449e-01
8,711310e-01
1,126462e+00
7,714971e-01
1,043558e-03
-7,659926e-01
-1,115019e+00
-8,592958e-01
-1,400176e-01
6,513847e-01
1,086782e+00
9,324897e-01
2,747970e-01
-5,280227e-01
-1,041214e+00
-9,887502e-01
-4,017922e-01
3,995405e-01
9,808703e-01
1,029090e+00
5,207185e-01
-2,666445e-01
-9,057052e-01
-1,051860e+00
-6,284196e-01
1,329461e-01
8,186910e-01
1,058654e+00
7,250841e-01
9,972170e-04
-7,200180e-01
-1,048273e+00
-8,080162e-01
-1,316848e-01
6,128571e-01
1,022827e+00
8,779241e-01
2,588106e-01
-4,975406e-01
-9,815691e-01
-9,325846e-01
-3,791626e-01
3,773421e-01
9,268994e-01
9,731160e-01
4,927269e-01
-2,525373e-01
-8,584222e-01
-9,977657e-01
-5,965941e-01
1,263872e-01
7,787898e-01
1,008035e+00
6,910873e-01
9,100311e-04
-6,878263e-01
-1,002498e+00
-7,736074e-01
-1,261527e-01
5,883052e-01
9,830154e-01
8,448065e-01
2,493310e-01
-4,801401e-01
-9,484661e-01
-9,023690e-01
-3,673507e-01
3,662695e-01
9,009140e-01
9,472281e-01
4,803121e-01
-2,466538e-01
-8,395691e-01
-9,773749e-01
-5,852710e-01
1,242810e-01
7,666845e-01
9,939333e-01
6,825104e-01
8,249245e-04
-6,817048e-01
-9,951829e-01
-7,692097e-01
-1,255861e-01
5,870802e-01
9,825563e-01
8,458074e-01
2,499882e-01
-4,824435e-01
-9,545497e-01
-9,096551e-01
-3,708818e-01
3,705579e-01
9,128645e-01
9,613176e-01
4,882096e-01
-2,512351e-01
-8,563611e-01
-9,984438e-01
-5,988004e-01
1,274544e-01
7,869825e-01
1,021744e+00
7,026190e-01
7,748706e-04
-7,039794e-01
-1,029117e+00
-7,965203e-01
-1,301848e-01
6,096223e-01
1,021614e+00
8,805282e-01
2,605359e-01
-5,035977e-01
-9,974986e-01
-9,516516e-01
-3,884224e-01
3,885580e-01
9,581565e-01
1,010034e+00
5,134298e-01
-2,645187e-01
-9,023534e-01
-1,052968e+00
-6,320134e-01
1,346328e-01
8,319095e-01
1,080844e+00
7,437648e-01
8,053188e-04
-7,461322e-01
-1,091337e+00
-8,450982e-01
-1,382009e-01
6,473813e-01
1,085281e+00
9,357389e-01
2,769605e-01
-5,354683e-01
-1,060890e+00
-1,012337e+00
-4,132884e-01
4,133818e-01
1,019498e+00
1,074749e+00
5,463359e-01
-2,814166e-01
-9,599738e-01
-1,120096e+00
-6,722443e-01
1,430738e-01
8,843175e-01
1,148657e+00
7,902042e-01
8,925048e-04
-7,920599e-01
-1,158074e+00
-8,964164e-01
-1,465902e-01
6,858422e-01
1,149236e+00
9,903506e-01
2,930036e-01
-5,658917e-01
-1,120515e+00
-1,068526e+00
-4,359686e-01
4,355346e-01
1,073445e+00
1,130748e+00
5,743848e-01
-2,954694e-01
-1,007243e+00
-1,174217e+00
-7,041037e-01
1,495762e-01
9,241678e-01
1,199276e+00
8,242389e-01
1,045192e-03
-8,242079e-01
-1,203844e+00
-9,308739e-01
-1,521692e-01
7,103604e-01
1,189040e+00
1,023497e+00
3,025382e-01
-5,832505e-01
-1,153594e+00
-1,098755e+00
-4,478244e-01
4,465487e-01
1,099411e+00
1,156656e+00
5,868374e-01
-3,012971e-01
-1,026054e+00
-1,194639e+00
-7,154662e-01
1,516190e-01
9,362546e-01
1,213390e+00
8,328636e-01
1,199215e-03
-8,303023e-01
-1,211164e+00
-9,352955e-01
-1,527970e-01
7,115353e-01
1,189500e+00
1,022532e+00
3,019383e-01
-5,808889e-01
-1,147493e+00
-1,091500e+00
-4,443420e-01
4,422066e-01
1,087443e+00
1,142580e+00
5,789922e-01
-2,966556e-01
-1,009258e+00
-1,173559e+00
-7,019677e-01
1,484215e-01
9,159367e-01
1,185578e+00
8,127804e-01
1,286104e-03
-8,079916e-01
-1,177233e+00
-9,080172e-01
-1,482467e-01
6,889345e-01
1,150422e+00
9,878308e-01
2,914321e-01
-5,597190e-01
-1,104553e+00
-1,049524e+00
-4,268471e-01
4,241697e-01
1,042118e+00
1,093878e+00
5,538089e-01
-2,833378e-01
-9,632469e-01
-1,119060e+00
-6,687953e-01
1,412032e-01
8,709801e-01
1,126478e+00
7,716854e-01
1,303482e-03
-7,657983e-01
-1,115010e+00
-8,594585e-01
-1,402744e-01
6,511857e-01
1,086746e+00
9,326360e-01
2,750385e-01
-5,278082e-01
-1,041146e+00
-9,888580e-01
-4,020248e-01
3,993128e-01
9,807620e-01
1,029180e+00
5,209334e-01
-2,663908e-01
-9,055810e-01
-1,051930e+00
-6,286066e-01
1,326939e-01
8,185371e-01
1,058677e+00
7,252544e-01
1,237981e-03
-7,198488e-01
-1,048285e+00
-8,081814e-01
-1,319245e-01
6,126655e-01
1,022783e+00
8,780472e-01
2,590452e-01
-4,973371e-01
-9,815002e-01
-9,326944e-01
-3,793793e-01
3,771148e-01
9,267877e-01
9,731917e-01
4,929332e-01
-2,523053e-01
-8,583000e-01
-9,978223e-01
-5,967874e-01
1,261548e-01
7,786497e-01
1,008054e+00
6,912627e-01
1,136091e-03
-6,876716e-01
-1,002503e+00
-7,737594e-01
-1,263914e-01
5,881139e-01
9,829729e-01
8,449372e-01
2,495645e-01
-4,799359e-01
-9,484052e-01
-9,024683e-01
-3,675588e-01
3,660611e-01
9,008229e-01
9,473143e-01
4,805111e-01
-2,464293e-01
-8,394507e-01
-9,774007e-01
-5,854579e-01
1,240626e-01
7,665398e-01
9,939519e-01
6,826764e-01
1,048162e-03
-6,815442e-01
-9,951880e-01
-7,693635e-01
-1,258273e-01
5,868864e-01
9,825098e-01
8,459369e-01
2,502030e-01
-4,822496e-01
-9,545008e-01
-9,097538e-01
-3,710978e-01
3,703411e-01
9,127582e-01
9,614023e-01
4,884116e-01
-2,510193e-01
-8,562298e-01
-9,985027e-01
-5,989941e-01
1,272111e-01
7,868268e-01
1,021762e+00
7,027913e-01
1,016674e-03
-7,037854e-01
-1,029114e+00
-7,966743e-01
-1,304143e-01
6,094547e-01
1,021570e+00
8,806601e-01
2,607783e-01
-5,033920e-01
-9,974287e-01
-9,517535e-01
-3,886584e-01
3,883334e-01
9,580655e-01
1,010135e+00
5,136413e-01
-2,642870e-01
-9,022305e-01
-1,053013e+00
-6,322280e-01
1,343761e-01
8,317656e-01
1,080861e+00
7,439414e-01
1,051430e-03
-7,459517e-01
-1,091338e+00
-8,452687e-01
-1,384453e-01
6,471717e-01
1,085227e+00
9,358775e-01
2,772144e-01
-5,352446e-01
-1,060800e+00
-1,012444e+00
-4,135277e-01
4,131381e-01
1,019396e+00
1,074859e+00
5,465645e-01
-2,811755e-01
-9,598563e-01
-1,120143e+00
-6,724531e-01
1,428190e-01
8,841658e-01
1,148672e+00
7,904005e-01
1,169509e-03
-7,918681e-01
-1,158087e+00
-8,966040e-01
-1,468529e-01
6,856253e-01
1,149187e+00
9,904894e-01
2,932711e-01
-5,656585e-01
-1,120427e+00
-1,068624e+00
-4,362229e-01
4,352729e-01
1,073346e+00
1,130866e+00
5,746213e-01
-2,952120e-01
-1,007104e+00
-1,174263e+00
-7,043395e-01
1,493041e-01
9,240099e-01
1,199302e+00
8,244411e-01
1,326058e-03
-8,240047e-01
-1,203866e+00
-9,310733e-01
-1,524371e-01
7,101357e-01
1,188981e+00
1,023635e+00
3,028091e-01
-5,829980e-01
-1,153510e+00
-1,098871e+00
-4,480898e-01
4,462797e-01
1,099296e+00
1,156769e+00
5,870963e-01
-3,010263e-01
-1,025919e+00
-1,194684e+00
-7,157001e-01
1,513390e-01
9,360823e-01
1,213413e+00
8,330630e-01
1,476220e-03
-8,300948e-01
-1,211176e+00
-9,354999e-01
-1,530743e-01
7,113181e-01
1,189442e+00
1,022670e+00
3,022032e-01
-5,806481e-01
-1,147416e+00
-1,091607e+00
-4,445991e-01
4,419572e-01
1,087324e+00
1,142686e+00
5,792412e-01
-2,964022e-01
-1,009133e+00
-1,173620e+00
-7,022030e-01
1,481559e-01
9,157714e-01
1,185605e+00
8,129814e-01
1,558059e-03
-8,077894e-01
-1,177243e+00
-9,082037e-01
-1,485114e-01
6,887199e-01
1,150365e+00
9,879662e-01
2,916840e-01
-5,594934e-01
-1,104451e+00
-1,049628e+00
-4,270887e-01
4,239219e-01
1,042025e+00
1,093993e+00
5,540530e-01
-2,830835e-01
-9,631147e-01
-1,119102e+00
-6,690191e-01
1,409396e-01
8,708143e-01
1,126504e+00
7,718786e-01
1,558653e-03
-7,656174e-01
-1,115031e+00
-8,596325e-01
-1,405253e-01
6,509709e-01
1,086699e+00
9,327740e-01
2,752827e-01
-5,275823e-01
-1,041063e+00
-9,889721e-01
-4,022703e-01
3,990710e-01
9,806711e-01
1,029286e+00
5,211605e-01
-2,661611e-01
-9,054726e-01
-1,051963e+00
-6,288181e-01
1,324524e-01
8,183921e-01
1,058699e+00
7,254417e-01
1,478002e-03
-7,196730e-01
-1,048289e+00
-8,083329e-01
-1,321550e-01
6,124727e-01
1,022737e+00
8,781923e-01
2,592746e-01
-4,971205e-01
-9,814255e-01
-9,328023e-01
-3,796071e-01
3,768870e-01
9,267060e-01
9,732920e-01
4,931480e-01
-2,520856e-01
-8,581881e-01
-9,978573e-01
-5,969798e-01
1,259160e-01
7,784935e-01
1,008079e+00
6,914396e-01
1,366012e-03
-6,874939e-01
-1,002504e+00
-7,738976e-01
-1,266176e-01
5,879251e-01
9,829276e-01
8,450661e-01
2,497803e-01
-4,797340e-01
-9,483348e-01
-9,025813e-01
-3,677873e-01
3,658361e-01
9,007341e-01
9,473931e-01
4,807149e-01
-2,462152e-01
-8,393475e-01
-9,774506e-01
-5,856452e-01
1,238308e-01
7,664037e-01
9,939806e-01
6,828505e-01
1,278232e-03
-6,813597e-01
-9,951889e-01
-7,695049e-01
-1,260450e-01
5,867021e-01
9,824746e-01
8,460623e-01
2,504348e-01
-4,820450e-01
-9,544176e-01
-9,098665e-01
-3,713228e-01
3,701316e-01
9,126765e-01
9,614950e-01
4,886262e-01
-2,507946e-01
-8,561227e-01
-9,985287e-01
-5,992003e-01
1,269742e-01
7,866858e-01
1,021789e+00
7,029735e-01
1,245110e-03
-7,036241e-01
-1,029100e+00
-7,968196e-01
-1,306504e-01
6,092460e-01
1,021532e+00
8,808067e-01
2,610126e-01
-5,031655e-01
-9,973449e-01
-9,518815e-01
-3,888892e-01
3,881011e-01
9,579621e-01
1,010210e+00
5,138702e-01
-2,640460e-01
-9,021009e-01
-1,053059e+00
-6,324221e-01
1,341184e-01
8,316078e-01
1,080887e+00
7,441309e-01
1,306007e-03
-7,457601e-01
-1,091340e+00
-8,454257e-01
-1,386981e-01
6,469654e-01
1,085193e+00
9,360278e-01
2,774649e-01
-5,350179e-01
-1,060741e+00
-1,012563e+00
-4,137617e-01
4,128946e-01
1,019291e+00
1,074938e+00
5,468101e-01
-2,809282e-01
-9,597196e-01
-1,120194e+00
-6,726649e-01
1,425643e-01
8,839911e-01
1,148707e+00
7,905984e-01
1,433741e-03
-7,916685e-01
-1,158064e+00
-8,967712e-01
-1,471247e-01
6,854175e-01
1,149141e+00
9,906406e-01
2,935255e-01
-5,654249e-01
-1,120351e+00
-1,068763e+00
-4,364757e-01
4,350220e-01
1,073223e+00
1,130953e+00
5,748732e-01
-2,949430e-01
-1,006963e+00
-1,174312e+00
-7,045585e-01
1,490165e-01
9,238351e-01
1,199339e+00
8,246581e-01
1,594003e-03
-8,238048e-01
-1,203852e+00
-9,312440e-01
-1,527086e-01
7,099138e-01
1,188933e+00
1,023804e+00
3,030793e-01
-5,827602e-01
-1,153431e+00
-1,099000e+00
-4,483497e-01
4,460288e-01
1,099175e+00
1,156866e+00
5,873504e-01
-3,007567e-01
-1,025781e+00
-1,194739e+00
-7,159339e-01
1,510619e-01
9,359093e-01
1,213435e+00
8,332764e-01
1,749363e-03
-8,298775e-01
-1,211170e+00
-9,356767e-01
-1,533489e-01
7,110999e-01
1,189396e+00
1,022833e+00
3,024678e-01
-5,804110e-01
-1,147333e+00
-1,091749e+00
-4,448632e-01
4,417076e-01
1,087221e+00
1,142784e+00
5,794903e-01
-2,961316e-01
-1,008980e+00
-1,173673e+00
-7,024284e-01
1,478723e-01
9,156009e-01
1,185627e+00
8,131862e-01
1,823478e-03
-8,076024e-01
-1,177241e+00
-9,083861e-01
-1,487792e-01
6,885054e-01
1,150331e+00
9,881255e-01
2,919507e-01
-5,592550e-01
-1,104394e+00
-1,049756e+00
-4,273534e-01
4,236706e-01
1,041922e+00
1,094069e+00
5,542802e-01
-2,828371e-01
-9,629837e-01
-1,119163e+00
-6,692287e-01
1,406811e-01
8,706616e-01
1,126518e+00
7,720748e-01
1,818874e-03
-7,654221e-01
-1,115023e+00
-8,598001e-01
-1,407753e-01
6,507640e-01
1,086654e+00
9,329219e-01
2,755370e-01
-5,273629e-01
-1,040991e+00
-9,890869e-01
-4,025066e-01
3,988400e-01
9,805642e-01
1,029364e+00
5,213801e-01
-2,659210e-01
-9,053517e-01
-1,052025e+00
-6,290217e-01
1,322113e-01
8,182506e-01
1,058717e+00
7,256347e-01
1,721885e-03
-7,194885e-01
-1,048278e+00
-8,084887e-01
-1,323964e-01
6,122722e-01
1,022702e+00
8,783303e-01
2,595114e-01
-4,969266e-01
-9,813671e-01
-9,329192e-01
-3,798264e-01
3,766847e-01
9,266049e-01
9,733693e-01
4,933588e-01
-2,518563e-01
-8,580703e-01
-9,979233e-01
-5,971741e-01
1,256872e-01
7,783556e-01
1,008097e+00
6,916143e-01
1,590586e-03
-6,873263e-01
-1,002491e+00
-7,740740e-01
-1,268546e-01
5,877403e-01
9,829017e-01
8,451984e-01
2,500081e-01
-4,795271e-01
-9,482724e-01
-9,026868e-01
-3,679815e-01
3,656293e-01
9,006260e-01
9,474751e-01
4,809264e-01
-2,460047e-01
-8,392331e-01
-9,775194e-01
-5,858470e-01
1,235982e-01
7,662546e-01
9,939975e-01
6,830231e-01
1,497014e-03
-6,812143e-01
-9,951663e-01
-7,696788e-01
-1,262855e-01
5,865182e-01
9,824401e-01
8,461900e-01
2,506605e-01
-4,818413e-01
-9,543647e-01
-9,099818e-01
-3,715250e-01
3,699085e-01
9,125710e-01
9,615664e-01
4,888434e-01
-2,505706e-01
-8,560061e-01
-9,985875e-01
-5,993840e-01
1,267351e-01
7,865306e-01
1,021803e+00
7,031451e-01
1,471021e-03
-7,034601e-01
-1,029087e+00
-7,970060e-01
-1,308962e-01
6,090597e-01
1,021495e+00
8,809417e-01
2,612443e-01
-5,029653e-01
-9,972971e-01
-9,519859e-01
-3,890909e-01
3,878729e-01
9,578492e-01
1,010287e+00
5,140964e-01
-2,638162e-01
-9,019783e-01
-1,053116e+00
-6,326439e-01
1,338714e-01
8,314318e-01
1,080897e+00
7,443163e-01
1,542166e-03
-7,455777e-01
-1,091305e+00
-8,456088e-01
-1,389695e-01
6,467707e-01
1,085152e+00
9,361693e-01
2,777071e-01
-5,347950e-01
-1,060668e+00
-1,012689e+00
-4,139937e-01
4,126512e-01
1,019161e+00
1,075017e+00
5,470416e-01
-2,806686e-01
-9,595861e-01
-1,120251e+00
-6,728966e-01
1,422909e-01
8,838194e-01
1,148720e+00
7,908021e-01
1,684753e-03
-7,914799e-01
-1,158040e+00
-8,969524e-01
-1,474013e-01
6,852063e-01
1,149092e+00
9,908015e-01
2,937977e-01
-5,651733e-01
-1,120278e+00
-1,068889e+00
-4,367139e-01
4,347608e-01
1,073108e+00
1,131034e+00
5,751208e-01
-2,946755e-01
-1,006818e+00
-1,174380e+00
-7,048021e-01
1,487449e-01
9,236585e-01
1,199365e+00
8,248681e-01
1,876651e-03
-8,236000e-01
-1,203819e+00
-9,314243e-01
-1,530079e-01
7,096857e-01
1,188890e+00
1,023973e+00
3,033652e-01
-5,825179e-01
-1,153343e+00
-1,099139e+00
-4,485975e-01
4,457639e-01
1,099056e+00
1,156955e+00
5,876065e-01
-3,004770e-01
-1,025634e+00
-1,194806e+00
-7,161685e-01
1,507830e-01
9,357331e-01
1,213463e+00
8,334904e-01
2,035873e-03
-8,296780e-01
-1,211126e+00
-9,358540e-01
-1,536375e-01
7,108834e-01
1,189357e+00
1,023000e+00
3,027519e-01
-5,801428e-01
-1,147249e+00
-1,091882e+00
-4,450988e-01
4,414353e-01
1,087099e+00
1,142859e+00
5,797394e-01
-2,958661e-01
-1,008826e+00
-1,173731e+00
-7,026731e-01
1,475964e-01
9,154225e-01
1,185656e+00
8,134019e-01
2,101226e-03
-8,074053e-01
-1,177213e+00
-9,085615e-01
-1,490581e-01
6,882987e-01
1,150286e+00
9,882787e-01
2,922144e-01
-5,590082e-01
-1,104319e+00
-1,049894e+00
-4,275778e-01
4,234227e-01
1,041789e+00
1,094159e+00
5,545397e-01
-2,825762e-01
-9,628383e-01
-1,119215e+00
-6,694571e-01
1,404161e-01
8,704843e-01
1,126557e+00
7,722684e-01
2,072411e-03
-7,652397e-01
-1,114997e+00
-8,599834e-01
-1,410360e-01
6,505611e-01
1,086616e+00
9,330780e-01
2,757923e-01
-5,271259e-01
-1,040927e+00
-9,892096e-01
-4,027172e-01
3,986021e-01
9,804562e-01
1,029450e+00
5,216127e-01
-2,656807e-01
-9,051996e-01
-1,052090e+00
-6,292352e-01
1,319489e-01
8,180875e-01
1,058742e+00
7,258226e-01
1,971264e-03
-7,193153e-01
-1,048265e+00
-8,086739e-01
-1,326400e-01
6,120907e-01
1,022673e+00
8,784763e-01
2,597493e-01
-4,967033e-01
-9,812967e-01
-9,330263e-01
-3,800347e-01
3,764579e-01
9,264988e-01
9,734461e-01
4,935839e-01
-2,516268e-01
-8,579462e-01
-9,979738e-01
-5,973674e-01
1,254476e-01
7,782184e-01
1,008130e+00
6,917981e-01
1,832093e-03
-6,871556e-01
-1,002477e+00
-7,742229e-01
-1,270755e-01
5,875549e-01
9,828615e-01
8,453349e-01
2,502386e-01
-4,793204e-01
-9,482041e-01
-9,027844e-01
-3,681908e-01
3,654127e-01
9,005312e-01
9,475479e-01
4,811493e-01
-2,457734e-01
-8,391049e-01
-9,775703e-01
-5,860270e-01
1,233723e-01
7,661076e-01
9,940089e-01
6,832003e-01
1,738372e-03
-6,810321e-01
-9,951624e-01
-7,698254e-01
-1,265145e-01
5,863354e-01
9,824049e-01
8,463342e-01
2,508923e-01
-4,816309e-01
-9,543004e-01
-9,100728e-01
-3,717357e-01
3,696899e-01
9,124769e-01
9,616503e-01
4,890650e-01
-2,503361e-01
-8,558607e-01
-9,986280e-01
-5,995709e-01
1,265059e-01
7,863877e-01
1,021840e+00
7,033376e-01
1,719063e-03
-7,032746e-01
-1,029076e+00
-7,971593e-01
-1,311352e-01
6,088646e-01
1,021456e+00
8,810850e-01
2,614835e-01
-5,027406e-01
-9,972125e-01
-9,520987e-01
-3,893122e-01
3,876563e-01
9,577466e-01
1,010367e+00
5,143241e-01
-2,635744e-01
-9,018420e-01
-1,053153e+00
-6,328301e-01
1,336194e-01
8,312771e-01
1,080930e+00
7,445159e-01
1,803873e-03
-7,453937e-01
-1,091287e+00
-8,457721e-01
-1,392190e-01
6,465553e-01
1,085095e+00
9,363230e-01
2,779658e-01
-5,345575e-01
-1,060584e+00
-1,012799e+00
-4,142299e-01
4,124086e-01
1,019063e+00
1,075099e+00
5,472985e-01
-2,804105e-01
-9,594337e-01
-1,120317e+00
-6,731047e-01
1,420298e-01
8,836498e-01
1,148748e+00
7,910087e-01
1,967550e-03
-7,912715e-01
-1,158028e+00
-8,971316e-01
-1,476787e-01
6,849884e-01
1,149052e+00
9,909635e-01
2,940556e-01
-5,649441e-01
-1,120192e+00
-1,068986e+00
-4,369897e-01
4,345083e-01
1,073005e+00
1,131131e+00
5,753694e-01
-2,944027e-01
-1,006655e+00
-1,174459e+00
-7,049957e-01
1,484744e-01
9,234697e-01
1,199378e+00
8,250793e-01
2,168954e-03
-8,233996e-01
-1,203806e+00
-9,316169e-01
-1,532901e-01
7,094627e-01
1,188852e+00
1,024136e+00
3,036309e-01
-5,822653e-01
-1,153263e+00
-1,099239e+00
-4,488850e-01
4,455019e-01
1,098955e+00
1,157048e+00
5,878624e-01
-3,002073e-01
-1,025480e+00
-1,194883e+00
-7,163771e-01
1,505104e-01
9,355494e-01
1,213483e+00
8,337103e-01
2,318671e-03
-8,294940e-01
-1,211130e+00
-9,360431e-01
-1,539214e-01
7,106441e-01
1,189314e+00
1,023167e+00
3,030138e-01
-5,799031e-01
-1,147165e+00
-1,091978e+00
-4,453945e-01
4,411730e-01
1,086985e+00
1,142954e+00
5,799904e-01
-2,955961e-01
-1,008676e+00
-1,173829e+00
-7,028715e-01
1,473304e-01
9,152353e-01
1,185678e+00
8,136162e-01
2,380755e-03
-8,072126e-01
-1,177206e+00
-9,087487e-01
-1,493339e-01
6,880656e-01
1,150244e+00
9,884454e-01
2,924695e-01
-5,587739e-01
-1,104233e+00
-1,049988e+00
-4,278551e-01
4,231754e-01
1,041700e+00
1,094249e+00
5,547647e-01
-2,823156e-01
-9,626963e-01
-1,119309e+00
-6,696526e-01
1,401571e-01
8,703159e-01
1,126571e+00
7,724857e-01
2,338276e-03
-7,650591e-01
-1,114982e+00
-8,601439e-01
-1,412969e-01
6,503520e-01
1,086581e+00
9,332276e-01
2,760283e-01
-5,269176e-01
-1,040851e+00
-9,893110e-01
-4,029903e-01
3,983744e-01
9,803820e-01
1,029532e+00
5,218432e-01
-2,654415e-01
-9,050704e-01
-1,052158e+00
-6,294245e-01
1,317182e-01
8,179152e-01
1,058748e+00
7,260179e-01
2,217820e-03
-7,191576e-01
-1,048248e+00
-8,088220e-01
-1,328910e-01
6,118867e-01
1,022633e+00
8,786122e-01
2,599760e-01
-4,965043e-01
-9,812254e-01
-9,331244e-01
-3,802829e-01
3,762378e-01
9,264150e-01
9,735275e-01
4,937900e-01
-2,513976e-01
-8,578196e-01
-9,980394e-01
-5,975437e-01
1,252292e-01
7,780578e-01
1,008130e+00
6,919811e-01
2,075233e-03
-6,869912e-01
-1,002474e+00
-7,743818e-01
-1,273132e-01
5,873592e-01
9,828239e-01
8,454631e-01
2,504585e-01
-4,791365e-01
-9,481382e-01
-9,028937e-01
-3,684449e-01
3,652001e-01
9,004555e-01
9,476300e-01
4,813488e-01
-2,455425e-01
-8,389744e-01
-9,776138e-01
-5,862030e-01
1,231532e-01
7,659614e-01
9,940262e-01
6,833944e-01
1,976165e-03
-6,808607e-01
-9,951461e-01
-7,699714e-01
-1,267449e-01
5,861413e-01
9,823592e-01
8,464584e-01
2,511173e-01
-4,814445e-01
-9,542140e-01
-9,101802e-01
-3,719905e-01
3,694763e-01
9,123985e-01
9,617291e-01
4,892503e-01
-2,501045e-01
-8,557416e-01
-9,986833e-01
-5,997813e-01
1,262755e-01
7,862414e-01
1,021838e+00
7,035186e-01
1,963540e-03
-7,031108e-01
-1,029077e+00
-7,972961e-01
-1,313659e-01
6,086612e-01
1,021412e+00
8,812224e-01
2,617193e-01
-5,025426e-01
-9,971322e-01
-9,521913e-01
-3,895687e-01
3,874280e-01
9,576662e-01
1,010456e+00
5,145126e-01
-2,633275e-01
-9,017082e-01
-1,053216e+00
-6,330434e-01
1,333810e-01
8,311327e-01
1,080935e+00
7,447037e-01
2,053994e-03
-7,452061e-01
-1,091296e+00
-8,459335e-01
-1,394650e-01
6,463348e-01
1,085051e+00
9,364646e-01
2,782249e-01
-5,343521e-01
-1,060506e+00
-1,012901e+00
-4,144928e-01
4,121679e-01
1,018964e+00
1,075192e+00
5,474984e-01
-2,801471e-01
-9,592993e-01
-1,120366e+00
-6,733251e-01
1,417709e-01
8,834795e-01
1,148756e+00
7,912081e-01
2,240248e-03
-7,910793e-01
-1,158031e+00
-8,972964e-01
-1,479245e-01
6,847595e-01
1,148989e+00
9,911052e-01
2,943278e-01
-5,647152e-01
-1,120109e+00
-1,069127e+00
-4,372476e-01
4,342607e-01
1,072881e+00
1,131213e+00
5,756137e-01
-2,941316e-01
-1,006516e+00
-1,174506e+00
-7,052478e-01
1,482021e-01
9,233031e-01
1,199394e+00
8,252903e-01
2,438830e-03
-8,231960e-01
-1,203792e+00
-9,317869e-01
-1,535689e-01
7,092234e-01
1,188801e+00
1,024287e+00
3,039012e-01
-5,820301e-01
-1,153153e+00
-1,099400e+00
-4,491295e-01
4,452430e-01
1,098838e+00
1,157129e+00
5,881214e-01
-2,999395e-01
-1,025337e+00
-1,194922e+00
-7,166298e-01
1,502266e-01
9,353711e-01
1,213495e+00
8,339250e-01
2,600725e-03
-8,292803e-01
-1,211120e+00
-9,362112e-01
-1,542009e-01
7,104112e-01
1,189249e+00
1,023325e+00
3,033019e-01
-5,796815e-01
-1,147070e+00
-1,092131e+00
-4,456391e-01
4,409144e-01
1,086878e+00
1,143039e+00
5,802434e-01
-2,953215e-01
-1,008540e+00
-1,173873e+00
-7,031139e-01
1,470516e-01
9,150783e-01
1,185696e+00
8,138232e-01
2,657017e-03
-8,070063e-01
-1,177196e+00
-9,089124e-01
-1,496029e-01
6,878437e-01
1,150189e+00
9,885938e-01
2,927448e-01
-5,585495e-01
-1,104147e+00
-1,050142e+00
-4,280913e-01
4,229229e-01
1,041590e+00
1,094335e+00
5,550113e-01
-2,820648e-01
-9,625635e-01
-1,119352e+00
-6,698925e-01
1,398939e-01
8,701562e-01
1,126590e+00
7,726799e-01
2,597161e-03
-7,648671e-01
-1,114980e+00
-8,603134e-01
-1,415632e-01
6,501469e-01
1,086537e+00
9,333716e-01
2,762805e-01
-5,267041e-01
-1,040774e+00
-9,894405e-01
-4,032194e-01
3,981348e-01
9,802556e-01
1,029608e+00
5,220750e-01
-2,652039e-01
-9,049467e-01
-1,052211e+00
-6,296460e-01
1,314699e-01
8,177677e-01
1,058766e+00
7,262003e-01
2,467199e-03
-7,189651e-01
-1,048243e+00
-8,089964e-01
-1,331369e-01
6,116781e-01
1,022587e+00
8,787548e-01
2,602104e-01
-4,962962e-01
-9,811553e-01
-9,332352e-01
-3,805241e-01
3,760104e-01
9,263207e-01
9,736064e-01
4,939992e-01
-2,511724e-01
-8,576894e-01
-9,980853e-01
-5,977440e-01
1,249915e-01
7,779090e-01
1,008149e+00
6,921608e-01
2,308274e-03
-6,868211e-01
-1,002465e+00
-7,745360e-01
-1,275443e-01
5,871801e-01
9,827792e-01
8,456014e-01
2,506914e-01
-4,789287e-01
-9,480697e-01
-9,030110e-01
-3,686609e-01
3,649785e-01
9,003493e-01
9,477015e-01
4,815429e-01
-2,453191e-01
-8,388600e-01
-9,776628e-01
-5,864248e-01
1,229136e-01
7,658174e-01
9,940468e-01
6,835569e-01
2,203264e-03
-6,806888e-01
-9,951312e-01
-7,701227e-01
-1,269764e-01
5,859419e-01
9,823104e-01
8,465954e-01
2,513539e-01
-4,812404e-01
-9,541541e-01
-9,102993e-01
-3,722121e-01
3,692526e-01
9,122900e-01
9,618015e-01
4,894627e-01
-2,498805e-01
-8,556128e-01
-9,987433e-01
-5,999805e-01
1,260334e-01
7,860937e-01
1,021863e+00
7,036814e-01
2,204007e-03
-7,029357e-01
-1,029051e+00
-7,974804e-01
-1,316197e-01
6,084687e-01
1,021352e+00
8,813521e-01
2,619481e-01
-5,023272e-01
-9,970581e-01
-9,523047e-01
-3,897874e-01
3,871899e-01
9,575456e-01
1,010527e+00
5,147695e-01
-2,630866e-01
-9,015714e-01
-1,053271e+00
-6,332517e-01
1,331317e-01
8,309595e-01
1,080958e+00
7,448939e-01
2,310799e-03
-7,450279e-01
-1,091275e+00
-8,461171e-01
-1,397325e-01
6,461317e-01
1,085017e+00
9,366124e-01
2,784686e-01
-5,341114e-01
-1,060415e+00
-1,013024e+00
-4,147310e-01
4,119157e-01
1,018844e+00
1,075268e+00
5,477595e-01
-2,798986e-01
-9,591533e-01
-1,120436e+00
-6,735558e-01
1,414970e-01
8,833103e-01
1,148784e+00
7,914059e-01
2,508489e-03
-7,908878e-01
-1,158013e+00
-8,974787e-01
-1,482179e-01
6,845364e-01
1,148954e+00
9,912665e-01
2,945958e-01
-5,644710e-01
-1,120012e+00
-1,069252e+00
-4,374918e-01
4,339982e-01
1,072770e+00
1,131303e+00
5,758743e-01
-2,938803e-01
-1,006375e+00
-1,174555e+00
-7,054737e-01
1,479256e-01
9,231153e-01
1,199401e+00
8,254987e-01
2,721479e-03
-8,229879e-01
-1,203773e+00
-9,319896e-01
-1,538483e-01
7,090035e-01
1,188751e+00
1,024435e+00
3,041752e-01
-5,817711e-01
-1,153092e+00
-1,099498e+00
-4,494160e-01
4,449733e-01
1,098713e+00
1,157229e+00
5,883631e-01
-2,996630e-01
-1,025172e+00
-1,194990e+00
-7,168576e-01
1,499374e-01
9,351881e-01
1,213533e+00
8,341356e-01
2,889909e-03
-8,290814e-01
-1,211113e+00
-9,364114e-01
-1,544730e-01
7,101932e-01
1,189221e+00
1,023482e+00
3,035721e-01
-5,794190e-01
-1,147003e+00
-1,092240e+00
-4,459099e-01
4,406579e-01
1,086761e+00
1,143140e+00
5,804947e-01
-2,950527e-01
-1,008375e+00
-1,173917e+00
-7,033402e-01
1,467780e-01
9,148963e-01
1,185726e+00
8,140376e-01
2,943974e-03
-8,067999e-01
-1,177186e+00
-9,091109e-01
-1,498735e-01
6,876343e-01
1,150168e+00
9,887497e-01
2,930187e-01
-5,583026e-01
-1,104081e+00
-1,050240e+00
-4,283638e-01
4,226777e-01
1,041482e+00
1,094433e+00
5,552517e-01
-2,818120e-01
-9,624124e-01
-1,119396e+00
-6,701029e-01
1,396288e-01
8,699918e-01
1,126624e+00
7,728779e-01
2,875354e-03
-7,646770e-01
-1,114967e+00
-8,605060e-01
-1,418147e-01
6,499391e-01
1,086500e+00
9,335187e-01
2,765379e-01
-5,264582e-01
-1,040696e+00
-9,895414e-01
-4,034658e-01
3,979050e-01
9,801397e-01
1,029701e+00
5,222905e-01
-2,649573e-01
-9,048091e-01
-1,052255e+00
-6,298400e-01
1,312223e-01
8,176175e-01
1,058808e+00
7,263853e-01
2,710042e-03
-7,187873e-01
-1,048235e+00
-8,091531e-01
-1,333675e-01
6,115015e-01
1,022549e+00
8,788824e-01
2,604746e-01
-4,960816e-01
-9,810817e-01
-9,333440e-01
-3,807217e-01
3,757908e-01
9,262083e-01
9,736911e-01
4,942280e-01
-2,509419e-01
-8,575690e-01
-9,981251e-01
-5,979641e-01
1,247604e-01
7,777756e-01
1,008184e+00
6,923352e-01
2,539532e-03
-6,866426e-01
-1,002456e+00
-7,746964e-01
-1,277899e-01
5,869853e-01
9,827288e-01
8,457337e-01
2,509245e-01
-4,787311e-01
-9,479971e-01
-9,031046e-01
-3,688604e-01
3,647751e-01
9,002548e-01
9,477815e-01
4,817721e-01
-2,451019e-01
-8,387260e-01
-9,777021e-01
-5,866115e-01
1,226893e-01
7,656761e-01
9,940722e-01
6,837253e-01
2,426056e-03
-6,805180e-01
-9,951317e-01
-7,702925e-01
-1,272067e-01
5,857696e-01
9,822834e-01
8,467240e-01
2,515833e-01
-4,810390e-01
-9,540803e-01
-9,103868e-01
-3,724075e-01
3,690371e-01
9,121864e-01
9,618832e-01
4,896970e-01
-2,496554e-01
-8,554925e-01
-9,987840e-01
-6,001730e-01
1,257988e-01
7,859313e-01
1,021889e+00
7,038687e-01
2,431106e-03
-7,027586e-01
-1,029050e+00
-7,976361e-01
-1,318645e-01
6,082822e-01
1,021332e+00
8,814898e-01
2,622054e-01
-5,021032e-01
-9,969853e-01
-9,524167e-01
-3,900180e-01
3,869711e-01
9,574422e-01
1,010618e+00
5,149946e-01
-2,628571e-01
-9,014297e-01
-1,053323e+00
-6,334532e-01
1,328902e-01
8,308004e-01
1,080979e+00
7,450855e-01
2,574584e-03
-7,448422e-01
-1,091252e+00
-8,462748e-01
-1,399792e-01
6,459414e-01
1,084978e+00
9,367444e-01
2,787444e-01
-5,338858e-01
-1,060349e+00
-1,013139e+00
-4,149822e-01
4,116853e-01
1,018737e+00
1,075372e+00
5,479927e-01
-2,796408e-01
-9,590006e-01
-1,120471e+00
-6,737704e-01
1,412298e-01
8,831439e-01
1,148808e+00
7,916040e-01
2,770196e-03
-7,906808e-01
-1,157992e+00
-8,976636e-01
-1,484864e-01
6,843218e-01
1,148916e+00
9,914053e-01
2,948712e-01
-5,642344e-01
-1,119932e+00
-1,069374e+00
-4,377489e-01
4,337454e-01
1,072653e+00
1,131399e+00
5,761269e-01
-2,935986e-01
-1,006216e+00
-1,174611e+00
-7,057044e-01
1,476405e-01
9,229514e-01
1,199455e+00
8,257119e-01
3,001454e-03
-8,227836e-01
-1,203764e+00
-9,321611e-01
-1,541287e-01
7,087744e-01
1,188704e+00
1,024591e+00
3,044658e-01
-5,815274e-01
-1,152995e+00
-1,099629e+00
-4,496645e-01
4,447089e-01
1,098591e+00
1,157326e+00
5,886324e-01
-2,993909e-01
-1,025027e+00
-1,195055e+00
-7,171052e-01
1,496639e-01
9,350182e-01
1,213559e+00
8,343538e-01
3,168696e-03
-8,288675e-01
-1,211080e+00
-9,365931e-01
-1,547709e-01
7,099615e-01
1,189164e+00
1,023631e+00
3,038550e-01
-5,791846e-01
-1,146907e+00
-1,092378e+00
-4,461668e-01
4,403941e-01
1,086634e+00
1,143248e+00
5,807636e-01
-2,947855e-01
-1,008238e+00
-1,173983e+00
-7,035877e-01
1,464967e-01
9,147266e-01
1,185761e+00
8,142416e-01
3,211770e-03
-8,066052e-01
-1,177168e+00
-9,092915e-01
-1,501590e-01
6,874078e-01
1,150112e+00
9,888910e-01
2,932827e-01
-5,580718e-01
-1,103980e+00
-1,050368e+00
-4,286074e-01
4,224243e-01
1,041363e+00
1,094523e+00
5,555084e-01
-2,815417e-01
-9,622684e-01
-1,119469e+00
-6,703413e-01
1,393653e-01
8,698272e-01
1,126650e+00
7,730706e-01
3,121019e-03
-7,644821e-01
-1,114954e+00
-8,606776e-01
-1,420831e-01
6,497308e-01
1,086439e+00
9,336574e-01
2,768078e-01
-5,262512e-01
-1,040600e+00
-9,896629e-01
-4,036859e-01
3,976747e-01
9,800485e-01
1,029791e+00
5,225430e-01
-2,647027e-01
-9,046805e-01
-1,052305e+00
-6,300632e-01
1,309858e-01
8,174677e-01
1,058835e+00
7,265800e-01
2,958232e-03
-7,186058e-01
-1,048211e+00
-8,093234e-01
-1,336250e-01
6,113007e-01
1,022511e+00
8,790156e-01
2,606920e-01
-4,958737e-01
-9,810073e-01
-9,334522e-01
-3,809740e-01
3,755700e-01
9,261042e-01
9,737594e-01
4,944479e-01
-2,507184e-01
-8,574431e-01
-9,981793e-01
-5,981405e-01
1,245098e-01
7,776154e-01
1,008201e+00
6,925188e-01
2,788168e-03
-6,864795e-01
-1,002440e+00
-7,748479e-01
-1,280103e-01
5,868044e-01
9,826939e-01
8,458726e-01
2,511589e-01
-4,785201e-01
-9,479379e-01
-9,032233e-01
-3,690988e-01
3,645519e-01
9,001572e-01
9,478604e-01
4,819704e-01
-2,448642e-01
-8,386048e-01
-9,777627e-01
-5,868185e-01
1,224633e-01
7,655254e-01
9,940854e-01
6,839100e-01
2,668306e-03
-6,803502e-01
-9,951140e-01
-7,704275e-01
-1,274494e-01
5,855795e-01
9,822397e-01
8,468649e-01
2,518320e-01
-4,808340e-01
-9,540112e-01
-9,104964e-01
-3,726489e-01
3,688231e-01
9,120900e-01
9,619621e-01
4,898963e-01
-2,494179e-01
-8,553536e-01
-9,988406e-01
-6,003812e-01
1,255659e-01
7,857771e-01
1,021906e+00
7,040481e-01
2,686129e-03
-7,025747e-01
-1,029034e+00
-7,977997e-01
-1,321094e-01
6,080763e-01
1,021284e+00
8,816168e-01
2,624358e-01
-5,019009e-01
-9,969005e-01
-9,525330e-01
-3,902624e-01
3,867289e-01
9,573466e-01
1,010701e+00
5,152150e-01
-2,626029e-01
-9,012987e-01
-1,053367e+00
-6,336582e-01
1,326352e-01
8,306378e-01
1,081000e+00
7,452719e-01
2,823814e-03
-7,446487e-01
-1,091245e+00
-8,464492e-01
-1,402404e-01
6,457204e-01
1,084929e+00
9,368925e-01
2,789849e-01
-5,336644e-01
-1,060250e+00
-1,013248e+00
-4,152276e-01
4,114361e-01
1,018629e+00
1,075445e+00
5,482360e-01
-2,793821e-01
-9,588595e-01
-1,120531e+00
-6,739867e-01
1,409743e-01
8,829618e-01
1,148822e+00
7,918190e-01
3,053884e-03
-7,904977e-01
-1,157994e+00
-8,978351e-01
-1,487496e-01
6,840943e-01
1,148858e+00
9,915611e-01
2,951361e-01
-5,639822e-01
-1,119850e+00
-1,069490e+00
-4,380480e-01
4,334858e-01
1,072536e+00
1,131485e+00
5,763641e-01
-2,933287e-01
-1,006062e+00
-1,174656e+00
-7,059356e-01
1,473573e-01
9,227639e-01
1,199471e+00
8,259220e-01
3,295242e-03
-8,225845e-01
-1,203759e+00
-9,323446e-01
-1,544054e-01
7,085589e-01
1,188657e+00
1,024752e+00
3,047370e-01
-5,812820e-01
-1,152913e+00
-1,099753e+00
-4,499611e-01
4,444524e-01
1,098474e+00
1,157418e+00
5,888814e-01
-2,991107e-01
-1,024860e+00
-1,195094e+00
-7,173264e-01
1,493739e-01
9,348286e-01
1,213575e+00
8,345667e-01
3,465307e-03
-8,286602e-01
-1,211076e+00
-9,367832e-01
-1,550435e-01
7,097327e-01
1,189116e+00
1,023798e+00
3,041332e-01
-5,789366e-01
-1,146829e+00
-1,092488e+00
-4,464628e-01
4,401445e-01
1,086521e+00
1,143331e+00
5,809985e-01
-2,945139e-01
-1,008089e+00
-1,174029e+00
-7,038057e-01
1,462194e-01
9,145493e-01
1,185779e+00
8,144524e-01
3,503776e-03
-8,064028e-01
-1,177156e+00
-9,094640e-01
-1,504170e-01
6,871963e-01
1,150052e+00
9,890558e-01
2,935619e-01
-5,578440e-01
-1,103904e+00
-1,050500e+00
-4,288721e-01
4,221761e-01
1,041260e+00
1,094613e+00
5,557377e-01
-2,812813e-01
-9,621348e-01
-1,119511e+00
-6,705661e-01
1,391024e-01
8,696517e-01
1,126670e+00
7,732611e-01
3,399509e-03
-7,642944e-01
-1,114943e+00
-8,608396e-01
-1,423522e-01
6,495254e-01
1,086392e+00
9,337948e-01
2,770503e-01
-5,260296e-01
-1,040527e+00
-9,897679e-01
-4,039351e-01
3,974330e-01
9,799488e-01
1,029865e+00
5,227661e-01
-2,644687e-01
-9,045464e-01
-1,052378e+00
-6,302790e-01
1,307433e-01
8,173000e-01
1,058823e+00
7,267631e-01
3,205531e-03
-7,184435e-01
-1,048201e+00
-8,094828e-01
-1,338690e-01
6,111003e-01
1,022466e+00
8,791586e-01
2,609324e-01
-4,956635e-01
-9,809398e-01
-9,335710e-01
-3,812094e-01
3,753499e-01
9,260201e-01
9,738317e-01
4,946635e-01
-2,504818e-01
-8,573163e-01
-9,982239e-01
-5,983382e-01
1,242756e-01
7,774704e-01
1,008211e+00
6,927024e-01
3,016307e-03
-6,863075e-01
-1,002427e+00
-7,749919e-01
-1,282493e-01
5,866078e-01
9,826679e-01
8,459998e-01
2,513807e-01
-4,783171e-01
-9,478530e-01
-9,033115e-01
-3,693398e-01
3,643398e-01
9,000699e-01
9,479393e-01
4,821822e-01
-2,446411e-01
-8,384835e-01
-9,777970e-01
-5,870081e-01
1,222213e-01
7,653780e-01
9,941042e-01
6,840962e-01
2,909664e-03
-6,801884e-01
-9,951043e-01
-7,705821e-01
-1,276827e-01
5,853765e-01
9,821964e-01
8,469888e-01
2,520474e-01
-4,806326e-01
-9,539345e-01
-9,106072e-01
-3,728821e-01
3,686049e-01
9,119864e-01
9,620432e-01
4,901065e-01
-2,491927e-01
-8,552323e-01
-9,988909e-01
-6,005872e-01
1,253211e-01
7,856291e-01
1,021915e+00
7,042414e-01
2,925705e-03
-7,024157e-01
-1,029013e+00
-7,979296e-01
-1,323465e-01
6,078776e-01
1,021238e+00
8,817536e-01
2,626860e-01
-5,016830e-01
-9,968386e-01
-9,526426e-01
-3,905076e-01
3,865159e-01
9,572394e-01
1,010779e+00
5,154238e-01
-2,623633e-01
-9,011641e-01
-1,053424e+00
-6,338771e-01
1,323723e-01
8,304808e-01
1,080992e+00
7,454622e-01
3,090868e-03
-7,444721e-01
-1,091210e+00
-8,466034e-01
-1,405041e-01
6,455070e-01
1,084884e+00
9,370390e-01
2,792457e-01
-5,334290e-01
-1,060184e+00
-1,013357e+00
-4,154780e-01
4,112088e-01
1,018504e+00
1,075532e+00
5,484717e-01
-2,791334e-01
-9,587157e-01
-1,120586e+00
-6,742099e-01
1,407038e-01
8,827881e-01
1,148851e+00
7,920202e-01
3,324799e-03
-7,902906e-01
-1,157951e+00
-8,980258e-01
-1,490360e-01
6,838734e-01
1,148809e+00
9,917084e-01
2,954112e-01
-5,637386e-01
-1,119765e+00
-1,069597e+00
-4,382858e-01
4,332280e-01
1,072415e+00
1,131574e+00
5,766243e-01
-2,930564e-01
-1,005922e+00
-1,174732e+00
-7,061667e-01
1,470848e-01
9,225844e-01
1,199483e+00
8,261349e-01
3,579525e-03
-8,223819e-01
-1,203724e+00
-9,325351e-01
-1,546900e-01
7,083219e-01
1,188607e+00
1,024908e+00
3,050287e-01
-5,810265e-01
-1,152828e+00
-1,099877e+00
-4,502338e-01
4,441990e-01
1,098344e+00
1,157502e+00
5,891305e-01
-2,988364e-01
-1,024718e+00
-1,195149e+00
-7,175508e-01
1,490798e-01
9,346506e-01
1,213604e+00
8,347840e-01
3,742609e-03
-8,284616e-01
-1,211052e+00
-9,369740e-01
-1,553229e-01
7,095108e-01
1,189078e+00
1,023953e+00
3,044145e-01
-5,786786e-01
-1,146737e+00
-1,092620e+00
-4,467326e-01
4,398834e-01
1,086397e+00
1,143421e+00
5,812551e-01
-2,942429e-01
-1,007938e+00
-1,174082e+00
-7,040351e-01
1,459417e-01
9,143688e-01
1,185800e+00
8,146675e-01
3,769047e-03
-8,062051e-01
-1,177131e+00
-9,096583e-01
-1,507039e-01
6,869698e-01
1,150015e+00
9,892094e-01
2,938267e-01
-5,575936e-01
-1,103825e+00
-1,050614e+00
-4,291454e-01
4,219361e-01
1,041133e+00
1,094695e+00
5,559872e-01
-2,810304e-01
-9,620000e-01
-1,119550e+00
-6,707533e-01
1,388348e-01
8,694844e-01
1,126692e+00
7,734786e-01
3,655720e-03
-7,641114e-01
-1,114923e+00
-8,610134e-01
-1,425986e-01
6,493231e-01
1,086365e+00
9,339424e-01
2,773122e-01
-5,258013e-01
-1,040460e+00
-9,898870e-01
-4,041864e-01
3,972113e-01
9,798363e-01
1,029956e+00
5,229913e-01
-2,642214e-01
-9,044216e-01
-1,052413e+00
-6,304763e-01
1,304873e-01
8,171400e-01
1,058871e+00
7,269409e-01
3,461742e-03
-7,182532e-01
-1,048189e+00
-8,096382e-01
-1,341257e-01
6,109107e-01
1,022416e+00
8,792880e-01
2,611822e-01
-4,954566e-01
-9,808572e-01
-9,336651e-01
-3,814116e-01
3,751173e-01
9,259173e-01
9,739338e-01
4,948843e-01
-2,502470e-01
-8,571939e-01
-9,982704e-01
-5,985475e-01
1,240591e-01
7,773197e-01
1,008229e+00
6,928775e-01
3,252466e-03
-6,861419e-01
-1,002403e+00
-7,751660e-01
-1,284944e-01
5,864260e-01
9,826275e-01
8,461303e-01
2,516156e-01
-4,781110e-01
-9,477879e-01
-9,034138e-01
-3,695577e-01
3,641295e-01
8,999607e-01
9,479948e-01
4,823992e-01
-2,444195e-01
-8,383730e-01
-9,778377e-01
-5,871701e-01
1,219838e-01
7,652279e-01
9,941279e-01
6,842752e-01
3,148200e-03
-6,800262e-01
-9,950833e-01
-7,707504e-01
-1,279108e-01
5,852012e-01
9,821598e-01
8,471153e-01
2,522922e-01
-4,804244e-01
-9,538583e-01
-9,107067e-01
-3,730897e-01
3,683922e-01
9,118951e-01
9,621170e-01
4,903394e-01
-2,489614e-01
-8,551029e-01
-9,989270e-01
-6,007539e-01
1,250934e-01
7,854698e-01
1,021921e+00
7,044275e-01
3,169885e-03
-7,022362e-01
-1,028987e+00
-7,981057e-01
-1,325874e-01
6,076921e-01
1,021200e+00
8,818874e-01
2,629284e-01
-5,014589e-01
-9,967539e-01
-9,527410e-01
-3,907501e-01
3,862903e-01
9,571343e-01
1,010866e+00
5,156496e-01
-2,621106e-01
-9,010243e-01
-1,053464e+00
-6,340880e-01
1,321277e-01
8,303118e-01
1,081020e+00
7,456568e-01
3,352128e-03
-7,442735e-01
-1,091190e+00
-8,467668e-01
-1,407603e-01
6,453016e-01
1,084837e+00
9,371900e-01
2,795055e-01
-5,332038e-01
-1,060088e+00
-1,013479e+00
-4,157306e-01
4,109608e-01
1,018403e+00
1,075625e+00
5,487037e-01
-2,788588e-01
-9,585760e-01
-1,120634e+00
-6,744333e-01
1,404341e-01
8,826248e-01
1,148866e+00
7,922262e-01
3,605666e-03
-7,900993e-01
-1,157918e+00
-8,981843e-01
-1,493079e-01
6,836540e-01
1,148768e+00
9,918675e-01
2,956897e-01
-5,634944e-01
-1,119679e+00
-1,069726e+00
-4,385462e-01
4,329856e-01
1,072296e+00
1,131657e+00
5,768750e-01
-2,927891e-01
-1,005763e+00
-1,174775e+00
-7,063923e-01
1,468073e-01
9,224046e-01
1,199518e+00
8,263495e-01
3,874650e-03
-8,221638e-01
-1,203708e+00
-9,327156e-01
-1,549771e-01
7,080885e-01
1,188554e+00
1,025058e+00
3,053087e-01
-5,807785e-01
-1,152728e+00
-1,100000e+00
-4,504991e-01
4,439260e-01
1,098222e+00
1,157603e+00
5,893919e-01
-2,985508e-01
-1,024563e+00
-1,195214e+00
-7,178127e-01
1,488098e-01
9,344760e-01
1,213621e+00
8,349857e-01
4,043229e-03
-8,282502e-01
-1,211018e+00
-9,371579e-01
-1,556178e-01
7,092765e-01
1,189016e+00
1,024115e+00
3,046984e-01
-5,784408e-01
-1,146655e+00
-1,092738e+00
-4,469929e-01
4,396077e-01
1,086283e+00
1,143520e+00
5,815021e-01
-2,939589e-01
-1,007791e+00
-1,174140e+00
-7,042902e-01
1,456705e-01
9,142011e-01
1,185804e+00
8,148672e-01
4,058676e-03
-8,060056e-01
-1,177096e+00
-9,098215e-01
-1,509897e-01
6,867399e-01
1,149963e+00
9,893612e-01
2,941079e-01
-5,573580e-01
-1,103740e+00
-1,050734e+00
-4,293826e-01
4,216900e-01
1,041022e+00
1,094795e+00
5,562338e-01
-2,807692e-01
-9,618563e-01
-1,119631e+00
-6,709968e-01
1,385759e-01
8,693216e-01
1,126711e+00
7,736715e-01
3,935546e-03
-7,639227e-01
-1,114916e+00
-8,611900e-01
-1,428768e-01
6,491045e-01
1,086304e+00
9,340951e-01
2,775721e-01
-5,255824e-01
-1,040389e+00
-9,899947e-01
-4,044247e-01
3,969559e-01
9,797336e-01
1,030038e+00
5,232086e-01
-2,639845e-01
-9,042857e-01
-1,052458e+00
-6,306919e-01
1,302411e-01
8,169980e-01
1,058877e+00
7,271478e-01
3,708299e-03
-7,180707e-01
-1,048188e+00
-8,097969e-01
-1,343604e-01
6,107158e-01
1,022378e+00
8,794276e-01
2,614296e-01
-4,952470e-01
-9,807937e-01
-9,337733e-01
-3,816504e-01
3,748969e-01
9,258183e-01
9,740113e-01
4,950848e-01
-2,500151e-01
-8,570694e-01
-9,983275e-01
-5,987621e-01
1,238039e-01
7,771685e-01
1,008257e+00
6,930475e-01
3,508974e-03
-6,859607e-01
-1,002394e+00
-7,753194e-01
-1,287438e-01
5,862360e-01
9,825716e-01
8,462511e-01
2,518548e-01
-4,779221e-01
-9,477168e-01
-9,035180e-01
-3,697559e-01
3,638909e-01
8,998670e-01
9,480844e-01
4,826172e-01
-2,441986e-01
-8,382274e-01
-9,778951e-01
-5,873861e-01
1,217597e-01
7,650856e-01
9,941453e-01
6,844352e-01
3,398915e-03
-6,798452e-01
-9,950838e-01
-7,709003e-01
-1,281656e-01
5,850127e-01
9,820939e-01
8,472429e-01
2,525294e-01
-4,802190e-01
-9,537809e-01
-9,107948e-01
-3,733116e-01
3,681494e-01
9,117972e-01
9,621948e-01
4,905501e-01
-2,487341e-01
-8,549723e-01
-9,989662e-01
-6,009691e-01
1,248504e-01
7,853286e-01
1,021952e+00
7,046090e-01
3,421343e-03
-7,020538e-01
-1,028989e+00
-7,982618e-01
-1,328335e-01
6,074824e-01
1,021132e+00
8,820343e-01
2,631702e-01
-5,012541e-01
-9,966796e-01
-9,528386e-01
-3,909645e-01
3,860501e-01
9,570224e-01
1,010943e+00
5,158888e-01
-2,618812e-01
-9,008878e-01
-1,053522e+00
-6,342829e-01
1,318840e-01
8,301625e-01
1,081042e+00
7,458445e-01
3,611607e-03
-7,440980e-01
-1,091196e+00
-8,469472e-01
-1,410166e-01
6,450971e-01
1,084774e+00
9,373388e-01
2,797590e-01
-5,329718e-01
-1,060013e+00
-1,013585e+00
-4,160091e-01
4,107006e-01
1,018284e+00
1,075711e+00
5,489310e-01
-2,785966e-01
-9,584230e-01
-1,120674e+00
-6,746631e-01
1,401620e-01
8,824528e-01
1,148851e+00
7,924114e-01
3,883710e-03
-7,899007e-01
-1,157909e+00
-8,983563e-01
-1,495722e-01
6,834320e-01
1,148702e+00
9,920169e-01
2,959640e-01
-5,632678e-01
-1,119596e+00
-1,069848e+00
-4,388168e-01
4,327048e-01
1,072176e+00
1,131759e+00
5,771054e-01
-2,925057e-01
-1,005607e+00
-1,174832e+00
-7,066438e-01
1,465150e-01
9,222335e-01
1,199511e+00
8,265392e-01
4,164577e-03
-8,219736e-01
-1,203684e+00
-9,328897e-01
-1,552590e-01
7,078617e-01
1,188493e+00
1,025225e+00
3,055907e-01
-5,805481e-01
-1,152650e+00
-1,100125e+00
-4,507608e-01
4,436548e-01
1,098110e+00
1,157685e+00
5,896444e-01
-2,982797e-01
-1,024413e+00
-1,195266e+00
-7,180467e-01
1,485253e-01
9,342786e-01
1,213645e+00
8,351957e-01
4,342216e-03
-8,280463e-01
-1,211020e+00
-9,373388e-01
-1,559152e-01
7,090556e-01
1,188949e+00
1,024264e+00
3,049829e-01
-5,781981e-01
-1,146571e+00
-1,092861e+00
-4,472607e-01
4,393475e-01
1,086165e+00
1,143613e+00
5,817601e-01
-2,936926e-01
-1,007652e+00
-1,174185e+00
-7,045056e-01
1,453837e-01
9,140244e-01
1,185843e+00
8,150615e-01
4,334047e-03
-8,058066e-01
-1,177108e+00
-9,100135e-01
-1,512621e-01
6,865309e-01
1,149898e+00
9,895068e-01
2,943785e-01
-5,571193e-01
-1,103660e+00
-1,050855e+00
-4,296640e-01
4,214188e-01
1,040906e+00
1,094870e+00
5,564587e-01
-2,805012e-01
-9,617139e-01
-1,119655e+00
-6,712129e-01
1,382964e-01
8,691481e-01
1,126725e+00
7,738630e-01
4,198738e-03
-7,637350e-01
-1,114901e+00
-8,613595e-01
-1,431347e-01
6,488862e-01
1,086268e+00
9,342422e-01
2,778244e-01
-5,253523e-01
-1,040310e+00
-9,901145e-01
-4,046922e-01
3,967204e-01
9,796239e-01
1,030133e+00
5,234347e-01
-2,637242e-01
-9,041557e-01
-1,052508e+00
-6,309140e-01
1,299709e-01
8,168363e-01
1,058898e+00
7,273217e-01
3,975203e-03
-7,178957e-01
-1,048163e+00
-8,099580e-01
-1,346167e-01
6,105092e-01
1,022325e+00
8,795573e-01
2,616708e-01
-4,950241e-01
-9,807090e-01
-9,338759e-01
-3,818855e-01
3,746626e-01
9,257173e-01
9,740777e-01
4,953045e-01
-2,497966e-01
-8,569397e-01
-9,983780e-01
-5,989398e-01
1,235652e-01
7,770234e-01
1,008271e+00
6,932268e-01
3,739787e-03
-6,857894e-01
-1,002388e+00
-7,754611e-01
-1,289574e-01
5,860471e-01
9,825326e-01
8,463822e-01
2,521021e-01
-4,777207e-01
-9,476511e-01
-9,036326e-01
-3,699861e-01
3,636837e-01
8,997672e-01
9,481597e-01
4,828238e-01
-2,439708e-01
-8,381132e-01
-9,779317e-01
-5,875846e-01
1,215197e-01
7,649381e-01
9,941447e-01
6,846057e-01
3,632846e-03
-6,796817e-01
-9,950601e-01
-7,710501e-01
-1,284108e-01
5,848162e-01
9,820493e-01
8,473634e-01
2,527399e-01
-4,800057e-01
-9,537186e-01
-9,108982e-01
-3,735460e-01
3,679250e-01
9,116848e-01
9,622658e-01
4,907676e-01
-2,485073e-01
-8,548507e-01
-9,990135e-01
-6,011543e-01
1,246056e-01
7,851787e-01
1,021956e+00
7,047759e-01
3,671315e-03
-7,018955e-01
-1,028965e+00
-7,984203e-01
-1,330818e-01
6,072905e-01
1,021098e+00
8,821663e-01
2,634064e-01
-5,010213e-01
-9,966006e-01
-9,529509e-01
-3,912239e-01
3,858089e-01
9,569064e-01
1,010990e+00
5,160977e-01
-2,616236e-01
-9,007617e-01
-1,053557e+00
-6,344809e-01
1,316113e-01
8,299957e-01
1,081059e+00
7,460392e-01
3,864253e-03
-7,439150e-01
-1,091165e+00
-8,471122e-01
-1,412786e-01
6,448869e-01
1,084721e+00
9,374597e-01
2,800135e-01
-5,327530e-01
-1,059943e+00
-1,013698e+00
-4,162335e-01
4,104528e-01
1,018170e+00
1,075783e+00
5,491859e-01
-2,783592e-01
-9,582930e-01
-1,120735e+00
-6,748680e-01
1,398890e-01
8,822799e-01
1,148897e+00
7,926240e-01
4,161161e-03
-7,896975e-01
-1,157896e+00
-8,985485e-01
-1,498741e-01
6,832247e-01
1,148639e+00
9,921504e-01
2,962260e-01
-5,630098e-01
-1,119515e+00
-1,069960e+00
-4,390768e-01
4,324482e-01
1,072058e+00
1,131849e+00
5,773760e-01
-2,922498e-01
-1,005471e+00
-1,174885e+00
-7,068615e-01
1,462349e-01
9,220474e-01
1,199533e+00
8,267585e-01
4,446631e-03
-8,217661e-01
-1,203663e+00
-9,330768e-01
-1,555489e-01
7,076364e-01
1,188440e+00
1,025369e+00
3,058683e-01
-5,802754e-01
-1,152558e+00
-1,100244e+00
-4,510366e-01
4,433868e-01
1,097986e+00
1,157774e+00
5,898962e-01
-2,979894e-01
-1,024273e+00
-1,195306e+00
-7,182753e-01
1,482295e-01
9,341097e-01
1,213656e+00
8,354118e-01
4,613428e-03
-8,278470e-01
-1,211006e+00
-9,375294e-01
-1,561981e-01
7,088226e-01
1,188894e+00
1,024411e+00
3,052705e-01
-5,779550e-01
-1,146482e+00
-1,092984e+00
-4,475162e-01
4,390806e-01
1,086038e+00
1,143674e+00
5,820071e-01
-2,934150e-01
-1,007506e+00
-1,174248e+00
-7,047389e-01
1,451010e-01
9,138402e-01
1,185851e+00
8,152833e-01
4,624568e-03
-8,055948e-01
-1,177081e+00
-9,101934e-01
-1,515630e-01
6,863068e-01
1,149861e+00
9,896644e-01
2,946499e-01
-5,568688e-01
-1,103581e+00
-1,050973e+00
-4,299146e-01
4,211684e-01
1,040785e+00
1,094947e+00
5,567104e-01
-2,802336e-01
-9,615822e-01
-1,119705e+00
-6,714336e-01
1,380292e-01
8,689830e-01
1,126751e+00
7,740589e-01
4,468316e-03
-7,635550e-01
-1,114881e+00
-8,615279e-01
-1,433959e-01
6,486897e-01
1,086220e+00
9,343855e-01
2,780765e-01
-5,251138e-01
-1,040234e+00
-9,902375e-01
-4,049340e-01
3,964861e-01
9,795099e-01
1,030207e+00
5,236722e-01
-2,634734e-01
-9,040237e-01
-1,052553e+00
-6,311008e-01
1,297147e-01
8,166738e-01
1,058916e+00
7,275148e-01
4,227404e-03
-7,177230e-01
-1,048150e+00
-8,101188e-01
-1,348648e-01
6,103274e-01
1,022289e+00
8,796967e-01
2,619079e-01
-4,948213e-01
-9,806484e-01
-9,339898e-01
-3,821043e-01
3,744455e-01
9,256134e-01
9,741522e-01
4,955225e-01
-2,495560e-01
-8,568157e-01
-9,984168e-01
-5,991392e-01
1,233228e-01
7,768661e-01
1,008281e+00
6,934077e-01
3,982184e-03
-6,856342e-01
-1,002378e+00
-7,756232e-01
-1,292054e-01
5,858534e-01
9,824839e-01
8,465138e-01
2,523170e-01
-4,775097e-01
-9,475789e-01
-9,037266e-01
-3,702068e-01
3,634679e-01
8,996668e-01
9,482384e-01
4,830282e-01
-2,437279e-01
-8,379937e-01
-9,779822e-01
-5,877803e-01
1,212786e-01
7,647858e-01
9,941808e-01
6,847889e-01
3,871085e-03
-6,795067e-01
-9,950436e-01
-7,712064e-01
-1,286493e-01
5,846286e-01
9,820135e-01
8,475082e-01
2,529877e-01
-4,797872e-01
-9,536426e-01
-9,110143e-01
-3,737857e-01
3,677130e-01
9,115744e-01
9,623193e-01
4,909731e-01
-2,482577e-01
-8,547279e-01
-9,990550e-01
-6,013452e-01
1,243482e-01
7,850150e-01
1,021976e+00
7,049559e-01
3,907920e-03
-7,017055e-01
-1,028953e+00
-7,985823e-01
-1,333251e-01
6,070896e-01
1,021052e+00
8,822880e-01
2,636538e-01
-5,008079e-01
-9,965284e-01
-9,530538e-01
-3,914521e-01
3,855763e-01
9,568025e-01
1,011109e+00
5,163257e-01
-2,613724e-01
-9,006202e-01
-1,053608e+00
-6,347126e-01
1,313478e-01
8,298317e-01
1,081063e+00
7,462243e-01
4,133980e-03
-7,437167e-01
-1,091147e+00
-8,472728e-01
-1,415441e-01
6,446671e-01
1,084669e+00
9,375977e-01
2,802899e-01
-5,325201e-01
-1,059853e+00
-1,013816e+00
-4,164816e-01
4,102024e-01
1,018052e+00
1,075863e+00
5,494222e-01
-2,780899e-01
-9,581488e-01
-1,120774e+00
-6,750731e-01
1,396084e-01
8,821050e-01
1,148909e+00
7,928239e-01
4,432818e-03
-7,895071e-01
-1,157889e+00
-8,987317e-01
-1,501326e-01
6,829766e-01
1,148587e+00
9,923043e-01
2,965054e-01
-5,627756e-01
-1,119430e+00
-1,070085e+00
-4,393475e-01
4,321871e-01
1,071924e+00
1,131936e+00
5,776245e-01
-2,919462e-01
-1,005315e+00
-1,174928e+00
-7,071059e-01
1,459340e-01
9,218627e-01
1,199545e+00
8,269546e-01
4,729132e-03
-8,215553e-01
-1,203647e+00
-9,332585e-01
-1,558436e-01
7,073985e-01
1,188381e+00
1,025525e+00
3,061569e-01
-5,800463e-01
-1,152489e+00
-1,100370e+00
-4,513007e-01
4,431183e-01
1,097853e+00
1,157873e+00
5,901595e-01
-2,977042e-01
-1,024105e+00
-1,195375e+00
-7,185118e-01
1,479391e-01
9,339276e-01
1,213669e+00
8,356285e-01
4,922515e-03
-8,276161e-01
-1,210964e+00
-9,377094e-01
-1,564838e-01
7,085894e-01
1,188849e+00
1,024565e+00
3,055491e-01
-5,776795e-01
-1,146408e+00
-1,093100e+00
-4,477781e-01
4,388125e-01
1,085918e+00
1,143791e+00
5,822630e-01
-2,931429e-01
-1,007352e+00
-1,174303e+00
-7,049656e-01
1,448152e-01
9,136670e-01
1,185865e+00
8,154824e-01
4,910336e-03
-8,054059e-01
-1,177067e+00
-9,103693e-01
-1,518097e-01
6,860745e-01
1,149805e+00
9,898127e-01
2,949191e-01
-5,566500e-01
-1,103495e+00
-1,051079e+00
-4,301613e-01
4,209034e-01
1,040673e+00
1,095049e+00
5,569448e-01
-2,799894e-01
-9,614304e-01
-1,119759e+00
-6,716623e-01
1,377588e-01
8,688162e-01
1,126757e+00
7,742649e-01
4,740123e-03
-7,633531e-01
-1,114865e+00
-8,617070e-01
-1,436532e-01
6,484719e-01
1,086165e+00
9,345057e-01
2,783410e-01
-5,248856e-01
-1,040151e+00
-9,903399e-01
-4,051749e-01
3,962436e-01
9,794036e-01
1,030271e+00
5,238900e-01
-2,632236e-01
-9,038887e-01
-1,052603e+00
-6,313125e-01
1,294573e-01
8,165149e-01
1,058930e+00
7,276956e-01
4,468465e-03
-7,175507e-01
-1,048140e+00
-8,102902e-01
-1,351054e-01
6,101132e-01
1,022233e+00
8,798327e-01
2,621559e-01
-4,946162e-01
-9,805764e-01
-9,340908e-01
-3,823351e-01
3,742010e-01
9,255104e-01
9,742376e-01
4,957308e-01
-2,493225e-01
-8,566953e-01
-9,984586e-01
-5,993458e-01
1,230811e-01
7,767113e-01
1,008294e+00
6,935778e-01
4,224433e-03
-6,854524e-01
-1,002360e+00
-7,757686e-01
-1,294485e-01
5,856625e-01
9,824450e-01
8,466418e-01
2,525616e-01
-4,772766e-01
-9,474922e-01
-9,038266e-01
-3,704434e-01
3,632321e-01
8,995616e-01
9,483155e-01
4,832498e-01
-2,434818e-01
-8,378536e-01
-9,780224e-01
-5,879759e-01
1,210506e-01
7,646367e-01
9,941827e-01
6,849611e-01
4,111701e-03
-6,793215e-01
-9,950301e-01
-7,713580e-01
-1,288829e-01
5,844394e-01
9,819684e-01
8,476401e-01
2,532154e-01
-4,795729e-01
-9,535640e-01
-9,111150e-01
-3,740061e-01
3,674920e-01
9,114843e-01
9,624175e-01
4,911876e-01
-2,480135e-01
-8,546035e-01
-9,991002e-01
-6,015582e-01
1,241061e-01
7,848664e-01
1,021986e+00
7,051322e-01
4,154477e-03
-7,015286e-01
-1,028944e+00
-7,987227e-01
-1,335714e-01
6,068795e-01
1,020992e+00
8,824167e-01
2,638950e-01
-5,006114e-01
-9,964493e-01
-9,531554e-01
-3,916691e-01
3,853422e-01
9,566935e-01
1,011178e+00
5,165550e-01
-2,611152e-01
-9,004809e-01
-1,053651e+00
-6,349107e-01
1,311040e-01
8,296673e-01
1,081083e+00
7,464070e-01
4,401627e-03
-7,435223e-01
-1,091140e+00
-8,474368e-01
-1,418175e-01
6,444624e-01
1,084619e+00
9,377457e-01
2,805294e-01
-5,322939e-01
-1,059774e+00
-1,013925e+00
-4,167256e-01
4,099559e-01
1,017944e+00
1,075953e+00
5,496417e-01
-2,777973e-01
-9,579968e-01
-1,120820e+00
-6,753126e-01
1,393438e-01
8,819324e-01
1,148918e+00
7,930243e-01
4,731805e-03
-7,892882e-01
-1,157869e+00
-8,989039e-01
-1,504214e-01
6,827670e-01
1,148539e+00
9,924724e-01
2,967875e-01
-5,625085e-01
-1,119332e+00
-1,070197e+00
-4,396104e-01
4,319228e-01
1,071813e+00
1,132018e+00
5,778608e-01
-2,916594e-01
-1,005159e+00
-1,174972e+00
-7,073316e-01
1,456703e-01
9,216840e-01
1,199560e+00
8,271645e-01
5,020841e-03
-8,213272e-01
-1,203630e+00
-9,334322e-01
-1,561215e-01
7,071763e-01
1,188333e+00
1,025689e+00
3,064412e-01
-5,797939e-01
-1,152389e+00
-1,100484e+00
-4,515577e-01
4,428405e-01
1,097741e+00
1,157957e+00
5,904114e-01
-2,974407e-01
-1,023969e+00
-1,195424e+00
-7,187488e-01
1,476557e-01
9,337476e-01
1,213690e+00
8,358354e-01
5,204867e-03
-8,273966e-01
-1,210963e+00
-9,378908e-01
-1,567753e-01
7,083581e-01
1,188794e+00
1,024748e+00
3,058324e-01
-5,774172e-01
-1,146299e+00
-1,093221e+00
-4,480591e-01
4,385589e-01
1,085801e+00
1,143868e+00
5,825154e-01
-2,928384e-01
-1,007193e+00
-1,174351e+00
-7,052000e-01
1,445381e-01
9,134949e-01
1,185869e+00
8,156907e-01
5,207837e-03
-8,051917e-01
-1,177052e+00
-9,105441e-01
-1,521103e-01
6,858594e-01
1,149753e+00
9,899532e-01
2,951892e-01
-5,563976e-01
-1,103404e+00
-1,051205e+00
-4,304160e-01
4,206582e-01
1,040559e+00
1,095131e+00
5,571943e-01
-2,797050e-01
-9,612928e-01
-1,119817e+00
-6,718752e-01
1,375016e-01
8,686509e-01
1,126782e+00
7,744541e-01
5,010147e-03
-7,631606e-01
-1,114836e+00
-8,618771e-01
-1,439199e-01
6,482469e-01
1,086116e+00
9,346497e-01
2,785931e-01
-5,246713e-01
-1,040074e+00
-9,904490e-01
-4,053987e-01
3,960089e-01
9,793016e-01
1,030364e+00
5,241231e-01
-2,629610e-01
-9,037418e-01
-1,052653e+00
-6,315163e-01
1,292076e-01
8,163617e-01
1,058960e+00
7,278913e-01
4,749480e-03
-7,173503e-01
-1,048117e+00
-8,104476e-01
-1,353632e-01
6,099216e-01
1,022199e+00
8,799727e-01
2,624022e-01
-4,943606e-01
-9,805092e-01
-9,341997e-01
-3,825689e-01
3,739867e-01
9,254119e-01
9,743098e-01
4,959592e-01
-2,490728e-01
-8,565708e-01
-9,985049e-01
-5,995404e-01
1,228352e-01
7,765681e-01
1,008313e+00
6,937528e-01
4,481981e-03
-6,852731e-01
-1,002331e+00
-7,759254e-01
-1,297033e-01
5,854770e-01
9,824007e-01
8,467763e-01
2,527886e-01
-4,770562e-01
-9,474221e-01
-9,039258e-01
-3,706591e-01
3,630234e-01
8,994661e-01
9,483783e-01
4,834509e-01
-2,432443e-01
-8,377383e-01
-9,780691e-01
-5,881447e-01
1,207999e-01
7,644819e-01
9,942025e-01
6,851317e-01
4,343998e-03
-6,791712e-01
-9,950072e-01
-7,715092e-01
-1,291020e-01
5,842376e-01
9,819265e-01
8,477518e-01
2,534510e-01
-4,793844e-01
-9,534993e-01
-9,112058e-01
-3,742202e-01
3,672499e-01
9,113735e-01
9,624735e-01
4,914031e-01
-2,477870e-01
-8,544813e-01
-9,991499e-01
-6,017403e-01
1,238554e-01
7,846868e-01
1,021997e+00
7,053051e-01
4,406380e-03
-7,013471e-01
-1,028923e+00
-7,988941e-01
-1,338280e-01
6,066754e-01
1,020946e+00
8,825464e-01
2,641383e-01
-5,003778e-01
-9,963763e-01
-9,532643e-01
-3,919018e-01
3,850909e-01
9,565841e-01
1,011235e+00
5,167696e-01
-2,608946e-01
-9,003576e-01
-1,053703e+00
-6,351102e-01
1,308446e-01
8,294827e-01
1,081107e+00
7,465983e-01
4,644174e-03
-7,433488e-01
-1,091117e+00
-8,476200e-01
-1,420641e-01
6,442347e-01
1,084565e+00
9,378778e-01
2,807916e-01
-5,320526e-01
-1,059694e+00
-1,014039e+00
-4,169769e-01
4,096967e-01
1,017820e+00
1,076021e+00
5,498918e-01
-2,775307e-01
-9,578555e-01
-1,120869e+00
-6,755241e-01
1,390662e-01
8,817524e-01
1,148938e+00
7,932422e-01
4,999750e-03
-7,890725e-01
-1,157826e+00
-8,990654e-01
-1,506906e-01
6,825457e-01
1,148490e+00
9,925912e-01
2,970495e-01
-5,622495e-01
-1,119259e+00
-1,070310e+00
-4,398510e-01
4,316616e-01
1,071694e+00
1,132085e+00
5,781142e-01
-2,914081e-01
-1,005013e+00
-1,175027e+00
-7,075457e-01
1,453752e-01
9,215013e-01
1,199585e+00
8,273801e-01
5,296806e-03
-8,211283e-01
-1,203609e+00
-9,336446e-01
-1,564116e-01
7,069262e-01
1,188275e+00
1,025826e+00
3,067065e-01
-5,795187e-01
-1,152307e+00
-1,100625e+00
-4,518287e-01
4,425707e-01
1,097602e+00
1,158033e+00
5,906758e-01
-2,971374e-01
-1,023810e+00
-1,195478e+00
-7,189777e-01
1,473673e-01
9,335496e-01
1,213705e+00
8,360497e-01
5,512171e-03
-8,271865e-01
-1,210929e+00
-9,380782e-01
-1,570663e-01
7,081313e-01
1,188743e+00
1,024881e+00
3,061077e-01
-5,771721e-01
-1,146225e+00
-1,093350e+00
-4,483275e-01
4,382840e-01
1,085680e+00
1,143954e+00
5,827759e-01
-2,925602e-01
-1,007047e+00
-1,174409e+00
-7,054244e-01
1,442436e-01
9,133069e-01
1,185893e+00
8,158867e-01
5,489595e-03
-8,049794e-01
-1,177036e+00
-9,107349e-01
-1,523844e-01
6,856324e-01
1,149704e+00
9,901031e-01
2,954575e-01
-5,561442e-01
-1,103339e+00
-1,051339e+00
-4,306748e-01
4,203999e-01
1,040435e+00
1,095211e+00
5,574299e-01
-2,794461e-01
-9,611578e-01
-1,119877e+00
-6,720954e-01
1,372225e-01
8,684642e-01
1,126788e+00
7,746523e-01
5,270368e-03
-7,629702e-01
-1,114829e+00
-8,620369e-01
-1,441809e-01
6,480455e-01
1,086073e+00
9,347902e-01
2,788441e-01
-5,244406e-01
-1,040009e+00
-9,905543e-01
-4,056500e-01
3,957429e-01
9,791749e-01
1,030432e+00
5,243445e-01
-2,627356e-01
-9,036207e-01
-1,052704e+00
-6,317189e-01
1,289563e-01
8,161805e-01
1,058961e+00
7,280586e-01
4,976876e-03
-7,171866e-01
-1,048105e+00
-8,106082e-01
-1,356070e-01
6,096999e-01
1,022146e+00
8,800872e-01
2,626318e-01
-4,941653e-01
-9,804369e-01
-9,343016e-01
-3,828043e-01
3,737483e-01
9,252940e-01
9,743845e-01
4,961759e-01
-2,488218e-01
-8,564276e-01
-9,985505e-01
-5,997336e-01
1,225839e-01
7,764113e-01
1,008326e+00
6,939216e-01
4,727795e-03
-6,850867e-01
-1,002321e+00
-7,760763e-01
-1,299265e-01
5,852773e-01
9,823560e-01
8,468967e-01
2,530307e-01
-4,768474e-01
-9,473539e-01
-9,040203e-01
-3,708844e-01
3,627978e-01
8,993623e-01
9,484527e-01
4,836630e-01
-2,430087e-01
-8,376038e-01
-9,781144e-01
-5,883366e-01
1,205492e-01
7,643293e-01
9,942133e-01
6,852957e-01
4,585208e-03
-6,790013e-01
-9,949995e-01
-7,716625e-01
-1,293502e-01
5,840142e-01
9,818696e-01
8,478792e-01
2,536815e-01
-4,791674e-01
-9,534287e-01
-9,113040e-01
-3,744551e-01
3,670293e-01
9,112649e-01
9,625472e-01
4,916062e-01
-2,475467e-01
-8,543451e-01
-9,991978e-01
-6,019333e-01
1,236203e-01
7,845280e-01
1,022009e+00
7,054835e-01
4,651600e-03
-7,011631e-01
-1,028912e+00
-7,990423e-01
-1,340790e-01
6,064735e-01
1,020893e+00
8,826828e-01
2,643828e-01
-5,001223e-01
-9,962949e-01
-9,533611e-01
-3,921494e-01
3,848659e-01
9,564715e-01
1,011302e+00
5,169939e-01
-2,606077e-01
-9,002071e-01
-1,053750e+00
-6,353183e-01
1,305909e-01
8,293294e-01
1,081104e+00
7,467734e-01
4,925040e-03
-7,431407e-01
-1,091112e+00
-8,477646e-01
-1,423274e-01
6,440251e-01
1,084517e+00
9,380112e-01
2,810514e-01
-5,318130e-01
-1,059615e+00
-1,014151e+00
-4,172330e-01
4,094369e-01
1,017701e+00
1,076097e+00
5,501158e-01
-2,772840e-01
-9,577182e-01
-1,120937e+00
-6,757454e-01
1,388012e-01
8,815746e-01
1,148940e+00
7,934161e-01
5,283884e-03
-7,888725e-01
-1,157823e+00
-8,992375e-01
-1,509680e-01
6,823078e-01
1,148428e+00
9,927325e-01
2,973213e-01
-5,620026e-01
-1,119165e+00
-1,070435e+00
-4,401229e-01
4,313899e-01
1,071580e+00
1,132173e+00
5,783560e-01
-2,911256e-01
-1,004861e+00
-1,175080e+00
-7,077835e-01
1,451022e-01
9,213226e-01
1,199587e+00
8,275793e-01
5,586584e-03
-8,209254e-01
-1,203599e+00
-9,338065e-01
-1,566988e-01
7,066844e-01
1,188211e+00
1,025979e+00
3,069867e-01
-5,792665e-01
-1,152219e+00
-1,100740e+00
-4,521117e-01
4,422905e-01
1,097485e+00
1,158122e+00
5,909160e-01
-2,968733e-01
-1,023649e+00
-1,195543e+00
-7,192151e-01
1,470763e-01
9,333618e-01
1,213705e+00
8,362473e-01
5,798385e-03
-8,269750e-01
-1,210917e+00
-9,382582e-01
-1,573494e-01
7,078818e-01
1,188685e+00
1,025023e+00
3,063905e-01
-5,769135e-01
-1,146123e+00
-1,093479e+00
-4,485984e-01
4,380103e-01
1,085561e+00
1,144019e+00
5,829960e-01
-2,922838e-01
-1,006897e+00
-1,174470e+00
-7,056545e-01
1,439750e-01
9,131237e-01
1,185902e+00
8,161060e-01
5,755906e-03
-8,047849e-01
-1,177024e+00
-9,109071e-01
-1,526599e-01
6,853820e-01
1,149645e+00
9,902525e-01
2,957215e-01
-5,559005e-01
-1,103247e+00
-1,051432e+00
-4,309388e-01
4,201377e-01
1,040337e+00
1,095289e+00
5,576549e-01
-2,791388e-01
-9,609854e-01
-1,119929e+00
-6,723230e-01
1,369627e-01
8,683011e-01
1,126812e+00
7,748694e-01
5,563859e-03
-7,627595e-01
-1,114821e+00
-8,621930e-01
-1,444625e-01
6,478313e-01
1,086016e+00
9,349420e-01
2,791033e-01
-5,241739e-01
-1,039912e+00
-9,906647e-01
-4,058969e-01
3,955225e-01
9,790785e-01
1,030517e+00
5,245681e-01
-2,624522e-01
-9,034615e-01
-1,052753e+00
-6,319258e-01
1,287126e-01
8,160326e-01
1,058975e+00
7,282374e-01
5,244969e-03
-7,169851e-01
-1,048104e+00
-8,107535e-01
-1,358492e-01
6,094982e-01
1,022109e+00
8,802245e-01
2,628842e-01
-4,939521e-01
-9,803540e-01
-9,344142e-01
-3,830264e-01
3,735187e-01
9,251922e-01
9,744530e-01
4,963720e-01
-2,485930e-01
-8,563051e-01
-9,986034e-01
-5,999254e-01
1,223537e-01
7,762336e-01
1,008327e+00
6,941021e-01
4,957419e-03
-6,849361e-01
-1,002319e+00
-7,762272e-01
-1,301695e-01
5,850620e-01
9,823146e-01
8,470227e-01
2,532395e-01
-4,766274e-01
-9,472728e-01
-9,041222e-01
-3,711042e-01
3,625831e-01
8,992661e-01
9,485243e-01
4,838735e-01
-2,427861e-01
-8,374820e-01
-9,781601e-01
-5,885300e-01
1,203344e-01
7,641784e-01
9,942132e-01
6,854704e-01
4,821962e-03
-6,788104e-01
-9,949826e-01
-7,717999e-01
-1,295758e-01
5,838227e-01
9,818258e-01
8,479969e-01
2,539113e-01
-4,789479e-01
-9,533506e-01
-9,114015e-01
-3,746793e-01
3,667984e-01
9,111615e-01
9,626162e-01
4,918108e-01
-2,473144e-01
-8,542076e-01
-9,992321e-01
-6,021359e-01
1,233795e-01
7,843670e-01
1,022021e+00
7,056589e-01
4,899790e-03
-7,009801e-01
-1,028895e+00
-7,991915e-01
-1,343162e-01
6,062687e-01
1,020850e+00
8,828062e-01
2,646332e-01
-4,999202e-01
-9,962201e-01
-9,534776e-01
-3,923837e-01
3,846185e-01
9,563694e-01
1,011388e+00
5,172033e-01
-2,603500e-01
-9,000650e-01
-1,053778e+00
-6,355282e-01
1,303413e-01
8,291589e-01
1,081117e+00
7,469635e-01
5,193727e-03
-7,429341e-01
-1,091079e+00
-8,479198e-01
-1,425948e-01
6,438092e-01
1,084470e+00
9,381547e-01
2,813089e-01
-5,315511e-01
-1,059513e+00
-1,014251e+00
-4,174824e-01
4,091914e-01
1,017597e+00
1,076172e+00
5,503598e-01
-2,770018e-01
-9,575539e-01
-1,120974e+00
-6,759582e-01
1,385239e-01
8,814041e-01
1,148953e+00
7,936067e-01
5,544253e-03
-7,886907e-01
-1,157813e+00
-8,994132e-01
-1,512410e-01
6,820666e-01
1,148367e+00
9,928892e-01
2,975830e-01
-5,617711e-01
-1,119078e+00
-1,070555e+00
-4,403831e-01
4,311168e-01
1,071439e+00
1,132257e+00
5,786005e-01
-2,908469e-01
-1,004699e+00
-1,175135e+00
-7,080101e-01
1,448081e-01
9,211346e-01
1,199606e+00
8,277838e-01
5,878144e-03
-8,206955e-01
-1,203586e+00
-9,339864e-01
-1,569892e-01
7,064427e-01
1,188151e+00
1,026133e+00
3,072725e-01
-5,789938e-01
-1,152121e+00
-1,100856e+00
-4,523750e-01
4,420192e-01
1,097358e+00
1,158212e+00
5,911545e-01
-2,965794e-01
-1,023485e+00
-1,195585e+00
-7,194585e-01
1,467874e-01
9,331740e-01
1,213727e+00
8,364493e-01
6,066329e-03
-8,267738e-01
-1,210924e+00
-9,384261e-01
-1,576313e-01
7,076428e-01
1,188623e+00
1,025182e+00
3,066475e-01
-5,766416e-01
-1,146034e+00
-1,093585e+00
-4,488620e-01
4,377497e-01
1,085429e+00
1,144117e+00
5,832647e-01
-2,920049e-01
-1,006737e+00
-1,174511e+00
-7,058900e-01
1,436968e-01
9,129467e-01
1,185931e+00
8,162988e-01
6,051773e-03
-8,045612e-01
-1,177011e+00
-9,110766e-01
-1,529226e-01
6,851647e-01
1,149598e+00
9,903954e-01
2,959939e-01
-5,556431e-01
-1,103169e+00
-1,051558e+00
-4,311900e-01
4,198775e-01
1,040216e+00
1,095374e+00
5,578933e-01
-2,788784e-01
-9,608412e-01
-1,119964e+00
-6,725395e-01
1,366893e-01
8,681245e-01
1,126820e+00
7,750454e-01
5,834328e-03
-7,625569e-01
-1,114811e+00
-8,623675e-01
-1,447199e-01
6,476188e-01
1,085970e+00
9,350723e-01
2,793639e-01
-5,239637e-01
-1,039832e+00
-9,907745e-01
-4,061375e-01
3,952554e-01
9,789582e-01
1,030589e+00
5,247820e-01
-2,622020e-01
-9,033167e-01
-1,052785e+00
-6,321454e-01
1,284461e-01
8,158646e-01
1,058987e+00
7,284225e-01
5,503854e-03
-7,167835e-01
-1,048083e+00
-8,109148e-01
-1,361125e-01
6,093070e-01
1,022061e+00
8,803507e-01
2,631248e-01
-4,937059e-01
-9,802688e-01
-9,345012e-01
-3,832600e-01
3,732990e-01
9,250891e-01
9,745366e-01
4,965946e-01
-2,483403e-01
-8,561543e-01
-9,986349e-01
-6,001323e-01
1,221004e-01
7,761001e-01
1,008349e+00
6,942573e-01
5,202490e-03
-6,847285e-01
-1,002305e+00
-7,763605e-01
-1,303855e-01
5,848748e-01
9,822681e-01
8,471416e-01
2,534917e-01
-4,764526e-01
-9,472149e-01
-9,042220e-01
-3,713200e-01
3,623269e-01
8,991462e-01
9,485900e-01
4,840654e-01
-2,425669e-01
-8,373486e-01
-9,781996e-01
-5,887213e-01
1,200888e-01
7,640127e-01
9,942288e-01
6,856448e-01
5,074905e-03
-6,786241e-01
-9,949744e-01
-7,719541e-01
-1,298123e-01
5,836334e-01
9,817768e-01
8,481219e-01
2,541399e-01
-4,787055e-01
-9,532636e-01
-9,115062e-01
-3,748958e-01
3,665900e-01
9,110617e-01
9,626841e-01
4,920274e-01
-2,470609e-01
-8,540526e-01
-9,992792e-01
-6,023344e-01
1,231420e-01
7,842360e-01
1,022031e+00
7,058363e-01
5,162091e-03
-7,007759e-01
-1,028871e+00
-7,993452e-01
-1,345670e-01
6,060581e-01
1,020799e+00
8,829394e-01
2,648605e-01
-4,996665e-01
-9,961280e-01
-9,535587e-01
-3,926115e-01
3,843786e-01
9,562548e-01
1,011467e+00
5,174398e-01
-2,601210e-01
-8,999209e-01
-1,053832e+00
-6,357261e-01
1,300621e-01
8,290018e-01
1,081132e+00
7,471495e-01
5,451275e-03
-7,427270e-01
-1,091058e+00
-8,480939e-01
-1,428478e-01
6,435957e-01
1,084412e+00
9,382988e-01
2,815705e-01
-5,313038e-01
-1,059428e+00
-1,014361e+00
-4,177334e-01
4,089398e-01
1,017470e+00
1,076258e+00
5,505992e-01
-2,767383e-01
-9,573959e-01
-1,121013e+00
-6,761829e-01
1,382536e-01
8,812269e-01
1,148975e+00
7,938014e-01
5,827496e-03
-7,884706e-01
-1,157787e+00
-8,995838e-01
-1,515197e-01
6,818407e-01
1,148322e+00
9,930383e-01
2,978578e-01
-5,615098e-01
-1,118985e+00
-1,070673e+00
-4,406379e-01
4,308637e-01
1,071337e+00
1,132342e+00
5,788402e-01
-2,905643e-01
-1,004533e+00
-1,175190e+00
-7,082494e-01
1,445106e-01
9,209459e-01
1,199625e+00
8,279875e-01
6,177577e-03
-8,204586e-01
-1,203554e+00
-9,341684e-01
-1,572745e-01
7,062178e-01
1,188099e+00
1,026292e+00
3,075577e-01
-5,787309e-01
-1,152028e+00
-1,100976e+00
-4,526496e-01
4,417508e-01
1,097238e+00
1,158299e+00
5,914291e-01
-2,962924e-01
-1,023322e+00
-1,195634e+00
-7,196808e-01
1,465030e-01
9,329825e-01
1,213749e+00
8,366566e-01
6,374673e-03
-8,265411e-01
-1,210886e+00
-9,386141e-01
-1,579202e-01
7,074053e-01
1,188569e+00
1,025334e+00
3,069451e-01
-5,763987e-01
-1,145946e+00
-1,093703e+00
-4,491288e-01
4,374598e-01
1,085305e+00
1,144214e+00
5,835136e-01
-2,917316e-01
-1,006573e+00
-1,174573e+00
-7,061142e-01
1,434075e-01
9,127576e-01
1,185949e+00
8,164869e-01
6,326253e-03
-8,043437e-01
-1,176989e+00
-9,112490e-01
-1,532023e-01
6,849384e-01
1,149551e+00
9,905429e-01
2,962676e-01
-5,554025e-01
-1,103075e+00
-1,051663e+00
-4,314519e-01
4,196155e-01
1,040096e+00
1,095460e+00
5,581283e-01
-2,786234e-01
-9,606767e-01
-1,120016e+00
-6,727655e-01
1,364230e-01
8,679510e-01
1,126842e+00
7,752394e-01
6,106729e-03
-7,623512e-01
-1,114790e+00
-8,625394e-01
-1,449791e-01
6,474047e-01
1,085915e+00
9,352242e-01
2,796306e-01
-5,237284e-01
-1,039755e+00
-9,908799e-01
-4,063630e-01
3,950319e-01
9,788591e-01
1,030670e+00
5,250227e-01
-2,619599e-01
-9,031865e-01
-1,052837e+00
-6,323391e-01
1,281927e-01
8,156947e-01
1,059009e+00
7,286065e-01
5,750262e-03
-7,165943e-01
-1,048077e+00
-8,110724e-01
-1,363471e-01
6,091001e-01
1,022016e+00
8,804929e-01
2,633672e-01
-4,935009e-01
-9,801853e-01
-9,346101e-01
-3,834797e-01
3,730501e-01
9,249927e-01
9,746069e-01
4,968020e-01
-2,481013e-01
-8,560200e-01
-9,986894e-01
-6,003197e-01
1,218678e-01
7,759431e-01
1,008367e+00
6,944495e-01
5,453206e-03
-6,845534e-01
-1,002291e+00
-7,765286e-01
-1,306409e-01
5,846667e-01
9,822035e-01
8,472664e-01
2,537138e-01
-4,762195e-01
-9,471289e-01
-9,043209e-01
-3,715403e-01
3,621171e-01
8,990470e-01
9,486608e-01
4,842705e-01
-2,423380e-01
-8,372106e-01
-9,782476e-01
-5,889253e-01
1,198504e-01
7,638508e-01
9,942463e-01
6,858113e-01
5,317005e-03
-6,784374e-01
-9,949586e-01
-7,720956e-01
-1,300526e-01
5,834297e-01
9,817307e-01
8,482580e-01
2,543738e-01
-4,784984e-01
-9,531921e-01
-9,116111e-01
-3,751023e-01
3,663480e-01
9,109505e-01
9,627699e-01
4,922326e-01
-2,468307e-01
-8,539323e-01
-9,993325e-01
-6,025258e-01
1,228889e-01
7,840600e-01
1,022041e+00
7,060057e-01
5,400181e-03
-7,005963e-01
-1,028855e+00
-7,995074e-01
-1,348042e-01
6,058670e-01
1,020747e+00
8,830725e-01
2,651142e-01
-4,994689e-01
-9,960643e-01
-9,536797e-01
-3,928426e-01
3,841403e-01
9,561465e-01
1,011535e+00
5,176464e-01
-2,598766e-01
-8,997800e-01
-1,053877e+00
-6,359253e-01
1,298176e-01
8,288247e-01
1,081155e+00
7,473369e-01
5,706000e-03
-7,425444e-01
-1,091047e+00
-8,482529e-01
-1,430983e-01
6,433678e-01
1,084366e+00
9,384237e-01
2,818200e-01
-5,310839e-01
-1,059350e+00
-1,014472e+00
-4,179655e-01
4,086764e-01
1,017340e+00
1,076330e+00
5,508206e-01
-2,764905e-01
-9,572435e-01
-1,121072e+00
-6,763882e-01
1,379727e-01
8,810357e-01
1,148982e+00
7,939951e-01
6,102867e-03
-7,882595e-01
-1,157780e+00
-8,997678e-01
-1,517962e-01
6,816063e-01
1,148259e+00
9,931812e-01
2,981388e-01
-5,612579e-01
-1,118889e+00
-1,070791e+00
-4,409051e-01
4,305864e-01
1,071190e+00
1,132424e+00
5,790991e-01
-2,902874e-01
-1,004365e+00
-1,175237e+00
-7,084573e-01
1,442345e-01
9,207557e-01
1,199636e+00
8,281969e-01
6,463047e-03
-8,202536e-01
-1,203537e+00
-9,343436e-01
-1,575554e-01
7,059726e-01
1,188042e+00
1,026430e+00
3,078336e-01
-5,784744e-01
-1,151931e+00
-1,101093e+00
-4,529087e-01
4,414846e-01
1,097103e+00
1,158378e+00
5,916698e-01
-2,960028e-01
-1,023161e+00
-1,195692e+00
-7,199072e-01
