8.938050e-02
1.396640e-01
1.894509e-01
2.388219e-01
2.877893e-01
3.359622e-01
3.835080e-01
4.301475e-01
4.758683e-01
5.203661e-01
5.638210e-01
6.059163e-01
6.467763e-01
6.861775e-01
7.238529e-01
7.600570e-01
7.945913e-01
8.273314e-01
8.581533e-01
8.870695e-01
9.139556e-01
9.388677e-01
9.617063e-01
9.824343e-01
1.000847e+00
1.017105e+00
1.031060e+00
1.042675e+00
1.051962e+00
1.058958e+00
1.063558e+00
1.065756e+00
1.065588e+00
1.063074e+00
1.058133e+00
1.050870e+00
1.041198e+00
1.029279e+00
1.014994e+00
9.985375e-01
9.797712e-01
9.587638e-01
9.357203e-01
9.105786e-01
8.834255e-01
8.542610e-01
8.230604e-01
7.903078e-01
7.555501e-01
7.193398e-01
6.813354e-01
6.418846e-01
6.010121e-01
5.587243e-01
5.153191e-01
4.706599e-01
4.249578e-01
3.783617e-01
3.309773e-01
2.827237e-01
2.339052e-01
1.845839e-01
1.348653e-01
8.475566e-02
3.463355e-02
-1.566859e-02
-6.577829e-02
-1.159190e-01
-1.657804e-01
-2.152383e-01
-2.640195e-01
-3.123041e-01
-3.600362e-01
-4.068743e-01
-4.527130e-01
-4.976268e-01
-5.413610e-01
-5.839220e-01
-6.251358e-01
-6.650522e-01
-7.033981e-01
-7.401299e-01
-7.751669e-01
-8.086272e-01
-8.402313e-01
-8.698800e-01
-8.976849e-01
-9.234350e-01
-9.470186e-01
-9.686157e-01
-9.879407e-01
-1.005180e+00
-1.020029e+00
-1.032674e+00
-1.043054e+00
-1.051006e+00
-1.056630e+00
-1.059952e+00
-1.060895e+00
-1.059381e+00
-1.055612e+00
-1.049361e+00
-1.040894e+00
-1.030017e+00
-1.016857e+00
-1.001399e+00
-9.837690e-01
-9.638791e-01
-9.418661e-01
-9.177921e-01
-8.914894e-01
-8.634238e-01
-8.333406e-01
-8.014758e-01
-7.677299e-01
-7.322645e-01
-6.952782e-01
-6.566406e-01
-6.165504e-01
-5.751565e-01
-5.324590e-01
-4.884764e-01
-4.434696e-01
-3.974943e-01
-3.505940e-01
-3.029737e-01
-2.546643e-01
-2.057154e-01
-1.564686e-01
-1.067314e-01
-5.684520e-02
-6.803794e-03
4.316933e-02
9.318590e-02
1.429914e-01
1.923438e-01
2.411808e-01
2.896517e-01
3.373962e-01
3.844081e-01
4.305634e-01
4.757193e-01
5.198074e-01
5.627346e-01
6.044078e-01
6.446222e-01
6.835764e-01
7.209166e-01
7.565496e-01
7.906493e-01
8.229114e-01
8.533236e-01
8.817990e-01
9.084058e-01
9.329206e-01
9.553309e-01
9.755188e-01
9.937016e-01
1.009556e+00
1.023201e+00
1.034437e+00
1.043507e+00
1.050187e+00
1.054582e+00
1.056550e+00
1.056171e+00
1.053477e+00
1.048324e+00
1.040900e+00
1.031147e+00
1.019123e+00
1.004783e+00
9.881455e-01
9.694786e-01
9.484526e-01
9.254712e-01
9.003356e-01
8.731453e-01
8.440491e-01
8.132148e-01
7.803132e-01
7.459032e-01
7.096742e-01
6.719616e-01
6.326535e-01
5.920170e-01
5.499775e-01
5.067647e-01
4.625028e-01
4.171731e-01
3.708192e-01
3.237141e-01
2.759137e-01
2.275050e-01
1.785127e-01
1.291976e-01
7.952245e-02
2.970452e-02
-2.000787e-02
-6.985684e-02
-1.195382e-01
-1.688098e-01
-2.178269e-01
-2.662233e-01
-3.140733e-01
-3.611598e-01
-4.076503e-01
-4.530482e-01
-4.974281e-01
-5.406719e-01
-5.827921e-01
-6.235652e-01
-6.629478e-01
-7.008032e-01
-7.371004e-01
-7.717899e-01
-8.046542e-01
-8.358796e-01
-8.651123e-01
-8.924579e-01
-9.178169e-01
-9.411273e-01
-9.622961e-01
-9.812859e-01
-9.980595e-01
-1.012679e+00
-1.025020e+00
-1.035120e+00
-1.042787e+00
-1.048225e+00
-1.051248e+00
-1.051944e+00
-1.050311e+00
-1.046270e+00
-1.039975e+00
-1.031284e+00
-1.020215e+00
-1.007017e+00
-9.915040e-01
-9.738054e-01
-9.539093e-01
-9.318777e-01
-9.078037e-01
-8.817183e-01
-8.535968e-01
-8.235695e-01
-7.917605e-01
-7.582257e-01
-7.228783e-01
-6.861092e-01
-6.476082e-01
-6.077477e-01
-5.665214e-01
-5.240287e-01
-4.803565e-01
-4.357035e-01
-3.900014e-01
-3.433681e-01
-2.961326e-01
-2.481522e-01
-1.996380e-01
-1.506271e-01
-1.013927e-01
-5.179202e-02
-2.172744e-03
4.739066e-02
9.691061e-02
1.462009e-01
1.952739e-01
2.436764e-01
2.916506e-01
3.389730e-01
3.855007e-01
4.312401e-01
4.757317e-01
5.194970e-01
5.619710e-01
6.031538e-01
6.430082e-01
6.814409e-01
7.183652e-01
7.536630e-01
7.872163e-01
8.189819e-01
8.490464e-01
8.772176e-01
9.033402e-01
9.275073e-01
9.495203e-01
9.693916e-01
9.871461e-01
1.002672e+00
1.016006e+00
1.027137e+00
1.035797e+00
1.042247e+00
1.046325e+00
1.048132e+00
1.047592e+00
1.044662e+00
1.039354e+00
1.031774e+00
1.021972e+00
1.009681e+00
9.953777e-01
9.787779e-01
9.598192e-01
9.389608e-01
9.158366e-01
8.907569e-01
8.636349e-01
8.346380e-01
8.036795e-01
7.711504e-01
7.366659e-01
7.006790e-01
6.630409e-01
6.240370e-01
5.835309e-01
5.417273e-01
4.988435e-01
4.547120e-01
4.096927e-01
3.636615e-01
3.167737e-01
2.694017e-01
2.213157e-01
1.726463e-01
1.236788e-01
7.425820e-02
2.494311e-02
-2.450235e-02
-7.381123e-02
-1.231077e-01
-1.719448e-01
-2.204901e-01
-2.685574e-01
-3.159170e-01
-3.626497e-01
-4.085132e-01
-4.535511e-01
-4.974964e-01
-5.403367e-01
-5.820348e-01
-6.223547e-01
-6.612468e-01
-6.986615e-01
-7.346359e-01
-7.688411e-01
-8.014385e-01
-8.320742e-01
-8.610710e-01
-8.879448e-01
-9.129189e-01
-9.358134e-01
-9.566345e-01
-9.753450e-01
-9.918578e-01
-1.006167e+00
-1.018204e+00
-1.027944e+00
-1.035418e+00
-1.040565e+00
-1.043327e+00
-1.043848e+00
-1.041968e+00
-1.037827e+00
-1.031309e+00
-1.022475e+00
-1.011475e+00
-9.980346e-01
-9.825336e-01
-9.646613e-01
-9.447962e-01
-9.227397e-01
-8.986285e-01
-8.725555e-01
-8.444402e-01
-8.145246e-01
-7.828088e-01
-7.493175e-01
-7.142059e-01
-6.774245e-01
-6.392028e-01
-5.994726e-01
-5.584388e-01
-5.162254e-01
-4.727706e-01
-4.282107e-01
-3.828562e-01
-3.365395e-01
-2.895772e-01
-2.418885e-01
-1.936722e-01
-1.449655e-01
-9.611600e-02
-4.689403e-02
2.402435e-03
5.154991e-02
1.007657e-01
1.495966e-01
1.981977e-01
2.463954e-01
2.938109e-01
3.407919e-01
3.869161e-01
4.321402e-01
4.763401e-01
5.195963e-01
5.616420e-01
6.024524e-01
6.418597e-01
6.798704e-01
7.163600e-01
7.512171e-01
7.845159e-01
8.159090e-01
8.455080e-01
8.732694e-01
8.991003e-01
9.227708e-01
9.444982e-01
9.641398e-01
9.815218e-01
9.967869e-01
1.009755e+00
1.020519e+00
1.029080e+00
1.035207e+00
1.038982e+00
1.040589e+00
1.039764e+00
1.036765e+00
1.031309e+00
1.023605e+00
1.013567e+00
1.001244e+00
9.867177e-01
9.701055e-01
9.511158e-01
9.301457e-01
9.071456e-01
8.819170e-01
8.549377e-01
8.259843e-01
7.951313e-01
7.625091e-01
7.282605e-01
6.923047e-01
6.549148e-01
6.159172e-01
5.755972e-01
5.342034e-01
4.912823e-01
4.474736e-01
4.026157e-01
3.568950e-01
3.103424e-01
2.631256e-01
2.153314e-01
1.670282e-01
1.182345e-01
6.937883e-02
2.026860e-02
-2.874851e-02
-7.790220e-02
-1.267269e-01
-1.752722e-01
-2.233519e-01
-2.709661e-01
-3.180774e-01
-3.643134e-01
-4.098479e-01
-4.545381e-01
-4.980116e-01
-5.404422e-01
-5.817244e-01
-6.216532e-01
-6.602039e-01
-6.972958e-01
-7.327363e-01
-7.666125e-01
-7.988002e-01
-8.292062e-01
-8.576567e-01
-8.842697e-01
-9.088342e-01
-9.314866e-01
-9.520035e-01
-9.702173e-01
-9.864818e-01
-1.000443e+00
-1.012238e+00
-1.021730e+00
-1.028875e+00
-1.033798e+00
-1.036349e+00
-1.036703e+00
-1.034624e+00
-1.030228e+00
-1.023586e+00
-1.014709e+00
-1.003435e+00
-9.900389e-01
-9.743890e-01
-9.564980e-01
-9.365211e-01
-9.144523e-01
-8.902417e-01
-8.642060e-01
-8.362335e-01
-8.063055e-01
-7.746393e-01
-7.411417e-01
-7.061916e-01
-6.694970e-01
-6.313871e-01
-5.917500e-01
-5.509583e-01
-5.088629e-01
-4.656067e-01
-4.212889e-01
-3.760772e-01
-3.300647e-01
-2.832824e-01
-2.358980e-01
-1.879051e-01
-1.396951e-01
-9.086417e-02
-4.212641e-02
6.865872e-03
5.575883e-02
1.046083e-01
1.532095e-01
2.013141e-01
2.490027e-01
2.962816e-01
3.426852e-01
3.885488e-01
4.334066e-01
4.772650e-01
5.201302e-01
5.618220e-01
6.021544e-01
6.412824e-01
6.788957e-01
7.149633e-01
7.495472e-01
7.823494e-01
8.134196e-01
8.427144e-01
8.701034e-01
8.954004e-01
9.189654e-01
9.402955e-01
9.596391e-01
9.768100e-01
9.916406e-01
1.004478e+00
1.014951e+00
1.023145e+00
1.029123e+00
1.032693e+00
1.034090e+00
1.033041e+00
1.029825e+00
1.024194e+00
1.016286e+00
1.006142e+00
9.937823e-01
9.791628e-01
9.623333e-01
9.434491e-01
9.223362e-01
8.992927e-01
8.741447e-01
8.469792e-01
8.180259e-01
7.873032e-01
7.546003e-01
7.206248e-01
6.846442e-01
6.473599e-01
6.084926e-01
5.683341e-01
5.269836e-01
4.843171e-01
4.406512e-01
3.960603e-01
3.503954e-01
3.040973e-01
2.571474e-01
2.095581e-01
1.615218e-01
1.131689e-01
6.444360e-02
1.566238e-02
-3.306296e-02
-8.182555e-02
-1.303585e-01
-1.785499e-01
-2.263689e-01
-2.736665e-01
-3.203867e-01
-3.662937e-01
-4.115364e-01
-4.557921e-01
-4.989739e-01
-5.411313e-01
-5.819044e-01
-6.215291e-01
-6.597632e-01
-6.963708e-01
-7.315072e-01
-7.650854e-01
-7.968695e-01
-8.269093e-01
-8.550618e-01
-8.813024e-01
-9.056557e-01
-9.279046e-01
-9.480988e-01
-9.661201e-01
-9.819625e-01
-9.957191e-01
-1.007241e+00
-1.016447e+00
-1.023425e+00
-1.028105e+00
-1.030483e+00
-1.030508e+00
-1.028348e+00
-1.023772e+00
-1.016987e+00
-1.007831e+00
-9.965075e-01
-9.828937e-01
-9.671072e-01
-9.492348e-01
-9.291524e-01
-9.070525e-01
-8.829350e-01
-8.567504e-01
-8.286909e-01
-7.988374e-01
-7.671898e-01
-7.337979e-01
-6.988974e-01
-6.623270e-01
-6.242978e-01
-5.847414e-01
-5.440676e-01
-5.020343e-01
-4.590078e-01
-4.148949e-01
-3.697576e-01
-3.240493e-01
-2.774533e-01
-2.302054e-01
-1.825229e-01
-1.343439e-01
-8.600343e-02
-3.743328e-02
1.129206e-02
5.991188e-02
1.083392e-01
1.567232e-01
2.046415e-01
2.520011e-01
2.988455e-01
3.450691e-01
3.904670e-01
4.349958e-01
4.786183e-01
5.211110e-01
5.623870e-01
6.024524e-01
6.412203e-01
6.785295e-01
7.143301e-01
7.484794e-01
7.810457e-01
8.117497e-01
8.406783e-01
8.677569e-01
8.929235e-01
9.161097e-01
9.371171e-01
9.561193e-01
9.729487e-01
9.876241e-01
1.000058e+00
1.010314e+00
1.018309e+00
1.023983e+00
1.027398e+00
1.028540e+00
1.027367e+00
1.023872e+00
1.018080e+00
1.010078e+00
9.997790e-01
9.872516e-01
9.725142e-01
9.557096e-01
9.365708e-01
9.154952e-01
8.923213e-01
8.670616e-01
8.400327e-01
8.110731e-01
7.802387e-01
7.477407e-01
7.135541e-01
6.778342e-01
6.404692e-01
6.017571e-01
5.617289e-01
5.203971e-01
4.779541e-01
4.343440e-01
3.899331e-01
3.444421e-01
2.982495e-01
2.515541e-01
2.041076e-01
1.564252e-01
1.080537e-01
5.965735e-02
1.122378e-02
-3.737741e-02
-8.582961e-02
-1.341142e-01
-1.821132e-01
-2.295411e-01
-2.766090e-01
-3.229071e-01
-3.686837e-01
-4.135229e-01
-4.574806e-01
-5.003830e-01
-5.421680e-01
-5.825935e-01
-6.219822e-01
-6.598501e-01
-6.962094e-01
-7.309857e-01
-7.641915e-01
-7.957273e-01
-8.254008e-01
-8.533298e-01
-8.792972e-01
-9.032906e-01
-9.252663e-01
-9.451438e-01
-9.629852e-01
-9.786475e-01
-9.920441e-01
-1.003262e+00
-1.012288e+00
-1.019030e+00
-1.023431e+00
-1.025628e+00
-1.025442e+00
-1.023065e+00
-1.018347e+00
-1.011338e+00
-1.002064e+00
-9.905976e-01
-9.769342e-01
-9.610669e-01
-9.429649e-01
-9.228080e-01
-9.006398e-01
-8.763920e-01
-8.502446e-01
-8.221665e-01
-7.922881e-01
-7.605785e-01
-7.272486e-01
-6.922364e-01
-6.557467e-01
-6.177237e-01
-5.783411e-01
-5.377108e-01
-4.957147e-01
-4.528558e-01
-4.089043e-01
-3.639533e-01
-3.183505e-01
-2.718972e-01
-2.248356e-01
-1.773394e-01
-1.293528e-01
-8.125443e-02
-3.274636e-02
1.566859e-02
6.405871e-02
1.123309e-01
1.603423e-01
2.080496e-01
2.551485e-01
3.017818e-01
3.477260e-01
3.928446e-01
4.371251e-01
4.803503e-01
5.226319e-01
5.636223e-01
6.034456e-01
6.419156e-01
6.788585e-01
7.143859e-01
7.482435e-01
7.804125e-01
8.109675e-01
8.395484e-01
8.663291e-01
8.911791e-01
9.140612e-01
9.349133e-01
9.535617e-01
9.701614e-01
9.846443e-01
9.968179e-01
1.006738e+00
1.014579e+00
1.020048e+00
1.023270e+00
1.024145e+00
1.022810e+00
1.019054e+00
1.013132e+00
1.005043e+00
9.945458e-01
9.818632e-01
9.669582e-01
9.500046e-01
9.308161e-01
9.096474e-01
8.863866e-01
8.610586e-01
8.340731e-01
8.048901e-01
7.741985e-01
7.415390e-01
7.074270e-01
6.716512e-01
6.343855e-01
5.956672e-01
5.557197e-01
5.143817e-01
4.720132e-01
4.285521e-01
3.841723e-01
3.389171e-01
2.928735e-01
2.461844e-01
1.989799e-01
1.512665e-01
1.032426e-01
5.509459e-02
6.685845e-03
-4.165461e-02
-8.992058e-02
-1.378637e-01
-1.856703e-01
-2.330113e-01
-2.797191e-01
-3.258744e-01
-3.713779e-01
-4.159626e-01
-4.596658e-01
-5.022888e-01
-5.437945e-01
-5.840585e-01
-6.231245e-01
-6.606571e-01
-6.967619e-01
-7.313147e-01
-7.642722e-01
-7.954914e-01
-8.249228e-01
-8.524421e-01
-8.781985e-01
-9.019559e-01
-9.236647e-01
-9.433001e-01
-9.608186e-01
-9.762016e-01
-9.893995e-01
-1.000456e+00
-1.009196e+00
-1.015684e+00
-1.019899e+00
-1.021848e+00
-1.021556e+00
-1.018936e+00
-1.014051e+00
-1.006912e+00
-9.973642e-01
-9.858859e-01
-9.719244e-01
-9.559889e-01
-9.377565e-01
-9.174817e-01
-8.952514e-01
-8.709725e-01
-8.447258e-01
-8.165484e-01
-7.866763e-01
-7.549169e-01
-7.215560e-01
-6.865810e-01
-6.499920e-01
-6.120124e-01
-5.726361e-01
-5.320430e-01
-4.901773e-01
-4.473246e-01
-4.034104e-01
-3.585339e-01
-3.129187e-01
-2.667323e-01
-2.197141e-01
-1.722676e-01
-1.245045e-01
-7.652406e-02
-2.820843e-02
1.998925e-02
6.832350e-02
1.163722e-01
1.642284e-01
2.116005e-01
2.586062e-01
3.050161e-01
3.506934e-01
3.955947e-01
4.396828e-01
4.826721e-01
5.246743e-01
5.654847e-01
6.050038e-01
6.431944e-01
6.799635e-01
7.150812e-01
7.488084e-01
7.807105e-01
8.109427e-01
8.393870e-01
8.659380e-01
8.904962e-01
9.131052e-01
9.336221e-01
9.520780e-01
9.684605e-01
9.826143e-01
9.946265e-01
1.004410e+00
1.011915e+00
1.017204e+00
1.020209e+00
1.020954e+00
1.019278e+00
1.015429e+00
1.009333e+00
1.001021e+00
9.903617e-01
9.775239e-01
9.625258e-01
9.454418e-01
9.261727e-01
9.048177e-01
8.814576e-01
8.561358e-01
8.289144e-01
7.997376e-01
7.689901e-01
7.362189e-01
7.021006e-01
6.662131e-01
6.289661e-01
5.903967e-01
5.503872e-01
5.090864e-01
4.666683e-01
4.232258e-01
3.789080e-01
3.336839e-01
2.878328e-01
2.412615e-01
1.939950e-01
1.465113e-01
9.843774e-02
5.051941e-02
2.241031e-03
-4.595044e-02
-9.404259e-02
-1.420106e-01
-1.894633e-01
-2.366367e-01
-2.832265e-01
-3.292018e-01
-3.743887e-01
-4.188617e-01
-4.623228e-01
-5.046416e-01
-5.460107e-01
-5.861195e-01
-6.248627e-01
-6.622897e-01
-6.981338e-01
-7.324880e-01
-7.651537e-01
-7.961432e-01
-8.253573e-01
-8.527339e-01
-8.780991e-01
-9.017076e-01
-9.230812e-01
-9.425241e-01
-9.598564e-01
-9.749539e-01
-9.879531e-01
-9.986927e-01
-1.007322e+00
-1.013560e+00
-1.017620e+00
-1.019346e+00
-1.018794e+00
-1.016025e+00
-1.010866e+00
-1.003529e+00
-9.939561e-01
-9.821363e-01
-9.682370e-01
-9.519538e-01
-9.337462e-01
-9.133535e-01
-8.908438e-01
-8.665215e-01
-8.401630e-01
-8.118925e-01
-7.819211e-01
-7.501059e-01
-7.166580e-01
-6.815837e-01
-6.450009e-01
-6.070400e-01
-5.675891e-01
-5.269402e-01
-4.851242e-01
-4.423211e-01
-3.983820e-01
-3.536110e-01
-3.079958e-01
-2.617536e-01
-2.149030e-01
-1.676117e-01
-1.198175e-01
-7.192405e-02
-2.374499e-02
2.439061e-02
7.256346e-02
1.205563e-01
1.682077e-01
2.155052e-01
2.623061e-01
3.085235e-01
3.541139e-01
3.988476e-01
4.427246e-01
4.855401e-01
5.272940e-01
5.679740e-01
6.072510e-01
6.452678e-01
6.817762e-01
7.167573e-01
7.501990e-01
7.819521e-01
8.119608e-01
8.401134e-01
8.664781e-01
8.908438e-01
9.132169e-01
9.335289e-01
9.518110e-01
9.679142e-01
9.818570e-01
9.936209e-01
1.003169e+00
1.010463e+00
1.015566e+00
1.018365e+00
1.018800e+00
1.017149e+00
1.013002e+00
1.006726e+00
9.982209e-01
9.873882e-01
9.744386e-01
9.591922e-01
9.419654e-01
9.225287e-01
9.010309e-01
8.775963e-01
8.520634e-01
8.247862e-01
7.955535e-01
7.645888e-01
7.318796e-01
6.976434e-01
6.617931e-01
6.243847e-01
5.856477e-01
5.455947e-01
5.043871e-01
4.619751e-01
4.185202e-01
3.741714e-01
3.289411e-01
2.829906e-01
2.364691e-01
1.894323e-01
1.417312e-01
9.404259e-02
4.590078e-02
-2.135497e-03
-5.030214e-02
-9.827633e-02
-1.460767e-01
-1.935667e-01
-2.405725e-01
-2.870506e-01
-3.327899e-01
-3.779396e-01
-4.221829e-01
-4.654950e-01
-5.078200e-01
-5.489284e-01
-5.888199e-01
-6.274389e-01
-6.645618e-01
-7.002569e-01
-7.344807e-01
-7.669353e-01
-7.977076e-01
-8.266734e-01
-8.539010e-01
-8.791234e-01
-9.023345e-01
-9.236895e-01
-9.428469e-01
-9.599247e-01
-9.749104e-01
-9.876737e-01
-9.982767e-01
-1.006521e+00
-1.012598e+00
-1.016447e+00
-1.017894e+00
-1.017285e+00
-1.014237e+00
-1.008973e+00
-1.001468e+00
-9.916530e-01
-9.796594e-01
-9.654931e-01
-9.491479e-01
-9.307292e-01
-9.101813e-01
-8.876282e-01
-8.630327e-01
-8.365687e-01
-8.082423e-01
-7.780908e-01
-7.462570e-01
-7.126664e-01
-6.774617e-01
-6.408230e-01
-6.026883e-01
-5.633305e-01
-5.225637e-01
-4.807104e-01
-4.377211e-01
-3.938254e-01
-3.489800e-01
-3.034020e-01
-2.571971e-01
-2.102720e-01
-1.631172e-01
-1.153044e-01
-6.734266e-02
-1.933122e-02
2.877334e-02
7.677858e-02
1.247217e-01
1.723855e-01
2.196210e-01
2.663164e-01
3.124717e-01
3.579441e-01
4.024792e-01
4.462755e-01
4.889916e-01
5.306338e-01
5.710221e-01
6.102867e-01
6.479620e-01
6.845262e-01
7.193212e-01
7.525331e-01
7.840379e-01
8.138976e-01
8.418764e-01
8.679866e-01
8.921847e-01
9.144336e-01
9.345346e-01
9.525312e-01
9.685846e-01
9.822791e-01
9.937450e-01
1.003156e+00
1.010264e+00
1.015119e+00
1.017713e+00
1.018042e+00
1.016099e+00
1.011779e+00
1.005304e+00
9.965882e-01
9.855631e-01
9.724335e-01
9.571187e-01
9.395754e-01
9.200331e-01
8.983553e-01
8.747407e-01
8.491458e-01
8.216388e-01
7.922881e-01
7.611372e-01
7.283722e-01
6.939870e-01
6.580374e-01
6.205234e-01
5.817244e-01
5.415410e-01
5.001968e-01
4.577476e-01
4.142989e-01
3.697949e-01
3.245273e-01
2.786452e-01
2.320305e-01
1.849005e-01
1.373981e-01
8.956052e-02
4.152425e-02
-6.574104e-03
-5.468487e-02
-1.026715e-01
-1.503725e-01
-1.976763e-01
-2.447938e-01
-2.911043e-01
-3.370113e-01
-3.818691e-01
-4.260690e-01
-4.693128e-01
-5.113709e-01
-5.524730e-01
-5.921784e-01
-6.306546e-01
-6.676844e-01
-7.032615e-01
-7.372184e-01
-7.695923e-01
-8.002094e-01
-8.290075e-01
-8.560241e-01
-8.810851e-01
-9.041534e-01
-9.252353e-01
-9.442499e-01
-9.611538e-01
-9.759782e-01
-9.884746e-01
-9.989472e-01
-1.006993e+00
-1.012884e+00
-1.016491e+00
-1.017769e+00
-1.016987e+00
-1.013778e+00
-1.008271e+00
-1.000487e+00
-9.905418e-01
-9.783123e-01
-9.640094e-01
-9.474966e-01
-9.288358e-01
-9.081699e-01
-8.853933e-01
-8.606551e-01
-8.340359e-01
-8.055481e-01
-7.751669e-01
-7.432648e-01
-7.094445e-01
-6.742523e-01
-6.374087e-01
-5.991622e-01
-5.596493e-01
-5.188017e-01
-4.768243e-01
-4.338784e-01
-3.898524e-01
-3.449014e-01
-2.992366e-01
-2.529447e-01
-2.060569e-01
-1.586848e-01
-1.109714e-01
-6.306546e-02
-1.492365e-02
3.319333e-02
8.130410e-02
1.291603e-01
1.766876e-01
2.239355e-01
2.705998e-01
3.166868e-01
3.620785e-01
4.066136e-01
4.502796e-01
4.929150e-01
5.344765e-01
5.748337e-01
6.139058e-01
6.515998e-01
6.878847e-01
7.225989e-01
7.557488e-01
7.871294e-01
8.168091e-01
8.447320e-01
8.706559e-01
8.946368e-01
9.166622e-01
9.365832e-01
9.544742e-01
9.702607e-01
9.838187e-01
9.952225e-01
1.004311e+00
1.011220e+00
1.015839e+00
1.018198e+00
1.018378e+00
1.016236e+00
1.011773e+00
1.005049e+00
9.961040e-01
9.849671e-01
9.716389e-01
9.560448e-01
9.383835e-01
9.186612e-01
8.967661e-01
8.729094e-01
8.472400e-01
8.194288e-01
7.900099e-01
7.586851e-01
7.257525e-01
6.911748e-01
6.549645e-01
6.174753e-01
5.784901e-01
5.381453e-01
4.967701e-01
4.541595e-01
4.105121e-01
3.659709e-01
3.206102e-01
2.746225e-01
2.278898e-01
1.807227e-01
1.330651e-01
8.517158e-02
3.719738e-02
-1.106858e-02
-5.919797e-02
-1.071598e-01
-1.549167e-01
-2.022887e-01
-2.492386e-01
-2.955926e-01
-3.413630e-01
-3.863450e-01
-4.303896e-01
-4.735900e-01
-5.157226e-01
-5.565888e-01
-5.963438e-01
-6.346400e-01
-6.716822e-01
-7.071166e-01
-7.409679e-01
-7.731618e-01
-8.036299e-01
-8.323536e-01
-8.591776e-01
-8.841394e-01
-9.070898e-01
-9.280164e-01
-9.468820e-01
-9.634880e-01
-9.781447e-01
-9.905542e-01
-1.000723e+00
-1.008811e+00
-1.014411e+00
-1.017925e+00
-1.018905e+00
-1.017751e+00
-1.014386e+00
-1.008675e+00
-1.000822e+00
-9.906225e-01
-9.782502e-01
-9.636246e-01
-9.470062e-01
-9.281281e-01
-9.072263e-01
-8.843132e-01
-8.593452e-01
-8.324653e-01
-8.038161e-01
-7.733356e-01
-7.410859e-01
-7.072221e-01
-6.717443e-01
-6.347704e-01
-5.964245e-01
-5.566137e-01
-5.157288e-01
-4.735527e-01
-4.303958e-01
-3.861339e-01
-3.411147e-01
-2.954063e-01
-2.489717e-01
-2.019100e-01
-1.544883e-01
-1.065886e-01
-5.868893e-02
-1.050988e-02
3.773747e-02
8.579857e-02
1.337107e-01
1.813000e-01
2.285603e-01
2.752743e-01
3.213613e-01
3.666972e-01
4.112695e-01
4.548485e-01
4.975336e-01
5.390827e-01
5.792785e-01
6.183320e-01
6.560633e-01
6.921308e-01
7.268637e-01
7.598336e-01
7.910900e-01
8.207697e-01
8.483884e-01
8.742937e-01
8.980636e-01
9.199648e-01
9.398485e-01
9.574788e-01
9.730853e-01
9.865625e-01
9.977429e-01
1.006676e+00
1.013399e+00
1.017850e+00
1.020060e+00
1.020023e+00
1.017645e+00
1.012952e+00
1.006068e+00
9.968738e-01
9.855320e-01
9.719927e-01
9.561379e-01
9.383152e-01
9.182701e-01
8.962943e-01
8.722576e-01
8.461970e-01
8.183114e-01
7.886504e-01
7.571021e-01
7.239957e-01
6.891138e-01
6.528290e-01
6.150543e-01
5.758580e-01
5.354884e-01
4.937903e-01
4.510679e-01
4.072406e-01
3.625565e-01
3.170034e-01
2.708357e-01
2.240162e-01
1.767186e-01
1.289679e-01
8.094404e-02
3.277119e-02
-1.547615e-02
-6.367383e-02
-1.117349e-01
-1.595912e-01
-2.070377e-01
-2.539566e-01
-3.003912e-01
-3.462175e-01
-3.911933e-01
-4.354242e-01
-4.784694e-01
-5.205709e-01
-5.614620e-01
-6.011363e-01
-6.394883e-01
-6.763505e-01
-7.117787e-01
-7.455307e-01
-7.776563e-01
-8.080499e-01
-8.366866e-01
-8.634797e-01
-8.881993e-01
-9.110069e-01
-9.318280e-01
-9.505508e-01
-9.671506e-01
-9.816273e-01
-9.938133e-01
-1.003796e+00
-1.011562e+00
-1.017062e+00
-1.020339e+00
-1.021215e+00
-1.019905e+00
-1.016298e+00
-1.010394e+00
-1.002237e+00
-9.918268e-01
-9.792249e-01
-9.645185e-01
-9.474842e-01
-9.284447e-01
-9.072822e-01
-8.841828e-01
-8.588610e-01
-8.319190e-01
-8.029656e-01
-7.722679e-01
-7.398443e-01
-7.057633e-01
-6.700061e-01
-6.328460e-01
-5.942270e-01
-5.543043e-01
-5.131712e-01
-4.708337e-01
-4.274595e-01
-3.830238e-01
-3.378866e-01
-2.919361e-01
-2.452842e-01
-1.981791e-01
-1.505091e-01
-1.025784e-01
-5.441794e-02
-6.127139e-03
4.231265e-02
9.044204e-02
1.385094e-01
1.861856e-01
2.334707e-01
2.802654e-01
3.263400e-01
3.718993e-01
4.163661e-01
4.601004e-01
5.026861e-01
5.442228e-01
5.846110e-01
6.235466e-01
6.611910e-01
6.972709e-01
7.319355e-01
7.647936e-01
7.961122e-01
8.255684e-01
8.532864e-01
8.789124e-01
9.026511e-01
9.244034e-01
9.441319e-01
9.616815e-01
9.770956e-01
9.903617e-01
1.001461e+00
1.010233e+00
1.016813e+00
1.021041e+00
1.023058e+00
1.022742e+00
1.020135e+00
1.015330e+00
1.008178e+00
9.988354e-01
9.871895e-01
9.733833e-01
9.574478e-01
9.392588e-01
9.191019e-01
8.966854e-01
8.725245e-01
8.461784e-01
8.181314e-01
7.880979e-01
7.563820e-01
7.230086e-01
6.879405e-01
6.514012e-01
6.133906e-01
5.739211e-01
5.333343e-01
4.914003e-01
4.484793e-01
4.044533e-01
3.594650e-01
3.138250e-01
2.673593e-01
2.203411e-01
1.729380e-01
1.249080e-01
7.677237e-02
2.843191e-02
-1.992096e-02
-6.827384e-02
-1.165274e-01
-1.644333e-01
-2.119916e-01
-2.591774e-01
-3.055810e-01
-3.514880e-01
-3.965631e-01
-4.407629e-01
-4.840440e-01
-5.260463e-01
-5.670490e-01
-6.067047e-01
-6.449823e-01
-6.819003e-01
-7.173347e-01
-7.510867e-01
-7.831688e-01
-8.135376e-01
-8.420192e-01
-8.686508e-01
-8.934139e-01
-9.160477e-01
-9.367819e-01
-9.553557e-01
-9.718251e-01
-9.861404e-01
-9.981650e-01
-1.008004e+00
-1.015628e+00
-1.020923e+00
-1.023971e+00
-1.024654e+00
-1.023207e+00
-1.019408e+00
-1.013294e+00
-1.004838e+00
-9.942230e-01
-9.814287e-01
-9.663498e-01
-9.491293e-01
-9.298974e-01
-9.084182e-01
-8.850023e-01
-8.595749e-01
-8.323101e-01
-8.029905e-01
-7.720630e-01
-7.393353e-01
-7.049687e-01
-6.690997e-01
-6.315733e-01
-5.927247e-01
-5.525786e-01
-5.111971e-01
-4.686113e-01
-4.249391e-01
-3.804041e-01
-3.349503e-01
-2.887639e-01
-2.418885e-01
-1.945537e-01
-1.466540e-01
-9.854948e-02
-5.014073e-02
-1.694741e-03
4.679471e-02
9.511033e-02
1.433391e-01
1.912512e-01
2.386791e-01
2.855607e-01
3.318774e-01
3.773809e-01
4.220339e-01
4.658240e-01
5.084967e-01
5.500644e-01
5.904650e-01
6.294813e-01
6.671381e-01
7.032863e-01
7.378516e-01
7.707221e-01
8.020407e-01
8.314720e-01
8.589790e-01
8.846794e-01
9.083934e-01
9.300526e-01
9.495886e-01
9.670575e-01
9.823412e-01
9.954708e-01
1.006347e+00
1.014883e+00
1.021351e+00
1.025424e+00
1.027249e+00
1.026721e+00
1.023853e+00
1.018837e+00
1.011456e+00
1.001908e+00
9.899644e-01
9.759968e-01
9.597633e-01
9.412825e-01
9.208587e-01
8.982870e-01
8.737350e-01
8.472213e-01
8.187335e-01
7.885200e-01
7.564689e-01
7.228410e-01
6.874936e-01
6.506128e-01
6.123539e-01
5.726361e-01
5.316706e-01
4.895876e-01
4.462755e-01
4.020136e-01
3.569074e-01
3.108701e-01
2.642802e-01
2.170758e-01
1.691326e-01
1.210715e-01
7.258829e-02
2.411746e-02
-2.455201e-02
-7.308491e-02
-1.213881e-01
-1.696231e-01
-2.172620e-01
-2.644851e-01
-3.112549e-01
-3.571681e-01
-4.023861e-01
-4.467100e-01
-4.900159e-01
-5.322231e-01
-5.731948e-01
-6.129747e-01
-6.513391e-01
-6.883254e-01
-7.236667e-01
-7.574497e-01
-7.895257e-01
-8.197889e-01
-8.483636e-01
-8.748773e-01
-8.995783e-01
-9.222369e-01
-9.427414e-01
-9.612780e-01
-9.776605e-01
-9.917337e-01
-1.003709e+00
-1.013300e+00
-1.020824e+00
-1.025976e+00
-1.028832e+00
-1.029378e+00
-1.027572e+00
-1.023462e+00
-1.017173e+00
-1.008582e+00
-9.977615e-01
-9.846505e-01
-9.693606e-01
-9.518731e-01
-9.322563e-01
-9.106096e-01
-8.868770e-01
-8.611331e-01
-8.334834e-01
-8.041203e-01
-7.727893e-01
-7.398008e-01
-7.050183e-01
-6.688142e-01
-6.310953e-01
-5.918990e-01
-5.514798e-01
-5.096700e-01
-4.668731e-01
-4.229588e-01
-3.780265e-01
-3.323057e-01
-2.858587e-01
-2.387163e-01
-1.911146e-01
-1.429852e-01
-9.461992e-02
-4.591940e-02
2.750074e-03
5.149404e-02
1.001263e-01
1.485412e-01
1.964844e-01
2.441854e-01
2.912036e-01
3.377376e-01
3.833839e-01
4.282603e-01
4.721063e-01
5.148721e-01
5.565578e-01
5.969708e-01
6.360678e-01
6.738425e-01
7.099660e-01
7.446119e-01
7.775818e-01
8.087203e-01
8.381641e-01
8.657828e-01
8.913343e-01
9.149613e-01
9.365087e-01
9.560510e-01
9.733895e-01
9.885490e-01
1.001530e+00
1.012356e+00
1.020793e+00
1.026994e+00
1.030924e+00
1.032488e+00
1.031836e+00
1.028832e+00
1.023518e+00
1.016000e+00
1.005987e+00
9.939375e-01
9.795539e-01
9.630534e-01
9.444175e-01
9.235716e-01
9.007764e-01
8.758395e-01
8.490278e-01
8.202979e-01
7.898236e-01
7.573939e-01
7.234432e-01
6.877357e-01
6.506128e-01
6.119442e-01
5.719098e-01
5.306959e-01
4.881474e-01
4.446056e-01
4.000333e-01
3.545795e-01
3.082752e-01
2.613005e-01
2.137918e-01
1.657369e-01
1.172227e-01
6.858423e-02
1.979681e-02
-2.907132e-02
-7.792082e-02
-1.265282e-01
-1.748563e-01
-2.228925e-01
-2.703329e-01
-3.171462e-01
-3.633449e-01
-4.086622e-01
-4.531600e-01
-4.966335e-01
-5.389648e-01
-5.800731e-01
-6.199461e-01
-6.583229e-01
-6.953279e-01
-7.308367e-01
-7.645826e-01
-7.967578e-01
-8.270707e-01
-8.554529e-01
-8.821218e-01
-9.067111e-01
-9.293511e-01
-9.498866e-01
-9.682059e-01
-9.844643e-01
-9.984568e-01
-1.010276e+00
-1.019774e+00
-1.027075e+00
-1.032085e+00
-1.034711e+00
-1.035040e+00
-1.033140e+00
-1.028838e+00
-1.022239e+00
-1.013467e+00
-1.002275e+00
-9.888905e-01
-9.733150e-01
-9.555668e-01
-9.356272e-01
-9.136576e-01
-8.896830e-01
-8.635790e-01
-8.357058e-01
-8.058461e-01
-7.742854e-01
-7.408189e-01
-7.058812e-01
-6.692922e-01
-6.310891e-01
-5.916383e-01
-5.507969e-01
-5.087947e-01
-4.655508e-01
-4.212393e-01
-3.760027e-01
-3.299219e-01
-2.831645e-01
-2.357179e-01
-1.878307e-01
-1.392977e-01
-9.065931e-02
-4.177256e-02
7.281798e-03
5.637341e-02
1.051670e-01
1.538862e-01
2.021087e-01
2.500270e-01
2.973121e-01
3.439703e-01
3.898524e-01
4.348096e-01
4.788605e-01
5.218560e-01
5.636844e-01
6.042775e-01
6.433931e-01
6.812175e-01
7.175209e-01
7.521420e-01
7.851615e-01
8.164180e-01
8.458122e-01
8.734308e-01
8.989823e-01
9.225597e-01
9.440885e-01
9.634694e-01
9.807706e-01
9.958805e-01
1.008737e+00
1.019346e+00
1.027603e+00
1.033730e+00
1.037498e+00
1.038851e+00
1.037945e+00
1.034673e+00
1.029198e+00
1.021246e+00
1.011226e+00
9.987734e-01
9.842160e-01
9.673182e-01
9.483533e-01
9.273459e-01
9.041348e-01
8.788875e-01
8.517655e-01
8.226755e-01
7.917356e-01
7.590948e-01
7.247406e-01
6.887041e-01
6.511529e-01
6.121490e-01
5.717298e-01
5.301807e-01
4.872597e-01
4.433206e-01
3.983696e-01
3.525309e-01
3.058479e-01
2.586187e-01
2.107872e-01
1.622295e-01
1.135414e-01
6.453672e-02
1.538303e-02
-3.378307e-02
-8.289330e-02
-1.317863e-01
-1.804930e-01
-2.287465e-01
-2.763110e-01
-3.235092e-01
-3.699439e-01
-4.154536e-01
-4.601314e-01
-5.038098e-01
-5.462714e-01
-5.875349e-01
-6.275382e-01
-6.661262e-01
-7.031560e-01
-7.386586e-01
-7.725907e-01
-8.047783e-01
-8.351347e-01
-8.636597e-01
-8.902479e-01
-9.147937e-01
-9.373654e-01
-9.577954e-01
-9.761954e-01
-9.923048e-01
-1.006235e+00
-1.017862e+00
-1.027261e+00
-1.034406e+00
-1.039162e+00
-1.041688e+00
-1.041850e+00
-1.039658e+00
-1.035139e+00
-1.028329e+00
-1.019098e+00
-1.007806e+00
-9.940678e-01
-9.782502e-01
-9.601792e-01
-9.399541e-01
-9.176927e-01
-8.932339e-01
-8.669250e-01
-8.385614e-01
-8.083851e-01
-7.763899e-01
-7.427372e-01
-7.072345e-01
-6.703537e-01
-6.317968e-01
-5.919239e-01
-5.506479e-01
-5.082484e-01
-4.645824e-01
-4.199294e-01
-3.743887e-01
-3.279478e-01
-2.807124e-01
-2.329492e-01
-1.846833e-01
-1.357779e-01
-8.682287e-02
-3.753882e-02
1.188181e-02
6.109757e-02
1.104499e-01
1.594174e-01
2.079999e-01
2.560734e-01
3.037186e-01
3.505878e-01
3.966624e-01
4.419238e-01
4.861795e-01
5.293364e-01
5.713635e-01
6.120993e-01
6.515129e-01
6.893249e-01
7.257525e-01
7.605723e-01
7.936290e-01
8.248979e-01
8.544100e-01
8.819790e-01
9.074995e-01
9.310148e-01
9.526305e-01
9.719741e-01
9.892133e-01
1.004118e+00
1.016875e+00
1.027311e+00
1.035549e+00
1.041347e+00
1.044935e+00
1.046251e+00
1.045084e+00
1.041552e+00
1.035834e+00
1.027752e+00
1.017273e+00
1.004696e+00
9.895795e-01
9.726570e-01
9.532575e-01
9.317721e-01
9.083686e-01
8.827612e-01
8.552294e-01
8.257670e-01
7.945292e-01
7.614166e-01
7.266464e-01
6.902437e-01
6.523262e-01
6.127884e-01
5.720588e-01
5.300069e-01
4.867692e-01
4.423956e-01
3.970473e-01
3.507989e-01
3.037931e-01
2.561604e-01
2.077702e-01
1.590821e-01
1.097484e-01
6.043954e-02
1.102513e-02
-3.850724e-02
-8.802719e-02
-1.372740e-01
-1.863035e-01
-2.347123e-01
-2.828417e-01
-3.301640e-01
-3.768470e-01
-4.227105e-01
-4.675187e-01
-5.114144e-01
-5.542174e-01
-5.955492e-01
-6.357885e-01
-6.744882e-01
-7.117724e-01
-7.473310e-01
-7.813499e-01
-8.136121e-01
-8.440119e-01
-8.726673e-01
-8.991872e-01
-9.237888e-01
-9.462861e-01
-9.667595e-01
-9.849361e-01
-1.001045e+00
-1.014926e+00
-1.026423e+00
-1.035735e+00
-1.042650e+00
-1.047288e+00
-1.049560e+00
-1.049498e+00
-1.047083e+00
-1.042328e+00
-1.035244e+00
-1.025895e+00
-1.014225e+00
-1.000195e+00
-9.840856e-01
-9.655676e-01
-9.451004e-01
-9.224045e-01
-8.976787e-01
-8.710098e-01
-8.421930e-01
-8.116628e-01
-7.792517e-01
-7.450589e-01
-7.093266e-01
-6.718809e-01
-6.330198e-01
-5.926874e-01
-5.510018e-01
-5.081490e-01
-4.640610e-01
-4.189113e-01
-3.728802e-01
-3.261227e-01
-2.785272e-01
-2.302550e-01
-1.815359e-01
-1.323636e-01
-8.292434e-02
-3.323057e-02
1.650665e-02
6.613213e-02
1.157266e-01
1.650479e-01
2.140215e-01
2.625296e-01
3.103796e-01
3.575903e-01
4.039753e-01
4.495098e-01
4.939331e-01
5.372887e-01
5.796385e-01
6.205048e-01
6.601046e-01
6.982021e-01
7.346545e-01
7.695861e-01
8.027608e-01
8.341228e-01
8.636535e-01
8.912411e-01
9.168919e-01
9.404197e-01
9.618553e-01
9.812797e-01
9.984381e-01
1.013356e+00
1.025989e+00
1.036325e+00
1.044358e+00
1.050137e+00
1.053483e+00
1.054402e+00
1.053117e+00
1.049349e+00
1.043346e+00
1.035046e+00
1.024319e+00
1.011357e+00
9.960357e-01
9.786662e-01
9.589376e-01
9.371233e-01
9.132355e-01
8.873612e-01
8.593328e-01
8.295786e-01
7.978069e-01
7.644025e-01
7.291606e-01
6.922798e-01
6.539837e-01
6.140548e-01
5.728596e-01
5.303421e-01
4.865892e-01
4.417934e-01
3.960541e-01
3.493587e-01
3.018749e-01
2.536834e-01
2.049829e-01
1.557361e-01
1.061541e-01
5.641686e-02
6.474778e-03
-4.351076e-02
-9.327281e-02
-1.429852e-01
-1.922817e-01
-2.411250e-01
-2.894468e-01
-3.372037e-01
-3.842343e-01
-4.303772e-01
-4.755393e-01
-5.195901e-01
-5.625794e-01
-6.042278e-01
-6.446409e-01
-6.835888e-01
-7.209290e-01
-7.567483e-01
-7.907610e-01
-8.231784e-01
-8.536775e-01
-8.823143e-01
-9.089397e-01
-9.335414e-01
-9.561007e-01
-9.764872e-01
-9.946700e-01
-1.010630e+00
-1.024356e+00
-1.035902e+00
-1.045059e+00
-1.051857e+00
-1.056301e+00
-1.058406e+00
-1.058120e+00
-1.055476e+00
-1.050466e+00
-1.043128e+00
-1.033394e+00
-1.021438e+00
-1.007079e+00
-9.906100e-01
-9.718810e-01
-9.509295e-01
-9.278736e-01
-9.027939e-01
-8.755477e-01
-8.464888e-01
-8.155117e-01
-7.826784e-01
-7.480821e-01
-7.118966e-01
-6.740164e-01
-6.346711e-01
-5.938731e-01
-5.517343e-01
-5.082980e-01
-4.639182e-01
-4.182843e-01
-3.717442e-01
-3.244839e-01
-2.764290e-01
-2.276912e-01
-1.785189e-01
-1.289431e-01
-7.902582e-02
-2.893475e-02
2.121840e-02
7.132810e-02
1.214192e-01
1.710198e-01
2.203225e-01
2.692030e-01
3.174628e-01
3.648783e-01
4.116978e-01
4.574372e-01
5.022578e-01
5.459113e-01
5.883854e-01
6.295868e-01
6.693108e-01
7.075325e-01
7.442705e-01
7.793386e-01
8.126747e-01
8.440988e-01
8.737102e-01
9.013413e-01
9.270418e-01
9.506316e-01
9.719989e-01
9.913860e-01
1.008569e+00
1.023288e+00
1.035859e+00
1.046052e+00
1.054023e+00
1.059554e+00
1.062671e+00
1.063527e+00
1.061938e+00
1.058040e+00
1.051701e+00
1.043104e+00
1.032085e+00
1.018738e+00
1.003218e+00
9.853334e-01
9.653690e-01
9.431883e-01
9.188722e-01
8.924392e-01
8.642122e-01
8.338745e-01
8.017116e-01
7.678168e-01
7.321900e-01
6.948437e-01
6.559453e-01
6.156316e-01
5.739335e-01
5.309380e-01
4.867755e-01
4.415265e-01
3.952098e-01
3.480116e-01
3.000808e-01
2.514610e-01
2.022390e-01
1.525701e-01
1.024108e-01
5.226381e-02
1.899599e-03
-4.850186e-02
-9.866122e-02
-1.488144e-01
-1.984895e-01
-2.477611e-01
-2.964244e-01
-3.445414e-01
-3.918514e-01
-4.383419e-01
-4.838453e-01
-5.281818e-01
-5.714877e-01
-6.134278e-01
-6.540023e-01
-6.931613e-01
-7.307684e-01
-7.667367e-01
-8.008922e-01
-8.333468e-01
-8.640508e-01
-8.927062e-01
-9.193937e-01
-9.440885e-01
-9.665733e-01
-9.869723e-01
-1.005099e+00
-1.021084e+00
-1.034698e+00
-1.046096e+00
-1.055103e+00
-1.061746e+00
-1.066017e+00
-1.067947e+00
-1.067457e+00
-1.064601e+00
-1.059368e+00
-1.051677e+00
-1.041651e+00
-1.029384e+00
-1.014783e+00
-9.978546e-01
-9.788276e-01
-9.574664e-01
-9.340566e-01
-9.084927e-01
-8.808244e-01
-8.513744e-01
-8.199255e-01
-7.865893e-01
-7.515771e-01
-7.147895e-01
-6.765616e-01
-6.366203e-01
-5.953506e-01
-5.527648e-01
-5.088940e-01
-4.638996e-01
-4.178498e-01
-3.707881e-01
-3.229443e-01
-2.744921e-01
-2.252143e-01
-1.755826e-01
-1.254356e-01
-7.513971e-02
-2.459547e-02
2.611018e-02
7.666063e-02
1.270497e-01
1.771904e-01
2.269587e-01
2.760999e-01
3.247260e-01
3.726505e-01
4.196873e-01
4.658054e-01
5.109115e-01
5.548568e-01
5.976661e-01
6.390165e-01
6.791689e-01
7.175333e-01
7.544265e-01
7.896312e-01
8.230480e-01
8.546025e-01
8.843877e-01
9.121802e-01
9.378372e-01
9.613835e-01
9.829806e-01
1.002262e+00
1.019222e+00
1.033978e+00
1.046456e+00
1.056599e+00
1.064334e+00
1.069741e+00
1.072703e+00
1.073354e+00
1.071498e+00
1.067302e+00
1.060759e+00
1.051763e+00
1.040509e+00
1.026901e+00
1.010897e+00
9.927642e-01
9.723652e-01
9.497562e-01
9.251111e-01
8.982374e-01
8.694454e-01
8.388470e-01
8.061316e-01
7.718209e-01
7.355671e-01
6.978234e-01
6.584719e-01
6.176181e-01
5.754048e-01
5.319251e-01
4.872038e-01
4.412782e-01
3.945083e-01
3.468445e-01
2.983613e-01
2.492014e-01
1.995697e-01
1.493358e-01
9.875434e-02
4.810456e-02
-2.781113e-03
-5.364196e-02
-1.043290e-01
-1.548360e-01
-2.049457e-01
-2.546519e-01
-3.037559e-01
-3.522267e-01
-3.999712e-01
-4.466790e-01
-4.925736e-01
-5.372390e-01
-5.807560e-01
-6.230686e-01
-6.638665e-01
-7.032553e-01
-7.410548e-01
-7.771472e-01
-8.115200e-01
-8.441360e-01
-8.748090e-01
-9.037003e-01
-9.304685e-01
-9.551695e-01
-9.777226e-01
-9.980719e-01
-1.016298e+00
-1.032085e+00
-1.045810e+00
-1.057034e+00
-1.065812e+00
-1.072361e+00
-1.076483e+00
-1.078134e+00
-1.077420e+00
-1.074310e+00
-1.068841e+00
-1.060877e+00
-1.050615e+00
-1.037932e+00
-1.022972e+00
-1.005763e+00
-9.862211e-01
-9.644999e-01
-9.406245e-01
-9.147006e-01
-8.866970e-01
-8.566200e-01
-8.247614e-01
-7.909473e-01
-7.554136e-01
-7.182348e-01
-6.793303e-01
-6.390662e-01
-5.971571e-01
-5.540622e-01
-5.097134e-01
-4.641665e-01
-4.175456e-01
-3.700184e-01
-3.216469e-01
-2.725056e-01
-2.229174e-01
-1.726152e-01
-1.220462e-01
-7.111703e-02
-2.007616e-02
3.101437e-02
8.203041e-02
1.329844e-01
1.835907e-01
2.336631e-01
2.833072e-01
3.323244e-01
3.806152e-01
4.280803e-01
4.745770e-01
5.199812e-01
5.642928e-01
6.073752e-01
6.489739e-01
6.893125e-01
7.279315e-01
7.650233e-01
8.004887e-01
8.340669e-01
8.658262e-01
8.956301e-01
9.234722e-01
9.492472e-01
9.728184e-01
9.943223e-01
1.013567e+00
1.030595e+00
1.045289e+00
1.057711e+00
1.067774e+00
1.075304e+00
1.080537e+00
1.083411e+00
1.083697e+00
1.081685e+00
1.077247e+00
1.070294e+00
1.061100e+00
1.049522e+00
1.035549e+00
1.019290e+00
1.000642e+00
9.799450e-01
9.568828e-01
9.317908e-01
9.044576e-01
8.752746e-01
8.440615e-01
8.109303e-01
7.760546e-01
7.393539e-01
7.010888e-01
6.611972e-01
6.197847e-01
5.770995e-01
5.330301e-01
4.878060e-01
4.413899e-01
3.941296e-01
3.457457e-01
2.968155e-01
2.470907e-01
1.968382e-01
1.461078e-01
9.511654e-02
4.374045e-02
-7.436994e-03
-5.882550e-02
-1.100154e-01
-1.609693e-01
-2.116253e-01
-2.616605e-01
-3.113232e-01
-3.601169e-01
-4.082214e-01
-4.554817e-01
-5.016060e-01
-5.466439e-01
-5.905147e-01
-6.330011e-01
-6.741033e-01
-7.137714e-01
-7.518937e-01
-7.881661e-01
-8.227500e-01
-8.554964e-01
-8.863742e-01
-9.152593e-01
-9.421268e-01
-9.668526e-01
-9.895361e-01
-1.009817e+00
-1.027919e+00
-1.043842e+00
-1.057320e+00
-1.068456e+00
-1.077160e+00
-1.083523e+00
-1.087428e+00
-1.088936e+00
-1.088005e+00
-1.084609e+00
-1.078855e+00
-1.070604e+00
-1.060063e+00
-1.047039e+00
-1.031718e+00
-1.014045e+00
-9.941361e-01
-9.721293e-01
-9.477139e-01
-9.214175e-01
-8.928800e-01
-8.622753e-01
-8.299573e-01
-7.956714e-01
-7.596597e-01
-7.218912e-01
-6.825087e-01
-6.415866e-01
-5.992988e-01
-5.555521e-01
-5.105949e-01
-4.645203e-01
-4.173470e-01
-3.692300e-01
-3.203184e-01
-2.707550e-01
-2.204342e-01
-1.696851e-01
-1.185574e-01
-6.708814e-02
-1.558168e-02
3.601169e-02
8.758643e-02
1.389625e-01
1.900158e-01
2.407463e-01
2.907194e-01
3.402269e-01
3.889275e-01
4.367837e-01
4.835908e-01
5.294668e-01
5.739956e-01
6.173077e-01
6.594279e-01
6.998410e-01
7.388262e-01
7.760919e-01
8.117063e-01
8.456011e-01
8.775094e-01
9.074188e-01
9.352671e-01
9.611166e-01
9.848305e-01
1.006272e+00
1.025554e+00
1.042563e+00
1.057146e+00
1.069437e+00
1.079320e+00
1.086832e+00
1.091860e+00
1.094480e+00
1.094653e+00
1.092344e+00
1.087651e+00
1.080456e+00
1.070915e+00
1.058983e+00
1.044631e+00
1.028037e+00
1.009060e+00
9.877420e-01
9.644005e-01
9.387994e-01
9.110317e-01
8.813955e-01
8.496548e-01
8.160393e-01
7.806422e-01
7.435318e-01
7.045962e-01
6.641769e-01
6.222181e-01
5.789557e-01
5.343710e-01
4.884454e-01
4.415513e-01
3.936144e-01
3.448145e-01
2.952449e-01
2.449366e-01
1.941689e-01
1.429666e-01
9.125527e-02
3.959361e-02
-1.230394e-02
-6.415804e-02
-1.158818e-01
-1.673944e-01
-2.184415e-01
-2.689858e-01
-3.190520e-01
-3.683236e-01
-4.168503e-01
-4.644272e-01
-5.109674e-01
-5.563591e-01
-6.005466e-01
-6.433993e-01
-6.847311e-01
-7.246227e-01
-7.629437e-01
-7.995513e-01
-8.343028e-01
-8.672106e-01
-8.982187e-01
-9.272032e-01
-9.541638e-01
-9.789828e-01
-1.001635e+00
-1.022059e+00
-1.040093e+00
-1.055854e+00
-1.069301e+00
-1.080289e+00
-1.088886e+00
-1.095094e+00
-1.098838e+00
-1.100116e+00
-1.098980e+00
-1.095355e+00
-1.089240e+00
-1.080717e+00
-1.069841e+00
-1.056556e+00
-1.040732e+00
-1.022829e+00
-1.002461e+00
-9.799388e-01
-9.551198e-01
-9.282771e-01
-8.994044e-01
-8.683901e-01
-8.354575e-01
-8.006563e-01
-7.640363e-01
-7.257898e-01
-6.858361e-01
-6.443925e-01
-6.014901e-01
-5.571103e-01
-5.116627e-01
-4.649983e-01
-4.172104e-01
-3.685719e-01
-3.190830e-01
-2.688740e-01
-2.180877e-01
-1.666867e-01
-1.149692e-01
-6.302821e-02
-1.091959e-02
4.120765e-02
9.323557e-02
1.451517e-01
1.966830e-01
2.478419e-01
2.983613e-01
3.483033e-01
3.974074e-01
4.456982e-01
4.928964e-01
5.390517e-01
5.840399e-01
6.277121e-01
6.699937e-01
7.107916e-01
7.499631e-01
7.876261e-01
8.233460e-01
8.573277e-01
8.894222e-01
9.194868e-01
9.474221e-01
9.733833e-01
9.971345e-01
1.018638e+00
1.037765e+00
1.054781e+00
1.069357e+00
1.081592e+00
1.091376e+00
1.098658e+00
1.103568e+00
1.105995e+00
1.105952e+00
1.103413e+00
1.098366e+00
1.090966e+00
1.081096e+00
1.068748e+00
1.054067e+00
1.037057e+00
1.017707e+00
9.959426e-01
9.721976e-01
9.460253e-01
9.179473e-01
8.876282e-01
8.555150e-01
8.213284e-01
7.854285e-01
7.476476e-01
7.082961e-01
6.672684e-01
6.248254e-01
5.808677e-01
5.357243e-01
4.892772e-01
4.417065e-01
3.932667e-01
3.438585e-01
2.937178e-01
2.428694e-01
1.914684e-01
1.396081e-01
8.749331e-02
3.513017e-02
-1.724538e-02
-6.972647e-02
-1.218785e-01
-1.738754e-01
-2.254750e-01
-2.764538e-01
-3.270167e-01
-3.766980e-01
-4.256717e-01
-4.736024e-01
-5.205337e-01
-5.663600e-01
-6.108454e-01
-6.540147e-01
-6.957252e-01
-7.358961e-01
-7.743413e-01
-8.110917e-01
-8.461598e-01
-8.792724e-01
-9.104234e-01
-9.396002e-01
-9.665298e-01
-9.914171e-01
-1.014057e+00
-1.034431e+00
-1.052583e+00
-1.068258e+00
-1.081636e+00
-1.092592e+00
-1.101060e+00
-1.107100e+00
-1.110614e+00
-1.111737e+00
-1.110316e+00
-1.106436e+00
-1.099961e+00
-1.091096e+00
-1.079978e+00
-1.066228e+00
-1.050249e+00
-1.031749e+00
-1.011059e+00
-9.880090e-01
-9.627803e-01
-9.354348e-01
-9.059599e-01
-8.745048e-01
-8.410259e-01
-8.057778e-01
-7.686052e-01
-7.297690e-01
-6.892876e-01
-6.471612e-01
-6.037188e-01
-5.588795e-01
-5.128422e-01
-4.654639e-01
-4.171173e-01
-3.679201e-01
-3.178911e-01
-2.670179e-01
-2.155673e-01
-1.637629e-01
-1.113376e-01
-5.888758e-02
-6.220257e-03
4.647811e-02
9.907715e-02
1.515644e-01
2.035489e-01
2.551112e-01
3.062142e-01
3.565536e-01
4.060859e-01
4.547554e-01
5.024440e-01
5.489780e-01
5.942456e-01
6.383151e-01
6.808760e-01
7.219968e-01
7.614290e-01
7.992409e-01
8.352650e-01
8.694144e-01
9.016144e-01
9.318466e-01
9.599371e-01
9.859293e-01
1.009693e+00
1.031234e+00
1.050503e+00
1.067382e+00
1.081859e+00
1.093989e+00
1.103667e+00
1.110875e+00
1.115580e+00
1.117734e+00
1.117467e+00
1.114649e+00
1.109410e+00
1.101637e+00
1.091500e+00
1.078730e+00
1.063776e+00
1.046239e+00
1.026454e+00
1.004429e+00
9.800443e-01
9.535989e-01
9.249000e-01
8.941340e-01
8.614062e-01
8.268100e-01
7.901961e-01
7.519372e-01
7.120021e-01
6.703910e-01
6.273955e-01
5.828728e-01
5.370838e-01
4.900656e-01
4.419114e-01
3.927887e-01
3.428653e-01
2.920665e-01
2.406656e-01
1.886315e-01
1.362869e-01
8.347684e-02
3.071019e-02
-2.234202e-02
-7.522041e-02
-1.279933e-01
-1.805054e-01
-2.325147e-01
-2.841391e-01
-3.350496e-01
-3.853517e-01
-4.346668e-01
-4.830383e-01
-5.303855e-01
-5.765160e-01
-6.213925e-01
-6.648225e-01
-7.067875e-01
-7.472813e-01
-7.860865e-01
-8.230915e-01
-8.582403e-01
-8.915453e-01
-9.228018e-01
-9.520407e-01
-9.792125e-01
-1.004143e+00
-1.026839e+00
-1.047226e+00
-1.065303e+00
-1.080959e+00
-1.094194e+00
-1.105021e+00
-1.113345e+00
-1.119218e+00
-1.122651e+00
-1.123458e+00
-1.121831e+00
-1.117610e+00
-1.110961e+00
-1.101755e+00
-1.090227e+00
-1.076104e+00
-1.059697e+00
-1.040831e+00
-1.019681e+00
-9.962033e-01
-9.704966e-01
-9.427166e-01
-9.127451e-01
-8.807375e-01
-8.468427e-01
-8.108868e-01
-7.732052e-01
-7.337855e-01
-6.927144e-01
-6.501100e-01
-6.060343e-01
-5.605432e-01
-5.139099e-01
-4.659295e-01
-4.170676e-01
-3.671193e-01
-3.164882e-01
-2.651431e-01
-2.130966e-01
-1.605348e-01
-1.077433e-01
-5.462279e-02
-1.384349e-03
5.181064e-02
1.050056e-01
1.579337e-01
2.104644e-01
2.626041e-01
3.140112e-01
3.649900e-01
4.149383e-01
4.639740e-01
5.120848e-01
5.590161e-01
6.047058e-01
6.490546e-01
6.919508e-01
7.333757e-01
7.730749e-01
8.110669e-01
8.473269e-01
8.816997e-01
9.140487e-01
9.443306e-01
9.725142e-01
9.986616e-01
1.022543e+00
1.043991e+00
1.063229e+00
1.080096e+00
1.094548e+00
1.106492e+00
1.116039e+00
1.123141e+00
1.127592e+00
1.129597e+00
1.129101e+00
1.126059e+00
1.120534e+00
1.112445e+00
1.101855e+00
1.088942e+00
1.073336e+00
1.055643e+00
1.035325e+00
1.012884e+00
9.881145e-01
9.610980e-01
9.319273e-01
9.006398e-01
8.673782e-01
8.322232e-01
7.950941e-01
7.562206e-01
7.157579e-01
6.735259e-01
6.299345e-01
5.848283e-01
5.384371e-01
4.908292e-01
4.420790e-01
3.924473e-01
3.417789e-01
2.904463e-01
2.384183e-01
1.858441e-01
1.328788e-01
7.949141e-02
2.605431e-02
-2.742624e-02
-8.088817e-02
-1.342570e-01
-1.873216e-01
-2.398337e-01
-2.919051e-01
-3.433309e-01
-3.939682e-01
-4.437551e-01
-4.925115e-01
-5.403119e-01
-5.867341e-01
-6.320203e-01
-6.757856e-01
-7.181417e-01
-7.587968e-01
-7.978069e-01
-8.351471e-01
-8.704759e-01
-9.039734e-01
-9.353975e-01
-9.646551e-01
-9.919447e-01
-1.016875e+00
-1.039602e+00
-1.060014e+00
-1.078072e+00
-1.093642e+00
-1.106852e+00
-1.117505e+00
-1.125761e+00
-1.131305e+00
-1.134688e+00
-1.135253e+00
-1.133272e+00
-1.128834e+00
-1.121912e+00
-1.112402e+00
-1.100445e+00
-1.086006e+00
-1.069220e+00
-1.049839e+00
-1.028379e+00
-1.004447e+00
-9.783247e-01
-9.499425e-01
-9.195241e-01
-8.869081e-01
-8.524483e-01
-8.159711e-01
-7.777866e-01
-7.377461e-01
-6.961535e-01
-6.529469e-01
-6.082132e-01
-5.621449e-01
-5.148101e-01
-4.663517e-01
-4.168379e-01
-3.663930e-01
-3.150728e-01
-2.630883e-01
-2.104831e-01
-1.573564e-01
-1.040062e-01
-5.017177e-02
3.550885e-03
5.727354e-02
1.109900e-01
1.644209e-01
2.175600e-01
2.701590e-01
3.220628e-01
3.734575e-01
4.238776e-01
4.734596e-01
5.218560e-01
5.691721e-01
6.152902e-01
6.598501e-01
7.031187e-01
7.448851e-01
7.847518e-01
8.230604e-01
8.595004e-01
8.939912e-01
9.265575e-01
9.570008e-01
9.853148e-01
1.011437e+00
1.035275e+00
1.056829e+00
1.076142e+00
1.092816e+00
1.107168e+00
1.119119e+00
1.128517e+00
1.135433e+00
1.139741e+00
1.141516e+00
1.140772e+00
1.137457e+00
1.131553e+00
1.123203e+00
1.112296e+00
1.098980e+00
1.083107e+00
1.064812e+00
1.044252e+00
1.021233e+00
9.960047e-01
9.683984e-01
9.388863e-01
9.070960e-01
8.732260e-01
8.375992e-01
7.998307e-01
7.605537e-01
7.193708e-01
6.766423e-01
6.323804e-01
5.866596e-01
5.397097e-01
4.914686e-01
4.421535e-01
3.918389e-01
3.405932e-01
2.886770e-01
2.360780e-01
1.828954e-01
1.293528e-01
7.536319e-02
2.130531e-02
-3.269670e-02
-8.683528e-02
-1.404897e-01
-1.941068e-01
-2.472273e-01
-2.997208e-01
-3.516245e-01
-4.027399e-01
-4.529862e-01
-5.022081e-01
-5.503313e-01
-5.971571e-01
-6.427847e-01
-6.868418e-01
-7.293965e-01
-7.704365e-01
-8.097198e-01
-8.471468e-01
-8.827798e-01
-9.163581e-01
-9.479622e-01
-9.773998e-01
-1.004640e+00
-1.029695e+00
-1.052397e+00
-1.072765e+00
-1.090792e+00
-1.106268e+00
-1.119485e+00
-1.130088e+00
-1.138065e+00
-1.143596e+00
-1.146520e+00
-1.146979e+00
-1.144782e+00
-1.140064e+00
-1.132788e+00
-1.122974e+00
-1.110639e+00
-1.095777e+00
-1.078575e+00
-1.058859e+00
-1.036809e+00
-1.012499e+00
-9.859045e-01
-9.570256e-01
-9.261106e-01
-8.929855e-01
-8.580044e-01
-8.209435e-01
-7.822066e-01
-7.415887e-01
-6.994623e-01
-6.555915e-01
-6.103363e-01
-5.636534e-01
-5.157164e-01
-4.666496e-01
-4.166020e-01
-3.655239e-01
-3.135084e-01
-2.609776e-01
-2.078199e-01
-1.540848e-01
-1.000518e-01
-4.580145e-02
8.548197e-03
6.291647e-02
1.171606e-01
1.711564e-01
2.246804e-01
2.777885e-01
3.302261e-01
3.819685e-01
4.328541e-01
4.828707e-01
5.316892e-01
5.793344e-01
6.257566e-01
6.708504e-01
7.142928e-01
7.562454e-01
7.965219e-01
8.349608e-01
8.716554e-01
9.063324e-01
9.389981e-01
9.694537e-01
9.979601e-01
1.024163e+00
1.048014e+00
1.069592e+00
1.088744e+00
1.105579e+00
1.119913e+00
1.131509e+00
1.140871e+00
1.147532e+00
1.151735e+00
1.153293e+00
1.152268e+00
1.148637e+00
1.142510e+00
1.133819e+00
1.122539e+00
1.108838e+00
1.092630e+00
1.073919e+00
1.052881e+00
1.029527e+00
1.003727e+00
9.757236e-01
9.455970e-01
9.133224e-01
8.789931e-01
8.426213e-01
8.044928e-01
7.645453e-01
7.228410e-01
6.795289e-01
6.346400e-01
5.883730e-01
5.407713e-01
4.919590e-01
4.420231e-01
3.911685e-01
3.393641e-01
2.866967e-01
2.335762e-01
1.798101e-01
1.255970e-01
7.119152e-02
1.661218e-02
-3.809131e-02
-9.265203e-02
-1.469520e-01
-2.010099e-01
-2.546146e-01
-3.075923e-01
-3.599803e-01
-4.114557e-01
-4.622296e-01
-5.117558e-01
-5.602577e-01
-6.075738e-01
-6.535056e-01
-6.979476e-01
-7.408500e-01
-7.819459e-01
-8.214650e-01
-8.591280e-01
-8.949410e-01
-9.287055e-01
-9.602910e-01
-9.899768e-01
-1.017273e+00
-1.042284e+00
-1.065061e+00
-1.085373e+00
-1.103388e+00
-1.118833e+00
-1.131944e+00
-1.142361e+00
-1.150176e+00
-1.155608e+00
-1.158315e+00
-1.158365e+00
-1.156080e+00
-1.151008e+00
-1.143428e+00
-1.133254e+00
-1.120633e+00
-1.105405e+00
-1.087701e+00
-1.067680e+00
-1.045220e+00
-1.020321e+00
-9.932732e-01
-9.638853e-01
-9.324177e-01
-8.989016e-01
-8.632872e-01
-8.257050e-01
-7.864093e-01
-7.452079e-01
-7.024172e-01
-6.580125e-01
-6.122670e-01
-5.649198e-01
-5.163744e-01
-4.667427e-01
-4.159750e-01
-3.642947e-01
-3.118261e-01
-2.586932e-01
-2.048401e-01
-1.506519e-01
-9.608497e-02
-4.125731e-02
1.368208e-02
6.860285e-02
1.233374e-01
1.778050e-01
2.318691e-01
2.854179e-01
3.383336e-01
3.905787e-01
4.419238e-01
4.922259e-01
5.414417e-01
5.895711e-01
6.362292e-01
6.816085e-01
7.253924e-01
7.675747e-01
8.081181e-01
8.467495e-01
8.836676e-01
9.184936e-01
9.512958e-01
9.819439e-01
1.010500e+00
1.036722e+00
1.060585e+00
1.082089e+00
1.101333e+00
1.117951e+00
1.132161e+00
1.143869e+00
1.152914e+00
1.159457e+00
1.163424e+00
1.164777e+00
1.163542e+00
1.159705e+00
1.153237e+00
1.144180e+00
1.132614e+00
1.118467e+00
1.101867e+00
1.082734e+00
1.061274e+00
1.037399e+00
1.011189e+00
9.827199e-01
9.520221e-01
9.192385e-01
8.844808e-01
8.474634e-01
8.089127e-01
7.682762e-01
7.260381e-01
6.821114e-01
6.367010e-01
5.898194e-01
5.416404e-01
4.922446e-01
4.417376e-01
3.902311e-01
3.378245e-01
2.846730e-01
2.308572e-01
1.765945e-01
1.218165e-01
6.683983e-02
1.170178e-02
-4.353559e-02
-9.856810e-02
-1.534144e-01
-2.080248e-01
-2.620454e-01
-3.155508e-01
-3.682926e-01
-4.203267e-01
-4.713676e-01
-5.213842e-01
-5.701840e-01
-6.178106e-01
-6.640962e-01
-7.087120e-01
-7.519186e-01
-7.933683e-01
-8.330923e-01
-8.709477e-01
-9.068228e-01
-9.407797e-01
-9.725825e-01
-1.002163e+00
-1.029595e+00
-1.054687e+00
-1.077489e+00
-1.097757e+00
-1.115810e+00
-1.131168e+00
-1.143981e+00
-1.154305e+00
-1.162071e+00
-1.167192e+00
-1.169706e+00
-1.169644e+00
-1.166913e+00
-1.161686e+00
-1.153758e+00
-1.143248e+00
-1.130169e+00
-1.114562e+00
-1.096609e+00
-1.076098e+00
-1.053210e+00
-1.027888e+00
-1.000269e+00
-9.704718e-01
-9.384269e-01
-9.043707e-01
-8.682473e-01
-8.301374e-01
-7.902644e-01
-7.484980e-01
-7.051921e-01
-6.601667e-01
-6.138189e-01
-5.659316e-01
-5.168897e-01
-4.666248e-01
-4.152922e-01
-3.629911e-01
-3.100072e-01
-2.562535e-01
-2.019535e-01
-1.469831e-01
-9.193813e-02
-3.655177e-02
1.888425e-02
7.430165e-02
1.295887e-01
1.844970e-01
2.390702e-01
2.931901e-01
3.464720e-01
3.990959e-01
4.508321e-01
5.015315e-01
5.512066e-01
5.995347e-01
6.466460e-01
6.922550e-01
7.363741e-01
7.787302e-01
8.195219e-01
8.584389e-01
8.953507e-01
9.304002e-01
9.632148e-01
9.940244e-01
1.022587e+00
1.048852e+00
1.072876e+00
1.094374e+00
1.113389e+00
1.130057e+00
1.144167e+00
1.155664e+00
1.164678e+00
1.171035e+00
1.174784e+00
1.175908e+00
1.174387e+00
1.170209e+00
1.163461e+00
1.154044e+00
1.142181e+00
1.127692e+00
1.110676e+00
1.091165e+00
1.069170e+00
1.044879e+00
1.018278e+00
9.892319e-01
9.581803e-01
9.248690e-01
8.894160e-01
8.521752e-01
8.127554e-01
7.717899e-01
7.288564e-01
6.844828e-01
6.384578e-01
5.910113e-01
5.422301e-01
4.922508e-01
4.411851e-01
3.890516e-01
3.360677e-01
2.824195e-01
2.280761e-01
1.732298e-01
1.178310e-01
6.237639e-02
6.642390e-03
-4.905436e-02
-1.046704e-01
-1.600630e-01
-2.149900e-01
-2.694141e-01
-3.234534e-01
-3.767477e-01
-4.290115e-01
-4.805366e-01
-5.308884e-01
-5.800607e-01
-6.279852e-01
-6.744447e-01
-7.194764e-01
-7.628071e-01
-8.045610e-01
-8.445147e-01
-8.825564e-01
-9.185743e-01
-9.525808e-01
-9.845512e-01
-1.014181e+00
-1.041645e+00
-1.066886e+00
-1.089489e+00
-1.109776e+00
-1.127630e+00
-1.142938e+00
-1.155739e+00
-1.165882e+00
-1.173481e+00
-1.178391e+00
-1.180688e+00
-1.180390e+00
-1.177398e+00
-1.171767e+00
-1.163585e+00
-1.152771e+00
-1.139424e+00
-1.123383e+00
-1.105014e+00
-1.083964e+00
-1.060666e+00
-1.034984e+00
-1.006875e+00
-9.766424e-01
-9.440326e-01
-9.095977e-01
-8.728225e-01
-8.342035e-01
-7.938153e-01
-7.515275e-01
-7.076442e-01
-6.621221e-01
-6.151226e-01
-5.667200e-01
-5.169890e-01
-4.661592e-01
-4.142927e-01
-3.614826e-01
-3.078903e-01
-2.535717e-01
-1.987006e-01
-1.433080e-01
-8.761747e-02
-3.173448e-02
2.422920e-02
8.007494e-02
1.358338e-01
1.913505e-01
2.463768e-01
3.006954e-01
3.545919e-01
4.076069e-01
4.596348e-01
5.107750e-01
5.608164e-01
6.094362e-01
6.568579e-01
7.027525e-01
7.470392e-01
7.896995e-01
8.307333e-01
8.697993e-01
9.068414e-01
9.419406e-01
9.750160e-01
1.005757e+00
1.034388e+00
1.060690e+00
1.084628e+00
1.106163e+00
1.125153e+00
1.141740e+00
1.155701e+00
1.167105e+00
1.175895e+00
1.182116e+00
1.185580e+00
1.186461e+00
1.184642e+00
1.180241e+00
1.173158e+00
1.163511e+00
1.151145e+00
1.136358e+00
1.118951e+00
1.099067e+00
1.076719e+00
1.051925e+00
1.024853e+00
9.953777e-01
9.637115e-01
9.299781e-01
8.940657e-01
8.562289e-01
8.163870e-01
7.747758e-01
7.314016e-01
6.863575e-01
6.397863e-01
5.918370e-01
5.425219e-01
4.919776e-01
4.403656e-01
3.877045e-01
3.341929e-01
2.799798e-01
2.251087e-01
1.696044e-01
1.138084e-01
5.773913e-02
1.533337e-03
-5.461659e-02
-1.107975e-01
-1.665440e-01
-2.219117e-01
-2.769566e-01
-3.311945e-01
-3.848862e-01
-4.376590e-01
-4.894821e-01
-5.401567e-01
-5.896828e-01
-6.378495e-01
-6.846442e-01
-7.299800e-01
-7.734784e-01
-8.154868e-01
-8.555523e-01
-8.936622e-01
-9.299594e-01
-9.640529e-01
-9.960481e-01
-1.025827e+00
-1.053315e+00
-1.078364e+00
-1.101097e+00
-1.121360e+00
-1.139133e+00
-1.154249e+00
-1.166875e+00
-1.176920e+00
-1.184307e+00
-1.189056e+00
-1.191130e+00
-1.190540e+00
-1.187281e+00
-1.181420e+00
-1.172878e+00
-1.161673e+00
-1.147898e+00
-1.131646e+00
-1.112737e+00
-1.091419e+00
-1.067637e+00
-1.041421e+00
-1.012834e+00
-9.822357e-01
-9.491975e-01
-9.141108e-01
-8.769569e-01
-8.377544e-01
-7.967578e-01
-7.540665e-01
-7.095500e-01
-6.635127e-01
-6.159172e-01
-5.670242e-01
-5.168835e-01
-4.654515e-01
-4.130449e-01
-3.596823e-01
-3.055313e-01
-2.507161e-01
-1.952987e-01
-1.394219e-01
-8.327198e-02
-2.684891e-02
2.958657e-02
8.594135e-02
1.421658e-01
1.980922e-01
2.535220e-01
3.083373e-01
3.626124e-01
4.159254e-01
4.684313e-01
5.198384e-01
5.700723e-01
6.191266e-01
6.666911e-01
7.128712e-01
7.574373e-01
8.002528e-01
8.414356e-01
8.806257e-01
9.178852e-01
9.530961e-01
9.862335e-01
1.017124e+00
1.045705e+00
1.072026e+00
1.095920e+00
1.117374e+00
1.136302e+00
1.152759e+00
1.166621e+00
1.177950e+00
1.186517e+00
1.192557e+00
1.195717e+00
1.196443e+00
1.194413e+00
1.189696e+00
1.182290e+00
1.172251e+00
1.159643e+00
1.144391e+00
1.126649e+00
1.106330e+00
1.083535e+00
1.058288e+00
1.030812e+00
1.000853e+00
9.687274e-01
9.345098e-01
8.980760e-01
8.597115e-01
8.193854e-01
7.772714e-01
7.333695e-01
6.879157e-01
6.407672e-01
5.922901e-01
5.423418e-01
4.913693e-01
4.391365e-01
3.860222e-01
3.319829e-01
2.771863e-01
2.218062e-01
1.658921e-01
1.094753e-01
5.306463e-02
-3.668834e-03
-6.029676e-02
-1.168005e-01
-1.729318e-01
-2.289390e-01
-2.842198e-01
-3.390040e-01
-3.929191e-01
-4.460644e-01
-4.982041e-01
-5.492325e-01
-5.990008e-01
-6.475151e-01
-6.944650e-01
-7.399747e-01
-7.839200e-01
-8.258788e-01
-8.660808e-01
-9.044080e-01
-9.407611e-01
-9.750097e-01
-1.007017e+00
-1.036741e+00
-1.064347e+00
-1.089414e+00
-1.112004e+00
-1.132223e+00
-1.149891e+00
-1.164995e+00
-1.177441e+00
-1.187256e+00
-1.194469e+00
-1.199020e+00
-1.200832e+00
-1.200044e+00
-1.196468e+00
-1.190316e+00
-1.181396e+00
-1.169967e+00
-1.155782e+00
-1.139120e+00
-1.119820e+00
-1.098180e+00
-1.073870e+00
-1.047257e+00
-1.018316e+00
-9.871026e-01
-9.536113e-01
-9.180714e-01
-8.804209e-01
-8.408645e-01
-7.992782e-01
-7.560344e-01
-7.110772e-01
-6.644935e-01
-6.164573e-01
-5.669870e-01
-5.163062e-01
-4.643714e-01
-4.114123e-01
-3.575717e-01
-3.028806e-01
-2.476122e-01
-1.917106e-01
-1.352751e-01
-7.864093e-02
-2.181435e-02
3.505568e-02
9.177672e-02
1.484667e-01
2.048650e-01
2.605865e-01
3.158425e-01
3.703536e-01
4.241570e-01
4.769422e-01
5.286535e-01
5.791605e-01
6.284136e-01
6.763753e-01
7.226858e-01
7.674071e-01
8.105330e-01
8.517096e-01
8.911046e-01
9.285130e-01
9.637798e-01
9.968179e-01
1.027795e+00
1.056463e+00
1.082728e+00
1.106579e+00
1.127952e+00
1.146861e+00
1.163151e+00
1.176895e+00
1.188044e+00
1.196450e+00
1.202235e+00
1.205277e+00
1.205631e+00
1.203328e+00
1.198337e+00
1.190689e+00
1.180315e+00
1.167378e+00
1.151759e+00
1.133502e+00
1.112867e+00
1.089638e+00
1.064036e+00
1.036082e+00
1.005708e+00
9.731226e-01
9.384207e-01
9.015462e-01
8.627223e-01
8.218437e-01
7.792393e-01
7.348656e-01
6.888034e-01
6.413010e-01
5.922839e-01
5.418762e-01
4.902891e-01
4.376156e-01
3.839736e-01
3.294750e-01
2.742500e-01
2.182925e-01
1.619936e-01
1.050801e-01
4.819768e-02
-8.877213e-03
-6.589623e-02
-1.228780e-01
-1.795432e-01
-2.357552e-01
-2.914271e-01
-3.465900e-01
-4.009769e-01
-4.543022e-01
-5.067585e-01
-5.579918e-01
-6.081139e-01
-6.567958e-01
-7.039444e-01
-7.497086e-01
-7.936601e-01
-8.359603e-01
-8.762430e-01
-9.146509e-01
-9.510537e-01
-9.852465e-01
-1.017409e+00
-1.047157e+00
-1.074621e+00
-1.099700e+00
-1.122303e+00
-1.142342e+00
-1.159979e+00
-1.174952e+00
-1.187194e+00
-1.196866e+00
-1.203911e+00
-1.208238e+00
-1.209803e+00
-1.208716e+00
-1.204867e+00
-1.198449e+00
-1.189199e+00
-1.177410e+00
-1.162915e+00
-1.145924e+00
-1.126196e+00
-1.104089e+00
-1.079438e+00
-1.052453e+00
-1.023015e+00
-9.913736e-01
-9.573981e-01
-9.214361e-01
-8.832392e-01
-8.432483e-01
-8.012399e-01
-7.575491e-01
-7.119959e-01
-6.650709e-01
-6.164138e-01
-5.665276e-01
-5.152260e-01
-4.629249e-01
-4.095499e-01
-3.550451e-01
-2.999877e-01
-2.442910e-01
-1.878865e-01
-1.310786e-01
-7.401609e-02
-1.675496e-02
4.059928e-02
9.771763e-02
1.547677e-01
2.114763e-01
2.676449e-01
3.231740e-01
3.780389e-01
4.320409e-01
4.851614e-01
5.371024e-01
5.879881e-01
6.373963e-01
6.855257e-01
7.320162e-01
7.769610e-01
8.202172e-01
8.615304e-01
9.009999e-01
9.384145e-01
9.737247e-01
1.006906e+00
1.037852e+00
1.066470e+00
1.092710e+00
1.116474e+00
1.137823e+00
1.156552e+00
1.172680e+00
1.186269e+00
1.197313e+00
1.205532e+00
1.211032e+00
1.213912e+00
1.214036e+00
1.211466e+00
1.206121e+00
1.198157e+00
1.187517e+00
1.174182e+00
1.158203e+00
1.139772e+00
1.118597e+00
1.095057e+00
1.068959e+00
1.040565e+00
1.009854e+00
9.767852e-01
9.416116e-01
9.043831e-01
8.649571e-01
8.237743e-01
7.806174e-01
7.357347e-01
6.892876e-01
6.412452e-01
5.917128e-01
5.408457e-01
4.889296e-01
4.357408e-01
3.816457e-01
3.266938e-01
2.709536e-01
2.146796e-01
1.578592e-01
1.005857e-01
4.322520e-02
-1.430907e-02
-7.170677e-02
-1.289679e-01
-1.859311e-01
-2.426024e-01
-2.985537e-01
-3.540208e-01
-4.086125e-01
-4.622421e-01
-5.149901e-01
-5.665400e-01
-6.167118e-01
-6.656916e-01
-7.130637e-01
-7.589645e-01
-8.030774e-01
-8.453341e-01
-8.857844e-01
-9.242917e-01
-9.607255e-01
-9.950611e-01
-1.027056e+00
-1.056829e+00
-1.084286e+00
-1.109161e+00
-1.131789e+00
-1.151759e+00
-1.169197e+00
-1.184034e+00
-1.196177e+00
-1.205619e+00
-1.212385e+00
-1.216439e+00
-1.217860e+00
-1.216470e+00
-1.212373e+00
-1.205687e+00
-1.196108e+00
-1.183991e+00
-1.169135e+00
-1.151722e+00
-1.131702e+00
-1.109273e+00
-1.084168e+00
-1.056711e+00
-1.026932e+00
-9.948748e-01
-9.605331e-01
-9.239378e-01
-8.854368e-01
-8.449058e-01
-8.024814e-01
-7.582878e-01
-7.123312e-01
-6.649591e-01
-6.159420e-01
-5.655467e-01
-5.139161e-01
-4.610253e-01
-4.070978e-01
-3.523322e-01
-2.968031e-01
-2.405601e-01
-1.838328e-01
-1.266462e-01
-6.918639e-02
-1.157762e-02
4.609943e-02
1.036647e-01
1.610500e-01
2.179883e-01
2.744735e-01
3.303565e-01
3.855628e-01
4.397324e-01
4.930764e-01
5.453402e-01
5.963563e-01
6.460438e-01
6.942291e-01
7.409058e-01
7.859686e-01
8.292745e-01
8.706621e-01
9.102309e-01
9.477325e-01
9.830365e-01
1.016211e+00
1.047120e+00
1.075782e+00
1.101910e+00
1.125612e+00
1.146762e+00
1.165435e+00
1.181514e+00
1.194891e+00
1.205625e+00
1.213658e+00
1.218990e+00
1.221548e+00
1.221449e+00
1.218593e+00
1.213000e+00
1.204737e+00
1.193737e+00
1.180129e+00
1.163784e+00
1.144856e+00
1.123545e+00
1.099496e+00
1.073137e+00
1.044196e+00
1.013064e+00
9.795849e-01
9.440637e-01
9.062951e-01
8.665960e-01
8.248421e-01
7.813313e-01
7.360017e-01
6.891387e-01
6.406120e-01
5.907071e-01
5.394552e-01
4.869865e-01
4.334066e-01
3.789142e-01
3.235775e-01
2.674090e-01
2.107128e-01
1.535572e-01
9.593598e-02
3.819064e-02
-1.962299e-02
-7.739316e-02
-1.349709e-01
-1.924245e-01
-2.491765e-01
-3.054630e-01
-3.611163e-01
-4.160681e-01
-4.699832e-01
-5.228492e-01
-5.745605e-01
-6.250427e-01
-6.740598e-01
-7.215870e-01
-7.675002e-01
-8.117497e-01
-8.541989e-01
-8.946492e-01
-9.332372e-01
-9.696213e-01
-1.004000e+00
-1.035965e+00
-1.065719e+00
-1.093083e+00
-1.117939e+00
-1.140356e+00
-1.160258e+00
-1.177578e+00
-1.192172e+00
-1.204067e+00
-1.213416e+00
-1.219903e+00
-1.223808e+00
-1.224900e+00
-1.223255e+00
-1.218891e+00
-1.211839e+00
-1.202043e+00
-1.189553e+00
-1.174375e+00
-1.156645e+00
-1.136246e+00
-1.113345e+00
-1.088036e+00
-1.060082e+00
-1.029962e+00
-9.974076e-01
-9.626810e-01
-9.258064e-01
-8.869577e-01
-8.459301e-01
-8.031767e-01
-7.584616e-01
-7.122256e-01
-6.642080e-01
-6.148060e-01
-5.639451e-01
-5.120041e-01
-4.587160e-01
-4.044595e-01
-3.493525e-01
-2.933205e-01
-2.367857e-01
-1.796239e-01
-1.221455e-01
-6.423874e-02
-6.269920e-03
5.168649e-02
1.095311e-01
1.671958e-01
2.244383e-01
2.812152e-01
3.373031e-01
3.927267e-01
4.471198e-01
5.006996e-01
5.530814e-01
6.042402e-01
6.540954e-01
7.024793e-01
7.492430e-01
7.944050e-01
8.377358e-01
8.792414e-01
9.188598e-01
9.562559e-01
9.916157e-01
1.024784e+00
1.055681e+00
1.084113e+00
1.110241e+00
1.133781e+00
1.154888e+00
1.173288e+00
1.189186e+00
1.202459e+00
1.212925e+00
1.220803e+00
1.225924e+00
1.228240e+00
1.227874e+00
1.224795e+00
1.218879e+00
1.210287e+00
1.198995e+00
1.185046e+00
1.168396e+00
1.149208e+00
1.127282e+00
1.103059e+00
1.076154e+00
1.047021e+00
1.015485e+00
9.816708e-01
9.455411e-01
9.075119e-01
8.673596e-01
8.252270e-01
7.813375e-01
7.356664e-01
6.882261e-01
6.394573e-01
5.890558e-01
5.374066e-01
4.845406e-01
4.307311e-01
3.758724e-01
3.200453e-01
2.636408e-01
2.065845e-01
1.490192e-01
9.113732e-02
3.300088e-02
-2.501760e-02
-8.317886e-02
-1.410049e-01
-1.986013e-01
-2.557568e-01
-3.121613e-01
-3.681374e-01
-4.231575e-01
-4.772650e-01
-5.303421e-01
-5.822148e-01
-6.328894e-01
-6.818941e-01
-7.296076e-01
-7.756511e-01
-8.198820e-01
-8.623126e-01
-9.028808e-01
-9.414626e-01
-9.778281e-01
-1.012064e+00
-1.044078e+00
-1.073677e+00
-1.100868e+00
-1.125686e+00
-1.147985e+00
-1.167707e+00
-1.184853e+00
-1.199330e+00
-1.210995e+00
-1.220095e+00
-1.226471e+00
-1.230115e+00
-1.230928e+00
-1.229022e+00
-1.224348e+00
-1.217029e+00
-1.206885e+00
-1.194140e+00
-1.178602e+00
-1.160525e+00
-1.139834e+00
-1.116555e+00
-1.090817e+00
-1.062609e+00
-1.032116e+00
-9.991955e-01
-9.640529e-01
-9.267252e-01
-8.874233e-01
-8.460791e-01
-8.028725e-01
-7.579215e-01
-7.112510e-01
-6.629229e-01
-6.130802e-01
-5.619214e-01
-5.095210e-01
-4.559846e-01
-4.013183e-01
-3.459133e-01
-2.895213e-01
-2.326699e-01
-1.752349e-01
-1.173903e-01
-5.926626e-02
-1.117411e-03
5.724871e-02
1.154038e-01
1.732671e-01
2.307827e-01
2.876403e-01
3.440448e-01
3.995739e-01
4.543022e-01
5.078635e-01
5.604191e-01
6.117331e-01
6.615758e-01
7.100901e-01
7.568352e-01
8.020903e-01
8.455204e-01
8.870570e-01
9.265762e-01
9.639474e-01
9.991893e-01
1.032383e+00
1.063223e+00
1.091506e+00
1.117529e+00
1.140976e+00
1.161953e+00
1.180210e+00
1.195965e+00
1.208989e+00
1.219307e+00
1.226924e+00
1.231716e+00
1.233908e+00
1.233212e+00
1.229786e+00
1.223634e+00
1.214769e+00
1.203198e+00
1.188888e+00
1.171960e+00
1.152299e+00
1.130137e+00
1.105641e+00
1.078345e+00
1.048858e+00
1.016987e+00
9.827447e-01
9.464537e-01
9.078906e-01
8.673782e-01
8.249352e-01
7.806236e-01
7.345428e-01
6.868914e-01
6.376570e-01
5.869328e-01
5.349173e-01
4.817906e-01
4.275526e-01
3.722967e-01
3.162274e-01
2.595126e-01
2.021025e-01
1.442764e-01
8.614621e-02
2.785458e-02
-3.047429e-02
-8.878454e-02
-1.469272e-01
-2.046911e-01
-2.620144e-01
-3.187168e-01
-3.747984e-01
-4.299861e-01
-4.842116e-01
-5.374190e-01
-5.893414e-01
-6.400470e-01
-6.891511e-01
-7.369390e-01
-7.829702e-01
-8.271762e-01
-8.696813e-01
-9.102247e-01
-9.487071e-01
-9.850913e-01
-1.019290e+00
-1.051161e+00
-1.080748e+00
-1.107851e+00
-1.132559e+00
-1.154627e+00
-1.174226e+00
-1.191036e+00
-1.205296e+00
-1.216942e+00
-1.225800e+00
-1.231865e+00
-1.235267e+00
-1.235764e+00
-1.233672e+00
-1.228724e+00
-1.220995e+00
-1.210715e+00
-1.197530e+00
-1.181700e+00
-1.163380e+00
-1.142292e+00
-1.118709e+00
-1.092673e+00
-1.064117e+00
-1.033134e+00
-1.000040e+00
-9.645744e-01
-9.269548e-01
-8.872309e-01
-8.455887e-01
-8.020407e-01
-7.566551e-01
-7.095687e-01
-6.609799e-01
-6.108267e-01
-5.592892e-01
-5.066654e-01
-4.526820e-01
-3.978233e-01
-3.419465e-01
-2.854676e-01
-2.282685e-01
-1.706039e-01
-1.124116e-01
-5.405167e-02
4.401359e-03
6.281714e-02
1.212019e-01
1.792328e-01
2.368726e-01
2.939537e-01
3.504078e-01
4.061977e-01
4.609322e-01
5.147107e-01
5.672974e-01
6.186176e-01
6.686217e-01
7.171360e-01
7.639183e-01
8.091921e-01
8.525228e-01
8.940160e-01
9.334855e-01
9.709002e-01
1.006105e+00
1.039087e+00
1.069710e+00
1.098037e+00
1.123824e+00
1.147190e+00
1.167974e+00
1.186114e+00
1.201509e+00
1.214403e+00
1.224410e+00
1.231841e+00
1.236503e+00
1.238309e+00
1.237403e+00
1.233771e+00
1.227296e+00
1.218121e+00
1.206227e+00
1.191632e+00
1.174331e+00
1.154460e+00
1.131956e+00
1.106945e+00
1.079562e+00
1.049653e+00
1.017329e+00
9.829247e-01
9.462426e-01
9.074374e-01
8.665960e-01
8.237681e-01
7.791461e-01
7.326991e-01
6.847311e-01
6.352236e-01
5.841951e-01
5.319065e-01
4.785439e-01
4.239211e-01
3.684230e-01
3.121489e-01
2.551919e-01
1.975149e-01
1.394902e-01
8.098129e-02
2.250963e-02
-3.601169e-02
-9.447713e-02
-1.527936e-01
-2.106755e-01
-2.681042e-01
-3.250364e-01
-3.810994e-01
-4.364050e-01
-4.907857e-01
-5.440304e-01
-5.959838e-01
-6.466460e-01
-6.959735e-01
-7.437056e-01
-7.896871e-01
-8.338993e-01
-8.763051e-01
-9.167802e-01
-9.552254e-01
-9.914605e-01
-1.025529e+00
-1.057320e+00
-1.086627e+00
-1.113680e+00
-1.138183e+00
-1.160134e+00
-1.179533e+00
-1.196232e+00
-1.210287e+00
-1.221604e+00
-1.230239e+00
-1.236149e+00
-1.239209e+00
-1.239638e+00
-1.237148e+00
-1.231934e+00
-1.223907e+00
-1.213292e+00
-1.199839e+00
-1.183717e+00
-1.165038e+00
-1.143702e+00
-1.119708e+00
-1.093406e+00
-1.064552e+00
-1.033388e+00
-9.998101e-01
-9.640902e-01
-9.260982e-01
-8.860514e-01
-8.441298e-01
-8.001473e-01
-7.546190e-01
-7.072469e-01
-6.584161e-01
-6.079773e-01
-5.561729e-01
-5.031828e-01
-4.489759e-01
-3.938565e-01
-3.377811e-01
-2.810290e-01
-2.236126e-01
-1.656500e-01
-1.074081e-01
-4.883709e-02
9.789766e-03
