4.176907e-02
1.203851e-01
1.977276e-01
2.737449e-01
3.481616e-01
4.208057e-01
4.910232e-01
5.584698e-01
6.226465e-01
6.833468e-01
7.403469e-01
7.928895e-01
8.410263e-01
8.842755e-01
9.226369e-01
9.556977e-01
9.833372e-01
1.005383e+00
1.021716e+00
1.032317e+00
1.036998e+00
1.035725e+00
1.028600e+00
1.015641e+00
9.970193e-01
9.726325e-01
9.427212e-01
9.074576e-01
8.670481e-01
8.217681e-01
7.717382e-01
7.173541e-01
6.588567e-01
5.966936e-01
5.311573e-01
4.624888e-01
3.911354e-01
3.177341e-01
2.426633e-01
1.660437e-01
8.811604e-02
1.024005e-02
-6.756711e-02
-1.458045e-01
-2.226479e-01
-2.981317e-01
-3.719977e-01
-4.439534e-01
-5.133620e-01
-5.797588e-01
-6.428685e-01
-7.023124e-01
-7.577463e-01
-8.089294e-01
-8.554140e-01
-8.970798e-01
-9.336686e-01
-9.649739e-01
-9.908064e-01
-1.010925e+00
-1.025330e+00
-1.033987e+00
-1.036671e+00
-1.033505e+00
-1.024332e+00
-1.009565e+00
-9.889821e-01
-9.627710e-01
-9.309494e-01
-8.940164e-01
-8.520408e-01
-8.051259e-01
-7.535643e-01
-6.977689e-01
-6.380152e-01
-5.746302e-01
-5.079924e-01
-4.384117e-01
-3.663011e-01
-2.923146e-01
-2.167964e-01
-1.397121e-01
-6.137145e-02
1.576451e-02
9.434612e-02
1.721877e-01
2.485320e-01
3.234650e-01
3.968148e-01
4.679444e-01
5.363548e-01
6.016846e-01
6.634863e-01
7.217255e-01
7.757998e-01
8.254683e-01
8.703524e-01
9.104177e-01
9.452855e-01
9.747149e-01
9.986886e-01
1.016914e+00
1.029443e+00
1.036086e+00
1.036861e+00
1.031663e+00
1.020597e+00
1.003886e+00
9.814441e-01
9.533054e-01
9.197800e-01
8.811260e-01
8.374122e-01
7.890172e-01
7.359411e-01
6.787345e-01
6.177761e-01
5.534273e-01
4.857397e-01
4.151952e-01
3.423962e-01
2.678418e-01
1.917384e-01
1.142411e-01
3.550457e-02
-4.126997e-02
-1.198000e-01
-1.971080e-01
-2.731253e-01
-3.475937e-01
-4.202550e-01
-4.905585e-01
-5.580224e-01
-6.221647e-01
-6.828649e-01
-7.397617e-01
-7.923732e-01
-8.404584e-01
-8.837420e-01
-9.220174e-01
-9.551813e-01
-9.828037e-01
-1.004764e+00
-1.021200e+00
-1.031732e+00
-1.036379e+00
-1.035209e+00
-1.028101e+00
-1.015193e+00
-9.964341e-01
-9.721678e-01
-9.421360e-01
-9.069413e-01
-8.665490e-01
-8.212346e-01
-7.713079e-01
-7.168378e-01
-6.583060e-01
-5.961429e-01
-5.305205e-01
-4.619036e-01
-3.906535e-01
-3.172350e-01
-2.421298e-01
-1.656134e-01
-8.765137e-02
-9.827004e-03
6.810062e-02
1.463552e-01
2.231814e-01
2.986480e-01
3.724968e-01
4.445558e-01
5.138439e-01
5.802407e-01
6.433160e-01
7.027254e-01
7.582799e-01
8.094457e-01
8.559303e-01
8.975273e-01
9.343398e-01
9.655763e-01
9.913399e-01
1.011459e+00
1.025863e+00
1.034555e+00
1.037239e+00
1.034004e+00
1.024934e+00
1.010047e+00
9.895500e-01
9.633390e-01
9.315002e-01
8.945327e-01
8.525055e-01
8.055734e-01
7.540978e-01
6.982680e-01
6.385143e-01
5.752153e-01
5.086636e-01
4.390829e-01
3.669207e-01
2.929686e-01
2.172955e-01
1.402628e-01
6.185333e-02
-1.523100e-02
-9.374377e-02
-1.714821e-01
-2.479468e-01
-3.228971e-01
-3.962813e-01
-4.673420e-01
-5.358557e-01
-6.011510e-01
-6.629872e-01
-7.212092e-01
-7.753351e-01
-8.249176e-01
-8.698706e-01
-9.098670e-01
-9.446487e-01
-9.741986e-01
-9.981035e-01
-1.016381e+00
-1.028841e+00
-1.035501e+00
-1.036224e+00
-1.031061e+00
-1.020046e+00
-1.003353e+00
-9.808761e-01
-9.527203e-01
-9.192982e-01
-8.806097e-01
-8.368959e-01
-7.884149e-01
-7.354764e-01
-6.782010e-01
-6.172770e-01
-5.528077e-01
-4.851373e-01
-4.146617e-01
-3.419143e-01
-2.673771e-01
-1.913082e-01
-1.137592e-01
-3.517758e-02
4.176907e-02
1.203335e-01
1.977104e-01
2.736416e-01
3.480928e-01
4.207885e-01
4.909888e-01
5.584354e-01
6.226121e-01
6.833468e-01
7.402952e-01
7.928895e-01
8.410607e-01
8.842755e-01
9.226713e-01
9.557149e-01
9.834404e-01
1.005349e+00
1.021699e+00
1.032300e+00
1.036981e+00
1.035725e+00
1.028686e+00
1.015692e+00
9.970193e-01
9.727185e-01
9.427556e-01
9.074231e-01
8.670653e-01
8.217337e-01
7.717726e-01
7.173025e-01
6.588051e-01
5.967280e-01
5.312262e-01
4.625404e-01
3.912903e-01
3.177685e-01
2.426977e-01
1.661297e-01
8.818488e-02
1.027447e-02
-6.749827e-02
-1.457013e-01
-2.225963e-01
-2.980284e-01
-3.720493e-01
-4.439362e-01
-5.133276e-01
-5.797416e-01
-6.427996e-01
-7.022608e-01
-7.577635e-01
-8.088949e-01
-8.553624e-01
-8.970626e-01
-9.336342e-01
-9.649739e-01
-9.907548e-01
-1.010942e+00
-1.025296e+00
-1.033987e+00
-1.036671e+00
-1.033539e+00
-1.024418e+00
-1.009565e+00
-9.889649e-01
-9.627882e-01
-9.310183e-01
-8.940681e-01
-8.519720e-01
-8.050915e-01
-7.535815e-01
-6.976829e-01
-6.379808e-01
-5.746646e-01
-5.079924e-01
-4.384289e-01
-3.664044e-01
-2.924523e-01
-2.168481e-01
-1.397810e-01
-6.145750e-02
1.567846e-02
9.424286e-02
1.720672e-01
2.484631e-01
3.234995e-01
3.967803e-01
4.678927e-01
5.363031e-01
6.015813e-01
6.635379e-01
7.217771e-01
7.757654e-01
8.254511e-01
8.703524e-01
9.103833e-01
9.453027e-01
9.747837e-01
9.986370e-01
1.016863e+00
1.029409e+00
1.036052e+00
1.036826e+00
1.031681e+00
1.020632e+00
1.003869e+00
9.814268e-01
9.532882e-01
9.198661e-01
8.810916e-01
8.374294e-01
7.890000e-01
7.359411e-01
6.787861e-01
6.178621e-01
5.534445e-01
4.858257e-01
4.152641e-01
3.424823e-01
2.679106e-01
1.918245e-01
1.142411e-01
3.565946e-02
-4.121834e-02
-1.197483e-01
-1.971080e-01
-2.730565e-01
-3.475765e-01
-4.202034e-01
-4.905241e-01
-5.579880e-01
-6.221647e-01
-6.827961e-01
-7.397273e-01
-7.923560e-01
-8.403895e-01
-8.837075e-01
-9.220346e-01
-9.551641e-01
-9.828037e-01
-1.004798e+00
-1.021148e+00
-1.031732e+00
-1.036396e+00
-1.035191e+00
-1.028049e+00
-1.015159e+00
-9.964685e-01
-9.721506e-01
-9.421705e-01
-9.069413e-01
-8.665834e-01
-8.212863e-01
-7.712735e-01
-7.168550e-01
-6.583576e-01
-5.962117e-01
-5.306926e-01
-4.620241e-01
-3.906879e-01
-3.172178e-01
-2.421298e-01
-1.656134e-01
-8.770300e-02
-9.913055e-03
6.799736e-02
1.462520e-01
2.231642e-01
2.986136e-01
3.725484e-01
4.445041e-01
5.139299e-01
5.802235e-01
6.432127e-01
7.026910e-01
7.582282e-01
8.094973e-01
8.558959e-01
8.975273e-01
9.342882e-01
9.655074e-01
9.913399e-01
1.011459e+00
1.025881e+00
1.034503e+00
1.037205e+00
1.034056e+00
1.024969e+00
1.010013e+00
9.895156e-01
9.633390e-01
9.315518e-01
8.944639e-01
8.525055e-01
8.056422e-01
7.540462e-01
6.982336e-01
6.386004e-01
5.753358e-01
5.086808e-01
4.390141e-01
3.669723e-01
2.930203e-01
2.173644e-01
1.402801e-01
6.193938e-02
-1.521379e-02
-9.367493e-02
-1.714477e-01
-2.478436e-01
-3.228455e-01
-3.961952e-01
-4.672904e-01
-5.358557e-01
-6.011166e-01
-6.630216e-01
-7.211747e-01
-7.753007e-01
-8.249176e-01
-8.698189e-01
-9.098154e-01
-9.447176e-01
-9.741986e-01
-9.981207e-01
-1.016295e+00
-1.028841e+00
-1.035501e+00
-1.036276e+00
-1.031147e+00
-1.020064e+00
-1.003318e+00
-9.808589e-01
-9.527891e-01
-9.192293e-01
-8.805753e-01
-8.369475e-01
-7.884493e-01
-7.355108e-01
-6.782526e-01
-6.173630e-01
-5.528249e-01
-4.852062e-01
-4.147650e-01
-3.419660e-01
-2.673943e-01
-1.912393e-01
-1.138108e-01
-3.528084e-02
4.171744e-02
1.203507e-01
1.977104e-01
2.735556e-01
3.480412e-01
4.206508e-01
4.910060e-01
5.584010e-01
6.226293e-01
6.833296e-01
7.401920e-01
7.928551e-01
8.409919e-01
8.842755e-01
9.226197e-01
9.557321e-01
9.833716e-01
1.005383e+00
1.021733e+00
1.032317e+00
1.036981e+00
1.035777e+00
1.028565e+00
1.015658e+00
9.969848e-01
9.726841e-01
9.427212e-01
9.075092e-01
8.670825e-01
8.218542e-01
7.717554e-01
7.173713e-01
6.588567e-01
5.967625e-01
5.312606e-01
4.625920e-01
3.912731e-01
3.178201e-01
2.427322e-01
1.661813e-01
8.818488e-02
1.036052e-02
-6.751548e-02
-1.456668e-01
-2.225102e-01
-2.979940e-01
-3.718944e-01
-4.438329e-01
-5.132587e-01
-5.796556e-01
-6.427652e-01
-7.021919e-01
-7.577119e-01
-8.088949e-01
-8.553624e-01
-8.970454e-01
-9.336686e-01
-9.649395e-01
-9.907548e-01
-1.010873e+00
-1.025330e+00
-1.033987e+00
-1.036671e+00
-1.033436e+00
-1.024383e+00
-1.009548e+00
-9.889821e-01
-9.628227e-01
-9.310011e-01
-8.940508e-01
-8.520408e-01
-8.051603e-01
-7.536331e-01
-6.977861e-01
-6.380496e-01
-5.747162e-01
-5.080613e-01
-4.384806e-01
-3.664732e-01
-2.924179e-01
-2.168653e-01
-1.398326e-01
-6.149192e-02
1.566125e-02
9.420844e-02
1.720328e-01
2.484287e-01
3.234306e-01
3.967115e-01
4.678239e-01
5.362171e-01
6.015813e-01
6.634518e-01
7.216394e-01
7.757482e-01
8.253651e-01
8.703352e-01
9.103833e-01
9.452683e-01
9.747665e-01
9.987231e-01
1.016845e+00
1.029392e+00
1.036086e+00
1.036809e+00
1.031646e+00
1.020597e+00
1.003903e+00
9.814268e-01
9.533399e-01
9.198317e-01
8.811432e-01
8.374638e-01
7.889484e-01
7.360271e-01
6.787689e-01
6.178449e-01
5.534961e-01
4.857913e-01
4.152813e-01
3.425511e-01
2.679795e-01
1.918245e-01
1.143443e-01
3.572830e-02
-4.120113e-02
-1.196623e-01
-1.970392e-01
-2.730221e-01
-3.474904e-01
-4.201517e-01
-4.904381e-01
-5.579707e-01
-6.220786e-01
-6.828305e-01
-7.396412e-01
-7.922871e-01
-8.404068e-01
-8.836903e-01
-9.220690e-01
-9.550781e-01
-9.827176e-01
-1.004815e+00
-1.021131e+00
-1.031767e+00
-1.036448e+00
-1.035174e+00
-1.028066e+00
-1.015124e+00
-9.964857e-01
-9.721506e-01
-9.422565e-01
-9.069585e-01
-8.666006e-01
-8.213379e-01
-7.713252e-01
-7.168550e-01
-6.583576e-01
-5.962117e-01
-5.305722e-01
-4.620241e-01
-3.907224e-01
-3.173038e-01
-2.422331e-01
-1.656995e-01
-8.777184e-02
-9.913055e-03
6.798015e-02
1.462348e-01
2.230782e-01
2.985791e-01
3.725140e-01
4.443837e-01
5.138095e-01
5.801719e-01
6.431611e-01
7.026910e-01
7.582282e-01
8.094113e-01
8.558787e-01
8.975273e-01
9.342538e-01
9.655935e-01
9.913055e-01
1.011441e+00
1.025950e+00
1.034486e+00
1.037239e+00
1.034021e+00
1.024969e+00
1.010082e+00
9.894984e-01
9.633045e-01
9.316034e-01
8.945671e-01
8.526088e-01
8.056766e-01
7.540634e-01
6.982852e-01
6.385487e-01
5.752325e-01
5.086980e-01
4.390829e-01
3.670240e-01
2.929858e-01
2.173816e-01
1.403833e-01
6.192217e-02
-1.514494e-02
-9.362330e-02
-1.713960e-01
-2.478952e-01
-3.228627e-01
-3.961264e-01
-4.672904e-01
-5.357696e-01
-6.010994e-01
-6.629700e-01
-7.210887e-01
-7.752147e-01
-8.244357e-01
-8.683044e-01
-9.071478e-01
-9.408109e-01
-9.690355e-01
-9.916153e-01
-1.008498e+00
-1.019685e+00
-1.025089e+00
-1.024556e+00
-1.018205e+00
-1.006123e+00
-9.883625e-01
-9.651116e-01
-9.362674e-01
-9.022429e-01
-8.632274e-01
-8.194448e-01
-7.711014e-01
-7.183523e-01
-6.616448e-01
-6.014608e-01
-5.379725e-01
-4.715757e-01
-4.026318e-01
-3.315366e-01
-2.589786e-01
-1.850609e-01
-1.099213e-01
-3.409334e-02
4.004805e-02
1.156351e-01
1.898109e-01
2.624722e-01
3.335330e-01
4.026662e-01
4.693556e-01
5.332742e-01
5.937335e-01
6.508024e-01
7.041023e-01
7.533061e-01
7.978977e-01
8.380662e-01
8.732093e-01
9.034820e-01
9.284367e-01
9.480047e-01
9.621515e-01
9.709286e-01
9.740953e-01
9.717031e-01
9.637520e-01
9.503797e-01
9.317239e-01
9.078534e-01
8.787166e-01
8.447953e-01
8.061413e-01
7.629610e-01
7.156847e-01
6.642951e-01
6.093603e-01
5.511555e-01
4.900078e-01
4.260720e-01
3.599506e-01
2.919532e-01
2.226823e-01
1.522239e-01
8.052636e-02
9.448380e-03
-6.161239e-02
-1.328453e-01
-2.026325e-01
-2.710601e-01
-3.378011e-01
-4.025974e-01
-4.650186e-01
-5.243937e-01
-5.807226e-01
-6.335578e-01
-6.827789e-01
-7.280072e-01
-7.698279e-01
-8.073116e-01
-8.402691e-01
-8.685110e-01
-8.916758e-01
-9.097981e-01
-9.227402e-01
-9.305536e-01
-9.329974e-01
-9.301406e-01
-9.219657e-01
-9.085762e-01
-8.901269e-01
-8.665662e-01
-8.379457e-01
-8.046612e-01
-7.668849e-01
-7.246512e-01
-6.783042e-01
-6.279817e-01
-5.742171e-01
-5.172515e-01
-4.572741e-01
-3.947323e-01
-3.298672e-01
-2.632123e-01
-1.951805e-01
-1.258751e-01
-5.543394e-02
1.387139e-02
8.453633e-02
1.546161e-01
2.233019e-01
2.907829e-01
3.567495e-01
4.208402e-01
4.823837e-01
5.411564e-01
5.968141e-01
6.491846e-01
6.979066e-01
7.426014e-01
7.830281e-01
8.191178e-01
8.504059e-01
8.770128e-01
8.985427e-01
9.150128e-01
9.261994e-01
9.322574e-01
9.329114e-01
9.281786e-01
9.183172e-01
9.032927e-01
8.830191e-01
8.577202e-01
8.275508e-01
7.927690e-01
7.534954e-01
7.098504e-01
6.621439e-01
6.107027e-01
5.558539e-01
4.979073e-01
4.369489e-01
3.735638e-01
3.080447e-01
2.409079e-01
1.724458e-01
1.026931e-01
3.190765e-02
-3.705348e-02
-1.077012e-01
-1.773680e-01
-2.456751e-01
-3.127431e-01
-3.781417e-01
-4.414063e-01
-5.020721e-01
-5.599155e-01
-6.145233e-01
-6.657752e-01
-7.131204e-01
-7.563523e-01
-7.952989e-01
-8.298053e-01
-8.596133e-01
-8.844992e-01
-9.042737e-01
-9.190056e-01
-9.285400e-01
-9.327909e-01
-9.316895e-01
-9.252529e-01
-9.136360e-01
-8.968389e-01
-8.749303e-01
-8.480653e-01
-8.162609e-01
-7.799647e-01
-7.392454e-01
-6.941548e-01
-6.451747e-01
-5.925288e-01
-5.366129e-01
-4.775304e-01
-4.158492e-01
-3.516553e-01
-2.856199e-01
-2.180700e-01
-1.491433e-01
-7.896024e-02
-9.069757e-03
6.088956e-02
1.313996e-01
2.005500e-01
2.685130e-01
3.349786e-01
3.997405e-01
4.621273e-01
5.218982e-01
5.786574e-01
6.320949e-01
6.821421e-01
7.282137e-01
7.700344e-01
8.075009e-01
8.405100e-01
8.686486e-01
8.918651e-01
9.100563e-01
9.230500e-01
9.307945e-01
9.332900e-01
9.303471e-01
9.221895e-01
9.088172e-01
8.902990e-01
8.667211e-01
8.381694e-01
8.048506e-01
7.670398e-01
7.248921e-01
6.785279e-01
6.282226e-01
5.744581e-01
5.175269e-01
4.575839e-01
3.949216e-01
3.300221e-01
2.634360e-01
1.954730e-01
1.260472e-01
5.553720e-02
-1.366487e-02
-8.422655e-02
-1.542891e-01
-2.230265e-01
-2.905420e-01
-3.565774e-01
-4.205992e-01
-4.821600e-01
-5.409671e-01
-5.967452e-01
-6.490641e-01
-6.977517e-01
-7.423949e-01
-7.828215e-01
-8.188080e-01
-8.502338e-01
-8.767890e-01
-8.982501e-01
-9.147030e-01
-9.259413e-01
-9.320853e-01
-9.326705e-01
-9.279721e-01
-9.180762e-01
-9.030345e-01
-8.828126e-01
-8.575137e-01
-8.274303e-01
-7.925625e-01
-7.532717e-01
-7.096267e-01
-6.619546e-01
-6.104445e-01
-5.556302e-01
-4.975975e-01
-4.367079e-01
-3.732540e-01
-3.079071e-01
-2.407186e-01
-1.722393e-01
-1.024521e-01
-3.183880e-02
3.719117e-02
1.080282e-01
1.776433e-01
2.459849e-01
3.129668e-01
3.783310e-01
4.415440e-01
5.022442e-01
5.599843e-01
6.146782e-01
6.658096e-01
7.132581e-01
7.565244e-01
7.955571e-01
8.300118e-01
8.598542e-01
8.847057e-01
9.045835e-01
9.192293e-01
9.287465e-01
9.331007e-01
9.319304e-01
9.255110e-01
9.138425e-01
8.970970e-01
8.751713e-01
8.482546e-01
8.164846e-01
7.801368e-01
7.393487e-01
6.944129e-01
6.453812e-01
5.927697e-01
5.368711e-01
4.778919e-01
4.160557e-01
3.518790e-01
2.858953e-01
2.182765e-01
1.493670e-01
7.904629e-02
9.241858e-03
-6.073467e-02
-1.311070e-01
-2.002575e-01
-2.681860e-01
-3.347033e-01
-3.994307e-01
-4.619380e-01
-5.216917e-01
-5.784508e-01
-6.319745e-01
-6.819184e-01
-7.279900e-01
-7.698279e-01
-8.073288e-01
-8.402691e-01
-8.684421e-01
-8.916242e-01
-9.097809e-01
-9.227746e-01
-9.305192e-01
-9.330835e-01
-9.301750e-01
-9.219657e-01
-9.086106e-01
-8.901097e-01
-8.666006e-01
-8.380145e-01
-8.047473e-01
-7.668505e-01
-7.247028e-01
-6.783214e-01
-6.280333e-01
-5.742516e-01
-5.172515e-01
-4.573085e-01
-3.946979e-01
-3.298500e-01
-2.631950e-01
-1.951977e-01
-1.259268e-01
-5.545115e-02
1.381976e-02
8.446749e-02
1.545645e-01
2.232847e-01
2.907657e-01
3.567323e-01
4.208229e-01
4.823665e-01
5.411220e-01
5.968313e-01
6.491674e-01
6.979066e-01
7.426186e-01
7.830281e-01
8.190834e-01
8.504231e-01
8.770128e-01
8.984911e-01
9.149268e-01
9.261478e-01
9.321886e-01
9.329286e-01
9.282130e-01
9.183000e-01
9.032239e-01
8.830019e-01
8.577718e-01
8.276712e-01
7.928207e-01
7.534782e-01
7.097816e-01
6.621611e-01
6.106855e-01
5.558539e-01
4.979073e-01
4.370005e-01
3.736155e-01
3.080275e-01
2.410111e-01
1.724631e-01
1.026758e-01
3.194207e-02
-3.705348e-02
-1.077184e-01
-1.772991e-01
-2.457095e-01
-3.126743e-01
-3.781417e-01
-4.413719e-01
-5.020721e-01
-5.599155e-01
-6.144889e-01
-6.656547e-01
-7.130860e-01
-7.563523e-01
-7.952989e-01
-8.297881e-01
-8.596133e-01
-8.844648e-01
-9.043081e-01
-9.190056e-01
-9.285744e-01
-9.328426e-01
-9.316723e-01
-9.252529e-01
-9.136532e-01
-8.968733e-01
-8.749992e-01
-8.480137e-01
-8.163297e-01
-7.799474e-01
-7.392798e-01
-6.942753e-01
-6.452091e-01
-5.925460e-01
-5.366129e-01
-4.775993e-01
-4.158320e-01
-3.516725e-01
-2.857059e-01
-2.180872e-01
-1.491949e-01
-7.902908e-02
-9.121387e-03
6.087235e-02
1.313308e-01
2.005156e-01
2.684441e-01
3.349098e-01
3.996200e-01
4.620929e-01
5.218982e-01
5.785369e-01
6.321293e-01
6.820388e-01
7.281793e-01
7.699828e-01
8.075353e-01
8.404756e-01
8.686658e-01
8.918996e-01
9.100563e-01
9.230500e-01
9.307773e-01
9.332900e-01
9.303299e-01
9.222067e-01
9.088344e-01
8.902818e-01
8.667211e-01
8.381178e-01
8.048678e-01
7.670570e-01
7.248921e-01
6.785107e-01
6.283087e-01
5.745097e-01
5.176129e-01
4.576183e-01
3.949389e-01
3.301426e-01
2.634704e-01
1.954730e-01
1.260645e-01
5.553720e-02
-1.363045e-02
-8.424376e-02
-1.542891e-01
-2.230265e-01
-2.904904e-01
-3.564913e-01
-4.205476e-01
-4.821083e-01
-5.409499e-01
-5.966936e-01
-6.490297e-01
-6.977345e-01
-7.423605e-01
-7.828560e-01
-8.188080e-01
-8.501821e-01
-8.767546e-01
-8.982501e-01
-9.146858e-01
-9.259413e-01
-9.319476e-01
-9.326877e-01
-9.279721e-01
-9.181107e-01
-9.030173e-01
-8.828298e-01
-8.575825e-01
-8.274131e-01
-7.924764e-01
-7.532545e-01
-7.096611e-01
-6.619374e-01
-6.104962e-01
-5.555957e-01
-4.976147e-01
-4.367596e-01
-3.733401e-01
-3.078210e-01
-2.407358e-01
-1.722737e-01
-1.025382e-01
-3.180438e-02
3.720838e-02
1.079594e-01
1.775573e-01
2.459160e-01
3.129324e-01
3.783310e-01
4.415784e-01
5.022959e-01
5.599671e-01
6.146266e-01
6.658613e-01
7.132064e-01
7.565416e-01
7.955054e-01
8.300118e-01
8.598198e-01
8.846885e-01
9.045663e-01
9.193154e-01
9.287810e-01
9.330663e-01
9.319476e-01
9.255110e-01
9.138425e-01
8.969938e-01
8.751541e-01
8.482890e-01
8.165363e-01
7.801368e-01
7.394175e-01
6.943957e-01
6.454672e-01
5.928558e-01
5.369399e-01
4.779951e-01
4.160901e-01
3.519651e-01
2.858780e-01
2.182765e-01
1.493326e-01
7.909792e-02
9.241858e-03
-6.076909e-02
-1.310554e-01
-2.002231e-01
-2.681688e-01
-3.347033e-01
-3.994135e-01
-4.618864e-01
-5.216745e-01
-5.784164e-01
-6.320261e-01
-6.819700e-01
-7.279211e-01
-7.698279e-01
-8.072600e-01
-8.402863e-01
-8.684249e-01
-8.916070e-01
-9.097809e-01
-9.227918e-01
-9.305364e-01
-9.329802e-01
-9.301578e-01
-9.219657e-01
-9.086279e-01
-8.901269e-01
-8.665490e-01
-8.379973e-01
-8.046957e-01
-7.668505e-01
-7.247028e-01
-6.783558e-01
-6.281022e-01
-5.743548e-01
-5.172687e-01
-4.573945e-01
-3.948184e-01
-3.299016e-01
-2.632811e-01
-1.953526e-01
-1.259268e-01
-5.550278e-02
1.380255e-02
8.439865e-02
1.545817e-01
2.232675e-01
2.907485e-01
3.567495e-01
4.207885e-01
4.822977e-01
5.411220e-01
5.968485e-01
6.491330e-01
6.978378e-01
7.425670e-01
7.829592e-01
8.190834e-01
8.503714e-01
8.769611e-01
8.985427e-01
9.149440e-01
9.261822e-01
9.321541e-01
9.329286e-01
9.282302e-01
9.183344e-01
9.032066e-01
8.830363e-01
8.578407e-01
8.276368e-01
7.927346e-01
7.535126e-01
7.098504e-01
6.621611e-01
6.107199e-01
5.558711e-01
4.979589e-01
4.370349e-01
3.736155e-01
3.081308e-01
2.410284e-01
1.724975e-01
1.026586e-01
3.201091e-02
-3.700185e-02
-1.076840e-01
-1.772647e-01
-2.457095e-01
-3.126915e-01
-3.780557e-01
-4.413375e-01
-5.020033e-01
-5.598811e-01
-6.144889e-01
-6.656375e-01
-7.130343e-01
-7.563351e-01
-7.952989e-01
-8.298225e-01
-8.596133e-01
-8.844648e-01
-9.042737e-01
-9.190056e-01
-9.285572e-01
-9.328081e-01
-9.317239e-01
-9.252701e-01
-9.136360e-01
-8.968733e-01
-8.749303e-01
-8.480309e-01
-8.163297e-01
-7.800335e-01
-7.392798e-01
-6.941892e-01
-6.452435e-01
-5.925976e-01
-5.366474e-01
-4.776681e-01
-4.159353e-01
-3.516897e-01
-2.857059e-01
-2.181733e-01
-1.492465e-01
-7.909792e-02
-9.173018e-03
6.087235e-02
1.313308e-01
2.004812e-01
2.683753e-01
3.348582e-01
3.996544e-01
4.620757e-01
5.218810e-01
5.785369e-01
6.320949e-01
6.820560e-01
7.281449e-01
7.699828e-01
8.074837e-01
8.404584e-01
8.686486e-01
8.919512e-01
9.100219e-01
9.230155e-01
9.308634e-01
9.332384e-01
9.303471e-01
9.222239e-01
9.088688e-01
8.903334e-01
8.667555e-01
8.381866e-01
8.049022e-01
7.670742e-01
7.248577e-01
6.784591e-01
6.283259e-01
5.745441e-01
5.176301e-01
4.576355e-01
3.950421e-01
3.301426e-01
2.635565e-01
1.954903e-01
1.261677e-01
5.560604e-02
-1.357882e-02
-8.415770e-02
-1.542203e-01
-2.230437e-01
-2.904559e-01
-3.565086e-01
-4.205648e-01
-4.821256e-01
-5.408811e-01
-5.966764e-01
-6.490469e-01
-6.976829e-01
-7.423605e-01
-7.827871e-01
-8.188080e-01
-8.501477e-01
-8.767202e-01
-8.982673e-01
-9.147202e-01
-9.260273e-01
-9.320165e-01
-9.326360e-01
-9.280065e-01
-9.181279e-01
-9.030345e-01
-8.827954e-01
-8.575997e-01
-8.274131e-01
-7.925453e-01
-7.533405e-01
-7.096611e-01
-6.620062e-01
-6.104962e-01
-5.556302e-01
-4.975975e-01
-4.368284e-01
-3.734089e-01
-3.078898e-01
-2.408390e-01
-1.723770e-01
-1.026070e-01
-3.189044e-02
3.710511e-02
1.078905e-01
1.775401e-01
2.458816e-01
3.129152e-01
3.782450e-01
4.415956e-01
5.022787e-01
5.599671e-01
6.145750e-01
6.658268e-01
7.131892e-01
7.564900e-01
7.955399e-01
8.300118e-01
8.597854e-01
8.847229e-01
9.046007e-01
9.193154e-01
9.287810e-01
9.330491e-01
9.318788e-01
9.255110e-01
9.138597e-01
8.970454e-01
8.751885e-01
8.482546e-01
8.165190e-01
7.801368e-01
7.394347e-01
6.943957e-01
6.454844e-01
5.927697e-01
5.370088e-01
4.779607e-01
4.161418e-01
3.519995e-01
2.858780e-01
2.183454e-01
1.494186e-01
7.920118e-02
9.310699e-03
-6.054536e-02
-1.309521e-01
-2.001714e-01
-2.680655e-01
-3.346689e-01
-3.994307e-01
-4.619036e-01
-5.216745e-01
-5.783820e-01
-6.319572e-01
-6.819011e-01
-7.279211e-01
-7.697590e-01
-8.072944e-01
-8.402347e-01
-8.684765e-01
-8.916070e-01
-9.097465e-01
-9.227574e-01
-9.305708e-01
-9.330319e-01
-9.301061e-01
-9.220174e-01
-9.086279e-01
-8.901786e-01
-8.665318e-01
-8.380145e-01
-8.047301e-01
-7.669366e-01
-7.247717e-01
-6.783903e-01
-6.281194e-01
-5.742516e-01
-5.173720e-01
-4.573945e-01
-3.948184e-01
-3.299361e-01
-2.633499e-01
-1.953354e-01
-1.260300e-01
-5.553720e-02
1.371650e-02
8.438144e-02
1.545129e-01
2.232158e-01
2.906453e-01
3.566462e-01
4.206681e-01
4.823321e-01
5.410876e-01
5.967452e-01
6.491502e-01
6.978550e-01
7.425842e-01
7.829420e-01
8.189973e-01
8.504059e-01
8.769611e-01
8.985255e-01
9.149268e-01
9.262166e-01
9.322058e-01
9.328598e-01
9.282130e-01
9.183516e-01
9.032755e-01
8.830191e-01
8.577890e-01
8.276196e-01
7.927690e-01
7.535643e-01
7.099365e-01
6.622816e-01
6.107715e-01
5.559572e-01
4.979761e-01
4.370177e-01
3.736843e-01
3.081480e-01
2.411144e-01
1.725491e-01
1.027275e-01
3.204533e-02
-3.693301e-02
-1.076324e-01
-1.771959e-01
-2.456063e-01
-3.126054e-01
-3.780557e-01
-4.412858e-01
-5.019861e-01
-5.598811e-01
-6.144029e-01
-6.656892e-01
-7.130515e-01
-7.562491e-01
-7.952301e-01
-8.298053e-01
-8.595961e-01
-8.844820e-01
-9.042737e-01
-9.189712e-01
-9.285400e-01
-9.328426e-01
-9.316895e-01
-9.252357e-01
-9.136188e-01
-8.968389e-01
-8.750164e-01
-8.480481e-01
-8.163125e-01
-7.799991e-01
-7.393315e-01
-6.942580e-01
-6.452779e-01
-5.926320e-01
-5.366646e-01
-4.776853e-01
-4.159697e-01
-3.517930e-01
-2.857232e-01
-2.181388e-01
-1.493154e-01
-7.911513e-02
-9.173018e-03
6.071746e-02
1.312963e-01
2.003952e-01
2.683065e-01
3.348582e-01
3.996028e-01
4.620069e-01
5.217778e-01
5.784853e-01
6.321121e-01
6.820732e-01
7.281276e-01
7.699139e-01
8.075353e-01
8.404068e-01
8.686831e-01
8.918479e-01
9.100907e-01
9.230155e-01
9.307601e-01
9.332900e-01
9.303987e-01
9.222239e-01
9.088516e-01
8.903679e-01
8.667899e-01
8.381866e-01
8.049194e-01
7.671259e-01
7.248749e-01
6.785107e-01
6.283087e-01
5.745441e-01
5.176473e-01
4.576527e-01
3.950765e-01
3.301942e-01
2.635737e-01
1.955591e-01
1.261849e-01
5.564046e-02
-1.352719e-02
-8.414049e-02
-1.541859e-01
-2.229233e-01
-2.904387e-01
-3.564397e-01
-4.204787e-01
-4.820911e-01
-5.408122e-01
-5.965731e-01
-6.489609e-01
-6.977001e-01
-7.423949e-01
-7.827699e-01
-8.187908e-01
-8.501821e-01
-8.767202e-01
-8.982501e-01
-9.147202e-01
-9.259585e-01
-9.320337e-01
-9.326360e-01
-9.280065e-01
-9.180934e-01
-9.030173e-01
-8.828470e-01
-8.575825e-01
-8.274131e-01
-7.925797e-01
-7.533233e-01
-7.097816e-01
-6.620234e-01
-6.105994e-01
-5.557162e-01
-4.976491e-01
-4.368284e-01
-3.734262e-01
-3.078726e-01
-2.409079e-01
-1.723770e-01
-1.026242e-01
-3.195928e-02
3.713954e-02
1.078561e-01
1.775056e-01
2.458300e-01
3.128636e-01
3.781934e-01
4.415096e-01
5.022098e-01
5.599327e-01
6.145406e-01
6.657580e-01
7.131204e-01
7.564212e-01
7.954882e-01
8.299602e-01
8.597854e-01
8.847574e-01
9.045318e-01
9.192121e-01
9.287637e-01
9.329974e-01
9.319304e-01
9.255282e-01
9.138597e-01
8.970970e-01
8.752057e-01
8.482546e-01
8.165707e-01
7.801884e-01
7.394347e-01
6.944129e-01
6.455361e-01
5.928730e-01
5.370088e-01
4.780467e-01
4.161762e-01
3.519823e-01
2.859125e-01
2.183798e-01
1.494875e-01
7.918397e-02
9.362330e-03
-6.059699e-02
-1.309694e-01
-2.001542e-01
-2.680999e-01
-3.346172e-01
-3.993102e-01
-4.618348e-01
-5.216057e-01
-5.783132e-01
-6.318540e-01
-6.818323e-01
-7.278523e-01
-7.697246e-01
-8.072428e-01
-8.401658e-01
-8.684077e-01
-8.916586e-01
-9.097809e-01
-9.227746e-01
-9.305708e-01
-9.330147e-01
-9.301406e-01
-9.219657e-01
-9.086451e-01
-8.901613e-01
-8.666006e-01
-8.379801e-01
-8.047645e-01
-7.669538e-01
-7.247545e-01
-6.784075e-01
-6.281194e-01
-5.743892e-01
-5.173203e-01
-4.573945e-01
-3.948356e-01
-3.299705e-01
-2.633155e-01
-1.953870e-01
-1.260300e-01
-5.555441e-02
1.373371e-02
8.432981e-02
1.544784e-01
2.231814e-01
2.906797e-01
3.566462e-01
4.206681e-01
4.822460e-01
5.410187e-01
5.967280e-01
6.490641e-01
6.978378e-01
7.425498e-01
7.829764e-01
8.189973e-01
8.503370e-01
8.769956e-01
8.984911e-01
9.149440e-01
9.261822e-01
9.322402e-01
9.329114e-01
9.282130e-01
9.183860e-01
9.032927e-01
8.830708e-01
8.577546e-01
8.276196e-01
7.927862e-01
7.534782e-01
7.098849e-01
6.622816e-01
6.107715e-01
5.559055e-01
4.980450e-01
4.370866e-01
3.736843e-01
3.081824e-01
2.410800e-01
1.724975e-01
1.027447e-01
3.206254e-02
-3.693301e-02
-1.076152e-01
-1.772131e-01
-2.455546e-01
-3.125882e-01
-3.780041e-01
-4.412514e-01
-5.019689e-01
-5.597950e-01
-6.143857e-01
-6.656547e-01
-7.129999e-01
-7.563179e-01
-7.952301e-01
-8.297881e-01
-8.595445e-01
-8.844476e-01
-9.042909e-01
-9.189884e-01
-9.285744e-01
-9.328081e-01
-9.316723e-01
-9.252873e-01
-9.136360e-01
-8.968905e-01
-8.750336e-01
-8.481169e-01
-8.163469e-01
-7.800851e-01
-7.392970e-01
-6.943097e-01
-6.452607e-01
-5.926492e-01
-5.366818e-01
-4.777197e-01
-4.159697e-01
-3.517413e-01
-2.857232e-01
-2.181216e-01
-1.492982e-01
-7.916676e-02
-9.207438e-03
6.076909e-02
1.312103e-01
2.003952e-01
2.682893e-01
3.348238e-01
3.995856e-01
4.619897e-01
5.217778e-01
5.784853e-01
6.320777e-01
6.820044e-01
7.281276e-01
7.699483e-01
8.074493e-01
8.403723e-01
8.686486e-01
8.918651e-01
9.100219e-01
9.229811e-01
9.308118e-01
9.332556e-01
9.303987e-01
9.222067e-01
9.088516e-01
8.903507e-01
8.668416e-01
8.382383e-01
8.049366e-01
7.671259e-01
7.249266e-01
6.786140e-01
6.283087e-01
5.746302e-01
5.176473e-01
4.577560e-01
3.950765e-01
3.301770e-01
2.635565e-01
1.955763e-01
1.262021e-01
5.565767e-02
-1.354440e-02
-8.408886e-02
-1.540998e-01
-2.229233e-01
-2.904559e-01
-3.564225e-01
-4.204099e-01
-4.820567e-01
-5.408122e-01
-5.966076e-01
-6.489093e-01
-6.975968e-01
-7.422916e-01
-7.827355e-01
-8.187392e-01
-8.501477e-01
-8.767030e-01
-8.982501e-01
-9.146514e-01
-9.258896e-01
-9.319820e-01
-9.326360e-01
-9.280409e-01
-9.181279e-01
-9.030345e-01
-8.828814e-01
-8.576169e-01
-8.274475e-01
-7.926313e-01
-7.533750e-01
-7.097128e-01
-6.620234e-01
-6.105822e-01
-5.557506e-01
-4.976835e-01
-4.368628e-01
-3.734606e-01
-3.079415e-01
-2.408563e-01
-1.724286e-01
-1.026242e-01
-3.194207e-02
3.707069e-02
1.078045e-01
1.775056e-01
2.458644e-01
3.128292e-01
3.781762e-01
4.414751e-01
5.022614e-01
5.598983e-01
6.145061e-01
6.657580e-01
7.131204e-01
7.565244e-01
7.954366e-01
8.299602e-01
8.597854e-01
8.846369e-01
9.045318e-01
9.192293e-01
9.287637e-01
9.330491e-01
9.319820e-01
9.255454e-01
9.139458e-01
8.970798e-01
8.751885e-01
8.483234e-01
8.165879e-01
7.801884e-01
7.395208e-01
6.944646e-01
6.455189e-01
5.929246e-01
5.369743e-01
4.780123e-01
4.162106e-01
3.520339e-01
2.859297e-01
2.184142e-01
1.494703e-01
7.927002e-02
9.396750e-03
-6.054536e-02
-1.309521e-01
-2.001026e-01
-2.680311e-01
-3.345828e-01
-3.993619e-01
-4.617487e-01
-5.215712e-01
-5.782960e-01
-6.318368e-01
-6.818495e-01
-7.280072e-01
-7.708605e-01
-8.094973e-01
-8.437111e-01
-8.731749e-01
-8.976822e-01
-9.171297e-01
-9.315346e-01
-9.405871e-01
-9.443906e-01
-9.426351e-01
-9.355962e-01
-9.233598e-01
-9.057021e-01
-8.828642e-01
-8.548977e-01
-8.219919e-01
-7.844221e-01
-7.422572e-01
-6.956521e-01
-6.449681e-01
-5.905324e-01
-5.326718e-01
-4.715069e-01
-4.075367e-01
-3.409850e-01
-2.725574e-01
-2.024604e-01
-1.307800e-01
-5.770568e-02
1.431886e-02
8.785789e-02
1.611560e-01
2.331289e-01
3.039487e-01
3.734262e-01
4.410277e-01
5.062198e-01
5.685894e-01
6.278956e-01
6.838975e-01
7.361648e-01
7.842844e-01
8.280671e-01
8.671858e-01
9.016749e-01
9.310355e-01
9.550781e-01
9.737683e-01
9.869685e-01
9.946270e-01
9.966406e-01
9.928544e-01
9.835093e-01
9.686053e-01
9.481424e-01
9.221378e-01
8.908325e-01
8.544158e-01
8.131803e-01
7.670226e-01
7.163731e-01
6.615587e-01
6.028376e-01
5.407778e-01
4.752759e-01
4.067795e-01
3.359424e-01
2.632639e-01
1.887611e-01
1.126922e-01
3.536689e-02
-4.042668e-02
-1.179929e-01
-1.945953e-01
-2.701307e-01
-3.442377e-01
-4.167958e-01
-4.871509e-01
-5.549245e-01
-6.194455e-01
-6.807653e-01
-7.383849e-01
-7.918913e-01
-8.402691e-01
-8.835699e-01
-9.218969e-01
-9.550437e-01
-9.826832e-01
-1.004747e+00
-1.021148e+00
-1.031732e+00
-1.036396e+00
-1.035226e+00
-1.028118e+00
-1.015193e+00
-9.965374e-01
-9.722710e-01
-9.423081e-01
-9.070445e-01
-8.667555e-01
-8.214412e-01
-7.714800e-01
-7.170443e-01
-6.585297e-01
-5.964527e-01
-5.308131e-01
-4.622134e-01
-3.909289e-01
-3.175275e-01
-2.424568e-01
-1.659060e-01
-8.797836e-02
-1.015400e-02
6.773921e-02
1.459938e-01
2.228888e-01
2.983898e-01
3.722042e-01
4.442116e-01
5.135685e-01
5.799825e-01
6.429717e-01
7.025017e-01
7.580389e-01
8.092047e-01
8.557410e-01
8.974412e-01
9.341161e-01
9.654214e-01
9.912366e-01
1.011390e+00
1.025829e+00
1.034520e+00
1.037205e+00
1.034073e+00
1.024986e+00
1.010116e+00
9.896189e-01
9.634594e-01
9.316723e-01
8.946704e-01
8.527120e-01
8.057627e-01
7.543387e-01
6.984573e-01
6.387036e-01
5.755079e-01
5.088874e-01
4.393239e-01
3.671961e-01
2.932096e-01
2.175881e-01
1.406070e-01
6.219753e-02
-1.490400e-02
-9.339956e-02
-1.712239e-01
-2.475854e-01
-3.225701e-01
-3.959370e-01
-4.670839e-01
-5.355803e-01
-6.008585e-01
-6.627979e-01
-7.210198e-01
-7.751286e-01
-8.247455e-01
-8.696985e-01
-9.096777e-01
-9.445627e-01
-9.741469e-01
-9.980347e-01
-1.016295e+00
-1.028841e+00
-1.035501e+00
-1.036258e+00
-1.031147e+00
-1.020167e+00
-1.003387e+00
-9.810310e-01
-9.529268e-01
-9.194186e-01
-8.807990e-01
-8.370680e-01
-7.886730e-01
-7.356141e-01
-6.784763e-01
-6.175007e-01
-5.530486e-01
-4.854127e-01
-4.149371e-01
-3.421725e-01
-2.676525e-01
-1.915663e-01
-1.141034e-01
-3.553899e-02
4.145929e-02
1.200753e-01
1.974350e-01
2.733318e-01
3.478174e-01
4.204787e-01
4.907651e-01
5.581773e-01
6.223712e-01
6.830370e-01
7.400543e-01
7.926486e-01
8.406993e-01
8.840862e-01
9.224476e-01
9.556116e-01
9.832339e-01
1.005315e+00
1.021613e+00
1.032283e+00
1.036947e+00
1.035794e+00
1.028634e+00
1.015692e+00
9.971397e-01
9.727701e-01
9.429105e-01
9.076641e-01
8.672202e-01
8.220091e-01
7.719619e-01
7.175606e-01
6.590805e-01
5.969346e-01
5.314843e-01
4.627985e-01
3.914796e-01
3.181299e-01
2.430075e-01
1.664567e-01
8.844304e-02
1.060146e-02
-6.720569e-02
-1.454431e-01
-2.222693e-01
-2.977531e-01
-3.716879e-01
-4.436436e-01
-5.130866e-01
-5.794835e-01
-6.425759e-01
-7.019854e-01
-7.575570e-01
-8.086884e-01
-8.552419e-01
-8.968561e-01
-9.335137e-01
-9.648707e-01
-9.906171e-01
-1.010787e+00
-1.025261e+00
-1.033952e+00
-1.036706e+00
-1.033488e+00
-1.024469e+00
-1.009617e+00
-9.890854e-01
-9.629259e-01
-9.311560e-01
-8.941713e-01
-8.521957e-01
-8.053497e-01
-7.538396e-01
-6.980615e-01
-6.382562e-01
-5.749744e-01
-5.083022e-01
-4.387559e-01
-3.666626e-01
-2.926761e-01
-2.171406e-01
-1.400907e-01
-6.175007e-02
1.536868e-02
9.396750e-02
1.717747e-01
2.482050e-01
3.231897e-01
3.964878e-01
4.676002e-01
5.360278e-01
6.012715e-01
6.632453e-01
7.215362e-01
7.755416e-01
8.252446e-01
8.701287e-01
9.102456e-01
9.451822e-01
9.746977e-01
9.985682e-01
1.016777e+00
1.029340e+00
1.036069e+00
1.036792e+00
1.031663e+00
1.020683e+00
1.003989e+00
9.815645e-01
9.534947e-01
9.200210e-01
8.812293e-01
8.376531e-01
7.891893e-01
7.362336e-01
6.790270e-01
6.180859e-01
5.537026e-01
4.860150e-01
4.154878e-01
3.427921e-01
2.682204e-01
1.921171e-01
1.146369e-01
3.593482e-02
-4.090856e-02
-1.194385e-01
-1.968154e-01
-2.728155e-01
-3.472151e-01
-4.199452e-01
-4.901971e-01
-5.577298e-01
-6.218205e-01
-6.826412e-01
-7.395208e-01
-7.921322e-01
-8.402174e-01
-8.835354e-01
-9.218625e-01
-9.550265e-01
-9.827004e-01
-1.004729e+00
-1.021096e+00
-1.031663e+00
-1.036396e+00
-1.035226e+00
-1.028084e+00
-1.015176e+00
-9.965718e-01
-9.722194e-01
-9.423426e-01
-9.070789e-01
-8.667211e-01
-8.215272e-01
-7.715317e-01
-7.170787e-01
-6.585642e-01
-5.964871e-01
-5.309508e-01
-4.623339e-01
-3.909805e-01
-3.175620e-01
-2.425256e-01
-1.659232e-01
-8.797836e-02
-1.018842e-02
6.768758e-02
1.460455e-01
2.228372e-01
2.983210e-01
3.722214e-01
4.441771e-01
5.135685e-01
5.799998e-01
6.430062e-01
7.024673e-01
7.580389e-01
8.092736e-01
8.557066e-01
8.974240e-01
9.340989e-01
9.654386e-01
9.911678e-01
1.011407e+00
1.025829e+00
1.034451e+00
1.037239e+00
1.034073e+00
1.025020e+00
1.010151e+00
9.896361e-01
9.634250e-01
9.316895e-01
8.947220e-01
8.527637e-01
8.058315e-01
7.543387e-01
6.985090e-01
6.387897e-01
5.755767e-01
5.089734e-01
4.393239e-01
3.672649e-01
2.932956e-01
2.176914e-01
1.406070e-01
6.221475e-02
-1.485237e-02
-9.334793e-02
-1.711723e-01
-2.475682e-01
-3.225701e-01
-3.959543e-01
-4.670322e-01
-5.355631e-01
-6.008929e-01
-6.627806e-01
-7.209682e-01
-7.750770e-01
-8.247283e-01
-8.696468e-01
-9.096949e-01
-9.445971e-01
-9.741125e-01
-9.979658e-01
-1.016277e+00
-1.028772e+00
-1.035518e+00
-1.036310e+00
-1.031130e+00
-1.020150e+00
-1.003421e+00
-9.810138e-01
-9.529268e-01
-9.194530e-01
-8.807990e-01
-8.371540e-01
-7.887074e-01
-7.356657e-01
-6.785624e-01
-6.175695e-01
-5.531347e-01
-4.854643e-01
-4.150059e-01
-3.422585e-01
-2.676697e-01
-1.916180e-01
-1.141034e-01
-3.559062e-02
4.140766e-02
1.200237e-01
1.974006e-01
2.733318e-01
3.477658e-01
4.204271e-01
4.907478e-01
5.581601e-01
6.223196e-01
6.831231e-01
7.399682e-01
7.926486e-01
8.407854e-01
8.840517e-01
9.224304e-01
9.555772e-01
9.832511e-01
1.005263e+00
1.021613e+00
1.032317e+00
1.036895e+00
1.035777e+00
1.028686e+00
1.015727e+00
9.971053e-01
9.727873e-01
9.429277e-01
9.077157e-01
8.672890e-01
8.220263e-01
7.719791e-01
7.176122e-01
6.591149e-01
5.969862e-01
5.315531e-01
4.628674e-01
3.916173e-01
3.181299e-01
2.430419e-01
1.664911e-01
8.847746e-02
1.065309e-02
-6.718848e-02
-1.453226e-01
-2.222004e-01
-2.977186e-01
-3.716707e-01
-4.436092e-01
-5.130178e-01
-5.794662e-01
-6.425243e-01
-7.020198e-01
-7.575054e-01
-8.086712e-01
-8.551731e-01
-8.968905e-01
-9.335482e-01
-9.648535e-01
-9.906343e-01
-1.010787e+00
-1.025261e+00
-1.033918e+00
-1.036671e+00
-1.033539e+00
-1.024435e+00
-1.009617e+00
-9.889993e-01
-9.629087e-01
-9.312248e-01
-8.941885e-01
-8.522301e-01
-8.053497e-01
-7.538741e-01
-6.980443e-01
-6.383250e-01
-5.750260e-01
-5.083366e-01
-4.387731e-01
-3.667314e-01
-2.927105e-01
-2.172095e-01
-1.401424e-01
-6.185333e-02
1.533426e-02
9.389866e-02
1.717402e-01
2.481878e-01
3.231208e-01
3.964706e-01
4.675830e-01
5.359589e-01
6.013404e-01
6.632281e-01
7.214845e-01
7.755589e-01
8.251930e-01
8.701115e-01
9.102284e-01
9.451306e-01
9.746288e-01
9.985854e-01
1.016811e+00
1.029374e+00
1.036052e+00
1.036809e+00
1.031715e+00
1.020683e+00
1.003921e+00
9.815301e-01
9.534431e-01
9.200038e-01
8.812637e-01
8.376015e-01
7.891377e-01
7.361820e-01
6.790270e-01
6.181375e-01
5.537370e-01
4.861183e-01
4.155911e-01
3.428437e-01
2.682720e-01
1.922203e-01
1.146541e-01
3.603808e-02
-4.082251e-02
-1.193525e-01
-1.966950e-01
-2.727467e-01
-3.471634e-01
-4.198764e-01
-4.901971e-01
-5.576610e-01
-6.218721e-01
-6.825723e-01
-7.394691e-01
-7.921667e-01
-8.402347e-01
-8.834666e-01
-9.218797e-01
-9.549920e-01
-9.826832e-01
-1.004695e+00
-1.021045e+00
-1.031663e+00
-1.036413e+00
-1.035260e+00
-1.028118e+00
-1.015193e+00
-9.966062e-01
-9.722194e-01
-9.423598e-01
-9.071134e-01
-8.667727e-01
-8.214928e-01
-7.715317e-01
-7.170959e-01
-6.586330e-01
-5.965215e-01
-5.309852e-01
-4.622994e-01
-3.910321e-01
-3.176480e-01
-2.425945e-01
-1.660437e-01
-8.799557e-02
-1.024005e-02
6.760153e-02
1.458734e-01
2.227684e-01
2.982694e-01
3.722042e-01
4.441599e-01
5.135685e-01
5.798793e-01
6.430234e-01
7.024673e-01
7.580045e-01
8.091703e-01
8.556894e-01
8.973552e-01
9.340817e-01
9.653870e-01
9.912022e-01
1.011338e+00
1.025898e+00
1.034486e+00
1.037222e+00
1.034090e+00
1.025037e+00
1.010185e+00
9.896705e-01
9.634422e-01
9.317239e-01
8.946876e-01
8.527464e-01
8.059520e-01
7.543731e-01
6.985262e-01
6.388413e-01
5.755940e-01
5.090078e-01
4.394099e-01
3.672993e-01
2.932784e-01
2.176914e-01
1.407103e-01
6.221475e-02
-1.481795e-02
-9.326188e-02
-1.711035e-01
-2.474650e-01
-3.225013e-01
-3.958166e-01
-4.670322e-01
-5.355287e-01
-6.008068e-01
-6.626946e-01
-7.209682e-01
-7.750253e-01
-8.247455e-01
-8.696124e-01
-9.096777e-01
-9.445283e-01
-9.740781e-01
-9.980347e-01
-1.016312e+00
-1.028789e+00
-1.035501e+00
-1.036327e+00
-1.031181e+00
-1.020150e+00
-1.003439e+00
-9.810138e-01
-9.528752e-01
-9.194703e-01
-8.807474e-01
-8.371712e-01
-7.886558e-01
-7.357345e-01
-6.784935e-01
-6.176384e-01
-5.532035e-01
-4.855160e-01
-4.150059e-01
-3.423102e-01
-2.677213e-01
-1.916868e-01
-1.141894e-01
-3.564225e-02
4.128718e-02
1.199548e-01
1.973145e-01
2.732974e-01
3.476797e-01
4.203755e-01
4.906274e-01
5.581256e-01
6.223368e-01
6.830026e-01
7.399854e-01
7.926830e-01
8.407165e-01
8.840345e-01
9.224304e-01
9.555600e-01
9.832167e-01
1.005263e+00
1.021630e+00
1.032300e+00
1.036998e+00
1.035811e+00
1.028686e+00
1.015744e+00
9.971225e-01
9.728046e-01
9.429449e-01
9.076641e-01
8.672718e-01
8.220263e-01
7.720652e-01
7.176294e-01
6.591149e-01
5.970550e-01
5.315876e-01
4.629362e-01
3.916001e-01
3.181643e-01
2.431108e-01
1.665428e-01
8.856351e-02
1.070472e-02
-6.715406e-02
-1.452882e-01
-2.222004e-01
-2.976326e-01
-3.715502e-01
-4.435404e-01
-5.130178e-01
-5.794146e-01
-6.424899e-01
-7.019854e-01
-7.574882e-01
-8.086884e-01
-8.551731e-01
-8.968389e-01
-9.335310e-01
-9.648190e-01
-9.906687e-01
-1.010822e+00
-1.025261e+00
-1.033901e+00
-1.036671e+00
-1.033505e+00
-1.024452e+00
-1.009652e+00
-9.891198e-01
-9.629087e-01
-9.312076e-01
-8.942402e-01
-8.522474e-01
-8.054013e-01
-7.539257e-01
-6.980787e-01
-6.383938e-01
-5.750777e-01
-5.084227e-01
-4.388420e-01
-3.667658e-01
-2.927965e-01
-2.172095e-01
-1.401768e-01
-6.187054e-02
1.535147e-02
9.382982e-02
1.717230e-01
2.480845e-01
3.231036e-01
3.963329e-01
4.675141e-01
5.359417e-01
6.012887e-01
6.631249e-01
7.213985e-01
7.755244e-01
8.252102e-01
8.701287e-01
9.101768e-01
9.451134e-01
9.746460e-01
9.985682e-01
1.016811e+00
1.029306e+00
1.036086e+00
1.036809e+00
1.031681e+00
1.020700e+00
1.003955e+00
9.815301e-01
9.534603e-01
9.200038e-01
8.812981e-01
8.376703e-01
7.891549e-01
7.362164e-01
6.790270e-01
6.181375e-01
5.537887e-01
4.861355e-01
4.155738e-01
3.428609e-01
2.683409e-01
1.921859e-01
1.146713e-01
3.605529e-02
-4.082251e-02
-1.193697e-01
-1.966950e-01
-2.727295e-01
-3.470774e-01
-4.197903e-01
-4.901627e-01
-5.576093e-01
-6.218377e-01
-6.824863e-01
-7.394175e-01
-7.921150e-01
-8.402347e-01
-8.835182e-01
-9.218797e-01
-9.550092e-01
-9.826832e-01
-1.004695e+00
-1.021079e+00
-1.031715e+00
-1.036379e+00
-1.035209e+00
-1.028084e+00
-1.015228e+00
-9.965546e-01
-9.722538e-01
-9.423426e-01
-9.071134e-01
-8.667727e-01
-8.214928e-01
-7.715317e-01
-7.171131e-01
-6.586502e-01
-5.965043e-01
-5.309508e-01
-4.623167e-01
-3.909977e-01
-3.176480e-01
-2.425773e-01
-1.660781e-01
-8.815046e-02
-1.030889e-02
6.761874e-02
1.458561e-01
2.227512e-01
2.981833e-01
3.721526e-01
4.440911e-01
5.134653e-01
5.799137e-01
6.428685e-01
7.023812e-01
7.580045e-01
8.091187e-01
8.556722e-01
8.973552e-01
9.340817e-01
9.654042e-01
9.912539e-01
1.011355e+00
1.025829e+00
1.034486e+00
1.037239e+00
1.034090e+00
1.025003e+00
1.010168e+00
9.896361e-01
9.634594e-01
9.317583e-01
8.947565e-01
8.528153e-01
8.058832e-01
7.543559e-01
6.985262e-01
6.388413e-01
5.756112e-01
5.090250e-01
4.393927e-01
3.673165e-01
2.932956e-01
2.176914e-01
1.407275e-01
6.226638e-02
-1.481795e-02
-9.327909e-02
-1.710690e-01
-2.474822e-01
-3.224496e-01
-3.958166e-01
-4.669634e-01
-5.354771e-01
-6.007724e-01
-6.626774e-01
-7.209166e-01
-7.750081e-01
-8.246422e-01
-8.695952e-01
-9.096088e-01
-9.445455e-01
-9.740781e-01
-9.980174e-01
-1.016277e+00
-1.028772e+00
-1.035450e+00
-1.036276e+00
-1.031130e+00
-1.020133e+00
-1.003404e+00
-9.810310e-01
-9.529268e-01
-9.194703e-01
-8.806958e-01
-8.370680e-01
-7.886730e-01
-7.357173e-01
-6.785796e-01
-6.175868e-01
-5.531863e-01
-4.855160e-01
-4.150575e-01
-3.422758e-01
-2.678074e-01
-1.917384e-01
-1.142067e-01
-3.564225e-02
4.132161e-02
1.199032e-01
1.972629e-01
2.732286e-01
3.476453e-01
4.203411e-01
4.906102e-01
5.580740e-01
6.222507e-01
6.829682e-01
7.398822e-01
7.925797e-01
8.407165e-01
8.840001e-01
9.223616e-01
9.555083e-01
9.831995e-01
1.005280e+00
1.021561e+00
1.032266e+00
1.037016e+00
1.035742e+00
1.028720e+00
1.015744e+00
9.971053e-01
9.727701e-01
9.429621e-01
9.077157e-01
8.672718e-01
8.220435e-01
7.720824e-01
7.176122e-01
6.591321e-01
5.970550e-01
5.316392e-01
4.629706e-01
3.916345e-01
3.181987e-01
2.431280e-01
1.665600e-01
8.859793e-02
1.073914e-02
-6.705080e-02
-1.452366e-01
-2.221488e-01
-2.976498e-01
-3.715502e-01
-4.435576e-01
-5.129834e-01
-5.793630e-01
-6.424554e-01
-7.020026e-01
-7.574366e-01
-8.086368e-01
-8.551731e-01
-8.968389e-01
-9.334621e-01
-9.648190e-01
-9.906343e-01
-1.010805e+00
-1.025261e+00
-1.033952e+00
-1.036706e+00
-1.033488e+00
-1.024401e+00
-1.009669e+00
-9.890682e-01
-9.629259e-01
-9.312076e-01
-8.942229e-01
-8.522646e-01
-8.054013e-01
-7.538741e-01
-6.980271e-01
-6.383594e-01
-5.751465e-01
-5.083194e-01
-4.388936e-01
-3.668002e-01
-2.928137e-01
-2.173472e-01
-1.402284e-01
-6.193938e-02
1.528263e-02
9.379540e-02
1.716370e-01
2.480845e-01
3.230520e-01
3.963329e-01
4.675313e-01
5.358729e-01
6.012371e-01
6.631593e-01
7.213640e-01
7.755072e-01
8.251586e-01
8.700599e-01
9.101596e-01
9.450790e-01
9.746288e-01
9.985510e-01
1.016759e+00
1.029323e+00
1.036052e+00
1.036844e+00
1.031646e+00
1.020718e+00
1.003938e+00
9.815129e-01
9.535120e-01
9.200210e-01
8.813153e-01
8.376187e-01
7.891893e-01
7.362336e-01
6.790270e-01
6.181719e-01
5.537715e-01
4.861527e-01
4.156255e-01
3.428953e-01
2.683753e-01
1.922203e-01
1.147746e-01
3.608972e-02
-4.078809e-02
-1.193009e-01
-1.966606e-01
-2.726778e-01
-3.471118e-01
-4.197387e-01
-4.901455e-01
-5.576093e-01
-6.218032e-01
-6.824863e-01
-7.394175e-01
-7.920290e-01
-8.402174e-01
-8.834666e-01
-9.218108e-01
-9.549920e-01
-9.826316e-01
-1.004661e+00
-1.021096e+00
-1.031715e+00
-1.036396e+00
-1.035243e+00
-1.028101e+00
-1.015210e+00
-9.965890e-01
-9.723055e-01
-9.423942e-01
-9.071306e-01
-8.667727e-01
-8.215272e-01
-7.715661e-01
-7.171476e-01
-6.586674e-01
-5.965559e-01
-5.310024e-01
-4.624199e-01
-3.910666e-01
-3.176652e-01
-2.426461e-01
-1.660609e-01
-8.813325e-02
-1.029168e-02
6.758432e-02
1.458045e-01
2.226995e-01
2.981145e-01
3.720493e-01
4.440395e-01
5.134481e-01
5.797932e-01
6.428513e-01
7.023984e-01
7.579873e-01
8.091187e-01
8.556205e-01
8.973380e-01
9.340473e-01
9.654042e-01
9.911334e-01
1.011373e+00
1.025829e+00
1.034537e+00
1.037205e+00
1.034073e+00
1.024986e+00
1.010168e+00
9.896361e-01
9.635111e-01
9.317755e-01
8.947392e-01
8.528497e-01
8.058832e-01
7.544248e-01
6.985950e-01
6.389102e-01
5.756628e-01
5.090595e-01
4.394271e-01
3.673338e-01
2.933989e-01
2.177774e-01
1.407275e-01
6.235243e-02
-1.476632e-02
-9.324467e-02
-1.710518e-01
-2.474305e-01
-3.224152e-01
-3.957477e-01
-4.669118e-01
-5.354599e-01
-6.007380e-01
-6.626774e-01
-7.208650e-01
-7.749909e-01
-8.246595e-01
-8.695608e-01
-9.095916e-01
-9.445110e-01
-9.740609e-01
-9.980002e-01
-1.016226e+00
-1.028806e+00
-1.035450e+00
-1.036276e+00
-1.031164e+00
-1.020184e+00
-1.003473e+00
-9.810310e-01
-9.529268e-01
-9.195047e-01
-8.807474e-01
-8.371540e-01
-7.887591e-01
-7.357517e-01
-6.785452e-01
-6.176556e-01
-5.531863e-01
-4.855160e-01
-4.151092e-01
-3.423274e-01
-2.677902e-01
-1.917557e-01
-1.142583e-01
-3.567667e-02
4.128718e-02
1.199721e-01
1.972629e-01
2.731942e-01
3.476109e-01
4.203066e-01
4.906274e-01
5.580224e-01
6.222679e-01
6.830026e-01
7.399510e-01
7.925453e-01
8.406993e-01
8.839829e-01
9.223271e-01
9.554739e-01
9.832167e-01
1.005280e+00
1.021595e+00
1.032231e+00
1.036981e+00
1.035828e+00
1.028634e+00
1.015778e+00
9.971569e-01
9.728390e-01
9.429449e-01
9.077329e-01
8.672890e-01
8.220607e-01
7.720480e-01
7.176639e-01
6.591665e-01
5.971239e-01
5.316048e-01
4.629534e-01
3.916345e-01
3.181815e-01
2.431280e-01
1.665428e-01
8.861514e-02
1.073914e-02
-6.713685e-02
-1.451677e-01
-2.221316e-01
-2.975982e-01
-3.714986e-01
-4.434543e-01
-5.129145e-01
-5.793458e-01
-6.424382e-01
-7.018821e-01
-7.574538e-01
-8.085507e-01
-8.551387e-01
-8.968389e-01
-9.334621e-01
-9.648018e-01
-9.906171e-01
-1.010787e+00
-1.025227e+00
-1.033935e+00
-1.036671e+00
-1.033522e+00
-1.024469e+00
-1.009617e+00
-9.891370e-01
-9.629431e-01
-9.312248e-01
-8.942574e-01
-8.523162e-01
-8.054357e-01
-7.538913e-01
-6.981131e-01
-6.383766e-01
-5.751293e-01
-5.084743e-01
-4.389280e-01
-3.668519e-01
-2.928137e-01
-2.173127e-01
-1.402284e-01
-6.200822e-02
1.528263e-02
9.374377e-02
1.715853e-01
2.480329e-01
3.229659e-01
3.963157e-01
4.674797e-01
5.358729e-01
6.011855e-01
6.631421e-01
7.213296e-01
7.754900e-01
8.251241e-01
8.700082e-01
9.101423e-01
9.450618e-01
9.745944e-01
9.985165e-01
1.016794e+00
1.029392e+00
1.036000e+00
1.036861e+00
1.031698e+00
1.020718e+00
1.003989e+00
9.815645e-01
9.534947e-01
9.200210e-01
8.813325e-01
8.377392e-01
7.892409e-01
7.363025e-01
6.790787e-01
6.182580e-01
5.538231e-01
4.861871e-01
4.157115e-01
3.429469e-01
2.683237e-01
1.922375e-01
1.147746e-01
3.610693e-02
-4.075367e-02
-1.192664e-01
-1.966433e-01
-2.726090e-01
-3.470602e-01
-4.197731e-01
-4.900422e-01
-5.575577e-01
-6.217516e-01
-6.824691e-01
-7.394175e-01
-7.920290e-01
-8.401142e-01
-8.834666e-01
-9.218108e-01
-9.549576e-01
-9.826143e-01
-1.004678e+00
-1.021079e+00
-1.031732e+00
-1.036431e+00
-1.035243e+00
-1.028170e+00
-1.015210e+00
-9.965718e-01
-9.723055e-01
-9.423770e-01
-9.071478e-01
-8.668244e-01
-8.215788e-01
-7.716005e-01
-7.172164e-01
-6.587191e-01
-5.965387e-01
-5.310368e-01
-4.623855e-01
-3.911182e-01
-3.177341e-01
-2.426117e-01
-1.660953e-01
-8.815046e-02
-1.037773e-02
6.756711e-02
1.458045e-01
2.226995e-01
2.981489e-01
3.720838e-01
4.439878e-01
5.133964e-01
5.797760e-01
6.428685e-01
7.023640e-01
7.579184e-01
8.091531e-01
8.555861e-01
8.972691e-01
9.339612e-01
9.653526e-01
9.911850e-01
1.011304e+00
1.025777e+00
1.034469e+00
1.037222e+00
1.034124e+00
1.024986e+00
1.010202e+00
9.896705e-01
9.634766e-01
9.317927e-01
8.947737e-01
8.528325e-01
8.059348e-01
7.544248e-01
6.986122e-01
6.389446e-01
5.756972e-01
5.090422e-01
4.394443e-01
3.673510e-01
2.933817e-01
2.178291e-01
1.407103e-01
6.233522e-02
-1.466306e-02
-9.324467e-02
-1.710174e-01
-2.474305e-01
-3.224152e-01
-3.957133e-01
-4.668773e-01
-5.354426e-01
-6.007036e-01
-6.626085e-01
-7.208133e-01
-7.750081e-01
-8.246422e-01
-8.695780e-01
-9.095916e-01
-9.445110e-01
-9.740609e-01
-9.980174e-01
-1.016277e+00
-1.028789e+00
-1.035501e+00
-1.036310e+00
-1.031181e+00
-1.020253e+00
-1.003490e+00
-9.810826e-01
-9.529957e-01
-9.195047e-01
-8.808679e-01
-8.371885e-01
-7.887935e-01
-7.357690e-01
-6.786656e-01
-6.177072e-01
-5.532724e-01
-4.856020e-01
-4.151264e-01
-3.423446e-01
-2.677730e-01
-1.917384e-01
-1.142583e-01
-3.572830e-02
4.123555e-02
1.199204e-01
1.971941e-01
2.731769e-01
3.475765e-01
4.202550e-01
4.905241e-01
5.580568e-01
6.221991e-01
6.829510e-01
7.398994e-01
7.924764e-01
8.406821e-01
8.840001e-01
9.223099e-01
9.555083e-01
9.832167e-01
1.005229e+00
1.021578e+00
1.032231e+00
1.036947e+00
1.035777e+00
1.028703e+00
1.015796e+00
9.971741e-01
9.728734e-01
9.429621e-01
9.076813e-01
8.673923e-01
8.221296e-01
7.721512e-01
7.177327e-01
6.592354e-01
5.971755e-01
5.316736e-01
4.629878e-01
3.916345e-01
3.182504e-01
2.431452e-01
1.665772e-01
8.864956e-02
1.079077e-02
-6.701638e-02
-1.451333e-01
-2.221144e-01
-2.975982e-01
-3.715158e-01
-4.434543e-01
-5.129145e-01
-5.792941e-01
-6.424382e-01
-7.019338e-01
-7.574538e-01
-8.085852e-01
-8.550870e-01
-8.967873e-01
-9.334105e-01
-9.647846e-01
-9.905827e-01
-1.010770e+00
-1.025192e+00
-1.033918e+00
-1.036654e+00
-1.033556e+00
-1.024487e+00
-1.009652e+00
-9.891026e-01
-9.629603e-01
-9.312764e-01
-8.942918e-01
-8.523506e-01
-8.055218e-01
-7.540117e-01
-6.981131e-01
-6.384111e-01
-5.751465e-01
-5.084915e-01
-4.389280e-01
-3.668519e-01
-2.928310e-01
-2.173127e-01
-1.403145e-01
-6.197380e-02
1.519658e-02
9.374377e-02
1.715681e-01
2.479985e-01
3.230004e-01
3.962985e-01
4.674453e-01
5.359073e-01
6.011510e-01
6.631421e-01
7.213468e-01
7.754212e-01
8.251758e-01
8.700255e-01
9.101596e-01
9.450618e-01
9.746460e-01
9.984993e-01
1.016828e+00
1.029357e+00
1.036017e+00
1.036844e+00
1.031715e+00
1.020718e+00
1.004058e+00
9.816162e-01
9.534775e-01
9.200382e-01
8.813497e-01
8.376876e-01
7.892754e-01
7.363025e-01
6.791647e-01
6.182752e-01
5.538575e-01
4.862560e-01
4.157115e-01
3.429814e-01
2.684097e-01
1.923408e-01
1.148090e-01
3.615856e-02
-4.068483e-02
-1.192148e-01
-1.966089e-01
-2.726090e-01
-3.469741e-01
-4.197215e-01
-4.900422e-01
-5.575405e-01
-6.217516e-01
-6.824863e-01
-7.393831e-01
-7.920462e-01
-8.401486e-01
-8.834838e-01
-9.217764e-01
-9.549404e-01
-9.826316e-01
-1.004626e+00
-1.021045e+00
-1.031646e+00
-1.036413e+00
-1.035243e+00
-1.028101e+00
-1.015210e+00
-9.965546e-01
-9.723915e-01
-9.424286e-01
-9.072166e-01
-8.668760e-01
-8.215616e-01
-7.716522e-01
-7.172336e-01
-6.587018e-01
-5.966076e-01
-5.311057e-01
-4.624715e-01
-3.911182e-01
-3.178373e-01
-2.427150e-01
-1.661813e-01
-8.820209e-02
-1.037773e-02
6.746385e-02
1.457701e-01
2.226135e-01
2.981145e-01
3.719977e-01
4.440222e-01
5.133792e-01
5.797932e-01
6.428513e-01
7.023468e-01
7.579184e-01
8.091187e-01
8.556033e-01
8.972691e-01
9.339784e-01
9.654042e-01
9.911850e-01
1.011373e+00
1.025812e+00
1.034503e+00
1.037239e+00
1.034107e+00
1.025020e+00
1.010133e+00
9.897049e-01
9.634766e-01
9.318272e-01
8.948425e-01
8.527981e-01
8.059520e-01
7.545280e-01
6.986638e-01
6.389446e-01
5.757488e-01
5.091111e-01
4.395304e-01
3.674026e-01
2.935021e-01
2.178807e-01
1.408480e-01
6.243848e-02
-1.473190e-02
-9.314141e-02
-1.709658e-01
-2.474305e-01
-3.224324e-01
-3.957994e-01
-4.668946e-01
-5.353910e-01
-6.006520e-01
-6.626258e-01
-7.208305e-01
-7.749221e-01
-8.245906e-01
-8.695780e-01
-9.095572e-01
-9.444422e-01
-9.740265e-01
-9.979486e-01
-1.016226e+00
-1.028772e+00
-1.035501e+00
-1.036310e+00
-1.031147e+00
-1.020184e+00
-1.003439e+00
-9.810654e-01
-9.530129e-01
-9.195219e-01
-8.808506e-01
-8.372401e-01
-7.888107e-01
-7.358894e-01
-6.787517e-01
-6.177933e-01
-5.532896e-01
-4.856881e-01
-4.152124e-01
-3.423790e-01
-2.679106e-01
-1.918589e-01
-1.143099e-01
-3.577993e-02
4.120113e-02
1.198000e-01
1.971596e-01
2.731425e-01
3.475421e-01
4.202550e-01
4.905413e-01
5.580052e-01
6.221991e-01
6.830026e-01
7.398306e-01
7.925109e-01
8.406649e-01
8.839657e-01
9.223444e-01
9.554911e-01
9.831823e-01
1.005246e+00
1.021595e+00
1.032248e+00
1.036981e+00
1.035828e+00
1.028703e+00
1.015744e+00
9.971569e-01
9.728390e-01
9.429965e-01
9.077329e-01
8.674095e-01
8.221124e-01
7.721340e-01
7.177155e-01
6.592698e-01
5.972099e-01
5.317252e-01
4.630739e-01
3.917550e-01
3.183880e-01
2.433345e-01
1.667149e-01
8.866677e-02
1.084240e-02
-6.693033e-02
-1.450473e-01
-2.220111e-01
-2.975465e-01
-3.714986e-01
-4.434027e-01
-5.128457e-01
-5.793286e-01
-6.423866e-01
-7.018821e-01
-7.574021e-01
-8.085507e-01
-8.551387e-01
-8.967700e-01
-9.334793e-01
-9.647674e-01
-9.906343e-01
-1.010770e+00
-1.025192e+00
-1.033952e+00
-1.036654e+00
-1.033522e+00
-1.024487e+00
-1.009652e+00
-9.891714e-01
-9.629603e-01
-9.313281e-01
-8.943262e-01
-8.523162e-01
-8.054529e-01
-7.539601e-01
-6.981131e-01
-6.384627e-01
-5.751981e-01
-5.085259e-01
-4.389969e-01
-3.668863e-01
-2.929342e-01
-2.173816e-01
-1.403317e-01
-6.202543e-02
1.511052e-02
9.364051e-02
1.715165e-01
2.478952e-01
3.228283e-01
3.962124e-01
4.674281e-01
5.358557e-01
6.011338e-01
6.630904e-01
7.213640e-01
7.754212e-01
8.251413e-01
8.700599e-01
9.101251e-01
9.450446e-01
9.746460e-01
9.985165e-01
1.016742e+00
1.029374e+00
1.036052e+00
1.036844e+00
1.031663e+00
1.020700e+00
1.004058e+00
9.816506e-01
9.535292e-01
9.200554e-01
8.813669e-01
8.377564e-01
7.892926e-01
7.363713e-01
6.791475e-01
6.183096e-01
5.539091e-01
4.862732e-01
4.157804e-01
3.429642e-01
2.685130e-01
1.924096e-01
1.147918e-01
3.622740e-02
-4.066762e-02
-1.191460e-01
-1.965401e-01
-2.725574e-01
-3.469741e-01
-4.196010e-01
-4.899906e-01
-5.575405e-01
-6.217172e-01
-6.824002e-01
-7.393143e-01
-7.920462e-01
-8.400626e-01
-8.834150e-01
-9.217764e-01
-9.549404e-01
-9.826316e-01
-1.004626e+00
-1.021079e+00
-1.031698e+00
-1.036482e+00
-1.035226e+00
-1.028170e+00
-1.015245e+00
-9.966578e-01
-9.723743e-01
-9.424458e-01
-9.072166e-01
-8.668588e-01
-8.216305e-01
-7.716522e-01
-7.172508e-01
-6.587535e-01
-5.966592e-01
-5.310885e-01
-4.625232e-01
-3.912215e-01
-3.178029e-01
-2.427150e-01
-1.661986e-01
-8.825372e-02
-1.046378e-02
6.744664e-02
1.457013e-01
2.225791e-01
2.980284e-01
3.719805e-01
4.439018e-01
5.133620e-01
5.797760e-01
6.427824e-01
7.022952e-01
7.578840e-01
8.090670e-01
8.555861e-01
8.972691e-01
9.340128e-01
9.654386e-01
9.911850e-01
1.011355e+00
1.025795e+00
1.034417e+00
1.037274e+00
1.034056e+00
1.025072e+00
1.010202e+00
9.897049e-01
9.635283e-01
9.319132e-01
8.947909e-01
8.529013e-01
8.060725e-01
7.544764e-01
6.986294e-01
6.389790e-01
5.757488e-01
5.091799e-01
4.395476e-01
3.674886e-01
2.935021e-01
2.179151e-01
1.408652e-01
6.249011e-02
-1.471469e-02
-9.308978e-02
-1.709141e-01
-2.473273e-01
-3.223292e-01
-3.956961e-01
-4.668085e-01
-5.353738e-01
-6.006347e-01
-6.625397e-01
-7.207961e-01
-7.749737e-01
-8.245734e-01
-8.694919e-01
-9.094884e-01
-9.444766e-01
-9.740265e-01
-9.979142e-01
-1.016191e+00
-1.028755e+00
-1.035501e+00
-1.036327e+00
-1.031181e+00
-1.020167e+00
-1.003456e+00
-9.810826e-01
-9.530129e-01
-9.195219e-01
-8.808851e-01
-8.372573e-01
-7.888795e-01
-7.358722e-01
-6.787173e-01
-6.177589e-01
-5.533240e-01
-4.856708e-01
-4.152641e-01
-3.424651e-01
-2.679451e-01
-1.918417e-01
-1.143788e-01
-3.583156e-02
4.113229e-02
1.198000e-01
1.971424e-01
2.730909e-01
3.475421e-01
4.201862e-01
4.905413e-01
5.579363e-01
6.221302e-01
6.828821e-01
7.397617e-01
7.924764e-01
8.406305e-01
8.839829e-01
9.223099e-01
9.555600e-01
9.831479e-01
1.005177e+00
1.021595e+00
1.032266e+00
1.036930e+00
1.035811e+00
1.028686e+00
1.015778e+00
9.971397e-01
9.728906e-01
9.429277e-01
9.077501e-01
8.673923e-01
8.221812e-01
7.721168e-01
7.178015e-01
6.592870e-01
5.972271e-01
5.317252e-01
4.630739e-01
3.917894e-01
3.184053e-01
2.433345e-01
1.667149e-01
8.873561e-02
1.087682e-02
-6.693033e-02
-1.450817e-01
-2.219767e-01
-2.974777e-01
-3.714126e-01
-4.433855e-01
-5.128113e-01
-5.792081e-01
-6.423350e-01
-7.017445e-01
-7.573505e-01
-8.085507e-01
-8.550698e-01
-8.967356e-01
-9.334449e-01
-9.647846e-01
-9.905827e-01
-1.010736e+00
-1.025210e+00
-1.033866e+00
-1.036637e+00
-1.033488e+00
-1.024487e+00
-1.009669e+00
-9.891886e-01
-9.629776e-01
-9.313108e-01
-8.943262e-01
-8.523850e-01
-8.055218e-01
-7.540462e-01
-6.981820e-01
-6.384971e-01
-5.752153e-01
-5.085776e-01
-4.389969e-01
-3.669207e-01
-2.929686e-01
-2.174160e-01
-1.404005e-01
-6.207706e-02
1.512773e-02
9.362330e-02
1.714821e-01
2.479124e-01
3.228627e-01
3.961436e-01
4.673076e-01
5.358213e-01
6.011166e-01
6.630560e-01
7.212952e-01
7.754040e-01
8.251069e-01
8.700255e-01
9.100735e-01
9.450101e-01
9.745944e-01
9.985165e-01
1.016742e+00
1.029340e+00
1.036052e+00
1.036878e+00
1.031663e+00
1.020700e+00
1.003989e+00
9.816162e-01
9.535120e-01
9.200898e-01
8.814014e-01
8.377736e-01
7.892754e-01
7.363369e-01
6.791475e-01
6.182580e-01
5.539091e-01
4.862732e-01
4.157459e-01
3.429986e-01
2.684614e-01
1.923752e-01
1.148606e-01
3.622740e-02
-4.059878e-02
-1.191288e-01
-1.964884e-01
-2.725230e-01
-3.469397e-01
-4.196010e-01
-4.899218e-01
-5.574889e-01
-6.216139e-01
-6.824174e-01
-7.392626e-01
-7.919429e-01
-8.400626e-01
-8.833977e-01
-9.217592e-01
-9.549576e-01
-9.826316e-01
-1.004712e+00
-1.021079e+00
-1.031646e+00
-1.036448e+00
-1.035209e+00
-1.028152e+00
-1.015262e+00
-9.966406e-01
-9.723399e-01
-9.424975e-01
-9.072338e-01
-8.668760e-01
-8.216821e-01
-7.716694e-01
-7.172336e-01
-6.588223e-01
-5.966764e-01
-5.311057e-01
-4.625060e-01
-3.911698e-01
-3.178373e-01
-2.427494e-01
-1.661986e-01
-8.827093e-02
-1.046378e-02
6.744664e-02
1.456668e-01
2.225791e-01
2.980628e-01
3.719461e-01
4.439362e-01
5.133104e-01
5.795867e-01
6.426964e-01
7.022780e-01
7.578496e-01
8.090326e-01
8.555861e-01
8.972691e-01
9.339440e-01
9.653353e-01
9.911162e-01
1.011321e+00
1.025863e+00
1.034417e+00
1.037274e+00
1.034073e+00
1.025072e+00
1.010185e+00
9.897394e-01
9.635111e-01
9.318788e-01
8.947909e-01
8.528669e-01
8.060208e-01
7.545108e-01
6.986811e-01
6.389790e-01
5.757661e-01
5.092488e-01
4.395476e-01
3.675231e-01
2.935194e-01
2.179495e-01
1.409340e-01
6.254174e-02
-1.457701e-02
-9.307257e-02
-1.708281e-01
-2.473273e-01
-3.222948e-01
-3.956273e-01
-4.668085e-01
-5.353738e-01
-6.006520e-01
-6.625225e-01
-7.207789e-01
-7.748877e-01
-8.245218e-01
-8.694747e-01
-9.095400e-01
-9.444594e-01
-9.739576e-01
-9.979486e-01
-1.016174e+00
-1.028738e+00
-1.035536e+00
-1.036310e+00
-1.031164e+00
-1.020253e+00
-1.003507e+00
-9.810826e-01
-9.529957e-01
-9.195391e-01
-8.809023e-01
-8.372745e-01
-7.888967e-01
-7.358550e-01
-6.787345e-01
-6.177589e-01
-5.533412e-01
-4.857053e-01
-4.152469e-01
-3.424995e-01
-2.680311e-01
-1.919794e-01
-1.144476e-01
-3.588319e-02
4.109787e-02
1.197311e-01
1.970908e-01
2.730393e-01
3.475076e-01
4.201690e-01
4.904897e-01
5.578847e-01
6.221475e-01
6.828649e-01
7.397789e-01
7.925109e-01
8.405444e-01
8.838796e-01
9.222411e-01
9.554739e-01
9.831995e-01
1.005229e+00
1.021578e+00
1.032214e+00
1.036964e+00
1.035845e+00
1.028634e+00
1.015778e+00
9.971741e-01
9.728390e-01
9.429965e-01
9.076813e-01
8.674095e-01
8.221812e-01
7.722201e-01
7.178188e-01
6.593386e-01
5.972271e-01
5.317941e-01
4.631772e-01
3.917894e-01
3.184225e-01
2.433517e-01
1.667665e-01
8.880445e-02
1.091124e-02
-6.691312e-02
-1.450473e-01
-2.219767e-01
-2.974261e-01
-3.713781e-01
-4.433166e-01
-5.127769e-01
-5.792253e-01
-6.423178e-01
-7.017789e-01
-7.573677e-01
-8.084819e-01
-8.550698e-01
-8.967184e-01
-9.334277e-01
-9.647502e-01
-9.906343e-01
-1.010753e+00
-1.025227e+00
-1.033901e+00
-1.036671e+00
-1.033539e+00
-1.024469e+00
-1.009738e+00
-9.892058e-01
-9.630120e-01
-9.312936e-01
-8.943262e-01
-8.523506e-01
-8.054873e-01
-7.539945e-01
-6.982164e-01
-6.384799e-01
-5.752325e-01
-5.085259e-01
-4.390657e-01
-3.669723e-01
-2.929858e-01
-2.174332e-01
-1.404005e-01
-6.214590e-02
1.504168e-02
9.360609e-02
1.714304e-01
2.478264e-01
3.228111e-01
3.961264e-01
4.672904e-01
5.358041e-01
6.010650e-01
6.630044e-01
7.212952e-01
7.753695e-01
8.250725e-01
8.699738e-01
9.100391e-01
9.450101e-01
9.745256e-01
9.984821e-01
1.016725e+00
1.029357e+00
1.036035e+00
1.036861e+00
1.031663e+00
1.020769e+00
1.004110e+00
9.816162e-01
9.535808e-01
9.201415e-01
8.814014e-01
8.377736e-01
7.893614e-01
7.364057e-01
6.792336e-01
6.183268e-01
5.539436e-01
4.862904e-01
4.158320e-01
3.430502e-01
2.685130e-01
1.924613e-01
1.148951e-01
3.629624e-02
-4.058157e-02
-1.190943e-01
-1.964884e-01
-2.724713e-01
-3.468192e-01
-4.195838e-01
-4.899390e-01
-5.574028e-01
-6.216484e-01
-6.823830e-01
-7.392454e-01
-7.919257e-01
-8.400626e-01
-8.833461e-01
-9.217592e-01
-9.549060e-01
-9.825971e-01
-1.004609e+00
-1.021027e+00
-1.031663e+00
-1.036396e+00
-1.035226e+00
-1.028152e+00
-1.015296e+00
-9.966234e-01
-9.723915e-01
-9.424458e-01
-9.072166e-01
-8.669276e-01
-8.216993e-01
-7.717210e-01
-7.172680e-01
-6.588051e-01
-5.966936e-01
-5.311573e-01
-4.625232e-01
-3.912387e-01
-3.178545e-01
-2.428182e-01
-1.662502e-01
-8.835699e-02
-1.044657e-02
6.734337e-02
1.456324e-01
2.225446e-01
2.979940e-01
3.718944e-01
4.439190e-01
5.132932e-01
5.796383e-01
6.427480e-01
7.022436e-01
7.578152e-01
8.089982e-01
8.555345e-01
8.972175e-01
9.339440e-01
9.652665e-01
9.911162e-01
1.011286e+00
1.025777e+00
1.034434e+00
1.037239e+00
1.034073e+00
1.025020e+00
1.010237e+00
9.897221e-01
9.635971e-01
9.318960e-01
8.949113e-01
8.528841e-01
8.060897e-01
7.545625e-01
6.986811e-01
6.390650e-01
5.757661e-01
5.092316e-01
4.396509e-01
3.675919e-01
2.935882e-01
2.180012e-01
1.409857e-01
6.250732e-02
-1.455980e-02
-9.307257e-02
-1.707937e-01
-2.472756e-01
-3.223120e-01
-3.956101e-01
-4.667741e-01
-5.352705e-01
-6.006003e-01
-6.624881e-01
-7.207617e-01
-7.748188e-01
-8.245390e-01
-8.694747e-01
-9.095228e-01
-9.444422e-01
-9.740093e-01
-9.979142e-01
-1.016226e+00
-1.028789e+00
-1.035501e+00
-1.036293e+00
-1.031216e+00
-1.020201e+00
-1.003507e+00
-9.810826e-01
-9.530301e-01
-9.196079e-01
-8.809023e-01
-8.373089e-01
-7.889139e-01
-7.358894e-01
-6.787345e-01
-6.178277e-01
-5.533584e-01
-4.857225e-01
-4.152813e-01
-3.425339e-01
-2.679967e-01
-1.919105e-01
-1.144304e-01
-3.590040e-02
4.097740e-02
1.196967e-01
1.970564e-01
2.730221e-01
3.474732e-01
4.201345e-01
4.904209e-01
5.578675e-01
6.220614e-01
6.828477e-01
7.397961e-01
7.924076e-01
8.405616e-01
8.838624e-01
9.223099e-01
9.554395e-01
9.832167e-01
1.005160e+00
1.021578e+00
1.032266e+00
1.036981e+00
1.035759e+00
1.028720e+00
1.015796e+00
9.972086e-01
9.728906e-01
9.430826e-01
9.077673e-01
8.674439e-01
8.222328e-01
7.722029e-01
7.178015e-01
6.593042e-01
5.972443e-01
5.317769e-01
4.631599e-01
3.918410e-01
3.184053e-01
2.434034e-01
1.667321e-01
8.880445e-02
1.096287e-02
-6.686149e-02
-1.450301e-01
-2.219251e-01
-2.973916e-01
-3.713954e-01
-4.433338e-01
-5.127424e-01
-5.791737e-01
-6.422833e-01
-7.017961e-01
-7.573333e-01
-8.085163e-01
-8.549838e-01
-8.967356e-01
-9.333761e-01
-9.647158e-01
-9.906171e-01
-1.010770e+00
-1.025244e+00
-1.033918e+00
-1.036671e+00
-1.033522e+00
-1.024556e+00
-1.009686e+00
-9.891886e-01
-9.630808e-01
-9.313108e-01
-8.944123e-01
-8.523678e-01
-8.055390e-01
-7.540634e-01
-6.982852e-01
-6.385315e-01
-5.752325e-01
-5.085776e-01
-4.390657e-01
-3.670068e-01
-2.930203e-01
-2.174849e-01
-1.404694e-01
-6.216311e-02
1.500726e-02
9.355445e-02
1.714304e-01
2.478436e-01
3.228111e-01
3.961436e-01
4.672215e-01
5.357008e-01
6.010822e-01
6.629183e-01
7.212092e-01
7.752835e-01
8.250725e-01
8.699394e-01
9.100735e-01
9.450273e-01
9.745944e-01
9.985165e-01
1.016777e+00
1.029374e+00
1.036035e+00
1.036861e+00
1.031715e+00
1.020735e+00
1.004024e+00
9.816334e-01
9.535980e-01
9.200898e-01
8.814702e-01
8.378597e-01
7.893614e-01
7.364402e-01
6.792680e-01
6.183784e-01
5.540124e-01
4.863937e-01
4.158836e-01
3.430674e-01
2.684958e-01
1.924785e-01
1.149295e-01
3.634787e-02
-4.054715e-02
-1.190083e-01
-1.964540e-01
-2.724025e-01
-3.468881e-01
-4.195150e-01
-4.899045e-01
-5.573512e-01
-6.215795e-01
-6.822453e-01
-7.392798e-01
-7.919601e-01
-8.399937e-01
-8.833117e-01
-9.217420e-01
-9.549060e-01
-9.825971e-01
-1.004661e+00
-1.021027e+00
-1.031663e+00
-1.036413e+00
-1.035226e+00
-1.028170e+00
-1.015228e+00
-9.966578e-01
-9.723915e-01
-9.424975e-01
-9.073027e-01
-8.669965e-01
-8.217337e-01
-7.717726e-01
-7.173541e-01
-6.588567e-01
-5.967452e-01
-5.312262e-01
-4.626092e-01
-3.912215e-01
-3.178201e-01
-2.428010e-01
-1.662846e-01
-8.833977e-02
-1.046378e-02
6.729174e-02
1.456496e-01
2.224930e-01
2.979596e-01
3.718772e-01
4.438846e-01
5.132587e-01
5.796211e-01
6.426792e-01
7.022263e-01
7.577980e-01
8.089638e-01
8.555689e-01
8.972347e-01
9.339612e-01
9.653353e-01
9.910990e-01
1.011269e+00
1.025795e+00
1.034451e+00
1.037257e+00
1.034021e+00
1.025089e+00
1.010219e+00
9.897566e-01
9.635799e-01
9.319132e-01
8.948941e-01
8.529702e-01
8.060553e-01
7.545797e-01
6.987499e-01
6.390823e-01
5.758177e-01
5.093176e-01
4.396509e-01
3.675231e-01
2.935710e-01
2.180356e-01
1.410201e-01
6.255895e-02
-1.454259e-02
-9.302094e-02
-1.707765e-01
-2.472412e-01
-3.221743e-01
-3.955928e-01
-4.667397e-01
-5.352533e-01
-6.005659e-01
-6.625053e-01
-7.207445e-01
-7.748532e-01
-8.245562e-01
-8.694919e-01
-9.095056e-01
-9.444422e-01
-9.739921e-01
-9.979142e-01
-1.016191e+00
-1.028738e+00
-1.035450e+00
-1.036310e+00
-1.031199e+00
-1.020184e+00
-1.003473e+00
-9.810654e-01
-9.530817e-01
-9.196079e-01
-8.808851e-01
-8.373433e-01
-7.889484e-01
-7.359583e-01
-6.788377e-01
-6.178621e-01
-5.534617e-01
-4.858429e-01
-4.153673e-01
-3.426200e-01
-2.680139e-01
-1.919450e-01
-1.144648e-01
-3.590040e-02
4.106345e-02
1.196623e-01
1.970220e-01
2.729532e-01
3.474560e-01
4.200657e-01
4.903692e-01
5.578675e-01
6.221130e-01
6.827789e-01
7.397789e-01
7.923904e-01
8.405272e-01
8.838968e-01
9.222239e-01
9.554567e-01
9.831651e-01
1.005177e+00
1.021578e+00
1.032180e+00
1.036981e+00
1.035777e+00
1.028703e+00
1.015830e+00
9.971741e-01
9.728734e-01
9.430998e-01
9.077846e-01
8.674611e-01
8.221984e-01
7.722545e-01
7.178876e-01
6.593902e-01
5.972788e-01
5.318801e-01
4.632288e-01
3.918754e-01
3.185085e-01
2.434550e-01
1.668009e-01
8.882166e-02
1.098009e-02
-6.679265e-02
-1.449612e-01
-2.218907e-01
-2.974261e-01
-3.713437e-01
-4.432822e-01
-5.127080e-01
-5.791392e-01
-6.422661e-01
-7.017617e-01
-7.573333e-01
-8.084991e-01
-8.550182e-01
-8.966668e-01
-9.333933e-01
-9.646986e-01
-9.905654e-01
-1.010787e+00
-1.025261e+00
-1.033935e+00
-1.036706e+00
-1.033539e+00
-1.024469e+00
-1.009772e+00
-9.891886e-01
-9.629948e-01
-9.313108e-01
-8.943778e-01
-8.524367e-01
-8.055906e-01
-7.540978e-01
-6.982680e-01
-6.386004e-01
-5.753186e-01
-5.086464e-01
-4.391518e-01
-3.671272e-01
-2.930547e-01
-2.175537e-01
-1.405210e-01
-6.224917e-02
1.495563e-02
9.355445e-02
1.713960e-01
2.478092e-01
3.227766e-01
3.960747e-01
4.672732e-01
5.357180e-01
6.010134e-01
6.629011e-01
7.211747e-01
7.753523e-01
8.250381e-01
8.699222e-01
9.100735e-01
9.450101e-01
9.745428e-01
9.984649e-01
1.016777e+00
1.029357e+00
1.036052e+00
1.036844e+00
1.031749e+00
1.020683e+00
1.004041e+00
9.816850e-01
9.535980e-01
9.201759e-01
8.814702e-01
8.378769e-01
7.893958e-01
7.364574e-01
6.792508e-01
6.184301e-01
5.540296e-01
4.864281e-01
4.159008e-01
3.431707e-01
2.685990e-01
1.925129e-01
1.149983e-01
3.634787e-02
-4.047831e-02
-1.190083e-01
-1.963852e-01
-2.723509e-01
-3.468364e-01
-4.195666e-01
-4.898873e-01
-5.573856e-01
-6.216139e-01
-6.822798e-01
-7.392282e-01
-7.918913e-01
-8.400281e-01
-8.833117e-01
-9.217076e-01
-9.548716e-01
-9.825799e-01
-1.004643e+00
-1.021045e+00
-1.031646e+00
-1.036448e+00
-1.035226e+00
-1.028187e+00
-1.015262e+00
-9.966406e-01
-9.724604e-01
-9.425491e-01
-9.073199e-01
-8.669793e-01
-8.217337e-01
-7.717726e-01
-7.173713e-01
-6.589256e-01
-5.967969e-01
-5.312606e-01
-4.626264e-01
-3.913075e-01
-3.179406e-01
-2.428871e-01
-1.663707e-01
-8.844304e-02
-1.061867e-02
6.727453e-02
1.455292e-01
2.224070e-01
2.979252e-01
3.718600e-01
4.438157e-01
5.132071e-01
5.795867e-01
6.426448e-01
7.021403e-01
7.577635e-01
8.089982e-01
8.554657e-01
8.971659e-01
9.338924e-01
9.652837e-01
9.910990e-01
1.011321e+00
1.025691e+00
1.034417e+00
1.037291e+00
1.034038e+00
1.025072e+00
1.010219e+00
9.897394e-01
9.635283e-01
9.319304e-01
8.948425e-01
8.529530e-01
8.061585e-01
7.545969e-01
6.988359e-01
6.391511e-01
5.758693e-01
5.093520e-01
4.397197e-01
3.675919e-01
2.936570e-01
2.180700e-01
1.410201e-01
6.264500e-02
-1.445654e-02
-9.296931e-02
-1.707076e-01
-2.471552e-01
-3.221399e-01
-3.955240e-01
-4.667052e-01
-5.352533e-01
-6.005831e-01
-6.625569e-01
-7.206756e-01
-7.748188e-01
-8.244529e-01
-8.694403e-01
-9.095056e-01
-9.444078e-01
-9.739921e-01
-9.979314e-01
-1.016226e+00
-1.028669e+00
-1.035484e+00
-1.036310e+00
-1.031147e+00
-1.020236e+00
-1.003507e+00
-9.810826e-01
-9.530817e-01
-9.196424e-01
-8.809539e-01
-8.373606e-01
-7.889828e-01
-7.359755e-01
-6.788377e-01
-6.178793e-01
-5.534617e-01
-4.858257e-01
-4.154017e-01
-3.426544e-01
-2.681516e-01
-1.920826e-01
-1.146025e-01
-3.596924e-02
