4,145298e-02
1,199716e-01
1,973681e-01
2,733394e-01
3,477789e-01
4,204524e-01
4,907438e-01
5,581970e-01
6,223764e-01
6,830895e-01
7,400262e-01
7,926617e-01
8,407481e-01
8,840617e-01
9,224252e-01
9,555390e-01
9,831915e-01
1,005238e+00
1,021569e+00
1,032209e+00
1,036903e+00
1,035682e+00
1,028565e+00
1,015653e+00
9,970144e-01
9,726579e-01
9,427196e-01
9,074836e-01
8,671322e-01
8,218547e-01
7,718784e-01
7,174477e-01
6,590204e-01
5,968926e-01
5,313241e-01
4,626747e-01
3,913265e-01
3,179387e-01
2,428607e-01
1,663042e-01
8,837416e-02
1,050438e-02
-6,734818e-02
-1,455622e-01
-2,224561e-01
-2,979523e-01
-3,718496e-01
-4,437865e-01
-5,132087e-01
-5,795345e-01
-6,426830e-01
-7,021240e-01
-7,576356e-01
-8,088202e-01
-8,553300e-01
-8,970274e-01
-9,336370e-01
-9,649384e-01
-9,907699e-01
-1,010958e+00
-1,025355e+00
-1,034061e+00
-1,036762e+00
-1,033577e+00
-1,024484e+00
-1,009681e+00
-9,891124e-01
-9,629074e-01
-9,311516e-01
-8,941892e-01
-8,522577e-01
-8,053589e-01
-7,537905e-01
-6,980138e-01
-6,382888e-01
-5,749665e-01
-5,084169e-01
-4,387864e-01
-3,666740e-01
-2,926562e-01
-2,171273e-01
-1,400492e-01
-6,173712e-02
1,544246e-02
9,395251e-02
1,717483e-01
2,481705e-01
3,231057e-01
3,964556e-01
4,676025e-01
5,360350e-01
6,014210e-01
6,632150e-01
7,214099e-01
7,755463e-01
8,252231e-01
8,701666e-01
9,101841e-01
9,450828e-01
9,745650e-01
9,985514e-01
1,016806e+00
1,029285e+00
1,036011e+00
1,036769e+00
1,031614e+00
1,020593e+00
1,003865e+00
9,814514e-01
9,533497e-01
9,198279e-01
8,812080e-01
8,375519e-01
7,890954e-01
7,360623e-01
6,789001e-01
6,179719e-01
5,535653e-01
4,858952e-01
4,154007e-01
3,426205e-01
2,680485e-01
1,919773e-01
1,144897e-01
3,586774e-02
-4,102613e-02
-1,195861e-01
-1,969481e-01
-2,729280e-01
-3,474105e-01
-4,200772e-01
-4,904064e-01
-5,577908e-01
-6,220339e-01
-6,827142e-01
-7,396321e-01
-7,922538e-01
-8,403385e-01
-8,836572e-01
-9,220018e-01
-9,551586e-01
-9,828043e-01
-1,004810e+00
-1,021195e+00
-1,031794e+00
-1,036462e+00
-1,035321e+00
-1,028190e+00
-1,015300e+00
-9,966133e-01
-9,723033e-01
-9,423685e-01
-9,071032e-01
-8,667449e-01
-8,214674e-01
-7,715221e-01
-7,170846e-01
-6,585867e-01
-5,964658e-01
-5,308904e-01
-4,622513e-01
-3,909978e-01
-3,175618e-01
-2,425061e-01
-1,659427e-01
-8,799378e-02
-1,014293e-02
6,776987e-02
1,459443e-01
2,228020e-01
2,982725e-01
3,721577e-01
4,442013e-01
5,135512e-01
5,799355e-01
6,430100e-01
7,024941e-01
7,580022e-01
8,091816e-01
8,557173e-01
8,973441e-01
9,340776e-01
9,653980e-01
9,911658e-01
1,011311e+00
1,025750e+00
1,034398e+00
1,037168e+00
1,033917e+00
1,024882e+00
1,010066e+00
9,895479e-01
9,633532e-01
9,315629e-01
8,946143e-01
8,525830e-01
8,056842e-01
7,542139e-01
6,984046e-01
6,386485e-01
5,753967e-01
5,088197e-01
4,392271e-01
3,670854e-01
2,931244e-01
2,175559e-01
1,404692e-01
6,218119e-02
-1,499667e-02
-9,350328e-02
-1,712990e-01
-2,477454e-01
-3,227253e-01
-3,960581e-01
-4,671980e-01
-5,356615e-01
-6,009718e-01
-6,628208e-01
-7,210811e-01
-7,751814e-01
-8,248478e-01
-8,697673e-01
-9,097848e-01
-9,446663e-01
-9,742242e-01
-9,981211e-01
-1,016410e+00
-1,028892e+00
-1,035590e+00
-1,036349e+00
-1,031183e+00
-1,020173e+00
-1,003429e+00
-9,810487e-01
-9,529159e-01
-9,194561e-01
-8,807536e-01
-8,371096e-01
-7,886600e-01
-7,356957e-01
-6,784887e-01
-6,175692e-01
-5,531229e-01
-4,855045e-01
-4,150014e-01
-3,422143e-01
-2,677163e-01
-1,915901e-01
-1,140869e-01
-3,550973e-02
4,142888e-02
1,199131e-01
1,973199e-01
2,732843e-01
3,477341e-01
4,204180e-01
4,906990e-01
5,581316e-01
6,223369e-01
6,830740e-01
7,399625e-01
7,926204e-01
8,407413e-01
8,840720e-01
9,224355e-01
9,555321e-01
9,832587e-01
1,005199e+00
1,021588e+00
1,032163e+00
1,036903e+00
1,035676e+00
1,028620e+00
1,015655e+00
9,970213e-01
9,727009e-01
9,427661e-01
9,074836e-01
8,671459e-01
8,218358e-01
7,719077e-01
7,174288e-01
6,589998e-01
5,968960e-01
5,313637e-01
4,627057e-01
3,914418e-01
3,179439e-01
2,428624e-01
1,663420e-01
8,842235e-02
1,053192e-02
-6,727933e-02
-1,454796e-01
-2,223855e-01
-2,978714e-01
-3,718238e-01
-4,437486e-01
-5,131777e-01
-5,795207e-01
-6,426262e-01
-7,020844e-01
-7,576236e-01
-8,087703e-01
-8,553007e-01
-8,969947e-01
-9,336197e-01
-9,649436e-01
-9,907699e-01
-1,010954e+00
-1,025328e+00
-1,034020e+00
-1,036748e+00
-1,033619e+00
-1,024540e+00
-1,009667e+00
-9,891176e-01
-9,629418e-01
-9,312066e-01
-8,942442e-01
-8,522026e-01
-8,053451e-01
-7,538284e-01
-6,979484e-01
-6,382836e-01
-5,749337e-01
-5,083876e-01
-4,387537e-01
-3,667239e-01
-2,927268e-01
-2,171841e-01
-1,400974e-01
-6,179048e-02
1,539943e-02
9,390776e-02
1,716880e-01
2,480862e-01
3,231074e-01
3,964195e-01
4,675681e-01
5,360075e-01
6,012954e-01
6,632322e-01
7,214546e-01
7,755205e-01
8,251818e-01
8,701132e-01
9,101635e-01
9,450897e-01
9,746166e-01
9,984980e-01
1,016772e+00
1,029256e+00
1,035958e+00
1,036762e+00
1,031624e+00
1,020620e+00
1,003892e+00
9,814549e-01
9,533858e-01
9,198761e-01
8,811667e-01
8,375003e-01
7,891040e-01
7,360795e-01
6,789345e-01
6,180150e-01
5,536014e-01
4,859658e-01
4,154575e-01
3,426549e-01
2,680829e-01
1,920238e-01
1,145052e-01
3,595552e-02
-4,098826e-02
-1,195534e-01
-1,969034e-01
-2,728730e-01
-3,473641e-01
-4,199963e-01
-4,904047e-01
-5,577736e-01
-6,219720e-01
-6,826781e-01
-7,395615e-01
-7,922349e-01
-8,403092e-01
-8,836245e-01
-9,219949e-01
-9,551345e-01
-9,827905e-01
-1,004813e+00
-1,021173e+00
-1,031796e+00
-1,036467e+00
-1,035295e+00
-1,028161e+00
-1,015276e+00
-9,966288e-01
-9,722999e-01
-9,423634e-01
-9,071342e-01
-8,667707e-01
-8,215122e-01
-7,714963e-01
-7,171087e-01
-6,586418e-01
-5,965053e-01
-5,310023e-01
-4,623701e-01
-3,910064e-01
-3,175600e-01
-2,424941e-01
-1,659341e-01
-8,800066e-02
-1,019457e-02
6,769414e-02
1,458875e-01
2,227831e-01
2,982570e-01
3,721784e-01
4,441307e-01
5,135632e-01
5,799149e-01
6,429360e-01
7,024252e-01
7,579506e-01
8,091851e-01
8,556656e-01
8,973200e-01
9,340397e-01
9,653119e-01
9,911623e-01
1,011309e+00
1,025751e+00
1,034383e+00
1,037139e+00
1,033997e+00
1,024922e+00
1,010042e+00
9,895238e-01
9,633584e-01
9,316266e-01
8,945506e-01
8,525830e-01
8,057238e-01
7,542174e-01
6,984114e-01
6,387311e-01
5,754570e-01
5,088661e-01
4,392529e-01
3,671405e-01
2,931726e-01
2,175748e-01
1,405449e-01
6,223971e-02
-1,499667e-02
-9,346025e-02
-1,712509e-01
-2,476852e-01
-3,226857e-01
-3,960305e-01
-4,671670e-01
-5,356495e-01
-6,009081e-01
-6,628346e-01
-7,210312e-01
-7,751659e-01
-8,247979e-01
-8,697432e-01
-9,097590e-01
-9,446887e-01
-9,741691e-01
-9,980987e-01
-1,016369e+00
-1,028906e+00
-1,035565e+00
-1,036368e+00
-1,031218e+00
-1,020202e+00
-1,003448e+00
-9,810263e-01
-9,529658e-01
-9,194510e-01
-8,808018e-01
-8,371302e-01
-7,886841e-01
-7,357301e-01
-6,785249e-01
-6,176157e-01
-5,531797e-01
-4,855665e-01
-4,150978e-01
-3,422556e-01
-2,677404e-01
-1,916142e-01
-1,141351e-01
-3,558374e-02
4,140479e-02
1,199131e-01
1,973147e-01
2,732344e-01
3,477014e-01
4,203543e-01
4,906887e-01
5,581178e-01
6,223369e-01
6,830378e-01
7,399195e-01
7,926015e-01
8,407017e-01
8,840273e-01
9,223770e-01
9,555545e-01
9,832260e-01
1,005249e+00
1,021589e+00
1,032176e+00
1,036891e+00
1,035689e+00
1,028565e+00
1,015650e+00
9,970299e-01
9,727113e-01
9,427610e-01
9,075593e-01
8,671958e-01
8,219063e-01
7,718939e-01
7,174959e-01
6,590067e-01
5,969081e-01
5,314257e-01
4,627505e-01
3,914350e-01
3,179989e-01
2,429192e-01
1,664143e-01
8,844817e-02
1,062831e-02
-6,729310e-02
-1,454641e-01
-2,223597e-01
-2,978232e-01
-3,717601e-01
-4,437073e-01
-5,131467e-01
-5,794519e-01
-6,425676e-01
-7,020948e-01
-7,575685e-01
-8,087772e-01
-8,552663e-01
-8,969706e-01
-9,336266e-01
-9,649487e-01
-9,907355e-01
-1,010909e+00
-1,025362e+00
-1,034044e+00
-1,036770e+00
-1,033567e+00
-1,024503e+00
-1,009658e+00
-9,891692e-01
-9,629522e-01
-9,312204e-01
-8,942236e-01
-8,522629e-01
-8,054036e-01
-7,539230e-01
-6,980379e-01
-6,383318e-01
-5,750646e-01
-5,084462e-01
-4,388415e-01
-3,667790e-01
-2,927733e-01
-2,172030e-01
-1,401353e-01
-6,180597e-02
1,535296e-02
9,384580e-02
1,716467e-01
2,480638e-01
3,230627e-01
3,963834e-01
4,675113e-01
5,359593e-01
6,012851e-01
6,632081e-01
7,213772e-01
7,755136e-01
8,251232e-01
8,701408e-01
9,101187e-01
9,450880e-01
9,745736e-01
9,985583e-01
1,016734e+00
1,029242e+00
1,035991e+00
1,036739e+00
1,031598e+00
1,020583e+00
1,003880e+00
9,814566e-01
9,533789e-01
9,198761e-01
8,812114e-01
8,375536e-01
7,891178e-01
7,361484e-01
6,789431e-01
6,180201e-01
5,536393e-01
4,859744e-01
4,154558e-01
3,427048e-01
2,681690e-01
1,920909e-01
1,145551e-01
3,601920e-02
-4,094867e-02
-1,194742e-01
-1,968758e-01
-2,728454e-01
-3,473468e-01
-4,199842e-01
-4,903187e-01
-5,577271e-01
-6,219221e-01
-6,826815e-01
-7,395374e-01
-7,922004e-01
-8,403178e-01
-8,836090e-01
-9,219811e-01
-9,550795e-01
-9,827458e-01
-1,004810e+00
-1,021152e+00
-1,031794e+00
-1,036495e+00
-1,035287e+00
-1,028182e+00
-1,015271e+00
-9,966047e-01
-9,723309e-01
-9,424202e-01
-9,071669e-01
-8,668069e-01
-8,215793e-01
-7,715600e-01
-7,171310e-01
-6,586555e-01
-5,965415e-01
-5,309661e-01
-4,623718e-01
-3,910563e-01
-3,176048e-01
-2,425681e-01
-1,659978e-01
-8,805574e-02
-1,022555e-02
6,767693e-02
1,458359e-01
2,227194e-01
2,982225e-01
3,721353e-01
4,440911e-01
5,134944e-01
5,799011e-01
6,429067e-01
7,024270e-01
7,579506e-01
8,091352e-01
8,556811e-01
8,973303e-01
9,340191e-01
9,653842e-01
9,911537e-01
1,011278e+00
1,025815e+00
1,034378e+00
1,037142e+00
1,033968e+00
1,024923e+00
1,010080e+00
9,895530e-01
9,633687e-01
9,316610e-01
8,946487e-01
8,526725e-01
8,057703e-01
7,542156e-01
6,984631e-01
6,386915e-01
5,754398e-01
5,088334e-01
4,392598e-01
3,671766e-01
2,931881e-01
2,175748e-01
1,405863e-01
6,225692e-02
-1,491405e-02
-9,339313e-02
-1,712199e-01
-2,476800e-01
-3,226702e-01
-3,959599e-01
-4,671877e-01
-5,356082e-01
-6,008995e-01
-6,628174e-01
-7,209951e-01
-7,751229e-01
-8,243435e-01
-8,682320e-01
-9,070946e-01
-9,407936e-01
-9,690228e-01
-9,916219e-01
-1,008517e+00
-1,019722e+00
-1,025157e+00
-1,024629e+00
-1,018274e+00
-1,006221e+00
-9,885048e-01
-9,652551e-01
-9,364563e-01
-9,024457e-01
-8,634316e-01
-8,196791e-01
-7,712932e-01
-7,186026e-01
-6,619103e-01
-6,017618e-01
-5,383345e-01
-4,719640e-01
-4,029548e-01
-3,318493e-01
-2,593032e-01
-1,853800e-01
-1,102779e-01
-3,439785e-02
3,973007e-02
1,152780e-01
1,894575e-01
2,621345e-01
3,331901e-01
4,023421e-01
4,690689e-01
5,329420e-01
5,934657e-01
6,505471e-01
7,038831e-01
7,530366e-01
7,977151e-01
8,378411e-01
8,730496e-01
9,033183e-01
9,282720e-01
9,478729e-01
9,620399e-01
9,708059e-01
9,740159e-01
9,716304e-01
9,637164e-01
9,503841e-01
9,317385e-01
9,078691e-01
8,787519e-01
8,448291e-01
8,062126e-01
7,631159e-01
7,157902e-01
6,644628e-01
6,095244e-01
5,513312e-01
4,901637e-01
4,262218e-01
3,600457e-01
2,921003e-01
2,228192e-01
1,524314e-01
8,082849e-02
9,616251e-03
-6,142043e-02
-1,326430e-01
-2,024559e-01
-2,708850e-01
-3,376790e-01
-4,024867e-01
-4,648761e-01
-5,242965e-01
-5,805861e-01
-6,334419e-01
-6,826884e-01
-7,279728e-01
-7,697476e-01
-8,072814e-01
-8,402301e-01
-8,684798e-01
-8,916711e-01
-9,098158e-01
-9,228056e-01
-9,306283e-01
-9,330948e-01
-9,302256e-01
-9,220723e-01
-9,087177e-01
-8,902752e-01
-8,667277e-01
-8,381113e-01
-8,048391e-01
-7,670746e-01
-7,248660e-01
-6,785163e-01
-6,282422e-01
-5,745258e-01
-5,175667e-01
-4,576024e-01
-3,950253e-01
-3,301522e-01
-2,635063e-01
-1,955213e-01
-1,261868e-01
-5,570438e-02
1,359218e-02
8,425020e-02
1,542266e-01
2,230034e-01
2,904824e-01
3,564485e-01
4,205247e-01
4,821379e-01
5,408973e-01
5,965776e-01
6,489567e-01
6,976851e-01
7,423636e-01
7,828355e-01
8,188719e-01
8,502439e-01
8,768327e-01
8,983682e-01
9,148468e-01
9,260689e-01
9,321499e-01
9,327987e-01
9,281412e-01
9,182874e-01
9,032409e-01
8,830479e-01
8,577741e-01
8,275914e-01
7,928270e-01
7,535461e-01
7,099692e-01
6,622459e-01
6,108566e-01
5,559784e-01
4,980347e-01
4,371220e-01
3,737085e-01
3,081796e-01
2,411016e-01
1,726433e-01
1,029130e-01
3,219646e-02
-3,687119e-02
-1,075292e-01
-1,771821e-01
-2,455561e-01
-3,125944e-01
-3,780097e-01
-4,413062e-01
-5,019659e-01
-5,597271e-01
-6,143884e-01
-6,656246e-01
-7,130157e-01
-7,562828e-01
-7,952452e-01
-8,297739e-01
-8,596209e-01
-8,845023e-01
-9,043235e-01
-9,190551e-01
-9,286249e-01
-9,328624e-01
-9,317815e-01
-9,253546e-01
-9,137108e-01
-8,969568e-01
-8,751030e-01
-8,481905e-01
-8,164554e-01
-7,801384e-01
-7,394685e-01
-6,944183e-01
-6,454541e-01
-5,927979e-01
-5,369472e-01
-4,779193e-01
-4,161391e-01
-3,519940e-01
-2,858937e-01
-2,183889e-01
-1,494383e-01
-7,930352e-02
-9,370122e-03
6,060803e-02
1,309717e-01
2,001822e-01
2,681827e-01
3,346514e-01
3,994126e-01
4,618675e-01
5,216201e-01
5,784088e-01
6,318671e-01
6,818950e-01
7,279642e-01
7,698251e-01
8,073314e-01
8,403024e-01
8,685194e-01
8,917502e-01
9,098950e-01
9,229398e-01
9,306610e-01
9,331826e-01
9,303047e-01
9,221395e-01
9,088089e-01
8,903165e-01
8,667346e-01
8,382025e-01
8,049114e-01
7,671159e-01
7,249590e-01
6,786075e-01
6,283679e-01
5,745998e-01
5,176786e-01
4,577521e-01
3,950804e-01
3,302107e-01
2,635855e-01
1,956108e-01
1,262798e-01
5,583002e-02
-1,348547e-02
-8,405571e-02
-1,541182e-01
-2,228846e-01
-2,904084e-01
-3,563899e-01
-4,204730e-01
-4,820570e-01
-5,408078e-01
-5,965828e-01
-6,489033e-01
-6,976111e-01
-7,422896e-01
-7,827546e-01
-8,187790e-01
-8,502026e-01
-8,767673e-01
-8,982718e-01
-9,147280e-01
-9,259915e-01
-9,321326e-01
-9,327523e-01
-9,280810e-01
-9,182169e-01
-9,031187e-01
-8,829343e-01
-8,577121e-01
-8,275690e-01
-7,927443e-01
-7,534773e-01
-7,098917e-01
-6,621909e-01
-6,107309e-01
-5,559130e-01
-4,979383e-01
-4,370446e-01
-3,735846e-01
-3,081916e-01
-2,410397e-01
-1,725624e-01
-1,027856e-01
-3,210695e-02
3,693832e-02
1,076514e-01
1,772526e-01
2,456370e-01
3,126254e-01
3,780562e-01
4,413148e-01
5,019762e-01
5,597598e-01
6,144693e-01
6,656126e-01
7,130157e-01
7,563017e-01
7,953416e-01
8,298307e-01
8,596691e-01
8,845884e-01
9,043906e-01
9,191102e-01
9,286524e-01
9,330053e-01
9,318228e-01
9,254579e-01
9,138038e-01
8,970704e-01
8,751925e-01
8,482645e-01
8,165242e-01
7,802399e-01
7,394754e-01
6,945216e-01
6,455057e-01
5,929236e-01
5,370367e-01
4,780328e-01
4,162406e-01
3,520715e-01
2,860090e-01
2,184595e-01
1,495381e-01
7,938097e-02
9,463066e-03
-6,053402e-02
-1,309235e-01
-2,000876e-01
-2,680072e-01
-3,345722e-01
-3,993094e-01
-4,618107e-01
-5,215392e-01
-5,783055e-01
-6,318257e-01
-6,818227e-01
-7,278626e-01
-7,697270e-01
-8,072866e-01
-8,402421e-01
-8,684403e-01
-8,916607e-01
-9,098175e-01
-9,228176e-01
-9,306266e-01
-9,331292e-01
-9,302720e-01
-9,220568e-01
-9,087159e-01
-8,902786e-01
-8,667311e-01
-8,381423e-01
-8,049045e-01
-7,670867e-01
-7,249245e-01
-6,785404e-01
-6,282922e-01
-5,745912e-01
-5,175839e-01
-4,576678e-01
-3,949858e-01
-3,301557e-01
-2,635304e-01
-1,955660e-01
-1,262419e-01
-5,574569e-02
1,354227e-02
8,417963e-02
1,541698e-01
2,229776e-01
2,904445e-01
3,564140e-01
4,205350e-01
4,821103e-01
5,408526e-01
5,965742e-01
6,489188e-01
6,976851e-01
7,423687e-01
7,828079e-01
8,188271e-01
8,502353e-01
8,768551e-01
8,983527e-01
9,147986e-01
9,260448e-01
9,321292e-01
9,328280e-01
9,281670e-01
9,182909e-01
9,032133e-01
8,830342e-01
8,578257e-01
8,276689e-01
7,928717e-01
7,535375e-01
7,099262e-01
6,623113e-01
6,108290e-01
5,560179e-01
4,980485e-01
4,371634e-01
3,737395e-01
3,082175e-01
2,411498e-01
1,726708e-01
1,029164e-01
3,221195e-02
-3,682816e-02
-1,074896e-01
-1,771373e-01
-2,455475e-01
-3,125514e-01
-3,779925e-01
-4,412632e-01
-5,019435e-01
-5,596978e-01
-6,143609e-01
-6,655730e-01
-7,129640e-01
-7,562518e-01
-7,952469e-01
-8,297549e-01
-8,595865e-01
-8,844851e-01
-9,043200e-01
-9,190603e-01
-9,286421e-01
-9,328762e-01
-9,317591e-01
-9,253581e-01
-9,137470e-01
-8,969878e-01
-8,751253e-01
-8,482095e-01
-8,165035e-01
-7,801590e-01
-7,394462e-01
-6,944613e-01
-6,454506e-01
-5,928220e-01
-5,369524e-01
-4,779761e-01
-4,161804e-01
-3,520130e-01
-2,859505e-01
-2,184130e-01
-1,494985e-01
-7,933450e-02
-9,390776e-03
6,057188e-02
1,309545e-01
2,001358e-01
2,680898e-01
3,345774e-01
3,993403e-01
4,618262e-01
5,215805e-01
5,782918e-01
6,318911e-01
6,818347e-01
7,279022e-01
7,697717e-01
8,073055e-01
8,402972e-01
8,685143e-01
8,917416e-01
9,098881e-01
9,228882e-01
9,306851e-01
9,331963e-01
9,302824e-01
9,221567e-01
9,088123e-01
8,903354e-01
8,667552e-01
8,381715e-01
8,049011e-01
7,671400e-01
7,249659e-01
6,786058e-01
6,283954e-01
5,746257e-01
5,177319e-01
4,577848e-01
3,951252e-01
3,302865e-01
2,636457e-01
1,956400e-01
1,263194e-01
5,583519e-02
-1,342867e-02
-8,403161e-02
-1,541027e-01
-2,228554e-01
-2,903292e-01
-3,563555e-01
-4,204145e-01
-4,820139e-01
-5,407889e-01
-5,965105e-01
-6,488792e-01
-6,975904e-01
-7,423033e-01
-7,827546e-01
-8,187514e-01
-8,501596e-01
-8,767673e-01
-8,982684e-01
-9,147246e-01
-9,259846e-01
-9,320277e-01
-9,327660e-01
-9,281051e-01
-9,182324e-01
-9,031582e-01
-8,829980e-01
-8,577242e-01
-8,275966e-01
-7,926720e-01
-7,534618e-01
-7,098694e-01
-6,621702e-01
-6,107395e-01
-5,558820e-01
-4,979521e-01
-4,370652e-01
-3,736551e-01
-3,081641e-01
-2,410293e-01
-1,725710e-01
-1,028665e-01
-3,212589e-02
3,689012e-02
1,076325e-01
1,772096e-01
2,455922e-01
3,125824e-01
3,780097e-01
4,412890e-01
5,019986e-01
5,597305e-01
6,143626e-01
6,656074e-01
7,129950e-01
7,562793e-01
7,953261e-01
8,297894e-01
8,596605e-01
8,845230e-01
9,044009e-01
9,191601e-01
9,286662e-01
9,329623e-01
9,318400e-01
9,254286e-01
9,138193e-01
8,970377e-01
8,751839e-01
8,482990e-01
8,165603e-01
7,802589e-01
7,394703e-01
6,945285e-01
6,455642e-01
5,929494e-01
5,370660e-01
4,780983e-01
4,162596e-01
3,521386e-01
2,860555e-01
2,184870e-01
1,495794e-01
7,941712e-02
9,511259e-03
-6,051164e-02
-1,308547e-01
-2,000222e-01
-2,679968e-01
-3,345309e-01
-3,992732e-01
-4,617659e-01
-5,215117e-01
-5,782505e-01
-6,318257e-01
-6,818227e-01
-7,278333e-01
-7,697166e-01
-8,072470e-01
-8,402318e-01
-8,684471e-01
-8,916332e-01
-9,097762e-01
-9,228073e-01
-9,305905e-01
-9,330810e-01
-9,302634e-01
-9,220654e-01
-9,087349e-01
-8,902804e-01
-8,667449e-01
-8,381405e-01
-8,048752e-01
-7,671176e-01
-7,249194e-01
-6,785834e-01
-6,283266e-01
-5,745878e-01
-5,176097e-01
-4,577246e-01
-3,950942e-01
-3,302039e-01
-2,635734e-01
-1,956108e-01
-1,262626e-01
-5,579388e-02
1,349408e-02
8,410046e-02
1,541457e-01
2,229242e-01
2,904428e-01
3,564347e-01
4,204696e-01
4,820174e-01
5,408182e-01
5,965742e-01
6,489205e-01
6,976317e-01
7,423240e-01
7,827821e-01
8,188220e-01
8,502164e-01
8,768173e-01
8,983820e-01
9,147900e-01
9,260500e-01
9,321051e-01
9,328383e-01
9,281705e-01
9,182720e-01
9,032202e-01
8,830324e-01
8,578412e-01
8,276499e-01
7,928338e-01
7,535599e-01
7,099692e-01
6,622821e-01
6,108548e-01
5,559732e-01
4,980915e-01
4,371943e-01
3,737446e-01
3,082639e-01
2,411825e-01
1,726949e-01
1,029216e-01
3,227047e-02
-3,678513e-02
-1,074827e-01
-1,771149e-01
-2,455148e-01
-3,125204e-01
-3,778961e-01
-4,412236e-01
-5,018919e-01
-5,596978e-01
-6,143609e-01
-6,655024e-01
-7,129313e-01
-7,562294e-01
-7,952228e-01
-8,297739e-01
-8,595882e-01
-8,844782e-01
-9,042959e-01
-9,190293e-01
-9,286111e-01
-9,328590e-01
-9,318039e-01
-9,253667e-01
-9,137659e-01
-8,969706e-01
-8,751322e-01
-8,481871e-01
-8,164932e-01
-7,801728e-01
-7,394651e-01
-6,944286e-01
-6,454782e-01
-5,928478e-01
-5,369610e-01
-4,780019e-01
-4,162166e-01
-3,520061e-01
-2,859643e-01
-2,184474e-01
-1,495416e-01
-7,938614e-02
-9,428642e-03
6,053746e-02
1,309390e-01
2,001151e-01
2,680433e-01
3,345361e-01
3,993386e-01
4,618124e-01
5,215822e-01
5,782832e-01
6,318929e-01
6,818175e-01
7,278729e-01
7,697700e-01
8,072814e-01
8,402696e-01
8,684712e-01
8,917898e-01
9,098554e-01
9,228727e-01
9,307333e-01
9,331671e-01
9,303151e-01
9,221790e-01
9,088364e-01
8,903647e-01
8,667845e-01
8,382524e-01
8,049665e-01
7,671417e-01
7,249659e-01
6,785989e-01
6,284402e-01
5,746584e-01
5,177474e-01
4,577986e-01
3,951716e-01
3,302813e-01
2,637042e-01
1,956710e-01
1,263727e-01
5,588166e-02
-1,338909e-02
-8,401440e-02
-1,540528e-01
-2,228382e-01
-2,903172e-01
-3,563435e-01
-4,204025e-01
-4,819898e-01
-5,407373e-01
-5,964812e-01
-6,488896e-01
-6,975853e-01
-7,422672e-01
-7,827322e-01
-8,187549e-01
-8,501492e-01
-8,767398e-01
-8,982804e-01
-9,147418e-01
-9,260483e-01
-9,320793e-01
-9,327488e-01
-9,280999e-01
-9,182461e-01
-9,031514e-01
-8,829533e-01
-8,577448e-01
-8,276035e-01
-7,927822e-01
-7,535203e-01
-7,098917e-01
-6,622304e-01
-6,107757e-01
-5,559164e-01
-4,979607e-01
-4,371186e-01
-3,737085e-01
-3,081572e-01
-2,411395e-01
-1,726416e-01
-1,029268e-01
-3,218096e-02
3,685742e-02
1,075688e-01
1,772010e-01
2,455475e-01
3,125531e-01
3,779598e-01
4,412546e-01
5,019745e-01
5,596996e-01
6,143282e-01
6,655936e-01
7,129916e-01
7,562398e-01
7,953072e-01
8,297945e-01
8,596312e-01
8,845970e-01
9,043854e-01
9,191721e-01
9,286662e-01
9,329760e-01
9,318177e-01
9,254717e-01
9,138365e-01
8,970773e-01
8,752028e-01
8,482955e-01
8,165569e-01
7,802365e-01
7,395099e-01
6,945388e-01
6,455746e-01
5,929236e-01
5,370798e-01
4,781120e-01
4,163095e-01
3,521335e-01
2,860486e-01
2,185145e-01
1,495966e-01
7,946015e-02
9,481999e-03
-6,040493e-02
-1,308203e-01
-2,000428e-01
-2,679314e-01
-3,345171e-01
-3,992853e-01
-4,617522e-01
-5,214755e-01
-5,782419e-01
-6,317810e-01
-6,817710e-01
-7,277989e-01
-7,696702e-01
-8,072367e-01
-8,402077e-01
-8,684506e-01
-8,916332e-01
-9,098020e-01
-9,227677e-01
-9,306421e-01
-9,330931e-01
-9,302428e-01
-9,221429e-01
-9,087676e-01
-8,903062e-01
-8,667019e-01
-8,381767e-01
-8,048890e-01
-7,671400e-01
-7,249607e-01
-6,786058e-01
-6,283799e-01
-5,745706e-01
-5,176614e-01
-4,577349e-01
-3,951321e-01
-3,302211e-01
-2,636027e-01
-1,956159e-01
-1,263039e-01
-5,580421e-02
1,346310e-02
8,410734e-02
1,541010e-01
2,228932e-01
2,903499e-01
3,563297e-01
4,204111e-01
4,820380e-01
5,407751e-01
5,965019e-01
6,489085e-01
6,976438e-01
7,423257e-01
7,827425e-01
8,188048e-01
8,502043e-01
8,768035e-01
8,983561e-01
9,147487e-01
9,260810e-01
9,321172e-01
9,327660e-01
9,281688e-01
9,183133e-01
9,032495e-01
8,830565e-01
8,578360e-01
8,276430e-01
7,928855e-01
7,536115e-01
7,100535e-01
6,623750e-01
6,108944e-01
5,560575e-01
4,981345e-01
4,371823e-01
3,737722e-01
3,082674e-01
2,412187e-01
1,727242e-01
1,029870e-01
3,230661e-02
-3,674210e-02
-1,074672e-01
-1,770478e-01
-2,454511e-01
-3,124860e-01
-3,779202e-01
-4,412047e-01
-5,018747e-01
-5,596961e-01
-6,142680e-01
-6,655541e-01
-7,129090e-01
-7,561933e-01
-7,952125e-01
-8,297498e-01
-8,595813e-01
-8,844473e-01
-9,043149e-01
-9,190362e-01
-9,286180e-01
-9,328917e-01
-9,317695e-01
-9,253426e-01
-9,137659e-01
-8,969878e-01
-8,751425e-01
-8,482129e-01
-8,165208e-01
-7,801883e-01
-7,395047e-01
-6,944957e-01
-6,455195e-01
-5,928909e-01
-5,370023e-01
-4,780260e-01
-4,162733e-01
-3,520921e-01
-2,860056e-01
-2,184337e-01
-1,496035e-01
-7,941368e-02
-9,464787e-03
6,046173e-02
1,309029e-01
2,000944e-01
2,680209e-01
3,345430e-01
3,992973e-01
4,617264e-01
5,215237e-01
5,782143e-01
6,318636e-01
6,818433e-01
7,278557e-01
7,697390e-01
8,072797e-01
8,402283e-01
8,685160e-01
8,917434e-01
9,098881e-01
9,228968e-01
9,306438e-01
9,331722e-01
9,303099e-01
9,221739e-01
9,088192e-01
8,903802e-01
8,668189e-01
8,382232e-01
8,049785e-01
7,672312e-01
7,249796e-01
6,786350e-01
6,284367e-01
5,746670e-01
5,177698e-01
4,578244e-01
3,952026e-01
3,303484e-01
2,637541e-01
1,957295e-01
1,263848e-01
5,593502e-02
-1,334433e-02
-8,398686e-02
-1,540201e-01
-2,227814e-01
-2,903017e-01
-3,562987e-01
-4,203594e-01
-4,819692e-01
-5,407132e-01
-5,964451e-01
-6,488517e-01
-6,975508e-01
-7,422724e-01
-7,827047e-01
-8,187359e-01
-8,501200e-01
-8,767191e-01
-8,982512e-01
-9,147280e-01
-9,259811e-01
-9,321206e-01
-9,327419e-01
-9,281051e-01
-9,182083e-01
-9,031755e-01
-8,830049e-01
-8,577465e-01
-8,276035e-01
-7,927753e-01
-7,535599e-01
-7,099709e-01
-6,622735e-01
-6,108101e-01
-5,560076e-01
-4,980175e-01
-4,371461e-01
-3,737136e-01
-3,082037e-01
-2,411774e-01
-1,726880e-01
-1,029182e-01
-3,222227e-02
3,681095e-02
1,075395e-01
1,771494e-01
2,455079e-01
3,125376e-01
3,779288e-01
4,412426e-01
5,019160e-01
5,596909e-01
6,143213e-01
6,655523e-01
7,129451e-01
7,562139e-01
7,952814e-01
8,297756e-01
8,596020e-01
8,845832e-01
9,043545e-01
9,191171e-01
9,286645e-01
9,329364e-01
9,318710e-01
9,254751e-01
9,138485e-01
8,971117e-01
8,752148e-01
8,482921e-01
8,165931e-01
7,802795e-01
7,395288e-01
6,945629e-01
6,456193e-01
5,930165e-01
5,371004e-01
4,781585e-01
4,163198e-01
3,521593e-01
2,860813e-01
2,185524e-01
1,496534e-01
7,951523e-02
9,574943e-03
-6,040149e-02
-1,307996e-01
-1,999946e-01
-2,679228e-01
-3,344999e-01
-3,991992e-01
-4,617401e-01
-5,214635e-01
-5,781799e-01
-6,317173e-01
-6,817435e-01
-7,277903e-01
-7,696684e-01
-8,072160e-01
-8,401629e-01
-8,684093e-01
-8,916332e-01
-9,097968e-01
-9,228159e-01
-9,306301e-01
-9,330982e-01
-9,302411e-01
-9,220740e-01
-9,087693e-01
-8,902855e-01
-8,667621e-01
-8,381715e-01
-8,049544e-01
-7,671624e-01
-7,249882e-01
-6,786574e-01
-6,284040e-01
-5,746859e-01
-5,176683e-01
-4,577470e-01
-3,951527e-01
-3,302951e-01
-2,636285e-01
-1,956762e-01
-1,263280e-01
-5,583002e-02
1,344072e-02
8,408325e-02
1,540631e-01
2,228537e-01
2,903206e-01
3,563263e-01
4,203474e-01
4,819692e-01
5,407493e-01
5,965019e-01
6,488775e-01
6,976231e-01
7,422930e-01
7,827443e-01
8,187858e-01
8,501957e-01
8,768173e-01
8,983441e-01
9,147969e-01
9,260586e-01
9,321309e-01
9,328314e-01
9,281670e-01
9,183184e-01
9,032495e-01
8,830755e-01
8,578085e-01
8,276430e-01
7,928820e-01
7,535926e-01
7,100122e-01
6,623733e-01
6,109013e-01
5,560679e-01
4,981621e-01
4,372563e-01
3,738341e-01
3,083362e-01
2,412479e-01
1,727276e-01
1,030180e-01
3,232210e-02
-3,672833e-02
-1,074018e-01
-1,770444e-01
-2,454407e-01
-3,124516e-01
-3,778548e-01
-4,411565e-01
-5,018540e-01
-5,596342e-01
-6,142714e-01
-6,655437e-01
-7,128986e-01
-7,562312e-01
-7,951815e-01
-8,297308e-01
-8,595417e-01
-8,844714e-01
-9,042805e-01
-9,190155e-01
-9,286214e-01
-9,328607e-01
-9,317901e-01
-9,253890e-01
-9,137779e-01
-8,970136e-01
-8,751718e-01
-8,482577e-01
-8,165294e-01
-7,802606e-01
-7,395012e-01
-6,945198e-01
-6,455212e-01
-5,928822e-01
-5,370230e-01
-4,780621e-01
-4,162768e-01
-3,520663e-01
-2,860194e-01
-2,184578e-01
-1,495760e-01
-7,942056e-02
-9,478557e-03
6,046173e-02
1,308598e-01
2,000669e-01
2,679779e-01
3,345326e-01
3,992818e-01
4,617212e-01
5,215031e-01
5,782281e-01
6,318223e-01
6,817676e-01
7,278661e-01
7,697270e-01
8,072608e-01
8,402215e-01
8,684936e-01
8,916969e-01
9,098296e-01
9,228710e-01
9,306731e-01
9,331567e-01
9,303512e-01
9,221687e-01
9,088347e-01
8,903836e-01
8,668361e-01
8,382610e-01
8,049819e-01
7,672071e-01
7,250192e-01
6,787228e-01
6,284367e-01
5,747375e-01
5,177664e-01
4,578640e-01
3,952198e-01
3,303450e-01
2,637507e-01
1,957450e-01
1,264054e-01
5,593846e-02
-1,334950e-02
-8,390424e-02
-1,539530e-01
-2,227779e-01
-2,902638e-01
-3,562815e-01
-4,203009e-01
-4,819520e-01
-5,406770e-01
-5,964262e-01
-6,488310e-01
-6,975044e-01
-7,422242e-01
-7,826410e-01
-8,187101e-01
-8,501251e-01
-8,767312e-01
-8,982666e-01
-9,147005e-01
-9,259484e-01
-9,320311e-01
-9,327316e-01
-9,281223e-01
-9,182220e-01
-9,031772e-01
-8,830187e-01
-8,578016e-01
-8,276362e-01
-7,928321e-01
-7,535668e-01
-7,099778e-01
-6,622959e-01
-6,108462e-01
-5,560575e-01
-4,980554e-01
-4,371754e-01
-3,737498e-01
-3,082519e-01
-2,411808e-01
-1,727087e-01
-1,029354e-01
-3,222399e-02
3,678513e-02
1,074948e-01
1,771235e-01
2,454958e-01
3,124688e-01
3,779030e-01
4,411961e-01
5,019108e-01
5,596496e-01
6,143007e-01
6,655300e-01
7,128969e-01
7,562948e-01
7,952314e-01
8,297326e-01
8,596175e-01
8,844817e-01
9,043373e-01
9,191119e-01
9,286352e-01
9,329657e-01
9,318865e-01
9,254372e-01
9,138812e-01
8,971031e-01
8,752131e-01
8,483454e-01
8,166292e-01
7,803088e-01
7,395873e-01
6,946007e-01
6,456141e-01
5,930303e-01
5,371348e-01
4,781688e-01
4,163749e-01
3,522143e-01
2,860968e-01
2,185920e-01
1,496810e-01
7,956858e-02
9,619694e-03
-6,035674e-02
-1,307652e-01
-1,999568e-01
-2,678609e-01
-3,344707e-01
-3,992250e-01
-4,616644e-01
-5,214290e-01
-5,781833e-01
-6,317087e-01
-6,817246e-01
-7,279315e-01
-7,707924e-01
-8,094674e-01
-8,436397e-01
-8,731494e-01
-8,976728e-01
-9,171549e-01
-9,315595e-01
-9,406370e-01
-9,444288e-01
-9,427627e-01
-9,356921e-01
-9,234510e-01
-9,058330e-01
-8,830342e-01
-8,550598e-01
-8,221645e-01
-7,846307e-01
-7,424823e-01
-6,958830e-01
-6,452389e-01
-5,908220e-01
-5,329816e-01
-4,718865e-01
-4,078447e-01
-3,413210e-01
-2,728420e-01
-2,027829e-01
-1,310939e-01
-5,803658e-02
1,403281e-02
8,757725e-02
1,607361e-01
2,327883e-01
3,035961e-01
3,730940e-01
4,407434e-01
5,059126e-01
5,682951e-01
6,276519e-01
6,836506e-01
7,358782e-01
7,840610e-01
8,278221e-01
8,670048e-01
9,014577e-01
9,308418e-01
9,549091e-01
9,736132e-01
9,868319e-01
9,945376e-01
9,965583e-01
9,928147e-01
9,834807e-01
9,685649e-01
9,481448e-01
9,221894e-01
8,909120e-01
8,545107e-01
8,132471e-01
7,671744e-01
7,165200e-01
6,617347e-01
6,030562e-01
5,409163e-01
4,754631e-01
4,069893e-01
3,361419e-01
2,634426e-01
1,889722e-01
1,129268e-01
3,567497e-02
-4,019824e-02
-1,178047e-01
-1,944180e-01
-2,699366e-01
-3,440921e-01
-4,166503e-01
-4,870209e-01
-5,546875e-01
-6,192990e-01
-6,805989e-01
-7,382499e-01
-7,917667e-01
-8,401870e-01
-8,834937e-01
-9,218365e-01
-9,550106e-01
-9,826976e-01
-1,004753e+00
-1,021207e+00
-1,031763e+00
-1,036481e+00
-1,035331e+00
-1,028211e+00
-1,015326e+00
-9,966753e-01
-9,724324e-01
-9,424804e-01
-9,072392e-01
-8,669549e-01
-8,216878e-01
-7,717132e-01
-7,173100e-01
-6,588328e-01
-5,967515e-01
-5,311795e-01
-4,626042e-01
-3,912714e-01
-3,178578e-01
-2,427643e-01
-1,662284e-01
-8,830015e-02
-1,045963e-02
6,743940e-02
1,455863e-01
2,225111e-01
2,979954e-01
3,718909e-01
4,438811e-01
5,132672e-01
5,796963e-01
6,427191e-01
7,022480e-01
7,578009e-01
8,089372e-01
8,555090e-01
8,972339e-01
9,338848e-01
9,652671e-01
9,910677e-01
1,011249e+00
1,025693e+00
1,034374e+00
1,037111e+00
1,034001e+00
1,024939e+00
1,010123e+00
9,896253e-01
9,634788e-01
9,317196e-01
8,947675e-01
8,527913e-01
8,058546e-01
7,544497e-01
6,986266e-01
6,388843e-01
5,756756e-01
5,091071e-01
4,395179e-01
3,674141e-01
2,933981e-01
2,178209e-01
1,408238e-01
6,253575e-02
-1,467653e-02
-9,316421e-02
-1,709737e-01
-2,474012e-01
-3,224035e-01
-3,957482e-01
-4,669501e-01
-5,353878e-01
-6,006620e-01
-6,626022e-01
-7,208901e-01
-7,749869e-01
-8,246757e-01
-8,695986e-01
-9,096196e-01
-9,445389e-01
-9,741140e-01
-9,980333e-01
-1,016323e+00
-1,028880e+00
-1,035562e+00
-1,036352e+00
-1,031262e+00
-1,020274e+00
-1,003550e+00
-9,811864e-01
-9,530760e-01
-9,196231e-01
-8,809722e-01
-8,373075e-01
-7,888820e-01
-7,358936e-01
-6,787469e-01
-6,178256e-01
-5,533983e-01
-4,858264e-01
-4,153112e-01
-3,424983e-01
-2,680089e-01
-1,919292e-01
-1,144019e-01
-3,583504e-02
4,112768e-02
1,196618e-01
1,970118e-01
2,729642e-01
3,474449e-01
4,201495e-01
4,904667e-01
5,578975e-01
6,220770e-01
6,828072e-01
7,397422e-01
7,924294e-01
8,404710e-01
8,838689e-01
9,222341e-01
9,554134e-01
9,830986e-01
1,005164e+00
1,021519e+00
1,032140e+00
1,036858e+00
1,035712e+00
1,028596e+00
1,015672e+00
9,971297e-01
9,727956e-01
9,429245e-01
9,076746e-01
8,673456e-01
8,220785e-01
7,720953e-01
7,176956e-01
6,592425e-01
5,971370e-01
5,316666e-01
4,629949e-01
3,916880e-01
3,183002e-01
2,432256e-01
1,666828e-01
8,871839e-02
1,087444e-02
-6,698157e-02
-1,452059e-01
-2,220826e-01
-2,975478e-01
-3,715346e-01
-4,434767e-01
-5,129264e-01
-5,792677e-01
-6,423749e-01
-7,018555e-01
-7,574343e-01
-8,085930e-01
-8,551527e-01
-8,968140e-01
-9,335027e-01
-9,648386e-01
-9,906426e-01
-1,010837e+00
-1,025283e+00
-1,034015e+00
-1,036779e+00
-1,033598e+00
-1,024565e+00
-1,009758e+00
-9,892157e-01
-9,630709e-01
-9,313616e-01
-8,943750e-01
-8,524126e-01
-8,055637e-01
-7,540607e-01
-6,982978e-01
-6,385194e-01
-5,752935e-01
-5,087302e-01
-4,390980e-01
-3,670458e-01
-2,930142e-01
-2,174715e-01
-1,404141e-01
-6,209341e-02
1,505863e-02
9,356697e-02
1,713851e-01
2,477884e-01
3,228269e-01
3,961441e-01
4,673030e-01
5,357183e-01
6,010131e-01
6,629843e-01
7,212051e-01
7,752933e-01
8,249735e-01
8,699360e-01
9,099948e-01
9,449692e-01
9,745185e-01
9,984550e-01
1,016653e+00
1,029226e+00
1,035982e+00
1,036739e+00
1,031617e+00
1,020657e+00
1,003946e+00
9,815599e-01
9,534994e-01
9,200138e-01
8,813354e-01
8,377189e-01
7,893192e-01
7,363222e-01
6,791686e-01
6,182215e-01
5,538596e-01
4,862188e-01
4,156933e-01
3,429647e-01
2,684151e-01
1,923560e-01
1,148649e-01
3,628254e-02
-4,068361e-02
-1,192281e-01
-1,966039e-01
-2,726045e-01
-3,470577e-01
-4,197536e-01
-4,900674e-01
-5,574982e-01
-6,216914e-01
-6,824664e-01
-7,393412e-01
-7,920404e-01
-8,401285e-01
-8,834748e-01
-9,218262e-01
-9,550141e-01
-9,826821e-01
-1,004756e+00
-1,021140e+00
-1,031744e+00
-1,036495e+00
-1,035316e+00
-1,028197e+00
-1,015314e+00
-9,966994e-01
-9,724204e-01
-9,425200e-01
-9,072822e-01
-8,669411e-01
-8,217446e-01
-7,717390e-01
-7,173100e-01
-6,588483e-01
-5,967704e-01
-5,312690e-01
-4,626575e-01
-3,913041e-01
-3,178940e-01
-2,428693e-01
-1,662715e-01
-8,834146e-02
-1,047512e-02
6,738261e-02
1,456001e-01
2,224457e-01
2,979472e-01
3,718720e-01
4,438174e-01
5,132362e-01
5,796808e-01
6,427363e-01
7,022015e-01
7,577527e-01
8,089596e-01
8,554866e-01
8,971875e-01
9,338762e-01
9,652620e-01
9,910092e-01
1,011262e+00
1,025705e+00
1,034340e+00
1,037145e+00
1,033984e+00
1,024982e+00
1,010166e+00
9,896322e-01
9,634771e-01
9,317454e-01
8,947881e-01
8,527964e-01
8,059252e-01
7,544601e-01
6,986713e-01
6,389428e-01
5,757169e-01
5,091174e-01
4,395007e-01
3,674210e-01
2,934600e-01
2,179018e-01
1,408496e-01
6,256846e-02
-1,464383e-02
-9,313839e-02
-1,709342e-01
-2,473513e-01
-3,223742e-01
-3,957517e-01
-4,668865e-01
-5,353500e-01
-6,006568e-01
-6,625953e-01
-7,208333e-01
-7,749559e-01
-8,246534e-01
-8,695470e-01
-9,096368e-01
-9,445682e-01
-9,740968e-01
-9,980058e-01
-1,016311e+00
-1,028830e+00
-1,035596e+00
-1,036400e+00
-1,031231e+00
-1,020268e+00
-1,003584e+00
-9,811537e-01
-9,531311e-01
-9,196317e-01
-8,809395e-01
-8,373402e-01
-7,889354e-01
-7,359298e-01
-6,787865e-01
-6,178583e-01
-5,534327e-01
-4,858487e-01
-4,153353e-01
-3,425585e-01
-2,679951e-01
-1,919412e-01
-1,144518e-01
-3,592626e-02
4,108981e-02
1,196222e-01
1,969791e-01
2,729332e-01
3,474191e-01
4,200944e-01
4,904116e-01
5,578527e-01
6,220580e-01
6,828623e-01
7,396648e-01
7,924156e-01
8,405141e-01
8,838208e-01
9,221963e-01
9,553876e-01
9,831175e-01
1,005131e+00
1,021452e+00
1,032168e+00
1,036829e+00
1,035715e+00
1,028641e+00
1,015700e+00
9,971159e-01
9,727990e-01
9,429572e-01
9,077280e-01
8,673955e-01
8,221129e-01
7,721073e-01
7,177059e-01
6,592924e-01
5,971749e-01
5,316942e-01
4,630327e-01
3,917482e-01
3,183002e-01
2,432445e-01
1,667018e-01
8,878552e-02
1,091574e-02
-6,694198e-02
-1,451526e-01
-2,220051e-01
-2,975237e-01
-3,714864e-01
-4,434164e-01
-5,128903e-01
-5,792419e-01
-6,423577e-01
-7,018452e-01
-7,574033e-01
-8,085913e-01
-8,550804e-01
-8,968226e-01
-9,334872e-01
-9,648248e-01
-9,906219e-01
-1,010825e+00
-1,025312e+00
-1,034006e+00
-1,036738e+00
-1,033648e+00
-1,024560e+00
-1,009727e+00
-9,891778e-01
-9,630812e-01
-9,313925e-01
-8,943957e-01
-8,524333e-01
-8,056291e-01
-7,541279e-01
-6,982944e-01
-6,386072e-01
-5,753296e-01
-5,087422e-01
-4,391169e-01
-3,670699e-01
-2,930297e-01
-2,175421e-01
-1,404451e-01
-6,216570e-02
1,505519e-02
9,350673e-02
1,713266e-01
2,477919e-01
3,228028e-01
3,961011e-01
4,672772e-01
5,356477e-01
6,010682e-01
6,629619e-01
7,211293e-01
7,753070e-01
8,249253e-01
8,699084e-01
9,099879e-01
9,449382e-01
9,744703e-01
9,984171e-01
1,016686e+00
1,029245e+00
1,035963e+00
1,036748e+00
1,031620e+00
1,020682e+00
1,003923e+00
9,815616e-01
9,534943e-01
9,200258e-01
8,813405e-01
8,377034e-01
7,892830e-01
7,362861e-01
6,792116e-01
6,182955e-01
5,538854e-01
4,862670e-01
4,157690e-01
3,429991e-01
2,684530e-01
1,923870e-01
1,148838e-01
3,633074e-02
-4,061993e-02
-1,191678e-01
-1,965333e-01
-2,725442e-01
-3,470060e-01
-4,196830e-01
-4,900760e-01
-5,574586e-01
-6,216949e-01
-6,824182e-01
-7,393102e-01
-7,920128e-01
-8,401320e-01
-8,833991e-01
-9,218520e-01
-9,550106e-01
-9,826855e-01
-1,004715e+00
-1,021078e+00
-1,031753e+00
-1,036479e+00
-1,035359e+00
-1,028211e+00
-1,015324e+00
-9,967028e-01
-9,724221e-01
-9,425183e-01
-9,072805e-01
-8,669790e-01
-8,217359e-01
-7,717545e-01
-7,173341e-01
-6,589103e-01
-5,967945e-01
-5,313052e-01
-4,626713e-01
-3,913558e-01
-3,179284e-01
-2,429020e-01
-1,663248e-01
-8,837416e-02
-1,053708e-02
6,733269e-02
1,455020e-01
2,223941e-01
2,979093e-01
3,718272e-01
4,438054e-01
5,132310e-01
5,795913e-01
6,427053e-01
7,021912e-01
7,577148e-01
8,089303e-01
8,554729e-01
8,971444e-01
9,338521e-01
9,651983e-01
9,910642e-01
1,011223e+00
1,025758e+00
1,034390e+00
1,037116e+00
1,034030e+00
1,024999e+00
1,010176e+00
9,897097e-01
9,634668e-01
9,317643e-01
8,948002e-01
8,528257e-01
8,059992e-01
7,545186e-01
6,987178e-01
6,390134e-01
5,757651e-01
5,091932e-01
4,395851e-01
3,674485e-01
2,934618e-01
2,178932e-01
1,409012e-01
6,254436e-02
-1,463350e-02
-9,309192e-02
-1,708911e-01
-2,473254e-01
-3,223277e-01
-3,956897e-01
-4,668899e-01
-5,353190e-01
-6,006327e-01
-6,625540e-01
-7,208126e-01
-7,749043e-01
-8,246482e-01
-8,695504e-01
-9,095972e-01
-9,445252e-01
-9,740744e-01
-9,980247e-01
-1,016323e+00
-1,028832e+00
-1,035574e+00
-1,036429e+00
-1,031297e+00
-1,020293e+00
-1,003569e+00
-9,811846e-01
-9,530794e-01
-9,196610e-01
-8,809481e-01
-8,373677e-01
-7,889354e-01
-7,359814e-01
-6,787831e-01
-6,179065e-01
-5,534861e-01
-4,859090e-01
-4,153491e-01
-3,426153e-01
-2,680433e-01
-1,920290e-01
-1,144880e-01
-3,592970e-02
4,101063e-02
1,195758e-01
1,969206e-01
2,729246e-01
3,473554e-01
4,200548e-01
4,903565e-01
5,578080e-01
6,220425e-01
6,827383e-01
7,396734e-01
7,923949e-01
8,404590e-01
8,838121e-01
9,222049e-01
9,553376e-01
9,830625e-01
1,005113e+00
1,021486e+00
1,032161e+00
1,036872e+00
1,035736e+00
1,028638e+00
1,015753e+00
9,971125e-01
9,728386e-01
9,429899e-01
9,076953e-01
8,673697e-01
8,221249e-01
7,721624e-01
7,177575e-01
6,592717e-01
5,972041e-01
5,317493e-01
4,630964e-01
3,917689e-01
3,183724e-01
2,432738e-01
1,667741e-01
8,880101e-02
1,098287e-02
-6,693510e-02
-1,450837e-01
-2,220189e-01
-2,974910e-01
-3,714469e-01
-4,434130e-01
-5,128885e-01
-5,792092e-01
-6,423181e-01
-7,018314e-01
-7,573379e-01
-8,085586e-01
-8,550822e-01
-8,968002e-01
-9,334786e-01
-9,647990e-01
-9,906339e-01
-1,010837e+00
-1,025299e+00
-1,034015e+00
-1,036786e+00
-1,033619e+00
-1,024562e+00
-1,009767e+00
-9,892381e-01
-9,630778e-01
-9,314132e-01
-8,944284e-01
-8,524608e-01
-8,056291e-01
-7,541692e-01
-6,983237e-01
-6,386365e-01
-5,753658e-01
-5,088179e-01
-4,391892e-01
-3,671164e-01
-2,931141e-01
-2,175524e-01
-1,405174e-01
-6,220529e-02
1,503798e-02
9,349296e-02
1,713042e-01
2,477437e-01
3,227270e-01
3,960150e-01
4,671946e-01
5,356650e-01
6,010269e-01
6,628845e-01
7,211087e-01
7,752743e-01
8,249546e-01
8,699015e-01
9,099621e-01
9,449159e-01
9,744996e-01
9,984206e-01
1,016675e+00
1,029188e+00
1,035984e+00
1,036762e+00
1,031622e+00
1,020663e+00
1,003946e+00
9,815702e-01
9,535166e-01
9,200258e-01
8,814077e-01
8,377911e-01
7,893243e-01
7,363566e-01
6,792323e-01
6,182955e-01
5,539388e-01
4,862876e-01
4,157811e-01
3,430353e-01
2,685063e-01
1,924369e-01
1,149527e-01
3,637721e-02
-4,058378e-02
-1,191524e-01
-1,965299e-01
-2,725218e-01
-3,469596e-01
-4,196486e-01
-4,900433e-01
-5,574001e-01
-6,216725e-01
-6,823924e-01
-7,393050e-01
-7,920266e-01
-8,401182e-01
-8,834214e-01
-9,217969e-01
-9,549882e-01
-9,826614e-01
-1,004718e+00
-1,021104e+00
-1,031781e+00
-1,036509e+00
-1,035324e+00
-1,028209e+00
-1,015366e+00
-9,966839e-01
-9,724324e-01
-9,425527e-01
-9,073218e-01
-8,670100e-01
-8,217377e-01
-7,717889e-01
-7,173754e-01
-6,589327e-01
-5,968014e-01
-5,313052e-01
-4,627005e-01
-3,913678e-01
-3,179576e-01
-2,429089e-01
-1,663558e-01
-8,842751e-02
-1,057151e-02
6,728794e-02
1,454899e-01
2,223614e-01
2,978645e-01
3,718049e-01
4,437727e-01
5,131725e-01
5,796171e-01
6,426124e-01
7,021412e-01
7,577200e-01
8,088753e-01
8,554608e-01
8,971324e-01
9,338504e-01
9,652362e-01
9,910608e-01
1,011245e+00
1,025725e+00
1,034361e+00
1,037139e+00
1,034006e+00
1,024973e+00
1,010150e+00
9,896649e-01
9,635029e-01
9,317764e-01
8,948501e-01
8,528790e-01
8,059510e-01
7,544859e-01
6,986989e-01
6,389841e-01
5,757857e-01
5,091777e-01
4,396057e-01
3,674899e-01
2,934979e-01
2,179173e-01
1,409288e-01
6,260632e-02
-1,461285e-02
-9,305750e-02
-1,708774e-01
-2,473048e-01
-3,223088e-01
-3,956725e-01
-4,668159e-01
-5,352846e-01
-6,005691e-01
-6,625265e-01
-7,207765e-01
-7,748974e-01
-8,245587e-01
-8,695091e-01
-9,095817e-01
-9,445148e-01
-9,740624e-01
-9,980333e-01
-1,016309e+00
-1,028829e+00
-1,035567e+00
-1,036414e+00
-1,031226e+00
-1,020285e+00
-1,003546e+00
-9,811846e-01
-9,531173e-01
-9,196661e-01
-8,809274e-01
-8,373488e-01
-7,889422e-01
-7,359969e-01
-6,788554e-01
-6,179014e-01
-5,535239e-01
-4,859176e-01
-4,153990e-01
-3,426119e-01
-2,681259e-01
-1,920479e-01
-1,145499e-01
-3,594691e-02
4,098310e-02
1,195138e-01
1,968999e-01
2,728420e-01
3,473210e-01
4,200341e-01
4,903135e-01
5,577873e-01
6,219978e-01
6,827401e-01
7,396166e-01
7,923502e-01
8,404487e-01
8,838190e-01
9,221756e-01
9,553342e-01
9,830521e-01
1,005130e+00
1,021445e+00
1,032135e+00
1,036920e+00
1,035681e+00
1,028639e+00
1,015713e+00
9,971176e-01
9,728214e-01
9,429933e-01
9,077125e-01
8,673938e-01
8,221404e-01
7,722055e-01
7,177644e-01
6,593216e-01
5,972472e-01
5,317768e-01
4,631412e-01
3,917895e-01
3,184086e-01
2,433306e-01
1,667947e-01
8,888707e-02
1,098803e-02
-6,685420e-02
-1,450441e-01
-2,219604e-01
-2,974893e-01
-3,713883e-01
-4,433785e-01
-5,128507e-01
-5,791937e-01
-6,422750e-01
-7,018383e-01
-7,573069e-01
-8,085568e-01
-8,550753e-01
-8,967744e-01
-9,334235e-01
-9,648128e-01
-9,906185e-01
-1,010825e+00
-1,025290e+00
-1,033992e+00
-1,036784e+00
-1,033612e+00
-1,024560e+00
-1,009767e+00
-9,892604e-01
-9,630726e-01
-9,314097e-01
-8,944060e-01
-8,525055e-01
-8,056601e-01
-7,541089e-01
-6,983099e-01
-6,386502e-01
-5,754019e-01
-5,087594e-01
-4,392047e-01
-3,671749e-01
-2,931244e-01
-2,176402e-01
-1,405587e-01
-6,227069e-02
1,497774e-02
9,343099e-02
1,712474e-01
2,476731e-01
3,227012e-01
3,960099e-01
4,671997e-01
5,355841e-01
6,009787e-01
6,629120e-01
7,210966e-01
7,752554e-01
8,249029e-01
8,698551e-01
9,099173e-01
9,448849e-01
9,744806e-01
9,983999e-01
1,016665e+00
1,029187e+00
1,035980e+00
1,036726e+00
1,031627e+00
1,020665e+00
1,003954e+00
9,815547e-01
9,535338e-01
9,200517e-01
8,813870e-01
8,377791e-01
7,893329e-01
7,363739e-01
6,792461e-01
6,183386e-01
5,539456e-01
4,863358e-01
4,158241e-01
3,431093e-01
2,685373e-01
1,924266e-01
1,150077e-01
3,638926e-02
-4,054075e-02
-1,190835e-01
-1,964473e-01
-2,724719e-01
-3,469475e-01
-4,195711e-01
-4,899882e-01
-5,574018e-01
-6,216260e-01
-6,823373e-01
-7,392947e-01
-7,919337e-01
-8,401320e-01
-8,833887e-01
-9,217987e-01
-9,549865e-01
-9,826236e-01
-1,004724e+00
-1,021101e+00
-1,031724e+00
-1,036485e+00
-1,035337e+00
-1,028237e+00
-1,015328e+00
-9,967011e-01
-9,724445e-01
-9,425458e-01
-9,073270e-01
-8,669962e-01
-8,217893e-01
-7,718165e-01
-7,174167e-01
-6,589809e-01
-5,968754e-01
-5,313706e-01
-4,627711e-01
-3,914263e-01
-3,179921e-01
-2,429691e-01
-1,663902e-01
-8,846022e-02
-1,063863e-02
6,726729e-02
1,454245e-01
2,223029e-01
2,978112e-01
3,717429e-01
4,437314e-01
5,131536e-01
5,795276e-01
6,425969e-01
7,021206e-01
7,576821e-01
8,088581e-01
8,553902e-01
8,971324e-01
9,338177e-01
9,652396e-01
9,910092e-01
1,011238e+00
1,025710e+00
1,034386e+00
1,037121e+00
1,034003e+00
1,024953e+00
1,010166e+00
9,896856e-01
9,635253e-01
9,318452e-01
8,948501e-01
8,528980e-01
8,060198e-01
7,545582e-01
6,987884e-01
6,390840e-01
5,758253e-01
5,092172e-01
4,396178e-01
3,675260e-01
2,935581e-01
2,179930e-01
1,409684e-01
6,264935e-02
-1,452851e-02
-9,301791e-02
-1,708567e-01
-2,472480e-01
-3,222520e-01
-3,956140e-01
-4,668056e-01
-5,352656e-01
-6,005450e-01
-6,624903e-01
-7,207369e-01
-7,748750e-01
-8,245604e-01
-8,694712e-01
-9,095335e-01
-9,444942e-01
-9,740503e-01
-9,979972e-01
-1,016286e+00
-1,028868e+00
-1,035577e+00
-1,036404e+00
-1,031266e+00
-1,020290e+00
-1,003572e+00
-9,811674e-01
-9,531535e-01
-9,196764e-01
-8,809653e-01
-8,374125e-01
-7,889681e-01
-7,360124e-01
-6,788485e-01
-6,179461e-01
-5,535067e-01
-4,859021e-01
-4,154541e-01
-3,426635e-01
-2,681363e-01
-1,920944e-01
-1,145826e-01
-3,601060e-02
4,093490e-02
1,195310e-01
1,968672e-01
2,728265e-01
3,472797e-01
4,199670e-01
4,903118e-01
5,577254e-01
6,219720e-01
6,827315e-01
7,396269e-01
7,923158e-01
8,404263e-01
8,837812e-01
9,221412e-01
9,552929e-01
9,830676e-01
1,005133e+00
1,021488e+00
1,032097e+00
1,036906e+00
1,035750e+00
1,028614e+00
1,015744e+00
9,971590e-01
9,728576e-01
9,429864e-01
9,077676e-01
8,674248e-01
8,221903e-01
7,721900e-01
7,178057e-01
6,593716e-01
5,973143e-01
5,317820e-01
4,631395e-01
3,918343e-01
3,184206e-01
2,433357e-01
1,668016e-01
8,892494e-02
1,102762e-02
-6,686969e-02
-1,449994e-01
-2,219259e-01
-2,974188e-01
-3,713746e-01
-4,433011e-01
-5,127801e-01
-5,791197e-01
-6,422561e-01
-7,017488e-01
-7,573052e-01
-8,084673e-01
-8,550512e-01
-8,967692e-01
-9,334407e-01
-9,647818e-01
-9,906219e-01
-1,010830e+00
-1,025264e+00
-1,034008e+00
-1,036769e+00
-1,033622e+00
-1,024567e+00
-1,009786e+00
-9,892622e-01
-9,630933e-01
-9,314063e-01
-8,944577e-01
-8,525124e-01
-8,056773e-01
-7,541571e-01
-6,983753e-01
-6,386674e-01
-5,754157e-01
-5,088782e-01
-4,392649e-01
-3,672041e-01
-2,931485e-01
-2,176660e-01
-1,405759e-01
-6,226381e-02
1,493987e-02
9,338796e-02
1,712182e-01
2,476421e-01
3,226238e-01
3,959599e-01
4,671550e-01
5,355978e-01
6,009236e-01
6,628484e-01
7,210416e-01
7,752261e-01
8,248633e-01
8,698189e-01
9,099225e-01
9,448574e-01
9,744462e-01
9,983930e-01
1,016677e+00
1,029283e+00
1,035911e+00
1,036772e+00
1,031612e+00
1,020688e+00
1,003983e+00
9,815719e-01
9,535321e-01
9,200396e-01
8,814094e-01
8,378256e-01
7,893863e-01
7,364117e-01
6,792822e-01
6,183867e-01
5,540110e-01
4,863771e-01
4,158706e-01
3,431213e-01
2,685390e-01
1,924851e-01
1,150009e-01
3,646327e-02
-4,051666e-02
-1,190525e-01
-1,964232e-01
-2,724134e-01
-3,469028e-01
-4,195763e-01
-4,899434e-01
-5,573691e-01
-6,215761e-01
-6,823235e-01
-7,392637e-01
-7,919078e-01
-8,400425e-01
-8,833767e-01
-9,217608e-01
-9,549349e-01
-9,826425e-01
-1,004720e+00
-1,021116e+00
-1,031808e+00
-1,036507e+00
-1,035321e+00
-1,028238e+00
-1,015345e+00
-9,967373e-01
-9,724806e-01
-9,425596e-01
-9,073579e-01
-8,670237e-01
-8,218134e-01
-7,718492e-01
-7,174598e-01
-6,590015e-01
-5,968857e-01
-5,314102e-01
-4,627797e-01
-3,914590e-01
-3,180695e-01
-2,429708e-01
-1,664591e-01
-8,849636e-02
-1,066617e-02
6,723631e-02
1,454021e-01
2,222994e-01
2,977647e-01
3,717102e-01
4,436935e-01
5,130882e-01
5,794846e-01
6,426038e-01
7,020913e-01
7,576270e-01
8,088701e-01
8,553421e-01
8,970894e-01
9,337764e-01
9,652121e-01
9,910419e-01
1,011192e+00
1,025686e+00
1,034361e+00
1,037152e+00
1,034053e+00
1,024960e+00
1,010202e+00
9,896993e-01
9,634926e-01
9,318607e-01
8,948449e-01
8,528928e-01
8,060353e-01
7,545719e-01
6,988021e-01
6,390788e-01
5,758443e-01
5,092448e-01
4,396694e-01
3,675587e-01
2,935977e-01
2,180154e-01
1,409598e-01
6,268378e-02
-1,445278e-02
-9,300930e-02
-1,707672e-01
-2,472566e-01
-3,222451e-01
-3,955520e-01
-4,667918e-01
-5,352260e-01
-6,005157e-01
-6,624611e-01
-7,206801e-01
-7,748612e-01
-8,245139e-01
-8,694919e-01
-9,095490e-01
-9,444598e-01
-9,740417e-01
-9,979713e-01
-1,016281e+00
-1,028851e+00
-1,035588e+00
-1,036412e+00
-1,031273e+00
-1,020342e+00
-1,003620e+00
-9,812191e-01
-9,531672e-01
-9,197057e-01
-8,810565e-01
-8,374297e-01
-7,890180e-01
-7,360503e-01
-6,789122e-01
-6,180012e-01
-5,535790e-01
-4,860036e-01
-4,154937e-01
-3,426928e-01
-2,681466e-01
-1,921013e-01
-1,145912e-01
-3,606051e-02
4,089704e-02
1,194845e-01
1,967846e-01
2,728110e-01
3,472367e-01
4,199154e-01
4,902481e-01
5,577426e-01
6,219117e-01
6,826919e-01
7,395856e-01
7,922796e-01
8,404177e-01
8,837932e-01
9,220981e-01
9,553221e-01
9,830504e-01
1,005080e+00
1,021462e+00
1,032127e+00
1,036872e+00
1,035708e+00
1,028657e+00
1,015774e+00
9,971762e-01
9,728662e-01
9,429589e-01
9,077469e-01
8,674678e-01
8,221731e-01
7,722588e-01
7,178574e-01
6,594025e-01
5,973091e-01
5,318250e-01
4,631549e-01
3,918549e-01
3,184551e-01
2,433891e-01
1,668446e-01
8,892322e-02
1,108614e-02
-6,680773e-02
-1,449753e-01
-2,219104e-01
-2,973895e-01
-3,713384e-01
-4,432787e-01
-5,127629e-01
-5,790904e-01
-6,422578e-01
-7,017230e-01
-7,572811e-01
-8,084691e-01
-8,549961e-01
-8,967124e-01
-9,334098e-01
-9,647697e-01
-9,905892e-01
-1,010811e+00
-1,025247e+00
-1,033975e+00
-1,036741e+00
-1,033639e+00
-1,024588e+00
-1,009822e+00
-9,892742e-01
-9,631432e-01
-9,314614e-01
-8,944973e-01
-8,525279e-01
-8,057272e-01
-7,542277e-01
-6,983632e-01
-6,387139e-01
-5,754191e-01
-5,089040e-01
-4,392425e-01
-3,671852e-01
-2,931812e-01
-2,176608e-01
-1,406344e-01
-6,231716e-02
1,487102e-02
9,336731e-02
1,711665e-01
2,476043e-01
3,226048e-01
3,959445e-01
4,671378e-01
5,355978e-01
6,008376e-01
6,628656e-01
7,210588e-01
7,751814e-01
8,249236e-01
8,698052e-01
9,099191e-01
9,448574e-01
9,744273e-01
9,983483e-01
1,016675e+00
1,029213e+00
1,035942e+00
1,036751e+00
1,031626e+00
1,020700e+00
1,004004e+00
9,816322e-01
9,535476e-01
9,200809e-01
8,814421e-01
8,378118e-01
7,894173e-01
7,364272e-01
6,793063e-01
6,183988e-01
5,540248e-01
4,864133e-01
4,158878e-01
3,431695e-01
2,685803e-01
1,925385e-01
1,150886e-01
3,652351e-02
-4,043748e-02
-1,189923e-01
-1,963956e-01
-2,723979e-01
-3,468202e-01
-4,195591e-01
-4,899211e-01
-5,573295e-01
-6,215640e-01
-6,823080e-01
-7,392345e-01
-7,919302e-01
-8,400528e-01
-8,833732e-01
-9,217746e-01
-9,549366e-01
-9,826184e-01
-1,004665e+00
-1,021058e+00
-1,031744e+00
-1,036503e+00
-1,035319e+00
-1,028237e+00
-1,015366e+00
-9,967252e-01
-9,724910e-01
-9,425837e-01
-9,074182e-01
-8,670616e-01
-8,218203e-01
-7,718733e-01
-7,174804e-01
-6,590136e-01
-5,969133e-01
-5,314377e-01
-4,628159e-01
-3,914470e-01
-3,181263e-01
-2,430483e-01
-1,664746e-01
-8,854972e-02
-1,069199e-02
6,716574e-02
1,453694e-01
2,222461e-01
2,977509e-01
3,716396e-01
4,436677e-01
5,130520e-01
5,795104e-01
6,425453e-01
7,020500e-01
7,576253e-01
8,088288e-01
8,553472e-01
8,970739e-01
9,337643e-01
9,651914e-01
9,910247e-01
1,011242e+00
1,025691e+00
1,034359e+00
1,037154e+00
1,034047e+00
1,024987e+00
1,010183e+00
9,897166e-01
9,635322e-01
9,318521e-01
8,949121e-01
8,529169e-01
8,060629e-01
7,546184e-01
6,988417e-01
6,391081e-01
5,759200e-01
5,093033e-01
4,397090e-01
3,676121e-01
2,936459e-01
2,180498e-01
1,410372e-01
6,275951e-02
-1,448376e-02
-9,292841e-02
-1,707552e-01
-2,472394e-01
-3,222193e-01
-3,955951e-01
-4,667143e-01
-5,351830e-01
-6,004520e-01
-6,624542e-01
-7,206543e-01
-7,748027e-01
-8,245053e-01
-8,694489e-01
-9,094836e-01
-9,444339e-01
-9,740022e-01
-9,979507e-01
-1,016257e+00
-1,028836e+00
-1,035581e+00
-1,036402e+00
-1,031261e+00
-1,020307e+00
-1,003574e+00
-9,812242e-01
-9,531741e-01
-9,197298e-01
-8,810410e-01
-8,374693e-01
-7,890507e-01
-7,361105e-01
-6,789586e-01
-6,180993e-01
-5,536203e-01
-4,860467e-01
-4,155332e-01
-3,427134e-01
-2,682223e-01
-1,921822e-01
-1,146239e-01
-3,609838e-02
4,089532e-02
1,193950e-01
1,967674e-01
2,727542e-01
3,471851e-01
4,199205e-01
4,902326e-01
5,576772e-01
6,218807e-01
6,826936e-01
7,395443e-01
7,922452e-01
8,403936e-01
8,837381e-01
9,220981e-01
9,553256e-01
9,830401e-01
1,005095e+00
1,021502e+00
1,032116e+00
1,036899e+00
1,035744e+00
1,028629e+00
1,015727e+00
9,971658e-01
9,728748e-01
9,430432e-01
9,077934e-01
8,675091e-01
8,222144e-01
7,722777e-01
7,178591e-01
6,594370e-01
5,973522e-01
5,318611e-01
4,632410e-01
3,918893e-01
3,185360e-01
2,434786e-01
1,668997e-01
8,894387e-02
1,111368e-02
-6,676986e-02
-1,449081e-01
-2,218382e-01
-2,973654e-01
-3,712816e-01
-4,432477e-01
-5,127061e-01
-5,790749e-01
-6,421683e-01
-7,017092e-01
-7,572811e-01
-8,084432e-01
-8,550202e-01
-8,967296e-01
-9,333994e-01
-9,647594e-01
-9,906185e-01
-1,010794e+00
-1,025247e+00
-1,034028e+00
-1,036750e+00
-1,033641e+00
-1,024605e+00
-1,009806e+00
-9,893069e-01
-9,631380e-01
-9,314924e-01
-8,944973e-01
-8,525400e-01
-8,056911e-01
-7,542311e-01
-6,983977e-01
-6,387483e-01
-5,754708e-01
-5,089195e-01
-4,393131e-01
-3,672093e-01
-2,932535e-01
-2,177090e-01
-1,406585e-01
-6,233610e-02
1,479529e-02
9,331223e-02
1,711459e-01
2,475337e-01
3,225188e-01
3,959014e-01
4,670810e-01
5,355341e-01
6,008169e-01
6,628105e-01
7,210484e-01
7,751762e-01
8,248651e-01
8,698413e-01
9,098829e-01
9,448677e-01
9,744462e-01
9,983483e-01
1,016660e+00
1,029233e+00
1,035937e+00
1,036765e+00
1,031622e+00
1,020705e+00
1,004033e+00
9,816459e-01
9,535648e-01
9,200844e-01
8,814731e-01
8,378531e-01
7,894465e-01
7,364840e-01
6,793184e-01
6,184435e-01
5,540730e-01
4,864391e-01
4,159480e-01
3,431472e-01
2,686664e-01
1,925866e-01
1,150697e-01
3,654761e-02
-4,040478e-02
-1,189458e-01
-1,963560e-01
-2,723618e-01
-3,468184e-01
-4,194730e-01
-4,898539e-01
-5,573123e-01
-6,215176e-01
-6,822599e-01
-7,391846e-01
-7,918820e-01
-8,399770e-01
-8,833405e-01
-9,217470e-01
-9,549263e-01
-9,826184e-01
-1,004687e+00
-1,021107e+00
-1,031765e+00
-1,036516e+00
-1,035324e+00
-1,028273e+00
-1,015373e+00
-9,967872e-01
-9,725409e-01
-9,426284e-01
-9,074010e-01
-8,670668e-01
-8,218616e-01
-7,718870e-01
-7,175131e-01
-6,590480e-01
-5,969632e-01
-5,314687e-01
-4,628864e-01
-3,915417e-01
-3,181246e-01
-2,430517e-01
-1,665193e-01
-8,859103e-02
-1,073502e-02
6,713648e-02
1,453419e-01
2,222151e-01
2,976855e-01
3,716448e-01
4,436143e-01
5,130125e-01
5,794914e-01
6,424954e-01
7,020363e-01
7,575720e-01
8,087892e-01
8,553748e-01
8,970360e-01
9,337764e-01
9,652035e-01
9,910040e-01
1,011197e+00
1,025681e+00
1,034331e+00
1,037201e+00
1,034001e+00
1,025044e+00
1,010200e+00
9,897114e-01
9,635322e-01
9,319106e-01
8,949103e-01
8,529668e-01
8,061265e-01
7,546201e-01
6,988383e-01
6,391356e-01
5,759424e-01
5,093326e-01
4,397193e-01
3,676689e-01
2,936890e-01
2,180911e-01
1,410699e-01
6,279393e-02
-1,446655e-02
-9,289915e-02
-1,707293e-01
-2,471740e-01
-3,221590e-01
-3,955469e-01
-4,667075e-01
-5,351813e-01
-6,004606e-01
-6,624422e-01
-7,206629e-01
-7,747941e-01
-8,244743e-01
-8,694024e-01
-9,094612e-01
-9,444580e-01
-9,740245e-01
-9,979662e-01
-1,016249e+00
-1,028824e+00
-1,035569e+00
-1,036402e+00
-1,031269e+00
-1,020312e+00
-1,003620e+00
-9,812191e-01
-9,531965e-01
-9,197264e-01
-8,810806e-01
-8,374951e-01
-7,890834e-01
-7,361277e-01
-6,789741e-01
-6,180632e-01
-5,536634e-01
-4,860553e-01
-4,156021e-01
-3,428029e-01
-2,682533e-01
-1,921770e-01
-1,147151e-01
-3,613969e-02
4,080065e-02
1,194088e-01
1,967485e-01
2,727198e-01
3,472091e-01
4,198896e-01
4,902257e-01
5,576651e-01
6,218618e-01
6,826230e-01
7,395133e-01
7,922177e-01
8,403798e-01
8,837605e-01
9,221016e-01
9,553239e-01
9,829919e-01
1,005073e+00
1,021469e+00
1,032118e+00
1,036844e+00
1,035724e+00
1,028633e+00
1,015794e+00
9,971676e-01
9,728903e-01
9,430122e-01
9,078054e-01
8,675074e-01
8,222420e-01
7,722898e-01
7,178970e-01
6,594576e-01
5,973711e-01
5,318990e-01
4,632548e-01
3,919754e-01
3,185583e-01
2,435147e-01
1,669513e-01
8,899723e-02
1,115155e-02
-6,670790e-02
-1,448565e-01
-2,217986e-01
-2,972948e-01
-3,712730e-01
-4,432064e-01
-5,126940e-01
-5,790078e-01
-6,421632e-01
-7,016387e-01
-7,572449e-01
-8,084450e-01
-8,549995e-01
-8,967004e-01
-9,334012e-01
-9,647697e-01
-9,905944e-01
-1,010782e+00
-1,025268e+00
-1,033977e+00
-1,036727e+00
-1,033600e+00
-1,024569e+00
-1,009798e+00
-9,893224e-01
-9,631639e-01
-9,315044e-01
-8,945454e-01
-8,525778e-01
-8,057703e-01
-7,542724e-01
-6,984596e-01
-6,387776e-01
-5,754966e-01
-5,089694e-01
-4,393579e-01
-3,672575e-01
-2,932759e-01
-2,177469e-01
-1,407102e-01
-6,241183e-02
1,483832e-02
9,326404e-02
1,710891e-01
2,475457e-01
3,225188e-01
3,958274e-01
4,670242e-01
5,354911e-01
6,008462e-01
6,627967e-01
7,210071e-01
7,751366e-01
8,248547e-01
8,698189e-01
9,098536e-01
9,448298e-01
9,743980e-01
9,983724e-01
1,016650e+00
1,029206e+00
1,035941e+00
1,036793e+00
1,031660e+00
1,020677e+00
1,004006e+00
9,816235e-01
9,535820e-01
9,201498e-01
8,814696e-01
8,378841e-01
7,894397e-01
7,364943e-01
6,793338e-01
6,184194e-01
5,541143e-01
4,864529e-01
4,159205e-01
3,431902e-01
2,686767e-01
1,926090e-01
1,151196e-01
3,653728e-02
-4,038068e-02
-1,189166e-01
-1,963130e-01
-2,723187e-01
-3,467892e-01
-4,194661e-01
-4,898419e-01
-5,572658e-01
-6,214694e-01
-6,822409e-01
-7,391639e-01
-7,918373e-01
-8,399650e-01
-8,832958e-01
-9,217160e-01
-9,549366e-01
-9,826115e-01
-1,004675e+00
-1,021099e+00
-1,031729e+00
-1,036507e+00
-1,035335e+00
-1,028304e+00
-1,015391e+00
-9,967751e-01
-9,725254e-01
-9,426405e-01
-9,074319e-01
-8,670857e-01
-8,218891e-01
-7,719301e-01
-7,175080e-01
-6,591013e-01
-5,969838e-01
-5,314876e-01
-4,628882e-01
-3,915227e-01
-3,181315e-01
-2,430896e-01
-1,665279e-01
-8,860307e-02
-1,078149e-02
6,712271e-02
1,452730e-01
2,221738e-01
2,976890e-01
3,716069e-01
4,436075e-01
5,130056e-01
5,793520e-01
6,424437e-01
7,020380e-01
7,575633e-01
8,087617e-01
8,553541e-01
8,970463e-01
9,337488e-01
9,651759e-01
9,909317e-01
1,011185e+00
1,025713e+00
1,034268e+00
1,037204e+00
1,034006e+00
1,025025e+00
1,010185e+00
9,897475e-01
9,635615e-01
9,319347e-01
8,949069e-01
8,529513e-01
8,060973e-01
7,546494e-01
6,988607e-01
6,391718e-01
5,759217e-01
5,093825e-01
4,397727e-01
3,677119e-01
2,937251e-01
2,181514e-01
1,411542e-01
6,287999e-02
-1,437360e-02
-9,286817e-02
-1,706312e-01
-2,471258e-01
-3,221177e-01
-3,954728e-01
-4,666679e-01
-5,351641e-01
-6,004761e-01
-6,623785e-01
-7,206268e-01
-7,747562e-01
-8,244640e-01
-8,694351e-01
-9,094870e-01
-9,444081e-01
-9,739626e-01
-9,979576e-01
-1,016226e+00
-1,028810e+00
-1,035598e+00
-1,036416e+00
-1,031278e+00
-1,020342e+00
-1,003639e+00
-9,812260e-01
-9,531930e-01
-9,197573e-01
-8,810996e-01
-8,374831e-01
-7,891505e-01
-7,361140e-01
-6,789965e-01
-6,180735e-01
-5,536703e-01
-4,861052e-01
-4,156159e-01
-3,428339e-01
-2,683583e-01
-1,922889e-01
-1,147616e-01
-3,619476e-02
4,080754e-02
1,193296e-01
1,967192e-01
2,727008e-01
3,471558e-01
4,198414e-01
4,901775e-01
5,576186e-01
6,218463e-01
6,825938e-01
7,394892e-01
7,922572e-01
8,403299e-01
8,836813e-01
9,220534e-01
9,552946e-01
9,830263e-01
1,005111e+00
1,021460e+00
1,032099e+00
1,036880e+00
1,035758e+00
1,028620e+00
1,015775e+00
9,971865e-01
9,728765e-01
9,430639e-01
9,077624e-01
8,675022e-01
8,222626e-01
7,723483e-01
7,179262e-01
6,595213e-01
5,974090e-01
5,319747e-01
4,633150e-01
3,919737e-01
3,185962e-01
2,435423e-01
1,669806e-01
8,907640e-02
1,120835e-02
-6,668725e-02
-1,448307e-01
-2,217882e-01
-2,972656e-01
-3,711870e-01
-4,431995e-01
-5,126355e-01
-5,790112e-01
-6,421098e-01
-7,016266e-01
-7,572071e-01
-8,084088e-01
-8,549668e-01
-8,966677e-01
-9,333857e-01
-9,647250e-01
-9,906219e-01
-1,010798e+00
-1,025262e+00
-1,033994e+00
-1,036755e+00
-1,033645e+00
-1,024601e+00
-1,009827e+00
-9,893190e-01
-9,631725e-01
-9,314924e-01
-8,945334e-01
-8,526036e-01
-8,057410e-01
-7,542501e-01
-6,984906e-01
-6,387845e-01
-5,755379e-01
-5,089470e-01
-4,393888e-01
-3,673401e-01
-2,933068e-01
-2,177469e-01
-1,407205e-01
-6,246346e-02
1,473505e-02
9,323306e-02
1,710478e-01
2,474562e-01
3,224843e-01
3,957827e-01
4,670276e-01
5,354946e-01
6,007894e-01
6,627227e-01
7,209848e-01
7,751229e-01
8,248065e-01
8,697484e-01
9,098296e-01
9,448281e-01
9,743602e-01
9,983466e-01
1,016593e+00
1,029233e+00
1,035970e+00
1,036791e+00
1,031645e+00
1,020732e+00
1,004102e+00
9,816304e-01
9,536319e-01
9,201360e-01
8,815023e-01
8,378910e-01
7,895033e-01
7,365305e-01
6,794130e-01
6,184780e-01
5,541246e-01
4,864718e-01
4,160066e-01
3,432281e-01
2,687111e-01
1,926400e-01
1,151351e-01
3,659236e-02
-4,034282e-02
-1,189062e-01
-1,962941e-01
-2,722327e-01
-3,466997e-01
-4,194369e-01
-4,897713e-01
-5,572245e-01
-6,214763e-01
-6,822013e-01
-7,391191e-01
-7,917908e-01
-8,399874e-01
-8,832923e-01
-9,217315e-01
-9,549005e-01
-9,825805e-01
-1,004674e+00
-1,021056e+00
-1,031746e+00
-1,036498e+00
-1,035359e+00
-1,028259e+00
-1,015407e+00
-9,967614e-01
-9,725615e-01
-9,426560e-01
-9,074543e-01
-8,671563e-01
-8,219184e-01
-7,719903e-01
-7,175665e-01
-6,591065e-01
-5,970286e-01
-5,314945e-01
-4,629123e-01
-3,916019e-01
-3,181797e-01
-2,431395e-01
-1,665899e-01
-8,867709e-02
-1,080731e-02
6,704181e-02
1,452403e-01
2,221652e-01
2,976391e-01
3,715364e-01
4,435541e-01
5,129625e-01
5,793813e-01
6,424368e-01
7,019743e-01
7,575444e-01
8,087341e-01
8,553231e-01
8,970119e-01
9,337316e-01
9,650899e-01
9,909730e-01
1,011145e+00
1,025657e+00
1,034304e+00
1,037168e+00
1,034016e+00
1,025018e+00
1,010212e+00
9,897441e-01
9,635993e-01
9,319106e-01
8,949912e-01
8,529858e-01
8,061919e-01
7,546700e-01
6,988865e-01
6,392096e-01
5,759699e-01
5,094049e-01
4,398243e-01
3,677274e-01
2,937578e-01
2,182151e-01
1,411973e-01
6,283524e-02
-1,432369e-02
-9,283891e-02
-1,705899e-01
-2,470810e-01
-3,221022e-01
-3,954453e-01
-4,666266e-01
-5,350797e-01
-6,004159e-01
-6,623354e-01
-7,206233e-01
-7,747098e-01
-8,244176e-01
-8,693611e-01
-9,094595e-01
-9,444047e-01
-9,739849e-01
-9,979404e-01
-1,016257e+00
-1,028837e+00
-1,035562e+00
-1,036381e+00
-1,031288e+00
-1,020326e+00
-1,003639e+00
-9,812604e-01
-9,532412e-01
-9,197883e-01
-8,811305e-01
-8,375571e-01
-7,891092e-01
-7,361484e-01
-6,790309e-01
-6,181148e-01
-5,537150e-01
-4,861534e-01
-4,156675e-01
-3,429010e-01
-2,683531e-01
-1,922613e-01
-1,147806e-01
-3,620853e-02
4,069222e-02
1,193124e-01
1,966383e-01
2,726423e-01
3,470801e-01
4,198069e-01
4,901362e-01
5,575464e-01
6,217706e-01
6,825903e-01
7,395099e-01
7,921798e-01
8,403161e-01
8,836710e-01
9,220689e-01
9,552602e-01
9,830332e-01
1,005009e+00
1,021472e+00
1,032156e+00
1,036877e+00
1,035693e+00
1,028681e+00
1,015777e+00
9,971951e-01
9,729212e-01
9,430966e-01
9,078175e-01
8,675435e-01
8,223263e-01
7,723277e-01
7,179245e-01
6,595179e-01
5,974227e-01
5,319438e-01
4,633288e-01
3,920081e-01
3,186065e-01
2,435991e-01
1,669909e-01
8,909189e-02
1,125482e-02
-6,662356e-02
-1,448066e-01
-2,217659e-01
-2,972139e-01
-3,711870e-01
-4,431462e-01
-5,125942e-01
-5,789699e-01
-6,420960e-01
-7,016111e-01
-7,571589e-01
-8,083882e-01
-8,549290e-01
-8,966832e-01
-9,333409e-01
-9,647181e-01
-9,905737e-01
-1,010794e+00
-1,025252e+00
-1,033979e+00
-1,036762e+00
-1,033620e+00
-1,024657e+00
-1,009830e+00
-9,893258e-01
-9,631966e-01
-9,315079e-01
-8,945713e-01
-8,525968e-01
-8,057548e-01
-7,543206e-01
-6,985423e-01
-6,388103e-01
-5,755706e-01
-5,089901e-01
-4,394147e-01
-3,673263e-01
-2,933533e-01
-2,178312e-01
-1,408066e-01
-6,250133e-02
1,470235e-02
9,316249e-02
1,710357e-01
2,474528e-01
3,224448e-01
3,957878e-01
4,669071e-01
5,354102e-01
6,008031e-01
6,627038e-01
7,209125e-01
7,750420e-01
8,247532e-01
8,697397e-01
9,098364e-01
9,448143e-01
9,744273e-01
9,983569e-01
1,016663e+00
1,029216e+00
1,035956e+00
1,036750e+00
1,031658e+00
1,020698e+00
1,004006e+00
9,816494e-01
9,536457e-01
9,201308e-01
8,815299e-01
8,379547e-01
7,894896e-01
7,365563e-01
6,794320e-01
6,185193e-01
5,541539e-01
4,865338e-01
4,160823e-01
3,432711e-01
2,687249e-01
1,926572e-01
1,151902e-01
3,666637e-02
-4,031872e-02
-1,188339e-01
-1,962373e-01
-2,721965e-01
-3,466911e-01
-4,193939e-01
-4,897679e-01
-5,571608e-01
-6,214470e-01
-6,821531e-01
-7,391260e-01
-7,917994e-01
-8,399392e-01
-8,832665e-01
-9,216937e-01
-9,548970e-01
-9,825719e-01
-1,004665e+00
-1,021066e+00
-1,031713e+00
-1,036503e+00
-1,035345e+00
-1,028269e+00
-1,015366e+00
-9,968078e-01
-9,725357e-01
-9,426955e-01
-9,074870e-01
-8,672131e-01
-8,219528e-01
-7,719972e-01
-7,175992e-01
-6,591289e-01
-5,970303e-01
-5,315548e-01
-4,629587e-01
-3,916019e-01
-3,181900e-01
-2,431619e-01
-1,666415e-01
-8,871667e-02
-1,081075e-02
6,700222e-02
1,452059e-01
2,221032e-01
2,976287e-01
3,715277e-01
4,435403e-01
5,129453e-01
5,793314e-01
6,423800e-01
7,019743e-01
7,575014e-01
8,086911e-01
8,553128e-01
8,970291e-01
9,337144e-01
9,651398e-01
9,909610e-01
1,011159e+00
1,025663e+00
1,034304e+00
1,037178e+00
1,033985e+00
1,025037e+00
1,010221e+00
9,897320e-01
9,635787e-01
9,319382e-01
8,949861e-01
8,530253e-01
8,061489e-01
7,547045e-01
6,989140e-01
6,392389e-01
5,759923e-01
5,094582e-01
4,398243e-01
3,677446e-01
2,937922e-01
2,182323e-01
1,412179e-01
6,291269e-02
-1,430475e-02
-9,280793e-02
-1,705916e-01
-2,470328e-01
-3,220386e-01
-3,954178e-01
-4,665990e-01
-5,350660e-01
-6,003728e-01
-6,622993e-01
-7,205562e-01
-7,747218e-01
-8,244416e-01
-8,693903e-01
-9,094492e-01
-9,444133e-01
-9,739694e-01
-9,979214e-01
-1,016245e+00
-1,028787e+00
-1,035540e+00
-1,036414e+00
-1,031295e+00
-1,020316e+00
-1,003615e+00
-9,812311e-01
-9,532739e-01
-9,197952e-01
-8,811202e-01
-8,375605e-01
-7,891780e-01
-7,362017e-01
-6,790739e-01
-6,181475e-01
-5,537563e-01
-4,861981e-01
-4,156795e-01
-3,429354e-01
-2,683824e-01
-1,923044e-01
-1,148253e-01
-3,624984e-02
4,071631e-02
1,192333e-01
1,966280e-01
2,725993e-01
3,470921e-01
4,197450e-01
4,900415e-01
5,575584e-01
6,218222e-01
6,824991e-01
7,394445e-01
7,921505e-01
8,403075e-01
8,836590e-01
9,220345e-01
9,552533e-01
9,829953e-01
1,005028e+00
1,021450e+00
1,032073e+00
1,036896e+00
1,035743e+00
1,028645e+00
1,015787e+00
9,972071e-01
9,729178e-01
9,431017e-01
9,078330e-01
8,675521e-01
8,222902e-01
7,723655e-01
7,179675e-01
6,595678e-01
5,974434e-01
5,320212e-01
4,633787e-01
3,920443e-01
3,186874e-01
2,436094e-01
1,670391e-01
8,910222e-02
1,130817e-02
-6,658053e-02
-1,447257e-01
-2,217056e-01
-2,972036e-01
-3,711405e-01
-4,431135e-01
-5,125804e-01
-5,789338e-01
-6,420547e-01
-7,015991e-01
-7,571761e-01
-8,083899e-01
-8,549393e-01
-8,966195e-01
-9,333564e-01
-9,646905e-01
-9,905634e-01
-1,010803e+00
-1,025288e+00
-1,033966e+00
-1,036791e+00
-1,033650e+00
-1,024629e+00
-1,009885e+00
-9,893345e-01
-9,631759e-01
-9,315233e-01
-8,945988e-01
-8,526260e-01
-8,058098e-01
-7,543516e-01
-6,985371e-01
-6,388740e-01
-5,755981e-01
-5,090589e-01
-4,394491e-01
-3,674193e-01
-2,933843e-01
-2,178588e-01
-1,408238e-01
-6,254780e-02
1,464383e-02
9,316421e-02
1,709669e-01
2,474184e-01
3,224086e-01
3,957345e-01
4,669536e-01
5,353861e-01
6,007016e-01
6,626177e-01
7,208884e-01
7,750798e-01
8,247446e-01
8,697208e-01
9,098261e-01
9,448126e-01
9,743739e-01
9,983362e-01
1,016667e+00
1,029221e+00
1,035948e+00
1,036774e+00
1,031676e+00
1,020706e+00
1,004054e+00
9,816958e-01
9,536182e-01
9,201721e-01
8,815712e-01
8,379564e-01
7,895412e-01
7,365856e-01
6,794612e-01
6,185485e-01
5,542141e-01
4,865837e-01
4,160651e-01
3,433382e-01
2,688006e-01
1,927088e-01
1,152281e-01
3,667153e-02
-4,026364e-02
-1,187995e-01
-1,961960e-01
-2,721397e-01
-3,466704e-01
-4,193784e-01
-4,897455e-01
-5,571298e-01
-6,214195e-01
-6,821067e-01
-7,390658e-01
-7,917495e-01
-8,399013e-01
-8,832493e-01
-9,216885e-01
-9,548351e-01
-9,825547e-01
-1,004660e+00
-1,021040e+00
-1,031717e+00
-1,036500e+00
-1,035350e+00
-1,028305e+00
-1,015414e+00
-9,968009e-01
-9,725873e-01
-9,427024e-01
-9,074939e-01
-8,671683e-01
-8,219907e-01
-7,720006e-01
-7,176525e-01
-6,591908e-01
-5,970991e-01
-5,316012e-01
-4,630000e-01
-3,916708e-01
-3,182795e-01
-2,432170e-01
-1,666811e-01
-8,874938e-02
-1,089337e-02
6,697124e-02
1,451474e-01
2,220636e-01
2,975668e-01
3,714778e-01
4,434698e-01
5,128834e-01
5,793383e-01
6,423645e-01
7,018831e-01
7,574842e-01
8,087272e-01
8,552371e-01
8,969947e-01
9,336645e-01
9,651019e-01
9,909438e-01
1,011180e+00
1,025607e+00
1,034307e+00
1,037199e+00
1,033992e+00
1,025042e+00
1,010233e+00
9,897596e-01
9,635718e-01
9,319674e-01
8,949551e-01
8,530512e-01
8,062350e-01
7,547578e-01
6,989863e-01
6,392922e-01
5,760250e-01
5,095047e-01
4,399035e-01
3,677790e-01
2,938094e-01
2,182736e-01
1,412420e-01
6,293679e-02
-1,424796e-02
-9,276490e-02
-1,705211e-01
-2,470019e-01
-3,219783e-01
-3,953679e-01
-4,665147e-01
-5,350608e-01
-6,003832e-01
-6,623131e-01
-7,205596e-01
-7,747046e-01
-8,243935e-01
-8,693232e-01
-9,094096e-01
-9,443840e-01
-9,739557e-01
-9,979214e-01
-1,016255e+00
-1,028781e+00
-1,035588e+00
-1,036421e+00
-1,031269e+00
-1,020343e+00
-1,003644e+00
-9,812535e-01
-9,532567e-01
-9,198210e-01
-8,811787e-01
-8,375915e-01
-7,892176e-01
-7,362430e-01
-6,791273e-01
-6,181905e-01
-5,538062e-01
-4,861999e-01
-4,157140e-01
-3,429509e-01
-2,684478e-01
-1,923870e-01
-1,148907e-01
-3,629631e-02
