3.917668e-01
9.631630e-01
1.013427e+00
5.138534e-01
-2.657342e-01
-9.027865e-01
-1.051418e+00
-6.296519e-01
1.350607e-01
8.283667e-01
1.074029e+00
7.375243e-01
-1.262360e-04
-7.392723e-01
-1.079030e+00
-8.338706e-01
-1.353176e-01
6.384156e-01
1.067795e+00
9.188794e-01
2.709055e-01
-5.255844e-01
-1.038706e+00
-9.892760e-01
-4.026335e-01
4.041053e-01
9.936423e-01
1.045574e+00
5.302403e-01
-2.741549e-01
-9.315283e-01
-1.084948e+00
-6.497620e-01
1.393111e-01
8.547916e-01
1.108336e+00
7.610888e-01
-8.316726e-05
-7.628651e-01
-1.113470e+00
-8.605079e-01
-1.396972e-01
6.587263e-01
1.101752e+00
9.481008e-01
2.795296e-01
-5.421911e-01
-1.071566e+00
-1.020554e+00
-4.153833e-01
4.167615e-01
1.024802e+00
1.078315e+00
5.468158e-01
-2.826172e-01
-9.604215e-01
-1.118546e+00
-6.698722e-01
1.435378e-01
8.809284e-01
1.142172e+00
7.842643e-01
-4.455389e-05
-7.858207e-01
-1.146927e+00
-8.862867e-01
-1.439016e-01
6.781622e-01
1.134204e+00
9.759010e-01
2.877186e-01
-5.578637e-01
-1.102440e+00
-1.049826e+00
-4.272792e-01
4.285208e-01
1.053598e+00
1.108468e+00
5.620429e-01
-2.903785e-01
-9.866919e-01
-1.148962e+00
-6.879655e-01
1.473471e-01
9.042850e-01
1.172241e+00
8.047724e-01
-1.039591e-05
-8.059665e-01
-1.176102e+00
-9.086454e-01
-1.475447e-01
6.948907e-01
1.161967e+00
9.996155e-01
2.946542e-01
-5.710724e-01
-1.128336e+00
-1.074257e+00
-4.371538e-01
4.381920e-01
1.077208e+00
1.133063e+00
5.743917e-01
-2.966101e-01
-1.007727e+00
-1.173186e+00
-7.023668e-01
1.502862e-01
9.225254e-01
1.195611e+00
8.206425e-01
4.158363e-05
-8.212841e-01
-1.198151e+00
-9.254823e-01
-1.502936e-01
7.072336e-01
1.182312e+00
1.016843e+00
2.997229e-01
-5.805149e-01
-1.146683e+00
-1.091428e+00
-4.440805e-01
4.448364e-01
1.093323e+00
1.149698e+00
5.827069e-01
-3.007254e-01
-1.021491e+00
-1.188861e+00
-7.115538e-01
1.520832e-01
9.338733e-01
1.209969e+00
8.302469e-01
1.574237e-04
-8.302602e-01
-1.210908e+00
-9.350554e-01
-1.518768e-01
7.139612e-01
1.193265e+00
1.025938e+00
3.023457e-01
-5.851975e-01
-1.155701e+00
-1.099666e+00
-4.472795e-01
4.477547e-01
1.100371e+00
1.156739e+00
5.861005e-01
-3.022773e-01
-1.026593e+00
-1.194463e+00
-7.146785e-01
1.526520e-01
9.371911e-01
1.213918e+00
8.327077e-01
2.079181e-04
-8.320127e-01
-1.213127e+00
-9.364782e-01
-1.521025e-01
7.144424e-01
1.193726e+00
1.026020e+00
3.023293e-01
-5.847698e-01
-1.154477e+00
-1.098161e+00
-4.465592e-01
4.467834e-01
1.097639e+00
1.153511e+00
5.843035e-01
-3.011531e-01
-1.022586e+00
-1.189430e+00
-7.114380e-01
1.518248e-01
9.322099e-01
1.207091e+00
8.277563e-01
2.405910e-04
-8.264152e-01
-1.204587e+00
-9.296184e-01
-1.509812e-01
7.086326e-01
1.183677e+00
1.017090e+00
2.995982e-01
-5.791916e-01
-1.143184e+00
-1.087099e+00
-4.419464e-01
4.419226e-01
1.085414e+00
1.140330e+00
5.774852e-01
-2.974492e-01
-1.009826e+00
-1.174244e+00
-7.022020e-01
1.497605e-01
9.193843e-01
1.190129e+00
8.159421e-01
2.925705e-04
-8.139832e-01
-1.186137e+00
-9.151191e-01
-1.486808e-01
6.970991e-01
1.164082e+00
9.999927e-01
2.945680e-01
-5.690408e-01
-1.122874e+00
-1.067501e+00
-4.339534e-01
4.336772e-01
1.064878e+00
1.118469e+00
5.663156e-01
-2.914760e-01
-9.895909e-01
-1.150424e+00
-6.878140e-01
1.465719e-01
8.999648e-01
1.164713e+00
7.983255e-01
3.727675e-04
-7.959240e-01
-1.159555e+00
-8.944312e-01
-1.452977e-01
6.809082e-01
1.136883e+00
9.763955e-01
2.875864e-01
-5.552692e-01
-1.095571e+00
-1.041346e+00
-4.232189e-01
4.227644e-01
1.038031e+00
1.090096e+00
5.518519e-01
-2.839093e-01
-9.637972e-01
-1.120270e+00
-6.696539e-01
1.426274e-01
8.758121e-01
1.133305e+00
7.766916e-01
4.009850e-04
-7.739857e-01
-1.127485e+00
-8.695419e-01
-1.412581e-01
6.617292e-01
1.104705e+00
9.486518e-01
2.793885e-01
-5.392877e-01
-1.063916e+00
-1.011149e+00
-4.109116e-01
4.103606e-01
1.007549e+00
1.057974e+00
5.355333e-01
-2.754648e-01
-9.350465e-01
-1.086773e+00
-6.495719e-01
1.383175e-01
8.493709e-01
1.099027e+00
7.531404e-01
4.143512e-04
-7.503707e-01
-1.093032e+00
-8.429715e-01
-1.369483e-01
6.414008e-01
1.070732e+00
9.194824e-01
2.708089e-01
-5.226201e-01
-1.031038e+00
-9.799064e-01
-3.982123e-01
3.976613e-01
9.763584e-01
1.025238e+00
5.190201e-01
-2.669060e-01
-9.061103e-01
-1.053160e+00
-6.295702e-01
1.340508e-01
8.231836e-01
1.065185e+00
7.300274e-01
4.292025e-04
-7.273586e-01
-1.059573e+00
-8.172267e-01
-1.328315e-01
6.219084e-01
1.038265e+00
8.916986e-01
2.627016e-01
-5.069074e-01
-1.000134e+00
-9.506389e-01
-3.864144e-01
3.858441e-01
9.475365e-01
9.951037e-01
5.038332e-01
-2.590809e-01
-8.798205e-01
-1.022769e+00
-6.114888e-01
1.301701e-01
7.998151e-01
1.035121e+00
7.095667e-01
4.603902e-04
-7.071638e-01
-1.030401e+00
-7.948874e-01
-1.292256e-01
6.051205e-01
1.010509e+00
8.680286e-01
2.557943e-01
-4.936155e-01
-9.742302e-01
-9.262427e-01
-3.765903e-01
3.761254e-01
9.238828e-01
9.705337e-01
4.915259e-01
-2.528017e-01
-8.587168e-01
-9.985462e-01
-5.971721e-01
1.271776e-01
7.815168e-01
1.011762e+00
6.937441e-01
4.574199e-04
-6.918090e-01
-1.008338e+00
-7.781233e-01
-1.265256e-01
5.927271e-01
9.901508e-01
8.508204e-01
2.507879e-01
-4.841508e-01
-9.558562e-01
-9.090924e-01
-3.697512e-01
3.694305e-01
9.077558e-01
9.539285e-01
4.832879e-01
-2.486508e-01
-8.449556e-01
-9.828870e-01
-5.880237e-01
1.252989e-01
7.701288e-01
9.974056e-01
6.841740e-01
4.663307e-04
-6.827765e-01
-9.955774e-01
-7.685813e-01
-1.250197e-01
5.859386e-01
9.791935e-01
8.417566e-01
2.482394e-01
-4.793791e-01
-9.468295e-01
-9.008856e-01
-3.665745e-01
3.664097e-01
9.006851e-01
9.469008e-01
4.799583e-01
-2.470231e-01
-8.397903e-01
-9.773074e-01
-5.849614e-01
1.246826e-01
7.667561e-01
9.934656e-01
6.817770e-01
4.990036e-04
-6.809705e-01
-9.933616e-01
-7.671912e-01
-1.248831e-01
5.853921e-01
9.787064e-01
8.417195e-01
2.483538e-01
-4.797667e-01
-9.480058e-01
-9.024093e-01
-3.673513e-01
3.673141e-01
9.033954e-01
9.501429e-01
4.818072e-01
-2.480627e-01
-8.437690e-01
-9.823538e-01
-5.882316e-01
1.254281e-01
7.717149e-01
1.000305e+00
6.867581e-01
4.975184e-04
-6.864923e-01
-1.001885e+00
-7.740986e-01
-1.260489e-01
5.911351e-01
9.887592e-01
8.507030e-01
2.511027e-01
-4.852572e-01
-9.593046e-01
-9.135225e-01
-3.720205e-01
3.721289e-01
9.155705e-01
9.633516e-01
4.886804e-01
-2.517072e-01
-8.564728e-01
-9.975378e-01
-5.975553e-01
1.274301e-01
7.844781e-01
1.017254e+00
6.986629e-01
5.093995e-04
-6.988886e-01
-1.020342e+00
-7.886514e-01
-1.284697e-01
6.026285e-01
1.008323e+00
8.678400e-01
2.562502e-01
-4.953694e-01
-9.795677e-01
-9.331500e-01
-3.801516e-01
3.803476e-01
9.360757e-01
9.852365e-01
4.999555e-01
-2.575616e-01
-8.766839e-01
-1.021389e+00
-6.119967e-01
1.305429e-01
8.038725e-01
1.042689e+00
7.163508e-01
5.183102e-04
-7.169137e-01
-1.046904e+00
-8.094046e-01
-1.318825e-01
6.187332e-01
1.035510e+00
8.914788e-01
2.632882e-01
-5.090415e-01
-1.006858e+00
-9.593522e-01
-3.909381e-01
3.911282e-01
9.628734e-01
1.013647e+00
5.144860e-01
-2.650867e-01
-9.024138e-01
-1.051545e+00
-6.302222e-01
1.343968e-01
8.279301e-01
1.074084e+00
7.380173e-01
5.940519e-04
-7.387777e-01
-1.078981e+00
-8.343146e-01
-1.360245e-01
6.378632e-01
1.067676e+00
9.192418e-01
2.715827e-01
-5.249755e-01
-1.038490e+00
-9.895775e-01
-4.032914e-01
4.034236e-01
9.933453e-01
1.045788e+00
5.308522e-01
-2.734450e-01
-9.311451e-01
-1.085082e+00
-6.503531e-01
1.386071e-01
8.543253e-01
1.108376e+00
7.616175e-01
6.341504e-04
-7.623141e-01
-1.113425e+00
-8.609519e-01
-1.404146e-01
6.581218e-01
1.101629e+00
9.484959e-01
2.802172e-01
-5.415585e-01
-1.071326e+00
-1.020850e+00
-4.160635e-01
4.160932e-01
1.024478e+00
1.078544e+00
5.474663e-01
-2.819088e-01
-9.600279e-01
-1.118683e+00
-6.704454e-01
1.428294e-01
8.804799e-01
1.142221e+00
7.848078e-01
6.891001e-04
-7.853024e-01
-1.146884e+00
-8.867457e-01
-1.446323e-01
6.775666e-01
1.134076e+00
9.763094e-01
2.884255e-01
-5.572325e-01
-1.102226e+00
-1.050160e+00
-4.279683e-01
4.278287e-01
1.053288e+00
1.108716e+00
5.626844e-01
-2.896716e-01
-9.862850e-01
-1.149112e+00
-6.885685e-01
1.466046e-01
9.038068e-01
1.172296e+00
8.053591e-01
7.366243e-04
-8.054333e-01
-1.176055e+00
-9.091429e-01
-1.483006e-01
6.942699e-01
1.161838e+00
1.000019e+00
2.954205e-01
-5.704101e-01
-1.128100e+00
-1.074580e+00
-4.378845e-01
4.374791e-01
1.076887e+00
1.133301e+00
5.750927e-01
-2.958839e-01
-1.007322e+00
-1.173339e+00
-7.029609e-01
1.494976e-01
9.220353e-01
1.195650e+00
8.211980e-01
8.524644e-04
-8.207331e-01
-1.198105e+00
-9.259635e-01
-1.511045e-01
7.066143e-01
1.182180e+00
1.017263e+00
3.004685e-01
-5.797887e-01
-1.146440e+00
-1.091762e+00
-4.447696e-01
4.440746e-01
1.093015e+00
1.149931e+00
5.833782e-01
-2.999561e-01
-1.021086e+00
-1.189013e+00
-7.121731e-01
1.513392e-01
9.333624e-01
1.210011e+00
8.308365e-01
9.192952e-04
-8.296677e-01
-1.210851e+00
-9.355396e-01
-1.526684e-01
7.133345e-01
1.193113e+00
1.026357e+00
3.031075e-01
-5.845322e-01
-1.155449e+00
-1.099994e+00
-4.480280e-01
4.470656e-01
1.100038e+00
1.156989e+00
5.867851e-01
-3.015036e-01
-1.026189e+00
-1.194603e+00
-7.153112e-01
1.518887e-01
9.367039e-01
1.213976e+00
8.332899e-01
9.861261e-04
-8.314558e-01
-1.213054e+00
-9.369594e-01
-1.528911e-01
7.138305e-01
1.193590e+00
1.026464e+00
3.030659e-01
-5.840822e-01
-1.154232e+00
-1.098516e+00
-4.473003e-01
4.460691e-01
1.097322e+00
1.153766e+00
5.849792e-01
-3.003897e-01
-1.022178e+00
-1.189578e+00
-7.121078e-01
1.510956e-01
9.317287e-01
1.207142e+00
8.283697e-01
1.017314e-03
-8.258657e-01
-1.204532e+00
-9.301144e-01
-1.517639e-01
7.080326e-01
1.183547e+00
1.017513e+00
3.003957e-01
-5.785233e-01
-1.142947e+00
-1.087422e+00
-4.427186e-01
4.412305e-01
1.085095e+00
1.140572e+00
5.781639e-01
-2.967096e-01
-1.009434e+00
-1.174392e+00
-7.028317e-01
1.489823e-01
9.189002e-01
1.190177e+00
8.165020e-01
1.118303e-03
-8.134307e-01
-1.186090e+00
-9.156002e-01
-1.494174e-01
6.964560e-01
1.163960e+00
1.000403e+00
2.952883e-01
-5.683517e-01
-1.122647e+00
-1.067833e+00
-4.346410e-01
4.329361e-01
1.064569e+00
1.118708e+00
5.669646e-01
-2.907527e-01
-9.891765e-01
-1.150569e+00
-6.883962e-01
1.458442e-01
8.994658e-01
1.164760e+00
7.988854e-01
1.118303e-03
-7.953597e-01
-1.159515e+00
-8.948975e-01
-1.460283e-01
6.803245e-01
1.136751e+00
9.768084e-01
2.882963e-01
-5.546335e-01
-1.095331e+00
-1.041660e+00
-4.239095e-01
4.220887e-01
1.037736e+00
1.090315e+00
5.524875e-01
-2.832142e-01
-9.634229e-01
-1.120423e+00
-6.702301e-01
1.419249e-01
8.753607e-01
1.133360e+00
7.772322e-01
1.124243e-03
-7.734659e-01
-1.127436e+00
-8.699978e-01
-1.419725e-01
6.611723e-01
1.104592e+00
9.490691e-01
2.800895e-01
-5.386758e-01
-1.063693e+00
-1.011479e+00
-4.115784e-01
4.097354e-01
1.007255e+00
1.058185e+00
5.361912e-01
-2.747742e-01
-9.346812e-01
-1.086903e+00
-6.501794e-01
1.376359e-01
8.489313e-01
1.099073e+00
7.536973e-01
1.124243e-03
-7.498657e-01
-1.092989e+00
-8.434200e-01
-1.376671e-01
6.408364e-01
1.070608e+00
9.198551e-01
2.715292e-01
-5.220142e-01
-1.030820e+00
-9.802108e-01
-3.988850e-01
3.970271e-01
9.760747e-01
1.025434e+00
5.196305e-01
-2.661976e-01
-9.057538e-01
-1.053287e+00
-6.301078e-01
1.333364e-01
8.227484e-01
1.065232e+00
7.305353e-01
1.158401e-03
-7.268715e-01
-1.059527e+00
-8.176574e-01
-1.334983e-01
6.213277e-01
1.038159e+00
8.920594e-01
2.633655e-01
-5.062807e-01
-9.999318e-01
-9.509344e-01
-3.870456e-01
3.852382e-01
9.472543e-01
9.953190e-01
5.044228e-01
-2.584259e-01
-8.794566e-01
-1.022901e+00
-6.120175e-01
1.295300e-01
7.993636e-01
1.035161e+00
7.100479e-01
1.125728e-03
-7.066841e-01
-1.030358e+00
-7.953092e-01
-1.298464e-01
6.045874e-01
1.010392e+00
8.683924e-01
2.564329e-01
-4.930452e-01
-9.740252e-01
-9.265293e-01
-3.771917e-01
3.755432e-01
9.236199e-01
9.707416e-01
4.920977e-01
-2.521661e-01
-8.583945e-01
-9.986799e-01
-5.976964e-01
1.265538e-01
7.810906e-01
1.011811e+00
6.942342e-01
1.106422e-03
-6.913412e-01
-1.008299e+00
-7.785451e-01
-1.271464e-01
5.922118e-01
9.900379e-01
8.511887e-01
2.514265e-01
-4.835760e-01
-9.556601e-01
-9.093969e-01
-3.703290e-01
3.688423e-01
9.074795e-01
9.541230e-01
4.838805e-01
-2.480241e-01
-8.446185e-01
-9.830162e-01
-5.885688e-01
1.246618e-01
7.697338e-01
9.974606e-01
6.846774e-01
1.098996e-03
-6.823250e-01
-9.955359e-01
-7.689853e-01
-1.256984e-01
5.854322e-01
9.790776e-01
8.421175e-01
2.488840e-01
-4.788102e-01
-9.466380e-01
-9.011648e-01
-3.671716e-01
3.658275e-01
9.004178e-01
9.470880e-01
4.805196e-01
-2.463860e-01
-8.394651e-01
-9.774262e-01
-5.854782e-01
1.240172e-01
7.663521e-01
9.935087e-01
6.822537e-01
1.130184e-03
-6.805191e-01
-9.933230e-01
-7.675937e-01
-1.255291e-01
5.848634e-01
9.785935e-01
8.420670e-01
2.489686e-01
-4.791652e-01
-9.478290e-01
-9.026915e-01
-3.679527e-01
3.667394e-01
9.031073e-01
9.503478e-01
4.823686e-01
-2.474389e-01
-8.434229e-01
-9.824816e-01
-5.887485e-01
1.247628e-01
7.712724e-01
1.000345e+00
6.872333e-01
1.118303e-03
-6.860378e-01
-1.001843e+00
-7.745159e-01
-1.266994e-01
5.906212e-01
9.886374e-01
8.510431e-01
2.517131e-01
-4.846914e-01
-9.590967e-01
-9.138047e-01
-3.726250e-01
3.715393e-01
9.152988e-01
9.635640e-01
4.892626e-01
-2.510775e-01
-8.561356e-01
-9.976759e-01
-5.980721e-01
1.267974e-01
7.840549e-01
1.017309e+00
6.991456e-01
1.153946e-03
-6.984089e-01
-1.020300e+00
-7.890939e-01
-1.291201e-01
6.021057e-01
1.008208e+00
8.682038e-01
2.569081e-01
-4.947843e-01
-9.793687e-01
-9.334426e-01
-3.807516e-01
3.797373e-01
9.357876e-01
9.854548e-01
5.005763e-01
-2.569289e-01
-8.763290e-01
-1.021514e+00
-6.125655e-01
1.298850e-01
8.034403e-01
1.042741e+00
7.168335e-01
1.222262e-03
-7.164191e-01
-1.046862e+00
-8.098338e-01
-1.325924e-01
6.181941e-01
1.035388e+00
8.918307e-01
2.639996e-01
-5.084609e-01
-1.006652e+00
-9.596536e-01
-3.915648e-01
3.904762e-01
9.625853e-01
1.013849e+00
5.150949e-01
-2.643813e-01
-9.020514e-01
-1.051678e+00
-6.307776e-01
1.336958e-01
8.274979e-01
1.074132e+00
7.385208e-01
1.266816e-03
-7.382357e-01
-1.078930e+00
-8.347646e-01
-1.367077e-01
6.372751e-01
1.067550e+00
9.196101e-01
2.722658e-01
-5.243369e-01
-1.038265e+00
-9.898760e-01
-4.039226e-01
4.027776e-01
9.930230e-01
1.046008e+00
5.314789e-01
-2.727723e-01
-9.307456e-01
-1.085212e+00
-6.509219e-01
1.379106e-01
8.538723e-01
1.108434e+00
7.621477e-01
1.342557e-03
-7.618032e-01
-1.113370e+00
-8.614079e-01
-1.411007e-01
6.575441e-01
1.101501e+00
9.488627e-01
2.809227e-01
-5.409347e-01
-1.071113e+00
-1.021168e+00
-4.167185e-01
4.154205e-01
1.024174e+00
1.078776e+00
5.480975e-01
-2.812197e-01
-9.596581e-01
-1.118827e+00
-6.710439e-01
1.421091e-01
8.800047e-01
1.142264e+00
7.853677e-01
1.421269e-03
-7.847648e-01
-1.146823e+00
-8.872343e-01
-1.453704e-01
6.769874e-01
1.133934e+00
9.767237e-01
2.891443e-01
-5.565835e-01
-1.102000e+00
-1.050481e+00
-4.287079e-01
4.271470e-01
1.052967e+00
1.108931e+00
5.633869e-01
-2.889572e-01
-9.859018e-01
-1.149244e+00
-6.892190e-01
1.458516e-01
9.033316e-01
1.172338e+00
8.059041e-01
1.543050e-03
-8.048809e-01
-1.176015e+00
-9.096315e-01
-1.491040e-01
6.936803e-01
1.161692e+00
1.000426e+00
2.961616e-01
-5.697536e-01
-1.127874e+00
-1.074903e+00
-4.385929e-01
4.367425e-01
1.076572e+00
1.133534e+00
5.757699e-01
-2.951071e-01
-1.006925e+00
-1.173474e+00
-7.035891e-01
1.487536e-01
9.215660e-01
1.195708e+00
8.217638e-01
1.615821e-03
-8.201435e-01
-1.198057e+00
-9.264491e-01
-1.518649e-01
7.059712e-01
1.182030e+00
1.017682e+00
3.012036e-01
-5.791025e-01
-1.146202e+00
-1.092083e+00
-4.454958e-01
4.433825e-01
1.092666e+00
1.150178e+00
5.840554e-01
-2.992002e-01
-1.020646e+00
-1.189160e+00
-7.127969e-01
1.505773e-01
9.328693e-01
1.210070e+00
8.313860e-01
1.693048e-03
-8.291226e-01
-1.210804e+00
-9.360356e-01
-1.534317e-01
7.127078e-01
1.192968e+00
1.026771e+00
3.038516e-01
-5.838475e-01
-1.155211e+00
-1.100350e+00
-4.487438e-01
4.463438e-01
1.099706e+00
1.157229e+00
5.874742e-01
-3.007670e-01
-1.025773e+00
-1.194754e+00
-7.159379e-01
1.511105e-01
9.362183e-01
1.214031e+00
8.338854e-01
1.749483e-03
-8.309107e-01
-1.213026e+00
-9.374881e-01
-1.536515e-01
7.132187e-01
1.193455e+00
1.026884e+00
3.038204e-01
-5.834139e-01
-1.154002e+00
-1.098841e+00
-4.480636e-01
4.453532e-01
1.096990e+00
1.153999e+00
5.857025e-01
-2.996442e-01
-1.021781e+00
-1.189720e+00
-7.127375e-01
1.503189e-01
9.312372e-01
1.207189e+00
8.289370e-01
1.828195e-03
-8.253118e-01
-1.204495e+00
-9.305971e-01
-1.525718e-01
7.074118e-01
1.183402e+00
1.017924e+00
3.011338e-01
-5.777912e-01
-1.142714e+00
-1.087758e+00
-4.434315e-01
4.404880e-01
1.084771e+00
1.140814e+00
5.788486e-01
-2.959329e-01
-1.009040e+00
-1.174536e+00
-7.034435e-01
1.482338e-01
9.183745e-01
1.190229e+00
8.170604e-01
1.866808e-03
-8.128590e-01
-1.186048e+00
-9.160829e-01
-1.501763e-01
6.958560e-01
1.163814e+00
1.000807e+00
2.960220e-01
-5.676878e-01
-1.122409e+00
-1.068156e+00
-4.353331e-01
4.322351e-01
1.064242e+00
1.118946e+00
5.676210e-01
-2.900503e-01
-9.887755e-01
-1.150707e+00
-6.890125e-01
1.450986e-01
8.989816e-01
1.164820e+00
7.994275e-01
1.857897e-03
-7.948280e-01
-1.159479e+00
-8.953609e-01
-1.467679e-01
6.797305e-01
1.136614e+00
9.772064e-01
2.890092e-01
-5.539845e-01
-1.095112e+00
-1.041992e+00
-4.245897e-01
4.214189e-01
1.037436e+00
1.090554e+00
5.531232e-01
-2.825236e-01
-9.630397e-01
-1.120557e+00
-6.708717e-01
1.411942e-01
8.749047e-01
1.133414e+00
7.777965e-01
1.854927e-03
-7.729580e-01
-1.127399e+00
-8.704820e-01
-1.427017e-01
6.605857e-01
1.104448e+00
9.494582e-01
2.808276e-01
-5.380521e-01
-1.063473e+00
-1.011785e+00
-4.122809e-01
4.090715e-01
1.006954e+00
1.058401e+00
5.368150e-01
-2.740911e-01
-9.342861e-01
-1.087039e+00
-6.507541e-01
1.369082e-01
8.484961e-01
1.099128e+00
7.542186e-01
1.856412e-03
-7.493652e-01
-1.092965e+00
-8.438477e-01
-1.383517e-01
6.402869e-01
1.070484e+00
9.202383e-01
2.722035e-01
-5.213741e-01
-1.030612e+00
-9.805049e-01
-3.995400e-01
3.963662e-01
9.757836e-01
1.025669e+00
5.202350e-01
-2.655456e-01
-9.053929e-01
-1.053425e+00
-6.306662e-01
1.326859e-01
8.222881e-01
1.065283e+00
7.310402e-01
1.828195e-03
-7.263398e-01
-1.059486e+00
-8.180822e-01
-1.341770e-01
6.208094e-01
1.038021e+00
8.924263e-01
2.640115e-01
-5.056881e-01
-9.997106e-01
-9.512107e-01
-3.876634e-01
3.846189e-01
9.469736e-01
9.955269e-01
5.050168e-01
-2.577918e-01
-8.790943e-01
-1.023029e+00
-6.125610e-01
1.288706e-01
7.989552e-01
1.035216e+00
7.105410e-01
1.789581e-03
-7.061970e-01
-1.030321e+00
-7.957161e-01
-1.305295e-01
6.040780e-01
1.010262e+00
8.687533e-01
2.570655e-01
-4.924734e-01
-9.738262e-01
-9.268248e-01
-3.778051e-01
3.749358e-01
9.233407e-01
9.709555e-01
4.926710e-01
-2.515394e-01
-8.580381e-01
-9.987987e-01
-5.982548e-01
1.259078e-01
7.807015e-01
1.011868e+00
6.947303e-01
1.764334e-03
-6.908749e-01
-1.008266e+00
-7.789579e-01
-1.277984e-01
5.917039e-01
9.899191e-01
8.515407e-01
2.520814e-01
-4.830013e-01
-9.554611e-01
-9.096612e-01
-3.709601e-01
3.682409e-01
9.072241e-01
9.543324e-01
4.844523e-01
-2.474107e-01
-8.442665e-01
-9.831335e-01
-5.890841e-01
1.239875e-01
7.693298e-01
9.975081e-01
6.851349e-01
1.786611e-03
-6.818497e-01
-9.955121e-01
-7.693848e-01
-1.263192e-01
5.849198e-01
9.789692e-01
8.424635e-01
2.494914e-01
-4.782296e-01
-9.464449e-01
-9.014291e-01
-3.677567e-01
3.651919e-01
9.001549e-01
9.472988e-01
4.810721e-01
-2.457607e-01
-8.391101e-01
-9.775554e-01
-5.859787e-01
1.234009e-01
7.659140e-01
9.935517e-01
6.827215e-01
1.752453e-03
-6.800186e-01
-9.932829e-01
-7.679991e-01
-1.261439e-01
5.843436e-01
9.784762e-01
8.424160e-01
2.495790e-01
-4.786231e-01
-9.476167e-01
-9.029514e-01
-3.685438e-01
3.661424e-01
9.028400e-01
9.505424e-01
4.829345e-01
-2.468196e-01
-8.430754e-01
-9.826093e-01
-5.892579e-01
1.241539e-01
7.708744e-01
1.000392e+00
6.877026e-01
1.768789e-03
-6.855715e-01
-1.001811e+00
-7.749169e-01
-1.273261e-01
5.900940e-01
9.885142e-01
8.514218e-01
2.523458e-01
-4.841270e-01
-9.588992e-01
-9.140884e-01
-3.732264e-01
3.709438e-01
9.150344e-01
9.637660e-01
4.898314e-01
-2.504523e-01
-8.557852e-01
-9.977918e-01
-5.986275e-01
1.261707e-01
7.836569e-01
1.017354e+00
6.996535e-01
1.801462e-03
-6.979486e-01
-1.020268e+00
-7.895009e-01
-1.298003e-01
6.015815e-01
1.008081e+00
8.685692e-01
2.575705e-01
-4.942125e-01
-9.791668e-01
-9.337144e-01
-3.814065e-01
3.791224e-01
9.355203e-01
9.856449e-01
5.011481e-01
-2.562532e-01
-8.759829e-01
-1.021646e+00
-6.131135e-01
1.291781e-01
8.030244e-01
1.042772e+00
7.173236e-01
1.896511e-03
-7.159409e-01
-1.046820e+00
-8.102437e-01
-1.332755e-01
6.176238e-01
1.035265e+00
8.922005e-01
2.646382e-01
-5.078327e-01
-1.006447e+00
-9.599358e-01
-3.922049e-01
3.898361e-01
9.623061e-01
1.014061e+00
5.156860e-01
-2.637234e-01
-9.016771e-01
-1.051809e+00
-6.313360e-01
1.330112e-01
8.270479e-01
1.074165e+00
7.390272e-01
1.967797e-03
-7.377560e-01
-1.078902e+00
-8.351909e-01
-1.374161e-01
6.367107e-01
1.067398e+00
9.199918e-01
2.729223e-01
-5.237221e-01
-1.038045e+00
-9.901627e-01
-4.046013e-01
4.021271e-01
9.927394e-01
1.046238e+00
5.320922e-01
-2.720698e-01
-9.303743e-01
-1.085359e+00
-6.514952e-01
1.372215e-01
8.534164e-01
1.108480e+00
7.626542e-01
2.050964e-03
-7.612982e-01
-1.113332e+00
-8.618549e-01
-1.418358e-01
6.569619e-01
1.101363e+00
9.492756e-01
2.816043e-01
-5.403139e-01
-1.070893e+00
-1.021493e+00
-4.174061e-01
4.147447e-01
1.023880e+00
1.078996e+00
5.487643e-01
-2.805380e-01
-9.592601e-01
-1.118980e+00
-6.716484e-01
1.413843e-01
8.795457e-01
1.142317e+00
7.859083e-01
2.144527e-03
-7.842376e-01
-1.146784e+00
-8.877050e-01
-1.461368e-01
6.763904e-01
1.133807e+00
9.771143e-01
2.898928e-01
-5.559479e-01
-1.101755e+00
-1.050789e+00
-4.293970e-01
4.264550e-01
1.052664e+00
1.109165e+00
5.640314e-01
-2.881909e-01
-9.854890e-01
-1.149388e+00
-6.898249e-01
1.450883e-01
9.028653e-01
1.172395e+00
8.064670e-01
2.279674e-03
-8.043269e-01
-1.175978e+00
-9.100963e-01
-1.498407e-01
6.930283e-01
1.161566e+00
1.000832e+00
2.968744e-01
-5.690720e-01
-1.127637e+00
-1.075234e+00
-4.392865e-01
4.360355e-01
1.076241e+00
1.133772e+00
5.764412e-01
-2.943809e-01
-1.006490e+00
-1.173628e+00
-7.041995e-01
1.479961e-01
9.210343e-01
1.195754e+00
8.223252e-01
2.370267e-03
-8.195777e-01
-1.198017e+00
-9.269407e-01
-1.526179e-01
7.053400e-01
1.181894e+00
1.018088e+00
3.019625e-01
-5.784684e-01
-1.145962e+00
-1.092417e+00
-4.462191e-01
4.426607e-01
1.092335e+00
1.150419e+00
5.847431e-01
-2.984398e-01
-1.020237e+00
-1.189319e+00
-7.134206e-01
1.498214e-01
9.323852e-01
1.210118e+00
8.319533e-01
2.475711e-03
-8.285731e-01
-1.210762e+00
-9.365510e-01
-1.542025e-01
7.120706e-01
1.192837e+00
1.027224e+00
3.046001e-01
-5.831644e-01
-1.154963e+00
-1.100680e+00
-4.494626e-01
4.456235e-01
1.099395e+00
1.157474e+00
5.881900e-01
-2.999962e-01
-1.025366e+00
-1.194907e+00
-7.165929e-01
1.503560e-01
9.357133e-01
1.214070e+00
8.344513e-01
2.530661e-03
-8.303419e-01
-1.212984e+00
-9.379752e-01
-1.544639e-01
7.125741e-01
1.193309e+00
1.027306e+00
3.046164e-01
-5.827263e-01
-1.153766e+00
-1.099180e+00
-4.487854e-01
4.446448e-01
1.096676e+00
1.154244e+00
5.863797e-01
-2.988512e-01
-1.021350e+00
-1.189872e+00
-7.133612e-01
1.495214e-01
9.307604e-01
1.207244e+00
8.295102e-01
2.613828e-03
-8.247177e-01
-1.204446e+00
-9.310783e-01
-1.533233e-01
7.067509e-01
1.183270e+00
1.018346e+00
3.018897e-01
-5.771347e-01
-1.142483e+00
-1.088082e+00
-4.441354e-01
4.397751e-01
1.084434e+00
1.141041e+00
5.795213e-01
-2.951740e-01
-1.008598e+00
-1.174680e+00
-7.040569e-01
1.474838e-01
9.179111e-01
1.190282e+00
8.176307e-01
2.613828e-03
-8.122991e-01
-1.186004e+00
-9.165611e-01
-1.509233e-01
6.952471e-01
1.163681e+00
1.001216e+00
2.967438e-01
-5.670359e-01
-1.122179e+00
-1.068478e+00
-4.360400e-01
4.315505e-01
1.063929e+00
1.119188e+00
5.682952e-01
-2.893270e-01
-9.883746e-01
-1.150863e+00
-6.896199e-01
1.443754e-01
8.985257e-01
1.164866e+00
7.999770e-01
2.598977e-03
-7.942978e-01
-1.159432e+00
-8.958673e-01
-1.474897e-01
6.791453e-01
1.136478e+00
9.776296e-01
2.897295e-01
-5.533608e-01
-1.094869e+00
-1.042307e+00
-4.252743e-01
4.207550e-01
1.037131e+00
1.090791e+00
5.538137e-01
-2.818048e-01
-9.626447e-01
-1.120709e+00
-6.714583e-01
1.404918e-01
8.744369e-01
1.133452e+00
7.783297e-01
2.606403e-03
-7.724323e-01
-1.127360e+00
-8.709528e-01
-1.434071e-01
6.599990e-01
1.104333e+00
9.498206e-01
2.814692e-01
-5.374595e-01
-1.063276e+00
-1.012071e+00
-4.129165e-01
4.084136e-01
1.006685e+00
1.058614e+00
5.374090e-01
-2.734005e-01
-9.339535e-01
-1.087165e+00
-6.512932e-01
1.362354e-01
8.480551e-01
1.099170e+00
7.547191e-01
2.521750e-03
-7.488632e-01
-1.092916e+00
-8.442784e-01
-1.390334e-01
6.397226e-01
1.070372e+00
9.205962e-01
2.728228e-01
-5.208127e-01
-1.030416e+00
-9.807930e-01
-4.001400e-01
3.957529e-01
9.754985e-01
1.025867e+00
5.208038e-01
-2.649293e-01
-9.050187e-01
-1.053552e+00
-6.311860e-01
1.320354e-01
8.218886e-01
1.065321e+00
7.315095e-01
2.466800e-03
-7.258838e-01
-1.059460e+00
-8.184817e-01
-1.348141e-01
6.202763e-01
1.037913e+00
8.927783e-01
2.646249e-01
-5.051342e-01
-9.995234e-01
-9.515047e-01
-3.882560e-01
3.840248e-01
9.467092e-01
9.957319e-01
5.055708e-01
-2.571933e-01
-8.787646e-01
-1.023168e+00
-6.130630e-01
1.282513e-01
7.985691e-01
1.035256e+00
7.110281e-01
2.399969e-03
-7.057722e-01
-1.030286e+00
-7.961364e-01
-1.311429e-01
6.035552e-01
1.010166e+00
8.691038e-01
2.576581e-01
-4.919492e-01
-9.736361e-01
-9.270833e-01
-3.784110e-01
3.743507e-01
9.230912e-01
9.711411e-01
4.932427e-01
-2.509542e-01
-8.577158e-01
-9.989294e-01
-5.987463e-01
1.252930e-01
7.803049e-01
1.011899e+00
6.951907e-01
2.401455e-03
-6.904516e-01
-1.008231e+00
-7.793589e-01
-1.284266e-01
5.912049e-01
9.898151e-01
8.518689e-01
2.526696e-01
-4.824815e-01
-9.552740e-01
-9.099241e-01
-3.715215e-01
3.676721e-01
9.069746e-01
9.545166e-01
4.849854e-01
-2.467914e-01
-8.439398e-01
-9.832598e-01
-5.895712e-01
1.234262e-01
7.689274e-01
9.975467e-01
6.855789e-01
2.380663e-03
-6.814027e-01
-9.954765e-01
-7.697798e-01
-1.269088e-01
5.844119e-01
9.788475e-01
8.427858e-01
2.500810e-01
-4.777127e-01
-9.462622e-01
-9.017024e-01
-3.683107e-01
3.646662e-01
8.998950e-01
9.474726e-01
4.816053e-01
-2.451875e-01
-8.387893e-01
-9.776683e-01
-5.864732e-01
1.228366e-01
7.655487e-01
9.935992e-01
6.831522e-01
2.373237e-03
-6.795894e-01
-9.932517e-01
-7.683853e-01
-1.267231e-01
5.838639e-01
9.783633e-01
8.427368e-01
2.501656e-01
-4.780989e-01
-9.474384e-01
-9.032365e-01
-3.690993e-01
3.655973e-01
9.025875e-01
9.507384e-01
4.834557e-01
-2.462434e-01
-8.427546e-01
-9.827251e-01
-5.897569e-01
1.235865e-01
7.705031e-01
1.000426e+00
6.881734e-01
2.371752e-03
-6.851408e-01
-1.001775e+00
-7.753342e-01
-1.279276e-01
5.896024e-01
9.884043e-01
8.517426e-01
2.529309e-01
-4.835998e-01
-9.587150e-01
-9.143468e-01
-3.738220e-01
3.703765e-01
9.147760e-01
9.639546e-01
4.904061e-01
-2.498612e-01
-8.554599e-01
-9.979195e-01
-5.991236e-01
1.255484e-01
7.832722e-01
1.017387e+00
7.000960e-01
2.462345e-03
-6.975030e-01
-1.020220e+00
-7.898885e-01
-1.304226e-01
6.010676e-01
1.007974e+00
8.689003e-01
2.581660e-01
-4.936318e-01
-9.789871e-01
-9.339832e-01
-3.819813e-01
3.785090e-01
9.352663e-01
9.858350e-01
5.017050e-01
-2.556368e-01
-8.756458e-01
-1.021754e+00
-6.136140e-01
1.285543e-01
8.026116e-01
1.042813e+00
7.177825e-01
2.536601e-03
-7.154657e-01
-1.046780e+00
-8.106580e-01
-1.338948e-01
6.171159e-01
1.035153e+00
8.925525e-01
2.652531e-01
-5.072772e-01
-1.006235e+00
-9.602046e-01
-3.927901e-01
3.892629e-01
9.620209e-01
1.014250e+00
5.162593e-01
-2.630907e-01
-9.013415e-01
-1.051916e+00
-6.318425e-01
1.323741e-01
8.266261e-01
1.074212e+00
7.395129e-01
2.607888e-03
-7.372718e-01
-1.078849e+00
-8.356037e-01
-1.380532e-01
6.361909e-01
1.067287e+00
9.203541e-01
2.735564e-01
-5.231369e-01
-1.037840e+00
-9.904656e-01
-4.051998e-01
4.015256e-01
9.924602e-01
1.046434e+00
5.326789e-01
-2.714401e-01
-9.300164e-01
-1.085478e+00
-6.520313e-01
1.365621e-01
8.529887e-01
1.108523e+00
7.631754e-01
2.711847e-03
-7.608022e-01
-1.113287e+00
-8.623212e-01
-1.424833e-01
6.564228e-01
1.101240e+00
9.496379e-01
2.822949e-01
-5.397243e-01
-1.070673e+00
-1.021778e+00
-4.180640e-01
4.141225e-01
1.023587e+00
1.079208e+00
5.493658e-01
-2.798816e-01
-9.588858e-01
-1.119094e+00
-6.722157e-01
1.406670e-01
8.791047e-01
1.142357e+00
7.863999e-01
2.881151e-03
-7.837385e-01
-1.146740e+00
-8.881402e-01
-1.468169e-01
6.758216e-01
1.133672e+00
9.774945e-01
2.905671e-01
-5.553048e-01
-1.101543e+00
-1.051096e+00
-4.300341e-01
4.257614e-01
1.052366e+00
1.109377e+00
5.646611e-01
-2.875122e-01
-9.851192e-01
-1.149522e+00
-6.904011e-01
1.443813e-01
9.023930e-01
1.172436e+00
8.069689e-01
2.995506e-03
-8.037908e-01
-1.175927e+00
-9.105508e-01
-1.505535e-01
6.924536e-01
1.161426e+00
1.001218e+00
2.975784e-01
-5.684438e-01
-1.127408e+00
-1.075534e+00
-4.399563e-01
4.353761e-01
1.075929e+00
1.133992e+00
5.770694e-01
-2.936874e-01
-1.006106e+00
-1.173763e+00
-7.047935e-01
1.473011e-01
9.205962e-01
1.195806e+00
8.228390e-01
3.114317e-03
-8.190416e-01
-1.197963e+00
-9.273892e-01
-1.533292e-01
7.047742e-01
1.181747e+00
1.018500e+00
3.026635e-01
-5.778149e-01
-1.145749e+00
-1.092744e+00
-4.468859e-01
4.419909e-01
1.092040e+00
1.150653e+00
5.853802e-01
-2.977373e-01
-1.019853e+00
-1.189443e+00
-7.140459e-01
1.490936e-01
9.319248e-01
1.210167e+00
8.325221e-01
3.197484e-03
-8.280251e-01
-1.210722e+00
-9.370173e-01
-1.549064e-01
7.114959e-01
1.192696e+00
1.027610e+00
3.053694e-01
-5.825213e-01
-1.154746e+00
-1.100996e+00
-4.501844e-01
4.449448e-01
1.099076e+00
1.157703e+00
5.888405e-01
-2.992982e-01
-1.024967e+00
-1.195044e+00
-7.171884e-01
1.495882e-01
9.352485e-01
1.214128e+00
8.349874e-01
3.308869e-03
-8.297998e-01
-1.212931e+00
-9.384475e-01
-1.551827e-01
7.119994e-01
1.193177e+00
1.027692e+00
3.053248e-01
-5.820475e-01
-1.153554e+00
-1.099486e+00
-4.494537e-01
4.439156e-01
1.096360e+00
1.154464e+00
5.870316e-01
-2.981531e-01
-1.020940e+00
-1.190005e+00
-7.139479e-01
1.487951e-01
9.302629e-01
1.207284e+00
8.300241e-01
3.338571e-03
-8.241682e-01
-1.204404e+00
-9.315476e-01
-1.540213e-01
7.061732e-01
1.183120e+00
1.018711e+00
3.025966e-01
-5.765214e-01
-1.142237e+00
-1.088391e+00
-4.447919e-01
4.391068e-01
1.084131e+00
1.141272e+00
5.801540e-01
-2.945057e-01
-1.008219e+00
-1.174834e+00
-7.046331e-01
1.467546e-01
9.174626e-01
1.190336e+00
8.181490e-01
3.337086e-03
-8.117926e-01
-1.185958e+00
-9.170052e-01
-1.516421e-01
6.946620e-01
1.163550e+00
1.001625e+00
2.974477e-01
-5.664255e-01
-1.121959e+00
-1.068808e+00
-4.366964e-01
4.308881e-01
1.063628e+00
1.119411e+00
5.689071e-01
-2.886364e-01
-9.879929e-01
-1.150995e+00
-6.902110e-01
1.436640e-01
8.980772e-01
1.164913e+00
8.005205e-01
3.302928e-03
-7.937884e-01
-1.159384e+00
-8.963129e-01
-1.482442e-01
6.785765e-01
1.136360e+00
9.780054e-01
2.904409e-01
-5.527549e-01
-1.094677e+00
-1.042601e+00
-4.259589e-01
4.201031e-01
1.036830e+00
1.091003e+00
5.544212e-01
-2.811128e-01
-9.622853e-01
-1.120836e+00
-6.719989e-01
1.397566e-01
8.740225e-01
1.133506e+00
7.788272e-01
3.289562e-03
-7.719273e-01
-1.127311e+00
-8.713850e-01
-1.441199e-01
6.594228e-01
1.104203e+00
9.502082e-01
2.821776e-01
-5.368105e-01
-1.063062e+00
-1.012367e+00
-4.135730e-01
4.077483e-01
1.006373e+00
1.058844e+00
5.380357e-01
-2.727277e-01
-9.335406e-01
-1.087306e+00
-6.518665e-01
1.355448e-01
8.476155e-01
1.099220e+00
7.552166e-01
3.225702e-03
-7.483435e-01
-1.092873e+00
-8.447209e-01
-1.397180e-01
6.391641e-01
1.070238e+00
9.209660e-01
2.735104e-01
-5.202008e-01
-1.030197e+00
-9.810737e-01
-4.007875e-01
3.951217e-01
9.752104e-01
1.026092e+00
5.214171e-01
-2.642655e-01
-9.046504e-01
-1.053688e+00
-6.317430e-01
1.313567e-01
8.214698e-01
1.065380e+00
7.320041e-01
3.146990e-03
-7.253848e-01
-1.059419e+00
-8.189525e-01
-1.354750e-01
6.197357e-01
1.037792e+00
8.931584e-01
2.652843e-01
-5.045565e-01
-9.993170e-01
-9.517780e-01
-3.888649e-01
3.834085e-01
9.464196e-01
9.959458e-01
5.062020e-01
-2.565576e-01
-8.784037e-01
-1.023284e+00
-6.136303e-01
1.275875e-01
7.981384e-01
1.035303e+00
7.115108e-01
3.060852e-03
-7.052792e-01
-1.030242e+00
-7.965567e-01
-1.318275e-01
6.030220e-01
1.010049e+00
8.694528e-01
2.583413e-01
-4.913730e-01
-9.734475e-01
-9.273669e-01
-3.790259e-01
3.737745e-01
9.228224e-01
9.713461e-01
4.938175e-01
-2.502770e-01
-8.573757e-01
-9.990482e-01
-5.992617e-01
1.246321e-01
7.798950e-01
1.011944e+00
6.956555e-01
3.046001e-03
-6.899689e-01
-1.008192e+00
-7.797599e-01
-1.290771e-01
5.906643e-01
9.896934e-01
8.522075e-01
2.532903e-01
-4.818889e-01
-9.550839e-01
-9.101899e-01
-3.721260e-01
3.670528e-01
9.066791e-01
9.547141e-01
4.855453e-01
-2.461647e-01
-8.435967e-01
-9.833801e-01
-5.900880e-01
1.227772e-01
7.685100e-01
9.975838e-01
6.860541e-01
3.017783e-03
-6.809379e-01
-9.954289e-01
-7.701778e-01
-1.275414e-01
5.838891e-01
9.787272e-01
8.431170e-01
2.506958e-01
-4.771395e-01
-9.460543e-01
-9.019727e-01
-3.688988e-01
3.640558e-01
8.996217e-01
9.476820e-01
4.821845e-01
-2.445578e-01
-8.384492e-01
-9.777915e-01
-5.869901e-01
1.221786e-01
7.651314e-01
9.936275e-01
6.836230e-01
2.999962e-03
-6.791290e-01
-9.932087e-01
-7.688160e-01
-1.273573e-01
5.833441e-01
9.782415e-01
8.430903e-01
2.507894e-01
-4.775167e-01
-9.472454e-01
-9.035068e-01
-3.696844e-01
3.649973e-01
9.023202e-01
9.509344e-01
4.840602e-01
-2.456182e-01
-8.424220e-01
-9.828454e-01
-5.903019e-01
1.229301e-01
7.700768e-01
1.000469e+00
6.886353e-01
3.025209e-03
-6.846804e-01
-1.001729e+00
-7.757500e-01
-1.285929e-01
5.890930e-01
9.882840e-01
8.520916e-01
2.536245e-01
-4.830280e-01
-9.585145e-01
-9.146171e-01
-3.744324e-01
3.697809e-01
9.144998e-01
9.641521e-01
4.909868e-01
-2.491825e-01
-8.551109e-01
-9.980309e-01
-5.996478e-01
1.248682e-01
7.828579e-01
1.017434e+00
7.005743e-01
3.129168e-03
-6.970099e-01
-1.020182e+00
-7.903028e-01
-1.310627e-01
6.005181e-01
1.007846e+00
8.692508e-01
2.588225e-01
-4.930645e-01
-9.787821e-01
-9.342594e-01
-3.825857e-01
3.779046e-01
9.349559e-01
9.860385e-01
5.022931e-01
-2.549923e-01
-8.752626e-01
-1.021881e+00
-6.141486e-01
1.278994e-01
8.021794e-01
1.042857e+00
7.182696e-01
3.218276e-03
-7.149726e-01
-1.046742e+00
-8.110902e-01
-1.345631e-01
6.165694e-01
1.035014e+00
8.929075e-01
2.659318e-01
-5.066861e-01
-1.006033e+00
-9.604898e-01
-3.934197e-01
3.886258e-01
9.617284e-01
1.014486e+00
5.168593e-01
-2.624328e-01
-9.009673e-01
-1.052063e+00
-6.324024e-01
1.317102e-01
8.262073e-01
1.074266e+00
7.400074e-01
3.301443e-03
-7.367743e-01
-1.078814e+00
-8.360745e-01
-1.387423e-01
6.356340e-01
1.067161e+00
9.207403e-01
2.742366e-01
-5.225473e-01
-1.037629e+00
-9.907552e-01
-4.058859e-01
4.008706e-01
9.921646e-01
1.046658e+00
5.333249e-01
-2.707703e-01
-9.296421e-01
-1.085613e+00
-6.526224e-01
1.358567e-01
8.525372e-01
1.108574e+00
7.636967e-01
3.469263e-03
-7.602824e-01
-1.113249e+00
-8.627638e-01
-1.432526e-01
6.558496e-01
1.101115e+00
9.500226e-01
2.829974e-01
-5.390857e-01
-1.070458e+00
-1.022083e+00
-4.187338e-01
4.134081e-01
1.023281e+00
1.079432e+00
5.500103e-01
-2.791375e-01
-9.585056e-01
-1.119243e+00
-6.727994e-01
1.399363e-01
8.786487e-01
1.142412e+00
7.869345e-01
3.611835e-03
-7.831787e-01
-1.146701e+00
-8.886080e-01
-1.475536e-01
6.751889e-01
1.133540e+00
9.778836e-01
2.912740e-01
-5.546514e-01
-1.101313e+00
-1.051402e+00
-4.307247e-01
4.250753e-01
1.052032e+00
1.109610e+00
5.653057e-01
-2.867964e-01
-9.846825e-01
-1.149661e+00
-6.909981e-01
1.436447e-01
9.019073e-01
1.172496e+00
8.075244e-01
3.741042e-03
-8.032502e-01
-1.175872e+00
-9.110349e-01
-1.512991e-01
6.918402e-01
1.161273e+00
1.001614e+00
2.983031e-01
-5.677755e-01
-1.127181e+00
-1.075880e+00
-4.406617e-01
4.346737e-01
1.075604e+00
1.134237e+00
5.777318e-01
-2.929507e-01
-1.005699e+00
-1.173916e+00
-7.054069e-01
1.465407e-01
9.200972e-01
1.195855e+00
8.234390e-01
3.871733e-03
-8.185054e-01
-1.197913e+00
-9.279149e-01
-1.540926e-01
7.041608e-01
1.181603e+00
1.018912e+00
3.034046e-01
-5.771466e-01
-1.145507e+00
-1.093066e+00
-4.476433e-01
4.412721e-01
1.091714e+00
1.150886e+00
5.861138e-01
-2.969843e-01
-1.019445e+00
-1.189602e+00
-7.146652e-01
1.483362e-01
9.314288e-01
1.210211e+00
8.330894e-01
4.030642e-03
-8.274682e-01
-1.210675e+00
-9.375089e-01
-1.557233e-01
7.108721e-01
1.192556e+00
1.028022e+00
3.061105e-01
-5.818575e-01
-1.154515e+00
-1.101322e+00
-4.509047e-01
4.441800e-01
1.098740e+00
1.157938e+00
5.895133e-01
-2.984962e-01
-1.024554e+00
-1.195200e+00
-7.178092e-01
1.488308e-01
9.347436e-01
1.214178e+00
8.355562e-01
4.091532e-03
-8.292117e-01
-1.212889e+00
-9.389361e-01
-1.559653e-01
7.113340e-01
1.193036e+00
1.028108e+00
3.060748e-01
-5.813792e-01
-1.153292e+00
-1.099826e+00
-4.501725e-01
4.432176e-01
1.096014e+00
1.154706e+00
5.877074e-01
-2.973987e-01
-1.020523e+00
-1.190161e+00
-7.145731e-01
1.480377e-01
9.297639e-01
1.207348e+00
8.305959e-01
4.091532e-03
-8.236366e-01
-1.204355e+00
-9.320302e-01
-1.547951e-01
7.055524e-01
1.182980e+00
1.019135e+00
3.033318e-01
-5.758293e-01
-1.142014e+00
-1.088737e+00
-4.455211e-01
4.383939e-01
1.083803e+00
1.141514e+00
5.808238e-01
-2.937542e-01
-1.007822e+00
-1.174980e+00
-7.052584e-01
1.460105e-01
9.169799e-01
1.190373e+00
8.187416e-01
4.101928e-03
-8.112446e-01
-1.185921e+00
-9.175294e-01
-1.523877e-01
6.940560e-01
1.163412e+00
1.002030e+00
2.982215e-01
-5.657379e-01
-1.121730e+00
-1.069126e+00
-4.374464e-01
4.301975e-01
1.063319e+00
1.119627e+00
5.696140e-01
-2.879013e-01
-9.876171e-01
-1.151136e+00
-6.908333e-01
1.428917e-01
8.975871e-01
1.164955e+00
8.010611e-01
4.101928e-03
-7.932493e-01
-1.159358e+00
-8.967777e-01
-1.489689e-01
6.779795e-01
1.136219e+00
9.784079e-01
2.911508e-01
-5.520583e-01
-1.094447e+00
-1.042919e+00
-4.266570e-01
4.193828e-01
1.036527e+00
1.091220e+00
5.550717e-01
-2.803821e-01
-9.618947e-01
-1.120980e+00
-6.725944e-01
1.390720e-01
8.735250e-01
1.133549e+00
7.793515e-01
4.026186e-03
-7.713763e-01
-1.127282e+00
-8.718394e-01
-1.448194e-01
6.588599e-01
1.104068e+00
9.505943e-01
2.828890e-01
-5.361838e-01
-1.062832e+00
-1.012673e+00
-4.142428e-01
4.070859e-01
1.006062e+00
1.059058e+00
5.386639e-01
-2.720327e-01
-9.331782e-01
-1.087452e+00
-6.524457e-01
1.348706e-01
8.471491e-01
1.099251e+00
7.557394e-01
3.928168e-03
-7.478489e-01
-1.092840e+00
-8.451620e-01
-1.404042e-01
6.385864e-01
1.070110e+00
9.213611e-01
2.741683e-01
-5.196186e-01
-1.029979e+00
-9.813959e-01
-4.014261e-01
3.944712e-01
9.749267e-01
1.026309e+00
5.220156e-01
-2.636046e-01
-9.042925e-01
-1.053829e+00
-6.323296e-01
1.306855e-01
8.210287e-01
1.065414e+00
7.325342e-01
3.831634e-03
-7.249081e-01
-1.059380e+00
-8.193653e-01
-1.361493e-01
6.191877e-01
1.037669e+00
8.935134e-01
2.659659e-01
-5.039832e-01
-9.991061e-01
-9.520810e-01
-3.895332e-01
3.827833e-01
9.461479e-01
9.961492e-01
5.067767e-01
-2.559116e-01
-8.780547e-01
-1.023418e+00
-6.141546e-01
1.268999e-01
7.977062e-01
1.035334e+00
7.120098e-01
3.764804e-03
-7.047920e-01
-1.030220e+00
-7.969755e-01
-1.324661e-01
6.024933e-01
1.009930e+00
8.698078e-01
2.589724e-01
-4.907641e-01
-9.732337e-01
-9.276550e-01
-3.796333e-01
3.731240e-01
9.225492e-01
9.715436e-01
4.943907e-01
-2.496473e-01
-8.570223e-01
-9.991759e-01
-5.997919e-01
1.239964e-01
7.794614e-01
1.011984e+00
6.961322e-01
3.705398e-03
-6.894729e-01
-1.008152e+00
-7.801594e-01
-1.297038e-01
5.901341e-01
9.895805e-01
8.525639e-01
2.539171e-01
-4.813365e-01
-9.548715e-01
-9.104647e-01
-3.727126e-01
3.664750e-01
9.064236e-01
9.549012e-01
4.861037e-01
-2.455439e-01
-8.432492e-01
-9.834989e-01
-5.906064e-01
1.221460e-01
7.681165e-01
9.976210e-01
6.865175e-01
3.663815e-03
-6.804760e-01
-9.953933e-01
-7.705788e-01
-1.281771e-01
5.833886e-01
9.786217e-01
8.434853e-01
2.513077e-01
-4.765900e-01
-9.458568e-01
-9.022519e-01
-3.695003e-01
3.634736e-01
8.993529e-01
9.478840e-01
4.827325e-01
-2.439504e-01
-8.381151e-01
-9.779178e-01
-5.875247e-01
1.215489e-01
7.647423e-01
9.936661e-01
6.841131e-01
3.638568e-03
-6.786656e-01
-9.931700e-01
-7.692140e-01
-1.279944e-01
5.828243e-01
9.781331e-01
8.434318e-01
2.514324e-01
-4.769717e-01
-9.470360e-01
-9.037771e-01
-3.703171e-01
3.643988e-01
9.020455e-01
9.511305e-01
4.846186e-01
-2.449573e-01
-8.420566e-01
-9.829642e-01
-5.908113e-01
1.222737e-01
7.696729e-01
1.000513e+00
6.891091e-01
3.718765e-03
-6.842170e-01
-1.001699e+00
-7.761436e-01
-1.292256e-01
5.885331e-01
9.881622e-01
8.524392e-01
2.542215e-01
-4.824488e-01
-9.582977e-01
-9.148918e-01
-3.750234e-01
3.691512e-01
9.142265e-01
9.643511e-01
4.915289e-01
-2.485810e-01
-8.547441e-01
-9.981556e-01
-6.001676e-01
1.242326e-01
7.824138e-01
1.017474e+00
7.010629e-01
3.754408e-03
-6.965436e-01
-1.020127e+00
-7.907216e-01
-1.316968e-01
5.999968e-01
1.007715e+00
8.696058e-01
2.594358e-01
-4.924898e-01
-9.785504e-01
-9.345386e-01
-3.831961e-01
3.773002e-01
9.346856e-01
9.862627e-01
5.028679e-01
-2.543671e-01
-8.749121e-01
-1.022020e+00
-6.146729e-01
1.272444e-01
8.017606e-01
1.042904e+00
7.187597e-01
3.852426e-03
-7.144899e-01
-1.046696e+00
-8.115238e-01
-1.352196e-01
6.160095e-01
1.034889e+00
8.932951e-01
2.665585e-01
-5.061010e-01
-1.005811e+00
-9.607838e-01
-3.940539e-01
3.879975e-01
9.614477e-01
1.014694e+00
5.174934e-01
-2.617853e-01
-9.005885e-01
-1.052197e+00
-6.329875e-01
1.310464e-01
8.257588e-01
1.074297e+00
7.405346e-01
4.003909e-03
-7.362753e-01
-1.078770e+00
-8.365037e-01
-1.394581e-01
6.350756e-01
1.067034e+00
9.211056e-01
2.749420e-01
-5.219161e-01
-1.037408e+00
-9.910552e-01
-4.065513e-01
4.002157e-01
9.918795e-01
1.046868e+00
5.339353e-01
-2.700218e-01
-9.292723e-01
-1.085743e+00
-6.531912e-01
1.351260e-01
8.520961e-01
1.108599e+00
7.642106e-01
4.192521e-03
-7.597299e-01
-1.113204e+00
-8.632123e-01
-1.439462e-01
6.552258e-01
1.100973e+00
9.504102e-01
2.836939e-01
-5.384055e-01
-1.070233e+00
-1.022383e+00
-4.194095e-01
4.127457e-01
1.022962e+00
1.079645e+00
5.506549e-01
-2.784054e-01
-9.580943e-01
-1.119364e+00
-6.733904e-01
1.392472e-01
8.781512e-01
1.142437e+00
7.874692e-01
4.355885e-03
-7.826410e-01
-1.146643e+00
-8.890699e-01
-1.482649e-01
6.745964e-01
1.133377e+00
9.782801e-01
2.920017e-01
-5.539875e-01
-1.101083e+00
-1.051709e+00
-4.314123e-01
4.243936e-01
1.051708e+00
1.109849e+00
5.659695e-01
-2.860493e-01
-9.842801e-01
-1.149810e+00
-6.916026e-01
1.429214e-01
9.014321e-01
1.172528e+00
8.080620e-01
4.504398e-03
-8.026858e-01
-1.175816e+00
-9.115340e-01
-1.520327e-01
6.912328e-01
1.161134e+00
1.002041e+00
2.990576e-01
-5.671086e-01
-1.126928e+00
-1.076195e+00
-4.413568e-01
4.339653e-01
1.075290e+00
1.134473e+00
5.784491e-01
-2.922067e-01
-1.005290e+00
-1.174069e+00
-7.060484e-01
1.457759e-01
9.196131e-01
1.195908e+00
8.239945e-01
4.633604e-03
-8.179485e-01
-1.197867e+00
-9.283887e-01
-1.548975e-01
7.035163e-01
1.181467e+00
1.019326e+00
3.041991e-01
-5.764917e-01
-1.145265e+00
-1.093398e+00
-4.483577e-01
4.405592e-01
1.091385e+00
1.151124e+00
5.867643e-01
-2.962254e-01
-1.019002e+00
-1.189743e+00
-7.152934e-01
1.475417e-01
9.309312e-01
1.210268e+00
8.336448e-01
4.789543e-03
-8.268682e-01
-1.210623e+00
-9.380019e-01
-1.564851e-01
7.102038e-01
1.192414e+00
1.028431e+00
3.068694e-01
-5.811386e-01
-1.154274e+00
-1.101654e+00
-4.516294e-01
4.434686e-01
1.098403e+00
1.158177e+00
5.901994e-01
-2.977343e-01
-1.024122e+00
-1.195342e+00
-7.184433e-01
1.480541e-01
9.342356e-01
1.214229e+00
8.361191e-01
4.853404e-03
-8.286444e-01
-1.212847e+00
-9.394247e-01
-1.567168e-01
7.107118e-01
1.192884e+00
1.028521e+00
3.068248e-01
-5.807065e-01
-1.153056e+00
-1.100154e+00
-4.508868e-01
4.424959e-01
1.095683e+00
1.154956e+00
5.883772e-01
-2.966457e-01
-1.020125e+00
-1.190314e+00
-7.151909e-01
1.472788e-01
9.292842e-01
1.207393e+00
8.311573e-01
4.860829e-03
-8.230796e-01
-1.204301e+00
-9.325649e-01
-1.555584e-01
7.049301e-01
1.182842e+00
1.019571e+00
3.040892e-01
-5.751773e-01
-1.141769e+00
-1.089066e+00
-4.462636e-01
4.376647e-01
1.083484e+00
1.141768e+00
5.815396e-01
-2.930265e-01
-1.007396e+00
-1.175115e+00
-7.058999e-01
1.452472e-01
9.164809e-01
1.190434e+00
8.192926e-01
4.897958e-03
-8.106907e-01
-1.185872e+00
-9.180032e-01
-1.531807e-01
6.934382e-01
1.163272e+00
1.002434e+00
2.989447e-01
-5.651037e-01
-1.121505e+00
-1.069448e+00
-4.381311e-01
4.294534e-01
1.062986e+00
1.119880e+00
5.702556e-01
-2.871572e-01
-9.872147e-01
-1.151278e+00
-6.914259e-01
1.421655e-01
8.971267e-01
1.165011e+00
8.016002e-01
4.844493e-03
-7.926775e-01
-1.159301e+00
-8.972440e-01
-1.497026e-01
6.773453e-01
1.136083e+00
9.787955e-01
2.918696e-01
-5.514286e-01
-1.094220e+00
-1.043229e+00
-4.273267e-01
4.187130e-01
1.036197e+00
1.091453e+00
5.557028e-01
-2.797019e-01
-9.614789e-01
-1.121114e+00
-6.731885e-01
1.383502e-01
8.730676e-01
1.133611e+00
7.798876e-01
4.746474e-03
-7.708506e-01
-1.127227e+00
-8.722998e-01
-1.455353e-01
6.582793e-01
1.103918e+00
9.509760e-01
2.835603e-01
-5.355437e-01
-1.062609e+00
-1.012999e+00
-4.148962e-01
4.064473e-01
1.005761e+00
1.059295e+00
5.392877e-01
-2.713317e-01
-9.327951e-01
-1.087580e+00
-6.530056e-01
1.341740e-01
8.467036e-01
1.099309e+00
7.562726e-01
4.633604e-03
-7.473247e-01
-1.092796e+00
-8.456373e-01
-1.410873e-01
6.380473e-01
1.069981e+00
9.217323e-01
2.748529e-01
-5.189875e-01
-1.029768e+00
-9.816930e-01
-4.020959e-01
3.938386e-01
9.746401e-01
1.026526e+00
5.226572e-01
-2.629273e-01
-9.039360e-01
-1.053946e+00
-6.328850e-01
1.300097e-01
8.205920e-01
1.065454e+00
7.330333e-01
4.557863e-03
-7.243868e-01
-1.059346e+00
-8.198153e-01
-1.368502e-01
6.186501e-01
1.037532e+00
8.938758e-01
2.666372e-01
-5.033758e-01
-9.989041e-01
-9.523617e-01
-3.901495e-01
3.821328e-01
9.458627e-01
9.963601e-01
5.073663e-01
-2.552002e-01
-8.776953e-01
-1.023529e+00
-6.146981e-01
1.262479e-01
7.973067e-01
1.035385e+00
7.124701e-01
4.452419e-03
-7.042737e-01
-1.030162e+00
-7.974047e-01
-1.331270e-01
6.019334e-01
1.009793e+00
8.701612e-01
2.596170e-01
-4.902071e-01
-9.730168e-01
-9.279298e-01
-3.802392e-01
3.725166e-01
9.222492e-01
9.717456e-01
4.949714e-01
-2.490221e-01
-8.566540e-01
-9.992962e-01
-6.003132e-01
1.233415e-01
7.790530e-01
1.012028e+00
6.966030e-01
4.333608e-03
-6.890021e-01
-1.008113e+00
-7.805767e-01
-1.303573e-01
5.896232e-01
9.894542e-01
8.528996e-01
2.545453e-01
-4.807855e-01
-9.546740e-01
-9.107528e-01
-3.733170e-01
3.658661e-01
9.061370e-01
9.551195e-01
4.866651e-01
-2.449454e-01
-8.429106e-01
-9.836311e-01
-5.911172e-01
1.215044e-01
7.676977e-01
9.976655e-01
6.870046e-01
4.278658e-03
-6.800201e-01
-9.953576e-01
-7.710184e-01
-1.288038e-01
5.828584e-01
9.784955e-01
8.438269e-01
2.519552e-01
-4.760509e-01
-9.456637e-01
-9.025341e-01
-3.701225e-01
3.628647e-01
8.990797e-01
9.480815e-01
4.833132e-01
-2.433504e-01
-8.377690e-01
-9.780306e-01
-5.880386e-01
1.208806e-01
7.643190e-01
9.937106e-01
6.845660e-01
4.289054e-03
-6.782201e-01
-9.931374e-01
-7.696046e-01
-1.286627e-01
5.823164e-01
9.780128e-01
8.437764e-01
2.520547e-01
-4.764088e-01
-9.468429e-01
-9.040459e-01
-3.709082e-01
3.637870e-01
9.017588e-01
9.513310e-01
4.851696e-01
-2.443499e-01
-8.417358e-01
-9.830845e-01
-5.913311e-01
1.216277e-01
7.692496e-01
1.000541e+00
6.895665e-01
4.342519e-03
-6.837076e-01
-1.001652e+00
-7.765565e-01
-1.298612e-01
5.880148e-01
9.880404e-01
8.527763e-01
2.548616e-01
-4.818785e-01
-9.580987e-01
-9.151562e-01
-3.756338e-01
3.685646e-01
9.139295e-01
9.645486e-01
4.921096e-01
-2.479350e-01
-8.543921e-01
-9.982759e-01
-6.006963e-01
1.235880e-01
7.820039e-01
1.017505e+00
7.015307e-01
4.407865e-03
-6.960565e-01
-1.020092e+00
-7.911360e-01
-1.323548e-01
5.994518e-01
1.007588e+00
8.699696e-01
2.600759e-01
-4.919210e-01
-9.783455e-01
-9.348342e-01
-3.838199e-01
3.766675e-01
9.343946e-01
9.864647e-01
5.034396e-01
-2.537403e-01
-8.745602e-01
-1.022148e+00
-6.152432e-01
1.265761e-01
8.013106e-01
1.042938e+00
7.192676e-01
4.525190e-03
-7.139983e-01
-1.046654e+00
-8.119575e-01
-1.358908e-01
6.154719e-01
1.034752e+00
8.936411e-01
2.672610e-01
-5.055188e-01
-1.005605e+00
-9.610794e-01
-3.947178e-01
3.873708e-01
9.611477e-01
1.014893e+00
5.180800e-01
-2.611170e-01
-9.002351e-01
-1.052311e+00
-6.335355e-01
1.303127e-01
8.253266e-01
1.074334e+00
7.410411e-01
4.749445e-03
-7.357674e-01
-1.078722e+00
-8.369537e-01
-1.401368e-01
6.344979e-01
1.066898e+00
9.214799e-01
2.756326e-01
-5.212954e-01
-1.037192e+00
-9.913463e-01
-4.071854e-01
3.995400e-01
9.915572e-01
1.047086e+00
5.345486e-01
-2.693654e-01
-9.288580e-01
-1.085873e+00
-6.537570e-01
1.344161e-01
8.516060e-01
1.108642e+00
7.647170e-01
4.887562e-03
-7.592250e-01
-1.113163e+00
-8.636667e-01
-1.446501e-01
6.546466e-01
1.100827e+00
9.507904e-01
2.843860e-01
-5.377951e-01
-1.069993e+00
-1.022691e+00
-4.200719e-01
4.120656e-01
1.022648e+00
1.079876e+00
5.512771e-01
-2.777222e-01
-9.577051e-01
-1.119501e+00
-6.739726e-01
1.384987e-01
8.776908e-01
1.142495e+00
7.879979e-01
5.092510e-03
-7.821034e-01
-1.146602e+00
-8.895407e-01
-1.490031e-01
6.739979e-01
1.133255e+00
9.786960e-01
2.927176e-01
-5.533638e-01
-1.100845e+00
-1.052039e+00
-4.320940e-01
4.237015e-01
1.051393e+00
1.110087e+00
5.666171e-01
-2.853498e-01
-9.838835e-01
-1.149939e+00
-6.922457e-01
1.421804e-01
9.009613e-01
1.172578e+00
8.086308e-01
5.257359e-03
-8.021482e-01
-1.175779e+00
-9.120062e-01
-1.528198e-01
6.906298e-01
1.160987e+00
1.002442e+00
2.998224e-01
-5.664344e-01
-1.126703e+00
-1.076513e+00
-4.421097e-01
4.332658e-01
1.074962e+00
1.134707e+00
5.791025e-01
-2.914255e-01
-1.004886e+00
-1.174187e+00
-7.066677e-01
1.449888e-01
9.191304e-01
1.195939e+00
8.245514e-01
5.454881e-03
-8.173797e-01
-1.197824e+00
-9.288847e-01
-1.556371e-01
7.028792e-01
1.181312e+00
1.019727e+00
3.049521e-01
-5.757640e-01
-1.145032e+00
-1.093716e+00
-4.490705e-01
4.398182e-01
1.091053e+00
1.151362e+00
5.874505e-01
-2.954561e-01
-1.018570e+00
-1.189883e+00
-7.159142e-01
1.467546e-01
9.304203e-01
1.210306e+00
8.342077e-01
5.567751e-03
-8.262949e-01
-1.210566e+00
-9.385039e-01
-1.572530e-01
7.095637e-01
1.192253e+00
1.028850e+00
3.076208e-01
-5.804718e-01
-1.154017e+00
-1.101969e+00
-4.523393e-01
4.427394e-01
1.098068e+00
1.158428e+00
5.908707e-01
-2.970126e-01
-1.023689e+00
-1.195491e+00
-7.190656e-01
1.472803e-01
9.337515e-01
1.214275e+00
8.366819e-01
5.628641e-03
-8.280934e-01
-1.212794e+00
-9.399237e-01
-1.574831e-01
7.100687e-01
1.192734e+00
1.028959e+00
3.075778e-01
-5.800382e-01
-1.152823e+00
-1.100494e+00
-4.516042e-01
4.417756e-01
1.095365e+00
1.155196e+00
5.890930e-01
-2.959106e-01
-1.019693e+00
-1.190455e+00
-7.158562e-01
1.465125e-01
9.287912e-01
1.207433e+00
8.317617e-01
5.652403e-03
-8.225064e-01
-1.204269e+00
-9.330461e-01
-1.563619e-01
7.043183e-01
1.182690e+00
1.019986e+00
3.048852e-01
-5.744986e-01
-1.141540e+00
-1.089380e+00
-4.469795e-01
4.369741e-01
1.083156e+00
1.141993e+00
5.822005e-01
-2.922275e-01
-1.006998e+00
-1.175260e+00
-7.065237e-01
1.444586e-01
9.160131e-01
1.190470e+00
8.198510e-01
5.670225e-03
-8.101219e-01
-1.185821e+00
-9.184962e-01
-1.539129e-01
6.927907e-01
1.163121e+00
1.002838e+00
2.996917e-01
-5.643879e-01
-1.121273e+00
-1.069763e+00
-4.388276e-01
4.287658e-01
1.062682e+00
1.120104e+00
5.709195e-01
-2.864072e-01
-9.867662e-01
-1.151418e+00
-6.920392e-01
1.414259e-01
8.966322e-01
1.165057e+00
8.021438e-01
5.595968e-03
-7.921370e-01
-1.159260e+00
-8.977237e-01
-1.504318e-01
6.767587e-01
1.135930e+00
9.791950e-01
2.926017e-01
-5.507900e-01
-1.093984e+00
-1.043541e+00
-4.280010e-01
4.180328e-01
1.035885e+00
1.091701e+00
5.563429e-01
-2.789979e-01
-9.610927e-01
-1.121257e+00
-6.737944e-01
1.376195e-01
8.726043e-01
1.133648e+00
7.804133e-01
5.471218e-03
-7.703353e-01
-1.127188e+00
-8.727840e-01
-1.462467e-01
6.576837e-01
1.103796e+00
9.513904e-01
2.842598e-01
-5.349348e-01
-1.062387e+00
-1.013291e+00
-4.155526e-01
4.057612e-01
1.005455e+00
1.059523e+00
5.399308e-01
-2.706768e-01
-9.324075e-01
-1.087719e+00
-6.536174e-01
1.334686e-01
8.462670e-01
1.099357e+00
7.567805e-01
5.342011e-03
-7.468212e-01
-1.092754e+00
-8.460784e-01
-1.418210e-01
6.374756e-01
1.069844e+00
9.221066e-01
2.755643e-01
-5.183904e-01
-1.029547e+00
-9.819737e-01
-4.027330e-01
3.931554e-01
9.743460e-01
1.026747e+00
5.232602e-01
-2.622293e-01
-9.035529e-01
-1.054075e+00
-6.334360e-01
1.292939e-01
8.201688e-01
1.065505e+00
7.335308e-01
5.229141e-03
-7.238863e-01
-1.059298e+00
-8.202312e-01
-1.375171e-01
6.180694e-01
1.037408e+00
8.942352e-01
2.672817e-01
-5.027788e-01
-9.986947e-01
-9.526409e-01
-3.907777e-01
3.815060e-01
9.455583e-01
9.965754e-01
5.079455e-01
-2.545869e-01
-8.773136e-01
-1.023657e+00
-6.152447e-01
1.256034e-01
7.968537e-01
1.035429e+00
7.129528e-01
5.110331e-03
-7.038014e-01
-1.030129e+00
-7.978176e-01
-1.337775e-01
6.014196e-01
1.009659e+00
8.705058e-01
2.602630e-01
-4.896071e-01
-9.728208e-01
-9.282016e-01
-3.808511e-01
3.719106e-01
9.219833e-01
9.719579e-01
4.955402e-01
-2.483879e-01
-8.563079e-01
-9.994224e-01
-6.008448e-01
1.226970e-01
7.786401e-01
1.012070e+00
6.970664e-01
5.003402e-03
-6.885269e-01
-1.008081e+00
-7.810133e-01
-1.309899e-01
5.891019e-01
9.893161e-01
8.532664e-01
2.551705e-01
-4.802256e-01
-9.544735e-01
-9.110201e-01
-3.739051e-01
3.652884e-01
9.058682e-01
9.553215e-01
4.872636e-01
-2.443038e-01
-8.425497e-01
-9.837335e-01
-5.916682e-01
1.208762e-01
7.673026e-01
9.977027e-01
6.874650e-01
4.973699e-03
-6.795359e-01
-9.953235e-01
-7.714224e-01
-1.294602e-01
5.823327e-01
9.783722e-01
8.441581e-01
2.525819e-01
-4.754672e-01
-9.454632e-01
-9.027821e-01
-3.707255e-01
3.622409e-01
8.988242e-01
9.482790e-01
4.838805e-01
-2.426835e-01
-8.374200e-01
-9.781420e-01
-5.885613e-01
1.202732e-01
7.639358e-01
9.937448e-01
6.850339e-01
4.952907e-03
-6.777122e-01
-9.930943e-01
-7.700219e-01
-1.292761e-01
5.817832e-01
9.778910e-01
8.441150e-01
2.526874e-01
-4.758385e-01
-9.466424e-01
-9.043043e-01
-3.714963e-01
3.631751e-01
9.014885e-01
9.515285e-01
4.857250e-01
-2.437454e-01
-8.413660e-01
-9.832078e-01
-5.918509e-01
1.209816e-01
7.688249e-01
1.000579e+00
6.900269e-01
4.987065e-03
-6.832443e-01
-1.001609e+00
-7.769708e-01
-1.304909e-01
5.874965e-01
9.879216e-01
8.531223e-01
2.554705e-01
-4.813320e-01
-9.579056e-01
-9.154532e-01
-3.762264e-01
3.679320e-01
9.136517e-01
9.647684e-01
4.926650e-01
-2.473172e-01
-8.540282e-01
-9.984022e-01
-6.012161e-01
1.229405e-01
7.815807e-01
1.017553e+00
7.020223e-01
5.056866e-03
-6.955679e-01
-1.020061e+00
-7.915771e-01
-1.330067e-01
5.989171e-01
1.007472e+00
8.703216e-01
2.607130e-01
-4.913418e-01
-9.781494e-01
-9.351015e-01
-3.844585e-01
3.760541e-01
9.341124e-01
9.866756e-01
5.040471e-01
-2.530869e-01
-8.741933e-01
-1.022259e+00
-6.157808e-01
1.259152e-01
8.009126e-01
1.042980e+00
7.197532e-01
5.227656e-03
-7.135157e-01
-1.046599e+00
-8.123778e-01
-1.365889e-01
6.149313e-01
1.034623e+00
8.940005e-01
2.679040e-01
-5.049292e-01
-1.005387e+00
-9.613615e-01
-3.953400e-01
3.866966e-01
9.608477e-01
1.015098e+00
5.186845e-01
-2.604086e-01
-8.998564e-01
-1.052440e+00
-6.340865e-01
1.296295e-01
8.248826e-01
1.074370e+00
7.415356e-01
5.435574e-03
-7.352342e-01
-1.078673e+00
-8.373918e-01
-1.408230e-01
6.339009e-01
1.066757e+00
9.218526e-01
2.762935e-01
-5.206939e-01
-1.036952e+00
-9.916433e-01
-4.078478e-01
3.988821e-01
9.912334e-01
1.047300e+00
5.351665e-01
-2.686807e-01
-9.284719e-01
-1.086005e+00
-6.543407e-01
1.337077e-01
8.511709e-01
1.108683e+00
7.652249e-01
5.604879e-03
-7.587022e-01
-1.113105e+00
-8.641242e-01
-1.453675e-01
6.540630e-01
1.100685e+00
9.511750e-01
2.850885e-01
-5.371654e-01
-1.069764e+00
-1.023011e+00
-4.207432e-01
4.114002e-01
1.022337e+00
1.080108e+00
5.519143e-01
-2.770079e-01
-9.573101e-01
-1.119642e+00
-6.745578e-01
1.377844e-01
8.772185e-01
1.142544e+00
7.885608e-01
5.829134e-03
-7.815703e-01
-1.146541e+00
-8.900219e-01
-1.497337e-01
6.734068e-01
1.133106e+00
9.790940e-01
2.934423e-01
-5.527088e-01
-1.100604e+00
-1.052352e+00
-4.328247e-01
4.230006e-01
1.051068e+00
1.110308e+00
5.673032e-01
-2.846281e-01
-9.834915e-01
-1.150077e+00
-6.928546e-01
1.413977e-01
9.004697e-01
1.172614e+00
8.091892e-01
6.062299e-03
-8.016047e-01
-1.175731e+00
-9.124889e-01
-1.535639e-01
6.900298e-01
1.160847e+00
1.002847e+00
3.005546e-01
-5.657230e-01
-1.126453e+00
-1.076832e+00
-4.428107e-01
4.325306e-01
1.074631e+00
1.134930e+00
5.797679e-01
-2.906800e-01
-1.004472e+00
-1.174337e+00
-7.072841e-01
1.442343e-01
9.186165e-01
1.195982e+00
8.251039e-01
6.221208e-03
-8.167753e-01
-1.197762e+00
-9.293689e-01
-1.564005e-01
7.022510e-01
1.181165e+00
1.020146e+00
3.057035e-01
-5.750808e-01
-1.144784e+00
-1.094047e+00
-4.497864e-01
4.390919e-01
1.090703e+00
1.151595e+00
5.881247e-01
-2.947032e-01
-1.018153e+00
-1.190031e+00
-7.165335e-01
1.459897e-01
9.299228e-01
1.210361e+00
8.347691e-01
6.348929e-03
-8.257306e-01
-1.210517e+00
-9.389881e-01
-1.580237e-01
7.089638e-01
1.192105e+00
1.029268e+00
3.083753e-01
-5.797753e-01
-1.153770e+00
-1.102314e+00
-4.530655e-01
4.420295e-01
1.097726e+00
1.158665e+00
5.915553e-01
-2.962388e-01
-1.023281e+00
-1.195633e+00
-7.197309e-01
1.465110e-01
9.332555e-01
1.214310e+00
8.372804e-01
6.424671e-03
-8.275217e-01
-1.212733e+00
-9.404539e-01
-1.582599e-01
7.094331e-01
1.192577e+00
1.029372e+00
3.083783e-01
-5.793416e-01
-1.152573e+00
-1.100821e+00
-4.523675e-01
4.410419e-01
1.095019e+00
1.155434e+00
5.897747e-01
-2.951665e-01
-1.019268e+00
-1.190599e+00
-7.164696e-01
1.456838e-01
9.282877e-01
1.207491e+00
8.323067e-01
6.475165e-03
-8.219376e-01
-1.204211e+00
-9.335347e-01
-1.571356e-01
7.036886e-01
1.182546e+00
1.020404e+00
3.056219e-01
-5.737991e-01
-1.141284e+00
-1.089708e+00
-4.476849e-01
4.362034e-01
1.082823e+00
1.142228e+00
5.828748e-01
-2.914983e-01
-1.006575e+00
-1.175410e+00
-7.071474e-01
1.436982e-01
9.154799e-01
1.190517e+00
8.203871e-01
6.435067e-03
-8.095531e-01
-1.185763e+00
-9.189759e-01
-1.546763e-01
6.921729e-01
1.162977e+00
1.003245e+00
3.004224e-01
-5.637344e-01
-1.121017e+00
-1.070077e+00
-4.395286e-01
4.280455e-01
1.062328e+00
1.120345e+00
5.715878e-01
-2.856959e-01
-9.863667e-01
-1.151570e+00
-6.926407e-01
1.406670e-01
8.961465e-01
1.165101e+00
8.026903e-01
6.322197e-03
-7.915919e-01
-1.159199e+00
-8.982049e-01
-1.511520e-01
6.761424e-01
1.135793e+00
9.796138e-01
2.933012e-01
-5.501277e-01
-1.093758e+00
-1.043865e+00
-4.286931e-01
4.173467e-01
1.035563e+00
1.091918e+00
5.569860e-01
-2.782628e-01
-9.607036e-01
-1.121381e+00
-6.744122e-01
1.369126e-01
8.721409e-01
1.133693e+00
7.809673e-01
6.210812e-03
-7.697858e-01
-1.127145e+00
-8.732533e-01
-1.469536e-01
6.570941e-01
1.103652e+00
9.517676e-01
2.850068e-01
-5.342813e-01
-1.062169e+00
-1.013608e+00
-4.162640e-01
4.051077e-01
1.005146e+00
1.059734e+00
5.405679e-01
-2.699639e-01
-9.320302e-01
-1.087846e+00
-6.541848e-01
1.327231e-01
8.458140e-01
1.099392e+00
7.572884e-01
6.092002e-03
-7.462984e-01
-1.092695e+00
-8.465239e-01
-1.425101e-01
6.368874e-01
1.069718e+00
9.224808e-01
2.762534e-01
-5.177266e-01
-1.029339e+00
-9.822662e-01
-4.033820e-01
3.925272e-01
9.740416e-01
1.026949e+00
5.238735e-01
-2.615358e-01
-9.031593e-01
-1.054203e+00
-6.339855e-01
1.286182e-01
8.197024e-01
1.065536e+00
7.340223e-01
5.918242e-03
-7.233665e-01
-1.059252e+00
-8.206782e-01
-1.381854e-01
6.175184e-01
1.037264e+00
8.946005e-01
2.679441e-01
-5.021788e-01
-9.984794e-01
-9.529260e-01
-3.914074e-01
3.808838e-01
9.452672e-01
9.967745e-01
5.085366e-01
-2.539275e-01
-8.769572e-01
-1.023787e+00
-6.157719e-01
1.249276e-01
7.964156e-01
1.035464e+00
7.134340e-01
5.757848e-03
-7.033277e-01
-1.030076e+00
-7.982364e-01
-1.344399e-01
6.008745e-01
1.009541e+00
8.708756e-01
2.608927e-01
-4.890398e-01
-9.726218e-01
-9.284986e-01
-3.814437e-01
3.712928e-01
9.216818e-01
9.721688e-01
4.961001e-01
-2.477671e-01
-8.559470e-01
-9.995502e-01
-6.013943e-01
1.220361e-01
7.782154e-01
1.012113e+00
6.975728e-01
5.640522e-03
-6.880680e-01
-1.008033e+00
-7.814277e-01
-1.316701e-01
5.885628e-01
9.891973e-01
8.536094e-01
2.558463e-01
-4.796538e-01
-9.542775e-01
-9.112993e-01
-3.745363e-01
3.646706e-01
9.055905e-01
9.555176e-01
4.878205e-01
-2.436578e-01
-8.422170e-01
-9.838523e-01
-5.921746e-01
1.201901e-01
7.668808e-01
9.977517e-01
6.879224e-01
5.607849e-03
-6.790889e-01
-9.952700e-01
-7.718352e-01
-1.300929e-01
5.817980e-01
9.782430e-01
8.444937e-01
2.532131e-01
-4.748836e-01
-9.452627e-01
-9.030583e-01
-3.713032e-01
3.616588e-01
8.985212e-01
9.484662e-01
4.844433e-01
-2.420598e-01
-8.370621e-01
-9.782593e-01
-5.890663e-01
1.196227e-01
7.634933e-01
9.937804e-01
6.855002e-01
5.594483e-03
-6.772191e-01
-9.930438e-01
-7.704348e-01
-1.299117e-01
5.812619e-01
9.777574e-01
8.444566e-01
2.532874e-01
-4.752593e-01
-9.464330e-01
-9.045746e-01
-3.720903e-01
3.625914e-01
9.012034e-01
9.517171e-01
4.863057e-01
-2.431053e-01
-8.410155e-01
-9.833192e-01
-5.923529e-01
1.203490e-01
7.684313e-01
1.000625e+00
6.904932e-01
5.631612e-03
-6.827601e-01
-1.001560e+00
-7.773807e-01
-1.311414e-01
5.869722e-01
9.877894e-01
8.534773e-01
2.561106e-01
-4.807290e-01
-9.577007e-01
-9.157309e-01
-3.768234e-01
3.673438e-01
9.133725e-01
9.649541e-01
4.932710e-01
-2.466726e-01
-8.536986e-01
-9.985106e-01
-6.017686e-01
1.222767e-01
7.811648e-01
1.017584e+00
7.024901e-01
5.729630e-03
-6.950763e-01
-1.020011e+00
-7.920033e-01
-1.336958e-01
5.984018e-01
1.007344e+00
8.706617e-01
2.614036e-01
-4.907477e-01
-9.779400e-01
-9.353940e-01
-3.850674e-01
3.754601e-01
9.338183e-01
9.868612e-01
5.046367e-01
-2.523933e-01
-8.738369e-01
-1.022387e+00
-6.163229e-01
1.252039e-01
8.004611e-01
1.043014e+00
7.202344e-01
5.904875e-03
-7.129795e-01
-1.046563e+00
-8.128100e-01
-1.372631e-01
6.143491e-01
1.034498e+00
8.943540e-01
2.685634e-01
-5.042847e-01
-1.005179e+00
-9.616407e-01
-3.959712e-01
3.860654e-01
9.605388e-01
1.015303e+00
5.192815e-01
-2.597507e-01
-8.994643e-01
-1.052563e+00
-6.346404e-01
1.289256e-01
8.244103e-01
1.074408e+00
7.420317e-01
6.117249e-03
-7.347159e-01
-1.078629e+00
-8.378299e-01
-1.415121e-01
6.333454e-01
1.066610e+00
9.222061e-01
2.769722e-01
-5.200389e-01
-1.036745e+00
-9.919344e-01
-4.084908e-01
3.982286e-01
9.909245e-01
1.047517e+00
5.357828e-01
-2.679916e-01
-9.280931e-01
-1.086132e+00
-6.549080e-01
1.330231e-01
8.507045e-01
1.108725e+00
7.657432e-01
6.338533e-03
-7.581661e-01
-1.113056e+00
-8.646024e-01
-1.460759e-01
6.534912e-01
1.100542e+00
9.515641e-01
2.857954e-01
-5.365328e-01
-1.069535e+00
-1.023314e+00
-4.214189e-01
4.107245e-01
1.022011e+00
1.080334e+00
5.525885e-01
-2.763217e-01
-9.569136e-01
-1.119767e+00
-6.751919e-01
1.370656e-01
8.767463e-01
1.142580e+00
7.890924e-01
6.595461e-03
-7.810222e-01
-1.146489e+00
-8.904971e-01
-1.504956e-01
6.728127e-01
1.132952e+00
9.794786e-01
2.942057e-01
-5.520346e-01
-1.100385e+00
-1.052660e+00
-4.335138e-01
4.222862e-01
1.050743e+00
1.110531e+00
5.679626e-01
-2.838365e-01
-9.830920e-01
-1.150205e+00
-6.934412e-01
1.406358e-01
9.000034e-01
1.172657e+00
8.097253e-01
6.807834e-03
-8.009928e-01
-1.175675e+00
-9.129701e-01
-1.543154e-01
6.893630e-01
1.160691e+00
1.003241e+00
3.012942e-01
-5.650606e-01
-1.126221e+00
-1.077147e+00
-4.435087e-01
4.318133e-01
1.074274e+00
1.135171e+00
5.804451e-01
-2.899404e-01
-1.004032e+00
-1.174467e+00
-7.078989e-01
1.434546e-01
9.181190e-01
1.196033e+00
8.256608e-01
6.993475e-03
-8.162139e-01
-1.197705e+00
-9.298634e-01
-1.571713e-01
7.016257e-01
1.181012e+00
1.020542e+00
3.064565e-01
-5.744051e-01
-1.144539e+00
-1.094388e+00
-4.505022e-01
4.383731e-01
1.090351e+00
1.151841e+00
5.888034e-01
-2.939576e-01
-1.017734e+00
-1.190172e+00
-7.171617e-01
1.452293e-01
9.294253e-01
1.210395e+00
8.353631e-01
7.131592e-03
-8.251544e-01
-1.210461e+00
-9.395123e-01
-1.587945e-01
7.083058e-01
1.191953e+00
1.029694e+00
3.091327e-01
-5.791174e-01
-1.153525e+00
-1.102642e+00
-4.538185e-01
4.412959e-01
1.097393e+00
1.158915e+00
5.922786e-01
-2.954962e-01
-1.022858e+00
-1.195777e+00
-7.203592e-01
1.457417e-01
9.327669e-01
1.214364e+00
8.378389e-01
7.237037e-03
-8.269365e-01
-1.212696e+00
-9.409440e-01
-1.590693e-01
7.088152e-01
1.192431e+00
1.029774e+00
3.091476e-01
-5.786600e-01
-1.152327e+00
-1.101143e+00
-4.530789e-01
4.402756e-01
1.094686e+00
1.155676e+00
5.904667e-01
-2.943586e-01
-1.018869e+00
-1.190737e+00
-7.171023e-01
1.449145e-01
9.278021e-01
1.207525e+00
8.328696e-01
7.245947e-03
-8.213272e-01
-1.204162e+00
-9.340218e-01
-1.579049e-01
7.030158e-01
1.182395e+00
1.020796e+00
3.063778e-01
-5.731189e-01
-1.141044e+00
-1.090038e+00
-4.483992e-01
4.354846e-01
1.082474e+00
1.142472e+00
5.835520e-01
-2.907557e-01
-1.006129e+00
-1.175544e+00
-7.077608e-01
1.429289e-01
9.150062e-01
1.190573e+00
8.209440e-01
7.182087e-03
-8.089872e-01
-1.185714e+00
-9.194690e-01
-1.554337e-01
6.915580e-01
1.162819e+00
1.003639e+00
3.011531e-01
-5.630810e-01
-1.120765e+00
-1.070424e+00
-4.402340e-01
4.273564e-01
1.062001e+00
1.120576e+00
5.722368e-01
-2.849533e-01
-9.859731e-01
-1.151688e+00
-6.932362e-01
1.399304e-01
8.956802e-01
1.165136e+00
8.032606e-01
7.095949e-03
-7.910484e-01
-1.159144e+00
-8.986980e-01
-1.518961e-01
6.755483e-01
1.135647e+00
9.800014e-01
2.940274e-01
-5.494816e-01
-1.093523e+00
-1.044183e+00
-4.294030e-01
4.166620e-01
1.035263e+00
1.092161e+00
5.576602e-01
-2.775826e-01
-9.603071e-01
-1.121522e+00
-6.749899e-01
1.361790e-01
8.716760e-01
1.133738e+00
7.814960e-01
6.968228e-03
-7.692689e-01
-1.127089e+00
-8.737018e-01
-1.477140e-01
6.565283e-01
1.103515e+00
9.521567e-01
2.856959e-01
-5.336086e-01
-1.061946e+00
-1.013905e+00
-4.169294e-01
4.044156e-01
1.004857e+00
1.059952e+00
5.411901e-01
-2.692243e-01
-9.316456e-01
-1.087972e+00
-6.547595e-01
1.320176e-01
8.453298e-01
1.099437e+00
7.578082e-01
6.792983e-03
-7.457445e-01
-1.092651e+00
-8.469828e-01
-1.431917e-01
6.363231e-01
1.069578e+00
9.228432e-01
2.769336e-01
-5.171162e-01
-1.029106e+00
-9.825618e-01
-4.040206e-01
3.918886e-01
9.737267e-01
1.027151e+00
5.244691e-01
-2.608838e-01
-9.027910e-01
-1.054329e+00
-6.345484e-01
1.279306e-01
8.192732e-01
1.065582e+00
7.345199e-01
6.604371e-03
-7.228898e-01
-1.059190e+00
-8.211104e-01
-1.388522e-01
6.169719e-01
1.037148e+00
8.949584e-01
2.685946e-01
-5.015877e-01
-9.982626e-01
-9.532364e-01
-3.920148e-01
3.802600e-01
9.449791e-01
9.969943e-01
5.091277e-01
-2.532740e-01
-8.766052e-01
-1.023912e+00
-6.163615e-01
1.242786e-01
7.960146e-01
1.035510e+00
7.139434e-01
6.423186e-03
-7.028287e-01
-1.030038e+00
-7.986834e-01
-1.350918e-01
6.003473e-01
1.009413e+00
8.712290e-01
2.615818e-01
-4.884636e-01
-9.724139e-01
-9.287674e-01
-3.820942e-01
3.706943e-01
9.214116e-01
9.723634e-01
4.967135e-01
-2.471152e-01
-8.556040e-01
-9.996645e-01
-6.019216e-01
1.213663e-01
7.778084e-01
1.012147e+00
6.980347e-01
6.334078e-03
-6.875616e-01
-1.007993e+00
-7.818450e-01
-1.323087e-01
5.880623e-01
9.890741e-01
8.539510e-01
2.564685e-01
-4.790523e-01
-9.540799e-01
-9.115696e-01
-3.751348e-01
3.640587e-01
9.053053e-01
9.557002e-01
4.883819e-01
-2.430251e-01
-8.418814e-01
-9.839771e-01
-5.927034e-01
1.195693e-01
7.664561e-01
9.977829e-01
6.883888e-01
6.259821e-03
-6.785735e-01
-9.952299e-01
-7.722436e-01
-1.307404e-01
5.812812e-01
9.781242e-01
8.448427e-01
2.538398e-01
-4.743356e-01
-9.450385e-01
-9.033212e-01
-3.718958e-01
3.610573e-01
8.982406e-01
9.486652e-01
4.849899e-01
-2.414449e-01
-8.367235e-01
-9.783871e-01
-5.895846e-01
1.190034e-01
7.630759e-01
9.938250e-01
6.859502e-01
6.231604e-03
-6.767706e-01
-9.930067e-01
-7.708402e-01
-1.305577e-01
5.807421e-01
9.776326e-01
8.448041e-01
2.539111e-01
-4.747024e-01
-9.462281e-01
-9.048642e-01
-3.726799e-01
3.619974e-01
9.009376e-01
9.519280e-01
4.868537e-01
-2.424860e-01
-8.406740e-01
-9.834291e-01
-5.928964e-01
1.197163e-01
7.680185e-01
1.000654e+00
6.909937e-01
6.279128e-03
-6.823012e-01
-1.001512e+00
-7.777965e-01
-1.317741e-01
5.864569e-01
9.876602e-01
8.538174e-01
2.567730e-01
-4.801870e-01
-9.574898e-01
-9.159968e-01
-3.774680e-01
3.667320e-01
9.130948e-01
9.651590e-01
4.938323e-01
-2.460578e-01
-8.533377e-01
-9.986398e-01
-6.022958e-01
1.215905e-01
7.807520e-01
1.017626e+00
7.029668e-01
6.412790e-03
-6.946278e-01
-1.019962e+00
-7.924102e-01
-1.343270e-01
5.978285e-01
1.007203e+00
8.710181e-01
2.620333e-01
-4.901492e-01
-9.777410e-01
-9.356584e-01
-3.856956e-01
3.747962e-01
9.335317e-01
9.870632e-01
5.052292e-01
-2.517428e-01
-8.734597e-01
-1.022501e+00
-6.168590e-01
1.245638e-01
8.000156e-01
1.043056e+00
7.207275e-01
6.583580e-03
-7.124924e-01
-1.046510e+00
-8.132303e-01
-1.379180e-01
6.137967e-01
1.034360e+00
8.947193e-01
2.692213e-01
-5.036981e-01
-1.004937e+00
-9.619259e-01
-3.966039e-01
3.854342e-01
9.602521e-01
1.015518e+00
5.198681e-01
-2.590868e-01
-8.991049e-01
-1.052697e+00
-6.351989e-01
