4.663159e-01
1.030289e+00
1.035468e+00
4.799315e-01
-3.344883e-01
-9.661422e-01
-1.073395e+00
-5.989513e-01
1.991782e-01
8.880214e-01
1.094961e+00
7.086118e-01
-6.082497e-02
-7.957013e-01
-1.098320e+00
-8.054289e-01
-7.668467e-02
6.923184e-01
1.085217e+00
8.897976e-01
2.128993e-01
-5.779412e-01
-1.054291e+00
-9.587150e-01
-3.439159e-01
4.561501e-01
1.007836e+00
1.012931e+00
4.694925e-01
-3.271681e-01
-9.450489e-01
-1.049978e+00
-5.859029e-01
1.948238e-01
8.686627e-01
1.071113e+00
6.932154e-01
-5.945568e-02
-7.783550e-01
-1.074429e+00
-7.879608e-01
-7.502875e-02
6.772711e-01
1.061675e+00
8.705785e-01
2.083117e-01
-5.654245e-01
-1.031531e+00
-9.380702e-01
-3.365452e-01
4.463156e-01
9.861988e-01
9.912438e-01
4.595184e-01
-3.201642e-01
-9.248942e-01
-1.027652e+00
-5.734977e-01
1.906699e-01
8.502961e-01
1.048540e+00
6.786612e-01
-5.814877e-02
-7.620571e-01
-1.052021e+00
-7.715694e-01
-7.354362e-02
6.632678e-01
1.039787e+00
8.526946e-01
2.040910e-01
-5.538568e-01
-1.010530e+00
-9.190517e-01
-3.297805e-01
4.373009e-01
9.664333e-01
9.714827e-01
4.503938e-01
-3.137708e-01
-9.066598e-01
-1.007484e+00
-5.623087e-01
1.869229e-01
8.338335e-01
1.028365e+00
6.656990e-01
-5.701413e-02
-7.475697e-01
-1.032164e+00
-7.571176e-01
-7.216690e-02
6.509204e-01
1.020636e+00
8.370785e-01
2.003871e-01
-5.437758e-01
-9.923384e-01
-9.026395e-01
-3.239142e-01
4.295797e-01
9.494939e-01
9.545893e-01
4.426384e-01
-3.083723e-01
-8.911996e-01
-9.904671e-01
-5.528959e-01
1.838115e-01
8.200693e-01
1.011557e+00
6.548917e-01
-5.608592e-02
-7.356397e-01
-1.015844e+00
-7.452781e-01
-7.106791e-02
6.409077e-01
1.005093e+00
8.244682e-01
1.974213e-01
-5.357368e-01
-9.778108e-01
-8.895971e-01
-3.192836e-01
4.234817e-01
9.362034e-01
9.413940e-01
4.365969e-01
-3.041932e-01
-8.792888e-01
-9.774277e-01
-5.457124e-01
1.814383e-01
8.096570e-01
9.988967e-01
6.468423e-01
-5.539682e-02
-7.267972e-01
-1.003833e+00
-7.366362e-01
-7.024812e-02
6.336647e-01
9.939215e-01
8.154906e-01
1.953436e-01
-5.300650e-01
-9.676644e-01
-8.805438e-01
-3.161410e-01
4.193174e-01
9.271842e-01
9.325159e-01
4.326049e-01
-3.014323e-01
-8.714815e-01
-9.689402e-01
-5.411352e-01
1.798848e-01
8.031091e-01
9.910374e-01
6.418923e-01
-5.492603e-02
-7.214834e-01
-9.967180e-01
-7.315526e-01
-6.983228e-02
6.295524e-01
9.876855e-01
8.105511e-01
1.942089e-01
-5.270161e-01
-9.623729e-01
-8.759101e-01
-3.145653e-01
4.172472e-01
9.228907e-01
9.283798e-01
4.307871e-01
-3.001744e-01
-8.681578e-01
-9.654709e-01
-5.393189e-01
1.793042e-01
8.007180e-01
9.883018e-01
6.402602e-01
-5.478495e-02
-7.199433e-01
-9.948274e-01
-7.303422e-01
-6.973723e-02
6.287207e-01
9.866488e-01
8.098798e-01
1.941005e-01
-5.267948e-01
-9.621828e-01
-8.759473e-01
-3.146396e-01
4.174254e-01
9.234907e-01
9.291951e-01
4.312668e-01
-3.005605e-01
-8.694632e-01
-9.671625e-01
-5.403897e-01
1.796888e-01
8.026116e-01
9.908725e-01
6.420691e-01
-5.494237e-02
-7.222586e-01
-9.982626e-01
-7.330303e-01
-7.002238e-02
6.312841e-01
9.908755e-01
8.135421e-01
1.950317e-01
-5.293745e-01
-9.671283e-01
-8.806418e-01
-3.164054e-01
4.198135e-01
9.289887e-01
9.349634e-01
4.340336e-01
-3.025268e-01
-8.753725e-01
-9.739287e-01
-5.443149e-01
1.810046e-01
8.087125e-01
9.986116e-01
6.472626e-01
-5.537603e-02
-7.283195e-01
-1.006841e+00
-7.395069e-01
-7.065950e-02
6.370790e-01
1.000168e+00
8.213628e-01
1.969817e-01
-5.346422e-01
-9.769465e-01
-8.897560e-01
-3.197885e-01
4.243090e-01
9.391173e-01
9.453563e-01
4.389702e-01
-3.059798e-01
-8.855576e-01
-9.854667e-01
-5.508539e-01
1.831536e-01
8.187015e-01
1.011136e+00
6.554961e-01
-5.604434e-02
-7.378362e-01
-1.020192e+00
-7.494380e-01
-7.168424e-02
6.457789e-01
1.014082e+00
8.329394e-01
1.997989e-01
-5.423040e-01
-9.911815e-01
-9.028816e-01
-3.245647e-01
4.306430e-01
9.533908e-01
9.598675e-01
4.457839e-01
-3.107114e-01
-8.995415e-01
-1.001196e+00
-5.597439e-01
1.861046e-01
8.320736e-01
1.027854e+00
6.664282e-01
-5.697254e-02
-7.503053e-01
-1.037629e+00
-7.623601e-01
-7.295402e-02
6.570629e-01
1.031941e+00
8.477224e-01
2.033751e-01
-5.520450e-01
-1.009132e+00
-9.193769e-01
-3.305542e-01
4.385721e-01
9.710862e-01
9.778079e-01
4.541957e-01
-3.165866e-01
-9.166591e-01
-1.020373e+00
-5.705274e-01
1.896704e-01
8.482437e-01
1.047959e+00
6.795552e-01
-5.807748e-02
-7.651744e-01
-1.058320e+00
-7.776480e-01
-7.445252e-02
6.703162e-01
1.052859e+00
8.650405e-01
2.075736e-01
-5.633884e-01
-1.029942e+00
-9.384386e-01
-3.374378e-01
4.476864e-01
9.913819e-01
9.983695e-01
4.638119e-01
-3.232563e-01
-9.360831e-01
-1.042078e+00
-5.827723e-01
1.937144e-01
8.664053e-01
1.070464e+00
6.942283e-01
-5.932053e-02
-7.817277e-01
-1.081289e+00
-7.946231e-01
-7.613814e-02
6.849240e-01
1.075877e+00
8.839714e-01
2.121968e-01
-5.757476e-01
-1.052611e+00
-9.591457e-01
-3.449689e-01
4.575476e-01
1.013298e+00
1.020482e+00
4.741232e-01
-3.303701e-01
-9.568675e-01
-1.065270e+00
-5.957835e-01
1.979396e-01
8.856719e-01
1.094324e+00
7.097167e-01
-6.057101e-02
-7.991497e-01
-1.105404e+00
-8.123600e-01
-7.788614e-02
7.001332e-01
1.099863e+00
9.036984e-01
2.169507e-01
-5.885257e-01
-1.076040e+00
-9.805138e-01
-3.526722e-01
4.676450e-01
1.035761e+00
1.043118e+00
4.846542e-01
-3.376606e-01
-9.779980e-01
-1.088795e+00
-6.089284e-01
2.022672e-01
9.051182e-01
1.118355e+00
7.253032e-01
-6.186604e-02
-8.165584e-01
-1.129527e+00
-8.300731e-01
-7.960740e-02
7.152874e-01
1.123640e+00
9.232204e-01
2.216601e-01
-6.011463e-01
-1.099098e+00
-1.001481e+00
-3.602345e-01
4.775538e-01
1.057714e+00
1.065200e+00
4.948942e-01
-3.447149e-01
-9.984824e-01
-1.111571e+00
-6.216470e-01
2.064078e-01
9.238041e-01
1.141413e+00
7.402436e-01
-6.309573e-02
-8.331934e-01
-1.152470e+00
-8.469219e-01
-8.125738e-02
7.296100e-01
1.146101e+00
9.416450e-01
2.260739e-01
-6.129739e-01
-1.120674e+00
-1.021108e+00
-3.672770e-01
4.867572e-01
1.078087e+00
1.085655e+00
5.044169e-01
-3.512421e-01
-1.017320e+00
-1.132481e+00
-6.333573e-01
2.102216e-01
9.408445e-01
1.162386e+00
7.538162e-01
-6.420512e-02
-8.482155e-01
-1.173151e+00
-8.620643e-01
-8.278707e-02
7.424237e-01
1.166139e+00
9.580378e-01
2.300540e-01
-6.234455e-01
-1.139754e+00
-1.038377e+00
-3.735264e-01
4.947813e-01
1.095898e+00
1.103469e+00
5.126682e-01
-3.568395e-01
-1.033628e+00
-1.150487e+00
-6.433923e-01
2.134280e-01
9.554180e-01
1.180259e+00
7.653571e-01
-6.510363e-02
-8.608598e-01
-1.190572e+00
-8.747517e-01
-8.402863e-02
7.530632e-01
1.182794e+00
9.716045e-01
2.333272e-01
-6.320222e-01
-1.155374e+00
-1.052510e+00
-3.785892e-01
5.013248e-01
1.110275e+00
1.117850e+00
5.192993e-01
-3.613335e-01
-1.046563e+00
-1.164781e+00
-6.512962e-01
2.159512e-01
9.667763e-01
1.194190e+00
7.742887e-01
-6.581203e-02
-8.705919e-01
-1.203870e+00
-8.844363e-01
-8.498803e-02
7.610874e-01
1.195258e+00
9.817212e-01
2.357465e-01
-6.383473e-01
-1.166810e+00
-1.062827e+00
-3.822679e-01
5.060223e-01
1.120541e+00
1.128048e+00
5.239730e-01
-3.644612e-01
-1.055547e+00
-1.174645e+00
-6.567243e-01
2.176695e-01
9.744381e-01
1.203496e+00
7.802515e-01
-6.625312e-02
-8.769037e-01
-1.212435e+00
-8.906367e-01
-8.560436e-02
7.660804e-01
1.202936e+00
9.879261e-01
2.372272e-01
-6.421032e-01
-1.173515e+00
-1.068772e+00
-3.844258e-01
5.086287e-01
1.126193e+00
1.133583e+00
5.265260e-01
-3.660741e-01
-1.060151e+00
-1.179591e+00
-6.594451e-01
2.184626e-01
9.779965e-01
1.207713e+00
7.828772e-01
-6.637341e-02
-8.794863e-01
-1.215840e+00
-8.930218e-01
-8.591029e-02
7.677927e-01
1.205475e+00
9.898597e-01
2.377202e-01
-6.430686e-01
-1.175150e+00
-1.070107e+00
-3.848595e-01
5.089940e-01
1.126970e+00
1.134198e+00
5.267502e-01
-3.660607e-01
-1.060123e+00
-1.179401e+00
-6.592461e-01
2.182636e-01
9.772881e-01
1.206669e+00
7.820856e-01
-6.623975e-02
-8.781913e-01
-1.213933e+00
-8.914743e-01
-8.579148e-02
7.661086e-01
1.202735e+00
9.874671e-01
2.371440e-01
-6.412003e-01
-1.171644e+00
-1.066769e+00
-3.836372e-01
5.071792e-01
1.122813e+00
1.129863e+00
5.246800e-01
-3.644865e-01
-1.055470e+00
-1.174072e+00
-6.561763e-01
2.171542e-01
9.723203e-01
1.200392e+00
7.779079e-01
-6.584174e-02
-8.731463e-01
-1.206779e+00
-8.861323e-01
-8.528505e-02
7.611854e-01
1.194828e+00
9.808509e-01
2.355534e-01
-6.366424e-01
-1.163159e+00
-1.058918e+00
-3.807798e-01
5.032243e-01
1.113947e+00
1.120792e+00
5.204072e-01
-3.613974e-01
-1.046442e+00
-1.163877e+00
-6.504125e-01
2.151700e-01
9.633650e-01
1.189185e+00
7.705966e-01
-6.516452e-02
-8.645474e-01
-1.194759e+00
-8.771770e-01
-8.445487e-02
7.532176e-01
1.182168e+00
9.703733e-01
2.330673e-01
-6.295643e-01
-1.150113e+00
-1.046918e+00
-3.764625e-01
4.973313e-01
1.100793e+00
1.107415e+00
5.141920e-01
-3.569331e-01
-1.033453e+00
-1.149293e+00
-6.422324e-01
2.123201e-01
9.508587e-01
1.173601e+00
7.604398e-01
-6.420661e-02
-8.528149e-01
-1.178410e+00
-8.650910e-01
-8.334993e-02
7.425767e-01
1.165353e+00
9.564547e-01
2.297392e-01
-6.202896e-01
-1.133146e+00
-1.031342e+00
-3.708458e-01
4.897230e-01
1.083959e+00
1.090384e+00
5.062480e-01
-3.512688e-01
-1.017124e+00
-1.131020e+00
-6.319613e-01
2.088686e-01
9.353480e-01
1.154390e+00
7.478979e-01
-6.310019e-02
-8.384908e-01
-1.158547e+00
-8.504313e-01
-8.195688e-02
7.297600e-01
1.145197e+00
9.398331e-01
2.257456e-01
-6.093309e-01
-1.113021e+00
-1.012967e+00
-3.642251e-01
4.808657e-01
1.064271e+00
1.070501e+00
4.969719e-01
-3.447417e-01
-9.982269e-01
-1.109958e+00
-6.201307e-01
2.049004e-01
9.176497e-01
1.132462e+00
7.336362e-01
-6.185565e-02
-8.223014e-01
-1.136130e+00
-8.339552e-01
-8.038413e-02
7.154449e-01
1.122647e+00
9.213120e-01
2.213007e-01
-5.971706e-01
-1.090765e+00
-9.926710e-01
-3.569034e-01
4.711381e-01
1.042695e+00
1.048760e+00
4.868879e-01
-3.376650e-01
-9.777262e-01
-1.087106e+00
-6.073928e-01
2.006455e-01
8.985747e-01
1.108888e+00
7.183943e-01
-6.052349e-02
-8.050338e-01
-1.112227e+00
-8.163787e-01
-7.871484e-02
7.002802e-01
1.098836e+00
9.017425e-01
2.166611e-01
-5.844030e-01
-1.067432e+00
-9.714307e-01
-3.493040e-01
4.609887e-01
1.020248e+00
1.026177e+00
4.764370e-01
-3.303359e-01
-9.565557e-01
-1.063561e+00
-5.942419e-01
1.962302e-01
8.790512e-01
1.084795e+00
7.027856e-01
-5.914529e-02
-7.874781e-01
-1.087988e+00
-7.985943e-01
-7.704555e-02
6.849596e-01
1.074876e+00
8.820883e-01
2.119681e-01
-5.715878e-01
-1.044132e+00
-9.502364e-01
-3.417105e-01
4.508958e-01
9.980324e-01
1.003842e+00
4.660901e-01
-3.230929e-01
-9.357282e-01
-1.040474e+00
-5.813867e-01
1.919634e-01
8.600000e-01
1.061354e+00
6.876091e-01
-5.783540e-02
-7.704585e-01
-1.064587e+00
-7.814722e-01
-7.541191e-02
6.702969e-01
1.051907e+00
8.632910e-01
2.074845e-01
-5.594409e-01
-1.021993e+00
-9.301679e-01
-3.345180e-01
4.413954e-01
9.770623e-01
9.828425e-01
4.563892e-01
-3.163564e-01
-9.162923e-01
-1.018955e+00
-5.693824e-01
1.879936e-01
8.423655e-01
1.039684e+00
6.736444e-01
-5.665918e-02
-7.548795e-01
-1.043143e+00
-7.658219e-01
-7.392381e-02
6.569590e-01
1.031069e+00
8.463056e-01
2.034019e-01
-5.484673e-01
-1.002096e+00
-9.121547e-01
-3.280785e-01
4.329272e-01
9.584165e-01
9.642130e-01
4.478111e-01
-3.103862e-01
-8.991613e-01
-1.000018e+00
-5.589137e-01
1.845303e-01
8.269944e-01
1.020825e+00
6.615584e-01
-5.561216e-02
-7.414391e-01
-1.024708e+00
-7.523815e-01
-7.268373e-02
6.455680e-01
1.013360e+00
8.318746e-01
2.000336e-01
-5.392446e-01
-9.853761e-01
-8.970911e-01
-3.227439e-01
4.258594e-01
9.429623e-01
9.488107e-01
4.407330e-01
-3.054600e-01
-8.851625e-01
-9.846068e-01
-5.503965e-01
1.817026e-01
8.145966e-01
1.005705e+00
6.518635e-01
-5.475524e-02
-7.307729e-01
-1.010141e+00
-7.418356e-01
-7.167830e-02
6.366751e-01
9.996155e-01
8.207465e-01
1.973841e-01
-5.321472e-01
-9.726708e-01
-8.856600e-01
-3.186880e-01
4.205560e-01
9.314317e-01
9.373856e-01
4.355172e-01
-3.018853e-01
-8.749329e-01
-9.734371e-01
-5.442510e-01
1.796858e-01
8.057823e-01
9.950339e-01
6.450646e-01
-5.417604e-02
-7.233829e-01
-1.000165e+00
-7.346610e-01
-7.100256e-02
6.307449e-01
9.904953e-01
8.134471e-01
1.956777e-01
-5.275997e-01
-9.645382e-01
-8.784557e-01
-3.161678e-01
4.172739e-01
9.243818e-01
9.305139e-01
4.324148e-01
-2.997645e-01
-8.690281e-01
-9.670644e-01
-5.408085e-01
1.785883e-01
8.009972e-01
9.893458e-01
6.415196e-01
-5.387159e-02
-7.196790e-01
-9.952581e-01
-7.312273e-01
-7.069366e-02
6.280331e-01
9.864647e-01
8.103253e-01
1.949827e-01
-5.257582e-01
-9.614165e-01
-8.758344e-01
-3.152960e-01
4.161883e-01
9.221764e-01
9.285001e-01
4.315995e-01
-2.992373e-01
-8.676840e-01
-9.658021e-01
-5.402575e-01
1.784116e-01
8.004463e-01
9.888884e-01
6.413933e-01
-5.382407e-02
-7.198007e-01
-9.956502e-01
-7.316744e-01
-7.080504e-02
6.286762e-01
9.876988e-01
8.115179e-01
1.953525e-01
-5.267502e-01
-9.634407e-01
-8.778839e-01
-3.161381e-01
4.172902e-01
9.249061e-01
9.314436e-01
4.330890e-01
-3.002635e-01
-8.709973e-01
-9.696812e-01
-5.425565e-01
1.791586e-01
8.041695e-01
9.936958e-01
6.446443e-01
-5.410179e-02
-7.237200e-01
-1.001334e+00
-7.360184e-01
-7.124315e-02
6.326073e-01
9.941354e-01
8.169624e-01
1.967188e-01
-5.304735e-01
-9.705203e-01
-8.845016e-01
-3.185989e-01
4.205917e-01
9.324134e-01
9.392242e-01
4.367930e-01
-3.028818e-01
-8.787557e-01
-9.785534e-01
-5.476282e-01
1.808472e-01
8.119412e-01
1.003541e+00
6.511774e-01
-5.464089e-02
-7.312971e-01
-1.012004e+00
-7.440188e-01
-7.205106e-02
6.396958e-01
1.005477e+00
8.264568e-01
1.990430e-01
-5.368016e-01
-9.822826e-01
-8.953965e-01
-3.226043e-01
4.258936e-01
9.443835e-01
9.514661e-01
4.425671e-01
-3.069109e-01
-8.906441e-01
-9.919671e-01
-5.552395e-01
1.833645e-01
8.234479e-01
1.017951e+00
6.606718e-01
-5.542801e-02
-7.421519e-01
-1.027191e+00
-7.553429e-01
-7.318273e-02
6.495749e-01
1.021160e+00
8.395037e-01
2.022271e-01
-5.454183e-01
-9.982091e-01
-9.100681e-01
-3.279894e-01
4.329643e-01
9.602106e-01
9.675560e-01
4.501576e-01
-3.121683e-01
-9.060509e-01
-1.009281e+00
-5.650413e-01
1.865828e-01
8.381285e-01
1.036225e+00
6.726405e-01
-5.638740e-02
-7.557260e-01
-1.046143e+00
-7.693521e-01
-7.461588e-02
6.617530e-01
1.040442e+00
8.554926e-01
2.061598e-01
-5.558929e-01
-1.017492e+00
-9.277649e-01
-3.344126e-01
4.413939e-01
9.791326e-01
9.867409e-01
4.591442e-01
-3.183613e-01
-9.242571e-01
-1.029676e+00
-5.765125e-01
1.903238e-01
8.552119e-01
1.057490e+00
6.864923e-01
-5.752798e-02
-7.713659e-01
-1.067945e+00
-7.854702e-01
-7.620200e-02
6.756181e-01
1.062404e+00
8.735859e-01
2.105691e-01
-5.676789e-01
-1.039218e+00
-9.476493e-01
-3.416229e-01
4.508660e-01
1.000241e+00
1.008090e+00
4.691153e-01
-3.252597e-01
-9.443449e-01
-1.052149e+00
-5.891509e-01
1.944584e-01
8.739542e-01
1.080712e+00
7.016213e-01
-5.877549e-02
-7.883796e-01
-1.091533e+00
-8.028759e-01
-7.792921e-02
6.905689e-01
1.085956e+00
8.930070e-01
2.152666e-01
-5.802936e-01
-1.062340e+00
-9.687916e-01
-3.492728e-01
4.608788e-01
1.022521e+00
1.030588e+00
4.795959e-01
-3.324819e-01
-9.653996e-01
-1.075644e+00
-6.023166e-01
1.987534e-01
8.934005e-01
1.104786e+00
7.172983e-01
-6.005419e-02
-8.058937e-01
-1.115794e+00
-8.207450e-01
-7.969503e-02
7.058405e-01
1.109995e+00
9.127978e-01
2.200873e-01
-5.930732e-01
-1.085737e+00
-9.901226e-01
-3.570103e-01
4.709584e-01
1.044896e+00
1.053126e+00
4.901255e-01
-3.396937e-01
-9.863785e-01
-1.098983e+00
-6.154333e-01
2.029608e-01
9.126389e-01
1.128541e+00
7.326961e-01
-6.127051e-02
-8.230722e-01
-1.139561e+00
-8.382116e-01
-8.145342e-02
7.207126e-01
1.133348e+00
9.319723e-01
2.247224e-01
-6.053745e-01
-1.108303e+00
-1.010653e+00
-3.644256e-01
4.805716e-01
1.066284e+00
1.074635e+00
5.001233e-01
-3.465134e-01
-1.006266e+00
-1.121086e+00
-6.278029e-01
2.069721e-01
9.306996e-01
1.150843e+00
7.471494e-01
-6.243931e-02
-8.390671e-01
-1.161667e+00
-8.544084e-01
-8.307221e-02
7.344144e-01
1.154895e+00
9.496231e-01
2.289936e-01
-6.166704e-01
-1.128918e+00
-1.029382e+00
-3.711710e-01
4.893250e-01
1.085656e+00
1.094083e+00
5.091470e-01
-3.526604e-01
-1.024090e+00
-1.140900e+00
-6.388226e-01
2.105320e-01
9.467538e-01
1.170612e+00
7.599260e-01
-6.345068e-02
-8.531416e-01
-1.181072e+00
-8.686033e-01
-8.448457e-02
7.463697e-01
1.173581e+00
9.649273e-01
2.326723e-01
-6.263831e-01
-1.146612e+00
-1.045444e+00
-3.769378e-01
4.967566e-01
1.102086e+00
1.110540e+00
5.167509e-01
-3.578301e-01
-1.039041e+00
-1.157411e+00
-6.480527e-01
2.134814e-01
9.600220e-01
1.186899e+00
7.704362e-01
-6.428087e-02
-8.646187e-01
-1.196824e+00
-8.801190e-01
-8.562366e-02
7.559458e-01
1.188528e+00
9.770920e-01
2.356470e-01
-6.340642e-01
-1.160526e+00
-1.057991e+00
-3.814942e-01
5.025322e-01
1.114772e+00
1.123187e+00
5.226379e-01
-3.617449e-01
-1.050358e+00
-1.169869e+00
-6.549600e-01
2.156126e-01
9.698609e-01
1.198917e+00
7.781248e-01
-6.481551e-02
-8.729310e-01
-1.208154e+00
-8.883585e-01
-8.651177e-02
7.626794e-01
1.199013e+00
9.855751e-01
2.376920e-01
-6.392622e-01
-1.170001e+00
-1.066480e+00
-3.845253e-01
5.063000e-01
1.123110e+00
1.131436e+00
5.264190e-01
-3.641879e-01
-1.057482e+00
-1.177671e+00
-6.592505e-01
2.169269e-01
9.757658e-01
1.206089e+00
7.826871e-01
-6.514373e-02
-8.776433e-01
-1.214551e+00
-8.929401e-01
-8.697513e-02
7.662868e-01
1.204523e+00
9.899755e-01
2.387420e-01
-6.418270e-01
-1.174539e+00
-1.070487e+00
-3.859332e-01
5.079752e-01
1.126682e+00
1.134897e+00
5.279532e-01
-3.651295e-01
-1.060118e+00
-1.180442e+00
-6.607045e-01
2.173131e-01
9.775094e-01
1.208059e+00
7.838663e-01
-6.518679e-02
-8.785834e-01
-1.215680e+00
-8.936485e-01
-8.707464e-02
7.665690e-01
1.204786e+00
9.900661e-01
2.387554e-01
-6.416116e-01
-1.173995e+00
-1.069834e+00
-3.856585e-01
5.074198e-01
1.125338e+00
1.133386e+00
5.272433e-01
-3.644671e-01
-1.058106e+00
-1.178042e+00
-6.593144e-01
2.167562e-01
9.749787e-01
1.204749e+00
7.816475e-01
-6.493878e-02
-8.756814e-01
-1.211496e+00
-8.904689e-01
-8.682810e-02
7.635007e-01
1.199805e+00
9.858305e-01
2.377782e-01
-6.385879e-01
-1.168319e+00
-1.064511e+00
-3.837367e-01
5.046857e-01
1.119145e+00
1.126974e+00
5.242018e-01
-3.621964e-01
-1.051558e+00
-1.170567e+00
-6.550639e-01
2.152205e-01
9.682808e-01
1.196314e+00
7.760768e-01
-6.437294e-02
-8.690800e-01
-1.202198e+00
-8.835081e-01
-8.618207e-02
7.572023e-01
1.189812e+00
9.774990e-01
2.357688e-01
-6.328999e-01
-1.157820e+00
-1.054810e+00
-3.802273e-01
4.998337e-01
1.108379e+00
1.115984e+00
5.190305e-01
-3.585133e-01
-1.040755e+00
-1.158410e+00
-6.481789e-01
2.128874e-01
9.577170e-01
1.183155e+00
7.674422e-01
-6.361256e-02
-8.590599e-01
-1.188245e+00
-8.731404e-01
-8.517515e-02
7.480360e-01
1.175290e+00
9.654575e-01
2.328564e-01
-6.248475e-01
-1.143000e+00
-1.041201e+00
-3.752819e-01
4.932041e-01
1.093553e+00
1.100967e+00
5.119925e-01
-3.535336e-01
-1.026254e+00
-1.142166e+00
-6.390186e-01
2.098013e-01
9.438697e-01
1.165913e+00
7.561820e-01
-6.262940e-02
-8.461600e-01
-1.170288e+00
-8.598960e-01
-8.391279e-02
7.364372e-01
1.156941e+00
9.503077e-01
2.291971e-01
-6.148333e-01
-1.124579e+00
-1.024330e+00
-3.691809e-01
4.850522e-01
1.075403e+00
1.082587e+00
5.034619e-01
-3.475144e-01
-1.008740e+00
-1.122575e+00
-6.280465e-01
2.061375e-01
9.273446e-01
1.145414e+00
7.428544e-01
-6.147249e-02
-8.309850e-01
-1.149201e+00
-8.443452e-01
-8.245440e-02
7.229255e-01
1.135631e+00
9.327446e-01
2.250209e-01
-6.033116e-01
-1.103416e+00
-1.005004e+00
-3.622424e-01
4.757435e-01
1.054803e+00
1.061771e+00
4.937521e-01
-3.406873e-01
-9.890666e-01
-1.100597e+00
-6.157110e-01
2.019910e-01
9.089647e-01
1.122633e+00
7.280506e-01
-6.016260e-02
-8.142179e-01
-1.126015e+00
-8.272588e-01
-8.080145e-02
7.081484e-01
1.112416e+00
9.136339e-01
2.204200e-01
-5.907964e-01
-1.080571e+00
-9.841479e-01
-3.547262e-01
4.658109e-01
1.032710e+00
1.039531e+00
4.834171e-01
-3.334755e-01
-9.681397e-01
-1.077310e+00
-6.026686e-01
1.976871e-01
8.895689e-01
1.098702e+00
7.125236e-01
-5.884529e-02
-7.967364e-01
-1.101819e+00
-8.094892e-01
-7.907721e-02
6.928442e-01
1.088392e+00
8.938980e-01
2.156780e-01
-5.779649e-01
-1.057115e+00
-9.627932e-01
-3.470332e-01
4.556630e-01
1.010248e+00
1.016917e+00
4.729083e-01
-3.261879e-01
-9.470241e-01
-1.053811e+00
-5.895475e-01
1.933579e-01
8.701538e-01
1.074745e+00
6.970129e-01
-5.753986e-02
-7.793470e-01
-1.077794e+00
-7.918756e-01
-7.737971e-02
6.777627e-01
1.064710e+00
8.745082e-01
2.110146e-01
-5.654067e-01
-1.034195e+00
-9.419747e-01
-3.395808e-01
4.457973e-01
9.884488e-01
9.950309e-01
4.627812e-01
-3.191573e-01
-9.266912e-01
-1.031262e+00
-5.769996e-01
1.892129e-01
8.516238e-01
1.051917e+00
6.822760e-01
-5.625523e-02
-7.628799e-01
-1.055098e+00
-7.752555e-01
-7.580696e-02
6.636005e-01
1.042537e+00
8.563644e-01
2.067107e-01
-5.537128e-01
-1.012893e+00
-9.226442e-01
-3.326482e-01
4.366712e-01
9.683758e-01
9.749089e-01
4.534858e-01
-3.126851e-01
-9.081449e-01
-1.010705e+00
-5.655507e-01
1.854125e-01
8.348686e-01
1.031332e+00
6.690034e-01
-5.514583e-02
-7.481133e-01
-1.034821e+00
-7.604398e-01
-7.437678e-02
6.510066e-01
1.022920e+00
8.403354e-01
2.028687e-01
-5.434074e-01
-9.942408e-01
-9.057806e-01
-3.266171e-01
4.287807e-01
9.509820e-01
9.575373e-01
4.454617e-01
-3.071649e-01
-8.922525e-01
-9.931804e-01
-5.558216e-01
1.822432e-01
8.206708e-01
1.013975e+00
6.578307e-01
-5.422208e-02
-7.357941e-01
-1.017939e+00
-7.481578e-01
-7.319758e-02
6.406567e-01
1.006818e+00
8.272395e-01
1.997455e-01
-5.350759e-01
-9.791564e-01
-8.921976e-01
-3.217563e-01
4.224481e-01
9.371257e-01
9.437776e-01
4.391306e-01
-3.028358e-01
-8.798101e-01
-9.795083e-01
-5.482609e-01
1.797942e-01
8.097758e-01
1.000686e+00
6.493403e-01
-5.350328e-02
-7.265091e-01
-1.005275e+00
-7.390035e-01
-7.231690e-02
6.330068e-01
9.949908e-01
8.176990e-01
1.974851e-01
-5.290626e-01
-9.683491e-01
-8.825130e-01
-3.183687e-01
4.180046e-01
9.274828e-01
9.342312e-01
4.348237e-01
-2.998744e-01
-8.713924e-01
-9.703377e-01
-5.432782e-01
1.781250e-01
8.026576e-01
9.920829e-01
6.439062e-01
-5.301616e-02
-7.206799e-01
-9.974220e-01
-7.333927e-01
-7.182532e-02
6.284311e-01
9.880196e-01
8.121431e-01
1.962198e-01
-5.256334e-01
-9.623402e-01
-8.772245e-01
-3.165227e-01
4.156417e-01
9.224823e-01
9.293971e-01
4.326643e-01
-2.983952e-01
-8.674286e-01
-9.661199e-01
-5.410684e-01
1.774121e-01
7.996428e-01
9.886196e-01
6.417988e-01
-5.284685e-02
-7.185740e-01
-9.947695e-01
-7.315986e-01
-7.167681e-02
6.271346e-01
9.862167e-01
8.108630e-01
1.959688e-01
-5.250022e-01
-9.614269e-01
-8.765740e-01
-3.163727e-01
4.155007e-01
9.223739e-01
9.295129e-01
4.328188e-01
-2.985556e-01
-8.680568e-01
-9.670630e-01
-5.417114e-01
1.776557e-01
8.009438e-01
9.904359e-01
6.431072e-01
-5.295675e-02
-7.203399e-01
-9.974487e-01
-7.337224e-01
-7.191592e-02
6.292049e-01
9.897067e-01
8.139268e-01
1.967633e-01
-5.271839e-01
-9.656239e-01
-8.806284e-01
-3.179143e-01
4.175635e-01
9.271902e-01
9.345802e-01
4.352841e-01
-3.002828e-01
-8.733037e-01
-9.731401e-01
-5.452401e-01
1.788215e-01
8.064373e-01
9.974428e-01
6.478358e-01
-5.333992e-02
-7.258809e-01
-1.005314e+00
-7.397045e-01
-7.251145e-02
6.345380e-01
9.983027e-01
8.211534e-01
1.985945e-01
-5.320729e-01
-9.747708e-01
-8.891471e-01
-3.210999e-01
4.217545e-01
9.366742e-01
9.443301e-01
4.399385e-01
-3.035174e-01
-8.829007e-01
-9.840216e-01
-5.514479e-01
1.808368e-01
8.158678e-01
1.009318e+00
6.556832e-01
-5.394288e-02
-7.349001e-01
-1.017990e+00
-7.491811e-01
-7.352431e-02
6.428191e-01
1.011578e+00
8.322384e-01
2.013212e-01
-5.393783e-01
-9.883983e-01
-9.017395e-01
-3.257186e-01
4.278035e-01
9.503627e-01
9.582962e-01
4.465206e-01
-3.080500e-01
-8.963530e-01
-9.991952e-01
-5.600572e-01
1.836511e-01
8.287855e-01
1.025472e+00
6.662752e-01
-5.480277e-02
-7.469549e-01
-1.034905e+00
-7.617170e-01
-7.478519e-02
6.537392e-01
1.028907e+00
8.466175e-01
2.048424e-01
-5.488311e-01
-1.005849e+00
-9.177893e-01
-3.315879e-01
4.354964e-01
9.676095e-01
9.758178e-01
4.547586e-01
-3.137411e-01
-9.130473e-01
-1.017963e+00
-5.706254e-01
1.871041e-01
8.445828e-01
1.045148e+00
6.791409e-01
-5.584087e-02
-7.614972e-01
-1.055185e+00
-7.767540e-01
-7.628962e-02
6.667178e-01
1.049459e+00
8.636445e-01
2.090038e-01
-5.599265e-01
-1.026297e+00
-9.365688e-01
-3.383927e-01
4.444250e-01
9.875830e-01
9.960646e-01
4.642901e-01
-3.202682e-01
-9.321713e-01
-1.039362e+00
-5.827322e-01
1.910515e-01
8.624757e-01
1.067391e+00
6.936981e-01
-5.702155e-02
-7.778262e-01
-1.077895e+00
-7.935538e-01
-7.801386e-02
6.811250e-01
1.072228e+00
8.824373e-01
2.136270e-01
-5.721388e-01
-1.048744e+00
-9.571126e-01
-3.459045e-01
4.541630e-01
1.009312e+00
1.018034e+00
4.745598e-01
-3.272899e-01
-9.527923e-01
-1.062417e+00
-5.957107e-01
1.952099e-01
8.816101e-01
1.091123e+00
7.091539e-01
-5.823490e-02
-7.951399e-01
-1.101907e+00
-8.112535e-01
-7.978859e-02
6.962585e-01
1.096134e+00
9.021346e-01
2.184180e-01
-5.848411e-01
-1.072125e+00
-9.784762e-01
-3.536272e-01
4.642114e-01
1.031755e+00
1.040685e+00
4.851057e-01
-3.345314e-01
-9.739228e-01
-1.085988e+00
-6.089150e-01
1.994886e-01
9.010519e-01
1.115206e+00
7.248012e-01
-5.947053e-02
-8.125649e-01
-1.126108e+00
-8.290662e-01
-8.157372e-02
7.114350e-01
1.120006e+00
9.217828e-01
2.231838e-01
-5.974899e-01
-1.095283e+00
-9.996021e-01
-3.612875e-01
4.741365e-01
1.053815e+00
1.062941e+00
4.954793e-01
-3.416051e-01
-9.945408e-01
-1.108948e+00
-6.217569e-01
2.036321e-01
9.198997e-01
1.138477e+00
7.399005e-01
-6.068240e-02
-8.293320e-01
-1.149293e+00
-8.461363e-01
-8.328458e-02
7.258824e-01
1.142721e+00
9.404375e-01
2.277060e-01
-6.094274e-01
-1.117138e+00
-1.019506e+00
-3.684725e-01
4.834439e-01
1.074456e+00
1.083702e+00
5.051802e-01
-3.481842e-01
-1.013650e+00
-1.130198e+00
-6.337137e-01
2.074548e-01
9.372000e-01
1.159827e+00
7.537582e-01
-6.176951e-02
-8.446051e-01
-1.170371e+00
-8.615727e-01
-8.488407e-02
7.389218e-01
1.163159e+00
9.571809e-01
2.318139e-01
-6.200995e-01
-1.136626e+00
-1.037197e+00
-3.749002e-01
4.916640e-01
1.092680e+00
1.101974e+00
5.136766e-01
-3.538915e-01
-1.030355e+00
-1.148699e+00
-6.440235e-01
2.107161e-01
9.521463e-01
1.178210e+00
7.656259e-01
-6.265019e-02
-8.576044e-01
-1.188306e+00
-8.747102e-01
-8.620435e-02
7.498835e-01
1.180345e+00
9.712258e-01
2.352029e-01
-6.289361e-01
-1.152786e+00
-1.051837e+00
-3.801828e-01
4.983694e-01
1.107570e+00
1.116895e+00
5.205632e-01
-3.585296e-01
-1.043786e+00
-1.163574e+00
-6.523016e-01
2.133225e-01
9.639828e-01
1.192751e+00
7.749852e-01
-6.336009e-02
-8.677672e-01
-1.202250e+00
-8.848833e-01
-8.723057e-02
7.582953e-01
1.193443e+00
9.818845e-01
2.377811e-01
-6.355998e-01
-1.164853e+00
-1.062719e+00
-3.840887e-01
5.033119e-01
1.118459e+00
1.127732e+00
5.255740e-01
-3.618533e-01
-1.053368e+00
-1.174111e+00
-6.581085e-01
2.151374e-01
9.721881e-01
1.202759e+00
7.813846e-01
-6.382345e-02
-8.745810e-01
-1.211529e+00
-8.916035e-01
-8.791225e-02
7.637175e-01
1.201850e+00
9.886805e-01
2.394059e-01
-6.397196e-01
-1.172266e+00
-1.069348e+00
-3.864990e-01
5.062183e-01
1.124799e+00
1.133960e+00
5.284611e-01
-3.636741e-01
-1.058608e+00
-1.179794e+00
-6.612421e-01
2.160492e-01
9.763450e-01
1.207724e+00
7.845435e-01
-6.397938e-02
-8.777146e-01
-1.215691e+00
-8.945515e-01
-8.827759e-02
7.659021e-01
1.205135e+00
9.912527e-01
2.400727e-01
-6.411022e-01
-1.174634e+00
-1.071352e+00
-3.871822e-01
5.069030e-01
1.126275e+00
1.135282e+00
5.290284e-01
-3.638820e-01
-1.059261e+00
-1.180344e+00
-6.614663e-01
2.159913e-01
9.762529e-01
1.207431e+00
7.842539e-01
-6.390067e-02
-8.769765e-01
-1.214539e+00
-8.935817e-01
-8.819739e-02
7.647066e-01
1.203145e+00
9.894646e-01
2.396331e-01
-6.396186e-01
-1.171867e+00
-1.068680e+00
-3.861842e-01
5.054119e-01
1.122822e+00
1.131660e+00
5.272596e-01
-3.625439e-01
-1.055257e+00
-1.175746e+00
-6.588035e-01
2.150275e-01
9.718896e-01
1.201902e+00
7.805470e-01
-6.353682e-02
-8.724646e-01
-1.208116e+00
-8.887313e-01
-8.776374e-02
7.602586e-01
1.195970e+00
9.834335e-01
2.381791e-01
-6.354588e-01
-1.164083e+00
-1.061462e+00
-3.835377e-01
5.017644e-01
1.114624e+00
1.123250e+00
5.232735e-01
-3.596925e-01
-1.046849e+00
-1.166211e+00
-6.533991e-01
2.131755e-01
9.634986e-01
1.191381e+00
7.736545e-01
-6.292940e-02
-8.643573e-01
-1.196765e+00
-8.802928e-01
-8.693058e-02
7.527201e-01
1.183959e+00
9.734639e-01
2.357554e-01
-6.287415e-01
-1.151672e+00
-1.049997e+00
-3.794120e-01
4.961655e-01
1.102061e+00
1.110449e+00
5.173033e-01
-3.554301e-01
-1.034403e+00
-1.152204e+00
-6.455398e-01
2.104770e-01
9.514914e-01
1.176364e+00
7.638140e-01
-6.202792e-02
-8.530778e-01
-1.180999e+00
-8.685781e-01
-8.585386e-02
7.424653e-01
1.167705e+00
9.599967e-01
2.325357e-01
-6.197847e-01
-1.135221e+00
-1.034884e+00
-3.739066e-01
4.888111e-01
1.085726e+00
1.093881e+00
5.095554e-01
-3.499515e-01
-1.018533e+00
-1.134412e+00
-6.354840e-01
2.071474e-01
9.363846e-01
1.157623e+00
7.515899e-01
-6.098239e-02
-8.391057e-01
-1.161578e+00
-8.542377e-01
-8.445190e-02
7.299486e-01
1.147986e+00
9.436826e-01
2.285837e-01
-6.090739e-01
-1.115499e+00
-1.016840e+00
-3.673825e-01
4.801498e-01
1.066399e+00
1.074328e+00
5.004248e-01
-3.435833e-01
-9.999719e-01
-1.113669e+00
-6.238079e-01
2.032712e-01
9.189774e-01
1.136020e+00
7.375169e-01
-5.979429e-02
-8.231762e-01
-1.139470e+00
-8.379087e-01
-8.285687e-02
7.158548e-01
1.125719e+00
9.253323e-01
2.241536e-01
-5.970875e-01
-1.093504e+00
-9.967418e-01
-3.600979e-01
4.705648e-01
1.045059e+00
1.052785e+00
4.903349e-01
-3.365987e-01
-9.796598e-01
-1.091006e+00
-6.111308e-01
1.990891e-01
9.000791e-01
1.112609e+00
7.223091e-01
-5.852747e-02
-8.060407e-01
-1.115698e+00
-8.204435e-01
-8.113857e-02
7.007926e-01
1.102018e+00
9.058489e-01
2.194962e-01
-5.844059e-01
-1.070260e+00
-9.755312e-01
-3.524807e-01
4.604837e-01
1.022691e+00
1.030230e+00
4.798810e-01
-3.293349e-01
-9.585457e-01
-1.067477e+00
-5.979533e-01
1.947287e-01
8.805809e-01
1.088508e+00
7.066767e-01
-5.718789e-02
-7.885073e-01
-1.091440e+00
-8.025997e-01
-7.943661e-02
6.855150e-01
1.078007e+00
8.861219e-01
2.147468e-01
-5.716041e-01
-1.046915e+00
-9.542507e-01
-3.448055e-01
4.503908e-01
1.000383e+00
1.007787e+00
4.694762e-01
-3.220949e-01
-9.376366e-01
-1.044236e+00
-5.849495e-01
1.904931e-01
8.614316e-01
1.064900e+00
6.913635e-01
-5.591513e-02
-7.713852e-01
-1.067850e+00
-7.852905e-01
-7.772574e-02
6.707217e-01
1.054842e+00
8.671345e-01
2.101651e-01
-5.593577e-01
-1.024545e+00
-9.339327e-01
-3.374764e-01
4.408147e-01
9.791920e-01
9.865226e-01
4.596090e-01
-3.153004e-01
-9.179571e-01
-1.022412e+00
-5.727610e-01
1.865055e-01
8.435715e-01
1.042917e+00
6.771523e-01
-5.474930e-02
-7.555894e-01
-1.046056e+00
-7.693165e-01
-7.617824e-02
6.571788e-01
1.033643e+00
8.498105e-01
2.059830e-01
-5.482282e-01
-1.004271e+00
-9.155483e-01
-3.308691e-01
4.322173e-01
9.601749e-01
9.674625e-01
4.507651e-01
-3.092500e-01
-9.004638e-01
-1.003034e+00
-5.620072e-01
1.830006e-01
8.278454e-01
1.023585e+00
6.647262e-01
-5.372456e-02
-7.418193e-01
-1.027128e+00
-7.555092e-01
-7.482826e-02
6.455071e-01
1.015437e+00
8.349369e-01
2.024662e-01
-5.387382e-01
-9.870587e-01
-8.999826e-01
-3.253325e-01
4.249684e-01
9.442127e-01
9.515344e-01
4.434300e-01
-3.041798e-01
-8.859838e-01
-9.870528e-01
-5.531529e-01
1.800898e-01
8.150080e-01
1.007870e+00
6.546199e-01
-5.286764e-02
-7.307462e-01
-1.011963e+00
-7.444999e-01
-7.378273e-02
6.362459e-01
1.001084e+00
8.232742e-01
1.996727e-01
-5.313289e-01
-9.737223e-01
-8.879991e-01
-3.210613e-01
4.194006e-01
9.321030e-01
9.394915e-01
4.379380e-01
-3.004209e-01
-8.751943e-01
-9.752282e-01
-5.466361e-01
1.779928e-01
8.056605e-01
9.965279e-01
6.473739e-01
-5.227508e-02
-7.228646e-01
-1.001298e+00
-7.367877e-01
-7.304165e-02
6.298880e-01
9.912676e-01
8.153748e-01
1.977896e-01
-5.264220e-01
-9.649125e-01
-8.801398e-01
-3.182930e-01
4.158452e-01
9.243878e-01
9.319426e-01
4.344940e-01
-2.981026e-01
-8.686508e-01
-9.681560e-01
-5.427659e-01
1.767690e-01
8.002859e-01
9.900899e-01
6.433299e-01
-5.193647e-02
-7.186290e-01
-9.956368e-01
-7.328120e-01
-7.267630e-02
6.267202e-01
9.864870e-01
8.116516e-01
1.969534e-01
-5.242018e-01
-9.610675e-01
-8.768443e-01
-3.171762e-01
4.144432e-01
9.214769e-01
9.292115e-01
4.333564e-01
-2.973556e-01
-8.666459e-01
-9.661437e-01
-5.418050e-01
1.764601e-01
7.991171e-01
9.888840e-01
6.427106e-01
-5.189043e-02
-7.182027e-01
-9.952774e-01
-7.326961e-01
-7.271937e-02
6.268792e-01
9.869503e-01
8.122233e-01
1.971881e-01
-5.247824e-01
-9.623506e-01
-8.782136e-01
-3.177791e-01
4.152437e-01
9.234967e-01
9.314525e-01
4.345014e-01
-2.981472e-01
-8.692850e-01
-9.693010e-01
-5.436970e-01
1.770616e-01
8.022240e-01
9.929413e-01
6.454953e-01
-5.206419e-02
-7.215755e-01
-1.000201e+00
-7.364995e-01
-7.311887e-02
6.303395e-01
9.926725e-01
8.170901e-01
1.983940e-01
-5.281002e-01
-9.687174e-01
-8.842001e-01
-3.200261e-01
4.181917e-01
9.303298e-01
9.385678e-01
4.379157e-01
-3.005293e-01
-8.764151e-01
-9.774693e-01
-5.483975e-01
1.786032e-01
8.094283e-01
1.002091e+00
6.515754e-01
-5.256616e-02
-7.286388e-01
-1.010191e+00
-7.440128e-01
-7.390154e-02
6.369662e-01
1.003325e+00
8.260291e-01
2.006262e-01
-5.340645e-01
-9.798380e-01
-8.945322e-01
-3.238355e-01
4.232218e-01
9.416806e-01
9.502082e-01
4.434137e-01
-3.043432e-01
-8.877229e-01
-9.902859e-01
-5.556835e-01
1.809779e-01
8.204227e-01
1.015890e+00
6.606763e-01
-5.329239e-02
-7.390183e-01
-1.024763e+00
-7.548988e-01
-7.501835e-02
6.464398e-01
1.018440e+00
8.386230e-01
2.037301e-01
-5.423382e-01
-9.951883e-01
-9.087167e-01
-3.290617e-01
4.300223e-01
9.569834e-01
9.658021e-01
4.507962e-01
-3.094134e-01
-9.026633e-01
-1.007096e+00
-5.652374e-01
1.840655e-01
8.346562e-01
1.033653e+00
6.723509e-01
-5.419090e-02
-7.522196e-01
-1.043220e+00
-7.685947e-01
-7.645893e-02
6.583045e-01
1.037234e+00
8.542421e-01
2.075974e-01
-5.525544e-01
-1.014033e+00
-9.260526e-01
-3.353957e-01
4.382335e-01
9.755163e-01
9.846008e-01
4.596580e-01
-3.154445e-01
-9.204908e-01
-1.027110e+00
-5.765481e-01
1.876996e-01
8.514397e-01
1.054552e+00
6.860155e-01
-5.526910e-02
-7.675907e-01
-1.064683e+00
-7.844841e-01
-7.805693e-02
6.719187e-01
1.058881e+00
8.721305e-01
2.120008e-01
-5.641369e-01
-1.035470e+00
-9.456934e-01
-3.425630e-01
4.475408e-01
9.963393e-01
1.005709e+00
4.695623e-01
-3.222122e-01
-9.403410e-01
-1.049350e+00
-5.890915e-01
1.917599e-01
8.699429e-01
1.077577e+00
7.010540e-01
-5.645869e-02
-7.844202e-01
-1.088079e+00
-8.017710e-01
-7.981532e-02
6.867373e-01
1.082259e+00
8.914401e-01
2.167146e-01
-5.766328e-01
-1.058437e+00
-9.667481e-01
-3.502084e-01
4.574778e-01
1.018490e+00
1.028131e+00
4.800429e-01
-3.293676e-01
-9.613051e-01
-1.072774e+00
-6.022438e-01
1.959940e-01
8.893164e-01
1.101607e+00
7.167191e-01
-5.767798e-02
-8.018735e-01
-1.112321e+00
-8.196698e-01
-8.162272e-02
7.019733e-01
1.106295e+00
9.112785e-01
2.215412e-01
-5.893915e-01
-1.081850e+00
-9.881355e-01
-3.580157e-01
4.675203e-01
1.040913e+00
1.050741e+00
4.906423e-01
-3.365527e-01
-9.823271e-01
-1.096225e+00
-6.154496e-01
2.002118e-01
9.086112e-01
1.125494e+00
7.322432e-01
-5.886014e-02
-8.191218e-01
-1.136215e+00
-8.372790e-01
-8.345389e-02
7.169018e-01
1.129799e+00
9.305971e-01
2.263026e-01
-6.017389e-01
-1.104587e+00
-1.008869e+00
-3.655275e-01
4.771781e-01
1.062493e+00
1.072494e+00
5.007738e-01
-3.434036e-01
-1.002422e+00
-1.118600e+00
-6.279856e-01
2.041875e-01
9.268649e-01
1.148068e+00
7.468984e-01
-5.999330e-02
-8.353082e-01
-1.158634e+00
-8.537461e-01
-8.512466e-02
7.307759e-01
1.151675e+00
9.485582e-01
2.306674e-01
-6.131937e-01
-1.125543e+00
-1.027935e+00
-3.724378e-01
4.860607e-01
1.082178e+00
1.092316e+00
5.099995e-01
-3.496396e-01
-1.020569e+00
-1.138786e+00
-6.392844e-01
2.077875e-01
9.432415e-01
1.168264e+00
7.600017e-01
-6.100170e-02
-8.496768e-01
-1.178479e+00
-8.682825e-01
-8.662316e-02
7.429896e-01
1.170824e+00
9.642546e-01
2.344841e-01
-6.231322e-01
-1.143703e+00
-1.044444e+00
-3.783962e-01
4.936690e-01
1.099084e+00
1.109255e+00
5.178944e-01
-3.549296e-01
-1.035961e+00
-1.155853e+00
-6.488472e-01
2.107815e-01
9.569314e-01
1.185110e+00
7.709085e-01
-6.183040e-02
-8.615415e-01
-1.194796e+00
-8.802749e-01
-8.783799e-02
7.529236e-01
1.186351e+00
9.769509e-01
2.376029e-01
-6.310999e-01
-1.158198e+00
-1.057565e+00
-3.831620e-01
4.996659e-01
1.112338e+00
1.122508e+00
5.240414e-01
-3.590197e-01
-1.047829e+00
-1.168944e+00
-6.561184e-01
2.130136e-01
9.672753e-01
1.197778e+00
7.790485e-01
-6.237990e-02
-8.703201e-01
-1.206809e+00
-8.890105e-01
-8.878402e-02
7.600953e-01
1.197509e+00
9.860132e-01
2.398158e-01
-6.366498e-01
-1.168334e+00
-1.066665e+00
-3.864471e-01
5.037144e-01
1.121320e+00
1.131422e+00
5.281567e-01
-3.616617e-01
-1.055586e+00
-1.177451e+00
-6.608069e-01
2.144394e-01
9.737624e-01
1.205671e+00
7.840816e-01
-6.271999e-02
-8.755478e-01
-1.213945e+00
-8.941401e-01
-8.931570e-02
7.641170e-01
1.203750e+00
9.910107e-01
2.410113e-01
-6.396112e-01
-1.173598e+00
-1.071344e+00
-3.881045e-01
5.056896e-01
1.125587e+00
1.135578e+00
5.300398e-01
-3.628112e-01
-1.058853e+00
-1.180963e+00
-6.626841e-01
2.149577e-01
9.761104e-01
1.208405e+00
7.857450e-01
-6.279574e-02
-8.770359e-01
-1.215841e+00
-8.954025e-01
-8.948649e-02
7.648789e-01
1.204776e+00
9.917369e-01
2.411761e-01
-6.397849e-01
-1.173777e+00
-1.071365e+00
-3.880718e-01
5.054624e-01
1.124959e+00
1.134785e+00
5.296032e-01
-3.623880e-01
-1.057521e+00
-1.179294e+00
-6.617025e-01
2.145329e-01
9.741827e-01
1.205854e+00
7.840133e-01
-6.258782e-02
-8.746909e-01
-1.212414e+00
-8.927886e-01
-8.921619e-02
7.622918e-01
1.200530e+00
9.881102e-01
2.403192e-01
-6.371696e-01
-1.168837e+00
-1.066693e+00
-3.863802e-01
5.030461e-01
1.119446e+00
1.129061e+00
5.269284e-01
-3.603474e-01
-1.051622e+00
-1.172537e+00
-6.578337e-01
2.131473e-01
9.680758e-01
1.198124e+00
7.788911e-01
-6.208881e-02
-8.686122e-01
-1.203837e+00
-8.863551e-01
-8.866224e-02
7.564582e-01
1.191251e+00
9.803252e-01
2.384509e-01
-6.318454e-01
-1.159013e+00
-1.057592e+00
-3.830669e-01
4.985031e-01
1.109326e+00
1.118705e+00
5.220364e-01
-3.568722e-01
-1.041409e+00
-1.161006e+00
-6.513021e-01
2.109567e-01
9.580660e-01
1.185601e+00
7.706560e-01
-6.139229e-02
-8.590673e-01
-1.190511e+00
-8.764136e-01
-8.770136e-02
7.477123e-01
1.177338e+00
9.687708e-01
2.356277e-01
-6.241688e-01
-1.144780e+00
-1.044481e+00
-3.782863e-01
4.921363e-01
1.095040e+00
1.104189e+00
5.152137e-01
-3.521094e-01
-1.027411e+00
-1.145298e+00
-6.424062e-01
2.080058e-01
9.446642e-01
1.168911e+00
7.597225e-01
-6.046408e-02
-8.465848e-01
-1.173076e+00
-8.635257e-01
-8.641969e-02
7.364491e-01
1.159488e+00
9.540042e-01
2.320322e-01
-6.144382e-01
-1.126827e+00
-1.028016e+00
-3.722834e-01
4.842191e-01
1.077343e+00
1.086248e+00
5.068361e-01
-3.462565e-01
-1.010305e+00
-1.126128e+00
-6.316435e-01
2.044340e-01
9.285060e-01
1.148810e+00
7.466326e-01
-5.935915e-02
-8.317216e-01
-1.152383e+00
-8.482244e-01
-8.493753e-02
7.232106e-01
1.138554e+00
9.367084e-01
2.278649e-01
-6.031304e-01
-1.106027e+00
-1.008955e+00
-3.654265e-01
4.751212e-01
1.057053e+00
1.065713e+00
4.972229e-01
-3.395571e-01
-9.908978e-01
-1.104414e+00
-6.194223e-01
2.003885e-01
9.103726e-01
1.126285e+00
7.319610e-01
-5.812500e-02
-8.151639e-01
-1.129428e+00
-8.312775e-01
-8.325340e-02
7.085954e-01
1.115549e+00
9.177403e-01
2.232788e-01
-5.907519e-01
-1.083362e+00
-9.882513e-01
-3.579192e-01
4.652570e-01
1.035129e+00
1.043586e+00
4.868968e-01
-3.324255e-01
-9.701134e-01
-1.081240e+00
-6.064111e-01
1.961455e-01
8.910971e-01
1.102438e+00
7.164473e-01
-5.685967e-02
-7.977611e-01
-1.105308e+00
-8.135065e-01
-8.148758e-02
6.933744e-01
1.091575e+00
8.980118e-01
2.184789e-01
-5.779827e-01
-1.059927e+00
-9.668773e-01
-3.501906e-01
4.551388e-01
1.012676e+00
1.020946e+00
4.763524e-01
-3.251766e-01
-9.489815e-01
-1.057702e+00
-5.932172e-01
1.918609e-01
8.716597e-01
1.078405e+00
7.008505e-01
-5.559286e-02
-7.803435e-01
-1.081186e+00
-7.957993e-01
-7.972770e-02
6.782439e-01
1.067786e+00
8.784898e-01
2.137606e-01
-5.653859e-01
-1.036879e+00
-9.458820e-01
-3.426313e-01
4.452671e-01
9.907270e-01
9.988640e-01
4.661005e-01
-3.181385e-01
-9.285075e-01
-1.034927e+00
-5.805075e-01
1.877278e-01
8.529679e-01
1.055363e+00
6.859116e-01
-5.432604e-02
-7.637294e-01
-1.058232e+00
-7.789609e-01
-7.810000e-02
6.639391e-01
1.045338e+00
8.600802e-01
2.093439e-01
-5.535702e-01
-1.015303e+00
-9.262709e-01
-3.355546e-01
4.360489e-01
9.703510e-01
9.784123e-01
4.566061e-01
-3.116099e-01
-9.096746e-01
-1.014012e+00
-5.688254e-01
1.838962e-01
8.359275e-01
1.034368e+00
6.723538e-01
-5.325526e-02
-7.486954e-01
-1.037559e+00
-7.638051e-01
-7.662229e-02
6.511180e-01
1.025302e+00
8.436814e-01
2.053771e-01
-5.430614e-01
-9.962279e-01
-9.089780e-01
-3.293379e-01
4.279787e-01
9.525428e-01
9.605789e-01
4.483517e-01
-3.059664e-01
-8.933515e-01
-9.959844e-01
-5.587860e-01
1.806601e-01
8.213450e-01
1.016493e+00
6.608263e-01
-5.231666e-02
-7.360288e-01
-1.020133e+00
-7.511028e-01
-7.534805e-02
6.404280e-01
1.008639e+00
8.300909e-01
2.021083e-01
-5.344506e-01
-9.805791e-01
-8.948708e-01
-3.242840e-01
4.214397e-01
9.381504e-01
9.462340e-01
4.417236e-01
-3.014769e-01
-8.803938e-01
-9.817078e-01
-5.508658e-01
1.781250e-01
8.099466e-01
1.002578e+00
6.519110e-01
-5.160825e-02
-7.262789e-01
-1.006817e+00
-7.414614e-01
-7.438420e-02
6.323949e-01
9.961596e-01
8.200054e-01
1.996890e-01
-5.280913e-01
-9.691213e-01
-8.845848e-01
-3.206499e-01
4.167348e-01
9.278704e-01
9.360475e-01
4.370989e-01
-2.983254e-01
-8.713701e-01
-9.718629e-01
-5.454985e-01
1.764096e-01
8.022834e-01
9.932636e-01
6.460061e-01
-5.108252e-02
-7.199522e-01
-9.982447e-01
-7.352892e-01
-7.384510e-02
6.273752e-01
9.884741e-01
8.138362e-01
1.982901e-01
-5.243176e-01
-9.624100e-01
-8.786532e-01
-3.185573e-01
4.140616e-01
9.221853e-01
9.305169e-01
4.346068e-01
-2.966428e-01
-8.667647e-01
-9.669278e-01
-5.428372e-01
1.755379e-01
7.986507e-01
9.890518e-01
6.433849e-01
-5.088351e-02
-7.173057e-01
-9.948423e-01
-7.329412e-01
-7.362976e-02
6.255915e-01
9.859241e-01
8.119308e-01
1.978727e-01
-5.232676e-01
-9.607408e-01
-8.773195e-01
-3.181653e-01
4.135982e-01
9.213729e-01
9.299154e-01
4.344286e-01
-2.965641e-01
-8.667217e-01
-9.671209e-01
-5.430733e-01
1.756329e-01
7.993354e-01
9.901107e-01
6.442270e-01
-5.095925e-02
-7.185161e-01
-9.967388e-01
-7.345139e-01
-7.382431e-02
6.271866e-01
9.886508e-01
8.143679e-01
1.985143e-01
-5.250453e-01
-9.642145e-01
-8.807205e-01
-3.194558e-01
4.153521e-01
9.254808e-01
9.342876e-01
4.365643e-01
-2.980685e-01
-8.713241e-01
-9.724688e-01
-5.461891e-01
1.766710e-01
8.042319e-01
9.963809e-01
6.484774e-01
-5.128301e-02
-7.235017e-01
-1.003888e+00
-7.399644e-01
-7.439014e-02
6.320459e-01
9.965220e-01
8.210450e-01
2.002148e-01
-5.295274e-01
-9.726782e-01
-8.886214e-01
-3.224306e-01
4.192135e-01
9.343188e-01
9.433870e-01
4.409350e-01
-3.010581e-01
-8.803017e-01
-9.826835e-01
-5.520732e-01
1.785259e-01
8.131263e-01
1.007588e+00
6.559060e-01
-5.183993e-02
-7.320352e-01
-1.015910e+00
-7.489776e-01
-7.536142e-02
6.399424e-01
1.009163e+00
8.316087e-01
2.028509e-01
-5.364838e-01
-9.856850e-01
-9.006554e-01
-3.268755e-01
4.249921e-01
9.474206e-01
9.568052e-01
4.472928e-01
-3.053961e-01
-8.932446e-01
-9.972913e-01
-5.603795e-01
1.812185e-01
8.255375e-01
1.023189e+00
6.661683e-01
-5.264339e-02
-7.436549e-01
-1.032244e+00
-7.611275e-01
-7.662675e-02
6.504615e-01
1.025951e+00
8.455764e-01
2.062919e-01
-5.456366e-01
-1.002620e+00
-9.162834e-01
-3.326171e-01
4.324356e-01
9.641877e-01
9.738767e-01
4.553526e-01
-3.109119e-01
-9.094904e-01
-1.015597e+00
-5.707323e-01
1.845378e-01
8.409457e-01
1.042417e+00
6.787711e-01
-5.362506e-02
-7.578706e-01
-1.052099e+00
-7.758792e-01
-7.812673e-02
6.631386e-01
1.046088e+00
8.622989e-01
2.104280e-01
-5.564885e-01
-1.022691e+00
-9.347495e-01
-3.393610e-01
4.411800e-01
9.837989e-01
9.938116e-01
4.647104e-01
-3.172935e-01
-9.282966e-01
-1.036692e+00
-5.827010e-01
1.883813e-01
8.585698e-01
1.064351e+00
6.931560e-01
-5.474485e-02
-7.739560e-01
-1.074525e+00
-7.925008e-01
-7.984948e-02
6.773557e-01
1.068600e+00
8.809195e-01
2.150423e-01
-5.685358e-01
-1.044909e+00
-9.551106e-01
-3.468327e-01
4.507962e-01
1.005327e+00
1.015621e+00
4.749920e-01
-3.242573e-01
-9.487528e-01
-1.059579e+00
-5.956053e-01
1.924832e-01
8.775631e-01
1.087948e+00
7.085583e-01
-5.589137e-02
-7.911389e-01
-1.098427e+00
-8.101531e-01
-8.169104e-02
6.923853e-01
1.092406e+00
9.005648e-01
2.198408e-01
-5.811565e-01
-1.068211e+00
-9.764386e-01
-3.545955e-01
4.607704e-01
1.027726e+00
1.038250e+00
4.855839e-01
-3.314096e-01
-9.698253e-01
-1.083163e+00
-6.088690e-01
1.966906e-01
8.969723e-01
1.112053e+00
7.242591e-01
-5.709135e-02
-8.085729e-01
-1.122663e+00
-8.280429e-01
-8.353409e-02
7.075722e-01
1.116347e+00
9.203036e-01
2.246971e-01
-5.938068e-01
-1.091462e+00
-9.976878e-01
-3.623315e-01
4.707118e-01
1.049871e+00
1.060638e+00
4.960556e-01
-3.384729e-01
-9.905577e-01
-1.106289e+00
-6.218535e-01
2.008207e-01
9.159329e-01
1.135518e+00
7.395203e-01
-5.824827e-02
-8.254469e-01
-1.146064e+00
-8.452764e-01
-8.529991e-02
7.221324e-01
1.139279e+00
9.391915e-01
2.293070e-01
-6.058646e-01
-1.113559e+00
-1.017844e+00
-3.696547e-01
4.800785e-01
1.070780e+00
1.081688e+00
5.059168e-01
-3.451100e-01
-1.009924e+00
-1.127859e+00
-6.339929e-01
2.046791e-01
9.334827e-01
1.157214e+00
7.536290e-01
-5.933093e-02
-8.409621e-01
-1.167505e+00
-8.610633e-01
-8.696771e-02
7.353783e-01
1.160106e+00
9.562898e-01
2.335277e-01
-6.167030e-01
-1.133436e+00
-1.035925e+00
-3.762502e-01
4.884532e-01
1.089386e+00
1.100392e+00
5.146435e-01
-3.509168e-01
-1.026994e+00
-1.146810e+00
-6.446146e-01
2.079701e-01
9.487988e-01
1.176076e+00
7.658680e-01
-6.018042e-02
-8.543208e-01
-1.185953e+00
-8.745780e-01
-8.837115e-02
7.466326e-01
1.177822e+00
9.707891e-01
2.370698e-01
-6.257980e-01
-1.150127e+00
-1.051066e+00
-3.817377e-01
4.953650e-01
1.104809e+00
1.115849e+00
5.218285e-01
-3.556975e-01
-1.040932e+00
-1.162273e+00
-6.532239e-01
2.106642e-01
9.611016e-01
1.191234e+00
7.756297e-01
-6.090220e-02
-8.648786e-01
-1.200518e+00
-8.852397e-01
-8.945678e-02
7.554171e-01
1.191543e+00
9.819885e-01
2.397965e-01
-6.327751e-01
-1.162802e+00
-1.062542e+00
-3.858842e-01
5.005585e-01
1.116284e+00
1.127331e+00
5.271245e-01
-3.591920e-01
-1.051092e+00
-1.173484e+00
-6.594540e-01
2.125740e-01
9.698401e-01
1.201924e+00
7.824970e-01
-6.138783e-02
-8.721795e-01
-1.210501e+00
-8.925065e-01
-9.022460e-02
7.612938e-01
1.200641e+00
9.893830e-01
2.415890e-01
-6.372543e-01
-1.170906e+00
-1.069810e+00
-3.884683e-01
5.037530e-01
1.123303e+00
1.134253e+00
5.303532e-01
-3.612311e-01
-1.056970e+00
-1.179876e+00
-6.629945e-01
2.136240e-01
9.745955e-01
1.207641e+00
7.861459e-01
-6.162545e-02
-8.758433e-01
-1.215414e+00
-8.959832e-01
-9.065528e-02
7.639418e-01
1.204679e+00
9.925715e-01
2.424058e-01
-6.390290e-01
-1.174005e+00
-1.072513e+00
-3.894530e-01
5.047480e-01
1.125486e+00
1.136295e+00
5.312472e-01
-3.616573e-01
-1.058278e+00
-1.181177e+00
-6.636242e-01
2.136864e-01
9.751124e-01
1.208110e+00
7.863479e-01
-6.153338e-02
-8.756547e-01
-1.215025e+00
-8.955748e-01
-9.064043e-02
7.632245e-01
1.203448e+00
9.914027e-01
2.421103e-01
-6.379864e-01
-1.171989e+00
-1.070499e+00
-3.887030e-01
5.035778e-01
1.122725e+00
1.133369e+00
5.298081e-01
-3.605494e-01
-1.054950e+00
-1.177301e+00
-6.613713e-01
2.128711e-01
9.713461e-01
1.203304e+00
7.831148e-01
-6.121853e-02
-8.716939e-01
-1.209354e+00
-8.912783e-01
-9.021717e-02
7.592532e-01
1.196997e+00
9.859642e-01
2.407811e-01
-6.342038e-01
-1.164893e+00
-1.063877e+00
-3.862689e-01
5.002659e-01
1.115200e+00
1.125624e+00
5.261250e-01
-3.579133e-01
-1.047156e+00
-1.168452e+00
-6.563204e-01
2.111602e-01
9.635417e-01
1.193478e+00
7.766530e-01
-6.065715e-02
-8.641123e-01
-1.198679e+00
-8.833224e-01
-8.942708e-02
7.521602e-01
1.185664e+00
9.765173e-01
2.384866e-01
-6.278593e-01
-1.153126e+00
-1.053013e+00
-3.823184e-01
4.949358e-01
1.103232e+00
1.113417e+00
5.204117e-01
-3.538841e-01
-1.035278e+00
-1.155048e+00
-6.487596e-01
2.086444e-01
9.520245e-01
1.179071e+00
7.671897e-01
-5.981657e-02
-8.532708e-01
-1.183498e+00
-8.720280e-01
-8.836076e-02
7.422826e-01
1.169979e+00
9.634912e-01
2.353322e-01
-6.192664e-01
-1.137205e+00
-1.038364e+00
-3.769764e-01
4.878384e-01
1.087419e+00
1.097313e+00
5.128420e-01
-3.485881e-01
-1.019876e+00
-1.137740e+00
-6.389993e-01
2.053875e-01
9.373797e-01
1.160801e+00
7.552345e-01
-5.883935e-02
-8.396700e-01
-1.164558e+00
-8.579995e-01
-8.695731e-02
7.300808e-01
1.150702e+00
9.475276e-01
2.314530e-01
-6.087725e-01
-1.117918e+00
-1.020664e+00
-3.705265e-01
4.793924e-01
1.068487e+00
1.078133e+00
5.038525e-01
-3.423714e-01
-1.001659e+00
-1.117360e+00
-6.274762e-01
2.016301e-01
9.202606e-01
1.139540e+00
7.413515e-01
-5.772402e-02
-8.240049e-01
-1.142770e+00
-8.418799e-01
-8.532515e-02
7.162038e-01
1.128736e+00
9.294030e-01
2.270125e-01
-5.969716e-01
-1.096199e+00
-1.000801e+00
-3.632984e-01
4.699455e-01
1.047391e+00
1.056799e+00
4.938531e-01
-3.355101e-01
-9.815682e-01
-1.094900e+00
-6.148258e-01
1.975297e-01
9.015331e-01
1.116314e+00
7.262403e-01
-5.649433e-02
-8.070194e-01
-1.119170e+00
-8.245024e-01
-8.359052e-02
7.012842e-01
1.105181e+00
9.099909e-01
2.223343e-01
-5.844059e-01
-1.073086e+00
-9.796568e-01
-3.556871e-01
4.599476e-01
1.025123e+00
1.034305e+00
4.833844e-01
-3.283072e-01
-9.605239e-01
-1.071417e+00
-6.016973e-01
1.932094e-01
8.821031e-01
1.092247e+00
7.105781e-01
-5.520375e-02
-7.895395e-01
-1.094913e+00
-8.066155e-01
-8.183064e-02
6.860259e-01
1.081160e+00
8.902194e-01
2.175151e-01
-5.716026e-01
-1.049684e+00
-9.582962e-01
-3.479302e-01
4.498740e-01
1.002754e+00
1.011751e+00
4.728682e-01
-3.210835e-01
-9.395702e-01
-1.048044e+00
-5.885866e-01
1.890110e-01
8.628752e-01
1.068482e+00
6.951565e-01
-5.398892e-02
-7.723402e-01
-1.071157e+00
-7.891533e-01
-8.007076e-02
6.711509e-01
1.057821e+00
8.710256e-01
2.128562e-01
-5.592850e-01
-1.027123e+00
-9.377643e-01
-3.404986e-01
4.402444e-01
9.813529e-01
9.902473e-01
4.628377e-01
-3.142698e-01
-9.196591e-01
-1.025956e+00
-5.762021e-01
1.850204e-01
8.447997e-01
1.046192e+00
6.806854e-01
-5.284091e-02
-7.563275e-01
-1.049035e+00
-7.729387e-01
-7.843861e-02
6.574283e-01
1.036261e+00
8.534000e-01
2.085761e-01
-5.480099e-01
-1.006498e+00
-9.190517e-01
-3.337264e-01
4.315000e-01
9.619853e-01
9.707891e-01
4.538066e-01
-3.081198e-01
-9.018197e-01
-1.006159e+00
-5.651824e-01
1.814695e-01
8.287306e-01
1.026410e+00
6.679430e-01
-5.182657e-02
-7.422589e-01
-1.029637e+00
-7.587438e-01
-7.701734e-02
6.454789e-01
1.017572e+00
8.380943e-01
2.049078e-01
-5.382793e-01
-9.887963e-01
-9.030138e-01
-3.279938e-01
4.240788e-01
9.455449e-01
9.543562e-01
4.462102e-01
-3.029546e-01
-8.868763e-01
-9.896280e-01
-5.559642e-01
1.784844e-01
8.154639e-01
1.010136e+00
6.574476e-01
-5.096371e-02
-7.307818e-01
-1.013882e+00
-7.472534e-01
-7.591686e-02
6.358850e-01
1.002611e+00
8.259177e-01
2.019568e-01
-5.305670e-01
-9.748718e-01
-8.904436e-01
-3.234850e-01
4.182675e-01
9.328589e-01
9.416940e-01
4.403855e-01
-2.989714e-01
-8.755314e-01
-9.771693e-01
-5.490881e-01
1.762893e-01
8.055937e-01
9.981230e-01
6.497457e-01
-5.036966e-02
-7.224309e-01
-1.002538e+00
-7.390391e-01
-7.512083e-02
6.290771e-01
9.921305e-01
8.174406e-01
1.999237e-01
-5.253022e-01
-9.653744e-01
-8.819754e-01
-3.204761e-01
4.144269e-01
9.244843e-01
9.334545e-01
4.366237e-01
-2.964853e-01
-8.683627e-01
-9.693857e-01
-5.448391e-01
1.749468e-01
7.996250e-01
9.909483e-01
6.452027e-01
-4.999540e-02
-7.176800e-01
-9.961344e-01
-7.344872e-01
-7.465301e-02
6.254430e-01
9.866043e-01
8.130966e-01
1.989242e-01
-5.226869e-01
-9.608150e-01
-8.780101e-01
-3.191009e-01
4.127205e-01
9.208799e-01
9.300298e-01
4.351207e-01
-2.954992e-01
-8.657014e-01
-9.666174e-01
-5.434475e-01
1.745161e-01
7.978606e-01
9.889746e-01
6.440963e-01
-4.991521e-02
-7.166953e-01
-9.950057e-01
-7.338219e-01
-7.462331e-02
6.251208e-01
9.863206e-01
8.130446e-01
1.989985e-01
-5.228711e-01
-9.613586e-01
-8.786948e-01
-3.194692e-01
4.131898e-01
9.221927e-01
9.315580e-01
4.359657e-01
-2.960606e-01
-8.676617e-01
-9.690441e-01
-5.449223e-01
1.749631e-01
8.003616e-01
9.922908e-01
6.464101e-01
-5.005926e-02
-7.195409e-01
-9.991744e-01
-7.370787e-01
-7.501687e-02
6.281029e-01
9.912928e-01
8.173173e-01
2.000975e-01
-5.257894e-01
-9.669946e-01
-8.840487e-01
-3.214845e-01
4.158541e-01
9.283441e-01
9.379797e-01
4.390741e-01
-2.982096e-01
-8.741622e-01
-9.765247e-01
-5.492321e-01
1.763799e-01
8.069734e-01
1.000735e+00
6.520476e-01
-5.048995e-02
-7.260472e-01
-1.008458e+00
-7.440796e-01
-7.576834e-02
6.342914e-01
1.001255e+00
8.257068e-01
2.021930e-01
-5.313675e-01
-9.774529e-01
-8.937911e-01
-3.251053e-01
4.205560e-01
9.390504e-01
9.490335e-01
4.443181e-01
-3.017991e-01
-8.848982e-01
-9.886894e-01
-5.561810e-01
1.786210e-01
8.174332e-01
1.013898e+00
6.607505e-01
-5.116717e-02
-7.359649e-01
-1.022423e+00
-7.545320e-01
-7.686437e-02
6.433611e-01
1.015762e+00
8.378210e-01
2.052152e-01
-5.393233e-01
-9.922374e-01
-9.074602e-01
-3.301503e-01
4.270862e-01
9.538245e-01
9.640957e-01
4.514957e-01
-3.066718e-01
-8.993366e-01
-1.004978e+00
-5.654765e-01
1.815779e-01
8.312256e-01
1.031152e+00
6.721311e-01
-5.202558e-02
-7.487756e-01
-1.040370e+00
-7.678833e-01
-7.830049e-02
6.548783e-01
1.034094e+00
8.530703e-01
2.090231e-01
-5.492499e-01
-1.010620e+00
-9.244085e-01
-3.364027e-01
4.351341e-01
9.719208e-01
9.825053e-01
4.601808e-01
-3.125322e-01
-9.167839e-01
-1.024603e+00
-5.765867e-01
1.850887e-01
8.476660e-01
1.051665e+00
6.855804e-01
-5.301764e-02
-7.638616e-01
-1.061444e+00
-7.835470e-01
-7.991631e-02
6.682578e-01
1.055355e+00
8.707107e-01
2.133923e-01
-5.606246e-01
-1.031739e+00
-9.437954e-01
-3.435031e-01
4.442394e-01
9.924616e-01
1.003368e+00
4.700019e-01
-3.191796e-01
-9.363846e-01
-1.046599e+00
-5.890232e-01
1.890570e-01
8.659449e-01
1.074451e+00
7.004911e-01
-5.413892e-02
-7.804787e-01
-1.084651e+00
-8.006943e-01
-8.169995e-02
6.829042e-01
1.078565e+00
8.898912e-01
2.181195e-01
-5.729823e-01
-1.054534e+00
-9.647120e-01
-3.511470e-01
4.540814e-01
1.014482e+00
1.025678e+00
4.804647e-01
-3.262488e-01
-9.572210e-01
-1.069941e+00
-6.021711e-01
1.932302e-01
8.852264e-01
1.098420e+00
7.161295e-01
-5.533147e-02
-7.978710e-01
-1.108823e+00
-8.186049e-01
-8.358161e-02
6.980807e-01
1.102575e+00
9.097384e-01
2.229967e-01
-5.857010e-01
-1.077952e+00
-9.861617e-01
-3.589647e-01
4.640896e-01
1.036886e+00
1.048352e+00
4.911353e-01
-3.334101e-01
-9.782861e-01
-1.093459e+00
-6.154496e-01
1.974287e-01
9.045598e-01
1.122385e+00
7.317902e-01
-5.645869e-02
-8.151520e-01
-1.132858e+00
-8.363344e-01
-8.544693e-02
7.130731e-01
1.126218e+00
9.292248e-01
2.278308e-01
-5.981419e-01
-1.100837e+00
-1.007060e+00
-3.666340e-01
4.737816e-01
1.058648e+00
1.070299e+00
5.014095e-01
-3.402848e-01
-9.985358e-01
-1.116056e+00
-6.281712e-01
2.013969e-01
9.230096e-01
1.145228e+00
7.466460e-01
-5.756659e-02
-8.315048e-01
-1.155535e+00
-8.530377e-01
-8.719345e-02
7.270957e-01
1.148390e+00
9.474533e-01
2.323159e-01
-6.096888e-01
-1.122110e+00
-1.026444e+00
-3.736839e-01
4.827696e-01
1.078653e+00
1.090473e+00
5.108415e-01
-3.465981e-01
-1.016996e+00
-1.136640e+00
-6.397077e-01
2.050192e-01
9.396757e-01
1.165846e+00
7.600195e-01
-5.855272e-02
-8.461675e-01
-1.175819e+00
-8.679261e-01
-8.875580e-02
7.395634e-01
1.167973e+00
9.635447e-01
2.362633e-01
-6.198337e-01
-1.140713e+00
-1.043403e+00
-3.798412e-01
4.905457e-01
1.095984e+00
1.107901e+00
5.189592e-01
-3.519935e-01
-1.032822e+00
-1.154213e+00
-6.495482e-01
2.080904e-01
9.537740e-01
1.183219e+00
7.713125e-01
-5.936806e-02
-8.584005e-01
-1.192705e+00
-8.803447e-01
-9.003153e-02
7.498390e-01
1.184080e+00
9.767401e-01
2.394801e-01
-6.280836e-01
-1.155765e+00
-1.057048e+00
-3.848312e-01
4.967684e-01
1.109803e+00
1.121732e+00
5.254418e-01
-3.562529e-01
-1.045221e+00
-1.167922e+00
-6.572248e-01
2.104473e-01
9.646303e-01
1.196541e+00
7.799039e-01
-5.992201e-02
-8.676261e-01
-1.205380e+00
-8.895926e-01
-9.104290e-02
7.574087e-01
1.195892e+00
9.863652e-01
2.418756e-01
-6.340152e-01
-1.166562e+00
-1.066778e+00
-3.883480e-01
5.010902e-01
1.119422e+00
1.131311e+00
5.298631e-01
-3.590806e-01
-1.053588e+00
-1.177120e+00
-6.623173e-01
2.119325e-01
9.716579e-01
1.205149e+00
7.854063e-01
-6.029032e-02
-8.733735e-01
-1.213235e+00
-8.952792e-01
-9.166517e-02
7.618789e-01
1.202866e+00
9.919701e-01
2.432464e-01
-6.373181e-01
-1.172556e+00
-1.072112e+00
-3.902564e-01
5.033357e-01
1.124375e+00
1.136166e+00
5.320833e-01
-3.604647e-01
-1.057509e+00
-1.181354e+00
-6.646208e-01
2.125711e-01
9.746208e-01
1.208634e+00
7.875732e-01
-6.040319e-02
-8.754141e-01
-1.215896e+00
-8.971089e-01
-9.187606e-02
7.631205e-01
1.204648e+00
9.933171e-01
2.435657e-01
-6.379018e-01
-1.173460e+00
-1.072816e+00
-3.904584e-01
5.034411e-01
1.124461e+00
1.136102e+00
5.319853e-01
-3.602434e-01
-1.056833e+00
-1.180442e+00
-6.640549e-01
2.122829e-01
9.733094e-01
1.206840e+00
7.863331e-01
-6.023537e-02
-8.736171e-01
-1.213225e+00
-8.950505e-01
-9.168448e-02
7.610131e-01
1.201157e+00
9.903156e-01
2.428647e-01
-6.356889e-01
-1.169241e+00
-1.068809e+00
-3.890223e-01
5.013471e-01
1.119648e+00
1.131073e+00
5.296136e-01
-3.584732e-01
-1.051574e+00
-1.174403e+00
-6.605797e-01
2.110443e-01
9.678040e-01
1.199842e+00
7.816638e-01
-5.977053e-02
-8.680642e-01
-1.205368e+00
-8.891412e-01
-9.114686e-02
7.556711e-01
1.192584e+00
9.830890e-01
2.411004e-01
-6.307539e-01
-1.160102e+00
-1.060299e+00
-3.858991e-01
4.970981e-01
1.110169e+00
1.121337e+00
5.249978e-01
-3.551999e-01
-1.041988e+00
-1.163529e+00
-6.543882e-01
2.089949e-01
9.583334e-01
1.187973e+00
7.738387e-01
-5.913786e-02
-8.590109e-01
-1.192684e+00
-8.796675e-01
-9.018747e-02
7.473053e-01
1.179285e+00
9.720337e-01
2.383841e-01
-6.234114e-01
-1.146470e+00
-1.047720e+00
-3.812952e-01
4.910477e-01
1.096465e+00
1.107375e+00
5.184068e-01
-3.506257e-01
-1.028506e+00
-1.148359e+00
-6.457938e-01
2.061553e-01
9.454142e-01
1.171821e+00
7.632393e-01
-5.827203e-02
-8.469397e-01
-1.175802e+00
-8.671078e-01
-8.893402e-02
7.364030e-01
1.161964e+00
9.576740e-01
2.348569e-01
-6.139942e-01
-1.129010e+00
-1.031688e+00
-3.754155e-01
4.833577e-01
1.079211e+00
1.089867e+00
5.101688e-01
-3.449540e-01
-1.011797e+00
-1.129628e+00
-6.352360e-01
2.027306e-01
9.296213e-01
1.152152e+00
7.504033e-01
-5.725175e-02
-8.324077e-01
-1.155510e+00
-8.521139e-01
-8.740433e-02
7.234423e-01
1.141416e+00
9.406737e-01
2.307283e-01
-6.029047e-01
-1.108569e+00
-1.012918e+00
-3.686270e-01
4.744157e-01
1.059251e+00
1.069627e+00
5.007085e-01
-3.384462e-01
-9.926978e-01
-1.108213e+00
-6.231426e-01
1.987653e-01
9.117344e-01
1.129916e+00
7.358699e-01
-5.605325e-02
-8.160906e-01
-1.132826e+00
-8.353156e-01
-8.574247e-02
7.090217e-01
1.118643e+00
9.218511e-01
2.261288e-01
-5.906880e-01
-1.086126e+00
-9.923710e-01
-3.611345e-01
4.646688e-01
1.037531e+00
1.047646e+00
4.904032e-01
-3.313636e-01
-9.720753e-01
-1.085169e+00
-6.101714e-01
1.945757e-01
8.925896e-01
1.106169e+00
7.203978e-01
-5.484435e-02
-7.987755e-01
-1.108790e+00
-8.175906e-01
-8.393953e-02
6.938808e-01
1.094751e+00
9.021494e-01
2.213125e-01
-5.779798e-01
-1.062748e+00
-9.710164e-01
-3.533717e-01
4.546145e-01
1.015089e+00
1.024986e+00
4.798038e-01
-3.241503e-01
-9.509508e-01
-1.061597e+00
-5.969389e-01
1.903446e-01
8.731493e-01
1.082101e+00
7.047237e-01
-5.361764e-02
-7.813505e-01
-1.084612e+00
-7.997705e-01
-8.212173e-02
6.787235e-01
1.070879e+00
8.825160e-01
2.165289e-01
-5.653547e-01
-1.039588e+00
-9.498800e-01
-3.456951e-01
4.447191e-01
9.930171e-01
1.002760e+00
4.694168e-01
-3.170915e-01
-9.303505e-01
-1.038634e+00
-5.840926e-01
1.862338e-01
8.543253e-01
1.058822e+00
6.896303e-01
-5.242805e-02
-7.645937e-01
-1.061421e+00
-7.827524e-01
-8.042422e-02
6.643000e-01
1.048173e+00
8.638628e-01
2.120141e-01
-5.534321e-01
-1.017731e+00
-9.299897e-01
-3.385145e-01
4.354252e-01
9.723871e-01
9.819781e-01
4.597857e-01
-3.105139e-01
-9.112325e-01
-1.017384e+00
-5.721789e-01
1.823695e-01
8.370235e-01
1.037476e+00
6.757934e-01
-5.133054e-02
-7.493429e-01
-1.040345e+00
-7.672744e-01
-7.886484e-02
6.512427e-01
1.027729e+00
8.471075e-01
2.079389e-01
-5.427480e-01
-9.982640e-01
-9.122869e-01
-3.321210e-01
4.271975e-01
9.541676e-01
9.637036e-01
4.512849e-01
-3.047783e-01
-8.945277e-01
-9.988744e-01
-5.618409e-01
1.791066e-01
8.220579e-01
1.019090e+00
6.639198e-01
-5.040976e-02
-7.362857e-01
-1.022396e+00
-7.541518e-01
-7.752822e-02
6.402527e-01
1.010542e+00
8.330493e-01
2.045202e-01
-5.338492e-01
-9.820791e-01
-8.976554e-01
-3.268518e-01
4.204506e-01
9.392376e-01
9.488137e-01
4.443775e-01
-3.001224e-01
-8.810487e-01
-9.840142e-01
-5.535821e-01
1.764824e-01
8.101902e-01
1.004548e+00
6.545575e-01
-4.970877e-02
-7.261111e-01
-1.008434e+00
-7.440143e-01
-7.650794e-02
6.318142e-01
9.974294e-01
8.224277e-01
2.019331e-01
-5.271750e-01
-9.699857e-01
-8.867798e-01
-3.229459e-01
4.154858e-01
9.283352e-01
9.379722e-01
4.394246e-01
-2.967898e-01
-8.714592e-01
-9.734787e-01
-5.477930e-01
1.746379e-01
8.019700e-01
9.945497e-01
6.481952e-01
-4.922165e-02
-7.192795e-01
-9.991655e-01
-7.373208e-01
-7.588418e-02
6.263712e-01
9.890206e-01
8.156584e-01
2.003663e-01
-5.230211e-01
-9.625704e-01
-8.801977e-01
-3.206514e-01
4.125259e-01
9.219878e-01
9.317495e-01
4.366088e-01
-2.948873e-01
-8.661870e-01
-9.678159e-01
-5.447262e-01
1.736547e-01
7.977819e-01
9.895820e-01
6.450928e-01
-4.892314e-02
-7.161013e-01
-9.949997e-01
-7.344144e-01
-7.560349e-02
6.241198e-01
9.857206e-01
8.131218e-01
1.997915e-01
-5.215686e-01
-9.601749e-01
-8.781958e-01
-3.199994e-01
4.117552e-01
9.204715e-01
9.304307e-01
4.360964e-01
-2.945963e-01
-8.654934e-01
-9.672679e-01
-5.445451e-01
1.735998e-01
7.978102e-01
9.898656e-01
6.454344e-01
-4.894839e-02
-7.167488e-01
-9.961403e-01
-7.354228e-01
-7.574755e-02
6.252232e-01
9.876944e-01
8.149278e-01
2.002861e-01
-5.229483e-01
-9.629046e-01
-8.809002e-01
-3.210642e-01
4.131764e-01
9.238754e-01
9.340946e-01
4.379083e-01
-2.958601e-01
-8.694231e-01
-9.718911e-01
-5.472584e-01
1.744983e-01
8.021051e-01
9.954185e-01
6.492200e-01
-4.924987e-02
-7.212042e-01
-1.002543e+00
-7.403386e-01
-7.628071e-02
6.296163e-01
9.948393e-01
8.210212e-01
2.018336e-01
-5.270517e-01
-9.706629e-01
-8.881981e-01
-3.238281e-01
4.167333e-01
9.320317e-01
9.425449e-01
4.420028e-01
-2.986299e-01
-8.778037e-01
-9.814360e-01
-5.527950e-01
1.762611e-01
8.104234e-01
1.005938e+00
6.562223e-01
-4.972957e-02
-7.292432e-01
-1.013895e+00
-7.488662e-01
-7.722823e-02
6.370775e-01
1.006829e+00
8.310637e-01
2.043954e-01
-5.336665e-01
-9.830519e-01
-8.997004e-01
-3.281052e-01
4.222194e-01
9.445573e-01
9.553883e-01
4.481007e-01
-3.027452e-01
-8.901867e-01
-9.954512e-01
-5.607879e-01
1.787977e-01
8.223801e-01
1.020952e+00
6.661267e-01
-5.047659e-02
-7.404158e-01
-1.029664e+00
-7.606329e-01
-7.848168e-02
6.471987e-01
1.023060e+00
8.446081e-01
2.077815e-01
-5.424584e-01
-9.994700e-01
-9.148547e-01
-3.336908e-01
4.294297e-01
9.608239e-01
9.719832e-01
4.559779e-01
-3.080797e-01
-9.059781e-01
-1.013286e+00
-5.709017e-01
1.819566e-01
8.373428e-01
1.039714e+00
6.784607e-01
-5.140925e-02
-7.542795e-01
-1.049058e+00
-7.750624e-01
-7.999799e-02
6.595877e-01
1.042760e+00
8.609846e-01
2.118478e-01
-5.530712e-01
-1.019123e+00
-9.329867e-01
-3.403397e-01
4.379543e-01
9.800638e-01
9.915914e-01
4.652124e-01
-3.143173e-01
-9.244576e-01
-1.034054e+00
-5.826906e-01
1.857392e-01
8.546876e-01
1.061332e+00
6.926630e-01
-5.244141e-02
-7.701065e-01
-1.071181e+00
-7.915177e-01
-8.172223e-02
6.735895e-01
1.064985e+00
8.794240e-01
2.164175e-01
-5.649478e-01
-1.041088e+00
-9.531621e-01
-3.477921e-01
4.474399e-01
1.001374e+00
1.013197e+00
4.754286e-01
-3.211801e-01
-9.447117e-01
-1.056762e+00
-5.955622e-01
1.897877e-01
8.735057e-01
1.084762e+00
7.079880e-01
-5.355377e-02
-7.871558e-01
-1.094933e+00
-8.090971e-01
-8.362319e-02
6.885447e-01
1.088685e+00
8.990143e-01
2.213051e-01
-5.774778e-01
-1.064287e+00
-9.744277e-01
-3.555861e-01
4.573486e-01
1.023684e+00
1.035799e+00
4.860532e-01
-3.282641e-01
-9.657516e-01
-1.080329e+00
-6.088408e-01
1.939312e-01
8.928911e-01
1.108866e+00
7.237423e-01
-5.471366e-02
-8.045690e-01
-1.119197e+00
-8.270360e-01
-8.550188e-02
7.036812e-01
1.112667e+00
9.188230e-01
2.261897e-01
-5.901430e-01
-1.087596e+00
-9.957705e-01
-3.633785e-01
4.672842e-01
1.045926e+00
1.058299e+00
4.966006e-01
-3.353378e-01
-9.865582e-01
-1.103589e+00
-6.219366e-01
1.980242e-01
9.119364e-01
1.132509e+00
7.391475e-01
-5.583939e-02
-8.215321e-01
-1.142785e+00
-8.444477e-01
-8.732414e-02
7.183364e-01
1.135808e+00
9.379113e-01
2.309005e-01
-6.022616e-01
-1.109925e+00
-1.016176e+00
-3.708294e-01
4.767222e-01
1.067045e+00
1.079637e+00
5.066163e-01
-3.420046e-01
-1.006165e+00
-1.125467e+00
-6.343033e-01
2.018766e-01
9.297223e-01
1.154532e+00
7.535043e-01
-5.687601e-02
-8.372641e-01
-1.164581e+00
-8.605108e-01
-8.902758e-02
7.317872e-01
1.156999e+00
9.553438e-01
2.352341e-01
-6.132590e-01
-1.130166e+00
-1.034616e+00
-3.776046e-01
4.852334e-01
1.086034e+00
1.098751e+00
5.155954e-01
-3.479495e-01
-1.023594e+00
-1.144867e+00
-6.451864e-01
2.052286e-01
9.453860e-01
1.173881e+00
7.660685e-01
-5.773144e-02
-8.509511e-01
-1.183510e+00
-8.744206e-01
-9.054390e-02
7.433668e-01
1.175205e+00
9.702887e-01
2.389217e-01
-6.226079e-01
-1.147352e+00
-1.050254e+00
-3.832867e-01
4.923338e-01
1.101950e+00
1.114726e+00
5.230523e-01
-3.528282e-01
-1.038030e+00
-1.160877e+00
-6.541521e-01
2.079879e-01
9.581254e-01
1.189610e+00
7.762461e-01
-5.843985e-02
-8.619217e-01
-1.198675e+00
-8.855338e-01
-9.171418e-02
7.524736e-01
1.189544e+00
9.820093e-01
2.418029e-01
-6.298969e-01
-1.160642e+00
-1.062298e+00
-3.876589e-01
4.977501e-01
1.114022e+00
1.126820e+00
5.286764e-01
-3.564831e-01
-1.048732e+00
-1.172742e+00
-6.607431e-01
2.099973e-01
9.674060e-01
1.200981e+00
7.835722e-01
-5.893588e-02
-8.697023e-01
-1.209356e+00
-8.933114e-01
-9.254882e-02
7.587765e-01
1.199342e+00
9.899978e-01
2.437528e-01
-6.347340e-01
-1.169434e+00
-1.070208e+00
-3.905030e-01
5.012595e-01
1.121693e+00
1.134443e+00
5.321858e-01
-3.587360e-01
-1.055244e+00
-1.179860e+00
-6.647024e-01
2.111438e-01
9.727451e-01
1.207440e+00
7.877068e-01
-5.918539e-02
-8.738993e-01
-1.215005e+00
-8.973970e-01
-9.299585e-02
7.618982e-01
1.204121e+00
9.937923e-01
2.447301e-01
-6.369082e-01
-1.173273e+00
-1.073582e+00
-3.917326e-01
5.025961e-01
1.124580e+00
1.137193e+00
5.334556e-01
-3.593850e-01
-1.057215e+00
-1.181899e+00
-6.657643e-01
2.113384e-01
9.738752e-01
1.208668e+00
7.884033e-01
-5.914232e-02
-8.742854e-01
-1.215386e+00
-8.975396e-01
-9.307753e-02
7.616576e-01
1.203641e+00
9.932681e-01
2.445890e-01
-6.362414e-01
-1.171978e+00
-1.072240e+00
-3.912084e-01
5.016961e-01
1.122547e+00
1.134984e+00
5.323536e-01
-3.585029e-01
-1.054543e+00
-1.178756e+00
-6.639138e-01
2.106656e-01
9.707164e-01
1.204618e+00
7.856588e-01
-5.887796e-02
-8.708384e-01
-1.210468e+00
-8.937941e-01
-9.272110e-02
7.581602e-01
1.197935e+00
9.884043e-01
2.433964e-01
-6.328538e-01
-1.165614e+00
-1.066261e+00
-3.890074e-01
4.987050e-01
1.115680e+00
1.127892e+00
5.289675e-01
-3.561207e-01
-1.047394e+00
-1.170604e+00
-6.592520e-01
2.091003e-01
9.634942e-01
1.195483e+00
7.795921e-01
-5.836559e-02
-8.637692e-01
-1.200482e+00
-8.863283e-01
-9.195477e-02
7.515187e-01
1.187279e+00
9.795187e-01
2.411969e-01
-6.269014e-01
-1.154486e+00
-1.055964e+00
-3.852174e-01
4.936660e-01
1.104331e+00
1.116274e+00
5.235082e-01
-3.522772e-01
-1.036078e+00
-1.157806e+00
-6.520046e-01
2.067063e-01
9.524953e-01
1.181681e+00
7.705565e-01
-5.763937e-02
-8.533778e-01
-1.185913e+00
-8.754691e-01
-9.089884e-02
7.420302e-01
1.172173e+00
9.669397e-01
2.381420e-01
-6.186204e-01
-1.139133e+00
-1.041808e+00
-3.800521e-01
4.868923e-01
1.089028e+00
1.100693e+00
5.161583e-01
-3.471906e-01
-1.021151e+00
-1.141010e+00
-6.424894e-01
2.035756e-01
9.382678e-01
1.163927e+00
7.588923e-01
-5.666958e-02
-8.402032e-01
-1.167466e+00
-8.617643e-01
-8.949837e-02
7.301655e-01
1.153361e+00
9.513325e-01
2.343119e-01
-6.084012e-01
-1.120302e+00
-1.024478e+00
-3.737269e-01
4.785890e-01
1.070511e+00
1.081886e+00
5.073129e-01
-3.411372e-01
-1.003308e+00
-1.120998e+00
-6.311727e-01
1.999489e-01
9.214710e-01
1.143030e+00
7.452128e-01
-5.560771e-02
-8.247979e-01
-1.146018e+00
-8.458779e-01
-8.786324e-02
7.165246e-01
1.131740e+00
9.334426e-01
2.299055e-01
-5.967919e-01
-1.098867e+00
-1.004822e+00
-3.665330e-01
4.693024e-01
1.049672e+00
1.060791e+00
4.973877e-01
-3.343695e-01
-9.834528e-01
-1.098749e+00
-6.186129e-01
1.959168e-01
9.029722e-01
1.120016e+00
7.301803e-01
-5.443891e-02
-8.079803e-01
-1.122621e+00
-8.285835e-01
-8.607514e-02
7.017431e-01
1.108357e+00
9.141478e-01
2.251560e-01
-5.843243e-01
-1.075901e+00
-9.838137e-01
-3.589024e-01
4.593937e-01
1.027529e+00
1.038380e+00
4.869191e-01
-3.272394e-01
-9.625095e-01
-1.075351e+00
-6.054517e-01
