4,660861e-01
1,030190e+00
1,035563e+00
4,801648e-01
-3,342563e-01
-9,660216e-01
-1,073458e+00
-5,991719e-01
1,989302e-01
8,878712e-01
1,094982e+00
7,088111e-01
-6,056805e-02
-7,955293e-01
-1,098316e+00
-8,056158e-01
-7,694341e-02
6,921181e-01
1,085168e+00
8,899541e-01
2,131469e-01
-5,777251e-01
-1,054229e+00
-9,588316e-01
-3,441632e-01
4,559105e-01
1,007733e+00
1,013008e+00
4,697324e-01
-3,269312e-01
-9,449251e-01
-1,050038e+00
-5,861266e-01
1,945669e-01
8,685088e-01
1,071133e+00
6,933948e-01
-5,919923e-02
-7,781770e-01
-1,074424e+00
-7,881255e-01
-7,529548e-02
6,770670e-01
1,061634e+00
8,707119e-01
2,085624e-01
-5,652068e-01
-1,031462e+00
-9,381879e-01
-3,367713e-01
4,460824e-01
9,860966e-01
9,913225e-01
4,597230e-01
-3,199267e-01
-9,247744e-01
-1,027708e+00
-5,737152e-01
1,904218e-01
8,501455e-01
1,048558e+00
6,788470e-01
-5,792543e-02
-7,618789e-01
-1,052015e+00
-7,717442e-01
-7,376781e-02
6,630611e-01
1,039749e+00
8,528356e-01
2,043313e-01
-5,536490e-01
-1,010467e+00
-9,191685e-01
-3,300058e-01
4,370915e-01
9,663304e-01
9,715681e-01
4,506075e-01
-3,135592e-01
-9,065329e-01
-1,007546e+00
-5,625211e-01
1,867014e-01
8,336915e-01
1,028386e+00
6,658819e-01
-5,678821e-02
-7,474142e-01
-1,032164e+00
-7,572944e-01
-7,240493e-02
6,507402e-01
1,020590e+00
8,372263e-01
2,006286e-01
-5,435878e-01
-9,922845e-01
-9,027634e-01
-3,241520e-01
4,293715e-01
9,494013e-01
9,546702e-01
4,428578e-01
-3,081582e-01
-8,910854e-01
-9,905252e-01
-5,531057e-01
1,835733e-01
8,199246e-01
1,011570e+00
6,550842e-01
-5,585290e-02
-7,354838e-01
-1,015842e+00
-7,454531e-01
-7,131076e-02
6,407205e-01
1,005049e+00
8,246145e-01
1,976638e-01
-5,355426e-01
-9,777545e-01
-8,897062e-01
-3,195304e-01
4,232682e-01
9,361080e-01
9,414645e-01
4,368183e-01
-3,039715e-01
-8,791787e-01
-9,774843e-01
-5,459260e-01
1,811949e-01
8,095159e-01
9,989208e-01
6,470064e-01
-5,515661e-02
-7,266325e-01
-1,003835e+00
-7,367918e-01
-7,050313e-02
6,334741e-01
9,938805e-01
8,156177e-01
1,955601e-01
-5,298684e-01
-9,675953e-01
-8,806530e-01
-3,163533e-01
4,190964e-01
9,270889e-01
9,325924e-01
4,327965e-01
-3,012042e-01
-8,713622e-01
-9,690027e-01
-5,413252e-01
1,796732e-01
8,029583e-01
9,910553e-01
6,420700e-01
-5,471568e-02
-7,213176e-01
-9,967146e-01
-7,317129e-01
-7,005181e-02
6,293602e-01
9,876406e-01
8,106843e-01
1,944318e-01
-5,268412e-01
-9,623086e-01
-8,760209e-01
-3,147855e-01
4,170506e-01
9,227880e-01
9,284607e-01
4,309852e-01
-2,999705e-01
-8,680485e-01
-9,655317e-01
-5,395080e-01
1,790883e-01
8,005800e-01
9,883236e-01
6,404444e-01
-5,456722e-02
-7,197944e-01
-9,948232e-01
-7,305044e-01
-6,996718e-02
6,285466e-01
9,866088e-01
8,100103e-01
1,943353e-01
-5,266200e-01
-9,621289e-01
-8,760655e-01
-3,148686e-01
4,172213e-01
9,233967e-01
9,292772e-01
4,314871e-01
-3,003461e-01
-8,693595e-01
-9,672123e-01
-5,405977e-01
1,794564e-01
8,024714e-01
9,908905e-01
6,422616e-01
-5,471568e-02
-7,221000e-01
-9,982512e-01
-7,331990e-01
-7,026559e-02
6,310987e-01
9,908370e-01
8,136624e-01
1,952736e-01
-5,291855e-01
-9,670623e-01
-8,807509e-01
-3,166472e-01
4,195967e-01
9,288912e-01
9,350391e-01
4,342544e-01
-3,023088e-01
-8,752593e-01
-9,739851e-01
-5,445038e-01
1,807599e-01
8,085598e-01
9,986328e-01
6,474221e-01
-5,513434e-02
-7,281543e-01
-1,006834e+00
-7,396586e-01
-7,091140e-02
6,368902e-01
1,000128e+00
8,214894e-01
1,972006e-01
-5,344440e-01
-9,768816e-01
-8,898739e-01
-3,200069e-01
4,240788e-01
9,390223e-01
9,454269e-01
4,391744e-01
-3,057501e-01
-8,854349e-01
-9,855236e-01
-5,510554e-01
1,829349e-01
8,185468e-01
1,011156e+00
6,556736e-01
-5,582172e-02
-7,376588e-01
-1,020191e+00
-7,496026e-01
-7,191797e-02
6,456064e-01
1,014039e+00
8,330842e-01
2,000333e-01
-5,421269e-01
-9,911117e-01
-9,029995e-01
-3,248022e-01
4,304359e-01
9,532821e-01
9,599539e-01
4,460022e-01
-3,105053e-01
-8,994319e-01
-1,001262e+00
-5,599587e-01
1,858819e-01
8,319381e-01
1,027872e+00
6,666138e-01
-5,673328e-02
-7,501504e-01
-1,037623e+00
-7,625381e-01
-7,318881e-02
6,568806e-01
1,031899e+00
8,478607e-01
2,036261e-01
-5,518571e-01
-1,009071e+00
-9,195025e-01
-3,307971e-01
4,383445e-01
9,709847e-01
9,778971e-01
4,544170e-01
-3,163577e-01
-9,165422e-01
-1,020430e+00
-5,707652e-01
1,894316e-01
8,480938e-01
1,047973e+00
6,797556e-01
-5,783487e-02
-7,650100e-01
-1,058323e+00
-7,778356e-01
-7,471648e-02
6,701190e-01
1,052814e+00
8,651728e-01
2,078246e-01
-5,631714e-01
-1,029877e+00
-9,385561e-01
-3,376991e-01
4,474467e-01
9,912765e-01
9,984472e-01
4,640121e-01
-3,230162e-01
-9,359565e-01
-1,042143e+00
-5,829688e-01
1,934505e-01
8,662477e-01
1,070485e+00
6,944088e-01
-5,905374e-02
-7,815516e-01
-1,081282e+00
-7,947900e-01
-7,637332e-02
6,847172e-01
1,075832e+00
8,841151e-01
2,124239e-01
-5,755219e-01
-1,052544e+00
-9,592666e-01
-3,451950e-01
4,572927e-01
1,013194e+00
1,020570e+00
4,743436e-01
-3,301588e-01
-9,567353e-01
-1,065329e+00
-5,959948e-01
1,977009e-01
8,855047e-01
1,094340e+00
7,099127e-01
-6,033348e-02
-7,989573e-01
-1,105404e+00
-8,125401e-01
-7,813556e-02
6,999435e-01
1,099819e+00
9,038472e-01
2,171821e-01
-5,883179e-01
-1,075965e+00
-9,806421e-01
-3,529209e-01
4,674149e-01
1,035662e+00
1,043204e+00
4,848874e-01
-3,374260e-01
-9,778793e-01
-1,088864e+00
-6,091634e-01
2,020167e-01
9,049592e-01
1,118379e+00
7,255087e-01
-6,161322e-02
-8,163927e-01
-1,129523e+00
-8,302635e-01
-7,987999e-02
7,150807e-01
1,123598e+00
9,233803e-01
2,219151e-01
-6,009238e-01
-1,099024e+00
-1,001624e+00
-3,604985e-01
4,773128e-01
1,057608e+00
1,065286e+00
4,951446e-01
-3,444735e-01
-9,983566e-01
-1,111633e+00
-6,218985e-01
2,061499e-01
9,236357e-01
1,141434e+00
7,404647e-01
-6,282467e-02
-8,330100e-01
-1,152471e+00
-8,470976e-01
-8,155019e-02
7,293954e-01
1,146054e+00
9,417911e-01
2,263541e-01
-6,127384e-01
-1,120614e+00
-1,021229e+00
-3,675534e-01
4,864997e-01
1,077980e+00
1,085737e+00
5,046432e-01
-3,509761e-01
-1,017192e+00
-1,132544e+00
-6,335750e-01
2,099357e-01
9,406762e-01
1,162404e+00
7,540119e-01
-6,391587e-02
-8,480284e-01
-1,173145e+00
-8,622541e-01
-8,304520e-02
7,421899e-01
1,166085e+00
9,581902e-01
2,303032e-01
-6,232005e-01
-1,139676e+00
-1,038514e+00
-3,737813e-01
4,945567e-01
1,095774e+00
1,103563e+00
5,129066e-01
-3,565998e-01
-1,033483e+00
-1,150560e+00
-6,436244e-01
2,131633e-01
9,552299e-01
1,180286e+00
7,655652e-01
-6,484079e-02
-8,606878e-01
-1,190564e+00
-8,749505e-01
-8,430564e-02
7,528539e-01
1,182746e+00
9,717715e-01
2,335901e-01
-6,318009e-01
-1,155297e+00
-1,052649e+00
-3,788602e-01
5,010816e-01
1,110165e+00
1,117949e+00
5,195518e-01
-3,610804e-01
-1,046433e+00
-1,164846e+00
-6,515449e-01
2,156797e-01
9,666110e-01
1,194218e+00
7,745041e-01
-6,553411e-02
-8,704002e-01
-1,203867e+00
-8,846392e-01
-8,527807e-02
7,608693e-01
1,195214e+00
9,818966e-01
2,360249e-01
-6,381180e-01
-1,166739e+00
-1,062961e+00
-3,825480e-01
5,057611e-01
1,120432e+00
1,128139e+00
5,242372e-01
-3,641952e-01
-1,055412e+00
-1,174706e+00
-6,569920e-01
2,173825e-01
9,742627e-01
1,203518e+00
7,804515e-01
-6,596168e-02
-8,767054e-01
-1,212437e+00
-8,908167e-01
-8,591200e-02
7,658473e-01
1,202887e+00
9,880727e-01
2,375259e-01
-6,418592e-01
-1,173442e+00
-1,068903e+00
-3,846770e-01
5,083562e-01
1,126081e+00
1,133675e+00
5,267640e-01
-3,657956e-01
-1,060007e+00
-1,179653e+00
-6,596836e-01
2,181664e-01
9,778169e-01
1,207739e+00
7,830882e-01
-6,611756e-02
-8,792856e-01
-1,215839e+00
-8,932143e-01
-8,618072e-02
7,675516e-01
1,205424e+00
9,900205e-01
2,379846e-01
-6,428153e-01
-1,175071e+00
-1,070252e+00
-3,851283e-01
5,087526e-01
1,126852e+00
1,134297e+00
5,269956e-01
-3,658134e-01
-1,059977e+00
-1,179468e+00
-6,594980e-01
2,179987e-01
9,771013e-01
1,206698e+00
7,823043e-01
-6,597355e-02
-8,780148e-01
-1,213937e+00
-8,916718e-01
-8,607680e-02
7,658918e-01
1,202685e+00
9,876362e-01
2,374249e-01
-6,409774e-01
-1,171576e+00
-1,066913e+00
-3,839050e-01
5,069221e-01
1,122701e+00
1,129964e+00
5,249350e-01
-3,642248e-01
-1,055342e+00
-1,174145e+00
-6,564382e-01
2,168807e-01
9,721531e-01
1,200405e+00
7,781399e-01
-6,556083e-02
-8,729582e-01
-1,206781e+00
-8,863405e-01
-8,558093e-02
7,609673e-01
1,194782e+00
9,810222e-01
2,358364e-01
-6,364121e-01
-1,163086e+00
-1,059048e+00
-3,810560e-01
5,029626e-01
1,113833e+00
1,120881e+00
5,206682e-01
-3,611324e-01
-1,046308e+00
-1,163939e+00
-6,506704e-01
2,148839e-01
9,631949e-01
1,189209e+00
7,707940e-01
-6,487790e-02
-8,643563e-01
-1,194750e+00
-8,773586e-01
-8,475697e-02
7,529905e-01
1,182126e+00
9,705230e-01
2,333170e-01
-6,293216e-01
-1,150046e+00
-1,047043e+00
-3,767105e-01
4,970627e-01
1,100677e+00
1,107504e+00
5,144239e-01
-3,566622e-01
-1,033316e+00
-1,149362e+00
-6,424590e-01
2,120735e-01
9,506810e-01
1,173629e+00
7,606407e-01
-6,395447e-02
-8,526174e-01
-1,178407e+00
-8,652886e-01
-8,360936e-02
7,423472e-01
1,165304e+00
9,566061e-01
2,299914e-01
-6,200784e-01
-1,133071e+00
-1,031483e+00
-3,711031e-01
4,894897e-01
1,083840e+00
1,090479e+00
5,064856e-01
-3,510325e-01
-1,016983e+00
-1,131086e+00
-6,321958e-01
2,086070e-01
9,351920e-01
1,154410e+00
7,481061e-01
-6,283804e-02
-8,383160e-01
-1,158553e+00
-8,506235e-01
-8,223311e-02
7,295557e-01
1,145148e+00
9,399932e-01
2,260023e-01
-6,091085e-01
-1,112957e+00
-1,013111e+00
-3,644817e-01
4,806265e-01
1,064167e+00
1,070597e+00
4,972246e-01
-3,445046e-01
-9,981013e-01
-1,110016e+00
-6,203738e-01
2,046415e-01
9,174834e-01
1,132485e+00
7,338507e-01
-6,159095e-02
-8,221233e-01
-1,136122e+00
-8,341502e-01
-8,066239e-02
7,152381e-01
1,122606e+00
9,214503e-01
2,215662e-01
-5,969495e-01
-1,090701e+00
-9,927952e-01
-3,571774e-01
4,708963e-01
1,042586e+00
1,048841e+00
4,871410e-01
-3,374200e-01
-9,775957e-01
-1,087167e+00
-6,076031e-01
2,003777e-01
8,984105e-01
1,108912e+00
7,185799e-01
-6,025628e-02
-8,048512e-01
-1,112224e+00
-8,165560e-01
-7,899664e-02
7,000638e-01
1,098796e+00
9,018815e-01
2,168837e-01
-5,841773e-01
-1,067369e+00
-9,715503e-01
-3,495390e-01
4,607400e-01
1,020136e+00
1,026260e+00
4,766581e-01
-3,300845e-01
-9,564250e-01
-1,063628e+00
-5,944449e-01
1,959966e-01
8,788863e-01
1,084815e+00
7,029781e-01
-5,890973e-02
-7,872926e-01
-1,087985e+00
-7,987747e-01
-7,729378e-02
6,847796e-01
1,074825e+00
8,822341e-01
2,121983e-01
-5,713902e-01
-1,044064e+00
-9,503633e-01
-3,419452e-01
4,506787e-01
9,979142e-01
1,003934e+00
4,663162e-01
-3,228797e-01
-9,356121e-01
-1,040544e+00
-5,815985e-01
1,917194e-01
8,598534e-01
1,061380e+00
6,878023e-01
-5,759733e-02
-7,703011e-01
-1,064580e+00
-7,816570e-01
-7,566664e-02
6,701071e-01
1,051868e+00
8,634418e-01
2,077236e-01
-5,592357e-01
-1,021934e+00
-9,302972e-01
-3,347670e-01
4,411683e-01
9,769677e-01
9,829388e-01
4,566113e-01
-3,161306e-01
-9,161784e-01
-1,019008e+00
-5,696176e-01
1,877540e-01
8,422147e-01
1,039702e+00
6,738468e-01
-5,640666e-02
-7,547171e-01
-1,043143e+00
-7,659809e-01
-7,418202e-02
6,567678e-01
1,031023e+00
8,464339e-01
2,036617e-01
-5,482732e-01
-1,002036e+00
-9,122709e-01
-3,283356e-01
4,326955e-01
9,583149e-01
9,642920e-01
4,480153e-01
-3,101579e-01
-8,990430e-01
-1,000074e+00
-5,591080e-01
1,842815e-01
8,268429e-01
1,020846e+00
6,617309e-01
-5,536149e-02
-7,412709e-01
-1,024701e+00
-7,525451e-01
-7,290673e-02
6,453778e-01
1,013311e+00
8,320049e-01
2,002515e-01
-5,390389e-01
-9,853127e-01
-8,972065e-01
-3,229702e-01
4,256302e-01
9,428615e-01
9,488906e-01
4,409396e-01
-3,052587e-01
-8,850400e-01
-9,846625e-01
-5,505966e-01
1,814800e-01
8,144419e-01
1,005722e+00
6,520378e-01
-5,453455e-02
-7,306009e-01
-1,010134e+00
-7,420013e-01
-7,190906e-02
6,364983e-01
9,995710e-01
8,208807e-01
1,976148e-01
-5,319721e-01
-9,726059e-01
-8,857764e-01
-3,189187e-01
4,203494e-01
9,313260e-01
9,374679e-01
4,357286e-01
-3,016719e-01
-8,748288e-01
-9,734952e-01
-5,444518e-01
1,794609e-01
8,056455e-01
9,950548e-01
6,452486e-01
-5,395110e-02
-7,232402e-01
-1,000154e+00
-7,348276e-01
-7,124544e-02
6,305687e-01
9,904614e-01
8,135838e-01
1,959194e-01
-5,274173e-01
-9,644835e-01
-8,785745e-01
-3,164037e-01
4,170684e-01
9,242874e-01
9,305852e-01
4,326332e-01
-2,995533e-01
-8,689215e-01
-9,671143e-01
-5,410194e-01
1,783489e-01
8,008487e-01
9,893628e-01
6,417108e-01
-5,363487e-02
-7,195212e-01
-9,952582e-01
-7,313818e-01
-7,094258e-02
6,278444e-01
9,864203e-01
8,104408e-01
1,952320e-01
-5,255689e-01
-9,613554e-01
-8,759393e-01
-3,155442e-01
4,159698e-01
9,220813e-01
9,285706e-01
4,317959e-01
-2,990099e-01
-8,675749e-01
-9,658538e-01
-5,404359e-01
1,781648e-01
8,002964e-01
9,889085e-01
6,415653e-01
-5,361706e-02
-7,196370e-01
-9,956442e-01
-7,318331e-01
-7,102423e-02
6,284858e-01
9,876614e-01
8,116523e-01
1,955750e-01
-5,265517e-01
-9,633819e-01
-8,779940e-01
-3,163622e-01
4,170966e-01
9,248071e-01
9,315279e-01
4,332938e-01
-3,000640e-01
-8,708782e-01
-9,697376e-01
-5,427504e-01
1,789353e-01
8,040109e-01
9,937157e-01
6,448196e-01
-5,388578e-02
-7,235742e-01
-1,001323e+00
-7,361816e-01
-7,147853e-02
6,324363e-01
9,940972e-01
8,171008e-01
1,969482e-01
-5,302930e-01
-9,704517e-01
-8,846184e-01
-3,188356e-01
4,203865e-01
9,323207e-01
9,393073e-01
4,370069e-01
-3,026755e-01
-8,786502e-01
-9,786097e-01
-5,478338e-01
1,806159e-01
8,118052e-01
1,003562e+00
6,513623e-01
-5,441578e-02
-7,311458e-01
-1,012005e+00
-7,441926e-01
-7,229507e-02
6,395180e-01
1,005434e+00
8,266024e-01
1,992895e-01
-5,366175e-01
-9,822247e-01
-8,955229e-01
-3,228515e-01
4,256822e-01
9,442897e-01
9,515451e-01
4,427969e-01
-3,066884e-01
-8,905331e-01
-9,920188e-01
-5,554662e-01
1,831205e-01
8,233006e-01
1,017968e+00
6,608386e-01
-5,517591e-02
-7,419835e-01
-1,027186e+00
-7,555024e-01
-7,344119e-02
6,493818e-01
1,021117e+00
8,396314e-01
2,024874e-01
-5,452208e-01
-9,981473e-01
-9,101835e-01
-3,282184e-01
4,327356e-01
9,601024e-01
9,676369e-01
4,503625e-01
-3,119365e-01
-9,059286e-01
-1,009341e+00
-5,652528e-01
1,863287e-01
8,379731e-01
1,036243e+00
6,728195e-01
-5,616318e-02
-7,555574e-01
-1,046141e+00
-7,695336e-01
-7,484564e-02
6,615453e-01
1,040395e+00
8,556282e-01
2,063785e-01
-5,556681e-01
-1,017428e+00
-9,278817e-01
-3,346468e-01
4,411890e-01
9,790313e-01
9,868182e-01
4,593608e-01
-3,181452e-01
-9,241345e-01
-1,029736e+00
-5,767245e-01
1,900878e-01
8,550670e-01
1,057513e+00
6,866858e-01
-5,729298e-02
-7,712112e-01
-1,067935e+00
-7,856491e-01
-7,645349e-02
6,754309e-01
1,062356e+00
8,737361e-01
2,108086e-01
-5,674797e-01
-1,039154e+00
-9,477771e-01
-3,418709e-01
4,506476e-01
1,000141e+00
1,008179e+00
4,693434e-01
-3,250294e-01
-9,442303e-01
-1,052216e+00
-5,893794e-01
1,942047e-01
8,738000e-01
1,080732e+00
7,018201e-01
-5,852076e-02
-7,882071e-01
-1,091531e+00
-8,030623e-01
-7,819792e-02
6,903692e-01
1,085906e+00
8,931698e-01
2,155149e-01
-5,800812e-01
-1,062278e+00
-9,689107e-01
-3,495316e-01
4,606435e-01
1,022416e+00
1,030662e+00
4,798426e-01
-3,322461e-01
-9,652778e-01
-1,075692e+00
-6,025598e-01
1,984848e-01
8,932381e-01
1,104801e+00
7,174798e-01
-5,978417e-02
-8,057108e-01
-1,115793e+00
-8,209178e-01
-7,997352e-02
7,056251e-01
1,109953e+00
9,129390e-01
2,203176e-01
-5,928341e-01
-1,085672e+00
-9,902447e-01
-3,572471e-01
4,707063e-01
1,044785e+00
1,053207e+00
4,903552e-01
-3,394347e-01
-9,862495e-01
-1,099048e+00
-6,156542e-01
2,027234e-01
9,124639e-01
1,128567e+00
7,328902e-01
-6,102383e-02
-8,228849e-01
-1,139553e+00
-8,383918e-01
-8,171498e-02
7,204921e-01
1,133303e+00
9,321203e-01
2,249704e-01
-6,051668e-01
-1,108230e+00
-1,010787e+00
-3,646732e-01
4,803444e-01
1,066168e+00
1,074728e+00
5,003556e-01
-3,462788e-01
-1,006127e+00
-1,121151e+00
-6,280404e-01
2,067126e-01
9,305421e-01
1,150867e+00
7,473534e-01
-6,218035e-02
-8,388876e-01
-1,161668e+00
-8,546038e-01
-8,334361e-02
7,342085e-01
1,154840e+00
9,497754e-01
2,292565e-01
-6,164514e-01
-1,128852e+00
-1,029520e+00
-3,714431e-01
4,890814e-01
1,085548e+00
1,094180e+00
5,093984e-01
-3,524088e-01
-1,023966e+00
-1,140957e+00
-6,390711e-01
2,102549e-01
9,465835e-01
1,170639e+00
7,601404e-01
-6,317059e-02
-8,529559e-01
-1,181063e+00
-8,688131e-01
-8,477775e-02
7,461538e-01
1,173533e+00
9,650700e-01
2,329547e-01
-6,261579e-01
-1,146541e+00
-1,045569e+00
-3,772197e-01
4,965001e-01
1,101976e+00
1,110627e+00
5,170175e-01
-3,575619e-01
-1,038908e+00
-1,157477e+00
-6,482728e-01
2,131870e-01
9,598485e-01
1,186921e+00
7,706337e-01
-6,398119e-02
-8,644320e-01
-1,196818e+00
-8,803070e-01
-8,592833e-02
7,557237e-01
1,188485e+00
9,772394e-01
2,359032e-01
-6,338185e-01
-1,160459e+00
-1,058126e+00
-3,817434e-01
5,022544e-01
1,114660e+00
1,123281e+00
5,228758e-01
-3,614575e-01
-1,050213e+00
-1,169940e+00
-6,551985e-01
2,153516e-01
9,696827e-01
1,198939e+00
7,783329e-01
-6,455723e-02
-8,727251e-01
-1,208148e+00
-8,885526e-01
-8,678496e-02
7,624713e-01
1,198966e+00
9,857359e-01
2,379594e-01
-6,390444e-01
-1,169921e+00
-1,066628e+00
-3,847972e-01
5,060506e-01
1,122988e+00
1,131530e+00
5,266690e-01
-3,639368e-01
-1,057358e+00
-1,177740e+00
-6,594980e-01
2,166595e-01
9,756063e-01
1,206111e+00
7,829100e-01
-6,487048e-02
-8,774625e-01
-1,214541e+00
-8,931431e-01
-8,726895e-02
7,660715e-01
1,204478e+00
9,901407e-01
2,390268e-01
-6,415994e-01
-1,174474e+00
-1,070632e+00
-3,862165e-01
5,077164e-01
1,126576e+00
1,134986e+00
5,282190e-01
-3,648662e-01
-1,059989e+00
-1,180499e+00
-6,609693e-01
2,170322e-01
9,773389e-01
1,208086e+00
7,840977e-01
-6,490166e-02
-8,783919e-01
-1,215674e+00
-8,938631e-01
-8,737287e-02
7,663431e-01
1,204737e+00
9,902150e-01
2,390550e-01
-6,413708e-01
-1,173917e+00
-1,069966e+00
-3,859463e-01
5,071478e-01
1,125228e+00
1,133476e+00
5,274752e-01
-3,641907e-01
-1,057976e+00
-1,178110e+00
-6,595500e-01
2,164665e-01
9,748002e-01
1,204772e+00
7,818545e-01
-6,463591e-02
-8,754835e-01
-1,211496e+00
-8,906504e-01
-8,709376e-02
7,632715e-01
1,199757e+00
9,859912e-01
2,380366e-01
-6,383451e-01
-1,168242e+00
-1,064645e+00
-3,839926e-01
5,044086e-01
1,119025e+00
1,127070e+00
5,244436e-01
-3,619519e-01
-1,051415e+00
-1,170638e+00
-6,553039e-01
2,149552e-01
9,680971e-01
1,196337e+00
7,762827e-01
-6,411184e-02
-8,688770e-01
-1,202192e+00
-8,837009e-01
-8,645983e-02
7,569975e-01
1,189767e+00
9,776580e-01
2,360368e-01
-6,326798e-01
-1,157742e+00
-1,054950e+00
-3,804889e-01
4,995910e-01
1,108259e+00
1,116081e+00
5,192771e-01
-3,582582e-01
-1,040628e+00
-1,158480e+00
-6,484212e-01
2,126139e-01
9,575548e-01
1,183178e+00
7,676615e-01
-6,333687e-02
-8,588795e-01
-1,188244e+00
-8,733457e-01
-8,546810e-02
7,478299e-01
1,175245e+00
9,656193e-01
2,331284e-01
-6,246272e-01
-1,142929e+00
-1,041338e+00
-3,755614e-01
4,929533e-01
1,093445e+00
1,101046e+00
5,122489e-01
-3,532728e-01
-1,026125e+00
-1,142224e+00
-6,392700e-01
2,095245e-01
9,437048e-01
1,165936e+00
7,564006e-01
-6,234811e-02
-8,459782e-01
-1,170286e+00
-8,600761e-01
-8,419578e-02
7,362202e-01
1,156892e+00
9,504509e-01
2,294807e-01
-6,146046e-01
-1,124505e+00
-1,024453e+00
-3,694611e-01
4,847968e-01
1,075296e+00
1,082674e+00
5,036812e-01
-3,472512e-01
-1,008608e+00
-1,122640e+00
-6,282690e-01
2,058574e-01
9,271721e-01
1,145436e+00
7,430554e-01
-6,118417e-02
-8,307920e-01
-1,149198e+00
-8,445247e-01
-8,270522e-02
7,227027e-01
1,135589e+00
9,328878e-01
2,252644e-01
-6,030691e-01
-1,103349e+00
-1,005128e+00
-3,624893e-01
4,755179e-01
1,054694e+00
1,061858e+00
4,939866e-01
-3,404620e-01
-9,889278e-01
-1,100663e+00
-6,159422e-01
2,017495e-01
9,087880e-01
1,122658e+00
7,282493e-01
-5,991482e-02
-8,140544e-01
-1,126012e+00
-8,274412e-01
-8,106472e-02
7,079545e-01
1,112370e+00
9,137808e-01
2,206636e-01
-5,905849e-01
-1,080501e+00
-9,842839e-01
-3,549786e-01
4,655754e-01
1,032613e+00
1,039617e+00
4,836522e-01
-3,332468e-01
-9,680199e-01
-1,077377e+00
-6,028954e-01
1,974322e-01
8,894107e-01
1,098723e+00
7,127305e-01
-5,859351e-02
-7,965715e-01
-1,101818e+00
-8,096733e-01
-7,934256e-02
6,926496e-01
1,088350e+00
8,940502e-01
2,159261e-01
-5,777578e-01
-1,057057e+00
-9,629276e-01
-3,472883e-01
4,554236e-01
1,010150e+00
1,016998e+00
4,731499e-01
-3,259484e-01
-9,468982e-01
-1,053870e+00
-5,897713e-01
1,931001e-01
8,700008e-01
1,074763e+00
6,971895e-01
-5,727516e-02
-7,791747e-01
-1,077791e+00
-7,920345e-01
-7,765158e-02
6,775614e-01
1,064664e+00
8,746402e-01
2,112733e-01
-5,651905e-01
-1,034127e+00
-9,420880e-01
-3,398103e-01
4,455613e-01
9,883429e-01
9,951053e-01
4,629877e-01
-3,189113e-01
-9,265708e-01
-1,031317e+00
-5,772025e-01
1,889446e-01
8,514713e-01
1,051934e+00
6,824562e-01
-5,603254e-02
-7,627103e-01
-1,055099e+00
-7,754231e-01
-7,603631e-02
6,633922e-01
1,042493e+00
8,564952e-01
2,069353e-01
-5,534887e-01
-1,012826e+00
-9,227598e-01
-3,328845e-01
4,364605e-01
9,682738e-01
9,749872e-01
4,536940e-01
-3,124725e-01
-9,080249e-01
-1,010771e+00
-5,657680e-01
1,851856e-01
8,347084e-01
1,031351e+00
6,691837e-01
-5,491462e-02
-7,479606e-01
-1,034816e+00
-7,606140e-01
-7,461998e-02
6,508293e-01
1,022880e+00
8,404791e-01
2,031094e-01
-5,432270e-01
-9,941863e-01
-9,059019e-01
-3,268614e-01
4,285668e-01
9,508933e-01
9,576172e-01
4,456830e-01
-3,069541e-01
-8,921424e-01
-9,932421e-01
-5,560407e-01
1,820085e-01
8,205333e-01
1,013993e+00
6,580178e-01
-5,397931e-02
-7,356367e-01
-1,017939e+00
-7,483317e-01
-7,344713e-02
6,404756e-01
1,006777e+00
8,273818e-01
1,999932e-01
-5,348908e-01
-9,791011e-01
-8,923043e-01
-3,220037e-01
4,222304e-01
9,370359e-01
9,438458e-01
4,393555e-01
-3,026190e-01
-8,796998e-01
-9,795613e-01
-5,484796e-01
1,795440e-01
8,096272e-01
1,000702e+00
6,495050e-01
-5,325927e-02
-7,263534e-01
-1,005272e+00
-7,391583e-01
-7,257566e-02
6,328238e-01
9,949524e-01
8,178179e-01
1,977425e-01
-5,288663e-01
-9,682886e-01
-8,826231e-01
-3,185891e-01
4,177840e-01
9,273844e-01
9,343057e-01
4,350204e-01
-2,996424e-01
-8,712820e-01
-9,703968e-01
-5,434675e-01
1,779065e-01
8,025129e-01
9,921049e-01
6,440743e-01
-5,280497e-02
-7,205174e-01
-9,974213e-01
-7,335523e-01
-7,205307e-02
6,282423e-01
9,879762e-01
8,122714e-01
1,964524e-01
-5,254605e-01
-9,622774e-01
-8,773363e-01
-3,167511e-01
4,154383e-01
9,223886e-01
9,294792e-01
4,328722e-01
-2,981919e-01
-8,673136e-01
-9,661804e-01
-5,412628e-01
1,771850e-01
7,995140e-01
9,886324e-01
6,419765e-01
-5,262385e-02
-7,184285e-01
-9,947653e-01
-7,317649e-01
-7,191352e-02
6,269640e-01
9,861827e-01
8,109931e-01
1,962044e-01
-5,248266e-01
-9,613643e-01
-8,766905e-01
-3,166086e-01
4,152913e-01
9,222891e-01
9,295935e-01
4,330355e-01
-2,983404e-01
-8,679550e-01
-9,671202e-01
-5,419205e-01
1,774195e-01
8,008041e-01
9,904510e-01
6,432948e-01
-5,272183e-02
-7,201922e-01
-9,974436e-01
-7,338938e-01
-7,215848e-02
6,290217e-01
9,896671e-01
8,140395e-01
1,970121e-01
-5,270001e-01
-9,655658e-01
-8,807242e-01
-3,181586e-01
4,173520e-01
9,270978e-01
9,346501e-01
4,355089e-01
-3,000551e-01
-8,731927e-01
-9,731864e-01
-5,454242e-01
1,785746e-01
8,062958e-01
9,974599e-01
6,479996e-01
-5,308853e-02
-7,257254e-01
-1,005309e+00
-7,398590e-01
-7,277311e-02
6,343500e-01
9,982616e-01
8,212800e-01
1,988189e-01
-5,318711e-01
-9,747066e-01
-8,892549e-01
-3,213267e-01
4,215238e-01
9,365786e-01
9,444055e-01
4,401394e-01
-3,032797e-01
-8,827849e-01
-9,840731e-01
-5,516492e-01
1,806130e-01
8,157172e-01
1,009335e+00
6,558518e-01
-5,371950e-02
-7,347311e-01
-1,017994e+00
-7,493398e-01
-7,375890e-02
6,426490e-01
1,011539e+00
8,323746e-01
2,015595e-01
-5,391977e-01
-9,883369e-01
-9,018533e-01
-3,259573e-01
4,275959e-01
9,502638e-01
9,583788e-01
4,467400e-01
-3,078390e-01
-8,962459e-01
-9,992504e-01
-5,602749e-01
1,834174e-01
8,286482e-01
1,025488e+00
6,664579e-01
-5,456425e-02
-7,468011e-01
-1,034904e+00
-7,618937e-01
-7,502974e-02
6,535565e-01
1,028866e+00
8,467561e-01
2,050840e-01
-5,486369e-01
-1,005793e+00
-9,179140e-01
-3,318289e-01
4,352728e-01
9,675136e-01
9,759062e-01
4,549856e-01
-3,135117e-01
-9,129360e-01
-1,018013e+00
-5,708587e-01
1,868632e-01
8,444357e-01
1,045167e+00
6,793355e-01
-5,559160e-02
-7,613400e-01
-1,055180e+00
-7,769359e-01
-7,655296e-02
6,665262e-01
1,049417e+00
8,637728e-01
2,092572e-01
-5,597137e-01
-1,026229e+00
-9,366840e-01
-3,386552e-01
4,441984e-01
9,874758e-01
9,961416e-01
4,644902e-01
-3,200277e-01
-9,320505e-01
-1,039421e+00
-5,829302e-01
1,907826e-01
8,623194e-01
1,067409e+00
6,938699e-01
-5,675555e-02
-7,776545e-01
-1,077888e+00
-7,937210e-01
-7,825730e-02
6,809181e-01
1,072181e+00
8,825755e-01
2,138521e-01
-5,719143e-01
-1,048679e+00
-9,572341e-01
-3,461392e-01
4,539122e-01
1,009206e+00
1,018114e+00
4,747726e-01
-3,270693e-01
-9,526659e-01
-1,062482e+00
-5,959162e-01
1,949678e-01
8,814472e-01
1,091147e+00
7,093411e-01
-5,798927e-02
-7,949488e-01
-1,101907e+00
-8,114296e-01
-8,004330e-02
6,960701e-01
1,096091e+00
9,022824e-01
2,186564e-01
-5,846360e-01
-1,072058e+00
-9,786023e-01
-3,538815e-01
4,639869e-01
1,031642e+00
1,040774e+00
4,853402e-01
-3,343008e-01
-9,737965e-01
-1,086047e+00
-6,091486e-01
1,992375e-01
9,008972e-01
1,115230e+00
7,250039e-01
-5,920665e-02
-8,123975e-01
-1,126102e+00
-8,292554e-01
-8,184563e-02
7,112266e-01
1,119969e+00
9,219373e-01
2,234428e-01
-5,972701e-01
-1,095224e+00
-9,997388e-01
-3,615540e-01
4,739012e-01
1,053715e+00
1,063021e+00
4,957340e-01
-3,413617e-01
-9,944120e-01
-1,109010e+00
-6,220128e-01
2,033737e-01
9,197296e-01
1,138490e+00
7,401203e-01
-6,040474e-02
-8,291574e-01
-1,149289e+00
-8,463063e-01
-8,357818e-02
7,256631e-01
1,142678e+00
9,405737e-01
2,279827e-01
-6,091961e-01
-1,117071e+00
-1,019630e+00
-3,687559e-01
4,831875e-01
1,074345e+00
1,083786e+00
5,053974e-01
-3,479133e-01
-1,013522e+00
-1,130264e+00
-6,339313e-01
2,071654e-01
9,370344e-01
1,159845e+00
7,539510e-01
-6,147218e-02
-8,444134e-01
-1,170366e+00
-8,617582e-01
-8,514594e-02
7,386936e-01
1,163112e+00
9,573262e-01
2,320669e-01
-6,198601e-01
-1,136551e+00
-1,037323e+00
-3,751546e-01
4,913944e-01
1,092560e+00
1,102066e+00
5,139176e-01
-3,536454e-01
-1,030214e+00
-1,148771e+00
-6,442509e-01
2,104538e-01
9,519652e-01
1,178235e+00
7,658295e-01
-6,238671e-02
-8,574320e-01
-1,188302e+00
-8,749001e-01
-8,648210e-02
7,496738e-01
1,180303e+00
9,713796e-01
2,354756e-01
-6,287203e-01
-1,152711e+00
-1,051974e+00
-3,804488e-01
4,981168e-01
1,107460e+00
1,116990e+00
5,208152e-01
-3,582730e-01
-1,043664e+00
-1,163645e+00
-6,525470e-01
2,130371e-01
9,638244e-01
1,192775e+00
7,752048e-01
-6,308003e-02
-8,675883e-01
-1,202245e+00
-8,850846e-01
-8,752430e-02
7,580738e-01
1,193406e+00
9,820540e-01
2,380618e-01
-6,353729e-01
-1,164787e+00
-1,062862e+00
-3,843697e-01
5,030502e-01
1,118350e+00
1,127820e+00
5,258347e-01
-3,615867e-01
-1,053240e+00
-1,174171e+00
-6,583727e-01
2,148483e-01
9,720209e-01
1,202774e+00
7,816169e-01
-6,353284e-02
-8,743953e-01
-1,211529e+00
-8,917861e-01
-8,821762e-02
7,634912e-01
1,201803e+00
9,888328e-01
2,397053e-01
-6,394838e-01
-1,172197e+00
-1,069476e+00
-3,867480e-01
5,059467e-01
1,124684e+00
1,134052e+00
5,286911e-01
-3,633964e-01
-1,058475e+00
-1,179859e+00
-6,614800e-01
2,157524e-01
9,761705e-01
1,207750e+00
7,847465e-01
-6,371693e-02
-8,775145e-01
-1,215690e+00
-8,947331e-01
-8,855463e-02
7,656617e-01
1,205083e+00
9,914071e-01
2,403363e-01
-6,408437e-01
-1,174560e+00
-1,071490e+00
-3,874443e-01
5,066623e-01
1,126159e+00
1,135380e+00
5,292716e-01
-3,636310e-01
-1,059116e+00
-1,180413e+00
-6,617160e-01
2,157227e-01
9,760710e-01
1,207455e+00
7,844659e-01
-6,362637e-02
-8,767944e-01
-1,214535e+00
-8,937800e-01
-8,848485e-02
7,644963e-01
1,203093e+00
9,896241e-01
2,399057e-01
-6,393992e-01
-1,171793e+00
-1,068823e+00
-3,864615e-01
5,051584e-01
1,122714e+00
1,131754e+00
5,275182e-01
-3,622874e-01
-1,055130e+00
-1,175816e+00
-6,590615e-01
2,147488e-01
9,717240e-01
1,201922e+00
7,807707e-01
-6,325076e-02
-8,722856e-01
-1,208113e+00
-8,889357e-01
-8,806173e-02
7,600380e-01
1,195924e+00
9,836010e-01
2,384656e-01
-6,352289e-01
-1,164018e+00
-1,061587e+00
-3,838189e-01
5,015047e-01
1,114512e+00
1,123338e+00
5,235320e-01
-3,594191e-01
-1,046726e+00
-1,166283e+00
-6,536545e-01
2,128856e-01
9,633344e-01
1,191402e+00
7,738494e-01
-6,263019e-02
-8,641722e-01
-1,196758e+00
-8,804689e-01
-8,723628e-02
7,524946e-01
1,183912e+00
9,736125e-01
2,360531e-01
-6,285080e-01
-1,151595e+00
-1,050125e+00
-3,796604e-01
4,958928e-01
1,101943e+00
1,110532e+00
5,175327e-01
-3,551523e-01
-1,034270e+00
-1,152272e+00
-6,457667e-01
2,102178e-01
9,513194e-01
1,176389e+00
7,640182e-01
-6,177059e-02
-8,528787e-01
-1,180993e+00
-8,687701e-01
-8,611540e-02
7,422344e-01
1,167661e+00
9,601425e-01
2,327929e-01
-6,195780e-01
-1,135150e+00
-1,035018e+00
-3,741718e-01
4,885752e-01
1,085611e+00
1,093972e+00
5,097963e-01
-3,497112e-01
-1,018393e+00
-1,134476e+00
-6,357144e-01
2,068759e-01
9,362327e-01
1,157644e+00
7,517924e-01
-6,071948e-02
-8,389351e-01
-1,161585e+00
-8,544257e-01
-8,472728e-02
7,297473e-01
1,147937e+00
9,438354e-01
2,288453e-01
-6,088561e-01
-1,115443e+00
-1,016969e+00
-3,676424e-01
4,799139e-01
1,066299e+00
1,074421e+00
5,006704e-01
-3,433362e-01
-9,998501e-01
-1,113740e+00
-6,240601e-01
2,030159e-01
9,188196e-01
1,136043e+00
7,377286e-01
-5,952882e-02
-8,230096e-01
-1,139465e+00
-8,381008e-01
-8,313873e-02
7,156419e-01
1,125678e+00
9,254870e-01
2,244152e-01
-5,968604e-01
-1,093439e+00
-9,968572e-01
-3,603737e-01
4,703114e-01
1,044959e+00
1,052866e+00
4,905928e-01
-3,363481e-01
-9,795405e-01
-1,091064e+00
-6,113473e-01
1,988159e-01
8,999159e-01
1,112629e+00
7,224875e-01
-5,825056e-02
-8,058667e-01
-1,115700e+00
-8,206105e-01
-8,142697e-02
7,005863e-01
1,101977e+00
9,059821e-01
2,197253e-01
-5,841743e-01
-1,070196e+00
-9,756523e-01
-3,527101e-01
4,602323e-01
1,022587e+00
1,030310e+00
4,800965e-01
-3,290779e-01
-9,584189e-01
-1,067538e+00
-5,981609e-01
1,944897e-01
8,804139e-01
1,088534e+00
7,068589e-01
-5,694261e-02
-7,883289e-01
-1,091438e+00
-8,027757e-01
-7,968996e-02
6,853051e-01
1,077966e+00
8,862678e-01
2,149760e-01
-5,714036e-01
-1,046844e+00
-9,543792e-01
-3,450436e-01
4,501740e-01
1,000275e+00
1,007867e+00
4,696938e-01
-3,218731e-01
-9,375302e-01
-1,044297e+00
-5,851601e-01
1,902481e-01
8,612905e-01
1,064920e+00
6,915599e-01
-5,567474e-02
-7,712365e-01
-1,067840e+00
-7,854621e-01
-7,799007e-02
6,705361e-01
1,054809e+00
8,672825e-01
2,104078e-01
-5,591555e-01
-1,024492e+00
-9,340503e-01
-3,377318e-01
4,405952e-01
9,791056e-01
9,866014e-01
4,598418e-01
-3,150676e-01
-9,178516e-01
-1,022464e+00
-5,729966e-01
1,862649e-01
8,434231e-01
1,042929e+00
6,773431e-01
-5,450189e-02
-7,554267e-01
-1,046056e+00
-7,695024e-01
-7,643122e-02
6,569905e-01
1,033603e+00
8,499347e-01
2,062345e-01
-5,480193e-01
-1,004210e+00
-9,156603e-01
-3,311208e-01
4,319874e-01
9,600787e-01
9,675404e-01
4,509935e-01
-3,090148e-01
-9,003524e-01
-1,003093e+00
-5,622093e-01
1,827478e-01
8,276951e-01
1,023600e+00
6,648946e-01
-5,346563e-02
-7,416539e-01
-1,027129e+00
-7,556658e-01
-7,509209e-02
6,453154e-01
1,015390e+00
8,350647e-01
2,026952e-01
-5,385400e-01
-9,870022e-01
-9,000970e-01
-3,255594e-01
4,247335e-01
9,441160e-01
9,516134e-01
4,436327e-01
-3,039804e-01
-8,858640e-01
-9,871121e-01
-5,533551e-01
1,798662e-01
8,148546e-01
1,007895e+00
6,547888e-01
-5,264315e-02
-7,305816e-01
-1,011959e+00
-7,446603e-01
-7,402465e-02
6,360751e-01
1,001039e+00
8,234045e-01
1,999130e-01
-5,311585e-01
-9,736600e-01
-8,881117e-01
-3,212971e-01
4,191899e-01
9,319986e-01
9,395731e-01
4,381471e-01
-3,002095e-01
-8,750975e-01
-9,752856e-01
-5,468361e-01
1,777565e-01
8,055252e-01
9,965513e-01
6,475513e-01
-5,204485e-02
-7,227205e-01
-1,001299e+00
-7,369551e-01
-7,328976e-02
6,297121e-01
9,912319e-01
8,155108e-01
1,980350e-01
-5,262429e-01
-9,648562e-01
-8,802536e-01
-3,185386e-01
4,156283e-01
9,242993e-01
9,320164e-01
4,347102e-01
-2,978846e-01
-8,685548e-01
-9,682099e-01
-5,429805e-01
1,765273e-01
8,001465e-01
9,901125e-01
6,435205e-01
-5,170190e-02
-7,184790e-01
-9,956323e-01
-7,329540e-01
-7,293048e-02
6,265305e-01
9,864500e-01
8,117666e-01
1,972021e-01
-5,240086e-01
-9,610140e-01
-8,769518e-01
-3,174252e-01
4,142179e-01
9,213791e-01
9,292847e-01
4,335447e-01
-2,971274e-01
-8,665431e-01
-9,662027e-01
-5,419829e-01
1,762066e-01
7,989736e-01
9,888981e-01
6,428792e-01
-5,164697e-02
-7,180499e-01
-9,952686e-01
-7,328486e-01
-7,294830e-02
6,266834e-01
9,869206e-01
8,123426e-01
1,974085e-01
-5,245876e-01
-9,622967e-01
-8,783221e-01
-3,180012e-01
4,150152e-01
9,234011e-01
9,315235e-01
4,347013e-01
-2,979440e-01
-8,691739e-01
-9,693560e-01
-5,438891e-01
1,768331e-01
8,020720e-01
9,929630e-01
6,456717e-01
-5,184591e-02
-7,214349e-01
-1,000202e+00
-7,366611e-01
-7,335509e-02
6,301664e-01
9,926334e-01
8,172196e-01
1,986273e-01
-5,279191e-01
-9,686494e-01
-8,843185e-01
-3,202623e-01
4,179874e-01
9,302467e-01
9,386437e-01
4,381263e-01
-3,003134e-01
-8,763164e-01
-9,775289e-01
-5,486028e-01
1,783682e-01
8,092932e-01
1,002108e+00
6,517512e-01
-5,232692e-02
-7,284913e-01
-1,010189e+00
-7,441807e-01
-7,415084e-02
6,367818e-01
1,003290e+00
8,261674e-01
2,008721e-01
-5,338813e-01
-9,797736e-01
-8,946500e-01
-3,240896e-01
4,229995e-01
9,415937e-01
9,502742e-01
4,436357e-01
-3,041245e-01
-8,876129e-01
-9,903382e-01
-5,559027e-01
1,807332e-01
8,202809e-01
1,015911e+00
6,608638e-01
-5,304400e-02
-7,388628e-01
-1,024759e+00
-7,550511e-01
-7,528212e-02
6,462537e-01
1,018395e+00
8,387496e-01
2,039957e-01
-5,421417e-01
-9,951305e-01
-9,088236e-01
-3,292813e-01
4,297827e-01
9,568912e-01
9,658687e-01
4,509994e-01
-3,091736e-01
-9,025496e-01
-1,007149e+00
-5,654414e-01
1,838093e-01
8,345050e-01
1,033676e+00
6,725181e-01
-5,396891e-02
-7,520522e-01
-1,043217e+00
-7,687646e-01
-7,669548e-02
6,580980e-01
1,037199e+00
8,543678e-01
2,078246e-01
-5,523292e-01
-1,013972e+00
-9,261610e-01
-3,356340e-01
4,380194e-01
9,754148e-01
9,846818e-01
4,598730e-01
-3,152264e-01
-9,203725e-01
-1,027163e+00
-5,767601e-01
1,874585e-01
8,512812e-01
1,054570e+00
6,862033e-01
-5,502596e-02
-7,674388e-01
-1,064678e+00
-7,846559e-01
-7,831520e-02
6,717313e-01
1,058837e+00
8,722708e-01
2,122339e-01
-5,639374e-01
-1,035399e+00
-9,458218e-01
-3,428092e-01
4,473205e-01
9,962366e-01
1,005798e+00
4,697858e-01
-3,219829e-01
-9,402352e-01
-1,049414e+00
-5,893126e-01
1,915026e-01
8,697974e-01
1,077598e+00
7,012411e-01
-5,620030e-02
-7,842551e-01
-1,088077e+00
-8,019532e-01
-8,008635e-02
6,865404e-01
1,082223e+00
8,915857e-01
2,169639e-01
-5,764231e-01
-1,058374e+00
-9,668649e-01
-3,504639e-01
4,572378e-01
1,018393e+00
1,028209e+00
4,802865e-01
-3,291225e-01
-9,611862e-01
-1,072837e+00
-6,024826e-01
1,957249e-01
8,891613e-01
1,101627e+00
7,168964e-01
-5,740284e-02
-8,016964e-01
-1,112319e+00
-8,198340e-01
-8,191095e-02
7,017622e-01
1,106254e+00
9,114128e-01
2,218097e-01
-5,891626e-01
-1,081785e+00
-9,882538e-01
-3,582537e-01
4,672619e-01
1,040805e+00
1,050825e+00
4,908630e-01
-3,362932e-01
-9,821950e-01
-1,096285e+00
-6,156690e-01
1,999294e-01
9,084376e-01
1,125514e+00
7,324329e-01
-5,860984e-02
-8,189343e-01
-1,136211e+00
-8,374579e-01
-8,371625e-02
7,166811e-01
1,129757e+00
9,307396e-01
2,265501e-01
-6,015280e-01
-1,104517e+00
-1,008991e+00
-3,657778e-01
4,769521e-01
1,062376e+00
1,072582e+00
5,010059e-01
-3,431611e-01
-1,002283e+00
-1,118660e+00
-6,282081e-01
2,039274e-01
9,267178e-01
1,148092e+00
7,471054e-01
-5,972776e-02
-8,351404e-01
-1,158636e+00
-8,539343e-01
-8,540129e-02
7,305742e-01
1,151627e+00
9,487080e-01
2,309342e-01
-6,129759e-01
-1,125479e+00
-1,028073e+00
-3,727035e-01
4,858182e-01
1,082076e+00
1,092406e+00
5,102476e-01
-3,493831e-01
-1,020443e+00
-1,138857e+00
-6,395299e-01
2,075039e-01
9,430798e-01
1,168280e+00
7,602117e-01
-6,071354e-02
-8,494967e-01
-1,178475e+00
-8,684910e-01
-8,691561e-02
7,427733e-01
1,170779e+00
9,644123e-01
2,347689e-01
-6,229021e-01
-1,143634e+00
-1,044558e+00
-3,786776e-01
4,934061e-01
1,098972e+00
1,109339e+00
5,181532e-01
-3,546565e-01
-1,035831e+00
-1,155916e+00
-6,490671e-01
2,104865e-01
9,567635e-01
1,185135e+00
7,710969e-01
-6,153157e-02
-8,613529e-01
-1,194794e+00
-8,804511e-01
-8,814190e-02
7,526921e-01
1,186299e+00
9,770983e-01
2,378569e-01
-6,308597e-01
-1,158131e+00
-1,057694e+00
-3,834150e-01
4,993936e-01
1,112226e+00
1,122593e+00
5,242773e-01
-3,587362e-01
-1,047692e+00
-1,169008e+00
-6,563536e-01
2,127505e-01
9,671009e-01
1,197802e+00
7,792519e-01
-6,211503e-02
-8,701211e-01
-1,206815e+00
-8,891955e-01
-8,905940e-02
7,598568e-01
1,197463e+00
9,861575e-01
2,400839e-01
-6,364314e-01
-1,168261e+00
-1,066801e+00
-3,867124e-01
5,034689e-01
1,121203e+00
1,131520e+00
5,284016e-01
-3,614041e-01
-1,055449e+00
-1,177519e+00
-6,610539e-01
2,141594e-01
9,736050e-01
1,205691e+00
7,842996e-01
-6,244016e-02
-8,753737e-01
-1,213946e+00
-8,943367e-01
-8,961316e-02
7,639039e-01
1,203703e+00
9,911740e-01
2,412924e-01
-6,393829e-01
-1,173537e+00
-1,071485e+00
-3,883856e-01
5,054330e-01
1,125482e+00
1,135680e+00
5,302930e-01
-3,625472e-01
-1,058727e+00
-1,181021e+00
-6,629453e-01
2,146687e-01
9,759433e-01
1,208430e+00
7,859683e-01
-6,250548e-02
-8,768523e-01
-1,215842e+00
-8,956105e-01
-8,978389e-02
7,646566e-01
1,204729e+00
9,918852e-01
2,414750e-01
-6,395506e-01
-1,173705e+00
-1,071493e+00
-3,883648e-01
5,051955e-01
1,124854e+00
1,134876e+00
5,298743e-01
-3,621122e-01
-1,057388e+00
-1,179360e+00
-6,619328e-01
2,142337e-01
9,740103e-01
1,205878e+00
7,842150e-01
-6,228873e-02
-8,744948e-01
-1,212411e+00
-8,929679e-01
-8,952705e-02
7,620570e-01
1,200485e+00
9,882567e-01
2,405812e-01
-6,369243e-01
-1,168763e+00
-1,066830e+00
-3,866352e-01
5,027711e-01
1,119331e+00
1,129149e+00
5,271664e-01
-3,601050e-01
-1,051479e+00
-1,172599e+00
-6,580698e-01
2,128827e-01
9,679011e-01
1,198148e+00
7,790945e-01
-6,181810e-02
-8,684167e-01
-1,203834e+00
-8,865380e-01
-8,894360e-02
7,562477e-01
1,191206e+00
9,804818e-01
2,387136e-01
-6,316287e-01
-1,158939e+00
-1,057730e+00
-3,833319e-01
4,982549e-01
1,109207e+00
1,118799e+00
5,222879e-01
-3,566177e-01
-1,041284e+00
-1,161081e+00
-6,515360e-01
2,106810e-01
9,579111e-01
1,185633e+00
7,708638e-01
-6,111291e-02
-8,588914e-01
-1,190508e+00
-8,766118e-01
-8,798453e-02
7,475003e-01
1,177301e+00
9,689314e-01
2,359017e-01
-6,239399e-01
-1,144719e+00
-1,044620e+00
-3,785544e-01
4,918844e-01
1,094936e+00
1,104286e+00
5,154676e-01
-3,518461e-01
-1,027283e+00
-1,145364e+00
-6,426476e-01
2,077162e-01
9,444991e-01
1,168934e+00
7,599340e-01
-6,018057e-02
-8,464013e-01
-1,173076e+00
-8,636956e-01
-8,670924e-02
7,362321e-01
1,159442e+00
9,541402e-01
2,323163e-01
-6,142037e-01
-1,126757e+00
-1,028141e+00
-3,725654e-01
4,839565e-01
1,077237e+00
1,086332e+00
5,070542e-01
-3,459833e-01
-1,010179e+00
-1,126182e+00
-6,318588e-01
2,041442e-01
9,283330e-01
1,148841e+00
7,468234e-01
-5,907155e-02
-8,315328e-01
-1,152383e+00
-8,484026e-01
-8,519493e-02
7,229878e-01
1,138506e+00
9,368577e-01
2,281060e-01
-6,028894e-01
-1,105960e+00
-1,009076e+00
-3,656709e-01
4,748558e-01
1,056947e+00
1,065801e+00
4,974517e-01
-3,393293e-01
-9,907658e-01
-1,104479e+00
-6,196478e-01
2,001372e-01
9,101969e-01
1,126306e+00
7,321523e-01
-5,786604e-02
-8,150031e-01
-1,129431e+00
-8,314571e-01
-8,351583e-02
7,084014e-01
1,115504e+00
9,178887e-01
2,235229e-01
-5,905463e-01
-1,083301e+00
-9,883800e-01
-3,581676e-01
4,650187e-01
1,035037e+00
1,043673e+00
4,871321e-01
-3,321957e-01
-9,699959e-01
-1,081302e+00
-6,066292e-01
1,958867e-01
8,909443e-01
1,102467e+00
7,166455e-01
-5,659966e-02
-7,976003e-01
-1,105312e+00
-8,136907e-01
-8,175804e-02
6,931751e-01
1,091536e+00
8,981611e-01
2,187336e-01
-5,777622e-01
-1,059873e+00
-9,670044e-01
-3,504431e-01
4,548995e-01
1,012579e+00
1,021022e+00
4,765839e-01
-3,249388e-01
-9,488609e-01
-1,057761e+00
-5,934428e-01
1,915947e-01
8,715032e-01
1,078428e+00
7,010421e-01
-5,532437e-02
-7,801739e-01
-1,081188e+00
-7,959598e-01
-8,000025e-02
6,780498e-01
1,067743e+00
8,786161e-01
2,140154e-01
-5,651652e-01
-1,036819e+00
-9,459985e-01
-3,428552e-01
4,450194e-01
9,906307e-01
9,989445e-01
4,663029e-01
-3,178884e-01
-9,283850e-01
-1,034991e+00
-5,807003e-01
1,874526e-01
8,528178e-01
1,055382e+00
6,860905e-01
-5,410105e-02
-7,635595e-01
-1,058233e+00
-7,791168e-01
-7,834341e-02
6,637277e-01
1,045299e+00
8,602038e-01
2,095660e-01
-5,533402e-01
-1,015244e+00
-9,263807e-01
-3,357840e-01
4,358385e-01
9,702528e-01
9,784924e-01
4,568162e-01
-3,113961e-01
-9,095526e-01
-1,014070e+00
-5,690401e-01
1,836683e-01
8,357684e-01
1,034391e+00
6,725315e-01
-5,302024e-02
-7,485529e-01
-1,037558e+00
-7,639737e-01
-7,686621e-02
6,509317e-01
1,025264e+00
8,438166e-01
2,056110e-01
-5,428677e-01
-9,961609e-01
-9,090983e-01
-3,295783e-01
4,277547e-01
9,524581e-01
9,606695e-01
4,485691e-01
-3,057531e-01
-8,932440e-01
-9,960466e-01
-5,589996e-01
1,804170e-01
8,212088e-01
1,016514e+00
6,610034e-01
-5,207305e-02
-7,358728e-01
-1,020130e+00
-7,512713e-01
-7,559983e-02
6,402484e-01
1,008596e+00
8,302293e-01
2,023612e-01
-5,342614e-01
-9,805189e-01
-8,949736e-01
-3,245320e-01
4,212179e-01
9,380603e-01
9,463029e-01
4,419462e-01
-3,012473e-01
-8,802877e-01
-9,817615e-01
-5,510821e-01
1,778783e-01
8,098009e-01
1,002598e+00
6,520734e-01
-5,135895e-02
-7,261233e-01
-1,006813e+00
-7,416064e-01
-7,464374e-02
6,322062e-01
9,961238e-01
8,201294e-01
1,999442e-01
-5,278953e-01
-9,690621e-01
-8,846882e-01
-3,208725e-01
4,165072e-01
9,277748e-01
9,361199e-01
4,372904e-01
-2,980895e-01
-8,712598e-01
-9,719185e-01
-5,456855e-01
1,761443e-01
8,021329e-01
9,932852e-01
6,461720e-01
-5,086309e-02
-7,197884e-01
-9,982423e-01
-7,354408e-01
-7,407364e-02
6,271808e-01
9,884394e-01
8,139623e-01
1,985145e-01
-5,241140e-01
-9,623531e-01
-8,787541e-01
-3,187880e-01
4,138527e-01
9,220917e-01
9,305941e-01
4,348081e-01
-2,964356e-01
-8,666485e-01
-9,669851e-01
-5,430251e-01
1,753040e-01
7,985208e-01
9,890688e-01
6,435561e-01
-5,065821e-02
-7,171592e-01
-9,948396e-01
-7,330995e-01
-7,386728e-02
6,254185e-01
9,858828e-01
8,120620e-01
1,981077e-01
-5,230851e-01
-9,606918e-01
-8,774343e-01
-3,184020e-01
4,133910e-01
9,212826e-01
9,299928e-01
4,346389e-01
-2,963436e-01
-8,666278e-01
-9,671781e-01
-5,432745e-01
1,753901e-01
7,992022e-01
9,901229e-01
6,444113e-01
-5,072353e-02
-7,183602e-01
-9,967384e-01
-7,346747e-01
-7,407513e-02
6,270011e-01
9,886205e-01
8,145042e-01
1,987580e-01
-5,248608e-01
-9,641614e-01
-8,808148e-01
-3,197026e-01
4,151295e-01
9,253935e-01
9,343650e-01
4,367842e-01
-2,978445e-01
-8,712182e-01
-9,725242e-01
-5,464011e-01
1,764159e-01
8,040881e-01
9,963999e-01
6,486410e-01
-5,104273e-02
-7,233471e-01
-1,003885e+00
-7,401173e-01
-7,465561e-02
6,318559e-01
9,964830e-01
8,211672e-01
2,004297e-01
-5,293280e-01
-9,726178e-01
-8,887308e-01
-3,226570e-01
4,189836e-01
9,342225e-01
9,434598e-01
4,411401e-01
-3,008182e-01
-8,801942e-01
-9,827429e-01
-5,522713e-01
1,783014e-01
8,129721e-01
1,007607e+00
6,560730e-01
-5,161431e-02
-7,318614e-01
-1,015915e+00
-7,491364e-01
-7,559538e-02
6,397362e-01
1,009128e+00
8,317407e-01
2,030842e-01
-5,363116e-01
-9,856201e-01
-9,007710e-01
-3,271079e-01
4,247825e-01
9,473258e-01
9,568823e-01
4,475061e-01
-3,051800e-01
-8,931238e-01
-9,973500e-01
-5,605837e-01
1,809856e-01
8,254028e-01
1,023206e+00
6,663436e-01
-5,240709e-02
-7,435008e-01
-1,032246e+00
-7,612984e-01
-7,687512e-02
6,502800e-01
1,025913e+00
8,457124e-01
2,065196e-01
-5,454317e-01
-1,002568e+00
-9,164056e-01
-3,328622e-01
4,322056e-01
9,640975e-01
9,739628e-01
4,555720e-01
-3,106776e-01
-9,093848e-01
-1,015655e+00
-5,709552e-01
1,842948e-01
8,408043e-01
1,042436e+00
6,789643e-01
-5,337804e-02
-7,577101e-01
-1,052103e+00
-7,760526e-01
-7,839092e-02
6,629408e-01
1,046054e+00
8,624203e-01
2,106795e-01
-5,562738e-01
-1,022638e+00
-9,348594e-01
-3,396188e-01
4,409441e-01
9,837049e-01
9,938849e-01
4,649415e-01
-3,170466e-01
-9,281786e-01
-1,036749e+00
-5,828901e-01
1,881103e-01
8,584163e-01
1,064373e+00
6,933266e-01
-5,447665e-02
-7,737870e-01
-1,074525e+00
-7,926595e-01
-8,013089e-02
6,771516e-01
1,068563e+00
8,810538e-01
2,152595e-01
-5,683111e-01
-1,044846e+00
-9,552269e-01
-3,470641e-01
4,505377e-01
1,005226e+00
1,015698e+00
4,752032e-01
-3,239916e-01
-9,486233e-01
-1,059642e+00
-5,958063e-01
1,922375e-01
8,774002e-01
1,087970e+00
7,087399e-01
-5,564357e-02
-7,909478e-01
-1,098430e+00
-8,103310e-01
-8,194658e-02
6,921997e-01
1,092367e+00
9,007042e-01
2,200831e-01
-5,809497e-01
-1,068149e+00
-9,765609e-01
-3,548376e-01
4,605440e-01
1,027617e+00
1,038340e+00
4,858123e-01
-3,311772e-01
-9,697109e-01
-1,083226e+00
-6,090922e-01
1,964346e-01
8,968220e-01
1,112076e+00
7,244516e-01
-5,682681e-02
-8,084039e-01
-1,122659e+00
-8,282281e-01
-8,380533e-02
7,073651e-01
1,116307e+00
9,204497e-01
2,249526e-01
-5,935868e-01
-1,091402e+00
-9,978207e-01
-3,625888e-01
4,704658e-01
1,049778e+00
1,060724e+00
4,963056e-01
-3,382291e-01
-9,904347e-01
-1,106351e+00
-6,221034e-01
2,005588e-01
9,157761e-01
1,135541e+00
7,397358e-01
-5,797442e-02
-8,252692e-01
-1,146063e+00
-8,454689e-01
-8,559578e-02
7,219174e-01
1,139240e+00
9,393326e-01
2,295817e-01
-6,056271e-01
-1,113495e+00
-1,017963e+00
-3,699273e-01
4,798203e-01
1,070678e+00
1,081776e+00
5,061293e-01
-3,448372e-01
-1,009800e+00
-1,127925e+00
-6,342060e-01
2,043862e-01
9,333124e-01
1,157239e+00
7,538144e-01
-5,903444e-02
-8,407672e-01
-1,167504e+00
-8,612401e-01
-8,722589e-02
7,351498e-01
1,160066e+00
9,564369e-01
2,337772e-01
-6,164603e-01
-1,133366e+00
-1,036054e+00
-3,765041e-01
4,881773e-01
1,089273e+00
1,100478e+00
5,148737e-01
-3,506717e-01
-1,026857e+00
-1,146885e+00
-6,448418e-01
2,077028e-01
9,486159e-01
1,176107e+00
7,660655e-01
-5,991482e-02
-8,541198e-01
-1,185950e+00
-8,747724e-01
-8,864667e-02
7,464195e-01
1,177779e+00
9,709416e-01
2,373344e-01
-6,255774e-01
-1,150051e+00
-1,051202e+00
-3,819972e-01
4,951179e-01
1,104685e+00
1,115944e+00
5,220682e-01
-3,554374e-01
-1,040809e+00
-1,162342e+00
-6,534660e-01
2,103855e-01
9,609368e-01
1,191253e+00
7,758492e-01
-6,062150e-02
-8,646977e-01
-1,200513e+00
-8,854379e-01
-8,975123e-02
7,551966e-01
1,191497e+00
9,821505e-01
2,400735e-01
-6,325417e-01
-1,162738e+00
-1,062687e+00
-3,861557e-01
5,002962e-01
1,116179e+00
1,127415e+00
5,273802e-01
-3,589188e-01
-1,050963e+00
-1,173545e+00
-6,597103e-01
2,122799e-01
9,696678e-01
1,201950e+00
7,827215e-01
-6,109509e-02
-8,719917e-01
-1,210498e+00
-8,926784e-01
-9,053066e-02
7,610623e-01
1,200603e+00
9,895261e-01
2,418817e-01
-6,370105e-01
-1,170837e+00
-1,069939e+00
-3,887627e-01
5,034807e-01
1,123195e+00
1,134340e+00
5,305810e-01
-3,609498e-01
-1,056834e+00
-1,179939e+00
-6,632259e-01
2,133177e-01
9,744216e-01
1,207669e+00
7,863499e-01
-6,132075e-02
-8,756483e-01
-1,215414e+00
-8,961717e-01
-9,093150e-02
7,636990e-01
1,204639e+00
9,927195e-01
2,426701e-01
-6,387742e-01
-1,173938e+00
-1,072641e+00
-3,897277e-01
5,045081e-01
1,125366e+00
1,136395e+00
5,314866e-01
-3,613981e-01
-1,058138e+00
-1,181246e+00
-6,638613e-01
2,134142e-01
9,749293e-01
1,208141e+00
7,865622e-01
-6,126434e-02
-8,754820e-01
-1,215025e+00
-8,957738e-01
-9,092260e-02
7,630131e-01
1,203403e+00
9,915600e-01
2,423865e-01
-6,377572e-01
-1,171912e+00
-1,070640e+00
-3,889824e-01
5,033174e-01
1,122625e+00
1,133473e+00
5,300629e-01
-3,602847e-01
-1,054824e+00
-1,177374e+00
-6,616180e-01
2,125857e-01
9,711866e-01
1,203337e+00
7,833331e-01
-6,093475e-02
-8,715122e-01
-1,209354e+00
-8,914818e-01
-9,051284e-02
7,590269e-01
1,196956e+00
9,861293e-01
2,410637e-01
-6,339699e-01
-1,164832e+00
-1,064023e+00
-3,865506e-01
4,999993e-01
1,115100e+00
1,125715e+00
5,263869e-01
-3,576391e-01
-1,047030e+00
-1,168521e+00
-6,565822e-01
2,108665e-01
9,633701e-01
1,193505e+00
7,768483e-01
-6,036169e-02
-8,639243e-01
-1,198676e+00
-8,834960e-01
-8,973490e-02
7,519260e-01
1,185622e+00
9,766663e-01
2,387774e-01
-6,276232e-01
-1,153060e+00
-1,053144e+00
-3,825614e-01
4,946665e-01
1,103125e+00
1,113499e+00
5,206355e-01
-3,536024e-01
-1,035140e+00
-1,155113e+00
-6,489795e-01
2,083382e-01
9,518494e-01
1,179100e+00
7,673839e-01
-5,956445e-02
-8,530747e-01
-1,183496e+00
-8,722159e-01
-8,862589e-02
7,420458e-01
1,169936e+00
9,636358e-01
2,355914e-01
-6,190124e-01
-1,137134e+00
-1,038493e+00
-3,772346e-01
4,875998e-01
1,087311e+00
1,097403e+00
5,130803e-01
-3,483335e-01
-1,019741e+00
-1,137808e+00
-6,392211e-01
2,051270e-01
9,371977e-01
1,160829e+00
7,554356e-01
-5,857866e-02
-8,394978e-01
-1,164560e+00
-8,581921e-01
-8,723035e-02
7,298764e-01
1,150658e+00
9,476836e-01
2,317151e-01
-6,085518e-01
-1,117857e+00
-1,020797e+00
-3,707898e-01
4,791448e-01
1,068394e+00
1,078226e+00
5,040894e-01
-3,421159e-01
-1,001538e+00
-1,117431e+00
-6,277078e-01
2,013635e-01
9,201038e-01
1,139568e+00
7,415648e-01
-5,744886e-02
-8,238321e-01
-1,142767e+00
-8,420721e-01
-8,560766e-02
7,159908e-01
1,128703e+00
9,295593e-01
2,272775e-01
-5,967401e-01
-1,096140e+00
-1,000912e+00
-3,635657e-01
4,696952e-01
1,047291e+00
1,056882e+00
4,941054e-01
-3,352555e-01
-9,814423e-01
-1,094959e+00
-6,150737e-01
1,972600e-01
9,013753e-01
1,116330e+00
7,264202e-01
-5,621218e-02
-8,068421e-01
-1,119175e+00
-8,246768e-01
-8,387659e-02
7,010733e-01
1,105147e+00
9,101242e-01
2,225594e-01
-5,841713e-01
-1,073026e+00
-9,797766e-01
-3,559184e-01
4,596859e-01
1,025019e+00
1,034391e+00
4,835913e-01
-3,280476e-01
-9,603993e-01
-1,071480e+00
-6,019036e-01
1,929650e-01
8,819446e-01
1,092269e+00
7,107590e-01
-5,496509e-02
-7,893548e-01
-1,094909e+00
-8,067842e-01
-8,208020e-02
6,858099e-01
1,081123e+00
8,903505e-01
2,177492e-01
-5,713977e-01
-1,049618e+00
-9,584233e-01
-3,481642e-01
4,496499e-01
1,002652e+00
1,011835e+00
4,730906e-01
-3,208532e-01
-9,394410e-01
-1,048114e+00
-5,887915e-01
1,887561e-01
8,627277e-01
1,068506e+00
6,953412e-01
-5,374028e-02
-7,721792e-01
-1,071152e+00
-7,893251e-01
-8,032983e-02
6,709563e-01
1,057780e+00
8,711677e-01
2,130950e-01
-5,590738e-01
-1,027068e+00
-9,378880e-01
-3,407426e-01
4,400117e-01
9,812686e-01
9,903293e-01
4,630560e-01
-3,140298e-01
-9,195515e-01
-1,026008e+00
-5,764186e-01
1,847654e-01
8,446583e-01
1,046210e+00
6,808854e-01
-5,258970e-02
-7,561690e-01
-1,049036e+00
-7,731145e-01
-7,870120e-02
6,572295e-01
1,036235e+00
8,535111e-01
2,088193e-01
-5,477937e-01
-1,006443e+00
-9,191551e-01
-3,339816e-01
4,312644e-01
9,618899e-01
9,708704e-01
4,540280e-01
-3,078776e-01
-9,017064e-01
-1,006219e+00
-5,653820e-01
1,812142e-01
8,285814e-01
1,026434e+00
6,681103e-01
-5,156977e-02
-7,420874e-01
-1,029639e+00
-7,589007e-01
-7,728487e-02
6,452768e-01
1,017533e+00
8,382166e-01
2,051181e-01
-5,380694e-01
-9,887407e-01
-9,031257e-01
-3,282109e-01
4,238353e-01
9,454507e-01
9,544312e-01
4,464105e-01
-3,027141e-01
-8,867592e-01
-9,896864e-01
-5,561669e-01
1,782598e-01
8,153089e-01
1,010158e+00
6,576125e-01
-5,073690e-02
-7,306068e-01
-1,013887e+00
-7,474142e-01
-7,615062e-02
6,356817e-01
1,002577e+00
8,260486e-01
2,021889e-01
-5,303880e-01
-9,748120e-01
-8,905569e-01
-3,237140e-01
4,180587e-01
9,327616e-01
9,417777e-01
4,405893e-01
-2,987561e-01
-8,754330e-01
-9,772290e-01
-5,492887e-01
1,760552e-01
8,054584e-01
9,981428e-01
6,499192e-01
-5,013414e-02
-7,222870e-01
-1,002536e+00
-7,391969e-01
-7,536081e-02
6,288925e-01
9,920960e-01
8,175700e-01
2,001595e-01
-5,251191e-01
-9,653268e-01
-8,820886e-01
-3,207151e-01
4,142105e-01
9,244003e-01
9,335381e-01
4,368287e-01
-2,962604e-01
-8,682579e-01
-9,694407e-01
-5,450412e-01
1,747071e-01
7,994843e-01
9,909662e-01
6,453882e-01
-4,975853e-02
-7,175199e-01
-9,961371e-01
-7,346599e-01
-7,490651e-02
6,252523e-01
9,865702e-01
8,132111e-01
1,991692e-01
-5,224898e-01
-9,607631e-01
-8,781098e-01
-3,193403e-01
4,124899e-01
9,207852e-01
9,301042e-01
4,353396e-01
-2,952687e-01
-8,655945e-01
-9,666704e-01
-5,436234e-01
1,742632e-01
7,977161e-01
9,889916e-01
6,442613e-01
-4,966945e-02
-7,165356e-01
-9,950029e-01
-7,339695e-01
-7,488721e-02
6,249301e-01
9,862881e-01
8,131621e-01
1,992108e-01
-5,226680e-01
-9,613020e-01
-8,788061e-01
-3,196892e-01
4,129560e-01
9,220961e-01
9,316318e-01
4,361547e-01
-2,958566e-01
-8,675512e-01
-9,690977e-01
-5,451154e-01
1,747398e-01
8,002029e-01
9,923157e-01
6,465759e-01
-4,983722e-02
-7,193712e-01
-9,991687e-01
-7,372357e-01
-7,525243e-02
6,279261e-01
9,912512e-01
8,174467e-01
2,003243e-01
-5,256075e-01
-9,669421e-01
-8,841596e-01
-3,217127e-01
4,156432e-01
9,282499e-01
9,380617e-01
4,392769e-01
-2,979974e-01
-8,740642e-01
-9,765847e-01
-5,494268e-01
1,761443e-01
8,068362e-01
1,000760e+00
6,522189e-01
-5,025736e-02
-7,258947e-01
-1,008464e+00
-7,442431e-01
-7,601701e-02
6,341036e-01
1,001223e+00
8,258438e-01
2,024339e-01
-5,311763e-01
-9,774012e-01
-8,939076e-01
-3,253441e-01
4,203361e-01
9,389659e-01
9,490999e-01
4,445369e-01
-3,015724e-01
-8,847921e-01
-9,887467e-01
-5,564015e-01
1,783712e-01
8,172834e-01
1,013923e+00
6,609336e-01
-5,091654e-02
-7,358060e-01
-1,022421e+00
-7,546800e-01
-7,712157e-02
6,431642e-01
1,015730e+00
8,379464e-01
2,054551e-01
-5,391131e-01
-9,921791e-01
-9,075676e-01
-3,304052e-01
4,268461e-01
9,537334e-01
9,641703e-01
4,516912e-01
-3,064301e-01
-8,992241e-01
-1,005040e+00
-5,656730e-01
1,813211e-01
8,310726e-01
1,031176e+00
6,722999e-01
-5,175980e-02
-7,485975e-01
-1,040370e+00
-7,680505e-01
-7,852899e-02
6,546730e-01
1,034056e+00
8,532023e-01
2,092409e-01
-5,490259e-01
-1,010560e+00
-9,245235e-01
-3,366317e-01
4,348824e-01
9,718265e-01
9,825914e-01
4,603807e-01
-3,123106e-01
-9,166565e-01
-1,024663e+00
-5,767913e-01
1,848530e-01
8,475014e-01
1,051687e+00
6,857609e-01
-5,278270e-02
-7,636812e-01
-1,061451e+00
-7,837102e-01
-8,016949e-02
6,680672e-01
1,055320e+00
8,708485e-01
2,136265e-01
-5,604174e-01
-1,031674e+00
-9,439171e-01
-3,437460e-01
4,440083e-01
9,923721e-01
1,003452e+00
4,702193e-01
-3,189454e-01
-9,362713e-01
-1,046669e+00
-5,892309e-01
1,887977e-01
8,657979e-01
1,074481e+00
7,006754e-01
-5,389171e-02
-7,803104e-01
-1,084650e+00
-8,008754e-01
-8,195994e-02
6,827085e-01
1,078532e+00
8,900417e-01
2,183668e-01
-5,727605e-01
-1,054475e+00
-9,648487e-01
-3,514037e-01
4,538380e-01
1,014379e+00
1,025758e+00
4,807022e-01
-3,260033e-01
-9,570990e-01
-1,069995e+00
-6,024010e-01
1,929620e-01
8,850682e-01
1,098439e+00
7,163337e-01
-5,505863e-02
-7,976924e-01
-1,108821e+00
-8,187681e-01
-8,385729e-02
6,978650e-01
1,102534e+00
9,098703e-01
2,232602e-01
-5,854644e-01
-1,077892e+00
-9,862763e-01
-3,592395e-01
4,638325e-01
1,036785e+00
1,048437e+00
4,913529e-01
-3,331547e-01
-9,781539e-01
-1,093524e+00
-6,156616e-01
1,971457e-01
9,043906e-01
1,122411e+00
7,319697e-01
-5,620921e-02
-8,149674e-01
-1,132860e+00
-8,365033e-01
-8,570267e-02
7,128389e-01
1,126181e+00
9,293663e-01
2,280688e-01
-5,978892e-01
-1,100770e+00
-1,007187e+00
-3,668764e-01
4,735478e-01
1,058537e+00
1,070390e+00
5,016383e-01
-3,400478e-01
-9,983967e-01
-1,116120e+00
-6,283893e-01
2,011349e-01
9,228281e-01
1,145255e+00
7,468471e-01
-5,730634e-02
-8,313324e-01
-1,155538e+00
-8,532231e-01
-8,745601e-02
7,268908e-01
1,148345e+00
9,476123e-01
2,325687e-01
-6,094678e-01
-1,122043e+00
-1,026579e+00
-3,739372e-01
4,825283e-01
1,078551e+00
1,090569e+00
5,110805e-01
-3,463441e-01
-1,016876e+00
-1,136713e+00
-6,399366e-01
2,047425e-01
9,395063e-01
1,165871e+00
7,602295e-01
-5,827431e-02
-8,459856e-01
-1,175822e+00
-8,681376e-01
-8,903564e-02
7,393438e-01
1,167939e+00
9,637056e-01
2,365312e-01
-6,196003e-01
-1,140646e+00
-1,043522e+00
-3,801133e-01
4,902765e-01
1,095874e+00
1,107987e+00
5,192207e-01
-3,517243e-01
-1,032691e+00
-1,154274e+00
-6,497930e-01
2,077964e-01
9,535968e-01
1,183248e+00
7,715037e-01
-5,907452e-02
-8,582070e-01
-1,192704e+00
-8,805179e-01
-9,034063e-02
7,496026e-01
1,184034e+00
9,768875e-01
2,397736e-01
-6,278414e-01
-1,155703e+00
-1,057182e+00
-3,850719e-01
4,964897e-01
1,109688e+00
1,121825e+00
5,256684e-01
-3,559689e-01
-1,045085e+00
-1,167989e+00
-6,574552e-01
2,101450e-01
9,644449e-01
1,196567e+00
7,801056e-01
-5,965946e-02
-8,674205e-01
-1,205374e+00
-8,897789e-01
-9,131899e-02
7,571608e-01
1,195854e+00
9,865123e-01
2,421416e-01
-6,337606e-01
-1,166493e+00
-1,066916e+00
-3,886038e-01
5,008396e-01
1,119313e+00
1,131405e+00
5,301074e-01
-3,588283e-01
-1,053448e+00
-1,177190e+00
-6,625623e-01
2,116608e-01
9,714969e-01
1,205175e+00
7,856224e-01
-6,001577e-02
-8,731913e-01
-1,213239e+00
-8,954739e-01
-9,195441e-02
7,616562e-01
1,202826e+00
9,921286e-01
2,435297e-01
-6,370877e-01
-1,172491e+00
-1,072254e+00
-3,905338e-01
5,030814e-01
1,124269e+00
1,136272e+00
5,323343e-01
-3,601971e-01
-1,057387e+00
-1,181427e+00
-6,648753e-01
2,122873e-01
9,744483e-01
1,208660e+00
7,878004e-01
-6,011673e-02
-8,752252e-01
-1,215892e+00
-8,973134e-01
-9,217710e-02
7,628884e-01
1,204605e+00
9,934826e-01
2,438518e-01
-6,376681e-01
-1,173395e+00
-1,072937e+00
-3,907535e-01
5,031705e-01
1,124352e+00
1,136198e+00
5,322438e-01
-3,599684e-01
-1,056701e+00
-1,180506e+00
-6,642829e-01
2,119889e-01
9,731344e-01
1,206867e+00
7,865295e-01
-5,993857e-02
-8,734154e-01
-1,213230e+00
-8,952260e-01
-9,199152e-02
7,607714e-01
1,201116e+00
9,904644e-01
2,431184e-01
-6,354264e-01
-1,169174e+00
-1,068938e+00
-3,892704e-01
5,010682e-01
1,119536e+00
1,131166e+00
5,298461e-01
-3,581914e-01
-1,051433e+00
-1,174471e+00
-6,608134e-01
2,107849e-01
9,676161e-01
1,199869e+00
7,818723e-01
-5,951100e-02
-8,678674e-01
-1,205369e+00
-8,893231e-01
-9,141994e-02
7,554252e-01
1,192538e+00
9,832506e-01
2,413621e-01
-6,305360e-01
-1,160032e+00
-1,060436e+00
-3,861512e-01
4,968504e-01
1,110045e+00
1,121430e+00
5,252364e-01
-3,549475e-01
-1,041840e+00
-1,163607e+00
-6,546284e-01
2,087213e-01
9,581694e-01
1,188003e+00
7,740454e-01
-5,885777e-02
-8,588350e-01
-1,192684e+00
-8,798602e-01
-9,046979e-02
7,470876e-01
1,179247e+00
9,721932e-01
2,386542e-01
-6,231872e-01
-1,146412e+00
-1,047867e+00
-3,815593e-01
4,907813e-01
1,096358e+00
1,107475e+00
5,186565e-01
-3,503644e-01
-1,028374e+00
-1,148434e+00
-6,460384e-01
2,058738e-01
9,452443e-01
1,171848e+00
7,634526e-01
-5,798927e-02
-8,467561e-01
-1,175804e+00
-8,673136e-01
-8,921528e-02
7,361801e-01
1,161925e+00
9,578161e-01
2,351342e-01
-6,137628e-01
-1,128948e+00
-1,031813e+00
-3,756876e-01
4,830925e-01
1,079108e+00
1,089956e+00
5,104258e-01
-3,446858e-01
-1,011669e+00
-1,129695e+00
-6,354412e-01
2,024488e-01
9,294509e-01
1,152171e+00
7,505913e-01
-5,696636e-02
-8,322113e-01
-1,155519e+00
-8,522893e-01
-8,769949e-02
7,232134e-01
1,141372e+00
9,408113e-01
2,309639e-01
-6,026638e-01
-1,108507e+00
-1,013045e+00
-3,688613e-01
4,741491e-01
1,059144e+00
1,069721e+00
5,009302e-01
-3,381712e-01
-9,925621e-01
-1,108281e+00
-6,233727e-01
1,985219e-01
9,115642e-01
1,129947e+00
7,360569e-01
-5,580390e-02
-8,159027e-01
-1,132829e+00
-8,354923e-01
-8,600108e-02
7,088290e-01
1,118605e+00
9,219981e-01
2,263704e-01
-5,904721e-01
-1,086058e+00
-9,924983e-01
-3,613818e-01
4,644308e-01
1,037423e+00
1,047740e+00
4,906343e-01
-3,311371e-01
-9,719556e-01
-1,085234e+00
-6,103971e-01
1,943190e-01
8,924349e-01
1,106201e+00
7,205961e-01
-5,459394e-02
-7,986084e-01
-1,108796e+00
-8,177748e-01
-8,419727e-02
6,936769e-01
1,094714e+00
9,022987e-01
2,215603e-01
-5,777607e-01
-1,062696e+00
-9,711391e-01
-3,536172e-01
4,543740e-01
1,014990e+00
1,025081e+00
4,800341e-01
-3,239085e-01
-9,508339e-01
-1,061661e+00
-5,971618e-01
1,900848e-01
8,729923e-01
1,082123e+00
7,049140e-01
-5,334983e-02
-7,811760e-01
-1,084615e+00
-7,999564e-01
-8,239642e-02
6,785204e-01
1,070843e+00
8,826468e-01
2,167783e-01
-5,651296e-01
-1,039525e+00
-9,499966e-01
-3,459462e-01
4,444730e-01
9,929229e-01
1,002840e+00
4,696566e-01
-3,168417e-01
-9,302333e-01
-1,038695e+00
-5,842886e-01
1,859591e-01
8,541644e-01
1,058847e+00
6,898095e-01
-5,216510e-02
-7,644176e-01
-1,061428e+00
-7,829115e-01
-8,065942e-02
6,640870e-01
1,048137e+00
8,639911e-01
2,122279e-01
-5,532022e-01
-1,017676e+00
-9,301057e-01
-3,387458e-01
4,351763e-01
9,722852e-01
9,820659e-01
4,599903e-01
-3,102960e-01
-9,111085e-01
-1,017449e+00
-5,723879e-01
1,821436e-01
8,368656e-01
1,037506e+00
6,759699e-01
-5,109914e-02
-7,491616e-01
-1,040346e+00
-7,674418e-01
-7,910205e-02
6,510550e-01
1,027693e+00
8,472401e-01
2,081631e-01
-5,425470e-01
-9,981978e-01
-9,124105e-01
-3,323515e-01
4,269797e-01
9,540645e-01
9,637902e-01
4,514938e-01
-3,045594e-01
-8,944184e-01
-9,989430e-01
-5,620520e-01
1,788685e-01
8,219095e-01
1,019113e+00
6,640944e-01
-5,017422e-02
-7,361252e-01
-1,022402e+00
-7,543237e-01
-7,777331e-02
6,400673e-01
1,010508e+00
8,331926e-01
2,047588e-01
-5,336556e-01
-9,820228e-01
-8,977751e-01
-3,270915e-01
4,202277e-01
9,391500e-01
9,488831e-01
4,445962e-01
-2,999007e-01
-8,809395e-01
-9,840672e-01
-5,537915e-01
1,762333e-01
8,100444e-01
1,004571e+00
6,547442e-01
-4,946755e-02
-7,259511e-01
-1,008442e+00
-7,441629e-01
-7,676377e-02
6,316228e-01
9,973990e-01
8,225464e-01
2,021771e-01
-5,269749e-01
-9,699351e-01
-8,868913e-01
-3,231929e-01
4,152527e-01
9,282439e-01
9,380469e-01
4,396139e-01
-2,965544e-01
-8,713488e-01
-9,735367e-01
-5,479704e-01
1,743805e-01
8,018167e-01
9,945723e-01
6,483619e-01
-4,897317e-02
-7,191099e-01
-9,991657e-01
-7,374777e-01
-7,610757e-02
6,261712e-01
9,889842e-01
8,157795e-01
2,005841e-01
-5,228164e-01
-9,625149e-01
-8,803056e-01
-3,208725e-01
4,123176e-01
9,218868e-01
9,318293e-01
4,368005e-01
-2,946852e-01
-8,660725e-01
-9,678744e-01
-5,449180e-01
1,734274e-01
7,976241e-01
9,896078e-01
6,452635e-01
-4,870890e-02
-7,159492e-01
-9,949984e-01
-7,345738e-01
-7,583737e-02
6,239369e-01
9,856824e-01
8,132497e-01
2,000199e-01
-5,213912e-01
-9,601173e-01
-8,783073e-01
-3,202296e-01
4,115412e-01
9,203829e-01
9,305124e-01
4,362957e-01
-2,943839e-01
-8,653911e-01
-9,673340e-01
-5,447428e-01
1,733650e-01
7,976716e-01
9,898913e-01
6,456123e-01
-4,871781e-02
-7,165965e-01
-9,961371e-01
-7,355818e-01
-7,598880e-02
6,250385e-01
9,876540e-01
8,150639e-01
2,005336e-01
-5,227541e-01
-9,628564e-01
-8,810211e-01
-3,213030e-01
4,129501e-01
9,237797e-01
9,341676e-01
4,381218e-01
-2,956354e-01
-8,693253e-01
-9,719482e-01
-5,474671e-01
1,742514e-01
8,019547e-01
9,954423e-01
6,493788e-01
-4,901028e-02
-7,210429e-01
-1,002545e+00
-7,404855e-01
-7,653217e-02
6,294255e-01
9,948054e-01
8,211464e-01
2,020880e-01
-5,268501e-01
-9,706046e-01
-8,883032e-01
-3,240436e-01
4,164998e-01
9,319347e-01
9,426225e-01
4,421971e-01
-2,983983e-01
-8,776897e-01
-9,814928e-01
-5,529824e-01
1,760032e-01
8,102686e-01
1,005968e+00
6,563803e-01
-4,951357e-02
-7,290643e-01
-1,013902e+00
-7,490221e-01
-7,745709e-02
6,368664e-01
1,006792e+00
8,311943e-01
2,046193e-01
-5,334537e-01
-9,829863e-01
-8,998120e-01
-3,283312e-01
4,220063e-01
9,444545e-01
9,554734e-01
4,483123e-01
-3,025374e-01
-8,900640e-01
-9,955165e-01
-5,609934e-01
1,785701e-01
8,222168e-01
1,020979e+00
6,663050e-01
-5,024994e-02
-7,402598e-01
-1,029666e+00
-7,608055e-01
-7,872347e-02
6,470138e-01
1,023015e+00
8,447459e-01
2,080042e-01
-5,422635e-01
-9,994077e-01
-9,149774e-01
-3,339223e-01
4,291993e-01
9,607319e-01
9,720744e-01
4,561882e-01
-3,078494e-01
-9,058707e-01
-1,013354e+00
-5,711200e-01
1,817190e-01
8,372026e-01
1,039732e+00
6,786540e-01
-5,116298e-02
-7,541114e-01
-1,049065e+00
-7,752434e-01
-8,025560e-02
6,593866e-01
1,042732e+00
8,611258e-01
2,120914e-01
-5,528503e-01
-1,019072e+00
-9,330972e-01
-3,405912e-01
4,377165e-01
9,799696e-01
9,916654e-01
4,654344e-01
-3,140773e-01
-9,243424e-01
-1,034111e+00
-5,829094e-01
1,854766e-01
8,545222e-01
1,061356e+00
6,928366e-01
-5,218589e-02
-7,699285e-01
-1,071179e+00
-7,916752e-01
-8,199706e-02
6,733822e-01
1,064951e+00
8,795618e-01
2,166729e-01
-5,647198e-01
-1,041028e+00
-9,532791e-01
-3,480187e-01
4,471884e-01
1,001269e+00
1,013282e+00
4,756367e-01
-3,209289e-01
-9,445837e-01
-1,056827e+00
-5,957603e-01
1,895073e-01
8,733397e-01
1,084788e+00
7,081713e-01
-5,331271e-02
-7,869645e-01
-1,094936e+00
-8,092680e-01
-8,387213e-02
6,883263e-01
1,088645e+00
8,991573e-01
2,215306e-01
-5,772678e-01
-1,064219e+00
-9,745537e-01
-3,558264e-01
4,571190e-01
1,023576e+00
1,035891e+00
4,862725e-01
-3,280387e-01
-9,656163e-01
-1,080398e+00
-6,090595e-01
1,936836e-01
8,927407e-01
1,108896e+00
7,239350e-01
-5,446181e-02
-8,043940e-01
-1,119200e+00
-8,272170e-01
-8,576651e-02
7,034710e-01
1,112626e+00
9,189725e-01
2,264372e-01
-5,899228e-01
-1,087536e+00
-9,959085e-01
-3,636340e-01
4,670422e-01
1,045826e+00
1,058392e+00
4,968445e-01
-3,350966e-01
-9,864351e-01
-1,103667e+00
-6,221776e-01
1,977663e-01
9,117721e-01
1,132538e+00
7,393483e-01
-5,556637e-02
-8,213572e-01
-1,142783e+00
-8,446420e-01
-8,760150e-02
7,181123e-01
1,135773e+00
9,380484e-01
2,311613e-01
-6,020283e-01
-1,109863e+00
-1,016300e+00
-3,710912e-01
4,764607e-01
1,066942e+00
1,079724e+00
5,068612e-01
-3,417447e-01
-1,006035e+00
-1,125532e+00
-6,345059e-01
2,015936e-01
9,295460e-01
1,154556e+00
7,536912e-01
-5,658927e-02
-8,370675e-01
-1,164581e+00
-8,606922e-01
-8,931772e-02
7,315570e-01
1,156960e+00
9,554912e-01
2,354801e-01
-6,130160e-01
-1,130094e+00
-1,034745e+00
-3,778462e-01
4,849586e-01
1,085915e+00
1,098846e+00
5,158194e-01
-3,476698e-01
-1,023457e+00
-1,144933e+00
-6,454030e-01
2,049622e-01
9,451953e-01
1,173907e+00
7,662659e-01
-5,747113e-02
-8,507468e-01
-1,183510e+00
-8,746091e-01
-9,080680e-02
7,431207e-01
1,175160e+00
9,704354e-01
2,391768e-01
-6,223944e-01
-1,147279e+00
-1,050394e+00
-3,835427e-01
4,920803e-01
1,101826e+00
1,114828e+00
5,232915e-01
-3,525765e-01
-1,037883e+00
-1,160952e+00
-6,543864e-01
2,077206e-01
9,579631e-01
1,189641e+00
7,764593e-01
-5,816594e-02
-8,617389e-01
-1,198676e+00
-8,857274e-01
-9,200340e-02
7,522496e-01
1,189510e+00
9,821802e-01
2,420747e-01
-6,296616e-01
-1,160586e+00
-1,062443e+00
-3,879253e-01
4,974977e-01
1,113909e+00
1,126922e+00
5,289271e-01
-3,562168e-01
-1,048602e+00
-1,172799e+00
-6,610034e-01
2,097115e-01
9,672316e-01
1,201009e+00
7,837949e-01
-5,864844e-02
-8,695124e-01
-1,209355e+00
-8,935127e-01
-9,284666e-02
7,585474e-01
1,199300e+00
9,901422e-01
2,440448e-01
-6,344866e-01
-1,169364e+00
-1,070340e+00
-3,907981e-01
5,009821e-01
1,121583e+00
1,134538e+00
5,324561e-01
-3,584586e-01
-1,055105e+00
-1,179929e+00
-6,649362e-01
2,108547e-01
9,725643e-01
1,207467e+00
7,879043e-01
-5,888598e-02
-8,736990e-01
-1,215009e+00
-8,975821e-01
-9,330838e-02
7,616577e-01
1,204079e+00
9,939428e-01
2,449816e-01
-6,366541e-01
-1,173197e+00
-1,073714e+00
-3,919932e-01
5,023109e-01
1,124463e+00
1,137293e+00
5,336957e-01
-3,591400e-01
-1,057070e+00
-1,181970e+00
-6,660021e-01
2,110774e-01
9,736867e-01
1,208699e+00
7,886124e-01
-5,887855e-02
-8,740716e-01
-1,215387e+00
-8,977335e-01
-9,335737e-02
7,614424e-01
1,203596e+00
9,934262e-01
2,448525e-01
-6,360217e-01
-1,171903e+00
-1,072380e+00
-3,914840e-01
5,014438e-01
1,122422e+00
1,135089e+00
5,325986e-01
-3,582463e-01
-1,054414e+00
-1,178833e+00
-6,641627e-01
2,103974e-01
9,705452e-01
1,204648e+00
7,858733e-01
-5,859648e-02
-8,706496e-01
-1,210470e+00
-8,939893e-01
-9,301146e-02
7,579328e-01
1,197898e+00
9,885715e-01
2,436722e-01
-6,326234e-01
-1,165546e+00
-1,066412e+00
-3,892852e-01
4,984434e-01
1,115566e+00
1,127983e+00
5,292226e-01
-3,558560e-01
-1,047257e+00
-1,170676e+00
-6,595024e-01
2,088163e-01
9,633166e-01
1,195514e+00
7,798205e-01
-5,807983e-02
-8,635798e-01
-1,200482e+00
-8,865024e-01
-9,225430e-02
7,512817e-01
1,187236e+00
9,796653e-01
2,414809e-01
-6,266671e-01
-1,154411e+00
-1,056096e+00
-3,854935e-01
4,933987e-01
1,104214e+00
1,116363e+00
5,237339e-01
-3,520020e-01
-1,035937e+00
-1,157884e+00
-6,522219e-01
2,064112e-01
9,523171e-01
1,181713e+00
7,707495e-01
-5,734049e-02
-8,531786e-01
-1,185912e+00
-8,756513e-01
-9,115271e-02
7,417935e-01
1,172136e+00
9,670905e-01
2,383973e-01
-6,183710e-01
-1,139063e+00
-1,041936e+00
-3,802959e-01
4,866095e-01
1,088913e+00
1,100785e+00
5,163895e-01
-3,469483e-01
-1,021006e+00
-1,141079e+00
-6,427084e-01
2,033158e-01
9,380751e-01
1,163956e+00
7,590863e-01
-5,640666e-02
-8,399966e-01
-1,167470e+00
-8,619542e-01
-8,977053e-02
7,299551e-01
1,153312e+00
9,514827e-01
2,345670e-01
-6,081762e-01
-1,120231e+00
-1,024614e+00
-3,739847e-01
4,783432e-01
1,070405e+00
1,081985e+00
5,075441e-01
-3,408896e-01
-1,003182e+00
-1,121066e+00
-6,313986e-01
1,996814e-01
9,213078e-01
1,143055e+00
7,454159e-01
-5,534219e-02
-8,246115e-01
-1,146026e+00
-8,460658e-01
-8,813448e-02
7,163040e-01
1,131699e+00
9,335990e-01
2,301607e-01
-5,965635e-01
-1,098800e+00
-1,004963e+00
-3,667992e-01
4,690465e-01
1,049567e+00
1,060871e+00
4,976313e-01
-3,341242e-01
-9,833204e-01
-1,098816e+00
-6,188521e-01
1,956566e-01
9,028005e-01
1,120044e+00
7,303856e-01
-5,417082e-02
-8,077923e-01
-1,122625e+00
-8,287506e-01
-8,635145e-02
7,015172e-01
1,108311e+00
9,142826e-01
2,254232e-01
-5,840926e-01
-1,075837e+00
-9,839276e-01
-3,591281e-01
4,591411e-01
1,027423e+00
1,038465e+00
4,871336e-01
-3,269861e-01
-9,623813e-01
-1,075411e+00
-6,056538e-01
