4,167673e-02
1,202642e-01
1,974679e-01
2,734065e-01
3,479234e-01
4,206899e-01
4,909142e-01
5,582727e-01
6,224573e-01
6,832564e-01
7,401691e-01
7,927202e-01
8,407843e-01
8,841839e-01
9,224923e-01
9,555339e-01
9,831795e-01
1,005230e+00
1,021624e+00
1,032152e+00
1,036824e+00
1,035622e+00
1,028596e+00
1,015648e+00
9,969111e-01
9,725219e-01
9,426835e-01
9,074354e-01
8,670478e-01
8,216482e-01
7,717459e-01
7,173772e-01
6,588569e-01
5,966482e-01
5,311555e-01
4,625302e-01
3,912594e-01
3,176909e-01
2,425887e-01
1,661131e-01
8,822786e-02
1,031333e-02
-6,767865e-02
-1,458100e-01
-2,226867e-01
-2,980780e-01
-3,720975e-01
-4,440464e-01
-5,133825e-01
-5,797135e-01
-6,428086e-01
-7,023478e-01
-7,578353e-01
-8,089149e-01
-8,554608e-01
-8,971857e-01
-9,338056e-01
-9,650985e-01
-9,908233e-01
-1,011082e+00
-1,025519e+00
-1,034054e+00
-1,036762e+00
-1,033603e+00
-1,024631e+00
-1,009708e+00
-9,890677e-01
-9,628661e-01
-9,311929e-01
-8,941633e-01
-8,520529e-01
-8,052005e-01
-7,537182e-01
-6,979966e-01
-6,381649e-01
-5,748098e-01
-5,082654e-01
-4,387313e-01
-3,665518e-01
-2,924497e-01
-2,168898e-01
-1,399425e-01
-6,162869e-02
1,556982e-02
9,417799e-02
1,718929e-01
2,482566e-01
3,233174e-01
3,966622e-01
4,678073e-01
5,361348e-01
6,014021e-01
6,633630e-01
7,215803e-01
7,756530e-01
8,252437e-01
8,702286e-01
9,102719e-01
9,450914e-01
9,745960e-01
9,985393e-01
1,016842e+00
1,029330e+00
1,035960e+00
1,036703e+00
1,031650e+00
1,020644e+00
1,003773e+00
9,812518e-01
9,532636e-01
9,197797e-01
8,810703e-01
8,373264e-01
7,888648e-01
7,359763e-01
6,787813e-01
6,177568e-01
5,532813e-01
4,857283e-01
4,152957e-01
3,424535e-01
2,677662e-01
1,917880e-01
1,143417e-01
3,574726e-02
-4,129807e-02
-1,198856e-01
-1,971770e-01
-2,730812e-01
-3,476291e-01
-4,203560e-01
-4,905613e-01
-5,579199e-01
-6,221475e-01
-6,828933e-01
-7,397594e-01
-7,923812e-01
-8,404504e-01
-8,837880e-01
-9,221687e-01
-9,552017e-01
-9,828439e-01
-1,004921e+00
-1,021359e+00
-1,031860e+00
-1,036493e+00
-1,035306e+00
-1,028245e+00
-1,015329e+00
-9,965445e-01
-9,722018e-01
-9,423186e-01
-9,071084e-01
-8,666089e-01
-8,213401e-01
-7,713982e-01
-7,170260e-01
-6,585265e-01
-5,962954e-01
-5,308147e-01
-4,622083e-01
-3,908876e-01
-3,173948e-01
-2,422583e-01
-1,657465e-01
-8,787157e-02
-1,002245e-02
6,794027e-02
1,460785e-01
2,229208e-01
2,984308e-01
3,724021e-01
4,443992e-01
5,136854e-01
5,800388e-01
6,431167e-01
7,026318e-01
7,581331e-01
8,092006e-01
8,557706e-01
8,974663e-01
9,341568e-01
9,653446e-01
9,911296e-01
1,011383e+00
1,025829e+00
1,034380e+00
1,037049e+00
1,033944e+00
1,024975e+00
1,010051e+00
9,894119e-01
9,632052e-01
9,315440e-01
8,945231e-01
8,524677e-01
8,055327e-01
7,540848e-01
6,982927e-01
6,385091e-01
5,751678e-01
5,086338e-01
4,390980e-01
3,669219e-01
2,928284e-01
2,172219e-01
1,403109e-01
6,197809e-02
-1,524452e-02
-9,375974e-02
-1,714385e-01
-2,479330e-01
-3,228923e-01
-3,963076e-01
-4,674286e-01
-5,358267e-01
-6,010596e-01
-6,630601e-01
-7,212636e-01
-7,753174e-01
-8,248943e-01
-8,699188e-01
-9,100068e-01
-9,448195e-01
-9,741949e-01
-9,982003e-01
-1,016507e+00
-1,028992e+00
-1,035600e+00
-1,036338e+00
-1,031261e+00
-1,020261e+00
-1,003448e+00
-9,809316e-01
-9,528815e-01
-9,194647e-01
-8,807381e-01
-8,369719e-01
-7,885636e-01
-7,356424e-01
-6,784922e-01
-6,174160e-01
-5,530093e-01
-4,854253e-01
-4,149515e-01
-3,420645e-01
-2,674426e-01
-1,913767e-01
-1,139888e-01
-3,536860e-02
4,164059e-02
1,202143e-01
1,974387e-01
2,733583e-01
3,478907e-01
4,206365e-01
4,908694e-01
5,582073e-01
6,224419e-01
6,832220e-01
7,401570e-01
7,926720e-01
8,407671e-01
8,841547e-01
9,224768e-01
9,554925e-01
9,831623e-01
1,005243e+00
1,021648e+00
1,032188e+00
1,036798e+00
1,035639e+00
1,028581e+00
1,015657e+00
9,969008e-01
9,725615e-01
9,426955e-01
9,074939e-01
8,669721e-01
8,217463e-01
7,717769e-01
7,174064e-01
6,589017e-01
5,966499e-01
5,311658e-01
4,626024e-01
3,912714e-01
3,177253e-01
2,426421e-01
1,661183e-01
8,825540e-02
1,036324e-02
-6,762357e-02
-1,457429e-01
-2,225524e-01
-2,980539e-01
-3,720854e-01
-4,439947e-01
-5,133378e-01
-5,796498e-01
-6,427776e-01
-7,023495e-01
-7,577527e-01
-8,088753e-01
-8,554298e-01
-8,971771e-01
-9,338022e-01
-9,650279e-01
-9,908026e-01
-1,011049e+00
-1,025503e+00
-1,034097e+00
-1,036746e+00
-1,033615e+00
-1,024576e+00
-1,009718e+00
-9,890642e-01
-9,628523e-01
-9,311791e-01
-8,941874e-01
-8,520942e-01
-8,052264e-01
-7,537664e-01
-6,979863e-01
-6,381132e-01
-5,748615e-01
-5,082775e-01
-4,387210e-01
-3,666361e-01
-2,925065e-01
-2,169259e-01
-1,399718e-01
-6,166656e-02
1,554745e-02
9,412463e-02
1,718361e-01
2,482291e-01
3,233105e-01
3,966123e-01
4,677574e-01
5,360539e-01
6,013574e-01
6,633888e-01
7,215923e-01
7,756358e-01
8,252196e-01
8,702062e-01
9,102581e-01
9,450914e-01
9,745701e-01
9,985462e-01
1,016841e+00
1,029330e+00
1,035980e+00
1,036713e+00
1,031633e+00
1,020626e+00
1,003794e+00
9,812931e-01
9,532240e-01
9,198451e-01
8,810118e-01
8,373368e-01
7,888923e-01
7,360279e-01
6,788123e-01
6,178033e-01
5,533570e-01
4,858074e-01
4,153026e-01
3,424208e-01
2,678282e-01
1,917897e-01
1,143520e-01
3,577996e-02
-4,127398e-02
-1,197961e-01
-1,971202e-01
-2,730606e-01
-3,475981e-01
-4,203405e-01
-4,905390e-01
-5,578785e-01
-6,220718e-01
-6,829380e-01
-7,397371e-01
-7,923209e-01
-8,403678e-01
-8,838035e-01
-9,221963e-01
-9,552447e-01
-9,828370e-01
-1,004928e+00
-1,021304e+00
-1,031834e+00
-1,036538e+00
-1,035268e+00
-1,028287e+00
-1,015323e+00
-9,965789e-01
-9,721897e-01
-9,423203e-01
-9,070860e-01
-8,666606e-01
-8,213711e-01
-7,714516e-01
-7,170914e-01
-6,585626e-01
-5,963057e-01
-5,308456e-01
-4,622806e-01
-3,909393e-01
-3,173759e-01
-2,422566e-01
-1,657792e-01
-8,789051e-02
-1,003794e-02
6,791961e-02
1,460631e-01
2,228227e-01
2,983878e-01
3,724021e-01
4,443493e-01
5,136510e-01
5,799630e-01
6,430874e-01
7,026232e-01
7,581210e-01
8,091988e-01
8,557999e-01
8,975076e-01
9,341034e-01
9,653308e-01
9,911555e-01
1,011347e+00
1,025841e+00
1,034343e+00
1,037049e+00
1,033879e+00
1,024920e+00
1,010030e+00
9,894085e-01
9,632189e-01
9,315681e-01
8,945609e-01
8,524591e-01
8,055396e-01
7,540952e-01
6,983185e-01
6,385470e-01
5,752487e-01
5,086734e-01
4,390601e-01
3,669769e-01
2,928318e-01
2,172977e-01
1,403814e-01
6,204005e-02
-1,525657e-02
-9,378384e-02
-1,714505e-01
-2,478951e-01
-3,228888e-01
-3,962818e-01
-4,674028e-01
-5,357218e-01
-6,010338e-01
-6,630187e-01
-7,212567e-01
-7,753174e-01
-8,248840e-01
-8,698809e-01
-9,099776e-01
-9,448023e-01
-9,742707e-01
-9,981848e-01
-1,016527e+00
-1,028973e+00
-1,035586e+00
-1,036312e+00
-1,031238e+00
-1,020347e+00
-1,003467e+00
-9,809334e-01
-9,529039e-01
-9,194733e-01
-8,807450e-01
-8,370218e-01
-7,885619e-01
-7,356888e-01
-6,784887e-01
-6,174280e-01
-5,530042e-01
-4,854081e-01
-4,149239e-01
-3,421110e-01
-2,674908e-01
-1,914627e-01
-1,140387e-01
-3,540990e-02
4,157518e-02
1,201265e-01
1,974266e-01
2,733583e-01
3,479269e-01
4,206228e-01
4,908522e-01
5,581935e-01
6,223851e-01
6,831859e-01
7,400847e-01
7,926652e-01
8,407602e-01
8,841271e-01
9,224871e-01
9,555115e-01
9,830779e-01
1,005281e+00
1,021626e+00
1,032166e+00
1,036769e+00
1,035614e+00
1,028572e+00
1,015696e+00
9,969145e-01
9,725443e-01
9,427145e-01
9,075266e-01
8,670650e-01
8,217205e-01
7,717700e-01
7,174649e-01
6,588724e-01
5,967257e-01
5,312088e-01
4,626265e-01
3,912869e-01
3,177683e-01
2,426524e-01
1,661699e-01
8,827089e-02
1,035292e-02
-6,759087e-02
-1,456878e-01
-2,225077e-01
-2,979936e-01
-3,720217e-01
-4,439706e-01
-5,132965e-01
-5,796463e-01
-6,427105e-01
-7,023289e-01
-7,577372e-01
-8,088684e-01
-8,554453e-01
-8,971100e-01
-9,337592e-01
-9,650245e-01
-9,907992e-01
-1,011088e+00
-1,025519e+00
-1,034101e+00
-1,036739e+00
-1,033633e+00
-1,024584e+00
-1,009701e+00
-9,890539e-01
-9,628265e-01
-9,312325e-01
-8,942236e-01
-8,520546e-01
-8,052418e-01
-7,537802e-01
-6,980001e-01
-6,382354e-01
-5,748907e-01
-5,083704e-01
-4,387692e-01
-3,666034e-01
-2,925151e-01
-2,169586e-01
-1,400011e-01
-6,173540e-02
1,554056e-02
9,408504e-02
1,718016e-01
2,482101e-01
3,232193e-01
3,966088e-01
4,677040e-01
5,360798e-01
6,013384e-01
6,633131e-01
7,215390e-01
7,755893e-01
8,252076e-01
8,702131e-01
9,102925e-01
9,451637e-01
9,745288e-01
9,985290e-01
1,016844e+00
1,029350e+00
1,035917e+00
1,036665e+00
1,031605e+00
1,020651e+00
1,003804e+00
9,813017e-01
9,532774e-01
9,198468e-01
8,810823e-01
8,373987e-01
7,889336e-01
7,360141e-01
6,788863e-01
6,178170e-01
5,533604e-01
4,858212e-01
4,153181e-01
3,425069e-01
2,678643e-01
1,917897e-01
1,144363e-01
3,581094e-02
-4,123955e-02
-1,197531e-01
-1,970342e-01
-2,729900e-01
-3,475689e-01
-4,202510e-01
-4,904891e-01
-5,578217e-01
-6,220546e-01
-6,828571e-01
-7,397353e-01
-7,923106e-01
-8,403919e-01
-8,838208e-01
-9,221308e-01
-9,551931e-01
-9,828077e-01
-1,004927e+00
-1,021321e+00
-1,031839e+00
-1,036529e+00
-1,035318e+00
-1,028280e+00
-1,015333e+00
-9,965703e-01
-9,721502e-01
-9,423788e-01
-9,071359e-01
-8,666967e-01
-8,214158e-01
-7,714963e-01
-7,170742e-01
-6,585833e-01
-5,964107e-01
-5,308629e-01
-4,623012e-01
-3,909220e-01
-3,174688e-01
-2,422944e-01
-1,658343e-01
-8,797656e-02
-1,010162e-02
6,783528e-02
1,460613e-01
2,228399e-01
2,983826e-01
3,723901e-01
4,443510e-01
5,136338e-01
5,799458e-01
6,430720e-01
7,026094e-01
7,581021e-01
8,091644e-01
8,557500e-01
8,974336e-01
9,341241e-01
9,652878e-01
9,911262e-01
1,011381e+00
1,025808e+00
1,034307e+00
1,037063e+00
1,033887e+00
1,024958e+00
1,010068e+00
9,894205e-01
9,632069e-01
9,315715e-01
8,945954e-01
8,525141e-01
8,055930e-01
7,541468e-01
6,983185e-01
6,385934e-01
5,752677e-01
5,086802e-01
4,391530e-01
3,669941e-01
2,929368e-01
2,173390e-01
1,403883e-01
6,205899e-02
-1,517051e-02
-9,368573e-02
-1,714367e-01
-2,478521e-01
-3,228647e-01
-3,962749e-01
-4,673701e-01
-5,356856e-01
-6,010630e-01
-6,630067e-01
-7,212636e-01
-7,752588e-01
-8,248513e-01
-8,698430e-01
-9,099655e-01
-9,447816e-01
-9,741777e-01
-9,981813e-01
-1,016527e+00
-1,029032e+00
-1,035571e+00
-1,036359e+00
-1,031275e+00
-1,020292e+00
-1,003469e+00
-9,809953e-01
-9,529607e-01
-9,195078e-01
-8,807863e-01
-8,370287e-01
-7,885378e-01
-7,357078e-01
-6,785628e-01
-6,174625e-01
-5,530334e-01
-4,854821e-01
-4,149859e-01
-3,421179e-01
-2,675132e-01
-1,914971e-01
-1,140422e-01
-3,545466e-02
4,164059e-02
1,201438e-01
1,973836e-01
2,733274e-01
3,478907e-01
4,205694e-01
4,908763e-01
5,581367e-01
6,223386e-01
6,831721e-01
7,400469e-01
7,926273e-01
8,407120e-01
8,840996e-01
9,224906e-01
9,554977e-01
9,831055e-01
1,005261e+00
1,021712e+00
1,032228e+00
1,036879e+00
1,035622e+00
1,028602e+00
1,015701e+00
9,969163e-01
9,725615e-01
9,427696e-01
9,075387e-01
8,670840e-01
8,217755e-01
7,717700e-01
7,174357e-01
6,589378e-01
5,967670e-01
5,312105e-01
4,626971e-01
3,913764e-01
3,178217e-01
2,427109e-01
1,662302e-01
8,833285e-02
1,039595e-02
-6,752546e-02
-1,456844e-01
-2,225180e-01
-2,979867e-01
-3,720011e-01
-4,440119e-01
-5,132672e-01
-5,796102e-01
-6,427346e-01
-7,022686e-01
-7,576959e-01
-8,088236e-01
-8,553902e-01
-8,971410e-01
-9,337747e-01
-9,650141e-01
-9,907785e-01
-1,011097e+00
-1,025472e+00
-1,034047e+00
-1,036724e+00
-1,033620e+00
-1,024586e+00
-1,009718e+00
-9,890522e-01
-9,628695e-01
-9,312428e-01
-8,941719e-01
-8,521424e-01
-8,052350e-01
-7,538284e-01
-6,980173e-01
-6,382303e-01
-5,749303e-01
-5,083773e-01
-4,388002e-01
-3,667033e-01
-2,925426e-01
-2,169999e-01
-1,400269e-01
-6,176294e-02
1,550442e-02
9,401964e-02
1,717500e-01
2,480879e-01
3,231900e-01
3,966019e-01
4,677006e-01
5,360557e-01
6,013092e-01
6,633286e-01
7,215407e-01
7,756065e-01
8,251955e-01
8,702165e-01
9,102323e-01
9,451035e-01
9,745237e-01
9,985256e-01
1,016858e+00
1,029330e+00
1,035877e+00
1,036682e+00
1,031596e+00
1,020670e+00
1,003787e+00
9,813241e-01
9,532257e-01
9,198658e-01
8,811185e-01
8,373884e-01
7,889388e-01
7,360296e-01
6,788743e-01
6,178962e-01
5,534344e-01
4,858642e-01
4,153921e-01
3,425396e-01
2,678833e-01
1,918310e-01
1,144535e-01
3,582987e-02
-4,118103e-02
-1,197238e-01
-1,970084e-01
-2,729762e-01
-3,475345e-01
-4,202097e-01
-4,905028e-01
-5,577684e-01
-6,220597e-01
-6,827969e-01
-7,396992e-01
-7,922934e-01
-8,403471e-01
-8,837708e-01
-9,220999e-01
-9,551741e-01
-9,828301e-01
-1,004909e+00
-1,021323e+00
-1,031853e+00
-1,036498e+00
-1,035280e+00
-1,028266e+00
-1,015354e+00
-9,965961e-01
-9,722224e-01
-9,423978e-01
-9,071910e-01
-8,667277e-01
-8,213883e-01
-7,714602e-01
-7,171207e-01
-6,586160e-01
-5,963831e-01
-5,308852e-01
-4,623098e-01
-3,910064e-01
-3,174585e-01
-2,423202e-01
-1,658274e-01
-8,794730e-02
-1,007925e-02
6,768726e-02
1,455949e-01
2,220808e-01
2,971072e-01
3,705725e-01
4,418932e-01
5,105202e-01
5,760319e-01
6,383921e-01
6,969536e-01
7,515254e-01
8,015878e-01
8,471854e-01
8,879172e-01
9,235095e-01
9,537473e-01
9,786218e-01
9,978698e-01
1,011426e+00
1,019290e+00
1,021188e+00
1,017374e+00
1,007877e+00
9,925599e-01
9,716631e-01
9,452790e-01
9,135714e-01
8,767260e-01
8,348462e-01
7,884070e-01
7,375890e-01
6,825198e-01
6,236983e-01
5,614190e-01
4,961552e-01
4,280032e-01
3,574502e-01
2,850744e-01
2,114061e-01
1,364330e-01
6,031371e-02
-1,467825e-02
-9,092667e-02
-1,661475e-01
-2,399777e-01
-3,125721e-01
-3,832989e-01
-4,518657e-01
-5,175237e-01
-5,802264e-01
-6,395814e-01
-6,952909e-01
-7,468318e-01
-7,941161e-01
-8,367877e-01
-8,747673e-01
-9,076385e-01
-9,353289e-01
-9,576113e-01
-9,745478e-01
-9,858542e-01
-9,914739e-01
-9,915169e-01
-9,859437e-01
-9,747715e-01
-9,580175e-01
-9,358745e-01
-9,085507e-01
-8,760066e-01
-8,385536e-01
-7,964018e-01
-7,497371e-01
-6,989846e-01
-6,442458e-01
-5,858529e-01
-5,243465e-01
-4,599914e-01
-3,929221e-01
-3,237425e-01
-2,529606e-01
-1,809480e-01
-1,077702e-01
-3,352005e-02
3,904676e-02
1,129940e-01
1,856072e-01
2,569331e-01
3,268493e-01
3,949358e-01
4,605955e-01
5,233981e-01
5,832247e-01
6,397483e-01
6,925456e-01
7,412276e-01
7,855842e-01
8,255811e-01
8,607689e-01
8,910394e-01
9,161635e-01
9,361017e-01
9,507025e-01
9,598385e-01
9,634874e-01
9,617146e-01
9,544616e-01
9,417833e-01
9,237195e-01
9,004715e-01
8,722544e-01
8,390304e-01
8,009957e-01
7,586270e-01
7,119847e-01
6,613199e-01
6,069409e-01
5,492520e-01
4,885544e-01
4,252028e-01
3,593796e-01
2,915478e-01
2,224647e-01
1,521664e-01
8,073382e-02
9,423479e-03
-6,179220e-02
-1,331421e-01
-2,032150e-01
-2,719504e-01
-3,392624e-01
-4,046657e-01
-4,674527e-01
-5,274756e-01
-5,845156e-01
-6,381838e-01
-6,880809e-01
-7,339384e-01
-7,755876e-01
-8,128667e-01
-8,453919e-01
-8,731029e-01
-8,956935e-01
-9,133804e-01
-9,257557e-01
-9,328263e-01
-9,345492e-01
-9,310535e-01
-9,222548e-01
-9,081669e-01
-8,889516e-01
-8,647655e-01
-8,357240e-01
-8,019544e-01
-7,635600e-01
-7,210037e-01
-6,745008e-01
-6,240907e-01
-5,702607e-01
-5,132483e-01
-4,535679e-01
-3,912146e-01
-3,266565e-01
-2,604667e-01
-1,930496e-01
-1,244329e-01
-5,492984e-02
1,351473e-02
8,309701e-02
1,518669e-01
2,193665e-01
2,856063e-01
3,502866e-01
4,128482e-01
4,728641e-01
5,300797e-01
5,843159e-01
6,351614e-01
6,822254e-01
7,253652e-01
7,642949e-01
7,989148e-01
8,289253e-01
8,540839e-01
8,744369e-01
8,897692e-01
9,000136e-01
9,051514e-01
9,051101e-01
8,999895e-01
8,897330e-01
8,744007e-01
8,541114e-01
8,290561e-01
7,993829e-01
7,651297e-01
7,265442e-01
6,840086e-01
6,376709e-01
5,876550e-01
5,343827e-01
4,782342e-01
4,194713e-01
3,583108e-01
2,951726e-01
2,305869e-01
1,649720e-01
9,817113e-02
3,054240e-02
-3,542540e-02
-1,028734e-01
-1,691080e-01
-2,340827e-01
-2,977475e-01
-3,597738e-01
-4,195797e-01
-4,767953e-01
-5,312553e-01
-5,827772e-01
-6,307948e-01
-6,750756e-01
-7,155269e-01
-7,519127e-01
-7,839095e-01
-8,113658e-01
-8,341457e-01
-8,522370e-01
-8,655401e-01
-8,737277e-01
-8,769704e-01
-8,752854e-01
-8,686089e-01
-8,570512e-01
-8,405915e-01
-8,193951e-01
-7,936204e-01
-7,633241e-01
-7,286957e-01
-6,900930e-01
-6,476107e-01
-6,015105e-01
-5,520024e-01
-4,995029e-01
-4,443269e-01
-3,866415e-01
-3,266582e-01
-2,651104e-01
-2,021530e-01
-1,382678e-01
-7,334995e-02
-8,662716e-03
5,600903e-02
1,209097e-01
1,845160e-01
2,469726e-01
3,081176e-01
3,674589e-01
4,244748e-01
4,789743e-01
5,307217e-01
5,794140e-01
6,246846e-01
6,663303e-01
7,040862e-01
7,378919e-01
7,674274e-01
7,924724e-01
8,129545e-01
8,289305e-01
8,400734e-01
8,463850e-01
8,479255e-01
8,446742e-01
8,365898e-01
8,238754e-01
8,063434e-01
7,843312e-01
7,579110e-01
7,271707e-01
6,923305e-01
6,537571e-01
6,114452e-01
5,657134e-01
5,169023e-01
4,651584e-01
4,109721e-01
3,544106e-01
2,958990e-01
2,358417e-01
1,747311e-01
1,126015e-01
4,952705e-02
-1,229097e-02
-7,531210e-02
-1,376430e-01
-1,987812e-01
-2,587834e-01
-3,173277e-01
-3,739581e-01
-4,282872e-01
-4,801069e-01
-5,291348e-01
-5,751196e-01
-6,177172e-01
-6,566796e-01
-6,919209e-01
-7,231982e-01
-7,502827e-01
-7,729938e-01
-7,913502e-01
-8,052109e-01
-8,143899e-01
-8,189958e-01
-8,188426e-01
-8,141696e-01
-8,048047e-01
-7,908872e-01
-7,724757e-01
-7,497130e-01
-7,228626e-01
-6,918107e-01
-6,569206e-01
-6,183799e-01
-5,764363e-01
-5,312088e-01
-4,830449e-01
-4,322442e-01
-3,791182e-01
-3,238355e-01
-2,667662e-01
-2,084611e-01
-1,490837e-01
-8,878036e-02
-2,768523e-02
3,161986e-02
9,254803e-02
1,522972e-01
2,109534e-01
2,684581e-01
3,244276e-01
3,783299e-01
4,299636e-01
4,790811e-01
5,254618e-01
5,687857e-01
6,087051e-01
6,451253e-01
6,778244e-01
7,066335e-01
7,313755e-01
7,518680e-01
7,681211e-01
7,799697e-01
7,873691e-01
7,901849e-01
7,885636e-01
7,825911e-01
7,720540e-01
7,571262e-01
7,379694e-01
7,147369e-01
6,873408e-01
6,561857e-01
6,212370e-01
5,829080e-01
5,413569e-01
4,967163e-01
4,493803e-01
3,996347e-01
3,476205e-01
2,936976e-01
2,381722e-01
1,815934e-01
1,240474e-01
6,563388e-02
7,438954e-03
-5,056148e-02
-1,089165e-01
-1,661854e-01
-2,224182e-01
-2,773549e-01
-3,306944e-01
-3,819616e-01
-4,309189e-01
-4,774304e-01
-5,211795e-01
-5,619009e-01
-5,991680e-01
-6,331459e-01
-6,633681e-01
-6,898727e-01
-7,122979e-01
-7,306940e-01
-7,449213e-01
-7,548869e-01
-7,604756e-01
-7,618284e-01
-7,588164e-01
-7,515444e-01
-7,399161e-01
-7,241449e-01
-7,043323e-01
-6,805800e-01
-6,529550e-01
-6,216553e-01
-5,869080e-01
-5,489284e-01
-5,078558e-01
-4,639708e-01
-4,175246e-01
-3,688754e-01
-3,181470e-01
-2,655528e-01
-2,117503e-01
-1,569427e-01
-1,012383e-01
-4,473872e-02
1,052331e-02
6,699534e-02
1,228116e-01
1,775710e-01
2,313081e-01
2,837870e-01
3,344638e-01
3,830648e-01
4,294404e-01
4,733185e-01
5,144978e-01
5,525756e-01
5,874020e-01
6,188601e-01
6,467536e-01
6,709672e-01
6,912324e-01
7,075802e-01
7,199090e-01
7,280313e-01
7,320348e-01
7,319418e-01
7,276268e-01
7,192171e-01
7,066783e-01
6,901825e-01
6,698054e-01
6,456468e-01
6,178721e-01
5,865862e-01
5,521143e-01
5,145047e-01
4,740604e-01
4,309344e-01
3,855451e-01
3,380197e-01
2,886183e-01
2,376489e-01
1,855281e-01
1,325483e-01
7,868045e-02
2,415164e-02
-2,862672e-02
-8,294210e-02
-1,363453e-01
-1,885763e-01
-2,399261e-01
-2,897629e-01
-3,378838e-01
-3,838876e-01
-4,277313e-01
-4,690225e-01
-5,075202e-01
-5,431246e-01
-5,755121e-01
-6,046345e-01
-6,302991e-01
-6,522304e-01
-6,704112e-01
-6,848485e-01
-6,952909e-01
-7,017591e-01
-7,042583e-01
-7,027505e-01
-6,973357e-01
-6,878761e-01
-6,745558e-01
-6,574283e-01
-6,366554e-01
-6,122008e-01
-5,843744e-01
-5,533002e-01
-5,191726e-01
-4,820639e-01
-4,422942e-01
-4,001200e-01
-3,558099e-01
-3,095961e-01
-2,615545e-01
-2,122064e-01
-1,619134e-01
-1,107220e-01
-5,877153e-02
-7,192825e-03
4,424302e-02
9,609022e-02
1,469426e-01
1,967777e-01
2,456559e-01
2,929678e-01
3,385068e-01
3,819151e-01
4,231391e-01
4,619553e-01
4,979487e-01
5,311004e-01
5,611006e-01
5,878839e-01
6,113024e-01
6,311717e-01
6,473353e-01
6,599464e-01
6,686952e-01
6,735662e-01
6,746522e-01
6,719964e-01
6,654250e-01
6,550703e-01
6,410237e-01
6,233248e-01
6,022369e-01
5,776859e-01
5,498957e-01
5,190693e-01
4,853238e-01
4,488932e-01
4,099755e-01
3,688393e-01
3,257322e-01
2,808007e-01
2,342840e-01
1,866245e-01
1,381164e-01
8,883371e-02
3,877482e-02
-9,867544e-03
-5,976293e-02
-1,091196e-01
-1,575365e-01
-2,050101e-01
-2,513427e-01
-2,960780e-01
-3,390593e-01
-3,799667e-01
-4,187243e-01
-4,549896e-01
-4,885252e-01
-5,192569e-01
-5,470316e-01
-5,716136e-01
-5,928840e-01
-6,107258e-01
-6,250443e-01
-6,358722e-01
-6,430083e-01
-6,464145e-01
-6,461666e-01
-6,423318e-01
-6,348292e-01
-6,237413e-01
-6,090975e-01
-5,910079e-01
-5,696893e-01
-5,450351e-01
-5,174961e-01
-4,869916e-01
-4,538347e-01
-4,181873e-01
-3,801784e-01
-3,401024e-01
-2,982484e-01
-2,547231e-01
-2,097968e-01
-1,639152e-01
-1,172160e-01
-6,985595e-02
-2,189001e-02
2,426008e-02
7,210725e-02
1,190147e-01
1,650030e-01
2,100446e-01
2,539090e-01
2,961348e-01
3,365258e-01
3,748858e-01
4,111804e-01
4,450154e-01
4,761981e-01
5,045477e-01
5,301210e-01
5,525584e-01
5,716842e-01
5,875913e-01
6,001456e-01
6,093540e-01
6,149082e-01
6,169909e-01
6,155795e-01
6,107068e-01
6,024038e-01
5,905759e-01
5,754673e-01
5,571970e-01
5,357011e-01
5,112224e-01
4,838436e-01
4,538950e-01
4,213457e-01
3,864934e-01
3,494914e-01
3,106633e-01
2,701225e-01
2,280516e-01
1,848121e-01
1,406844e-01
9,596285e-02
5,048747e-02
5,500902e-03
-3,938240e-02
-8,473558e-02
-1,291559e-01
-1,727552e-01
-2,154233e-01
-2,567833e-01
-2,964807e-01
-3,344035e-01
-3,703281e-01
-4,041889e-01
-4,356590e-01
-4,644923e-01
-4,906285e-01
-5,139144e-01
-5,343104e-01
-5,515825e-01
-5,656376e-01
-5,764931e-01
-5,840440e-01
-5,882264e-01
-5,890733e-01
-5,866688e-01
-5,808770e-01
-5,717255e-01
-5,593278e-01
-5,439129e-01
-5,254033e-01
-5,039986e-01
-4,797144e-01
-4,528124e-01
-4,233801e-01
-3,915985e-01
-3,576223e-01
-3,217838e-01
-2,841433e-01
-2,450741e-01
-2,045265e-01
-1,630546e-01
-1,207995e-01
-7,802640e-02
-3,448219e-02
7,635169e-03
5,091777e-02
9,378728e-02
1,358203e-01
1,769979e-01
2,172529e-01
2,560966e-01
2,933499e-01
3,288045e-01
3,623797e-01
3,938446e-01
4,228793e-01
4,494578e-01
4,734631e-01
4,946646e-01
5,130383e-01
5,284394e-01
5,407424e-01
5,500145e-01
5,560902e-01
5,589904e-01
5,586841e-01
5,553553e-01
5,486771e-01
5,389886e-01
5,262673e-01
5,105563e-01
4,919658e-01
4,706094e-01
4,466230e-01
4,201581e-01
3,914040e-01
3,604950e-01
3,275653e-01
2,929024e-01
2,566525e-01
2,189948e-01
1,801563e-01
1,404176e-01
1,001522e-01
5,920871e-02
1,783834e-02
-2,182288e-02
-6,304867e-02
-1,035464e-01
-1,431594e-01
-1,819962e-01
-2,197727e-01
-2,562033e-01
-2,909867e-01
-3,240902e-01
-3,552436e-01
-3,843471e-01
-4,111373e-01
-4,355196e-01
-4,574354e-01
-4,766593e-01
-4,931311e-01
-5,067387e-01
-5,174428e-01
-5,251709e-01
-5,298904e-01
-5,315875e-01
-5,302931e-01
-5,260728e-01
-5,187681e-01
-5,084823e-01
-4,954977e-01
-4,796508e-01
-4,611016e-01
-4,400136e-01
-4,164351e-01
-3,905916e-01
-3,626482e-01
-3,326651e-01
-3,008129e-01
-2,674461e-01
-2,326283e-01
-1,964937e-01
-1,593678e-01
-1,215655e-01
-8,312799e-02
-4,421548e-02
-5,681626e-03
3,269043e-02
7,173548e-02
1,101230e-01
1,478290e-01
1,848465e-01
2,208381e-01
2,554787e-01
2,886717e-01
3,201642e-01
3,499286e-01
3,776844e-01
4,032130e-01
4,264955e-01
4,473700e-01
4,656455e-01
4,813496e-01
4,942034e-01
5,043015e-01
5,115495e-01
5,157818e-01
5,171416e-01
5,156493e-01
5,111484e-01
5,036854e-01
4,933720e-01
4,802721e-01
4,644389e-01
4,459672e-01
4,249412e-01
4,014419e-01
3,757154e-01
3,478615e-01
3,180213e-01
2,863361e-01
2,530811e-01
2,183338e-01
1,822682e-01
1,452369e-01
1,074104e-01
6,900912e-02
2,987286e-02
-7,864087e-03
-4,699519e-02
-8,584746e-02
-1,240250e-01
-1,615313e-01
-1,982442e-01
-2,337608e-01
-2,679951e-01
-3,005961e-01
-3,315636e-01
-3,606654e-01
-3,877396e-01
-4,124954e-01
-4,349792e-01
-4,550533e-01
-4,724838e-01
-4,872102e-01
-4,991948e-01
-5,083481e-01
-5,145822e-01
-5,178868e-01
-5,182603e-01
-5,157560e-01
-5,102276e-01
-5,018265e-01
-4,905768e-01
-4,765526e-01
-4,598709e-01
-4,405042e-01
-4,185901e-01
-3,943644e-01
-3,679167e-01
-3,394053e-01
-3,089059e-01
-2,767009e-01
-2,428951e-01
-2,076711e-01
-1,712250e-01
-1,339425e-01
-9,594909e-02
-5,721902e-02
-1,803972e-02
1,944249e-02
5,874743e-02
9,739488e-02
1,353487e-01
1,726089e-01
2,089964e-01
2,441189e-01
2,777439e-01
3,098337e-01
3,402194e-01
3,686516e-01
3,949444e-01
4,189670e-01
4,407142e-01
4,598950e-01
4,763840e-01
4,902412e-01
5,012241e-01
5,094444e-01
5,147440e-01
5,171226e-01
5,164858e-01
5,129488e-01
5,064720e-01
4,971431e-01
4,849606e-01
4,700483e-01
4,523924e-01
4,322236e-01
4,095538e-01
3,845588e-01
3,574175e-01
3,281608e-01
2,970797e-01
2,643411e-01
2,300740e-01
1,943646e-01
1,576483e-01
1,200904e-01
8,189390e-02
4,297795e-02
4,588675e-03
-3,391764e-02
-7,297645e-02
-1,113881e-01
-1,491302e-01
-1,860892e-01
-2,220567e-01
-2,567024e-01
-2,898783e-01
-3,214534e-01
-3,511971e-01
-3,789839e-01
-4,045056e-01
-4,277777e-01
-4,486333e-01
-4,669467e-01
-4,825458e-01
-4,954667e-01
-5,056062e-01
-5,128145e-01
-5,170934e-01
-5,184239e-01
-5,168645e-01
-5,123825e-01
-5,050003e-01
-4,946113e-01
-4,814959e-01
-4,657006e-01
-4,472374e-01
-4,261874e-01
-4,027466e-01
-3,770286e-01
-3,491782e-01
-3,192709e-01
-2,875891e-01
-2,543272e-01
-2,195645e-01
-1,834661e-01
-1,464572e-01
-1,086583e-01
-7,025698e-02
-3,111555e-02
6,676470e-03
4,573012e-02
8,455657e-02
1,227169e-01
1,602404e-01
1,969946e-01
2,325474e-01
2,667146e-01
2,993620e-01
3,303329e-01
3,594605e-01
3,864384e-01
4,112320e-01
4,337175e-01
4,537883e-01
4,711860e-01
4,859193e-01
4,978678e-01
5,070210e-01
5,132999e-01
5,166046e-01
5,170314e-01
5,144410e-01
5,089608e-01
5,005700e-01
4,893754e-01
4,753478e-01
4,586317e-01
4,392236e-01
4,173783e-01
3,931131e-01
3,666775e-01
3,381265e-01
3,076340e-01
2,753704e-01
2,415836e-01
2,064181e-01
1,699755e-01
1,326327e-01
9,467369e-02
5,602280e-02
1,681252e-02
-2,074370e-02
-5,998324e-02
-9,864446e-02
-1,365862e-01
-1,738223e-01
-2,101943e-01
-2,453013e-01
-2,790348e-01
-3,111228e-01
-3,415361e-01
-3,699167e-01
-3,962749e-01
-4,203026e-01
-4,419930e-01
-4,611463e-01
-4,776972e-01
-4,914529e-01
-5,025597e-01
-5,107646e-01
-5,159746e-01
-5,182879e-01
-5,176700e-01
-5,141984e-01
-5,077956e-01
-4,983893e-01
-4,862653e-01
-4,713133e-01
-4,537211e-01
-4,335058e-01
-4,108379e-01
-3,858773e-01
-3,586602e-01
-3,294517e-01
-2,983207e-01
-2,656027e-01
-2,313029e-01
-1,956641e-01
-1,588669e-01
-1,213761e-01
-8,316758e-02
-4,428949e-02
-5,752195e-03
3,262675e-02
7,171655e-02
1,100938e-01
1,478221e-01
1,848207e-01
2,208399e-01
2,554391e-01
2,886046e-01
3,201435e-01
3,499252e-01
3,776879e-01
4,032405e-01
4,265196e-01
4,473493e-01
4,656748e-01
4,813169e-01
4,942103e-01
5,042740e-01
5,115185e-01
5,157784e-01
5,171588e-01
5,156114e-01
5,111639e-01
5,036854e-01
4,933686e-01
4,803031e-01
4,644820e-01
4,459706e-01
4,249653e-01
4,015142e-01
3,758101e-01
3,478993e-01
3,180506e-01
2,863464e-01
2,530570e-01
2,183080e-01
1,822475e-01
1,451594e-01
1,074001e-01
6,900740e-02
2,991589e-02
-7,898510e-03
-4,695904e-02
-8,582164e-02
-1,240095e-01
-1,615158e-01
-1,981839e-01
-2,337591e-01
-2,679418e-01
-3,005840e-01
-3,315894e-01
-3,607273e-01
-3,877103e-01
-4,125263e-01
-4,350342e-01
-4,550723e-01
-4,724287e-01
-4,871672e-01
-4,991105e-01
-5,083360e-01
-5,145873e-01
-5,178490e-01
-5,182362e-01
-5,157491e-01
-5,102568e-01
-5,018420e-01
-4,905717e-01
-4,765836e-01
-4,598485e-01
-4,405283e-01
-4,186107e-01
-3,944505e-01
-3,680183e-01
-3,394191e-01
-3,089008e-01
-2,766923e-01
-2,429003e-01
-2,076952e-01
-1,712543e-01
-1,339322e-01
-9,596802e-02
-5,725172e-02
-1,806898e-02
1,942011e-02
5,873538e-02
9,733980e-02
1,353022e-01
1,725899e-01
2,089362e-01
2,440414e-01
2,777491e-01
3,098337e-01
3,402676e-01
3,686671e-01
3,949410e-01
4,189911e-01
4,406574e-01
4,598640e-01
4,763908e-01
4,902274e-01
5,012585e-01
5,094548e-01
5,147027e-01
5,171089e-01
5,164944e-01
5,129643e-01
5,064909e-01
4,971122e-01
4,849916e-01
4,700431e-01
4,524096e-01
4,322184e-01
4,095625e-01
3,845795e-01
3,574485e-01
3,281694e-01
2,971330e-01
2,643118e-01
2,301170e-01
1,943956e-01
1,576690e-01
1,201145e-01
8,191284e-02
4,299688e-02
4,605887e-03
-3,392280e-02
-7,298162e-02
-1,113761e-01
-1,491405e-01
-1,861012e-01
-2,220550e-01
-2,566818e-01
-2,899351e-01
-3,214275e-01
-3,512574e-01
-3,789271e-01
-4,044815e-01
-4,277330e-01
-4,486316e-01
-4,669450e-01
-4,825905e-01
-4,953979e-01
-5,056165e-01
-5,127835e-01
-5,171123e-01
-5,184256e-01
-5,168903e-01
-5,123773e-01
-5,049573e-01
-4,946337e-01
-4,815561e-01
-4,657539e-01
-4,472650e-01
-4,261977e-01
-4,027655e-01
-3,770837e-01
-3,491644e-01
-3,192795e-01
-2,875942e-01
-2,543031e-01
-2,195541e-01
-1,835367e-01
-1,465054e-01
-1,087237e-01
-7,022428e-02
-3,120850e-02
6,695403e-03
4,569742e-02
8,453420e-02
1,226963e-01
1,602731e-01
1,969447e-01
2,324923e-01
2,666853e-01
2,993138e-01
3,303088e-01
3,594209e-01
3,864074e-01
4,112802e-01
4,336917e-01
4,537315e-01
4,711584e-01
4,859606e-01
4,978919e-01
5,070382e-01
5,133223e-01
5,165960e-01
5,169729e-01
5,144823e-01
5,090245e-01
5,005666e-01
4,893376e-01
4,753185e-01
4,586127e-01
4,392305e-01
4,173887e-01
3,932026e-01
3,666344e-01
3,381127e-01
3,076099e-01
2,754169e-01
2,416421e-01
2,064404e-01
1,700064e-01
1,327256e-01
9,471844e-02
5,605206e-02
1,681768e-02
-2,073510e-02
-5,992300e-02
-9,858766e-02
-1,365690e-01
-1,737707e-01
-2,102236e-01
-2,453065e-01
-2,789987e-01
-3,110781e-01
-3,414914e-01
-3,699064e-01
-3,962061e-01
-4,202407e-01
-4,419173e-01
-4,611119e-01
-4,776353e-01
-4,914323e-01
-5,025511e-01
-5,107560e-01
-5,159884e-01
-5,183292e-01
-5,177905e-01
-5,142792e-01
-5,077818e-01
-4,984168e-01
-4,862136e-01
-4,712789e-01
-4,537022e-01
-4,335385e-01
-4,108292e-01
-3,858876e-01
-3,586585e-01
-3,294293e-01
-2,983413e-01
-2,655975e-01
-2,312634e-01
-1,956435e-01
-1,588928e-01
-1,213606e-01
-8,311766e-02
-4,423097e-02
-5,741868e-03
3,263019e-02
7,166491e-02
1,100146e-01
1,478496e-01
1,848499e-01
2,208037e-01
2,554770e-01
2,885753e-01
3,201625e-01
3,499389e-01
3,776620e-01
4,031769e-01
4,265264e-01
4,473338e-01
4,656834e-01
4,813014e-01
4,941844e-01
5,043050e-01
5,114978e-01
5,158111e-01
5,172139e-01
5,156269e-01
5,111037e-01
5,037043e-01
4,933738e-01
4,803100e-01
4,644734e-01
4,459930e-01
4,249877e-01
4,015073e-01
3,757481e-01
3,478993e-01
3,180575e-01
2,863412e-01
2,530845e-01
2,183803e-01
1,822682e-01
1,452472e-01
1,074431e-01
6,906592e-02
2,992277e-02
-7,819336e-03
-4,694183e-02
-8,580787e-02
-1,240267e-01
-1,615210e-01
-1,981770e-01
-2,337264e-01
-2,679160e-01
-3,006184e-01
-3,315515e-01
-3,606877e-01
-3,877120e-01
-4,125108e-01
-4,349826e-01
-4,550292e-01
-4,724476e-01
-4,871603e-01
-4,991277e-01
-5,083549e-01
-5,145598e-01
-5,178817e-01
-5,182225e-01
-5,156958e-01
-5,102414e-01
-5,018557e-01
-4,906147e-01
-4,765802e-01
-4,599019e-01
-4,404990e-01
-4,186486e-01
-3,944246e-01
-3,680028e-01
-3,394036e-01
-3,089111e-01
-2,766630e-01
-2,428572e-01
-2,076883e-01
-1,713042e-01
-1,339976e-01
-9,598523e-02
-5,731540e-02
-1,809652e-02
1,943560e-02
5,873194e-02
9,738283e-02
1,352988e-01
1,725676e-01
2,089224e-01
2,440586e-01
2,777370e-01
3,098474e-01
3,402039e-01
3,686671e-01
3,949117e-01
4,189601e-01
4,406694e-01
4,598141e-01
4,764218e-01
4,902068e-01
5,012602e-01
5,094255e-01
5,147199e-01
5,170590e-01
5,165047e-01
5,129987e-01
5,065322e-01
4,971483e-01
4,849641e-01
4,700259e-01
4,524595e-01
4,322149e-01
4,096106e-01
3,845657e-01
3,573831e-01
3,281298e-01
2,970676e-01
2,642997e-01
2,301016e-01
1,944163e-01
1,576329e-01
1,201042e-01
8,190423e-02
4,298139e-02
4,586954e-03
-3,389871e-02
-7,290760e-02
-1,113124e-01
-1,490786e-01
-1,860685e-01
-2,220550e-01
-2,567128e-01
-2,898490e-01
-3,214361e-01
-3,511541e-01
-3,788738e-01
-4,044764e-01
-4,276986e-01
-4,486505e-01
-4,669088e-01
-4,825923e-01
-4,954856e-01
-5,055701e-01
-5,127956e-01
-5,170934e-01
-5,184514e-01
-5,168834e-01
-5,124359e-01
-5,049849e-01
-4,946922e-01
-4,815699e-01
-4,657436e-01
-4,472047e-01
-4,262218e-01
-4,027517e-01
-3,770665e-01
-3,492109e-01
-3,193088e-01
-2,876166e-01
-2,543324e-01
-2,195455e-01
-1,835281e-01
-1,464779e-01
-1,086944e-01
-7,025698e-02
-3,117235e-02
6,636883e-03
4,568021e-02
8,453764e-02
1,227255e-01
1,602542e-01
1,969929e-01
2,324406e-01
2,666715e-01
2,993052e-01
3,302469e-01
3,594227e-01
3,864384e-01
4,112268e-01
4,337227e-01
4,537246e-01
4,711516e-01
4,858952e-01
4,978695e-01
5,070640e-01
5,133085e-01
5,165770e-01
5,170022e-01
5,144462e-01
5,089522e-01
5,005614e-01
4,893376e-01
4,753237e-01
4,586213e-01
4,392322e-01
4,173715e-01
3,932233e-01
3,666895e-01
3,381919e-01
3,076736e-01
2,754427e-01
2,416335e-01
2,064353e-01
1,700150e-01
1,327480e-01
9,477524e-02
5,608820e-02
1,690546e-02
-2,067313e-02
-5,994709e-02
-9,856528e-02
-1,365879e-01
-1,738275e-01
-2,101720e-01
-2,452549e-01
-2,789401e-01
-3,110918e-01
-3,415051e-01
-3,698737e-01
-3,961837e-01
-4,202562e-01
-4,419741e-01
-4,611326e-01
-4,776456e-01
-4,914529e-01
-5,024960e-01
-5,106923e-01
-5,159419e-01
-5,182758e-01
-5,176751e-01
-5,142672e-01
-5,077646e-01
-4,984134e-01
-4,862343e-01
-4,713116e-01
-4,537504e-01
-4,334955e-01
-4,108379e-01
-3,858910e-01
-3,587015e-01
-3,294775e-01
-2,983843e-01
-2,656354e-01
-2,312926e-01
-1,956572e-01
-1,589203e-01
-1,213847e-01
-8,317446e-02
-4,428433e-02
-5,788340e-03
3,262847e-02
7,166319e-02
1,100301e-01
1,478187e-01
1,848086e-01
2,207624e-01
2,554288e-01
2,886029e-01
3,201504e-01
3,498890e-01
3,776534e-01
4,032010e-01
4,264507e-01
4,473046e-01
4,656937e-01
4,812687e-01
4,941603e-01
5,043067e-01
5,115099e-01
5,158318e-01
5,171880e-01
5,156201e-01
5,111846e-01
5,037490e-01
4,933806e-01
4,803151e-01
4,644889e-01
4,460120e-01
4,249309e-01
4,015314e-01
3,757791e-01
3,479131e-01
3,180248e-01
2,863877e-01
2,531000e-01
2,183923e-01
1,823249e-01
1,452644e-01
1,074793e-01
6,905904e-02
2,994515e-02
-7,836548e-03
-4,696593e-02
-8,579755e-02
-1,239717e-01
-1,615090e-01
-1,981891e-01
-2,337315e-01
-2,679142e-01
-3,005788e-01
-3,315447e-01
-3,606327e-01
-3,876432e-01
-4,124764e-01
-4,349688e-01
-4,550000e-01
-4,724597e-01
-4,871517e-01
-4,991759e-01
-5,083653e-01
-5,145426e-01
-5,178455e-01
-5,182707e-01
-5,157182e-01
-5,102138e-01
-5,018317e-01
-4,905803e-01
-4,765698e-01
-4,598589e-01
-4,405472e-01
-4,186727e-01
-3,944832e-01
-3,680544e-01
-3,394380e-01
-3,089593e-01
-2,767198e-01
-2,429106e-01
-2,077227e-01
-1,712767e-01
-1,339804e-01
-9,598351e-02
-5,734466e-02
-1,815676e-02
1,947175e-02
5,896774e-02
9,796459e-02
1,363384e-01
1,740994e-01
2,110377e-01
2,468556e-01
2,812809e-01
3,142227e-01
3,454398e-01
3,748892e-01
4,021338e-01
4,271684e-01
4,499122e-01
4,700930e-01
4,876233e-01
5,024272e-01
5,144187e-01
5,234876e-01
5,296580e-01
5,326856e-01
5,328043e-01
5,298801e-01
5,238835e-01
5,148679e-01
5,029298e-01
4,881052e-01
4,704355e-01
4,499879e-01
4,269395e-01
4,014695e-01
3,735433e-01
3,435000e-01
3,113483e-01
2,773670e-01
2,417368e-01
2,045764e-01
1,661648e-01
1,268288e-01
8,663748e-02
4,563545e-02
4,998316e-03
-3,583159e-02
-7,727597e-02
-1,182298e-01
-1,585451e-01
-1,981168e-01
-2,367006e-01
-2,739900e-01
-3,097424e-01
-3,439062e-01
-3,762369e-01
-4,064936e-01
-4,344112e-01
-4,599587e-01
-4,830329e-01
-5,033515e-01
-5,208903e-01
-5,354877e-01
-5,470437e-01
-5,555584e-01
-5,608545e-01
-5,630490e-01
-5,620352e-01
-5,578854e-01
-5,504534e-01
-5,398784e-01
-5,262484e-01
-5,095684e-01
-4,899348e-01
-4,675044e-01
-4,422770e-01
-4,145504e-01
-3,843919e-01
-3,519097e-01
-3,173208e-01
-2,810159e-01
-2,428504e-01
-2,032442e-01
-1,624453e-01
-1,207341e-01
-7,809009e-02
-3,468357e-02
7,571485e-03
5,124307e-02
9,464271e-02
1,374916e-01
1,796416e-01
2,209999e-01
2,611741e-01
2,999093e-01
3,369561e-01
3,722524e-01
4,055039e-01
4,365093e-01
4,650414e-01
4,910880e-01
5,142896e-01
5,346839e-01
5,520799e-01
5,663089e-01
5,774398e-01
5,852161e-01
5,896981e-01
5,908633e-01
5,886740e-01
5,830646e-01
5,741145e-01
5,618476e-01
5,464223e-01
5,278697e-01
5,061604e-01
4,815596e-01
4,541600e-01
4,241288e-01
3,915572e-01
3,566998e-01
3,198286e-01
2,810038e-01
2,403701e-01
1,982648e-01
1,550614e-01
1,109217e-01
6,585075e-02
2,007588e-02
-2,408108e-02
-7,019674e-02
-1,155551e-01
-1,602835e-01
-2,042563e-01
-2,472291e-01
-2,889540e-01
-3,288889e-01
-3,672454e-01
-4,035590e-01
-4,377021e-01
-4,693185e-01
-4,984340e-01
-5,246580e-01
-5,481074e-01
-5,684053e-01
-5,854812e-01
-5,993178e-01
-6,098583e-01
-6,167946e-01
-6,202577e-01
-6,202680e-01
-6,167120e-01
-6,096776e-01
-5,990992e-01
-5,851128e-01
-5,678562e-01
-5,471779e-01
-5,233895e-01
-4,966113e-01
-4,669157e-01
-4,345145e-01
-3,994987e-01
-3,621783e-01
-3,227942e-01
-2,814668e-01
-2,383581e-01
-1,937777e-01
-1,481629e-01
-1,016445e-01
-5,410712e-02
-6,857194e-03
4,049084e-02
8,851702e-02
1,358082e-01
1,823456e-01
2,281463e-01
2,727490e-01
3,157511e-01
3,571404e-01
3,965434e-01
4,338156e-01
4,686731e-01
5,008523e-01
5,303431e-01
5,568734e-01
5,802470e-01
6,004004e-01
6,170855e-01
6,304058e-01
6,401322e-01
6,462011e-01
6,485591e-01
6,473061e-01
6,424265e-01
6,337190e-01
6,214229e-01
6,056087e-01
5,862798e-01
5,636170e-01
5,376064e-01
5,085512e-01
4,765320e-01
4,416780e-01
4,042147e-01
3,644365e-01
3,225325e-01
2,786596e-01
2,330310e-01
1,859670e-01
1,379253e-01
8,892838e-02
3,896587e-02
-9,833120e-03
-6,006241e-02
-1,099561e-01
-1,591647e-01
-2,076109e-01
-2,550191e-01
-3,011451e-01
-3,454708e-01
-3,880494e-01
-4,284886e-01
-4,666111e-01
-5,020915e-01
-5,347785e-01
-5,645585e-01
-5,911645e-01
-6,144470e-01
-6,342165e-01
-6,505126e-01
-6,631461e-01
-6,719896e-01
-6,770257e-01
-6,782099e-01
-6,755972e-01
-6,690962e-01
-6,587175e-01
-6,446227e-01
-6,268378e-01
-6,054538e-01
-5,806223e-01
-5,523243e-01
-5,208679e-01
-4,865114e-01
-4,491359e-01
-4,092062e-01
-3,668668e-01
-3,224207e-01
-2,758919e-01
-2,277762e-01
-1,783163e-01
-1,278443e-01
-7,639300e-02
-2,402428e-02
2,675752e-02
7,936893e-02
1,311834e-01
1,822062e-01
2,324165e-01
2,815426e-01
3,290025e-01
3,746827e-01
4,182630e-01
4,596695e-01
4,985580e-01
5,345978e-01
5,676635e-01
5,975983e-01
6,242112e-01
6,472407e-01
6,666436e-01
6,823735e-01
6,941791e-01
7,020569e-01
7,059502e-01
7,058280e-01
7,016903e-01
6,935921e-01
6,814165e-01
6,654422e-01
6,456486e-01
6,221011e-01
5,950320e-01
5,643278e-01
5,305221e-01
4,935665e-01
4,537762e-01
4,112595e-01
3,664089e-01
3,193088e-01
2,702671e-01
2,196058e-01
1,677379e-01
1,147823e-01
6,080596e-02
6,991447e-03
-4,694355e-02
-1,014775e-01
-1,551681e-01
-2,080084e-01
-2,599314e-01
-3,105376e-01
-3,593796e-01
-4,061958e-01
-4,508829e-01
-4,931328e-01
-5,326288e-01
-5,690748e-01
-6,024641e-01
-6,324282e-01
-6,588965e-01
-6,815834e-01
-7,005302e-01
-7,154821e-01
-7,264220e-01
-7,331879e-01
-7,358317e-01
-7,342448e-01
-7,285976e-01
-7,186853e-01
-7,046197e-01
-6,866523e-01
-6,647399e-01
-6,389411e-01
-6,095175e-01
-5,764587e-01
-5,401917e-01
-5,006767e-01
-4,582857e-01
-4,131683e-01
-3,657170e-01
-3,160024e-01
-2,643772e-01
-2,111530e-01
-1,568118e-01
-1,014431e-01
-4,494010e-02
1,042177e-02
6,725868e-02
1,236601e-01
1,792062e-01
2,338434e-01
2,874548e-01
3,394466e-01
3,895657e-01
4,375196e-01
4,831603e-01
5,261623e-01
5,661316e-01
6,029976e-01
6,364058e-01
6,664095e-01
6,926024e-01
7,148694e-01
7,330864e-01
7,472569e-01
7,571916e-01
7,627476e-01
7,640212e-01
7,609627e-01
7,535547e-01
7,418335e-01
7,258471e-01
7,057695e-01
6,816196e-01
6,535281e-01
6,215744e-01
5,861507e-01
5,472657e-01
5,052585e-01
4,601790e-01
4,125418e-01
3,623883e-01
3,100970e-01
2,558350e-01
2,001650e-01
1,433849e-01
8,545503e-02
2,653032e-02
-3,087114e-02
-8,993011e-02
-1,482490e-01
-2,056401e-01
-2,620588e-01
-3,171504e-01
-3,705071e-01
-4,217691e-01
-4,708280e-01
-5,172672e-01
-5,608614e-01
-6,012885e-01
-6,383008e-01
-6,718828e-01
-7,016869e-01
-7,274685e-01
-7,492139e-01
-7,667218e-01
-7,799473e-01
-7,886273e-01
-7,928992e-01
-7,926858e-01
-7,880799e-01
-7,788647e-01
-7,651779e-01
-7,471140e-01
-7,248454e-01
-6,983340e-01
-6,678432e-01
-6,334333e-01
-5,954916e-01
-5,540283e-01
-5,092672e-01
-4,616024e-01
-4,112750e-01
-3,585070e-01
-3,035066e-01
-2,466972e-01
-1,885832e-01
-1,292815e-01
-6,874234e-02
-8,392490e-03
5,216046e-02
1,131902e-01
1,732578e-01
2,324165e-01
2,904807e-01
3,470921e-01
4,017603e-01
4,540826e-01
5,040176e-01
5,512417e-01
5,953332e-01
6,361029e-01
6,732839e-01
7,067661e-01
7,363067e-01
7,617080e-01
7,826634e-01
7,993692e-01
8,114811e-01
8,189734e-01
8,218048e-01
8,200957e-01
8,136326e-01
8,025568e-01
7,867581e-01
7,666116e-01
7,420245e-01
7,131568e-01
6,801583e-01
6,432613e-01
6,026930e-01
5,585550e-01
5,111536e-01
4,607849e-01
4,077724e-01
3,523452e-01
2,946459e-01
2,353064e-01
1,747053e-01
1,128322e-01
4,984719e-02
-1,211541e-02
-7,549454e-02
-1,384210e-01
-2,002803e-01
-2,612360e-01
-3,209129e-01
-3,788841e-01
-4,346797e-01
-4,880587e-01
-5,388664e-01
-5,866447e-01
-6,311941e-01
-6,721341e-01
-7,093978e-01
-7,426906e-01
-7,717906e-01
-7,964845e-01
-8,167634e-01
-8,324710e-01
-8,434074e-01
-8,495451e-01
-8,508412e-01
-8,473799e-01
-8,390786e-01
-8,259253e-01
-8,080611e-01
-7,856238e-01
-7,586632e-01
-7,273084e-01
-6,918090e-01
-6,523422e-01
-6,090820e-01
-5,622521e-01
-5,121450e-01
-4,591377e-01
-4,033610e-01
-3,451317e-01
-2,848283e-01
-2,229518e-01
-1,598394e-01
-9,539486e-02
-2,995375e-02
3,400886e-02
9,969266e-02
1,643868e-01
2,281119e-01
2,907268e-01
3,519648e-01
4,111442e-01
4,680328e-01
5,223155e-01
5,738804e-01
6,222422e-01
6,670394e-01
7,081447e-01
7,453016e-01
7,783380e-01
8,068580e-01
8,308634e-01
8,502766e-01
8,648395e-01
8,744919e-01
8,791512e-01
8,788534e-01
8,735539e-01
8,632578e-01
8,480494e-01
8,279684e-01
8,032332e-01
7,738165e-01
7,399074e-01
7,017815e-01
6,596676e-01
6,136759e-01
5,640817e-01
5,112293e-01
4,554561e-01
3,969531e-01
3,360129e-01
2,731363e-01
2,086849e-01
1,429976e-01
7,601606e-02
9,041376e-03
-5,803658e-02
-1,256171e-01
-1,920341e-01
-2,575131e-01
-3,217735e-01
-3,844142e-01
-4,448123e-01
-5,026716e-01
-5,578958e-01
-6,100338e-01
-6,587760e-01
-7,037850e-01
-7,449127e-01
-7,818475e-01
-8,144054e-01
-8,423368e-01
-8,655160e-01
-8,839154e-01
-8,972184e-01
-9,054836e-01
-9,085404e-01
-9,064767e-01
-8,992839e-01
-8,868913e-01
-8,694506e-01
-8,471148e-01
-8,198908e-01
-7,879594e-01
-7,515048e-01
-7,107351e-01
-6,658260e-01
-6,170081e-01
-5,646497e-01
-5,090210e-01
-4,504715e-01
-3,892112e-01
-3,255171e-01
-2,599813e-01
-1,930600e-01
-1,248237e-01
-5,530334e-02
1,328754e-02
8,328978e-02
1,525657e-01
2,208485e-01
2,880538e-01
3,538977e-01
4,177863e-01
4,792532e-01
5,380694e-01
5,939976e-01
6,467260e-01
6,957281e-01
7,408679e-01
7,818561e-01
8,184296e-01
8,504866e-01
8,776434e-01
8,999224e-01
9,171618e-01
9,291533e-01
9,357609e-01
9,372067e-01
9,333220e-01
9,241119e-01
9,095972e-01
8,898845e-01
8,651321e-01
8,353660e-01
8,008132e-01
7,616133e-01
7,181155e-01
6,704904e-01
6,188876e-01
5,636600e-01
5,052568e-01
4,439121e-01
3,798101e-01
3,133707e-01
2,453065e-01
1,758361e-01
1,050060e-01
3,299336e-02
-3,752696e-02
-1,097874e-01
-1,809187e-01
-2,509279e-01
-3,198062e-01
-3,870924e-01
-4,520963e-01
-5,146149e-01
-5,743193e-01
-6,309342e-01
-6,839914e-01
-7,331862e-01
-7,782675e-01
-8,190509e-01
-8,552543e-01
-8,866073e-01
-9,128778e-01
-9,341292e-01
-9,500622e-01
-9,606251e-01
-9,656045e-01
-9,652637e-01
-9,593549e-01
-9,480106e-01
-9,311963e-01
-9,091170e-01
-8,818483e-01
-8,495107e-01
-8,122471e-01
-7,703535e-01
-7,240967e-01
-6,736023e-01
-6,190597e-01
-5,610249e-01
-4,997938e-01
-4,356384e-01
-3,686861e-01
-2,996219e-01
-2,289501e-01
-1,569031e-01
-8,350149e-02
-9,932949e-03
6,374919e-02
1,377979e-01
2,106866e-01
2,824290e-01
3,529286e-01
4,214558e-01
4,876474e-01
5,511022e-01
6,115295e-01
6,687434e-01
7,220725e-01
7,712898e-01
8,162591e-01
8,567655e-01
8,923664e-01
9,228503e-01
9,482257e-01
9,682913e-01
9,828284e-01
9,917596e-01
9,950574e-01
9,928302e-01
9,849420e-01
9,712534e-01
9,520898e-01
9,275440e-01
8,977468e-01
8,627036e-01
8,227342e-01
7,780127e-01
7,288919e-01
6,754853e-01
6,180890e-01
5,572056e-01
4,930708e-01
4,259894e-01
3,563022e-01
2,846390e-01
2,113975e-01
1,367669e-01
6,069581e-02
-1,443901e-02
-9,099380e-02
-1,667999e-01
-2,414390e-01
-3,148750e-01
-3,868205e-01
-4,565783e-01
-5,238129e-01
-5,880939e-01
-6,492097e-01
-7,067988e-01
-7,603121e-01
-8,094708e-01
-8,542956e-01
-8,942322e-01
-9,291533e-01
-9,587783e-01
-9,830556e-01
-1,001782e+00
-1,014839e+00
-1,022033e+00
-1,023540e+00
-1,019204e+00
-1,009080e+00
-9,931038e-01
-9,715116e-01
-9,444494e-01
-9,119741e-01
-8,741391e-01
-8,313780e-01
-7,837839e-01
-7,317542e-01
-6,753958e-01
-6,150528e-01
-5,512726e-01
-4,843375e-01
-4,143491e-01
-3,418597e-01
-2,675442e-01
-1,917433e-01
-1,144639e-01
-3,587807e-02
4,116898e-02
1,197582e-01
1,969619e-01
2,729349e-01
3,475069e-01
4,202303e-01
4,905114e-01
5,578321e-01
6,220942e-01
6,828933e-01
7,397870e-01
7,923846e-01
8,405364e-01
8,839034e-01
9,223443e-01
9,553893e-01
9,829971e-01
1,005183e+00
1,021570e+00
1,032116e+00
1,036841e+00
1,035622e+00
1,028646e+00
1,015763e+00
9,970264e-01
9,726941e-01
9,428728e-01
9,077159e-01
8,672853e-01
8,219735e-01
7,720609e-01
7,176921e-01
6,592304e-01
5,970544e-01
5,315496e-01
4,630172e-01
3,917241e-01
3,181315e-01
2,430569e-01
1,665830e-01
8,873044e-02
1,078321e-02
-6,714680e-02
-1,453006e-01
-2,221428e-01
-2,976064e-01
-3,716465e-01
-4,436040e-01
-5,129109e-01
-5,792935e-01
-6,424540e-01
-7,020122e-01
-7,574687e-01
-8,086136e-01
-8,551493e-01
-8,969792e-01
-9,335647e-01
-9,648661e-01
-9,907234e-01
-1,010985e+00
-1,025450e+00
-1,033991e+00
-1,036713e+00
-1,033679e+00
-1,024620e+00
-1,009835e+00
-9,892071e-01
-9,630296e-01
-9,314287e-01
-8,944508e-01
-8,523644e-01
-8,054415e-01
-7,540435e-01
-6,983323e-01
-6,385263e-01
-5,752212e-01
-5,086975e-01
-4,391117e-01
-3,669959e-01
-2,929110e-01
-2,173768e-01
-1,404193e-01
-6,212955e-02
1,510683e-02
9,364786e-02
1,714350e-01
2,477970e-01
3,228665e-01
3,962560e-01
4,673891e-01
5,357424e-01
6,009873e-01
6,630153e-01
7,212533e-01
7,753397e-01
8,250148e-01
8,699635e-01
9,100722e-01
9,449537e-01
9,743877e-01
9,984430e-01
1,016715e+00
1,029304e+00
1,035874e+00
1,036684e+00
1,031660e+00
1,020708e+00
1,003949e+00
9,814377e-01
9,534116e-01
9,200104e-01
8,813319e-01
8,376242e-01
7,891763e-01
7,363119e-01
6,791239e-01
6,181200e-01
5,537443e-01
4,861861e-01
4,157536e-01
3,429182e-01
2,682447e-01
1,922114e-01
1,148081e-01
3,621542e-02
-4,082819e-02
-1,193451e-01
-1,966383e-01
-2,726113e-01
-3,471851e-01
-4,199291e-01
-4,901190e-01
-5,575188e-01
-6,217362e-01
-6,825439e-01
-7,394221e-01
-7,921023e-01
-8,401079e-01
-8,835970e-01
-9,219501e-01
-9,550244e-01
-9,826649e-01
-1,004860e+00
-1,021192e+00
-1,031801e+00
-1,036512e+00
-1,035354e+00
-1,028331e+00
-1,015457e+00
-9,967097e-01
-9,723309e-01
-9,425389e-01
-9,073252e-01
-8,669342e-01
-8,216103e-01
-7,716994e-01
-7,173737e-01
-6,589017e-01
-5,966740e-01
-5,311761e-01
-4,625801e-01
-3,913265e-01
-3,178372e-01
-2,426955e-01
-1,662078e-01
-8,836555e-02
-1,047168e-02
6,747039e-02
1,456517e-01
2,224423e-01
2,979627e-01
3,719598e-01
4,439190e-01
5,133257e-01
5,796343e-01
6,427346e-01
7,022617e-01
7,577940e-01
8,089097e-01
8,555004e-01
8,972305e-01
9,338917e-01
9,651140e-01
9,910315e-01
1,011259e+00
1,025768e+00
1,034337e+00
1,037054e+00
1,033997e+00
1,025061e+00
1,010149e+00
9,895427e-01
9,633343e-01
9,317764e-01
8,948243e-01
8,527121e-01
8,058873e-01
7,544394e-01
6,986490e-01
6,388671e-01
5,755792e-01
5,090279e-01
4,395024e-01
3,674072e-01
2,932604e-01
2,177176e-01
1,407894e-01
6,246691e-02
-1,481422e-02
-9,329502e-02
-1,709686e-01
-2,474253e-01
-3,224689e-01
-3,959014e-01
-4,670121e-01
-5,353896e-01
-6,007102e-01
-6,626762e-01
-7,209314e-01
-7,750334e-01
-8,246069e-01
-8,695934e-01
-9,097280e-01
-9,445837e-01
-9,740951e-01
-9,979989e-01
-1,016457e+00
-1,028915e+00
-1,035608e+00
-1,036333e+00
-1,031311e+00
-1,020350e+00
-1,003593e+00
-9,810711e-01
-9,530812e-01
-9,196764e-01
-8,809601e-01
-8,372008e-01
-7,888218e-01
-7,359367e-01
-6,788106e-01
-6,177981e-01
-5,533880e-01
-4,858573e-01
-4,154145e-01
-3,425620e-01
-2,679418e-01
-1,918982e-01
-1,144518e-01
-3,586430e-02
4,115521e-02
1,197031e-01
1,969912e-01
2,728867e-01
3,475000e-01
4,202028e-01
4,904684e-01
5,578028e-01
6,220925e-01
6,828502e-01
7,397388e-01
7,923433e-01
8,404727e-01
8,838586e-01
9,222238e-01
9,553617e-01
9,829936e-01
1,005159e+00
1,021641e+00
1,032137e+00
1,036803e+00
1,035631e+00
1,028696e+00
1,015767e+00
9,970213e-01
9,727268e-01
9,429090e-01
9,076918e-01
8,672853e-01
8,219976e-01
7,720454e-01
7,177610e-01
6,592821e-01
5,970664e-01
5,315668e-01
4,630190e-01
3,916484e-01
3,181590e-01
2,430328e-01
1,666192e-01
8,871839e-02
1,082624e-02
-6,710722e-02
-1,453006e-01
-2,220946e-01
-2,976064e-01
-3,716310e-01
-4,435834e-01
-5,129006e-01
-5,792488e-01
-6,423491e-01
-7,019536e-01
-7,574257e-01
-8,085844e-01
-8,551407e-01
-8,969086e-01
-9,335750e-01
-9,648368e-01
-9,906580e-01
-1,010956e+00
-1,025385e+00
-1,034042e+00
-1,036738e+00
-1,033684e+00
-1,024669e+00
-1,009820e+00
-9,892363e-01
-9,629780e-01
-9,313977e-01
-8,944146e-01
-8,523472e-01
-8,055017e-01
-7,541107e-01
-6,983133e-01
-6,385969e-01
-5,752539e-01
-5,086957e-01
-4,391823e-01
-3,670578e-01
-2,929213e-01
-2,173717e-01
-1,404400e-01
-6,215021e-02
1,507929e-02
9,363409e-02
1,713834e-01
2,477471e-01
3,227873e-01
3,961820e-01
4,673736e-01
5,357218e-01
6,009804e-01
6,630274e-01
7,212188e-01
7,753277e-01
8,249425e-01
8,699704e-01
9,100120e-01
9,449055e-01
9,743412e-01
9,983586e-01
1,016729e+00
1,029273e+00
1,035880e+00
1,036669e+00
1,031639e+00
1,020774e+00
1,003959e+00
9,814067e-01
9,534030e-01
9,200052e-01
8,813560e-01
8,376448e-01
7,892142e-01
7,363584e-01
6,792168e-01
6,182250e-01
5,537701e-01
4,862154e-01
4,157931e-01
3,429027e-01
2,682808e-01
1,922562e-01
1,148219e-01
3,625845e-02
-4,076795e-02
-1,193727e-01
-1,966228e-01
-2,725718e-01
-3,470646e-01
-4,198534e-01
-4,901224e-01
-5,574723e-01
-6,217086e-01
-6,825249e-01
-7,394117e-01
-7,920335e-01
-8,401509e-01
-8,835815e-01
-9,219467e-01
-9,550192e-01
-9,826924e-01
-1,004841e+00
-1,021268e+00
-1,031817e+00
-1,036531e+00
-1,035318e+00
-1,028281e+00
-1,015428e+00
-9,966960e-01
-9,723619e-01
-9,425716e-01
-9,073270e-01
-8,669359e-01
-8,216172e-01
-7,717941e-01
-7,173927e-01
-6,589189e-01
-5,967136e-01
-5,312363e-01
-4,626954e-01
-3,913644e-01
-3,178595e-01
-2,427178e-01
-1,662508e-01
-8,844128e-02
-1,051643e-02
6,743596e-02
1,455794e-01
2,223941e-01
2,979213e-01
3,719615e-01
4,438966e-01
5,132534e-01
5,795396e-01
6,427432e-01
7,022703e-01
7,577854e-01
8,088546e-01
8,554660e-01
8,972202e-01
9,338883e-01
9,651673e-01
9,910023e-01
1,011300e+00
1,025736e+00
1,034319e+00
1,037066e+00
1,033949e+00
1,025039e+00
1,010183e+00
9,895238e-01
9,633497e-01
9,317678e-01
8,948174e-01
8,527396e-01
8,058804e-01
7,544790e-01
6,986662e-01
6,389273e-01
5,756136e-01
5,090761e-01
4,395747e-01
3,673969e-01
2,933155e-01
2,177813e-01
1,408324e-01
6,252198e-02
-1,473333e-02
-9,330707e-02
-1,710064e-01
-2,473840e-01
-3,224585e-01
-3,958653e-01
-4,670310e-01
-5,353586e-01
-6,006861e-01
-6,626711e-01
-7,209348e-01
-7,749938e-01
-8,246120e-01
-8,695866e-01
-9,097022e-01
-9,445544e-01
-9,740331e-01
-9,980540e-01
-1,016398e+00
-1,028925e+00
-1,035591e+00
-1,036354e+00
-1,031371e+00
-1,020347e+00
-1,003553e+00
-9,811003e-01
-9,531449e-01
-9,197264e-01
-8,809911e-01
-8,373178e-01
-7,888441e-01
-7,359918e-01
-6,788795e-01
-6,178549e-01
-5,534241e-01
-4,858763e-01
-4,154214e-01
-3,425895e-01
-2,679297e-01
-1,919464e-01
-1,145034e-01
-3,593314e-02
4,110702e-02
1,196308e-01
1,969688e-01
2,728919e-01
3,474312e-01
4,201563e-01
4,904512e-01
5,578200e-01
6,220270e-01
6,828261e-01
7,397371e-01
7,923192e-01
8,404676e-01
8,838844e-01
9,222599e-01
9,553325e-01
9,829196e-01
1,005152e+00
1,021496e+00
1,032164e+00
1,036808e+00
1,035653e+00
1,028636e+00
1,015774e+00
9,970333e-01
9,726717e-01
9,428728e-01
9,077349e-01
8,672681e-01
8,220096e-01
7,720919e-01
7,177679e-01
6,592975e-01
5,970699e-01
5,315651e-01
4,630121e-01
3,917172e-01
3,182416e-01
2,431085e-01
1,666622e-01
8,875110e-02
1,084862e-02
-6,709861e-02
-1,452816e-01
-2,220017e-01
-2,976494e-01
-3,716018e-01
-4,435902e-01
-5,128730e-01
-5,792419e-01
-6,423353e-01
-7,019192e-01
-7,574652e-01
-8,085534e-01
-8,551045e-01
-8,969344e-01
-9,335337e-01
-9,648420e-01
-9,906684e-01
-1,010897e+00
-1,025460e+00
-1,034003e+00
-1,036712e+00
-1,033674e+00
-1,024694e+00
-1,009835e+00
-9,892105e-01
-9,630761e-01
-9,314545e-01
-8,944284e-01
-8,524195e-01
-8,055465e-01
-7,541382e-01
-6,983564e-01
-6,385848e-01
-5,752608e-01
-5,087766e-01
-4,392047e-01
-3,670613e-01
-2,930022e-01
-2,174767e-01
-1,404692e-01
-6,220529e-02
1,503626e-02
9,359967e-02
1,713507e-01
2,477368e-01
3,227546e-01
3,961699e-01
4,673082e-01
5,356305e-01
6,009185e-01
6,629740e-01
7,212085e-01
7,752898e-01
8,248582e-01
8,699394e-01
9,100327e-01
9,449021e-01
9,743550e-01
9,983879e-01
1,016799e+00
1,029307e+00
1,035944e+00
1,036643e+00
1,031688e+00
1,020719e+00
1,003961e+00
9,814359e-01
9,534650e-01
9,200792e-01
8,813801e-01
8,376517e-01
7,892899e-01
7,363326e-01
6,792581e-01
6,182163e-01
5,537787e-01
4,862704e-01
4,158310e-01
3,429578e-01
2,683376e-01
1,922786e-01
1,149355e-01
3,629287e-02
-4,073352e-02
-1,192883e-01
-1,965918e-01
-2,725253e-01
-3,471283e-01
-4,198001e-01
-4,901173e-01
-5,574603e-01
-6,217190e-01
-6,824836e-01
-7,393515e-01
-7,919887e-01
-8,401010e-01
-8,835695e-01
-9,219398e-01
-9,550192e-01
-9,826339e-01
-1,004872e+00
-1,021268e+00
-1,031830e+00
-1,036442e+00
-1,035331e+00
-1,028323e+00
-1,015400e+00
-9,966770e-01
-9,723808e-01
-9,425355e-01
-9,073769e-01
-8,669170e-01
-8,216464e-01
-7,717476e-01
-7,174340e-01
-6,589395e-01
-5,967704e-01
-5,312983e-01
-4,627212e-01
-3,913885e-01
-3,178888e-01
-2,428039e-01
-1,662973e-01
-8,845505e-02
-1,056462e-02
6,739982e-02
1,455278e-01
2,223838e-01
2,979248e-01
3,719305e-01
4,438691e-01
5,132052e-01
5,795534e-01
6,426847e-01
7,022135e-01
7,577010e-01
8,088219e-01
8,554574e-01
8,972030e-01
9,339037e-01
9,651862e-01
9,909644e-01
1,011262e+00
1,025734e+00
1,034352e+00
1,037070e+00
1,033994e+00
1,025044e+00
1,010142e+00
9,895771e-01
9,634289e-01
9,317729e-01
8,948828e-01
8,527689e-01
8,059011e-01
7,544945e-01
6,986920e-01
6,389859e-01
5,756704e-01
5,091002e-01
4,395696e-01
3,674417e-01
2,933292e-01
2,177590e-01
1,408255e-01
6,258911e-02
-1,470923e-02
-9,320724e-02
-1,710064e-01
-2,473616e-01
-3,224172e-01
-3,957964e-01
-4,669760e-01
-5,352811e-01
-6,006207e-01
-6,626229e-01
-7,208712e-01
-7,749387e-01
-8,245415e-01
-8,696365e-01
-9,096626e-01
-9,445699e-01
-9,740417e-01
-9,980660e-01
-1,016397e+00
-1,028946e+00
-1,035584e+00
-1,036354e+00
-1,031278e+00
-1,020400e+00
-1,003545e+00
-9,811141e-01
-9,531053e-01
-9,197177e-01
-8,810032e-01
-8,373849e-01
-7,889268e-01
-7,360313e-01
-6,788915e-01
-6,178721e-01
-5,534534e-01
-4,859021e-01
-4,154575e-01
-3,426136e-01
-2,679831e-01
-1,919378e-01
-1,145878e-01
-3,599683e-02
4,109153e-02
1,196016e-01
1,969137e-01
2,728506e-01
3,474019e-01
4,201460e-01
4,904133e-01
5,577477e-01
6,219771e-01
6,828055e-01
7,396923e-01
7,922762e-01
8,404607e-01
8,838328e-01
9,222444e-01
9,552894e-01
9,829592e-01
1,005116e+00
1,021519e+00
1,032152e+00
1,036769e+00
1,035705e+00
1,028646e+00
1,015777e+00
9,971366e-01
9,727285e-01
9,429331e-01
9,077400e-01
8,673731e-01
8,220010e-01
7,720901e-01
7,177954e-01
6,593303e-01
5,971250e-01
5,316167e-01
4,630706e-01
3,917327e-01
3,182485e-01
2,431912e-01
1,666811e-01
8,884060e-02
1,090542e-02
-6,702632e-02
-1,452403e-01
-2,220068e-01
-2,974997e-01
-3,715536e-01
-4,435162e-01
-5,128386e-01
-5,791971e-01
-6,423542e-01
-7,019227e-01
-7,573689e-01
-8,085207e-01
-8,551131e-01
-8,968949e-01
-9,335595e-01
-9,648007e-01
-9,906942e-01
-1,010973e+00
-1,025409e+00
-1,033997e+00
-1,036760e+00
-1,033665e+00
-1,024682e+00
-1,009835e+00
-9,891778e-01
-9,630554e-01
-9,314975e-01
-8,944645e-01
-8,524384e-01
-8,055396e-01
-7,541227e-01
-6,984338e-01
-6,386020e-01
-5,753072e-01
-5,087646e-01
-4,392649e-01
-3,671043e-01
-2,930659e-01
-2,174715e-01
-1,404761e-01
-6,219668e-02
1,500356e-02
9,355148e-02
1,713077e-01
2,476645e-01
3,226978e-01
3,961062e-01
4,673099e-01
5,356013e-01
6,009546e-01
6,629723e-01
7,212412e-01
7,752726e-01
8,249425e-01
8,698981e-01
9,099862e-01
9,448711e-01
9,743774e-01
9,983431e-01
1,016691e+00
1,029250e+00
1,035891e+00
1,036681e+00
1,031679e+00
1,020703e+00
1,003927e+00
9,814635e-01
9,535373e-01
9,200981e-01
8,813526e-01
8,376534e-01
7,893123e-01
7,363945e-01
6,792357e-01
6,182749e-01
5,538424e-01
4,862911e-01
4,158413e-01
3,429922e-01
2,683652e-01
1,923285e-01
1,148804e-01
3,632385e-02
-4,071803e-02
-1,192419e-01
-1,965729e-01
-2,725201e-01
-3,470973e-01
-4,197708e-01
-4,900605e-01
-5,573725e-01
-6,216622e-01
-6,824371e-01
-7,393601e-01
-7,919629e-01
-8,400924e-01
-8,835299e-01
-9,218916e-01
-9,550416e-01
-9,826253e-01
-1,004761e+00
-1,021233e+00
-1,031796e+00
-1,036467e+00
-1,035302e+00
-1,028333e+00
-1,015400e+00
-9,966908e-01
-9,724324e-01
-9,425906e-01
-9,074010e-01
-8,669755e-01
-8,217153e-01
-7,717855e-01
-7,174340e-01
-6,589774e-01
-5,967859e-01
-5,312777e-01
-4,627246e-01
-3,914470e-01
-3,179180e-01
-2,428108e-01
-1,663231e-01
-8,847399e-02
-1,061454e-02
6,736539e-02
1,455450e-01
2,223614e-01
2,978525e-01
3,718531e-01
4,438605e-01
5,131966e-01
5,795293e-01
6,426244e-01
7,021843e-01
7,576769e-01
8,088615e-01
8,554522e-01
8,972064e-01
9,338091e-01
9,651639e-01
9,909851e-01
1,011280e+00
1,025715e+00
1,034312e+00
1,037071e+00
1,033975e+00
1,024996e+00
1,010175e+00
9,895616e-01
9,634031e-01
9,318314e-01
8,948621e-01
8,527517e-01
8,059114e-01
7,544910e-01
6,987419e-01
6,390186e-01
5,756412e-01
5,091518e-01
4,395868e-01
3,675019e-01
2,933740e-01
2,178571e-01
1,409150e-01
6,261321e-02
-1,466620e-02
-9,322101e-02
-1,709617e-01
-2,473392e-01
-3,224086e-01
-3,957741e-01
-4,669364e-01
-5,352742e-01
-6,005639e-01
-6,626057e-01
-7,208608e-01
-7,749129e-01
-8,245621e-01
-8,696158e-01
-9,096678e-01
-9,445648e-01
-9,739729e-01
-9,980350e-01
-1,016395e+00
-1,028965e+00
-1,035555e+00
-1,036355e+00
-1,031288e+00
-1,020374e+00
-1,003570e+00
-9,811313e-01
-9,531208e-01
-9,197556e-01
-8,809946e-01
-8,372989e-01
-7,889044e-01
-7,360744e-01
-6,788984e-01
-6,178910e-01
-5,534878e-01
-4,859279e-01
-4,154420e-01
-3,426549e-01
-2,680416e-01
-1,920359e-01
-1,146188e-01
-3,602781e-02
4,104678e-02
1,196016e-01
1,968879e-01
2,728523e-01
3,473985e-01
4,200978e-01
4,903772e-01
5,577081e-01
6,219496e-01
6,827676e-01
7,396476e-01
7,922521e-01
8,403764e-01
8,838225e-01
9,222255e-01
9,552998e-01
9,830401e-01
1,005116e+00
1,021579e+00
1,032194e+00
1,036899e+00
1,035655e+00
1,028700e+00
1,015784e+00
9,970540e-01
9,727268e-01
9,429572e-01
9,077762e-01
8,673559e-01
8,220561e-01
7,721022e-01
7,177799e-01
6,593285e-01
5,971491e-01
5,316133e-01
4,631171e-01
3,918102e-01
3,182967e-01
2,431585e-01
1,667190e-01
8,879241e-02
1,090714e-02
-6,702804e-02
-1,451267e-01
-2,219776e-01
-2,974394e-01
-3,715518e-01
-4,435558e-01
-5,128008e-01
-5,791455e-01
-6,422923e-01
-7,018676e-01
-7,573843e-01
-8,084622e-01
-8,550649e-01
-8,969000e-01
-9,335354e-01
-9,648368e-01
-9,906615e-01
-1,010951e+00
-1,025431e+00
-1,034051e+00
-1,036751e+00
-1,033645e+00
-1,024686e+00
-1,009872e+00
-9,892398e-01
-9,631105e-01
-9,314614e-01
-8,945007e-01
-8,524109e-01
-8,055396e-01
-7,541451e-01
-6,983719e-01
-6,386554e-01
-5,753348e-01
-5,088420e-01
-4,393028e-01
-3,671525e-01
-2,930642e-01
-2,174836e-01
-1,405140e-01
-6,226036e-02
1,498290e-02
9,354115e-02
1,712853e-01
2,476456e-01
3,226892e-01
3,960701e-01
4,672376e-01
5,356219e-01
6,009305e-01
6,628811e-01
7,211414e-01
7,751883e-01
8,249184e-01
8,698964e-01
9,099724e-01
9,448849e-01
9,744066e-01
9,983896e-01
1,016753e+00
1,029245e+00
1,035937e+00
1,036712e+00
1,031660e+00
1,020743e+00
1,003971e+00
9,814721e-01
9,534925e-01
9,200947e-01
8,814163e-01
8,377257e-01
7,892985e-01
7,363876e-01
6,792547e-01
6,183265e-01
5,538372e-01
4,863135e-01
4,158775e-01
3,430232e-01
2,683824e-01
1,923422e-01
1,149165e-01
3,633590e-02
-4,065435e-02
-1,192401e-01
-1,965144e-01
-2,724547e-01
-3,470043e-01
-4,197243e-01
-4,900467e-01
-5,573983e-01
-6,216295e-01
-6,824268e-01
-7,392947e-01
-7,919543e-01
-8,400769e-01
-8,835195e-01
-9,219088e-01
-9,550037e-01
-9,825616e-01
-1,004772e+00
-1,021228e+00
-1,031784e+00
-1,036448e+00
-1,035338e+00
-1,028343e+00
-1,015445e+00
-9,967149e-01
-9,723911e-01
-9,426112e-01
-9,074147e-01
-8,669807e-01
-8,216981e-01
-7,717683e-01
-7,174856e-01
-6,589946e-01
-5,967997e-01
-5,313637e-01
-4,627763e-01
-3,915038e-01
-3,179284e-01
-2,428659e-01
-1,663679e-01
-8,852390e-02
-1,061454e-02
6,734990e-02
1,454796e-01
2,223063e-01
2,978456e-01
3,718565e-01
4,437865e-01
5,131347e-01
5,794656e-01
6,426244e-01
7,021653e-01
7,576546e-01
8,088254e-01
8,554040e-01
8,971651e-01
9,338504e-01
9,651277e-01
9,909885e-01
1,011290e+00
1,025712e+00
1,034319e+00
1,037032e+00
1,033996e+00
1,025075e+00
1,010169e+00
9,896012e-01
9,634306e-01
9,318056e-01
8,948535e-01
8,527672e-01
8,059579e-01
7,545754e-01
6,987522e-01
6,390702e-01
5,757066e-01
5,091725e-01
4,396694e-01
3,675415e-01
2,934359e-01
2,178157e-01
1,408943e-01
6,264591e-02
-1,467137e-02
-9,318486e-02
-1,708722e-01
-2,473031e-01
-3,223363e-01
-3,957500e-01
-4,668658e-01
-5,352553e-01
-6,005381e-01
-6,625833e-01
-7,208316e-01
-7,749335e-01
-8,245157e-01
-8,695263e-01
-9,097005e-01
-9,446009e-01
-9,740452e-01
-9,980264e-01
-1,016407e+00
-1,028870e+00
-1,035595e+00
-1,036343e+00
-1,031371e+00
-1,020378e+00
-1,003605e+00
-9,811055e-01
-9,531517e-01
-9,197659e-01
-8,810445e-01
-8,373436e-01
-7,889904e-01
-7,361208e-01
-6,789672e-01
-6,179220e-01
-5,534844e-01
-4,859572e-01
-4,155625e-01
-3,426824e-01
-2,680450e-01
-1,920152e-01
-1,146153e-01
-3,604330e-02
4,101063e-02
1,195259e-01
1,968156e-01
2,727611e-01
3,473641e-01
4,200427e-01
4,903600e-01
5,576789e-01
6,218997e-01
6,827797e-01
7,396630e-01
7,922572e-01
8,403936e-01
8,838087e-01
9,221911e-01
9,552843e-01
9,829540e-01
1,005094e+00
1,021538e+00
1,032130e+00
1,036772e+00
1,035631e+00
1,028688e+00
1,015815e+00
9,970815e-01
9,727973e-01
9,429864e-01
9,077762e-01
8,673542e-01
8,220785e-01
7,721435e-01
7,178660e-01
6,593389e-01
5,972300e-01
5,317441e-01
4,631532e-01
3,918205e-01
3,183380e-01
2,432393e-01
1,667982e-01
8,889223e-02
1,093812e-02
-6,695747e-02
-1,451199e-01
-2,219655e-01
-2,974394e-01
-3,714675e-01
-4,434508e-01
-5,127835e-01
-5,791524e-01
-6,422785e-01
-7,019278e-01
-7,573585e-01
-8,085121e-01
-8,550649e-01
-8,968949e-01
-9,335285e-01
-9,648368e-01
-9,906133e-01
-1,010946e+00
-1,025428e+00
-1,034035e+00
-1,036720e+00
-1,033667e+00
-1,024691e+00
-1,009837e+00
-9,892449e-01
-9,630985e-01
-9,314683e-01
-8,945420e-01
-8,524969e-01
-8,056136e-01
-7,541795e-01
-6,984803e-01
-6,386847e-01
-5,753537e-01
-5,088575e-01
-4,393252e-01
-3,671800e-01
-2,930624e-01
-2,175231e-01
-1,406431e-01
-6,232233e-02
1,494848e-02
9,347919e-02
1,712388e-01
2,476025e-01
3,226324e-01
3,960185e-01
4,672049e-01
5,355548e-01
6,008444e-01
6,628828e-01
7,211345e-01
7,751917e-01
8,248461e-01
8,698671e-01
9,099638e-01
9,448814e-01
9,743429e-01
9,983603e-01
1,016675e+00
1,029187e+00
1,035880e+00
1,036653e+00
1,031681e+00
1,020760e+00
1,003946e+00
9,815082e-01
9,535132e-01
9,201085e-01
8,814438e-01
8,377481e-01
7,893175e-01
7,364909e-01
6,792874e-01
6,183420e-01
5,538768e-01
4,863152e-01
4,158723e-01
3,430181e-01
2,684719e-01
1,924352e-01
1,150146e-01
3,642884e-02
-4,066812e-02
-1,191455e-01
-1,965213e-01
-2,724702e-01
-3,469751e-01
-4,197192e-01
-4,899968e-01
-5,574104e-01
-6,215847e-01
-6,824457e-01
-7,392964e-01
-7,919371e-01
-8,400425e-01
-8,834731e-01
-9,218916e-01
-9,549538e-01
-9,826304e-01
-1,004811e+00
-1,021228e+00
-1,031781e+00
-1,036450e+00
-1,035331e+00
-1,028340e+00
-1,015471e+00
-9,967149e-01
-9,724600e-01
-9,426284e-01
-9,074182e-01
-8,670719e-01
-8,217532e-01
-7,718371e-01
-7,175131e-01
-6,590428e-01
-5,968134e-01
-5,313413e-01
-4,627969e-01
-3,915348e-01
-3,180058e-01
-2,429158e-01
-1,663954e-01
-8,857898e-02
-1,067650e-02
6,728450e-02
1,454538e-01
2,222857e-01
2,977355e-01
3,718049e-01
4,437779e-01
5,131071e-01
5,794450e-01
6,426141e-01
7,021516e-01
7,576442e-01
8,087634e-01
8,553954e-01
8,971083e-01
9,337850e-01
9,651243e-01
9,909455e-01
1,011206e+00
1,025750e+00
1,034311e+00
1,037094e+00
1,034027e+00
1,025046e+00
1,010221e+00
9,895651e-01
9,634909e-01
9,318349e-01
8,948828e-01
8,527999e-01
8,059527e-01
7,544979e-01
6,987953e-01
6,390564e-01
5,757461e-01
5,092000e-01
4,396918e-01
3,675725e-01
2,934480e-01
2,179242e-01
1,409339e-01
6,265968e-02
-1,461457e-02
-9,313151e-02
-1,708274e-01
-2,472170e-01
-3,223088e-01
-3,956932e-01
-4,669020e-01
-5,351933e-01
-6,005123e-01
-6,624921e-01
-7,208023e-01
-7,748320e-01
-8,244864e-01
-8,694885e-01
-9,096437e-01
-9,445217e-01
-9,740245e-01
-9,980264e-01
-1,016381e+00
-1,028935e+00
-1,035567e+00
-1,036350e+00
-1,031355e+00
-1,020385e+00
-1,003656e+00
-9,811416e-01
-9,531586e-01
-9,197573e-01
-8,810204e-01
-8,373471e-01
-7,889526e-01
-7,360899e-01
-6,789517e-01
-6,179616e-01
-5,535876e-01
-4,860415e-01
-4,155780e-01
-3,427083e-01
-2,680709e-01
-1,920307e-01
-1,146033e-01
-3,607256e-02
4,096072e-02
1,195138e-01
1,968259e-01
2,727576e-01
3,473434e-01
4,200410e-01
4,903032e-01
5,576754e-01
6,218997e-01
6,827504e-01
7,395994e-01
7,922090e-01
8,403557e-01
8,837932e-01
9,221601e-01
9,553153e-01
9,829420e-01
1,005111e+00
1,021569e+00
1,032123e+00
1,036843e+00
1,035700e+00
1,028657e+00
1,015829e+00
9,971022e-01
9,727491e-01
9,429262e-01
9,077951e-01
8,673903e-01
8,221387e-01
7,721693e-01
7,178453e-01
6,593905e-01
5,972523e-01
5,317269e-01
4,632203e-01
3,918928e-01
3,183931e-01
2,432807e-01
1,667913e-01
8,888019e-02
1,097254e-02
-6,696092e-02
-1,450699e-01
-2,218898e-01
-2,973998e-01
-3,714228e-01
-4,434302e-01
-5,127594e-01
-5,791438e-01
-6,422475e-01
-7,018263e-01
-7,573034e-01
-8,085155e-01
-8,550649e-01
-8,968346e-01
-9,335130e-01
-9,647938e-01
-9,906529e-01
-1,010937e+00
-1,025433e+00
-1,033972e+00
-1,036763e+00
-1,033648e+00
-1,024710e+00
-1,009885e+00
-9,892708e-01
-9,630967e-01
-9,315130e-01
-8,945420e-01
-8,524935e-01
-8,056033e-01
-7,542277e-01
-6,984889e-01
-6,386984e-01
-5,754226e-01
-5,088782e-01
-4,393131e-01
-3,672282e-01
-2,931261e-01
-2,175490e-01
-1,406293e-01
-6,234470e-02
1,492094e-02
9,348263e-02
1,712285e-01
2,475303e-01
3,225997e-01
3,960236e-01
4,671481e-01
5,355187e-01
6,008117e-01
6,628621e-01
7,211052e-01
7,751693e-01
8,248582e-01
8,698706e-01
9,099345e-01
9,448625e-01
9,742793e-01
9,983431e-01
1,016691e+00
1,029225e+00
1,035856e+00
1,036720e+00
1,031633e+00
1,020765e+00
1,003983e+00
9,814824e-01
9,535252e-01
9,202066e-01
8,814335e-01
8,377395e-01
7,893433e-01
7,365184e-01
6,793046e-01
6,183695e-01
5,539456e-01
4,863324e-01
4,159670e-01
3,431179e-01
2,684616e-01
1,924025e-01
1,150680e-01
3,640131e-02
-4,057001e-02
-1,191524e-01
-1,964352e-01
-2,723928e-01
-3,469579e-01
-4,196813e-01
-4,899107e-01
-5,573088e-01
-6,215520e-01
-6,823717e-01
-7,392999e-01
-7,918923e-01
-8,400218e-01
-8,834748e-01
-9,218400e-01
-9,549383e-01
-9,826063e-01
-1,004789e+00
-1,021231e+00
-1,031808e+00
-1,036469e+00
-1,035330e+00
-1,028328e+00
-1,015436e+00
-9,967252e-01
-9,724359e-01
-9,426594e-01
-9,074664e-01
-8,670444e-01
-8,217996e-01
-7,718888e-01
-7,175011e-01
-6,590445e-01
-5,968530e-01
-5,314033e-01
-4,628589e-01
-3,915158e-01
-3,180609e-01
-2,429347e-01
-1,664539e-01
-8,859791e-02
-1,070576e-02
6,723975e-02
1,454434e-01
2,222271e-01
2,977337e-01
3,718152e-01
4,437520e-01
5,130710e-01
5,794278e-01
6,425763e-01
7,021361e-01
7,576442e-01
8,087806e-01
8,553593e-01
8,971289e-01
9,338315e-01
9,650692e-01
9,909455e-01
1,011226e+00
1,025753e+00
1,034319e+00
1,037084e+00
1,033968e+00
1,025006e+00
1,010216e+00
9,895943e-01
9,634874e-01
9,318590e-01
8,949224e-01
8,528274e-01
8,059992e-01
7,545857e-01
6,988572e-01
6,390891e-01
5,757685e-01
5,092517e-01
4,396591e-01
3,675742e-01
2,934979e-01
2,179139e-01
1,409873e-01
6,271131e-02
-1,454744e-02
-9,306266e-02
-1,708361e-01
-2,472549e-01
-3,222623e-01
-3,957104e-01
-4,667350e-01
-5,351486e-01
-6,005054e-01
-6,624697e-01
-7,208040e-01
-7,748578e-01
-8,244830e-01
-8,695022e-01
-9,096299e-01
-9,444959e-01
-9,740228e-01
-9,979954e-01
-1,016424e+00
-1,028920e+00
-1,035600e+00
-1,036398e+00
-1,031323e+00
-1,020414e+00
-1,003620e+00
-9,811674e-01
-9,531552e-01
-9,197883e-01
-8,810841e-01
-8,373970e-01
-7,889956e-01
-7,361260e-01
-6,790017e-01
-6,180064e-01
-5,536238e-01
-4,860398e-01
-4,155814e-01
-3,427478e-01
-2,681535e-01
-1,921254e-01
-1,147134e-01
-3,613452e-02
