4.190675e-02
1.203679e-01
1.975555e-01
2.734695e-01
3.479895e-01
4.207541e-01
4.909372e-01
5.584526e-01
6.225605e-01
6.832952e-01
7.401575e-01
7.927346e-01
8.407682e-01
8.841378e-01
9.224648e-01
9.555083e-01
9.831134e-01
1.005263e+00
1.021544e+00
1.032111e+00
1.036706e+00
1.035501e+00
1.028462e+00
1.015555e+00
9.967611e-01
9.723743e-01
9.426179e-01
9.072855e-01
8.668416e-01
8.215616e-01
7.715661e-01
7.171820e-01
6.587191e-01
5.964355e-01
5.309164e-01
4.621962e-01
3.909977e-01
3.174587e-01
2.424740e-01
1.658888e-01
8.804720e-02
1.013679e-02
-6.779084e-02
-1.460282e-01
-2.228372e-01
-2.983382e-01
-3.722559e-01
-4.442632e-01
-5.135857e-01
-5.798277e-01
-6.429890e-01
-7.025361e-01
-7.579529e-01
-8.091015e-01
-8.555861e-01
-8.974068e-01
-9.338924e-01
-9.651116e-01
-9.909096e-01
-1.011114e+00
-1.025536e+00
-1.034021e+00
-1.036792e+00
-1.033556e+00
-1.024590e+00
-1.009686e+00
-9.890165e-01
-9.628054e-01
-9.312076e-01
-8.941713e-01
-8.520236e-01
-8.050915e-01
-7.536847e-01
-6.979066e-01
-6.380324e-01
-5.747162e-01
-5.081129e-01
-4.386183e-01
-3.665077e-01
-2.923146e-01
-2.167792e-01
-1.398154e-01
-6.138866e-02
1.567846e-02
9.426007e-02
1.719640e-01
2.483255e-01
3.233102e-01
3.967115e-01
4.678583e-01
5.362171e-01
6.014608e-01
6.634518e-01
7.216394e-01
7.756621e-01
8.252274e-01
8.702664e-01
9.102456e-01
9.451306e-01
9.745084e-01
9.984821e-01
1.016811e+00
1.029306e+00
1.035880e+00
1.036551e+00
1.031491e+00
1.020511e+00
1.003662e+00
9.810826e-01
9.530817e-01
9.196424e-01
8.809023e-01
8.371540e-01
7.887418e-01
7.357862e-01
6.785968e-01
6.175179e-01
5.531175e-01
4.854299e-01
4.150403e-01
3.422585e-01
2.675664e-01
1.915319e-01
1.141550e-01
3.548736e-02
-4.149371e-02
-1.200925e-01
-1.974006e-01
-2.733490e-01
-3.478691e-01
-4.205648e-01
-4.907823e-01
-5.580912e-01
-6.223368e-01
-6.830370e-01
-7.400715e-01
-7.925625e-01
-8.406133e-01
-8.839829e-01
-9.222755e-01
-9.553362e-01
-9.829241e-01
-1.004988e+00
-1.021354e+00
-1.031887e+00
-1.036551e+00
-1.035277e+00
-1.028256e+00
-1.015314e+00
-9.965546e-01
-9.722366e-01
-9.423598e-01
-9.071134e-01
-8.666350e-01
-8.212863e-01
-7.713596e-01
-7.169410e-01
-6.583748e-01
-5.962117e-01
-5.307098e-01
-4.621618e-01
-3.907912e-01
-3.172522e-01
-2.421126e-01
-1.655790e-01
-8.766858e-02
-9.844214e-03
6.811783e-02
1.462003e-01
2.229921e-01
2.984587e-01
3.724796e-01
4.444525e-01
5.138267e-01
5.801719e-01
6.431955e-01
7.026910e-01
7.581594e-01
8.092047e-01
8.557582e-01
8.974412e-01
9.340817e-01
9.653353e-01
9.910990e-01
1.011286e+00
1.025726e+00
1.034279e+00
1.036964e+00
1.033832e+00
1.024814e+00
1.009927e+00
9.892058e-01
9.630980e-01
9.314141e-01
8.943606e-01
8.522818e-01
8.053669e-01
7.538913e-01
6.981131e-01
6.383422e-01
5.749572e-01
5.083022e-01
4.387731e-01
3.667658e-01
2.925728e-01
2.170890e-01
1.400907e-01
6.183612e-02
-1.547194e-02
-9.396750e-02
-1.717919e-01
-2.481706e-01
-3.231553e-01
-3.965738e-01
-4.676690e-01
-5.359245e-01
-6.012887e-01
-6.631421e-01
-7.215017e-01
-7.755761e-01
-8.250381e-01
-8.700427e-01
-9.100907e-01
-9.448725e-01
-9.743018e-01
-9.983100e-01
-1.016518e+00
-1.029030e+00
-1.035587e+00
-1.036431e+00
-1.031285e+00
-1.020305e+00
-1.003490e+00
-9.809450e-01
-9.529612e-01
-9.194875e-01
-8.807130e-01
-8.368787e-01
-7.885353e-01
-7.355280e-01
-6.783042e-01
-6.172770e-01
-5.528937e-01
-4.853439e-01
-4.148510e-01
-3.420004e-01
-2.673083e-01
-1.912738e-01
-1.138108e-01
-3.522921e-02
4.173465e-02
1.202991e-01
1.975211e-01
2.734179e-01
3.480067e-01
4.207197e-01
4.909027e-01
5.584010e-01
6.225089e-01
6.832780e-01
7.401059e-01
7.927002e-01
8.407338e-01
8.841206e-01
9.224304e-01
9.554911e-01
9.831307e-01
1.005177e+00
1.021527e+00
1.032076e+00
1.036689e+00
1.035570e+00
1.028514e+00
1.015572e+00
9.967955e-01
9.723915e-01
9.425147e-01
9.073199e-01
8.668416e-01
8.215272e-01
7.715833e-01
7.172164e-01
6.587191e-01
5.964871e-01
5.308992e-01
4.622650e-01
3.909977e-01
3.175620e-01
2.424052e-01
1.659060e-01
8.802999e-02
1.010237e-02
-6.782526e-02
-1.460110e-01
-2.228372e-01
-2.983210e-01
-3.722559e-01
-4.442632e-01
-5.135513e-01
-5.798793e-01
-6.429029e-01
-7.025533e-01
-7.578668e-01
-8.091015e-01
-8.555689e-01
-8.972864e-01
-9.339612e-01
-9.650944e-01
-9.909096e-01
-1.011097e+00
-1.025519e+00
-1.034107e+00
-1.036775e+00
-1.033642e+00
-1.024590e+00
-1.009686e+00
-9.889993e-01
-9.628054e-01
-9.311732e-01
-8.942057e-01
-8.520752e-01
-8.052120e-01
-7.536331e-01
-6.978550e-01
-6.380669e-01
-5.747507e-01
-5.081473e-01
-4.386183e-01
-3.665249e-01
-2.923663e-01
-2.167964e-01
-1.397810e-01
-6.150913e-02
1.564404e-02
9.420844e-02
1.718607e-01
2.483083e-01
3.232929e-01
3.966771e-01
4.677723e-01
5.362171e-01
6.014780e-01
6.634002e-01
7.216222e-01
7.756277e-01
8.252102e-01
8.701803e-01
9.102972e-01
9.451650e-01
9.744567e-01
9.984993e-01
1.016759e+00
1.029271e+00
1.035863e+00
1.036534e+00
1.031491e+00
1.020528e+00
1.003697e+00
9.811687e-01
9.531161e-01
9.196424e-01
8.809367e-01
8.372057e-01
7.887591e-01
7.358206e-01
6.786140e-01
6.175523e-01
5.531519e-01
4.854815e-01
4.150575e-01
3.422413e-01
2.675664e-01
1.916008e-01
1.141034e-01
3.557341e-02
-4.152813e-02
-1.200409e-01
-1.973834e-01
-2.733318e-01
-3.478002e-01
-4.205132e-01
-4.907306e-01
-5.580224e-01
-6.222507e-01
-6.829682e-01
-7.399166e-01
-7.925281e-01
-8.405444e-01
-8.839141e-01
-9.222755e-01
-9.553190e-01
-9.829241e-01
-1.005022e+00
-1.021337e+00
-1.031835e+00
-1.036499e+00
-1.035346e+00
-1.028307e+00
-1.015296e+00
-9.965718e-01
-9.722194e-01
-9.423598e-01
-9.071134e-01
-8.666867e-01
-8.212863e-01
-7.713940e-01
-7.169410e-01
-6.584437e-01
-5.962634e-01
-5.307271e-01
-4.622306e-01
-3.908773e-01
-3.172350e-01
-2.421298e-01
-1.655962e-01
-8.770300e-02
-9.947475e-03
6.804899e-02
1.461487e-01
2.230093e-01
2.984415e-01
3.724796e-01
4.444009e-01
5.137406e-01
5.800514e-01
6.431611e-01
7.027427e-01
7.581250e-01
8.091875e-01
8.557238e-01
8.974757e-01
9.340989e-01
9.652837e-01
9.910473e-01
1.011286e+00
1.025777e+00
1.034296e+00
1.036947e+00
1.033832e+00
1.024848e+00
1.009910e+00
9.892575e-01
9.630980e-01
9.314313e-01
8.943778e-01
8.522646e-01
8.054013e-01
7.539945e-01
6.981475e-01
6.382906e-01
5.749572e-01
5.084055e-01
4.388764e-01
3.667658e-01
2.926244e-01
2.171062e-01
1.401424e-01
6.188775e-02
-1.538589e-02
-9.393308e-02
-1.717402e-01
-2.480845e-01
-3.231036e-01
-3.964878e-01
-4.676174e-01
-5.359073e-01
-6.012543e-01
-6.632281e-01
-7.214673e-01
-7.754900e-01
-8.251241e-01
-8.700255e-01
-9.100563e-01
-9.449241e-01
-9.742846e-01
-9.982756e-01
-1.016604e+00
-1.029030e+00
-1.035622e+00
-1.036413e+00
-1.031267e+00
-1.020339e+00
-1.003421e+00
-9.809450e-01
-9.528408e-01
-9.194530e-01
-8.807130e-01
-8.369991e-01
-7.885181e-01
-7.355624e-01
-6.783558e-01
-6.173458e-01
-5.529282e-01
-4.853611e-01
-4.148854e-01
-3.420520e-01
-2.673771e-01
-1.912738e-01
-1.138624e-01
-3.524642e-02
4.173465e-02
1.202646e-01
1.974522e-01
2.734179e-01
3.479379e-01
4.206853e-01
4.909199e-01
5.583149e-01
6.225261e-01
6.832435e-01
7.401403e-01
7.926830e-01
8.407338e-01
8.841206e-01
9.224648e-01
9.554395e-01
9.830962e-01
1.005177e+00
1.021544e+00
1.032128e+00
1.036792e+00
1.035501e+00
1.028531e+00
1.015537e+00
9.967955e-01
9.724259e-01
9.426007e-01
9.073715e-01
8.668588e-01
8.215616e-01
7.715833e-01
7.171648e-01
6.587535e-01
5.965387e-01
5.309164e-01
4.622994e-01
3.910494e-01
3.175620e-01
2.424740e-01
1.659232e-01
8.806441e-02
1.024005e-02
-6.772200e-02
-1.459594e-01
-2.228372e-01
-2.982522e-01
-3.722903e-01
-4.441943e-01
-5.134481e-01
-5.798104e-01
-6.429029e-01
-7.025017e-01
-7.579529e-01
-8.090498e-01
-8.556205e-01
-8.973380e-01
-9.338924e-01
-9.651288e-01
-9.908752e-01
-1.011114e+00
-1.025571e+00
-1.034038e+00
-1.036758e+00
-1.033625e+00
-1.024573e+00
-1.009720e+00
-9.890682e-01
-9.628399e-01
-9.312076e-01
-8.941713e-01
-8.520236e-01
-8.052292e-01
-7.537536e-01
-6.979754e-01
-6.380496e-01
-5.748539e-01
-5.081990e-01
-4.386527e-01
-3.664560e-01
-2.924523e-01
-2.168825e-01
-1.398498e-01
-6.157797e-02
1.567846e-02
9.422565e-02
1.718779e-01
2.482222e-01
3.232757e-01
3.966427e-01
4.677723e-01
5.361483e-01
6.014436e-01
6.633830e-01
7.215706e-01
7.755933e-01
8.252274e-01
8.702320e-01
9.102628e-01
9.450790e-01
9.745256e-01
9.984305e-01
1.016759e+00
1.029254e+00
1.035863e+00
1.036585e+00
1.031526e+00
1.020494e+00
1.003697e+00
9.811343e-01
9.531505e-01
9.197456e-01
8.809367e-01
8.372401e-01
7.887418e-01
7.358206e-01
6.786140e-01
6.176384e-01
5.531347e-01
4.854987e-01
4.150747e-01
3.422930e-01
2.676353e-01
1.916008e-01
1.141894e-01
3.559062e-02
-4.145929e-02
-1.200065e-01
-1.973145e-01
-2.732286e-01
-3.477658e-01
-4.204787e-01
-4.906962e-01
-5.580224e-01
-6.223023e-01
-6.830370e-01
-7.399338e-01
-7.925797e-01
-8.405272e-01
-8.839313e-01
-9.222411e-01
-9.552674e-01
-9.829241e-01
-1.005022e+00
-1.021372e+00
-1.031904e+00
-1.036482e+00
-1.035312e+00
-1.028256e+00
-1.015365e+00
-9.966578e-01
-9.721850e-01
-9.423426e-01
-9.071478e-01
-8.666867e-01
-8.213207e-01
-7.714112e-01
-7.170271e-01
-6.585297e-01
-5.962806e-01
-5.307959e-01
-4.621790e-01
-3.908256e-01
-3.173210e-01
-2.422159e-01
-1.656823e-01
-8.777184e-02
-9.964685e-03
6.801457e-02
1.461659e-01
2.229749e-01
2.983726e-01
3.723935e-01
4.443837e-01
5.136718e-01
5.800858e-01
6.430922e-01
7.026738e-01
7.581078e-01
8.092219e-01
8.557238e-01
8.974068e-01
9.340817e-01
9.652837e-01
9.910817e-01
1.011321e+00
1.025709e+00
1.034279e+00
1.036964e+00
1.033832e+00
1.024865e+00
1.009927e+00
9.892231e-01
9.631152e-01
9.314485e-01
8.944639e-01
8.523334e-01
8.054013e-01
7.539429e-01
6.982508e-01
6.383766e-01
5.750088e-01
5.084055e-01
4.388764e-01
3.668002e-01
2.927105e-01
2.171234e-01
1.401768e-01
6.187054e-02
-1.535147e-02
-9.389866e-02
-1.717058e-01
-2.481017e-01
-3.230864e-01
-3.964878e-01
-4.675658e-01
-5.359762e-01
-6.012371e-01
-6.632109e-01
-7.214329e-01
-7.755416e-01
-8.250381e-01
-8.700427e-01
-9.100563e-01
-9.449241e-01
-9.743190e-01
-9.982756e-01
-1.016553e+00
-1.029047e+00
-1.035690e+00
-1.036344e+00
-1.031319e+00
-1.020322e+00
-1.003525e+00
-9.809105e-01
-9.529096e-01
-9.194875e-01
-8.807130e-01
-8.369131e-01
-7.885353e-01
-7.355624e-01
-6.784247e-01
-6.173974e-01
-5.529798e-01
-4.853955e-01
-4.149715e-01
-3.420176e-01
-2.674460e-01
-1.913598e-01
-1.139141e-01
-3.531526e-02
4.171744e-02
1.202130e-01
1.975038e-01
2.733835e-01
3.479379e-01
4.206336e-01
4.909027e-01
5.582977e-01
6.224744e-01
6.831919e-01
7.400543e-01
7.926313e-01
8.407338e-01
8.840862e-01
9.224476e-01
9.554567e-01
9.830962e-01
1.005177e+00
1.021561e+00
1.032094e+00
1.036723e+00
1.035501e+00
1.028497e+00
1.015537e+00
9.968472e-01
9.724087e-01
9.425835e-01
9.073887e-01
8.669104e-01
8.215960e-01
7.716694e-01
7.172680e-01
6.587707e-01
5.965387e-01
5.310368e-01
4.623855e-01
3.911010e-01
3.176136e-01
2.424740e-01
1.659576e-01
8.806441e-02
1.022284e-02
-6.770479e-02
-1.459078e-01
-2.226823e-01
-2.982177e-01
-3.722731e-01
-4.441771e-01
-5.134481e-01
-5.798449e-01
-6.428857e-01
-7.024845e-01
-7.579184e-01
-8.090326e-01
-8.554829e-01
-8.972864e-01
-9.338752e-01
-9.650428e-01
-9.909096e-01
-1.011166e+00
-1.025554e+00
-1.034056e+00
-1.036809e+00
-1.033642e+00
-1.024642e+00
-1.009720e+00
-9.890337e-01
-9.628227e-01
-9.311904e-01
-8.942229e-01
-8.520236e-01
-8.051948e-01
-7.537708e-01
-6.979582e-01
-6.381357e-01
-5.748195e-01
-5.082678e-01
-4.387731e-01
-3.666109e-01
-2.924695e-01
-2.169169e-01
-1.398842e-01
-6.159518e-02
1.566125e-02
9.419123e-02
1.718607e-01
2.482050e-01
3.232413e-01
3.966255e-01
4.677723e-01
5.361999e-01
6.014608e-01
6.633830e-01
7.216222e-01
7.756277e-01
8.252618e-01
8.701631e-01
9.102112e-01
9.450790e-01
9.744395e-01
9.983961e-01
1.016742e+00
1.029237e+00
1.035811e+00
1.036637e+00
1.031508e+00
1.020494e+00
1.003662e+00
9.811687e-01
9.531505e-01
9.197284e-01
8.809711e-01
8.371540e-01
7.887935e-01
7.358550e-01
6.787173e-01
6.176212e-01
5.531347e-01
4.855332e-01
4.151264e-01
3.423274e-01
2.676869e-01
1.916352e-01
1.142583e-01
3.569388e-02
-4.137324e-02
-1.199204e-01
-1.973317e-01
-2.732114e-01
-3.477314e-01
-4.204443e-01
-4.907134e-01
-5.580224e-01
-6.222679e-01
-6.830542e-01
-7.399166e-01
-7.924764e-01
-8.405616e-01
-8.839313e-01
-9.222755e-01
-9.553190e-01
-9.828725e-01
-1.004970e+00
-1.021406e+00
-1.031904e+00
-1.036517e+00
-1.035346e+00
-1.028273e+00
-1.015296e+00
-9.965546e-01
-9.722194e-01
-9.423426e-01
-9.070961e-01
-8.667211e-01
-8.213723e-01
-7.714628e-01
-7.170099e-01
-6.584781e-01
-5.963666e-01
-5.308475e-01
-4.622650e-01
-3.908773e-01
-3.173210e-01
-2.422331e-01
-1.656823e-01
-8.778905e-02
-9.999106e-03
6.794573e-02
1.461831e-01
2.228888e-01
2.984070e-01
3.723419e-01
4.442976e-01
5.136718e-01
5.800858e-01
6.431439e-01
7.026738e-01
7.580905e-01
8.091875e-01
8.556722e-01
8.974585e-01
9.340473e-01
9.652665e-01
9.910990e-01
1.011269e+00
1.025709e+00
1.034245e+00
1.037050e+00
1.033797e+00
1.024883e+00
1.009927e+00
9.893091e-01
9.631152e-01
9.314485e-01
8.944467e-01
8.523850e-01
8.054185e-01
7.539601e-01
6.982508e-01
6.384455e-01
5.750432e-01
5.084571e-01
4.389452e-01
3.669035e-01
2.927277e-01
2.171923e-01
1.402284e-01
6.193938e-02
-1.529984e-02
-9.381261e-02
-1.716714e-01
-2.479985e-01
-3.230348e-01
-3.964878e-01
-4.675658e-01
-5.358901e-01
-6.011338e-01
-6.631937e-01
-7.213813e-01
-7.754556e-01
-8.249692e-01
-8.700427e-01
-9.100047e-01
-9.448897e-01
-9.742674e-01
-9.982584e-01
-1.016536e+00
-1.029030e+00
-1.035587e+00
-1.036379e+00
-1.031302e+00
-1.020253e+00
-1.003439e+00
-9.809622e-01
-9.529268e-01
-9.195047e-01
-8.807474e-01
-8.369819e-01
-7.885525e-01
-7.356141e-01
-6.784419e-01
-6.173630e-01
-5.530142e-01
-4.854643e-01
-4.150231e-01
-3.420348e-01
-2.674460e-01
-1.913942e-01
-1.140001e-01
-3.536689e-02
4.168302e-02
1.201786e-01
1.974006e-01
2.732974e-01
3.478691e-01
4.205820e-01
4.908167e-01
5.582633e-01
6.223884e-01
6.832091e-01
7.400887e-01
7.926141e-01
8.406993e-01
8.840517e-01
9.224304e-01
9.554223e-01
9.830618e-01
1.005211e+00
1.021561e+00
1.032111e+00
1.036740e+00
1.035553e+00
1.028531e+00
1.015606e+00
9.968644e-01
9.724431e-01
9.426007e-01
9.073887e-01
8.669276e-01
8.215788e-01
7.716349e-01
7.173025e-01
6.587879e-01
5.965559e-01
5.310024e-01
4.623855e-01
3.911182e-01
3.176308e-01
2.425601e-01
1.660609e-01
8.818488e-02
1.030889e-02
-6.765316e-02
-1.458389e-01
-2.226995e-01
-2.981833e-01
-3.721870e-01
-4.441427e-01
-5.134653e-01
-5.797760e-01
-6.428513e-01
-7.024673e-01
-7.579012e-01
-8.090154e-01
-8.555345e-01
-8.972519e-01
-9.338235e-01
-9.651116e-01
-9.909269e-01
-1.011114e+00
-1.025588e+00
-1.034107e+00
-1.036775e+00
-1.033642e+00
-1.024624e+00
-1.009789e+00
-9.891198e-01
-9.628227e-01
-9.311904e-01
-8.942402e-01
-8.521441e-01
-8.052120e-01
-7.537708e-01
-6.979926e-01
-6.381701e-01
-5.748367e-01
-5.083194e-01
-4.387904e-01
-3.666626e-01
-2.924867e-01
-2.169858e-01
-1.399703e-01
-6.162960e-02
1.552357e-02
9.410518e-02
1.718435e-01
2.481189e-01
3.232069e-01
3.965566e-01
4.677034e-01
5.361138e-01
6.014264e-01
6.633142e-01
7.216050e-01
7.755933e-01
8.252274e-01
8.701287e-01
9.102284e-01
9.450618e-01
9.745084e-01
9.984133e-01
1.016777e+00
1.029237e+00
1.035828e+00
1.036603e+00
1.031508e+00
1.020511e+00
1.003714e+00
9.811515e-01
9.531678e-01
9.197112e-01
8.809711e-01
8.371885e-01
7.887935e-01
7.359583e-01
6.787517e-01
6.177416e-01
5.531863e-01
4.855332e-01
4.151436e-01
3.423446e-01
2.677385e-01
1.917557e-01
1.143271e-01
3.572830e-02
-4.132161e-02
-1.199204e-01
-1.972113e-01
-2.731597e-01
-3.476625e-01
-4.203927e-01
-4.905757e-01
-5.579019e-01
-6.221991e-01
-6.829682e-01
-7.398133e-01
-7.924937e-01
-8.404928e-01
-8.838968e-01
-9.222239e-01
-9.552502e-01
-9.828725e-01
-1.005005e+00
-1.021354e+00
-1.031818e+00
-1.036482e+00
-1.035295e+00
-1.028290e+00
-1.015331e+00
-9.965890e-01
-9.721850e-01
-9.424286e-01
-9.072166e-01
-8.667211e-01
-8.213379e-01
-7.714628e-01
-7.171131e-01
-6.585297e-01
-5.963150e-01
-5.308475e-01
-4.622650e-01
-3.909117e-01
-3.173726e-01
-2.422675e-01
-1.657683e-01
-8.782347e-02
-9.981895e-03
6.789410e-02
1.460455e-01
2.228544e-01
2.983038e-01
3.723247e-01
4.442288e-01
5.136374e-01
5.799309e-01
6.430578e-01
7.025705e-01
7.581594e-01
8.091359e-01
8.557238e-01
8.974240e-01
9.340301e-01
9.652149e-01
9.910817e-01
1.011321e+00
1.025777e+00
1.034279e+00
1.037016e+00
1.033797e+00
1.024831e+00
1.009910e+00
9.892919e-01
9.630808e-01
9.314485e-01
8.944639e-01
8.522990e-01
8.054357e-01
7.540634e-01
6.982852e-01
6.384799e-01
5.750949e-01
5.085259e-01
4.389452e-01
3.669207e-01
2.927965e-01
2.172611e-01
1.402112e-01
6.192217e-02
-1.524821e-02
-9.377819e-02
-1.716542e-01
-2.479813e-01
-3.230004e-01
-3.964017e-01
-4.675313e-01
-5.358041e-01
-6.010822e-01
-6.630904e-01
-7.213985e-01
-7.754384e-01
-8.249348e-01
-8.699910e-01
-9.100391e-01
-9.448552e-01
-9.742674e-01
-9.982412e-01
-1.016501e+00
-1.028944e+00
-1.035604e+00
-1.036379e+00
-1.031285e+00
-1.020287e+00
-1.003507e+00
-9.809450e-01
-9.529268e-01
-9.195391e-01
-8.807646e-01
-8.369303e-01
-7.886214e-01
-7.356485e-01
-6.784935e-01
-6.174663e-01
-5.530314e-01
-4.854987e-01
-4.150747e-01
-3.421553e-01
-2.674287e-01
-1.914631e-01
-1.139657e-01
-3.540131e-02
4.163139e-02
1.201269e-01
1.973834e-01
2.732802e-01
3.478346e-01
4.205648e-01
4.907823e-01
5.582633e-01
6.223884e-01
6.831575e-01
7.400027e-01
7.926486e-01
8.406477e-01
8.840173e-01
9.223616e-01
9.554739e-01
9.830790e-01
1.005194e+00
1.021613e+00
1.032111e+00
1.036706e+00
1.035553e+00
1.028531e+00
1.015572e+00
9.968299e-01
9.724259e-01
9.425663e-01
9.074231e-01
8.669620e-01
8.216305e-01
7.717038e-01
7.173197e-01
6.588223e-01
5.965559e-01
5.310024e-01
4.624027e-01
3.911526e-01
3.176824e-01
2.425428e-01
1.660781e-01
8.820209e-02
1.032610e-02
-6.767037e-02
-1.458045e-01
-2.226651e-01
-2.981833e-01
-3.721010e-01
-4.440567e-01
-5.134136e-01
-5.797760e-01
-6.427996e-01
-7.024673e-01
-7.578668e-01
-8.089466e-01
-8.554140e-01
-8.972691e-01
-9.338580e-01
-9.650600e-01
-9.908580e-01
-1.011132e+00
-1.025605e+00
-1.034107e+00
-1.036758e+00
-1.033625e+00
-1.024624e+00
-1.009738e+00
-9.890509e-01
-9.628743e-01
-9.312076e-01
-8.942746e-01
-8.521957e-01
-8.052980e-01
-7.538224e-01
-6.980615e-01
-6.381873e-01
-5.748711e-01
-5.083538e-01
-4.387559e-01
-3.666970e-01
-2.925040e-01
-2.169858e-01
-1.399875e-01
-6.164681e-02
1.555799e-02
9.405355e-02
1.717230e-01
2.481362e-01
3.231208e-01
3.965394e-01
4.676862e-01
5.361310e-01
6.013404e-01
6.632970e-01
7.215017e-01
7.755244e-01
8.251413e-01
8.701631e-01
9.101940e-01
9.450790e-01
9.744567e-01
9.984993e-01
1.016708e+00
1.029237e+00
1.035828e+00
1.036603e+00
1.031543e+00
1.020546e+00
1.003697e+00
9.810999e-01
9.531505e-01
9.197628e-01
8.810055e-01
8.372057e-01
7.887935e-01
7.358894e-01
6.787689e-01
6.176900e-01
5.532380e-01
4.855504e-01
4.152296e-01
3.423618e-01
2.677557e-01
1.917557e-01
1.143788e-01
3.577993e-02
-4.132161e-02
-1.198688e-01
-1.971941e-01
-2.731253e-01
-3.476625e-01
-4.203755e-01
-4.905757e-01
-5.579535e-01
-6.221302e-01
-6.830198e-01
-7.398306e-01
-7.924764e-01
-8.404756e-01
-8.838796e-01
-9.222067e-01
-9.552330e-01
-9.828381e-01
-1.005022e+00
-1.021337e+00
-1.031870e+00
-1.036499e+00
-1.035329e+00
-1.028325e+00
-1.015383e+00
-9.966751e-01
-9.722366e-01
-9.424458e-01
-9.072510e-01
-8.667211e-01
-8.214067e-01
-7.714973e-01
-7.170615e-01
-6.585297e-01
-5.963494e-01
-5.308992e-01
-4.622478e-01
-3.909805e-01
-3.174071e-01
-2.422847e-01
-1.657511e-01
-8.790952e-02
-1.003353e-02
6.791131e-02
1.459938e-01
2.227167e-01
2.982694e-01
3.722731e-01
4.441599e-01
5.136374e-01
5.799137e-01
6.430578e-01
7.025533e-01
7.580045e-01
8.090670e-01
8.556894e-01
8.973552e-01
9.339956e-01
9.652321e-01
9.910817e-01
1.011252e+00
1.025726e+00
1.034314e+00
1.036964e+00
1.033832e+00
1.024831e+00
1.009961e+00
9.893091e-01
9.630980e-01
9.314485e-01
8.944811e-01
8.523506e-01
8.055218e-01
7.540117e-01
6.982680e-01
6.384971e-01
5.751293e-01
5.085087e-01
4.389969e-01
3.669723e-01
2.927965e-01
2.172439e-01
1.402628e-01
6.197380e-02
-1.523100e-02
-9.381261e-02
-1.715853e-01
-2.479985e-01
-3.229832e-01
-3.964017e-01
-4.675141e-01
-5.357868e-01
-6.010822e-01
-6.630044e-01
-7.213296e-01
-7.754384e-01
-8.249348e-01
-8.699394e-01
-9.100219e-01
-9.448208e-01
-9.742502e-01
-9.982412e-01
-1.016484e+00
-1.029047e+00
-1.035622e+00
-1.036413e+00
-1.031302e+00
-1.020322e+00
-1.003490e+00
-9.810138e-01
-9.529440e-01
-9.195907e-01
-8.807990e-01
-8.369819e-01
-7.886730e-01
-7.356485e-01
-6.784935e-01
-6.174663e-01
-5.530831e-01
-4.854987e-01
-4.150403e-01
-3.421725e-01
-2.674976e-01
-1.914287e-01
-1.139829e-01
-3.547015e-02
4.156255e-02
1.200409e-01
1.973317e-01
2.732630e-01
3.477830e-01
4.205132e-01
4.907478e-01
5.581945e-01
6.223540e-01
6.831575e-01
7.399682e-01
7.925969e-01
8.405789e-01
8.840001e-01
9.223960e-01
9.554567e-01
9.830618e-01
1.005142e+00
1.021527e+00
1.032059e+00
1.036758e+00
1.035553e+00
1.028479e+00
1.015589e+00
9.968988e-01
9.724431e-01
9.426351e-01
9.074576e-01
8.669448e-01
8.216305e-01
7.717038e-01
7.172852e-01
6.588051e-01
5.966420e-01
5.310368e-01
4.624199e-01
3.912043e-01
3.176824e-01
2.425256e-01
1.660781e-01
8.823651e-02
1.029168e-02
-6.763595e-02
-1.457701e-01
-2.225963e-01
-2.981317e-01
-3.721010e-01
-4.440911e-01
-5.133620e-01
-5.797072e-01
-6.428169e-01
-7.023984e-01
-7.577980e-01
-8.089638e-01
-8.554312e-01
-8.971659e-01
-9.338407e-01
-9.650083e-01
-9.908236e-01
-1.011080e+00
-1.025502e+00
-1.034056e+00
-1.036758e+00
-1.033591e+00
-1.024659e+00
-1.009738e+00
-9.891026e-01
-9.628743e-01
-9.313281e-01
-8.943090e-01
-8.521097e-01
-8.052808e-01
-7.538568e-01
-6.980615e-01
-6.381701e-01
-5.748883e-01
-5.083538e-01
-4.387904e-01
-3.666970e-01
-2.925728e-01
-2.170030e-01
-1.399703e-01
-6.166402e-02
1.550636e-02
9.401913e-02
1.717058e-01
2.480673e-01
3.231725e-01
3.965394e-01
4.676174e-01
5.360278e-01
6.013404e-01
6.632970e-01
7.214845e-01
7.754900e-01
8.251413e-01
8.701287e-01
9.101768e-01
9.450446e-01
9.744223e-01
9.984305e-01
1.016673e+00
1.029288e+00
1.035828e+00
1.036585e+00
1.031526e+00
1.020546e+00
1.003731e+00
9.811859e-01
9.532194e-01
9.197284e-01
8.810227e-01
8.372573e-01
7.888451e-01
7.359066e-01
6.787345e-01
6.177416e-01
5.533240e-01
4.856192e-01
4.152641e-01
3.424134e-01
2.677730e-01
1.917557e-01
1.143099e-01
3.581435e-02
-4.125276e-02
-1.198688e-01
-1.971941e-01
-2.731253e-01
-3.476453e-01
-4.203411e-01
-4.905413e-01
-5.579191e-01
-6.221475e-01
-6.828993e-01
-7.398306e-01
-7.924764e-01
-8.404756e-01
-8.838452e-01
-9.222239e-01
-9.552674e-01
-9.828553e-01
-1.004988e+00
-1.021303e+00
-1.031870e+00
-1.036499e+00
-1.035243e+00
-1.028376e+00
-1.015314e+00
-9.965890e-01
-9.722366e-01
-9.424114e-01
-9.072682e-01
-8.667727e-01
-8.213895e-01
-7.715317e-01
-7.171476e-01
-6.586158e-01
-5.964010e-01
-5.308303e-01
-4.622994e-01
-3.909633e-01
-3.174415e-01
-2.423191e-01
-1.658199e-01
-8.790952e-02
-1.006795e-02
6.787689e-02
1.460282e-01
2.227684e-01
2.982522e-01
3.722559e-01
4.442116e-01
5.135857e-01
5.798793e-01
6.429890e-01
7.025189e-01
7.580045e-01
8.091015e-01
8.556205e-01
8.973896e-01
9.339956e-01
9.651805e-01
9.910129e-01
1.011218e+00
1.025743e+00
1.034245e+00
1.036998e+00
1.033883e+00
1.024831e+00
1.010030e+00
9.892575e-01
9.631841e-01
9.315002e-01
8.945327e-01
8.523850e-01
8.055390e-01
7.540978e-01
6.982852e-01
6.385315e-01
5.751121e-01
5.085432e-01
4.390313e-01
3.669207e-01
2.928482e-01
2.173127e-01
1.402973e-01
6.209427e-02
-1.516216e-02
-9.372656e-02
-1.715681e-01
-2.479641e-01
-3.229659e-01
-3.963157e-01
-4.674969e-01
-5.357524e-01
-6.010822e-01
-6.630560e-01
-7.213813e-01
-7.754212e-01
-8.249520e-01
-8.699394e-01
-9.100391e-01
-9.447864e-01
-9.742674e-01
-9.982756e-01
-1.016501e+00
-1.029013e+00
-1.035604e+00
-1.036344e+00
-1.031302e+00
-1.020270e+00
-1.003507e+00
-9.809622e-01
-9.529440e-01
-9.195735e-01
-8.807302e-01
-8.370336e-01
-7.886386e-01
-7.356485e-01
-6.785107e-01
-6.174835e-01
-5.530486e-01
-4.854643e-01
-4.151092e-01
-3.421897e-01
-2.675320e-01
-1.914975e-01
-1.140346e-01
-3.545294e-02
4.159697e-02
1.200581e-01
1.972973e-01
2.732458e-01
3.477658e-01
4.204615e-01
4.907306e-01
5.581773e-01
6.223540e-01
6.831231e-01
7.400199e-01
7.925281e-01
8.405961e-01
8.840001e-01
9.223788e-01
9.553879e-01
9.830618e-01
1.005177e+00
1.021544e+00
1.032128e+00
1.036758e+00
1.035553e+00
1.028497e+00
1.015572e+00
9.968644e-01
9.724776e-01
9.427040e-01
9.074231e-01
8.669276e-01
8.216477e-01
7.717726e-01
7.173541e-01
6.588567e-01
5.966076e-01
5.310368e-01
4.624543e-01
3.912559e-01
3.177341e-01
2.426289e-01
1.660953e-01
8.823651e-02
1.037773e-02
-6.753269e-02
-1.457701e-01
-2.225963e-01
-2.980973e-01
-3.720493e-01
-4.440050e-01
-5.133276e-01
-5.796556e-01
-6.427480e-01
-7.023468e-01
-7.577808e-01
-8.089294e-01
-8.554140e-01
-8.972347e-01
-9.338063e-01
-9.650083e-01
-9.907720e-01
-1.011063e+00
-1.025485e+00
-1.034038e+00
-1.036792e+00
-1.033608e+00
-1.024590e+00
-1.009806e+00
-9.891370e-01
-9.628743e-01
-9.313625e-01
-8.943606e-01
-8.521957e-01
-8.052980e-01
-7.538741e-01
-6.980959e-01
-6.382217e-01
-5.749228e-01
-5.083711e-01
-4.388420e-01
-3.667142e-01
-2.925900e-01
-2.170374e-01
-1.400047e-01
-6.169844e-02
1.545473e-02
9.398471e-02
1.716542e-01
2.480329e-01
3.231381e-01
3.964706e-01
4.675830e-01
5.360450e-01
6.013059e-01
6.633142e-01
7.214673e-01
7.754900e-01
8.250725e-01
8.701115e-01
9.101596e-01
9.449585e-01
9.745084e-01
9.984821e-01
1.016725e+00
1.029254e+00
1.035828e+00
1.036534e+00
1.031508e+00
1.020580e+00
1.003783e+00
9.812203e-01
9.532194e-01
9.197800e-01
8.810227e-01
8.373089e-01
7.888795e-01
7.358894e-01
6.787861e-01
6.177589e-01
5.533412e-01
4.856364e-01
4.153329e-01
3.424479e-01
2.678418e-01
1.917729e-01
1.144476e-01
3.583156e-02
-4.121834e-02
-1.198172e-01
-1.971596e-01
-2.730221e-01
-3.475937e-01
-4.202722e-01
-4.905585e-01
-5.578503e-01
-6.221647e-01
-6.828649e-01
-7.398133e-01
-7.924420e-01
-8.403723e-01
-8.838624e-01
-9.222239e-01
-9.551813e-01
-9.828381e-01
-1.004970e+00
-1.021337e+00
-1.031887e+00
-1.036551e+00
-1.035277e+00
-1.028376e+00
-1.015365e+00
-9.966751e-01
-9.722710e-01
-9.424114e-01
-9.072338e-01
-8.667899e-01
-8.214584e-01
-7.715489e-01
-7.170959e-01
-6.585642e-01
-5.964183e-01
-5.308647e-01
-4.623511e-01
-3.909977e-01
-3.174931e-01
-2.423363e-01
-1.658199e-01
-8.790952e-02
-1.020563e-02
6.782526e-02
1.459594e-01
2.227684e-01
2.982177e-01
3.722387e-01
4.441427e-01
5.135685e-01
5.799137e-01
6.429545e-01
7.025017e-01
7.579701e-01
8.090843e-01
8.556205e-01
8.973896e-01
9.339612e-01
9.652149e-01
9.910473e-01
1.011235e+00
1.025691e+00
1.034228e+00
1.036998e+00
1.033883e+00
1.024814e+00
1.010047e+00
9.893091e-01
9.631497e-01
9.314657e-01
8.945671e-01
8.524367e-01
8.055390e-01
7.541150e-01
6.983541e-01
6.385487e-01
5.751465e-01
5.085776e-01
4.390657e-01
3.669895e-01
2.928998e-01
2.172611e-01
1.403145e-01
6.207706e-02
-1.521379e-02
-9.372656e-02
-1.715165e-01
-2.479468e-01
-3.228971e-01
-3.962468e-01
-4.674281e-01
-5.357524e-01
-6.010650e-01
-6.630216e-01
-7.212780e-01
-7.753523e-01
-8.249348e-01
-8.699222e-01
-9.099358e-01
-9.448036e-01
-9.742846e-01
-9.982068e-01
-1.016518e+00
-1.029082e+00
-1.035553e+00
-1.036344e+00
-1.031319e+00
-1.020305e+00
-1.003507e+00
-9.810138e-01
-9.529268e-01
-9.195907e-01
-8.808506e-01
-8.370852e-01
-7.887074e-01
-7.357690e-01
-6.784935e-01
-6.176040e-01
-5.531003e-01
-4.854987e-01
-4.151092e-01
-3.422241e-01
-2.676353e-01
-1.914975e-01
-1.140346e-01
-3.547015e-02
4.151092e-02
1.200409e-01
1.972629e-01
2.731942e-01
3.477486e-01
4.204443e-01
4.906962e-01
5.581428e-01
6.222851e-01
6.830542e-01
7.399338e-01
7.925109e-01
8.405961e-01
8.840001e-01
9.223960e-01
9.553707e-01
9.829930e-01
1.005142e+00
1.021595e+00
1.032111e+00
1.036740e+00
1.035570e+00
1.028497e+00
1.015658e+00
9.968988e-01
9.724604e-01
9.426351e-01
9.074748e-01
8.669793e-01
8.216821e-01
7.717554e-01
7.173713e-01
6.588739e-01
5.966592e-01
5.311057e-01
4.624371e-01
3.912387e-01
3.177341e-01
2.426805e-01
1.661986e-01
8.832256e-02
1.039494e-02
-6.749827e-02
-1.457013e-01
-2.225791e-01
-2.980801e-01
-3.720665e-01
-4.440222e-01
-5.132587e-01
-5.796039e-01
-6.426620e-01
-7.022952e-01
-7.577119e-01
-8.088433e-01
-8.553796e-01
-8.971487e-01
-9.337719e-01
-9.650428e-01
-9.908924e-01
-1.011063e+00
-1.025554e+00
-1.034090e+00
-1.036775e+00
-1.033642e+00
-1.024607e+00
-1.009789e+00
-9.891198e-01
-9.629259e-01
-9.312764e-01
-8.942918e-01
-8.522129e-01
-8.052980e-01
-7.538741e-01
-6.981475e-01
-6.382734e-01
-5.749744e-01
-5.084055e-01
-4.388420e-01
-3.667486e-01
-2.926416e-01
-2.170374e-01
-1.400563e-01
-6.171565e-02
1.543752e-02
9.401913e-02
1.716886e-01
2.480329e-01
3.230520e-01
3.965050e-01
4.676174e-01
5.360794e-01
6.012715e-01
6.632625e-01
7.214157e-01
7.754728e-01
8.250381e-01
8.700771e-01
9.101596e-01
9.450101e-01
9.744912e-01
9.984305e-01
1.016690e+00
1.029237e+00
1.035863e+00
1.036637e+00
1.031577e+00
1.020546e+00
1.003748e+00
9.811515e-01
9.531850e-01
9.197972e-01
8.810744e-01
8.373606e-01
7.889139e-01
7.360271e-01
6.788722e-01
6.177416e-01
5.533068e-01
4.857053e-01
4.153329e-01
3.424651e-01
2.678762e-01
1.918245e-01
1.144132e-01
3.577993e-02
-4.123555e-02
-1.197827e-01
-1.970908e-01
-2.729876e-01
-3.475937e-01
-4.202894e-01
-4.905413e-01
-5.578675e-01
-6.220786e-01
-6.828477e-01
-7.397789e-01
-7.923904e-01
-8.404584e-01
-8.838280e-01
-9.221378e-01
-9.552158e-01
-9.828209e-01
-1.004953e+00
-1.021337e+00
-1.031870e+00
-1.036517e+00
-1.035329e+00
-1.028342e+00
-1.015400e+00
-9.966406e-01
-9.722366e-01
-9.424630e-01
-9.072682e-01
-8.668416e-01
-8.214584e-01
-7.715317e-01
-7.171648e-01
-6.586330e-01
-5.964871e-01
-5.309336e-01
-4.623511e-01
-3.911010e-01
-3.174931e-01
-2.423707e-01
-1.658544e-01
-8.796115e-02
-1.015400e-02
6.779084e-02
1.459078e-01
2.227340e-01
2.981661e-01
3.721698e-01
4.441599e-01
5.135169e-01
5.798621e-01
6.429373e-01
7.024845e-01
7.579184e-01
8.090498e-01
8.555689e-01
8.973724e-01
9.340128e-01
9.652321e-01
9.910645e-01
1.011252e+00
1.025777e+00
1.034296e+00
1.036912e+00
1.033866e+00
1.024917e+00
1.009944e+00
9.893091e-01
9.631324e-01
9.315346e-01
8.946016e-01
8.524883e-01
8.055562e-01
7.541322e-01
6.983713e-01
6.385832e-01
5.752325e-01
5.086464e-01
4.391173e-01
3.670068e-01
2.928654e-01
2.173644e-01
1.403661e-01
6.211148e-02
-1.511052e-02
-9.372656e-02
-1.714993e-01
-2.478952e-01
-3.230004e-01
-3.962468e-01
-4.673937e-01
-5.357524e-01
-6.010478e-01
-6.629872e-01
-7.212780e-01
-7.752835e-01
-8.248660e-01
-8.699394e-01
-9.099530e-01
-9.448208e-01
-9.741469e-01
-9.982240e-01
-1.016518e+00
-1.028996e+00
-1.035604e+00
-1.036362e+00
-1.031302e+00
-1.020305e+00
-1.003525e+00
-9.810482e-01
-9.530301e-01
-9.196079e-01
-8.808334e-01
-8.371024e-01
-7.887074e-01
-7.357690e-01
-6.785796e-01
-6.175695e-01
-5.531863e-01
-4.856192e-01
-4.152124e-01
-3.422241e-01
-2.676525e-01
-1.916180e-01
-1.141378e-01
-3.552178e-02
4.149371e-02
1.199893e-01
1.972457e-01
2.731769e-01
3.476970e-01
4.203927e-01
4.906618e-01
5.581428e-01
6.222507e-01
6.830542e-01
7.399338e-01
7.924937e-01
8.405444e-01
8.840001e-01
9.223444e-01
9.553707e-01
9.830274e-01
1.005125e+00
1.021544e+00
1.032094e+00
1.036775e+00
1.035553e+00
1.028497e+00
1.015555e+00
9.968988e-01
9.724948e-01
9.427384e-01
9.074576e-01
8.670481e-01
8.216649e-01
7.717898e-01
7.174057e-01
6.589428e-01
5.966936e-01
5.312089e-01
4.625748e-01
3.913247e-01
3.177857e-01
2.427150e-01
1.662674e-01
8.827093e-02
1.046378e-02
-6.748106e-02
-1.457013e-01
-2.225274e-01
-2.980284e-01
-3.720321e-01
-4.439706e-01
-5.133104e-01
-5.796211e-01
-6.427136e-01
-7.023124e-01
-7.576947e-01
-8.088949e-01
-8.554140e-01
-8.971831e-01
-9.337719e-01
-9.650600e-01
-9.908236e-01
-1.010994e+00
-1.025502e+00
-1.033987e+00
-1.036740e+00
-1.033694e+00
-1.024624e+00
-1.009720e+00
-9.891370e-01
-9.629776e-01
-9.313453e-01
-8.943434e-01
-8.521957e-01
-8.053669e-01
-7.539257e-01
-6.981647e-01
-6.382906e-01
-5.750777e-01
-5.084915e-01
-4.389625e-01
-3.668174e-01
-2.927105e-01
-2.171406e-01
-1.401596e-01
-6.178449e-02
1.538589e-02
9.395029e-02
1.716542e-01
2.480329e-01
3.230004e-01
3.964361e-01
4.675313e-01
5.360106e-01
6.012199e-01
6.632109e-01
7.214157e-01
7.754900e-01
8.250553e-01
8.700599e-01
9.101423e-01
9.449413e-01
9.744395e-01
9.984305e-01
1.016690e+00
1.029254e+00
1.035794e+00
1.036499e+00
1.031543e+00
1.020580e+00
1.003714e+00
9.811859e-01
9.532538e-01
9.198145e-01
8.810744e-01
8.373950e-01
7.889484e-01
7.359927e-01
6.788722e-01
6.178621e-01
5.534273e-01
4.857913e-01
4.153845e-01
3.425683e-01
2.679795e-01
1.919105e-01
1.144820e-01
3.593482e-02
-4.116671e-02
-1.197655e-01
-1.970736e-01
-2.729876e-01
-3.475249e-01
-4.202550e-01
-4.904897e-01
-5.578331e-01
-6.220270e-01
-6.828305e-01
-7.397617e-01
-7.923216e-01
-8.403895e-01
-8.838280e-01
-9.221722e-01
-9.551986e-01
-9.828037e-01
-1.004953e+00
-1.021268e+00
-1.031853e+00
-1.036499e+00
-1.035312e+00
-1.028342e+00
-1.015314e+00
-9.966234e-01
-9.723399e-01
-9.424286e-01
-9.072510e-01
-8.668244e-01
-8.214756e-01
-7.715661e-01
-7.171648e-01
-6.586330e-01
-5.964527e-01
-5.309680e-01
-4.624199e-01
-3.911010e-01
-3.175792e-01
-2.424568e-01
-1.659576e-01
-8.804720e-02
-1.018842e-02
6.773921e-02
1.458389e-01
2.226307e-01
2.981661e-01
3.721698e-01
4.441083e-01
5.134997e-01
5.797932e-01
6.428857e-01
7.024845e-01
7.579529e-01
8.090498e-01
8.555345e-01
8.973208e-01
9.339268e-01
9.652493e-01
9.910473e-01
1.011269e+00
1.025674e+00
1.034245e+00
1.036947e+00
1.033849e+00
1.024865e+00
1.009996e+00
9.893263e-01
9.631497e-01
9.315174e-01
8.946188e-01
8.525571e-01
8.056078e-01
7.541322e-01
6.983713e-01
6.386176e-01
5.752670e-01
5.086808e-01
4.391346e-01
3.670756e-01
2.929170e-01
2.174504e-01
1.404522e-01
6.212869e-02
-1.505889e-02
-9.360609e-02
-1.714649e-01
-2.477919e-01
-3.228799e-01
-3.963329e-01
-4.673764e-01
-5.357008e-01
-6.010134e-01
-6.630216e-01
-7.212608e-01
-7.753695e-01
-8.248832e-01
-8.699050e-01
-9.099875e-01
-9.448036e-01
-9.741469e-01
-9.982068e-01
-1.016484e+00
-1.029030e+00
-1.035553e+00
-1.036362e+00
-1.031354e+00
-1.020339e+00
-1.003542e+00
-9.810310e-01
-9.530301e-01
-9.196424e-01
-8.808679e-01
-8.371712e-01
-7.887418e-01
-7.357517e-01
-6.785968e-01
-6.176384e-01
-5.532207e-01
-4.855848e-01
-4.151952e-01
-3.423618e-01
-2.676525e-01
-1.916524e-01
-1.141722e-01
-3.562504e-02
4.144208e-02
1.199721e-01
1.971596e-01
2.731081e-01
3.476281e-01
4.203927e-01
4.906274e-01
5.581084e-01
6.222507e-01
6.830198e-01
7.398994e-01
7.924592e-01
8.405961e-01
8.839829e-01
9.222755e-01
9.553534e-01
9.830446e-01
1.005177e+00
1.021544e+00
1.032145e+00
1.036758e+00
1.035501e+00
1.028514e+00
1.015572e+00
9.968816e-01
9.724604e-01
9.427040e-01
9.074920e-01
8.670653e-01
8.217509e-01
7.717898e-01
7.174401e-01
6.589772e-01
5.967625e-01
5.312606e-01
4.625748e-01
3.913419e-01
3.178717e-01
2.427322e-01
1.662846e-01
8.835699e-02
1.044657e-02
-6.744664e-02
-1.456496e-01
-2.224930e-01
-2.980112e-01
-3.719805e-01
-4.438846e-01
-5.133104e-01
-5.795007e-01
-6.424899e-01
-7.017445e-01
-7.568514e-01
-8.075353e-01
-8.537102e-01
-8.950318e-01
-9.311904e-01
-9.619277e-01
-9.872611e-01
-1.007036e+00
-1.021010e+00
-1.029133e+00
-1.031491e+00
-1.027843e+00
-1.018584e+00
-1.003370e+00
-9.825111e-01
-9.561107e-01
-9.242375e-01
-8.873217e-01
-8.450707e-01
-7.983279e-01
-7.470416e-01
-6.914872e-01
-6.319228e-01
-5.691057e-01
-5.030015e-01
-4.340576e-01
-3.625321e-01
-2.891824e-01
-2.145075e-01
-1.383869e-01
-6.106166e-02
1.505889e-02
9.252184e-02
1.690899e-01
2.442467e-01
3.180611e-01
3.901716e-01
4.600105e-01
5.271646e-01
5.910831e-01
6.517317e-01
7.086629e-01
7.615154e-01
8.098759e-01
8.536242e-01
8.926052e-01
9.263543e-01
9.549060e-01
9.779676e-01
9.954876e-01
1.007363e+00
1.013455e+00
1.013713e+00
1.008344e+00
9.973118e-01
9.804287e-01
9.580210e-01
9.303471e-01
8.973552e-01
8.592003e-01
8.163125e-01
7.687092e-01
7.169066e-01
6.610080e-01
6.012543e-01
5.382479e-01
4.722813e-01
4.036988e-01
3.327413e-01
2.601488e-01
1.862140e-01
1.110572e-01
3.476453e-02
-3.984153e-02
-1.159793e-01
-1.909124e-01
-2.643653e-01
-3.363727e-01
-4.066073e-01
-4.744154e-01
-5.393321e-01
-6.011855e-01
-6.596656e-01
-7.143079e-01
-7.647681e-01
-8.108569e-01
-8.523162e-01
-8.890255e-01
-9.204684e-01
-9.467139e-01
-9.676071e-01
-9.830102e-01
-9.926823e-01
-9.968299e-01
-9.952638e-01
-9.880700e-01
-9.752484e-01
-9.568335e-01
-9.330663e-01
-9.040844e-01
-8.699738e-01
-8.307691e-01
-7.870036e-01
-7.388668e-01
-6.864790e-01
-6.302879e-01
-5.704997e-01
-5.076310e-01
-4.418882e-01
-3.736843e-01
-3.031915e-01
-2.314595e-01
-1.584024e-01
-8.402002e-02
-9.827004e-03
6.431439e-02
1.387828e-01
2.117883e-01
2.835891e-01
3.538582e-01
4.221137e-01
4.878049e-01
5.507253e-01
6.103757e-01
6.666013e-01
7.189546e-01
7.671259e-01
8.110118e-01
8.501649e-01
8.844992e-01
9.138253e-01
9.377991e-01
9.565065e-01
9.697928e-01
9.775029e-01
9.796026e-01
9.762810e-01
9.674006e-01
9.529268e-01
9.330835e-01
9.079567e-01
8.777528e-01
8.425752e-01
8.025616e-01
7.580905e-01
7.093858e-01
6.566883e-01
6.000840e-01
5.403647e-01
4.775132e-01
4.121662e-01
3.443238e-01
2.746570e-01
2.036479e-01
1.315201e-01
5.810152e-02
-1.409512e-02
-8.761695e-02
-1.603987e-01
-2.317521e-01
-3.017974e-01
-3.702939e-01
-4.365014e-01
-5.001274e-01
-5.608793e-01
-6.184128e-01
-6.724700e-01
-7.226204e-01
-7.685371e-01
-8.101341e-01
-8.470499e-01
-8.791296e-01
-9.060463e-01
-9.279721e-01
-9.445971e-01
-9.558353e-01
-9.615491e-01
-9.618073e-01
-9.567303e-01
-9.461288e-01
-9.301578e-01
-9.088860e-01
-8.826061e-01
-8.511803e-01
-8.150562e-01
-7.742509e-01
-7.291430e-01
-6.799048e-01
-6.268802e-01
-5.702760e-01
-5.105395e-01
-4.479806e-01
-3.828057e-01
-3.155139e-01
-2.466217e-01
-1.765247e-01
-1.051197e-01
-3.285420e-02
3.782794e-02
1.100418e-01
1.809477e-01
2.506144e-01
3.189388e-01
3.855593e-01
4.497360e-01
5.113828e-01
5.700179e-01
6.253658e-01
6.771856e-01
7.251331e-01
7.687608e-01
8.080689e-01
8.428162e-01
8.726242e-01
8.974412e-01
9.172846e-01
9.318444e-01
9.411379e-01
9.448552e-01
9.434096e-01
9.365599e-01
9.243924e-01
9.069757e-01
8.843787e-01
8.569629e-01
8.245390e-01
7.874167e-01
7.459574e-01
7.003160e-01
6.506991e-01
5.973304e-01
5.406573e-01
4.810241e-01
4.187749e-01
3.540131e-01
2.873581e-01
2.193091e-01
1.500554e-01
7.959701e-02
9.345119e-03
-6.095840e-02
-1.314168e-01
-2.007394e-01
-2.686162e-01
-3.352368e-01
-3.999470e-01
-4.621101e-01
-5.216401e-01
-5.781927e-01
-6.314754e-01
-6.810578e-01
-7.267164e-01
-7.682101e-01
-8.053841e-01
-8.377908e-01
-8.656369e-01
-8.882682e-01
-9.059947e-01
-9.185581e-01
-9.258036e-01
-9.278344e-01
-9.245817e-01
-9.161659e-01
-9.024494e-01
-8.836559e-01
-8.598715e-01
-8.311821e-01
-7.978116e-01
-7.598460e-01
-7.177671e-01
-6.716095e-01
-6.217172e-01
-5.682624e-01
-5.115721e-01
-4.522315e-01
-3.902233e-01
-3.259949e-01
-2.600284e-01
-1.928055e-01
-1.243951e-01
-5.490043e-02
1.333788e-02
8.290136e-02
1.516560e-01
2.191542e-01
2.854650e-01
3.502268e-01
4.129407e-01
4.731246e-01
5.307098e-01
5.851800e-01
6.362770e-01
6.836394e-01
7.270606e-01
7.664030e-01
8.013741e-01
8.316468e-01
8.571695e-01
8.778389e-01
8.936206e-01
9.041532e-01
9.096260e-01
9.098326e-01
9.049621e-01
8.950318e-01
8.798180e-01
8.596821e-01
8.347274e-01
8.051431e-01
7.708777e-01
7.322409e-01
6.895769e-01
6.430062e-01
5.927181e-01
5.391600e-01
4.826763e-01
4.235422e-01
3.619298e-01
2.982522e-01
2.330600e-01
1.668525e-01
9.938870e-02
3.094388e-02
-3.576272e-02
-1.040182e-01
-1.711895e-01
-2.371044e-01
-3.017114e-01
-3.646318e-01
-4.253664e-01
-4.835368e-01
-5.389879e-01
-5.913240e-01
-6.403042e-01
-6.854981e-01
-7.268541e-01
-7.639936e-01
-7.967962e-01
-8.250381e-01
-8.484267e-01
-8.671514e-01
-8.809023e-01
-8.895590e-01
-8.931731e-01
-8.917447e-01
-8.853081e-01
-8.737773e-01
-8.571522e-01
-8.358461e-01
-8.098415e-01
-7.792763e-01
-7.441503e-01
-7.048939e-01
-6.617652e-01
-6.149536e-01
-5.645278e-01
-5.109354e-01
-4.546409e-01
-3.957305e-01
-3.345828e-01
-2.715764e-01
-2.072276e-01
-1.418634e-01
-7.526005e-02
-8.983706e-03
5.729264e-02
1.238616e-01
1.892430e-01
2.534713e-01
3.163400e-01
3.774017e-01
4.361400e-01
4.923312e-01
5.458204e-01
5.961773e-01
6.429717e-01
6.859455e-01
7.251159e-01
7.602074e-01
7.908931e-01
8.169665e-01
8.383760e-01
8.552075e-01
8.669448e-01
8.738117e-01
8.757048e-01
8.726242e-01
8.646042e-01
8.516450e-01
8.338841e-01
8.114421e-01
7.844393e-01
7.528414e-01
7.170615e-01
6.772888e-01
6.338159e-01
5.865568e-01
5.360106e-01
4.824870e-01
4.264507e-01
3.679877e-01
3.073391e-01
2.451072e-01
1.816877e-01
1.172184e-01
5.169933e-02
-1.270110e-02
-7.828904e-02
-1.432746e-01
-2.070383e-01
-2.695628e-01
-3.306417e-01
-3.897930e-01
-4.465866e-01
-5.007814e-01
-5.521365e-01
-6.003594e-01
-6.450370e-01
-6.859972e-01
-7.231023e-01
-7.560253e-01
-7.846802e-01
-8.087056e-01
-8.281703e-01
-8.430055e-01
-8.529702e-01
-8.579611e-01
-8.582537e-01
-8.536070e-01
-8.441586e-01
-8.298397e-01
-8.107881e-01
-7.873995e-01
-7.593297e-01
-7.270090e-01
-6.905751e-01
-6.502861e-01
-6.064174e-01
-5.590722e-01
-5.085604e-01
-4.553121e-01
-3.995340e-01
-3.414152e-01
-2.814034e-01
-2.198943e-01
-1.573181e-01
-9.372656e-02
-2.937775e-02
3.342214e-02
9.773652e-02
1.609667e-01
2.229921e-01
2.838989e-01
3.431707e-01
4.004633e-01
4.552949e-01
5.074933e-01
5.569209e-01
6.029925e-01
6.455533e-01
6.843794e-01
7.194537e-01
7.503288e-01
7.768496e-01
7.989303e-01
8.165363e-01
8.294611e-01
8.376187e-01
8.410091e-01
8.396495e-01
8.334883e-01
8.226114e-01
8.070362e-01
7.869520e-01
7.623759e-01
7.334972e-01
7.004881e-01
6.635207e-01
6.228359e-01
5.786918e-01
5.311229e-01
4.806627e-01
4.276898e-01
3.722214e-01
3.146362e-01
2.553988e-01
1.947502e-01
1.332411e-01
7.054446e-02
8.174828e-03
-5.416039e-02
-1.168742e-01
-1.785382e-01
-2.389287e-01
-2.980801e-01
-3.555448e-01
-4.108755e-01
-4.637279e-01
-5.139816e-01
-5.612235e-01
-6.053331e-01
-6.458631e-01
-6.826756e-01
-7.156675e-01
-7.444601e-01
-7.690878e-01
-7.891549e-01
-8.049022e-01
-8.160027e-01
-8.224910e-01
-8.241432e-01
-8.212691e-01
-8.136966e-01
-8.014774e-01
-7.847147e-01
-7.635462e-01
-7.381095e-01
-7.084908e-01
-6.747245e-01
-6.372924e-01
-5.963494e-01
-5.519988e-01
-5.044816e-01
-4.541762e-01
-4.014271e-01
-3.463718e-01
-2.893717e-01
-2.307195e-01
-1.711035e-01
-1.104204e-01
-4.887687e-02
1.156523e-02
7.321204e-02
1.341360e-01
1.940446e-01
2.528689e-01
3.103165e-01
3.659397e-01
4.193429e-01
4.702333e-01
5.185250e-01
5.638738e-01
6.058150e-01
6.442969e-01
6.791131e-01
7.100914e-01
7.369048e-01
7.595190e-01
7.778306e-01
7.917364e-01
8.010471e-01
8.057799e-01
8.060036e-01
8.015978e-01
7.926830e-01
7.791902e-01
7.613088e-01
7.391594e-01
7.128966e-01
6.824519e-01
6.482725e-01
6.104790e-01
5.691574e-01
5.246347e-01
4.770486e-01
4.271047e-01
3.746825e-01
3.200919e-01
2.637630e-01
2.061089e-01
1.473878e-01
8.765137e-02
2.717485e-02
-3.170112e-02
-9.209159e-02
-1.515527e-01
-2.098091e-01
-2.669297e-01
-3.227078e-01
-3.764035e-01
-4.278103e-01
-4.768248e-01
-5.231718e-01
-5.664209e-01
-6.063313e-01
-6.428341e-01
-6.756539e-01
-7.046530e-01
-7.294872e-01
-7.502427e-01
-7.666440e-01
-7.787944e-01
-7.863841e-01
-7.895507e-01
-7.882255e-01
-7.824946e-01
-7.722889e-01
-7.575398e-01
-7.387119e-01
-7.156847e-01
-6.885271e-01
-6.575315e-01
-6.228186e-01
-5.847153e-01
-5.432561e-01
-4.986473e-01
-4.513538e-01
-4.015820e-01
-3.495729e-01
-2.955329e-01
-2.398581e-01
-1.830817e-01
-1.252384e-01
-6.655171e-02
-8.054357e-03
5.027089e-02
1.090436e-01
1.667149e-01
2.233879e-01
2.789079e-01
3.327069e-01
3.845955e-01
4.341264e-01
4.812134e-01
5.256501e-01
5.668856e-01
6.047996e-01
6.393060e-01
6.702327e-01
6.971838e-01
7.202282e-01
7.390905e-01
7.537880e-01
7.641485e-01
7.700860e-01
7.717554e-01
7.690018e-01
7.618768e-01
7.504492e-01
7.346675e-01
7.148758e-01
6.909881e-01
6.632109e-01
6.315786e-01
5.964527e-01
5.580912e-01
5.164254e-01
4.718167e-01
4.247297e-01
3.753709e-01
3.238265e-01
2.704061e-01
2.155917e-01
1.597103e-01
1.029340e-01
4.524552e-02
-1.120382e-02
-6.897834e-02
-1.261505e-01
-1.822212e-01
-2.373110e-01
-2.910927e-01
-3.431535e-01
-3.930802e-01
-4.406663e-01
-4.859290e-01
-5.283004e-01
-5.676084e-01
-6.036465e-01
-6.361737e-01
-6.651040e-01
-6.902309e-01
-7.113649e-01
-7.283858e-01
-7.413967e-01
-7.500190e-01
-7.544248e-01
-7.546657e-01
-7.504836e-01
-7.421883e-01
-7.295905e-01
-7.128106e-01
-6.921240e-01
-6.673241e-01
-6.388929e-01
-6.068820e-01
-5.715324e-01
-5.328783e-01
-4.911953e-01
-4.468103e-01
-4.000847e-01
-3.509841e-01
-2.998871e-01
-2.471208e-01
-1.932013e-01
-1.382665e-01
-8.241948e-02
-2.584967e-02
2.903355e-02
8.546568e-02
1.410029e-01
1.954558e-01
2.488590e-01
3.008853e-01
3.511734e-01
3.992070e-01
4.450204e-01
4.882179e-01
5.287823e-01
5.660595e-01
6.001701e-01
6.308042e-01
6.578758e-01
6.810578e-01
7.003849e-01
7.157535e-01
7.270606e-01
7.341340e-01
7.370597e-01
7.358206e-01
7.303305e-01
7.207961e-01
7.070968e-01
6.893876e-01
6.678576e-01
6.425415e-01
6.135424e-01
5.810668e-01
5.453901e-01
5.066156e-01
4.649842e-01
4.207369e-01
3.743555e-01
3.257368e-01
2.752938e-01
2.233363e-01
1.702602e-01
1.163235e-01
6.150913e-02
7.004537e-03
-4.744842e-02
-1.023316e-01
-1.563199e-01
-2.091379e-01
-2.609233e-01
-3.111770e-01
-3.595720e-01
-4.058157e-01
-4.499425e-01
-4.915739e-01
-5.304345e-01
-5.662316e-01
-5.988277e-01
-6.280161e-01
-6.536248e-01
-6.755506e-01
-6.936385e-01
-7.077680e-01
-7.179392e-01
-7.238767e-01
-7.258043e-01
-7.236014e-01
-7.173369e-01
-7.069591e-01
-6.925026e-01
-6.741394e-01
-6.519727e-01
-6.261402e-01
-5.966076e-01
-5.638394e-01
-5.278874e-01
-4.888719e-01
-4.469652e-01
-4.025974e-01
-3.560611e-01
-3.073219e-01
-2.569305e-01
-2.050247e-01
-1.521379e-01
-9.818399e-02
-4.352451e-02
1.003353e-02
6.489953e-02
1.192837e-01
1.726868e-01
2.252638e-01
2.766534e-01
3.264596e-01
3.742522e-01
4.199452e-01
4.632976e-01
5.040857e-01
5.419137e-01
5.766438e-01
6.081728e-01
6.362254e-01
6.606466e-01
6.812816e-01
6.980787e-01
7.109175e-01
7.196430e-01
7.242381e-01
7.247889e-01
7.212264e-01
7.135678e-01
7.017445e-01
6.860832e-01
6.664980e-01
6.430578e-01
6.159346e-01
5.854210e-01
5.514309e-01
5.143430e-01
4.743293e-01
4.316826e-01
3.866436e-01
3.392640e-01
2.900601e-01
2.390148e-01
1.868680e-01
1.335853e-01
7.942491e-02
2.447285e-02
-2.880982e-02
-8.384792e-02
-1.380255e-01
-1.911017e-01
-2.432657e-01
-2.942250e-01
-3.433084e-01
-3.905847e-01
-4.354516e-01
-4.780640e-01
-5.178194e-01
-5.545631e-01
-5.882262e-01
-6.186710e-01
-6.454844e-01
-6.686665e-01
-6.879935e-01
-7.035171e-01
-7.150135e-01
-7.223622e-01
-7.256666e-01
-7.248405e-01
-7.199184e-01
-7.107970e-01
-6.977001e-01
-6.806448e-01
-6.598205e-01
-6.351755e-01
-6.068992e-01
-5.751809e-01
-5.401926e-01
-5.021754e-01
-4.612152e-01
-4.176219e-01
-3.718600e-01
-3.238265e-01
-2.739514e-01
-2.224586e-01
-1.698643e-01
-1.163235e-01
-6.183612e-02
-7.658523e-03
4.655350e-02
1.012990e-01
1.550120e-01
2.078816e-01
2.596670e-01
3.100239e-01
3.585049e-01
4.049380e-01
4.490820e-01
4.908511e-01
5.296944e-01
5.654227e-01
5.980704e-01
6.271900e-01
6.529192e-01
6.747589e-01
6.928812e-01
7.070452e-01
7.171648e-01
7.231883e-01
7.250470e-01
7.228785e-01
7.165796e-01
7.062019e-01
6.917109e-01
6.734165e-01
6.513015e-01
6.254174e-01
5.959708e-01
5.631166e-01
5.271646e-01
4.879426e-01
4.462251e-01
4.018746e-01
3.553038e-01
3.067023e-01
2.561733e-01
2.043363e-01
1.513978e-01
9.761605e-02
4.276726e-02
-1.070472e-02
-6.558794e-02
-1.200237e-01
-1.734612e-01
-2.259350e-01
-2.773590e-01
-3.272169e-01
-3.750439e-01
-4.207197e-01
-4.642098e-01
-5.048430e-01
-5.427225e-01
-5.773838e-01
-6.089128e-01
-6.369482e-01
-6.613350e-01
-6.819356e-01
-6.988015e-01
-7.116575e-01
-7.204175e-01
-7.250126e-01
-7.255289e-01
-7.219492e-01
-7.142907e-01
-7.025878e-01
-6.867372e-01
-6.671865e-01
-6.438150e-01
-6.167435e-01
-5.861094e-01
-5.522053e-01
-5.151863e-01
-4.752931e-01
-4.324398e-01
-3.873664e-01
-3.401073e-01
-2.907313e-01
-2.397376e-01
-1.874875e-01
-1.342737e-01
-8.006169e-02
-2.521289e-02
2.810420e-02
8.310788e-02
1.371478e-01
1.902928e-01
2.424912e-01
2.933817e-01
3.425683e-01
3.896725e-01
4.346427e-01
4.772207e-01
5.170622e-01
5.539091e-01
5.875206e-01
6.178965e-01
6.447444e-01
6.679609e-01
6.871847e-01
7.027082e-01
7.141874e-01
7.216050e-01
7.249093e-01
7.240660e-01
7.191611e-01
7.101086e-01
6.970117e-01
6.799736e-01
6.590633e-01
6.344871e-01
6.061936e-01
5.744237e-01
5.394526e-01
5.014009e-01
4.604235e-01
4.169162e-01
3.710856e-01
3.231036e-01
2.731942e-01
2.217702e-01
1.691415e-01
1.156867e-01
6.119935e-02
7.004537e-03
-4.722469e-02
-1.019702e-01
-1.557864e-01
-2.086388e-01
-2.603554e-01
-3.107639e-01
-3.592794e-01
-4.057296e-01
-4.499425e-01
-4.915567e-01
-5.304173e-01
-5.661972e-01
-5.988105e-01
-6.280850e-01
-6.536593e-01
-6.755506e-01
-6.936901e-01
-7.077852e-01
-7.178704e-01
-7.239112e-01
-7.257871e-01
-7.236186e-01
-7.173197e-01
-7.069075e-01
-6.924854e-01
-6.741738e-01
-6.520071e-01
-6.261230e-01
-5.967280e-01
-5.639083e-01
-5.278702e-01
-4.888891e-01
-4.470168e-01
-4.026834e-01
-3.561127e-01
-3.074080e-01
-2.569133e-01
-2.050419e-01
-1.521206e-01
-9.825283e-02
-4.355893e-02
1.003353e-02
6.488232e-02
1.192837e-01
1.727040e-01
2.252638e-01
2.765673e-01
3.263564e-01
3.742178e-01
4.199624e-01
4.632976e-01
5.040513e-01
5.419309e-01
5.766266e-01
6.081384e-01
6.361909e-01
6.606294e-01
6.812816e-01
6.980271e-01
7.108142e-01
7.196258e-01
7.242037e-01
7.247717e-01
7.212608e-01
7.136023e-01
7.018133e-01
6.860488e-01
6.664292e-01
6.431266e-01
6.159690e-01
5.854210e-01
5.514997e-01
5.144118e-01
4.743810e-01
4.317514e-01
3.865747e-01
3.393156e-01
2.900257e-01
2.390664e-01
1.868852e-01
1.336369e-01
7.944212e-02
2.450727e-02
-2.880982e-02
-8.383071e-02
-1.379395e-01
-1.911189e-01
-2.433001e-01
-2.941906e-01
-3.433944e-01
-3.904986e-01
-4.354344e-01
-4.779951e-01
-5.178194e-01
-5.545803e-01
-5.882951e-01
-6.187054e-01
-6.455016e-01
-6.686149e-01
-6.879419e-01
-7.034999e-01
-7.149963e-01
-7.223794e-01
-7.256494e-01
-7.247717e-01
-7.198496e-01
-7.108658e-01
-6.977173e-01
-6.806620e-01
-6.598205e-01
-6.351411e-01
-6.069165e-01
-5.751637e-01
-5.402443e-01
-5.021926e-01
-4.612668e-01
-4.177940e-01
-3.718428e-01
-3.238781e-01
-2.739170e-01
-2.224586e-01
-1.698127e-01
-1.163407e-01
-6.183612e-02
-7.641313e-03
4.651907e-02
1.011958e-01
1.549431e-01
2.078299e-01
2.595981e-01
3.099723e-01
3.585049e-01
4.049552e-01
4.490820e-01
4.907651e-01
5.296772e-01
5.654572e-01
5.980360e-01
6.272417e-01
6.529709e-01
6.747589e-01
6.928468e-01
7.069591e-01
7.171820e-01
7.231711e-01
7.250642e-01
7.228613e-01
7.166140e-01
7.062191e-01
6.917454e-01
6.734510e-01
6.512670e-01
6.254174e-01
5.959536e-01
5.630994e-01
5.271301e-01
4.880286e-01
4.462424e-01
4.019090e-01
3.554071e-01
3.066679e-01
2.562421e-01
2.044051e-01
1.514150e-01
9.761605e-02
4.288773e-02
-1.070472e-02
-6.558794e-02
-1.200065e-01
-1.734785e-01
-2.260211e-01
-2.774106e-01
-3.271996e-01
-3.750095e-01
-4.206853e-01
-4.640721e-01
-5.048085e-01
-5.426881e-01
-5.774010e-01
-6.088612e-01
-6.369138e-01
-6.612834e-01
-6.819528e-01
-6.988187e-01
-7.116059e-01
-7.202970e-01
-7.250126e-01
-7.255289e-01
-7.220008e-01
-7.143251e-01
-7.025189e-01
-6.867200e-01
-6.671865e-01
-6.438839e-01
-6.167607e-01
-5.861782e-01
-5.522226e-01
-5.151691e-01
-4.751899e-01
-4.325086e-01
-3.873664e-01
-3.401417e-01
-2.908346e-01
-2.397892e-01
-1.874875e-01
-1.342393e-01
-8.007890e-02
-2.521289e-02
2.808699e-02
8.307346e-02
1.371822e-01
1.902756e-01
2.425084e-01
2.933989e-01
3.425683e-01
3.896553e-01
4.346427e-01
4.771690e-01
5.170450e-01
5.538059e-01
5.875034e-01
6.178793e-01
6.447616e-01
6.678921e-01
6.872879e-01
7.027254e-01
7.142390e-01
7.216738e-01
7.248921e-01
7.241177e-01
7.191439e-01
7.101774e-01
6.970289e-01
6.799908e-01
6.591321e-01
6.344699e-01
6.061420e-01
5.744581e-01
5.394526e-01
5.013837e-01
4.604580e-01
4.169679e-01
3.711028e-01
3.231381e-01
2.732286e-01
2.217702e-01
1.692448e-01
1.157211e-01
6.123377e-02
7.056167e-03
-4.724190e-02
-1.019014e-01
-1.557864e-01
-2.086388e-01
-2.603898e-01
-3.107467e-01
-3.592794e-01
-4.056780e-01
-4.498737e-01
-4.915567e-01
-5.303829e-01
-5.661800e-01
-5.987760e-01
-6.280161e-01
-6.536421e-01
-6.754818e-01
-6.936557e-01
-7.077336e-01
-7.179220e-01
-7.238423e-01
-7.258387e-01
-7.236014e-01
-7.173541e-01
-7.069075e-01
-6.925026e-01
-6.741738e-01
-6.520415e-01
-6.261574e-01
-5.967280e-01
-5.638566e-01
-5.278874e-01
-4.888719e-01
-4.470340e-01
-4.026490e-01
-3.561299e-01
-3.074252e-01
-2.570166e-01
-2.050591e-01
-1.521551e-01
-9.830446e-02
-4.359335e-02
9.999106e-03
6.481348e-02
1.192664e-01
1.726868e-01
2.252466e-01
2.765329e-01
3.264252e-01
3.742350e-01
4.198592e-01
4.632804e-01
5.040857e-01
5.418965e-01
5.766094e-01
6.081384e-01
6.361737e-01
6.606294e-01
6.812644e-01
6.979926e-01
7.108658e-01
7.196430e-01
7.242554e-01
7.248233e-01
7.212608e-01
7.136023e-01
7.017961e-01
6.860660e-01
6.664808e-01
6.430234e-01
6.159690e-01
5.854037e-01
5.515169e-01
5.144118e-01
4.744154e-01
4.317170e-01
3.866263e-01
3.394189e-01
2.900773e-01
2.390320e-01
1.869196e-01
1.336541e-01
7.956259e-02
2.454169e-02
-2.875819e-02
-8.371024e-02
-1.379223e-01
-1.911361e-01
-2.432829e-01
-2.941389e-01
-3.433256e-01
-3.904986e-01
-4.354172e-01
-4.779091e-01
-5.177850e-01
-5.545803e-01
-5.882778e-01
-6.186194e-01
-6.455189e-01
-6.686149e-01
-6.879763e-01
-7.035343e-01
-7.150479e-01
-7.223794e-01
-7.256150e-01
-7.247717e-01
-7.198840e-01
-7.108486e-01
-6.977689e-01
-6.806448e-01
-6.598377e-01
-6.352272e-01
-6.069165e-01
-5.751809e-01
-5.402443e-01
-5.022098e-01
-4.613013e-01
-4.176735e-01
-3.718428e-01
-3.238781e-01
-2.739858e-01
-2.224758e-01
-1.698643e-01
-1.164268e-01
-6.193938e-02
-7.727364e-03
4.651907e-02
1.011786e-01
1.549603e-01
2.078299e-01
2.596325e-01
3.100067e-01
3.584705e-01
4.049208e-01
4.490476e-01
4.907823e-01
5.297461e-01
5.654572e-01
5.980532e-01
6.272589e-01
6.529020e-01
6.747589e-01
6.928468e-01
7.070280e-01
7.171820e-01
7.231711e-01
7.250298e-01
7.228613e-01
7.166313e-01
7.062019e-01
6.917626e-01
6.734510e-01
6.513531e-01
6.254002e-01
5.959708e-01
5.631510e-01
5.271473e-01
4.880458e-01
4.462596e-01
4.018918e-01
3.553211e-01
3.067540e-01
2.562938e-01
2.044395e-01
1.515183e-01
9.763326e-02
4.292215e-02
-1.067030e-02
-6.550189e-02
-1.199721e-01
-1.734096e-01
-2.260039e-01
-2.773246e-01
-3.270964e-01
-3.750439e-01
-4.207025e-01
-4.641237e-01
-5.048602e-01
-5.426537e-01
-5.774010e-01
-6.088956e-01
-6.369310e-01
-6.612834e-01
-6.819700e-01
-6.987671e-01
-7.116231e-01
-7.203831e-01
-7.249093e-01
-7.255461e-01
-7.219664e-01
-7.143595e-01
-7.026222e-01
-6.868405e-01
-6.672037e-01
-6.438495e-01
-6.167607e-01
-5.861610e-01
-5.522570e-01
-5.152035e-01
-4.752587e-01
-4.324742e-01
-3.873320e-01
-3.401073e-01
-2.908174e-01
-2.398064e-01
-1.875564e-01
-1.343081e-01
-8.021658e-02
-2.524731e-02
2.805257e-02
8.302183e-02
1.371134e-01
1.903100e-01
2.424568e-01
2.933645e-01
3.425683e-01
3.896725e-01
4.346599e-01
4.771518e-01
5.169761e-01
5.538403e-01
5.875378e-01
6.178793e-01
6.447100e-01
6.678921e-01
6.872363e-01
7.026910e-01
7.142046e-01
7.216738e-01
7.248921e-01
7.241177e-01
7.191439e-01
7.101086e-01
6.969600e-01
6.800252e-01
6.591321e-01
6.345043e-01
6.061764e-01
5.744409e-01
5.395042e-01
5.014698e-01
4.604063e-01
4.170539e-01
3.711372e-01
3.231897e-01
2.732630e-01
2.218218e-01
1.692792e-01
1.157211e-01
6.121656e-02
7.056167e-03
-4.715585e-02
-1.019702e-01
-1.557692e-01
-2.085356e-01
-2.603382e-01
-3.106779e-01
-3.591933e-01
-4.056780e-01
-4.499081e-01
-4.915223e-01
-5.303656e-01
-5.661456e-01
-5.988449e-01
-6.279473e-01
-6.536076e-01
-6.754990e-01
-6.935868e-01
-7.077508e-01
-7.179048e-01
-7.238595e-01
-7.257871e-01
-7.235670e-01
-7.173713e-01
-7.069247e-01
-6.925370e-01
-6.741049e-01
-6.520587e-01
-6.261918e-01
-5.967108e-01
-5.638910e-01
-5.279046e-01
-4.889236e-01
-4.470168e-01
-4.027351e-01
-3.561299e-01
-3.074424e-01
-2.569650e-01
-2.051280e-01
-1.521895e-01
-9.833888e-02
-4.369661e-02
9.981895e-03
6.481348e-02
1.191804e-01
1.726524e-01
2.251950e-01
2.765329e-01
3.263564e-01
3.741318e-01
4.198764e-01
4.631944e-01
5.041029e-01
5.419653e-01
5.766954e-01
6.081384e-01
6.361737e-01
6.606122e-01
6.811955e-01
6.980443e-01
7.108142e-01
7.196086e-01
7.242381e-01
7.247889e-01
7.212436e-01
7.135851e-01
7.018305e-01
6.860316e-01
6.664636e-01
6.430578e-01
6.160034e-01
5.854210e-01
5.514997e-01
5.144118e-01
4.743810e-01
4.317342e-01
3.866608e-01
3.394189e-01
2.901290e-01
2.390836e-01
1.868852e-01
1.336713e-01
7.956259e-02
2.454169e-02
-2.872376e-02
-8.372745e-02
-1.378706e-01
-1.910156e-01
-2.431796e-01
-2.941045e-01
-3.432739e-01
-3.904298e-01
-4.355376e-01
-4.783909e-01
-5.185767e-01
-5.556990e-01
-5.898612e-01
-6.205813e-01
-6.479455e-01
-6.715406e-01
-6.914528e-01
-7.073378e-01
-7.193677e-01
-7.272155e-01
-7.308124e-01
-7.303994e-01
-7.258903e-01
-7.171648e-01
-7.043604e-01
-6.875289e-01
-6.668078e-01
-6.423178e-01
-6.140415e-01
-5.823231e-01
-5.471972e-01
-5.089906e-01
-4.677723e-01
-4.238691e-01
-3.775910e-01
-3.290411e-01
-2.784777e-01
-2.263137e-01
-1.729105e-01
-1.185264e-01
-6.304083e-02
-7.813415e-03
4.746563e-02
1.032782e-01
1.582130e-01
2.123046e-01
2.653291e-01
3.170284e-01
3.668002e-01
4.146101e-01
4.600793e-01
5.030875e-01
5.431700e-01
5.801891e-01
6.140070e-01
6.444174e-01
6.710759e-01
6.939655e-01
7.129483e-01
7.279039e-01
7.387463e-01
7.454066e-01
7.477817e-01
7.459230e-01
7.398650e-01
7.295389e-01
7.150307e-01
6.965126e-01
6.739328e-01
6.475669e-01
6.173974e-01
5.837172e-01
5.467325e-01
5.064951e-01
4.632632e-01
4.175014e-01
3.694678e-01
3.189904e-01
2.667576e-01
2.128897e-01
1.579033e-01
1.019014e-01
4.490132e-02
-1.106614e-02
-6.823830e-02
-1.252384e-01
-1.811542e-01
-2.362267e-01
-2.901634e-01
-3.423618e-01
-3.926671e-01
-4.407523e-01
-4.864453e-01
-5.294707e-01
-5.695016e-01
-6.062280e-01
-6.396330e-01
-6.695270e-01
-6.956176e-01
-7.176467e-01
-7.357173e-01
-7.496231e-01
-7.592264e-01
-7.645444e-01
-7.655425e-01
-7.622210e-01
-7.545969e-01
-7.425670e-01
-7.262862e-01
-7.059093e-01
-6.814709e-01
-6.531946e-01
-6.211321e-01
-5.855414e-01
-5.466120e-01
-5.043955e-01
-4.593737e-01
-4.117532e-01
-3.616028e-01
-3.094043e-01
-2.552784e-01
-1.997756e-01
-1.431541e-01
-8.541405e-02
-2.688228e-02
3.010058e-02
8.883887e-02
1.466134e-01
2.035102e-01
2.594088e-01
3.140683e-01
3.668347e-01
4.175186e-01
4.659308e-01
5.118991e-01
5.549073e-01
5.947144e-01
6.312000e-01
6.642091e-01
6.933975e-01
7.186965e-01
7.398478e-01
7.569891e-01
7.697246e-01
7.781920e-01
7.820987e-01
7.816168e-01
7.767636e-01
7.673840e-01
7.536503e-01
7.356141e-01
7.133957e-01
6.870986e-01
6.568604e-01
6.227842e-01
5.853005e-01
5.442370e-01
5.001446e-01
4.529887e-01
4.034751e-01
3.515865e-01
2.974949e-01
2.416307e-01
1.846134e-01
1.263226e-01
6.703359e-02
7.847835e-03
-5.144118e-02
-1.111432e-01
-1.700364e-01
-2.278970e-01
-2.846389e-01
-3.399008e-01
-3.931490e-01
-4.442288e-01
-4.928303e-01
-5.388503e-01
-5.817208e-01
-6.212869e-01
-6.574111e-01
-6.899555e-01
-7.184211e-01
-7.429112e-01
-7.631331e-01
-7.791386e-01
-7.907382e-01
-7.977083e-01
-8.003243e-01
-7.982591e-01
-7.917708e-01
-7.806703e-01
-7.650779e-01
-7.452173e-01
-7.211919e-01
-6.928984e-01
-6.606810e-01
-6.246773e-01
-5.851284e-01
-5.420858e-01
-4.959797e-01
-4.470340e-01
-3.954896e-01
-3.416562e-01
-2.857059e-01
-2.281379e-01
-1.693480e-01
-1.094222e-01
-4.853266e-02
1.132429e-02
7.260968e-02
1.332067e-01
1.929604e-01
2.516987e-01
3.093527e-01
3.650792e-01
4.187749e-01
4.701989e-01
5.190069e-01
5.650613e-01
6.077081e-01
6.469129e-01
6.826068e-01
7.144972e-01
7.422400e-01
7.657835e-01
7.851449e-01
7.999801e-01
8.102201e-01
8.158306e-01
8.169149e-01
8.133696e-01
8.051087e-01
7.922527e-01
7.748360e-01
7.531512e-01
7.270778e-01
6.968568e-01
6.625741e-01
6.245225e-01
5.829427e-01
5.379381e-01
4.896980e-01
4.388420e-01
3.854388e-01
3.297123e-01
2.719894e-01
2.127865e-01
1.523960e-01
9.080083e-02
2.834514e-02
-3.264768e-02
-9.530989e-02
-1.570944e-01
-2.177774e-01
-2.774451e-01
-3.356843e-01
-3.920131e-01
-4.460530e-01
-4.976835e-01
-5.465604e-01
-5.924255e-01
-6.348486e-01
-6.738124e-01
-7.089383e-01
-7.400199e-01
-7.670398e-01
-7.896712e-01
-8.077419e-01
-8.213723e-01
-8.302528e-01
-8.344348e-01
-8.338497e-01
-8.287038e-01
-8.186875e-01
-8.039556e-01
-7.847491e-01
-7.610163e-01
-7.330498e-01
-7.006946e-01
-6.643468e-01
-6.242987e-01
-5.807054e-01
-5.336184e-01
-4.835024e-01
-4.306672e-01
-3.752676e-01
-3.176308e-01
-2.580492e-01
-1.971596e-01
-1.350998e-01
-7.186965e-02
-8.863235e-03
5.440133e-02
1.180961e-01
1.806723e-01
2.422503e-01
3.027268e-01
3.616028e-01
4.183791e-01
4.727632e-01
5.245830e-01
5.735459e-01
6.191873e-01
6.613006e-01
6.996965e-01
7.343577e-01
7.646820e-01
7.907210e-01
8.122337e-01
8.292546e-01
8.415426e-01
8.490807e-01
8.517310e-01
8.495454e-01
8.426269e-01
8.307863e-01
8.142301e-01
7.930616e-01
7.673324e-01
7.372662e-01
7.028975e-01
6.645705e-01
6.224228e-01
5.767298e-01
5.275088e-01
4.753792e-01
4.206164e-01
3.632722e-01
3.037078e-01
2.424568e-01
1.799839e-01
1.162547e-01
5.135513e-02
-1.244295e-02
-7.758342e-02
-1.422764e-01
-2.058680e-01
-2.683581e-01
-3.295919e-01
-3.889841e-01
-4.460875e-01
-5.006953e-01
-5.525840e-01
-6.014436e-01
-6.468612e-01
-6.886475e-01
-7.266304e-01
-7.604311e-01
-7.899982e-01
-8.150046e-01
-8.353986e-01
-8.512147e-01
-8.620744e-01
-8.680807e-01
-8.691822e-01
-8.653271e-01
-8.565327e-01
-8.428506e-01
-8.243841e-01
-8.012536e-01
-7.735281e-01
-7.412762e-01
-7.049111e-01
-6.643812e-01
-6.202027e-01
-5.723068e-01
-5.211066e-01
-4.670322e-01
-4.101699e-01
-3.508980e-01
-2.894750e-01
-2.265890e-01
-1.623435e-01
-9.687602e-02
-3.049641e-02
3.438591e-02
1.009892e-01
1.665256e-01
2.310809e-01
2.943454e-01
3.562676e-01
4.161246e-01
4.735377e-01
5.284725e-01
5.804300e-01
6.290487e-01
6.741738e-01
7.154610e-01
7.527554e-01
7.859022e-01
8.144538e-01
8.384104e-01
8.577202e-01
8.721079e-01
8.815907e-01
8.859793e-01
8.853597e-01
8.798525e-01
8.691994e-01
8.535553e-01
8.330924e-01
8.080000e-01
7.781232e-01
7.438233e-01
7.053414e-01
6.627634e-01
6.163304e-01
5.663177e-01
5.130522e-01
4.568954e-01
3.980883e-01
3.369406e-01
2.737965e-01
2.091723e-01
1.432918e-01
7.617219e-02
9.052547e-03
-5.808431e-02
-1.256858e-01
-1.921687e-01
-2.575329e-01
-3.217096e-01
-3.841653e-01
-4.444009e-01
-5.020721e-01
-5.570414e-01
-6.088956e-01
-6.573594e-01
-7.021059e-01
-7.428768e-01
-7.795516e-01
-8.116658e-01
-8.392709e-01
-8.621776e-01
-8.801622e-01
-8.932075e-01
-9.010898e-01
-9.039123e-01
-9.016061e-01
-8.941713e-01
-8.816251e-01
-8.640535e-01
-8.415254e-01
-8.142301e-01
-7.823913e-01
-7.458541e-01
-7.051865e-01
-6.604229e-01
-6.119246e-01
-5.598122e-01
-5.045676e-01
-4.463800e-01
-3.855765e-01
-3.224152e-01
-2.574469e-01
-1.911361e-01
-1.235174e-01
-5.476274e-02
1.299367e-02
8.217854e-02
1.505717e-01
2.179323e-01
2.842775e-01
3.491598e-01
4.120974e-01
4.726600e-01
5.306066e-01
5.855586e-01
6.373612e-01
6.853948e-01
7.296249e-01
7.698451e-01
8.056594e-01
8.369475e-01
8.635200e-01
8.851360e-01
9.018815e-01
9.134295e-01
9.197112e-01
9.207954e-01
9.167338e-01
9.074231e-01
8.928805e-01
8.732438e-01
8.487365e-01
8.193243e-01
7.852482e-01
7.465942e-01
7.037581e-01
6.568259e-01
6.061076e-01
5.519128e-01
4.944997e-01
4.342985e-01
3.715675e-01
3.065647e-01
2.398753e-01
1.718779e-01
1.025554e-01
3.225185e-02
-3.664044e-02
-1.071849e-01
-1.767140e-01
-2.449351e-01
-3.120891e-01
-3.775566e-01
-4.409244e-01
-5.017623e-01
-5.597090e-01
-6.147643e-01
-6.662743e-01
-7.140669e-01
-7.577119e-01
-7.972437e-01
-8.321975e-01
-8.624702e-01
-8.877347e-01
-9.082320e-01
-9.234286e-01
-9.333589e-01
-9.380400e-01
-9.373860e-01
-9.315002e-01
-9.202103e-01
-9.036197e-01
-8.820209e-01
-8.553624e-01
-8.237129e-01
-7.873650e-01
-7.465253e-01
-7.015379e-01
-6.523857e-01
-5.995333e-01
-5.432216e-01
-4.837605e-01
-4.215802e-01
-3.567323e-01
-2.898708e-01
-2.214604e-01
-1.517592e-01
-8.069846e-02
-9.706533e-03
6.137145e-02
1.328108e-01
2.031144e-01
2.722992e-01
3.401589e-01
4.062459e-01
4.699063e-01
5.310024e-01
5.890867e-01
6.439355e-01
6.952218e-01
7.424465e-01
7.855752e-01
8.242636e-01
8.583053e-01
8.874421e-01
9.116224e-01
9.306224e-01
9.444078e-01
9.528063e-01
9.555944e-01
9.532194e-01
9.453716e-01
9.321025e-01
9.134811e-01
8.896450e-01
8.607492e-01
8.270000e-01
7.885009e-01
7.454066e-01
6.981992e-01
6.468440e-01
5.917199e-01
5.332742e-01
4.717306e-01
4.074679e-01
3.407957e-01
2.721443e-01
2.019957e-01
1.306251e-01
5.792941e-02
-1.385418e-02
-8.691133e-02
-1.593661e-01
-2.305818e-01
-3.005927e-01
-3.691064e-01
-4.356065e-01
-4.995939e-01
-5.607244e-01
-6.188603e-01
-6.735370e-01
-7.244619e-01
-7.711531e-01
-8.134901e-01
-8.513868e-01
-8.843443e-01
-9.123108e-01
-9.352003e-01
-9.528236e-01
-9.649395e-01
-9.715310e-01
-9.727873e-01
-9.683643e-01
-9.585373e-01
-9.431687e-01
-9.224476e-01
-8.965463e-01
-8.654992e-01
-8.294611e-01
-7.885697e-01
-7.432554e-01
-6.937934e-01
-6.401665e-01
-5.829255e-01
-5.223457e-01
-4.587541e-01
-3.924778e-01
-3.237060e-01
-2.533853e-01
-1.815156e-01
-1.082519e-01
-3.402450e-02
3.874008e-02
1.132085e-01
1.864377e-01
2.585827e-01
3.293853e-01
3.985358e-01
4.653801e-01
5.296256e-01
5.908594e-01
6.489437e-01
7.032934e-01
7.535987e-01
7.997219e-01
8.413189e-01
8.782691e-01
9.102112e-01
9.369042e-01
9.584341e-01
9.746288e-01
9.850582e-01
9.899287e-01
9.892058e-01
9.829930e-01
9.710147e-01
9.535808e-01
9.306569e-01
9.025355e-01
8.691133e-01
8.308035e-01
7.877609e-01
7.401920e-01
6.883894e-01
6.325424e-01
5.730985e-01
5.104019e-01
4.447279e-01
3.764379e-01
3.058935e-01
2.337485e-01
1.602611e-01
8.537963e-02
1.039494e-02
-6.467580e-02
-1.401080e-01
-2.142838e-01
-2.872721e-01
-3.588491e-01
-4.284815e-01
-4.956355e-01
-5.599327e-01
-6.212353e-01
-6.790787e-01
-7.330842e-01
-7.829076e-01
-8.283252e-01
-8.691822e-01
-9.049793e-01
-9.357166e-01
-9.611877e-01
-9.811859e-01
-9.957113e-01
-1.004385e+00
-1.007552e+00
-1.004919e+00
-9.965374e-01
-9.826143e-01
-9.629087e-01
-9.378335e-01
-9.074748e-01
-8.717981e-01
-8.310616e-01
-7.857129e-01
-7.358206e-01
-6.817118e-01
-6.236792e-01
-5.620496e-01
-4.972189e-01
-4.295141e-01
-3.591417e-01
-2.867386e-01
-2.128897e-01
-1.375608e-01
-6.090677e-02
1.468027e-02
9.173018e-02
1.679024e-01
2.429731e-01
3.167531e-01
3.889669e-01
4.590123e-01
5.264761e-01
5.909110e-01
6.521276e-01
7.097128e-01
7.631675e-01
8.123886e-01
8.570318e-01
8.969421e-01
9.317239e-01
9.611705e-01
9.852475e-01
1.003680e+00
1.016587e+00
1.023488e+00
1.024676e+00
1.020133e+00
1.009772e+00
9.935772e-01
9.716859e-01
9.443734e-01
9.116396e-01
8.736224e-01
8.306486e-01
7.829936e-01
7.307264e-01
6.743115e-01
6.139038e-01
5.502262e-01
4.831754e-01
4.134570e-01
3.411055e-01
2.670501e-01
1.913942e-01
1.143960e-01
3.610693e-02
-4.065041e-02
-1.190771e-01
-1.962991e-01
-2.720755e-01
-3.466988e-01
-4.194633e-01
-4.898873e-01
-5.573684e-01
-6.217516e-01
-6.825551e-01
-7.395036e-01
-7.921322e-01
-8.401830e-01
-8.836559e-01
-9.219485e-01
-9.550437e-01
-9.827176e-01
-1.004902e+00
-1.021217e+00
-1.031835e+00
-1.036499e+00
-1.035329e+00
-1.028359e+00
-1.015503e+00
-9.967439e-01
-9.724259e-01
-9.426007e-01
-9.074576e-01
-8.670137e-01
-8.217165e-01
-7.717898e-01
-7.174229e-01
-6.588567e-01
-5.967625e-01
-5.313122e-01
-4.627469e-01
-3.914624e-01
-3.178890e-01
-2.427666e-01
-1.662846e-01
-8.835699e-02
-1.056704e-02
6.736058e-02
1.454431e-01
2.222865e-01
2.978563e-01
3.717912e-01
4.437813e-01
5.131383e-01
5.794835e-01
6.426275e-01
7.021231e-01
7.576775e-01
8.087573e-01
8.553796e-01
8.971487e-01
9.337891e-01
9.650256e-01
9.909269e-01
1.011166e+00
1.025657e+00
1.034193e+00
1.036998e+00
1.033918e+00
1.024917e+00
1.010082e+00
9.894124e-01
9.633218e-01
9.317067e-01
8.947565e-01
8.526776e-01
8.058143e-01
7.544248e-01
6.986294e-01
6.388929e-01
5.754907e-01
5.089562e-01
4.394271e-01
3.674370e-01
2.932612e-01
2.177946e-01
1.408136e-01
6.252453e-02
-1.473190e-02
-9.327909e-02
-1.710862e-01
-2.474650e-01
-3.225185e-01
-3.959198e-01
-4.670494e-01
-5.353566e-01
-6.007208e-01
-6.626602e-01
-7.210198e-01
-7.750942e-01
-8.246250e-01
-8.696812e-01
-9.097637e-01
-9.445971e-01
-9.740781e-01
-9.981035e-01
-1.016415e+00
-1.028944e+00
-1.035622e+00
-1.036396e+00
-1.031388e+00
-1.020373e+00
-1.003628e+00
-9.810999e-01
-9.531505e-01
-9.197456e-01
-8.810744e-01
-8.373261e-01
-7.890000e-01
-7.360443e-01
-6.788894e-01
-6.178793e-01
-5.534961e-01
-4.859118e-01
-4.155050e-01
-3.426716e-01
-2.680655e-01
-1.919278e-01
-1.145336e-01
-3.591761e-02
