4,159928e-02
1,201352e-01
1,973922e-01
2,733153e-01
3,478288e-01
4,206142e-01
4,908040e-01
5,581901e-01
6,223851e-01
6,831583e-01
7,400210e-01
7,926049e-01
8,406621e-01
8,840910e-01
9,224080e-01
9,554908e-01
9,831193e-01
1,005264e+00
1,021589e+00
1,032152e+00
1,036787e+00
1,035596e+00
1,028586e+00
1,015663e+00
9,969335e-01
9,725564e-01
9,427541e-01
9,075146e-01
8,670633e-01
8,217738e-01
7,717993e-01
7,174529e-01
6,589774e-01
5,967205e-01
5,312277e-01
4,626334e-01
3,913179e-01
3,178320e-01
2,427591e-01
1,662095e-01
8,836383e-02
1,043898e-02
-6,748588e-02
-1,456792e-01
-2,224681e-01
-2,979713e-01
-3,719202e-01
-4,439431e-01
-5,132878e-01
-5,795362e-01
-6,427432e-01
-7,022497e-01
-7,577131e-01
-8,088271e-01
-8,553352e-01
-8,971375e-01
-9,337024e-01
-9,649436e-01
-9,907613e-01
-1,011004e+00
-1,025424e+00
-1,033953e+00
-1,036691e+00
-1,033512e+00
-1,024591e+00
-1,009656e+00
-9,890487e-01
-9,628558e-01
-9,312531e-01
-8,942133e-01
-8,520993e-01
-8,052178e-01
-7,538146e-01
-6,980328e-01
-6,382027e-01
-5,748752e-01
-5,083360e-01
-4,388036e-01
-3,666809e-01
-2,925237e-01
-2,169638e-01
-1,400647e-01
-6,171647e-02
1,548893e-02
9,404890e-02
1,717534e-01
2,481430e-01
3,231522e-01
3,965658e-01
4,676834e-01
5,360023e-01
6,012765e-01
6,633079e-01
7,214701e-01
7,755704e-01
8,251215e-01
8,701649e-01
9,102185e-01
9,450777e-01
9,744979e-01
9,985049e-01
1,016815e+00
1,029366e+00
1,035941e+00
1,036634e+00
1,031576e+00
1,020629e+00
1,003822e+00
9,812311e-01
9,532619e-01
9,198348e-01
8,811391e-01
8,373901e-01
7,889904e-01
7,360400e-01
6,788881e-01
6,178601e-01
5,534379e-01
4,858487e-01
4,154145e-01
3,425654e-01
2,678953e-01
1,918603e-01
1,144552e-01
3,582299e-02
-4,118447e-02
-1,197100e-01
-1,970256e-01
-2,729780e-01
-3,475172e-01
-4,202217e-01
-4,904770e-01
-5,577701e-01
-6,220511e-01
-6,827883e-01
-7,397216e-01
-7,922521e-01
-8,403781e-01
-8,837226e-01
-9,220895e-01
-9,551518e-01
-9,827544e-01
-1,004847e+00
-1,021259e+00
-1,031796e+00
-1,036457e+00
-1,035244e+00
-1,028261e+00
-1,015317e+00
-9,965324e-01
-9,722551e-01
-9,423771e-01
-9,071566e-01
-8,667070e-01
-8,213831e-01
-7,714326e-01
-7,170966e-01
-6,585764e-01
-5,964107e-01
-5,308715e-01
-4,623477e-01
-3,909788e-01
-3,174619e-01
-2,423667e-01
-1,658498e-01
-8,795075e-02
-1,006032e-02
6,789035e-02
1,459942e-01
2,228037e-01
2,983052e-01
3,723143e-01
4,442925e-01
5,136149e-01
5,799355e-01
6,430134e-01
7,025233e-01
7,580263e-01
8,090904e-01
8,556880e-01
8,973957e-01
9,340380e-01
9,652981e-01
9,911159e-01
1,011292e+00
1,025782e+00
1,034345e+00
1,037047e+00
1,033923e+00
1,024935e+00
1,010051e+00
9,893740e-01
9,632534e-01
9,315750e-01
8,946195e-01
8,525279e-01
8,056085e-01
7,541365e-01
6,983787e-01
6,386468e-01
5,752608e-01
5,087250e-01
4,391840e-01
3,670819e-01
2,929265e-01
2,174457e-01
1,403866e-01
6,216742e-02
-1,513609e-02
-9,365303e-02
-1,713886e-01
-2,477747e-01
-3,228114e-01
-3,962026e-01
-4,673305e-01
-5,356512e-01
-6,010166e-01
-6,628948e-01
-7,212016e-01
-7,752795e-01
-8,248289e-01
-8,697759e-01
-9,098950e-01
-9,447317e-01
-9,741605e-01
-9,981159e-01
-1,016395e+00
-1,028932e+00
-1,035522e+00
-1,036326e+00
-1,031249e+00
-1,020249e+00
-1,003469e+00
-9,809437e-01
-9,529504e-01
-9,195095e-01
-8,807433e-01
-8,369925e-01
-7,886032e-01
-7,356906e-01
-6,785111e-01
-6,174573e-01
-5,530506e-01
-4,854907e-01
-4,150582e-01
-3,421781e-01
-2,675459e-01
-1,914903e-01
-1,141024e-01
-3,550113e-02
4,149773e-02
1,201007e-01
1,973492e-01
2,732482e-01
3,478081e-01
4,205488e-01
4,907817e-01
5,581557e-01
6,223317e-01
6,831291e-01
7,399952e-01
7,925584e-01
8,406586e-01
8,840772e-01
9,224028e-01
9,554753e-01
9,831003e-01
1,005218e+00
1,021569e+00
1,032139e+00
1,036779e+00
1,035619e+00
1,028607e+00
1,015679e+00
9,969404e-01
9,725667e-01
9,427196e-01
9,075128e-01
8,670977e-01
8,217755e-01
7,718234e-01
7,174873e-01
6,589912e-01
5,967911e-01
5,312673e-01
4,626833e-01
3,913437e-01
3,178767e-01
2,427316e-01
1,662525e-01
8,837760e-02
1,043726e-02
-6,750137e-02
-1,456655e-01
-2,224475e-01
-2,979386e-01
-3,719305e-01
-4,439328e-01
-5,132259e-01
-5,795414e-01
-6,426382e-01
-7,022049e-01
-7,576425e-01
-8,088150e-01
-8,553593e-01
-8,970601e-01
-9,337316e-01
-9,649229e-01
-9,907303e-01
-1,010980e+00
-1,025421e+00
-1,034001e+00
-1,036701e+00
-1,033593e+00
-1,024557e+00
-1,009639e+00
-9,890160e-01
-9,628644e-01
-9,312325e-01
-8,942460e-01
-8,521183e-01
-8,052711e-01
-7,538129e-01
-6,980052e-01
-6,382664e-01
-5,749097e-01
-5,083326e-01
-4,388088e-01
-3,667119e-01
-2,926080e-01
-2,170171e-01
-1,400183e-01
-6,180941e-02
1,542352e-02
9,399898e-02
1,716725e-01
2,481000e-01
3,231436e-01
3,965297e-01
4,676644e-01
5,359799e-01
6,012575e-01
6,632459e-01
7,214805e-01
7,755032e-01
8,251232e-01
8,701132e-01
9,102134e-01
9,450622e-01
9,744703e-01
9,984911e-01
1,016792e+00
1,029319e+00
1,035920e+00
1,036634e+00
1,031612e+00
1,020651e+00
1,003851e+00
9,813017e-01
9,532860e-01
9,198313e-01
8,811271e-01
8,374142e-01
7,889835e-01
7,360727e-01
6,789087e-01
6,178842e-01
5,534672e-01
4,859090e-01
4,154093e-01
3,425585e-01
2,679194e-01
1,919326e-01
1,144725e-01
3,589872e-02
-4,118103e-02
-1,196687e-01
-1,969739e-01
-2,729108e-01
-3,474794e-01
-4,201856e-01
-4,904254e-01
-5,577443e-01
-6,219358e-01
-6,827091e-01
-7,395942e-01
-7,922245e-01
-8,402869e-01
-8,836865e-01
-9,220775e-01
-9,551277e-01
-9,827613e-01
-1,004823e+00
-1,021231e+00
-1,031769e+00
-1,036424e+00
-1,035318e+00
-1,028273e+00
-1,015288e+00
-9,965462e-01
-9,722362e-01
-9,424029e-01
-9,071411e-01
-8,667328e-01
-8,214072e-01
-7,714980e-01
-7,171052e-01
-6,586332e-01
-5,964003e-01
-5,309076e-01
-4,623546e-01
-3,910649e-01
-3,174671e-01
-2,423426e-01
-1,658653e-01
-8,801787e-02
-1,011367e-02
6,781462e-02
1,459753e-01
2,227418e-01
2,982793e-01
3,722988e-01
4,442512e-01
5,135271e-01
5,798822e-01
6,429670e-01
7,025251e-01
7,579644e-01
8,090749e-01
8,556295e-01
8,974250e-01
9,340432e-01
9,652465e-01
9,910677e-01
1,011323e+00
1,025798e+00
1,034352e+00
1,037058e+00
1,033929e+00
1,024963e+00
1,010030e+00
9,894119e-01
9,632430e-01
9,316111e-01
8,945816e-01
8,524849e-01
8,056222e-01
7,542535e-01
6,984132e-01
6,386020e-01
5,753159e-01
5,088162e-01
4,392580e-01
3,671112e-01
2,929815e-01
2,174147e-01
1,404675e-01
6,222078e-02
-1,505691e-02
-9,361860e-02
-1,713679e-01
-2,477007e-01
-3,227511e-01
-3,961665e-01
-4,673082e-01
-5,356563e-01
-6,009598e-01
-6,629465e-01
-7,211603e-01
-7,752072e-01
-8,248410e-01
-8,697638e-01
-9,098984e-01
-9,447197e-01
-9,741485e-01
-9,981331e-01
-1,016469e+00
-1,028966e+00
-1,035529e+00
-1,036324e+00
-1,031213e+00
-1,020276e+00
-1,003467e+00
-9,809437e-01
-9,528660e-01
-9,194596e-01
-8,807639e-01
-8,370614e-01
-7,886169e-01
-7,356906e-01
-6,785851e-01
-6,175124e-01
-5,531126e-01
-4,855252e-01
-4,150513e-01
-3,422349e-01
-2,675666e-01
-1,915247e-01
-1,141368e-01
-3,550801e-02
4,149773e-02
1,200594e-01
1,972700e-01
2,732516e-01
3,477857e-01
4,204971e-01
4,907421e-01
5,580868e-01
6,223334e-01
6,830998e-01
7,399866e-01
7,925584e-01
8,406397e-01
8,840497e-01
9,224080e-01
9,554254e-01
9,831158e-01
1,005202e+00
1,021598e+00
1,032180e+00
1,036849e+00
1,035608e+00
1,028646e+00
1,015677e+00
9,969886e-01
9,725787e-01
9,427833e-01
9,075559e-01
8,670926e-01
8,217979e-01
7,718612e-01
7,174426e-01
6,590170e-01
5,968289e-01
5,312587e-01
4,627160e-01
3,913833e-01
3,178957e-01
2,427901e-01
1,662990e-01
8,839309e-02
1,054225e-02
-6,742908e-02
-1,455691e-01
-2,224251e-01
-2,979024e-01
-3,719116e-01
-4,438639e-01
-5,131519e-01
-5,795121e-01
-6,426520e-01
-7,022049e-01
-7,576890e-01
-8,087531e-01
-8,553472e-01
-8,970859e-01
-9,336938e-01
-9,649384e-01
-9,906735e-01
-1,010966e+00
-1,025417e+00
-1,033946e+00
-1,036700e+00
-1,033565e+00
-1,024558e+00
-1,009713e+00
-9,890505e-01
-9,628954e-01
-9,312342e-01
-8,942253e-01
-8,521269e-01
-8,052642e-01
-7,538490e-01
-6,980896e-01
-6,382389e-01
-5,749974e-01
-5,083756e-01
-4,388484e-01
-3,666792e-01
-2,926476e-01
-2,170791e-01
-1,400888e-01
-6,183695e-02
1,540803e-02
9,397145e-02
1,716519e-01
2,480655e-01
3,230816e-01
3,964711e-01
4,676197e-01
5,359266e-01
6,012438e-01
6,632339e-01
7,214219e-01
7,754860e-01
8,251353e-01
8,701563e-01
9,101944e-01
9,450226e-01
9,744944e-01
9,984636e-01
1,016818e+00
1,029312e+00
1,035942e+00
1,036652e+00
1,031627e+00
1,020607e+00
1,003872e+00
9,813120e-01
9,532860e-01
9,199122e-01
8,811495e-01
8,374624e-01
7,889784e-01
7,361054e-01
6,789397e-01
6,179289e-01
5,534172e-01
4,859176e-01
4,154420e-01
3,426222e-01
2,679573e-01
1,919309e-01
1,145258e-01
3,589528e-02
-4,111907e-02
-1,196481e-01
-1,969412e-01
-2,728953e-01
-3,474002e-01
-4,201391e-01
-4,903651e-01
-5,577357e-01
-6,219926e-01
-6,827556e-01
-7,396407e-01
-7,922745e-01
-8,402748e-01
-8,837054e-01
-9,220551e-01
-9,550932e-01
-9,827509e-01
-1,004884e+00
-1,021237e+00
-1,031801e+00
-1,036405e+00
-1,035257e+00
-1,028225e+00
-1,015329e+00
-9,966392e-01
-9,722121e-01
-9,423857e-01
-9,071893e-01
-8,667346e-01
-8,214313e-01
-7,714980e-01
-7,171241e-01
-6,587003e-01
-5,964554e-01
-5,309489e-01
-4,623374e-01
-3,909943e-01
-3,175050e-01
-2,424132e-01
-1,659049e-01
-8,807984e-02
-1,019113e-02
6,779397e-02
1,459495e-01
2,227676e-01
2,982191e-01
3,722575e-01
4,442254e-01
5,134875e-01
5,798460e-01
6,429257e-01
7,024855e-01
7,579558e-01
8,090973e-01
8,556243e-01
8,973475e-01
9,340259e-01
9,652775e-01
9,911021e-01
1,011312e+00
1,025799e+00
1,034343e+00
1,037018e+00
1,033942e+00
1,024970e+00
1,010088e+00
9,893930e-01
9,632361e-01
9,316335e-01
8,946263e-01
8,525555e-01
8,056222e-01
7,542363e-01
6,984682e-01
6,386468e-01
5,753279e-01
5,087766e-01
4,392632e-01
3,671146e-01
2,930487e-01
2,174629e-01
1,405002e-01
6,220357e-02
-1,502937e-02
-9,360483e-02
-1,712870e-01
-2,477179e-01
-3,227305e-01
-3,961441e-01
-4,672668e-01
-5,356391e-01
-6,009253e-01
-6,629172e-01
-7,211121e-01
-7,752244e-01
-8,247790e-01
-8,697879e-01
-9,098382e-01
-9,447438e-01
-9,741364e-01
-9,981108e-01
-1,016441e+00
-1,028946e+00
-1,035565e+00
-1,036311e+00
-1,031256e+00
-1,020300e+00
-1,003481e+00
-9,809316e-01
-9,529383e-01
-9,195112e-01
-8,807502e-01
-8,370252e-01
-7,886221e-01
-7,357043e-01
-6,786058e-01
-6,175554e-01
-5,531470e-01
-4,855527e-01
-4,151288e-01
-3,421902e-01
-2,676337e-01
-1,916056e-01
-1,141592e-01
-3,558374e-02
4,144954e-02
1,200043e-01
1,972941e-01
2,732069e-01
3,477634e-01
4,204816e-01
4,907403e-01
5,580421e-01
6,222628e-01
6,830258e-01
7,399195e-01
7,925189e-01
8,406311e-01
8,840015e-01
9,224028e-01
9,554151e-01
9,830659e-01
1,005195e+00
1,021601e+00
1,032128e+00
1,036808e+00
1,035622e+00
1,028593e+00
1,015679e+00
9,969748e-01
9,725787e-01
9,427730e-01
9,075696e-01
8,671580e-01
8,217893e-01
7,718733e-01
7,175200e-01
6,590153e-01
5,968048e-01
5,313345e-01
4,627556e-01
3,914091e-01
3,179215e-01
2,427798e-01
1,662732e-01
8,842751e-02
1,053536e-02
-6,736884e-02
-1,455347e-01
-2,223390e-01
-2,978645e-01
-3,719116e-01
-4,438605e-01
-5,131829e-01
-5,794966e-01
-6,426244e-01
-7,021774e-01
-7,576563e-01
-8,087462e-01
-8,552577e-01
-8,970601e-01
-9,336628e-01
-9,648713e-01
-9,907613e-01
-1,011025e+00
-1,025416e+00
-1,033961e+00
-1,036715e+00
-1,033614e+00
-1,024567e+00
-1,009734e+00
-9,890350e-01
-9,628695e-01
-9,312531e-01
-8,942666e-01
-8,521389e-01
-8,052832e-01
-7,538645e-01
-6,980741e-01
-6,383129e-01
-5,749458e-01
-5,084221e-01
-4,389155e-01
-3,667652e-01
-2,926459e-01
-2,171204e-01
-1,401284e-01
-6,186621e-02
1,539426e-02
9,396456e-02
1,716657e-01
2,479967e-01
3,230609e-01
3,964797e-01
4,676162e-01
5,359489e-01
6,012438e-01
6,632115e-01
7,214667e-01
7,755015e-01
8,251112e-01
8,700891e-01
9,101600e-01
9,450191e-01
9,744015e-01
9,983999e-01
1,016748e+00
1,029280e+00
1,035858e+00
1,036717e+00
1,031608e+00
1,020636e+00
1,003825e+00
9,813482e-01
9,533221e-01
9,199243e-01
8,811701e-01
8,374245e-01
7,890403e-01
7,361415e-01
6,789707e-01
6,178928e-01
5,534551e-01
4,859193e-01
4,154558e-01
3,426360e-01
2,680003e-01
1,919378e-01
1,145499e-01
3,596929e-02
-4,106399e-02
-1,195758e-01
-1,968862e-01
-2,728144e-01
-3,473933e-01
-4,201254e-01
-4,903359e-01
-5,577099e-01
-6,219169e-01
-6,827556e-01
-7,395701e-01
-7,921953e-01
-8,402610e-01
-8,836934e-01
-9,220654e-01
-9,551190e-01
-9,827113e-01
-1,004830e+00
-1,021273e+00
-1,031786e+00
-1,036438e+00
-1,035278e+00
-1,028247e+00
-1,015292e+00
-9,965428e-01
-9,722311e-01
-9,423961e-01
-9,071652e-01
-8,667724e-01
-8,214692e-01
-7,715239e-01
-7,171775e-01
-6,586504e-01
-5,965036e-01
-5,310109e-01
-4,623976e-01
-3,910873e-01
-3,175342e-01
-2,424252e-01
-1,659083e-01
-8,806262e-02
-1,018424e-02
6,774233e-02
1,459443e-01
2,226953e-01
2,981830e-01
3,721852e-01
4,441514e-01
5,134875e-01
5,798443e-01
6,429584e-01
7,024855e-01
7,579179e-01
8,090371e-01
8,555899e-01
8,973923e-01
9,339760e-01
9,652362e-01
9,910987e-01
1,011288e+00
1,025729e+00
1,034304e+00
1,037101e+00
1,033915e+00
1,024958e+00
1,010049e+00
9,894394e-01
9,632568e-01
9,316283e-01
8,946315e-01
8,525606e-01
8,056515e-01
7,542518e-01
6,984889e-01
6,387001e-01
5,753623e-01
5,088300e-01
4,393131e-01
3,671972e-01
2,930676e-01
2,174939e-01
1,405518e-01
6,225348e-02
-1,499839e-02
-9,354287e-02
-1,713111e-01
-2,476456e-01
-3,226668e-01
-3,961252e-01
-4,672169e-01
-5,355892e-01
-6,008651e-01
-6,628965e-01
-7,210932e-01
-7,751642e-01
-8,247239e-01
-8,697552e-01
-9,098519e-01
-9,446956e-01
-9,741347e-01
-9,980867e-01
-1,016383e+00
-1,028917e+00
-1,035490e+00
-1,036283e+00
-1,031242e+00
-1,020235e+00
-1,003457e+00
-9,809661e-01
-9,529745e-01
-9,195491e-01
-8,808018e-01
-8,370476e-01
-7,886651e-01
-7,357869e-01
-6,786127e-01
-6,175502e-01
-5,531608e-01
-4,856215e-01
-4,151804e-01
-3,422659e-01
-2,676320e-01
-1,916193e-01
-1,142332e-01
-3,563194e-02
4,144954e-02
1,199751e-01
1,972304e-01
2,731243e-01
3,477203e-01
4,204162e-01
4,906853e-01
5,580094e-01
6,222577e-01
6,830292e-01
7,399057e-01
7,924758e-01
8,405691e-01
8,840032e-01
9,223529e-01
9,553944e-01
9,830866e-01
1,005216e+00
1,021596e+00
1,032156e+00
1,036839e+00
1,035633e+00
1,028624e+00
1,015700e+00
9,969799e-01
9,726028e-01
9,427558e-01
9,076058e-01
8,671236e-01
8,218048e-01
7,718836e-01
7,175544e-01
6,590876e-01
5,968582e-01
5,313190e-01
4,628038e-01
3,914470e-01
3,179783e-01
2,428607e-01
1,663403e-01
8,848776e-02
1,060077e-02
-6,736539e-02
-1,455071e-01
-2,223442e-01
-2,978336e-01
-3,718565e-01
-4,438226e-01
-5,131209e-01
-5,794828e-01
-6,425504e-01
-7,021567e-01
-7,576115e-01
-8,087307e-01
-8,552766e-01
-8,970153e-01
-9,336301e-01
-9,649023e-01
-9,907252e-01
-1,011002e+00
-1,025457e+00
-1,034016e+00
-1,036701e+00
-1,033577e+00
-1,024598e+00
-1,009744e+00
-9,890952e-01
-9,628764e-01
-9,312669e-01
-8,942942e-01
-8,522319e-01
-8,052918e-01
-7,539041e-01
-6,981188e-01
-6,383507e-01
-5,749647e-01
-5,084892e-01
-4,389517e-01
-3,668427e-01
-2,926752e-01
-2,171531e-01
-1,402042e-01
-6,189892e-02
1,530476e-02
9,389916e-02
1,716347e-01
2,479554e-01
3,230351e-01
3,963937e-01
4,675956e-01
5,358939e-01
6,012317e-01
6,631375e-01
7,214099e-01
7,754516e-01
8,250819e-01
8,700392e-01
9,101686e-01
9,450260e-01
9,744634e-01
9,984223e-01
1,016765e+00
1,029273e+00
1,035870e+00
1,036700e+00
1,031603e+00
1,020655e+00
1,003872e+00
9,813241e-01
9,533032e-01
9,199295e-01
8,811787e-01
8,374176e-01
7,890266e-01
7,361966e-01
6,790034e-01
6,180012e-01
5,534844e-01
4,860002e-01
4,155109e-01
3,426446e-01
2,680536e-01
1,920428e-01
1,146205e-01
3,599339e-02
-4,100891e-02
-1,195603e-01
-1,968689e-01
-2,728127e-01
-3,473176e-01
-4,200600e-01
-4,902877e-01
-5,576290e-01
-6,218773e-01
-6,826815e-01
-7,395322e-01
-7,922004e-01
-8,402490e-01
-8,836452e-01
-9,220276e-01
-9,550605e-01
-9,826872e-01
-1,004860e+00
-1,021206e+00
-1,031750e+00
-1,036398e+00
-1,035223e+00
-1,028259e+00
-1,015323e+00
-9,965978e-01
-9,722190e-01
-9,424856e-01
-9,072357e-01
-8,667931e-01
-8,214606e-01
-7,715583e-01
-7,172240e-01
-6,587244e-01
-5,964950e-01
-5,310040e-01
-4,624475e-01
-3,910976e-01
-3,175910e-01
-2,424614e-01
-1,659840e-01
-8,811942e-02
-1,022211e-02
6,770447e-02
1,458496e-01
2,226592e-01
2,981709e-01
3,721801e-01
4,440773e-01
5,134600e-01
5,797272e-01
6,429016e-01
7,024218e-01
7,579695e-01
8,090181e-01
8,556312e-01
8,973252e-01
9,340208e-01
9,652138e-01
9,911107e-01
1,011324e+00
1,025810e+00
1,034337e+00
1,037053e+00
1,033886e+00
1,024956e+00
1,010049e+00
9,894429e-01
9,632534e-01
9,316369e-01
8,946470e-01
8,525159e-01
8,056687e-01
7,542845e-01
6,985423e-01
6,387656e-01
5,754140e-01
5,088678e-01
4,393493e-01
3,672317e-01
2,931244e-01
2,175662e-01
1,405363e-01
6,226725e-02
-1,497085e-02
-9,350501e-02
-1,712526e-01
-2,476266e-01
-3,226771e-01
-3,960735e-01
-4,671963e-01
-5,355273e-01
-6,008376e-01
-6,628432e-01
-7,210743e-01
-7,751332e-01
-8,247102e-01
-8,697329e-01
-9,098433e-01
-9,446766e-01
-9,740762e-01
-9,980540e-01
-1,016385e+00
-1,028865e+00
-1,035521e+00
-1,036302e+00
-1,031235e+00
-1,020274e+00
-1,003471e+00
-9,809626e-01
-9,529762e-01
-9,195697e-01
-8,808190e-01
-8,370596e-01
-7,886737e-01
-7,358007e-01
-6,786626e-01
-6,176157e-01
-5,531505e-01
-4,856525e-01
-4,152251e-01
-3,423520e-01
-2,676578e-01
-1,916641e-01
-1,142315e-01
-3,565259e-02
4,141339e-02
1,199303e-01
1,972356e-01
2,731088e-01
3,476704e-01
4,204094e-01
4,906801e-01
5,580025e-01
6,222112e-01
6,830103e-01
7,398679e-01
7,924999e-01
8,405571e-01
8,839584e-01
9,223185e-01
9,554030e-01
9,830728e-01
1,005209e+00
1,021643e+00
1,032156e+00
1,036794e+00
1,035638e+00
1,028634e+00
1,015710e+00
9,969627e-01
9,726097e-01
9,427782e-01
9,076092e-01
8,671580e-01
8,218375e-01
7,719111e-01
7,175803e-01
6,590893e-01
5,968616e-01
5,313482e-01
4,628331e-01
3,915021e-01
3,180162e-01
2,428831e-01
1,663937e-01
8,849636e-02
1,061110e-02
-6,736023e-02
-1,454693e-01
-2,222771e-01
-2,978077e-01
-3,717635e-01
-4,437761e-01
-5,130985e-01
-5,794605e-01
-6,425401e-01
-7,021309e-01
-7,575720e-01
-8,086877e-01
-8,552285e-01
-8,970188e-01
-9,336421e-01
-9,648868e-01
-9,906976e-01
-1,010990e+00
-1,025464e+00
-1,034011e+00
-1,036682e+00
-1,033610e+00
-1,024586e+00
-1,009715e+00
-9,890436e-01
-9,629057e-01
-9,312927e-01
-8,943492e-01
-8,522818e-01
-8,053709e-01
-7,539471e-01
-6,981670e-01
-6,383662e-01
-5,750680e-01
-5,085064e-01
-4,389568e-01
-3,668702e-01
-2,927354e-01
-2,171703e-01
-1,402369e-01
-6,193850e-02
1,535296e-02
9,385268e-02
1,715486e-01
2,479433e-01
3,229732e-01
3,964092e-01
4,675233e-01
5,359180e-01
6,011732e-01
6,631358e-01
7,213565e-01
7,754327e-01
8,250475e-01
8,700823e-01
9,101256e-01
9,450157e-01
9,744359e-01
9,984602e-01
1,016741e+00
1,029271e+00
1,035898e+00
1,036705e+00
1,031651e+00
1,020653e+00
1,003856e+00
9,812931e-01
9,533066e-01
9,199329e-01
8,811908e-01
8,374607e-01
7,890610e-01
7,361622e-01
6,790481e-01
6,180029e-01
5,535739e-01
4,859692e-01
4,155797e-01
3,427031e-01
2,680777e-01
1,920582e-01
1,146756e-01
3,607428e-02
-4,098482e-02
-1,195310e-01
-1,968104e-01
-2,727731e-01
-3,473245e-01
-4,200703e-01
-4,902825e-01
-5,576341e-01
-6,218653e-01
-6,827177e-01
-7,395340e-01
-7,921763e-01
-8,402421e-01
-8,836366e-01
-9,220104e-01
-9,550382e-01
-9,826511e-01
-1,004866e+00
-1,021219e+00
-1,031739e+00
-1,036433e+00
-1,035244e+00
-1,028280e+00
-1,015335e+00
-9,966323e-01
-9,722328e-01
-9,424942e-01
-9,072512e-01
-8,667862e-01
-8,214933e-01
-7,715979e-01
-7,172687e-01
-6,587227e-01
-5,965277e-01
-5,310109e-01
-4,624510e-01
-3,911596e-01
-3,176495e-01
-2,425319e-01
-1,660305e-01
-8,816762e-02
-1,028407e-02
6,768381e-02
1,458255e-01
2,225765e-01
2,980814e-01
3,721198e-01
4,440550e-01
5,134548e-01
5,797307e-01
6,428947e-01
7,024132e-01
7,578955e-01
8,089734e-01
8,555847e-01
8,973011e-01
9,339778e-01
9,651949e-01
9,910797e-01
1,011280e+00
1,025784e+00
1,034352e+00
1,037039e+00
1,033923e+00
1,024937e+00
1,010101e+00
9,894429e-01
9,632981e-01
9,316369e-01
8,947210e-01
8,525813e-01
8,057100e-01
7,543069e-01
6,985526e-01
6,387810e-01
5,754312e-01
5,088610e-01
4,393751e-01
3,672575e-01
2,931347e-01
2,175541e-01
1,405587e-01
6,230512e-02
-1,493299e-02
-9,349468e-02
-1,712027e-01
-2,476180e-01
-3,226341e-01
-3,960322e-01
-4,671670e-01
-5,354756e-01
-6,007980e-01
-6,627520e-01
-7,210243e-01
-7,751280e-01
-8,247102e-01
-8,696916e-01
-9,098416e-01
-9,446474e-01
-9,740968e-01
-9,980522e-01
-1,016352e+00
-1,028942e+00
-1,035540e+00
-1,036318e+00
-1,031261e+00
-1,020304e+00
-1,003488e+00
-9,810039e-01
-9,529590e-01
-9,196265e-01
-8,808328e-01
-8,371199e-01
-7,887374e-01
-7,358369e-01
-6,786574e-01
-6,176449e-01
-5,532159e-01
-4,856801e-01
-4,152269e-01
-3,423657e-01
-2,676853e-01
-1,917140e-01
-1,142573e-01
-3,570767e-02
4,134454e-02
1,198494e-01
1,971392e-01
2,731019e-01
3,476050e-01
4,203663e-01
4,906199e-01
5,579474e-01
6,221682e-01
6,830000e-01
7,398145e-01
7,924190e-01
8,405209e-01
8,839361e-01
9,223133e-01
9,554306e-01
9,830418e-01
1,005178e+00
1,021579e+00
1,032128e+00
1,036803e+00
1,035631e+00
1,028619e+00
1,015713e+00
9,970058e-01
9,726183e-01
9,428178e-01
9,076557e-01
8,671890e-01
8,218599e-01
7,719335e-01
7,175889e-01
6,591220e-01
5,969442e-01
5,313913e-01
4,628245e-01
3,915486e-01
3,180248e-01
2,428986e-01
1,664006e-01
8,853939e-02
1,060765e-02
-6,734302e-02
-1,454348e-01
-2,222220e-01
-2,977596e-01
-3,717670e-01
-4,437744e-01
-5,130607e-01
-5,793985e-01
-6,425332e-01
-7,021120e-01
-7,575616e-01
-8,086842e-01
-8,552095e-01
-8,969861e-01
-9,336473e-01
-9,648592e-01
-9,906357e-01
-1,010954e+00
-1,025371e+00
-1,033930e+00
-1,036674e+00
-1,033534e+00
-1,024614e+00
-1,009717e+00
-9,891107e-01
-9,629143e-01
-9,313633e-01
-8,943423e-01
-8,522336e-01
-8,053554e-01
-7,540091e-01
-6,982101e-01
-6,384110e-01
-5,750594e-01
-5,085391e-01
-4,390033e-01
-3,668960e-01
-2,927698e-01
-2,171892e-01
-1,402248e-01
-6,196604e-02
1,526862e-02
9,382170e-02
1,715176e-01
2,479038e-01
3,229818e-01
3,963610e-01
4,674958e-01
5,358508e-01
6,011353e-01
6,631186e-01
7,212997e-01
7,754172e-01
8,249907e-01
8,700427e-01
9,100981e-01
9,450088e-01
9,744101e-01
9,984085e-01
1,016739e+00
1,029324e+00
1,035911e+00
1,036645e+00
1,031620e+00
1,020670e+00
1,003873e+00
9,813344e-01
9,533634e-01
9,199346e-01
8,812424e-01
8,374951e-01
7,891333e-01
7,361914e-01
6,790567e-01
6,180408e-01
5,536255e-01
4,860708e-01
4,155935e-01
3,427375e-01
2,680915e-01
1,921099e-01
1,146480e-01
3,609838e-02
-4,091941e-02
-1,194983e-01
-1,968121e-01
-2,727645e-01
-3,472935e-01
-4,200204e-01
-4,902653e-01
-5,576204e-01
-6,218515e-01
-6,826678e-01
-7,395391e-01
-7,921643e-01
-8,402559e-01
-8,836022e-01
-9,220310e-01
-9,550622e-01
-9,826597e-01
-1,004822e+00
-1,021211e+00
-1,031751e+00
-1,036417e+00
-1,035223e+00
-1,028304e+00
-1,015317e+00
-9,965772e-01
-9,722362e-01
-9,424684e-01
-9,072839e-01
-8,668120e-01
-8,215122e-01
-7,716203e-01
-7,172756e-01
-6,587950e-01
-5,965776e-01
-5,310092e-01
-4,624768e-01
-3,911802e-01
-3,176616e-01
-2,425388e-01
-1,660580e-01
-8,817794e-02
-1,030300e-02
6,766832e-02
1,457911e-01
2,225955e-01
2,981090e-01
3,721078e-01
4,440619e-01
5,133756e-01
5,796997e-01
6,428396e-01
7,023667e-01
7,578628e-01
8,089837e-01
8,555262e-01
8,973148e-01
9,339382e-01
9,651673e-01
9,910126e-01
1,011257e+00
1,025727e+00
1,034323e+00
1,037078e+00
1,033946e+00
1,024960e+00
1,010133e+00
9,894343e-01
9,633222e-01
9,316851e-01
8,947382e-01
8,526071e-01
8,058047e-01
7,543671e-01
6,985750e-01
6,388275e-01
5,754398e-01
5,089006e-01
4,393888e-01
3,672592e-01
2,931588e-01
2,176402e-01
1,406241e-01
6,239634e-02
-1,489168e-02
-9,342755e-02
-1,711889e-01
-2,475612e-01
-3,226203e-01
-3,959978e-01
-4,671756e-01
-5,354653e-01
-6,007859e-01
-6,627761e-01
-7,210588e-01
-7,751039e-01
-8,246929e-01
-8,697088e-01
-9,097900e-01
-9,446405e-01
-9,740796e-01
-9,980849e-01
-1,016371e+00
-1,028913e+00
-1,035509e+00
-1,036278e+00
-1,031226e+00
-1,020269e+00
-1,003477e+00
-9,810091e-01
-9,530037e-01
-9,195783e-01
-8,808414e-01
-8,371526e-01
-7,887254e-01
-7,358420e-01
-6,786953e-01
-6,176570e-01
-5,532434e-01
-4,856525e-01
-4,152320e-01
-3,423881e-01
-2,677163e-01
-1,917140e-01
-1,143210e-01
-3,569562e-02
4,134627e-02
1,198666e-01
1,971082e-01
2,730692e-01
3,475861e-01
4,203508e-01
4,905872e-01
5,579439e-01
6,221802e-01
6,829759e-01
7,398438e-01
7,924242e-01
8,405106e-01
8,839292e-01
9,223167e-01
9,553789e-01
9,830676e-01
1,005193e+00
1,021558e+00
1,032171e+00
1,036820e+00
1,035643e+00
1,028631e+00
1,015725e+00
9,970023e-01
9,726493e-01
9,428573e-01
9,076333e-01
8,671631e-01
8,218840e-01
7,720265e-01
7,176319e-01
6,591392e-01
5,969201e-01
5,314171e-01
4,628916e-01
3,916002e-01
3,180678e-01
2,429622e-01
1,664419e-01
8,857898e-02
1,066962e-02
-6,722770e-02
-1,454228e-01
-2,222306e-01
-2,977200e-01
-3,717240e-01
-4,437211e-01
-5,130469e-01
-5,793727e-01
-6,424954e-01
-7,020638e-01
-7,575169e-01
-8,086601e-01
-8,551785e-01
-8,969671e-01
-9,336197e-01
-9,648472e-01
-9,906219e-01
-1,010916e+00
-1,025352e+00
-1,033948e+00
-1,036679e+00
-1,033565e+00
-1,024579e+00
-1,009787e+00
-9,891279e-01
-9,628747e-01
-9,313684e-01
-8,943664e-01
-8,522715e-01
-8,054019e-01
-7,540246e-01
-6,982221e-01
-6,384041e-01
-5,751145e-01
-5,085787e-01
-4,390567e-01
-3,669270e-01
-2,928301e-01
-2,172374e-01
-1,402954e-01
-6,199186e-02
1,523247e-02
9,377867e-02
1,714677e-01
2,478814e-01
3,229456e-01
3,963231e-01
4,674338e-01
5,358164e-01
6,010975e-01
6,631306e-01
7,213032e-01
7,753690e-01
8,249614e-01
8,700100e-01
9,100860e-01
9,449623e-01
9,744583e-01
9,984808e-01
1,016756e+00
1,029307e+00
1,035929e+00
1,036634e+00
1,031626e+00
1,020689e+00
1,003903e+00
9,813568e-01
9,534065e-01
9,199381e-01
8,812407e-01
8,375657e-01
7,891092e-01
7,361828e-01
6,790688e-01
6,181062e-01
5,536427e-01
4,860949e-01
4,156761e-01
3,427754e-01
2,681948e-01
1,921047e-01
1,147685e-01
3,614313e-02
-4,090392e-02
-1,194536e-01
-1,967640e-01
-2,726681e-01
-3,472608e-01
-4,199636e-01
-4,902360e-01
-5,575618e-01
-6,218618e-01
-6,826282e-01
-7,395202e-01
-7,921454e-01
-8,401698e-01
-8,836090e-01
-9,219880e-01
-9,550261e-01
-9,826597e-01
-1,004827e+00
-1,021259e+00
-1,031769e+00
-1,036466e+00
-1,035230e+00
-1,028278e+00
-1,015326e+00
-9,966237e-01
-9,723240e-01
-9,424425e-01
-9,072667e-01
-8,668430e-01
-8,215346e-01
-7,716409e-01
-7,172894e-01
-6,587709e-01
-5,966155e-01
-5,310419e-01
-4,625250e-01
-3,911854e-01
-3,177081e-01
-2,425853e-01
-1,661011e-01
-8,821581e-02
-1,040111e-02
6,760292e-02
1,457498e-01
2,225576e-01
2,980694e-01
3,720751e-01
4,440137e-01
5,133756e-01
5,797031e-01
6,427880e-01
7,023409e-01
7,578198e-01
8,089389e-01
8,554970e-01
8,973114e-01
9,339055e-01
9,652172e-01
9,910023e-01
1,011261e+00
1,025741e+00
1,034318e+00
1,037034e+00
1,033985e+00
1,024942e+00
1,010133e+00
9,894601e-01
9,632912e-01
9,316817e-01
8,947692e-01
8,526708e-01
8,057685e-01
7,543482e-01
6,985939e-01
6,388551e-01
5,754776e-01
5,089866e-01
4,394336e-01
3,673315e-01
2,932122e-01
2,176333e-01
1,406826e-01
6,241183e-02
-1,487791e-02
-9,342755e-02
-1,711011e-01
-2,475406e-01
-3,225635e-01
-3,959582e-01
-4,670913e-01
-5,354567e-01
-6,007498e-01
-6,627330e-01
-7,209727e-01
-7,750575e-01
-8,246430e-01
-8,696709e-01
-9,097383e-01
-9,446319e-01
-9,740796e-01
-9,980643e-01
-1,016397e+00
-1,028941e+00
-1,035497e+00
-1,036299e+00
-1,031237e+00
-1,020271e+00
-1,003508e+00
-9,809953e-01
-9,530003e-01
-9,196265e-01
-8,809016e-01
-8,371715e-01
-7,887925e-01
-7,359057e-01
-6,787091e-01
-6,177155e-01
-5,532709e-01
-4,857162e-01
-4,153078e-01
-3,424191e-01
-2,678127e-01
-1,917553e-01
-1,143382e-01
-3,577996e-02
4,125849e-02
1,197944e-01
1,970755e-01
2,730227e-01
3,475706e-01
4,202906e-01
4,905579e-01
5,578820e-01
6,220976e-01
6,829260e-01
7,398093e-01
7,923967e-01
8,404831e-01
8,839257e-01
9,223012e-01
9,553342e-01
9,830177e-01
1,005162e+00
1,021593e+00
1,032139e+00
1,036794e+00
1,035633e+00
1,028617e+00
1,015732e+00
9,970126e-01
9,726545e-01
9,428436e-01
9,076660e-01
8,672182e-01
8,219012e-01
7,719955e-01
7,176285e-01
6,591788e-01
5,970045e-01
5,314928e-01
4,628899e-01
3,916105e-01
3,181039e-01
2,430156e-01
1,665142e-01
8,863061e-02
1,070748e-02
-6,719155e-02
-1,453488e-01
-2,221893e-01
-2,977148e-01
-3,717291e-01
-4,436746e-01
-5,129798e-01
-5,792952e-01
-6,423852e-01
-7,019674e-01
-7,574532e-01
-8,085861e-01
-8,551717e-01
-8,969155e-01
-9,335853e-01
-9,648351e-01
-9,906890e-01
-1,010932e+00
-1,025404e+00
-1,033985e+00
-1,036689e+00
-1,033584e+00
-1,024596e+00
-1,009779e+00
-9,891227e-01
-9,629453e-01
-9,313443e-01
-8,943269e-01
-8,522990e-01
-8,053881e-01
-7,539902e-01
-6,982462e-01
-6,384712e-01
-5,751179e-01
-5,085839e-01
-4,390790e-01
-3,669477e-01
-2,928301e-01
-2,172357e-01
-1,403177e-01
-6,202628e-02
1,517223e-02
9,380449e-02
1,714884e-01
2,478470e-01
3,228940e-01
3,963076e-01
4,674562e-01
5,358216e-01
6,010441e-01
6,630652e-01
7,212756e-01
7,753552e-01
8,249408e-01
8,700048e-01
9,100791e-01
9,449520e-01
9,744376e-01
9,984120e-01
1,016718e+00
1,029252e+00
1,035911e+00
1,036708e+00
1,031648e+00
1,020693e+00
1,003894e+00
9,813189e-01
9,533634e-01
9,199690e-01
8,812631e-01
8,375726e-01
7,891247e-01
7,362637e-01
6,791239e-01
6,180563e-01
5,536066e-01
4,860828e-01
4,156830e-01
3,428305e-01
2,682017e-01
1,921804e-01
1,147478e-01
3,617927e-02
-4,089359e-02
-1,194243e-01
-1,967140e-01
-2,726389e-01
-3,472350e-01
-4,199532e-01
-4,902240e-01
-5,575532e-01
-6,217912e-01
-6,825731e-01
-7,394961e-01
-7,921041e-01
-8,401836e-01
-8,836159e-01
-9,219398e-01
-9,550192e-01
-9,826425e-01
-1,004816e+00
-1,021218e+00
-1,031744e+00
-1,036431e+00
-1,035275e+00
-1,028293e+00
-1,015347e+00
-9,966271e-01
-9,722551e-01
-9,425062e-01
-9,073115e-01
-8,668791e-01
-8,215793e-01
-7,716254e-01
-7,173169e-01
-6,588277e-01
-5,966189e-01
-5,311124e-01
-4,625147e-01
-3,912542e-01
-3,177012e-01
-2,426025e-01
-1,661252e-01
-8,826400e-02
-1,038218e-02
6,756333e-02
1,456913e-01
2,225283e-01
2,979902e-01
3,720080e-01
4,440068e-01
5,133016e-01
5,796739e-01
6,427742e-01
7,023116e-01
7,577837e-01
8,089355e-01
8,554797e-01
8,972770e-01
9,339296e-01
9,652327e-01
9,910574e-01
1,011297e+00
1,025793e+00
1,034362e+00
1,037035e+00
1,033951e+00
1,024978e+00
1,010094e+00
9,894670e-01
9,633067e-01
9,317178e-01
8,947899e-01
8,526691e-01
8,057703e-01
7,543964e-01
6,986111e-01
6,388895e-01
5,755430e-01
5,090090e-01
4,394801e-01
3,673504e-01
2,931864e-01
2,176867e-01
1,407033e-01
6,244281e-02
-1,481767e-02
-9,340001e-02
-1,711011e-01
-2,474855e-01
-3,225498e-01
-3,958945e-01
-4,670500e-01
-5,354154e-01
-6,007670e-01
-6,627193e-01
-7,209865e-01
-7,750402e-01
-8,246069e-01
-8,696984e-01
-9,097521e-01
-9,446439e-01
-9,740108e-01
-9,980695e-01
-1,016376e+00
-1,028901e+00
-1,035500e+00
-1,036288e+00
-1,031240e+00
-1,020299e+00
-1,003498e+00
-9,810573e-01
-9,530433e-01
-9,196420e-01
-8,808844e-01
-8,372128e-01
-7,887891e-01
-7,358954e-01
-6,787555e-01
-6,177138e-01
-5,533054e-01
-4,857575e-01
-4,153697e-01
-3,424346e-01
-2,678316e-01
-1,918001e-01
-1,144002e-01
-3,577480e-02
4,122406e-02
1,198047e-01
1,970462e-01
2,729934e-01
3,475310e-01
4,202648e-01
4,905390e-01
5,578493e-01
6,220907e-01
6,828743e-01
7,398007e-01
7,923760e-01
8,404538e-01
8,839120e-01
9,222789e-01
9,553256e-01
9,830005e-01
1,005162e+00
1,021603e+00
1,032159e+00
1,036824e+00
1,035636e+00
1,028624e+00
1,015705e+00
9,970350e-01
9,726682e-01
9,428763e-01
9,076746e-01
8,672681e-01
8,218960e-01
7,719972e-01
7,176732e-01
6,591977e-01
5,970148e-01
5,315255e-01
4,629587e-01
3,916604e-01
3,181125e-01
2,430053e-01
1,665210e-01
8,863406e-02
1,077461e-02
-6,718983e-02
-1,453178e-01
-2,221858e-01
-2,976287e-01
-3,716827e-01
-4,436470e-01
-5,129970e-01
-5,793056e-01
-6,424179e-01
-7,020122e-01
-7,574515e-01
-8,086033e-01
-8,551562e-01
-8,969499e-01
-9,335784e-01
-9,648489e-01
-9,906615e-01
-1,010856e+00
-1,025385e+00
-1,033920e+00
-1,036677e+00
-1,033610e+00
-1,024603e+00
-1,009741e+00
-9,891279e-01
-9,630262e-01
-9,313788e-01
-8,944112e-01
-8,523300e-01
-8,054690e-01
-7,540005e-01
-6,982531e-01
-6,384730e-01
-5,752040e-01
-5,086407e-01
-4,390945e-01
-3,669683e-01
-2,928748e-01
-2,172839e-01
-1,403539e-01
-6,205210e-02
1,518772e-02
9,374081e-02
1,714213e-01
2,478194e-01
3,228355e-01
3,962491e-01
4,673994e-01
5,357424e-01
6,010286e-01
6,630515e-01
7,212756e-01
7,753483e-01
8,249477e-01
8,699274e-01
9,100602e-01
9,449055e-01
9,744187e-01
9,984120e-01
1,016717e+00
1,029280e+00
1,035889e+00
1,036627e+00
1,031622e+00
1,020689e+00
1,003889e+00
9,813791e-01
9,534185e-01
9,200000e-01
8,812906e-01
8,375984e-01
7,891746e-01
7,362809e-01
6,791480e-01
6,181509e-01
5,536961e-01
4,861723e-01
4,157036e-01
3,428700e-01
2,682774e-01
1,922149e-01
1,148029e-01
3,622747e-02
-4,084368e-02
-1,193727e-01
-1,966899e-01
-2,726096e-01
-3,471902e-01
-4,198999e-01
-4,901551e-01
-5,575360e-01
-6,217431e-01
-6,825714e-01
-7,394617e-01
-7,920214e-01
-8,401440e-01
-8,835677e-01
-9,219605e-01
-9,550364e-01
-9,826322e-01
-1,004782e+00
-1,021173e+00
-1,031746e+00
-1,036426e+00
-1,035261e+00
-1,028307e+00
-1,015323e+00
-9,966133e-01
-9,723223e-01
-9,425062e-01
-9,073338e-01
-8,668791e-01
-8,215948e-01
-7,716547e-01
-7,173238e-01
-6,588397e-01
-5,966275e-01
-5,311675e-01
-4,625818e-01
-3,912973e-01
-3,177631e-01
-2,426541e-01
-1,661802e-01
-8,831908e-02
-1,041316e-02
6,753063e-02
1,456517e-01
2,224199e-01
2,979850e-01
3,719907e-01
4,439551e-01
5,133033e-01
5,796050e-01
6,427053e-01
7,023065e-01
7,577905e-01
8,089131e-01
8,554419e-01
8,972546e-01
9,338710e-01
9,651949e-01
9,910367e-01
1,011252e+00
1,025741e+00
1,034316e+00
1,037027e+00
1,033954e+00
1,024990e+00
1,010118e+00
9,894876e-01
9,633343e-01
9,317523e-01
8,947864e-01
8,527534e-01
8,058322e-01
7,544239e-01
6,986145e-01
6,389067e-01
5,755551e-01
5,090176e-01
4,394956e-01
3,674003e-01
2,932208e-01
2,177245e-01
1,407721e-01
6,244453e-02
-1,477808e-02
-9,332084e-02
-1,710822e-01
-2,474649e-01
-3,224947e-01
-3,959358e-01
-4,670534e-01
-5,353964e-01
-6,006758e-01
-6,627451e-01
-7,209589e-01
-7,750213e-01
-8,246241e-01
-8,696416e-01
-9,097435e-01
-9,445837e-01
-9,739832e-01
-9,980660e-01
-1,016357e+00
-1,028887e+00
-1,035509e+00
-1,036306e+00
-1,031276e+00
-1,020319e+00
-1,003520e+00
-9,810435e-01
-9,530657e-01
-9,196678e-01
-8,809343e-01
-8,372369e-01
-7,888321e-01
-7,359023e-01
-6,787831e-01
-6,177792e-01
-5,533604e-01
-4,857334e-01
-4,153439e-01
-3,424983e-01
-2,678781e-01
-1,918431e-01
-1,144139e-01
-3,584881e-02
4,122234e-02
1,197754e-01
1,969860e-01
2,729521e-01
3,475138e-01
4,202114e-01
4,904873e-01
5,578269e-01
6,220425e-01
6,828605e-01
7,397611e-01
7,923381e-01
8,404779e-01
8,839206e-01
9,222462e-01
9,553153e-01
9,830521e-01
1,005162e+00
1,021572e+00
1,032170e+00
1,036843e+00
1,035588e+00
1,028646e+00
1,015712e+00
9,970144e-01
9,726304e-01
9,428832e-01
9,077056e-01
8,672888e-01
8,219700e-01
7,720299e-01
7,177145e-01
6,592562e-01
5,970544e-01
5,315857e-01
4,629691e-01
3,916811e-01
3,181866e-01
2,430449e-01
1,665951e-01
8,867536e-02
1,077633e-02
-6,717778e-02
-1,453075e-01
-2,221342e-01
-2,976305e-01
-3,716500e-01
-4,435937e-01
-5,129436e-01
-5,792178e-01
-6,421942e-01
-7,014270e-01
-7,566098e-01
-8,072591e-01
-8,534642e-01
-8,947847e-01
-9,309674e-01
-9,617611e-01
-9,870935e-01
-1,006904e+00
-1,020896e+00
-1,029003e+00
-1,031385e+00
-1,027808e+00
-1,018524e+00
-1,003338e+00
-9,824962e-01
-9,561466e-01
-9,242875e-01
-8,873216e-01
-8,451871e-01
-7,984019e-01
-7,471364e-01
-6,916179e-01
-6,321356e-01
-5,692401e-01
-5,031587e-01
-4,342408e-01
-3,627532e-01
-2,893533e-01
-2,146694e-01
-1,386224e-01
-6,134469e-02
1,488479e-02
9,232083e-02
1,688756e-01
2,440810e-01
3,179094e-01
3,900184e-01
4,598847e-01
5,269110e-01
5,908857e-01
6,515557e-01
7,085079e-01
7,613517e-01
8,097462e-01
8,535520e-01
8,925437e-01
9,263340e-01
9,548987e-01
9,779746e-01
9,955445e-01
1,007405e+00
1,013527e+00
1,013834e+00
1,008469e+00
9,974275e-01
9,805788e-01
9,581845e-01
9,305216e-01
8,975472e-01
8,594178e-01
8,164863e-01
7,689386e-01
7,171534e-01
6,612287e-01
6,015398e-01
5,386082e-01
4,726869e-01
4,040289e-01
3,330800e-01
2,604736e-01
1,865436e-01
1,113537e-01
3,506567e-02
-3,954419e-02
-1,156721e-01
-1,905333e-01
-2,640347e-01
-3,360783e-01
-4,063232e-01
-4,740741e-01
-5,390213e-01
-6,008909e-01
-6,594163e-01
-7,140157e-01
-7,645290e-01
-8,105930e-01
-8,521234e-01
-8,887537e-01
-9,202995e-01
-9,465252e-01
-9,674651e-01
-9,828697e-01
-9,925961e-01
-9,967063e-01
-9,951882e-01
-9,880229e-01
-9,752104e-01
-9,568678e-01
-9,330999e-01
-9,040980e-01
-8,700048e-01
-8,308685e-01
-7,870765e-01
-7,389711e-01
-6,866747e-01
-6,304540e-01
-5,706377e-01
-5,077990e-01
-4,420532e-01
-3,738341e-01
-3,033809e-01
-2,316713e-01
-1,585967e-01
-8,430356e-02
-1,000696e-02
6,415883e-02
1,385759e-01
2,116315e-01
2,834290e-01
3,537255e-01
4,220032e-01
4,877007e-01
5,504809e-01
6,102146e-01
6,664955e-01
7,188384e-01
7,670161e-01
8,108942e-01
8,500856e-01
8,844765e-01
9,137676e-01
9,378022e-01
9,565425e-01
9,698300e-01
9,775650e-01
9,796631e-01
9,763877e-01
9,675047e-01
9,530691e-01
9,332445e-01
9,081256e-01
8,779584e-01
8,427568e-01
8,027823e-01
7,583379e-01
7,096508e-01
6,569326e-01
6,003642e-01
5,406770e-01
4,779158e-01
4,124885e-01
3,446170e-01
2,749694e-01
2,039499e-01
1,318220e-01
5,836705e-02
-1,382971e-02
-8,735005e-02
-1,600494e-01
-2,314114e-01
-3,014567e-01
-3,699684e-01
-4,362339e-01
-4,998575e-01
-5,606083e-01
-6,181836e-01
-6,722340e-01
-7,223755e-01
-7,682622e-01
-8,098512e-01
-8,468291e-01
-8,789051e-01
-9,059070e-01
-9,278297e-01
-9,444735e-01
-9,557163e-01
-9,614547e-01
-9,617766e-01
-9,566698e-01
-9,460966e-01
-9,301103e-01
-9,088881e-01
-8,826280e-01
-8,512387e-01
-8,151059e-01
-7,743070e-01
-7,292464e-01
-6,800550e-01
-6,270271e-01
-5,703812e-01
-5,106871e-01
-4,481393e-01
-3,829822e-01
-3,156857e-01
-2,468022e-01
-1,766881e-01
-1,054208e-01
-3,306910e-02
3,764916e-02
1,098752e-01
1,807965e-01
2,504700e-01
3,187976e-01
3,854246e-01
4,496350e-01
5,112035e-01
5,698752e-01
6,252715e-01
6,770860e-01
7,249762e-01
7,686443e-01
8,079992e-01
8,427499e-01
8,726004e-01
8,974284e-01
9,172754e-01
9,318745e-01
9,411516e-01
9,449469e-01
9,434684e-01
9,366697e-01
9,245439e-01
9,071290e-01
8,845626e-01
8,571252e-01
8,247119e-01
7,876204e-01
7,461364e-01
7,005405e-01
6,509068e-01
5,976155e-01
5,409748e-01
4,813565e-01
4,190599e-01
3,542987e-01
2,876734e-01
2,196385e-01
1,503918e-01
7,991798e-02
9,624857e-03
-6,064417e-02
-1,310939e-01
-2,003733e-01
-2,683170e-01
-3,348838e-01
-3,996243e-01
-4,618348e-01
-5,213981e-01
-5,779131e-01
-6,312285e-01
-6,808296e-01
-7,264426e-01
-7,679851e-01
-8,051317e-01
-8,375880e-01
-8,653955e-01
-8,880893e-01
-9,058571e-01
-9,184337e-01
-9,257281e-01
-9,277333e-01
-9,245181e-01
-9,160878e-01
-9,024371e-01
-8,836452e-01
-8,598756e-01
-8,312128e-01
-7,978976e-01
-7,599696e-01
-7,178832e-01
-6,718002e-01
-6,218274e-01
-5,683519e-01
-5,116923e-01
-4,523907e-01
-3,903971e-01
-3,261677e-01
-2,601999e-01
-1,929997e-01
-1,246154e-01
-5,515188e-02
1,315845e-02
8,269942e-02
1,514951e-01
2,190206e-01
2,853292e-01
3,501093e-01
4,128275e-01
4,730104e-01
5,305410e-01
5,850250e-01
6,361683e-01
6,835146e-01
7,269934e-01
7,663483e-01
8,013021e-01
8,316052e-01
8,571200e-01
8,778568e-01
8,936160e-01
9,041944e-01
9,097073e-01
9,099001e-01
9,050739e-01
8,951083e-01
8,799378e-01
8,598361e-01
8,348944e-01
8,053245e-01
7,710695e-01
7,324547e-01
6,897780e-01
6,432596e-01
5,930062e-01
5,394894e-01
4,830467e-01
4,238448e-01
3,622144e-01
2,985616e-01
2,333821e-01
1,671269e-01
9,968750e-02
3,119817e-02
-3,549424e-02
-1,037701e-01
-1,708533e-01
-2,367643e-01
-3,013637e-01
-3,643143e-01
-4,251013e-01
-4,832515e-01
-5,387183e-01
-5,910733e-01
-6,400909e-01
-6,853236e-01
-7,266251e-01
-7,638044e-01
-7,965929e-01
-8,248220e-01
-8,482714e-01
-8,670100e-01
-8,807777e-01
-8,894576e-01
-8,930807e-01
-8,916693e-01
-8,852493e-01
-8,737381e-01
-8,571837e-01
-8,358755e-01
-8,098632e-01
-7,792692e-01
-7,442672e-01
-7,049898e-01
-6,618965e-01
-6,150270e-01
-5,645877e-01
-5,110985e-01
-4,547538e-01
-3,958911e-01
-3,347237e-01
-2,717267e-01
-2,074078e-01
-1,420286e-01
-7,550831e-02
-9,172186e-03
5,713812e-02
1,237531e-01
1,891253e-01
2,533582e-01
3,162433e-01
3,772954e-01
4,360584e-01
4,922946e-01
5,456754e-01
5,960062e-01
6,428413e-01
6,858847e-01
7,250588e-01
7,601468e-01
7,908269e-01
8,169493e-01
8,383936e-01
8,551906e-01
8,670065e-01
8,738448e-01
8,757708e-01
8,727346e-01
8,647345e-01
8,517465e-01
8,340183e-01
8,115827e-01
7,845808e-01
7,530521e-01
7,172360e-01
6,775146e-01
6,340185e-01
5,868048e-01
5,362897e-01
4,828917e-01
4,267554e-01
3,682678e-01
3,076460e-01
2,453908e-01
1,819687e-01
1,174845e-01
5,194703e-02
-1,240801e-02
-7,804706e-02
-1,429563e-01
-2,066866e-01
-2,692481e-01
-3,303450e-01
-3,895296e-01
-4,463424e-01
-5,005184e-01
-5,519181e-01
-6,001388e-01
-6,448499e-01
-6,858261e-01
-7,228953e-01
-7,558697e-01
-7,844809e-01
-8,085104e-01
-8,280269e-01
-8,428755e-01
-8,528567e-01
-8,578894e-01
-8,581906e-01
-8,535675e-01
-8,441079e-01
-8,298031e-01
-8,107858e-01
-7,873949e-01
-7,593637e-01
-7,270657e-01
-6,906627e-01
-6,504197e-01
-6,065071e-01
-5,591625e-01
-5,086820e-01
-4,554113e-01
-3,996467e-01
-3,415361e-01
-2,815529e-01
-2,200705e-01
-1,575485e-01
-9,398866e-02
-2,953551e-02
3,325498e-02
9,758249e-02
1,608119e-01
2,228743e-01
2,837543e-01
3,430783e-01
4,003369e-01
4,551910e-01
5,073962e-01
5,567632e-01
6,028840e-01
6,454782e-01
6,843494e-01
7,194030e-01
7,502913e-01
7,768217e-01
7,989079e-01
8,165363e-01
8,294968e-01
8,376707e-01
8,410666e-01
8,397154e-01
8,335983e-01
8,227446e-01
8,071644e-01
7,870920e-01
7,625376e-01
7,337009e-01
7,006782e-01
6,637503e-01
6,230529e-01
5,789321e-01
5,314463e-01
4,810312e-01
4,279619e-01
3,725019e-01
3,149094e-01
2,556388e-01
1,950462e-01
1,334915e-01
7,081120e-02
8,430356e-03
-5,391607e-02
-1,166171e-01
-1,781769e-01
-2,385887e-01
-2,977785e-01
-3,552763e-01
-4,106107e-01
-4,634561e-01
-5,137526e-01
-5,610524e-01
-6,051216e-01
-6,456623e-01
-6,824922e-01
-7,154907e-01
-7,443085e-01
-7,688818e-01
-7,890317e-01
-8,047961e-01
-8,159080e-01
-8,223435e-01
-8,240681e-01
-8,211886e-01
-8,136688e-01
-8,014759e-01
-7,847202e-01
-7,635703e-01
-7,381501e-01
-7,085320e-01
-6,748398e-01
-6,373938e-01
-5,964726e-01
-5,520627e-01
-5,045683e-01
-4,543184e-01
-4,015693e-01
-3,465103e-01
-2,894996e-01
-2,309036e-01
-1,713008e-01
-1,106222e-01
-4,900553e-02
1,140628e-02
7,305390e-02
1,340320e-01
1,939756e-01
2,527282e-01
3,102089e-01
3,658220e-01
4,192544e-01
4,701602e-01
5,184118e-01
5,637788e-01
6,056896e-01
6,441942e-01
6,790791e-01
7,100294e-01
7,368988e-01
7,595066e-01
7,778010e-01
7,917443e-01
8,010749e-01
8,058081e-01
8,060680e-01
8,016807e-01
7,927736e-01
7,793260e-01
7,614532e-01
7,393429e-01
7,130708e-01
6,826437e-01
6,484799e-01
6,106449e-01
5,693640e-01
5,248903e-01
4,774115e-01
4,273647e-01
3,749701e-01
3,203879e-01
2,640553e-01
2,063544e-01
1,476448e-01
8,793181e-02
2,739607e-02
-3,143569e-02
-9,184923e-02
-1,512128e-01
-2,095059e-01
-2,666681e-01
-3,223880e-01
-3,761319e-01
-4,275815e-01
-4,765647e-01
-5,229471e-01
-5,662039e-01
-6,061543e-01
-6,426537e-01
-6,754887e-01
-7,044339e-01
-7,293325e-01
-7,500796e-01
-7,665307e-01
-7,786978e-01
-7,863192e-01
-7,894517e-01
-7,881436e-01
-7,824413e-01
-7,722536e-01
-7,575754e-01
-7,387164e-01
-7,156973e-01
-6,886110e-01
-6,575781e-01
-6,228773e-01
-5,848013e-01
-5,433345e-01
-4,987301e-01
-4,514664e-01
-4,016915e-01
-3,496549e-01
-2,956563e-01
-2,400001e-01
-1,832320e-01
-1,254553e-01
-6,671651e-02
-8,235862e-03
5,013463e-02
1,088855e-01
1,666278e-01
2,232599e-01
2,787542e-01
3,326221e-01
3,845124e-01
4,340601e-01
4,811482e-01
5,255151e-01
5,668184e-01
6,047154e-01
6,392854e-01
6,701651e-01
6,971860e-01
7,201672e-01
7,391002e-01
7,537836e-01
7,641916e-01
7,701745e-01
7,718302e-01
7,690798e-01
7,619920e-01
7,505547e-01
7,348093e-01
7,150036e-01
6,911308e-01
6,633647e-01
6,317311e-01
5,966723e-01
5,583140e-01
5,167233e-01
4,721567e-01
4,250238e-01
3,756328e-01
3,241023e-01
2,706785e-01
2,158364e-01
1,599565e-01
1,031798e-01
4,549604e-02
-1,098631e-02
-6,873718e-02
-1,259011e-01
-1,819583e-01
-2,370121e-01
-2,907870e-01
-3,428890e-01
-3,928377e-01
-4,404732e-01
-4,857007e-01
-5,281004e-01
-5,674087e-01
-6,034606e-01
-6,359669e-01
-6,649379e-01
-6,900172e-01
-7,111878e-01
-7,282395e-01
-7,412758e-01
-7,499523e-01
-7,543654e-01
-7,545668e-01
-7,504652e-01
-7,421192e-01
-7,295545e-01
-7,127868e-01
-6,921188e-01
-6,674439e-01
-6,389910e-01
-6,069374e-01
-5,715912e-01
-5,329868e-01
-4,913152e-01
-4,469052e-01
-4,001527e-01
-3,511042e-01
-3,000263e-01
-2,472635e-01
-1,933319e-01
-1,384210e-01
-8,259787e-02
-2,603634e-02
2,885908e-02
8,533971e-02
1,408823e-01
1,953560e-01
2,487420e-01
3,008078e-01
3,510853e-01
3,991218e-01
4,449104e-01
4,881930e-01
5,286546e-01
5,659870e-01
6,000561e-01
6,307259e-01
6,578397e-01
6,810361e-01
7,003581e-01
7,157644e-01
7,270795e-01
7,341897e-01
7,371260e-01
7,358782e-01
7,304564e-01
7,209056e-01
7,071826e-01
6,895525e-01
6,679964e-01
6,426864e-01
6,137086e-01
5,812866e-01
5,456186e-01
5,069005e-01
4,652840e-01
4,210238e-01
3,746104e-01
3,260007e-01
2,755064e-01
2,235731e-01
1,704970e-01
1,165516e-01
6,173368e-02
7,246182e-03
-4,721378e-02
-1,021195e-01
-1,559685e-01
-2,088828e-01
-2,606388e-01
-3,109455e-01
-3,593108e-01
-4,055762e-01
-4,496901e-01
-4,913806e-01
-5,302363e-01
-5,660559e-01
-5,986637e-01
-6,278773e-01
-6,534713e-01
-6,754371e-01
-6,934613e-01
-7,076731e-01
-7,178161e-01
-7,238058e-01
-7,257404e-01
-7,235321e-01
-7,173100e-01
-7,069158e-01
-6,924475e-01
-6,741600e-01
-6,520118e-01
-6,261665e-01
-5,966861e-01
-5,638872e-01
-5,279472e-01
-4,889142e-01
-4,470378e-01
-4,026812e-01
-3,561300e-01
-3,074360e-01
-2,570639e-01
-2,051444e-01
-1,522800e-01
-9,839317e-02
-4,368880e-02
9,896804e-03
6,479050e-02
1,191678e-01
1,725882e-01
2,251669e-01
2,765666e-01
3,263570e-01
3,741853e-01
4,198741e-01
4,632462e-01
5,039694e-01
5,418233e-01
5,765826e-01
6,081371e-01
6,361580e-01
6,606211e-01
6,812839e-01
6,980724e-01
7,108986e-01
7,196835e-01
7,243015e-01
7,248523e-01
7,213101e-01
7,136938e-01
7,018882e-01
6,861824e-01
6,666023e-01
6,432114e-01
6,160821e-01
5,855930e-01
5,516479e-01
5,146441e-01
4,746301e-01
4,319206e-01
3,868446e-01
3,395344e-01
2,902948e-01
2,392772e-01
1,870857e-01
1,338065e-01
7,969079e-02
2,469037e-02
-2,858885e-02
-8,360132e-02
-1,377446e-01
-1,908018e-01
-2,429898e-01
-2,939402e-01
-3,430680e-01
-3,903282e-01
-4,352408e-01
-4,778091e-01
-5,176149e-01
-5,544276e-01
-5,880526e-01
-6,185089e-01
-6,453749e-01
-6,685265e-01
-6,878830e-01
-7,033530e-01
-7,149210e-01
-7,222688e-01
-7,255769e-01
-7,247576e-01
-7,198866e-01
-7,107936e-01
-6,977126e-01
-6,806987e-01
-6,598277e-01
-6,351717e-01
-6,069168e-01
-5,752074e-01
-5,402553e-01
-5,022344e-01
-4,612771e-01
-4,177243e-01
-3,719305e-01
-3,239370e-01
-2,740141e-01
-2,225989e-01
-1,700409e-01
-1,164931e-01
-6,201596e-02
-7,807288e-03
4,639278e-02
1,011385e-01
1,549151e-01
2,077640e-01
2,595803e-01
3,099421e-01
3,584485e-01
4,048688e-01
4,490017e-01
4,907903e-01
5,295702e-01
5,653709e-01
5,980131e-01
6,271940e-01
6,528758e-01
6,747538e-01
6,928434e-01
7,070501e-01
7,171999e-01
7,232343e-01
7,251397e-01
7,229607e-01
7,166956e-01
7,063082e-01
6,918589e-01
6,735593e-01
6,514403e-01
6,255830e-01
5,961198e-01
5,632934e-01
5,273740e-01
4,882808e-01
4,464939e-01
4,021407e-01
3,555156e-01
3,069111e-01
2,564030e-01
2,045661e-01
1,516690e-01
9,785444e-02
4,304507e-02
-1,045619e-02
-6,534472e-02
-1,197358e-01
-1,731889e-01
-2,256936e-01
-2,770950e-01
-3,269646e-01
-3,747722e-01
-4,205264e-01
-4,639312e-01
-5,046544e-01
-5,425170e-01
-5,772212e-01
-6,087395e-01
-6,368000e-01
-6,612063e-01
-6,818571e-01
-6,986404e-01
-7,115458e-01
-7,203462e-01
-7,249297e-01
-7,254564e-01
-7,219245e-01
-7,142825e-01
-7,025543e-01
-6,867694e-01
-6,671995e-01
-6,438069e-01
-6,167654e-01
-5,861541e-01
-5,522399e-01
-5,152500e-01
-4,753237e-01
-4,325316e-01
-3,874883e-01
-3,401884e-01
-2,908628e-01
-2,398624e-01
-1,876262e-01
-1,344485e-01
-8,025878e-02
-2,536336e-02
2,798644e-02
8,300407e-02
1,370733e-01
1,902114e-01
2,424063e-01
2,933000e-01
3,424897e-01
3,896277e-01
4,346022e-01
4,771877e-01
5,169505e-01
5,538131e-01
5,874726e-01
6,178566e-01
6,447226e-01
6,679052e-01
6,872255e-01
7,027178e-01
7,142326e-01
7,216646e-01
7,249538e-01
7,241517e-01
7,192292e-01
7,102205e-01
6,971171e-01
6,800774e-01
6,592098e-01
6,346123e-01
6,063402e-01
5,745895e-01
5,396564e-01
5,016578e-01
4,606988e-01
4,171666e-01
3,713419e-01
3,233277e-01
2,734461e-01
2,219999e-01
1,694144e-01
1,159200e-01
6,144108e-02
7,216922e-03
-4,700207e-02
-1,017478e-01
-1,554900e-01
-2,083269e-01
-2,601156e-01
-3,105015e-01
-3,590302e-01
-4,055142e-01
-4,497022e-01
-4,913342e-01
-5,302346e-01
-5,660370e-01
-5,986379e-01
-6,279066e-01
-6,535109e-01
-6,754268e-01
-6,934820e-01
-7,076662e-01
-7,178092e-01
-7,237989e-01
-7,257421e-01
-7,235459e-01
-7,172859e-01
-7,068728e-01
-6,924785e-01
-6,741686e-01
-6,520548e-01
-6,261441e-01
-5,967463e-01
-5,639319e-01
-5,279351e-01
-4,889400e-01
-4,470911e-01
-4,027552e-01
-3,561800e-01
-3,075049e-01
-2,570364e-01
-2,051943e-01
-1,522869e-01
-9,847750e-02
-4,369224e-02
9,872708e-03
6,473543e-02
1,191610e-01
1,725831e-01
2,251566e-01
2,764926e-01
3,262968e-01
3,741612e-01
4,198809e-01
4,632496e-01
5,039866e-01
5,418354e-01
5,765775e-01
6,081078e-01
6,361683e-01
6,606108e-01
6,812650e-01
6,980242e-01
7,108539e-01
7,196663e-01
7,242929e-01
7,248505e-01
7,213428e-01
7,136955e-01
7,019244e-01
6,862048e-01
6,665747e-01
6,432234e-01
6,161389e-01
5,855999e-01
5,517133e-01
5,146476e-01
4,746542e-01
4,319740e-01
3,868738e-01
3,395688e-01
2,902604e-01
2,392961e-01
1,871064e-01
1,338960e-01
7,971144e-02
2,476439e-02
-2,853894e-02
-8,359615e-02
-1,376448e-01
-1,908155e-01
-2,430087e-01
-2,939248e-01
-3,431145e-01
-3,902387e-01
-4,352012e-01
-4,777575e-01
-5,176235e-01
-5,543983e-01
-5,881077e-01
-6,185089e-01
-6,453646e-01
-6,684629e-01
-6,878571e-01
-7,033512e-01
-7,148866e-01
-7,222516e-01
-7,255614e-01
-7,247490e-01
-7,198247e-01
-7,108143e-01
-6,977161e-01
-6,806901e-01
-6,598397e-01
-6,351821e-01
-6,069374e-01
-5,752195e-01
-5,402812e-01
-5,022533e-01
-4,613184e-01
-4,178345e-01
-3,719185e-01
-3,240076e-01
-2,740227e-01
-2,226299e-01
-1,700116e-01
-1,165276e-01
-6,206415e-02
-7,778027e-03
4,639622e-02
1,010834e-01
1,548394e-01
2,077176e-01
2,595200e-01
3,098681e-01
3,584106e-01
4,048671e-01
4,490395e-01
4,907128e-01
5,295479e-01
5,653657e-01
5,979752e-01
6,271958e-01
6,528982e-01
6,747538e-01
6,928451e-01
7,070036e-01
7,171982e-01
7,232447e-01
7,251363e-01
7,229572e-01
7,167025e-01
7,063013e-01
6,918658e-01
6,735920e-01
6,514197e-01
6,255675e-01
5,961318e-01
5,632865e-01
5,273688e-01
4,883341e-01
4,464440e-01
4,021510e-01
3,556016e-01
3,069076e-01
2,565011e-01
2,046332e-01
1,516776e-01
9,786304e-02
4,313802e-02
-1,047512e-02
-6,535333e-02
-1,197100e-01
-1,731872e-01
-2,257280e-01
-2,770967e-01
-3,269439e-01
-3,747498e-01
-4,204558e-01
-4,638537e-01
-5,046045e-01
-5,424791e-01
-5,772264e-01
-6,086689e-01
-6,367741e-01
-6,611341e-01
-6,818313e-01
-6,986369e-01
-7,114701e-01
-7,202274e-01
-7,248970e-01
-7,254650e-01
-7,219280e-01
-7,142790e-01
-7,025061e-01
-6,867762e-01
-6,671857e-01
-6,438930e-01
-6,167568e-01
-5,862023e-01
-5,522933e-01
-5,152569e-01
-4,752583e-01
-4,325575e-01
-3,874745e-01
-3,402194e-01
-2,908972e-01
-2,399157e-01
-1,876589e-01
-1,344502e-01
-8,029837e-02
-2,536852e-02
2,794169e-02
8,291456e-02
1,370544e-01
1,901856e-01
2,424149e-01
2,933206e-01
3,424931e-01
3,896002e-01
4,345971e-01
4,771258e-01
5,169402e-01
5,537288e-01
5,874536e-01
6,178428e-01
6,447122e-01
6,679069e-01
6,872874e-01
7,027178e-01
7,142549e-01
7,217111e-01
7,249435e-01
7,241414e-01
7,191999e-01
7,102342e-01
6,971274e-01
6,801187e-01
6,592597e-01
6,346037e-01
6,063092e-01
5,746291e-01
5,396977e-01
5,016199e-01
4,607591e-01
4,171718e-01
3,713367e-01
3,233622e-01
2,734633e-01
2,219965e-01
1,694815e-01
1,159234e-01
6,147034e-02
7,290933e-03
-4,700552e-02
-1,016944e-01
-1,554693e-01
-2,083303e-01
-2,601345e-01
-3,104825e-01
-3,590130e-01
-4,054574e-01
-4,496454e-01
-4,913204e-01
-5,301881e-01
-5,659905e-01
-5,985914e-01
-6,278395e-01
-6,534868e-01
-6,753717e-01
-6,934906e-01
-7,076146e-01
-7,178057e-01
-7,237524e-01
-7,257542e-01
-7,235321e-01
-7,173083e-01
-7,068762e-01
-6,924630e-01
-6,742099e-01
-6,520583e-01
-6,261803e-01
-5,967635e-01
-5,639319e-01
-5,279695e-01
-4,889486e-01
-4,470791e-01
-4,027380e-01
-3,562023e-01
-3,075479e-01
-2,571018e-01
-2,051909e-01
-1,523144e-01
-9,849644e-02
-4,373183e-02
9,876150e-03
6,469068e-02
1,191145e-01
1,725813e-01
2,251222e-01
2,764720e-01
3,263260e-01
3,741526e-01
4,197811e-01
4,632444e-01
5,039642e-01
5,418302e-01
5,765482e-01
6,080923e-01
6,361270e-01
6,605970e-01
6,812512e-01
6,979898e-01
7,109003e-01
7,196646e-01
7,243462e-01
7,248471e-01
7,213462e-01
7,136818e-01
7,019278e-01
6,861859e-01
6,666143e-01
6,431993e-01
6,161613e-01
5,855724e-01
5,517270e-01
5,146665e-01
4,747041e-01
4,319791e-01
3,868549e-01
3,396480e-01
2,903189e-01
2,392755e-01
1,871339e-01
1,338822e-01
7,973726e-02
2,479020e-02
-2,855615e-02
-8,349632e-02
-1,376396e-01
-1,907777e-01
-2,430018e-01
-2,938731e-01
-3,430542e-01
-3,902284e-01
-4,352029e-01
-4,777248e-01
-5,175736e-01
-5,544018e-01
-5,881249e-01
-6,184625e-01
-6,453577e-01
-6,684990e-01
-6,878520e-01
-7,033650e-01
-7,149262e-01
-7,222722e-01
-7,255614e-01
-7,247249e-01
-7,198453e-01
-7,108246e-01
-6,977316e-01
-6,807160e-01
-6,598466e-01
-6,352423e-01
-6,069478e-01
-5,752298e-01
-5,402863e-01
-5,022809e-01
-4,613494e-01
-4,177708e-01
-3,719305e-01
-3,239405e-01
-2,740589e-01
-2,226213e-01
-1,700477e-01
-1,165740e-01
-6,208825e-02
-7,836548e-03
4,636696e-02
1,010748e-01
1,548325e-01
2,077210e-01
2,595286e-01
3,098887e-01
3,584054e-01
4,048567e-01
4,490034e-01
4,907145e-01
5,295771e-01
5,653330e-01
5,979477e-01
6,272130e-01
6,528552e-01
6,747400e-01
6,928417e-01
7,070535e-01
7,172171e-01
7,232722e-01
7,250657e-01
7,229590e-01
7,167025e-01
7,063082e-01
6,918985e-01
6,736023e-01
6,514799e-01
6,255761e-01
5,961387e-01
5,633416e-01
5,273740e-01
4,883617e-01
4,465214e-01
4,021528e-01
3,556016e-01
3,069662e-01
2,565200e-01
2,046487e-01
1,517051e-01
9,787853e-02
4,311736e-02
-1,043381e-02
-6,527932e-02
-1,197272e-01
-1,731769e-01
-2,256850e-01
-2,770399e-01
-3,268493e-01
-3,747378e-01
-4,204593e-01
-4,638641e-01
-5,046458e-01
-5,424499e-01
-5,772092e-01
-6,087361e-01
-6,367828e-01
-6,611926e-01
-6,818364e-01
-6,986077e-01
-7,114752e-01
-7,203014e-01
-7,248402e-01
-7,254512e-01
-7,219262e-01
-7,143117e-01
-7,025922e-01
-6,868520e-01
-6,672356e-01
-6,438757e-01
-6,167637e-01
-5,861886e-01
-5,523157e-01
-5,152775e-01
-4,753065e-01
-4,325781e-01
-3,874349e-01
-3,401867e-01
-2,909178e-01
-2,398951e-01
-1,876933e-01
-1,344915e-01
-8,040336e-02
-2,539606e-02
2,791587e-02
8,295587e-02
1,370114e-01
1,902149e-01
2,423633e-01
2,932879e-01
3,425069e-01
3,895967e-01
4,345833e-01
4,771051e-01
5,168851e-01
5,537425e-01
5,874605e-01
6,178549e-01
6,446675e-01
6,678622e-01
6,872513e-01
7,027471e-01
7,142343e-01
7,217163e-01
7,249383e-01
7,241793e-01
7,192498e-01
7,102170e-01
6,970947e-01
6,801273e-01
6,592786e-01
6,346364e-01
6,063574e-01
5,746308e-01
5,397596e-01
5,016957e-01
4,607160e-01
4,172252e-01
3,713677e-01
3,234207e-01
2,734857e-01
2,220619e-01
1,694471e-01
1,159664e-01
6,145829e-02
7,247903e-03
-4,696077e-02
-1,017168e-01
-1,554728e-01
-2,082649e-01
-2,600932e-01
-3,104412e-01
-3,589631e-01
-4,054213e-01
-4,496402e-01
-4,913359e-01
-5,301950e-01
-5,659698e-01
-5,986327e-01
-6,277827e-01
-6,534610e-01
-6,753923e-01
-6,934493e-01
-7,076456e-01
-7,178247e-01
-7,237903e-01
-7,257094e-01
-7,235338e-01
-7,173393e-01
-7,068952e-01
-6,924923e-01
-6,741806e-01
-6,520565e-01
-6,262353e-01
-5,967515e-01
-5,639509e-01
-5,279386e-01
-4,889916e-01
-4,470705e-01
-4,028068e-01
-3,561920e-01
-3,075686e-01
-2,570622e-01
-2,052511e-01
-1,523505e-01
-9,852914e-02
-4,377313e-02
9,857217e-03
6,471994e-02
1,190870e-01
1,725882e-01
2,251256e-01
2,764599e-01
3,262658e-01
3,740734e-01
4,198052e-01
4,631704e-01
5,039900e-01
5,418664e-01
5,765809e-01
6,081061e-01
6,361339e-01
6,605833e-01
6,812082e-01
6,980104e-01
7,108401e-01
7,196388e-01
7,242843e-01
7,248557e-01
7,213256e-01
7,136680e-01
7,019399e-01
6,861824e-01
6,666126e-01
6,432337e-01
6,161871e-01
5,855689e-01
5,517064e-01
5,146803e-01
4,746714e-01
4,320015e-01
3,869186e-01
3,396359e-01
2,903567e-01
2,393340e-01
1,871133e-01
1,339218e-01
7,975103e-02
2,474545e-02
-2,849075e-02
-8,348600e-02
-1,376034e-01
-1,907501e-01
-2,429330e-01
-2,938421e-01
-3,430301e-01
-3,902112e-01
-4,352924e-01
-4,781585e-01
-5,183378e-01
-5,555154e-01
-5,896413e-01
-6,204263e-01
-6,478052e-01
-6,713992e-01
-6,912530e-01
-7,071826e-01
-7,192446e-01
-7,271036e-01
-7,307525e-01
-7,303446e-01
-7,258351e-01
-7,171448e-01
-7,043168e-01
-6,875663e-01
-6,668346e-01
-6,423112e-01
-6,140528e-01
-5,823348e-01
-5,472743e-01
-5,090486e-01
-4,678262e-01
-4,239481e-01
-3,776930e-01
-3,291436e-01
-2,785632e-01
-2,264303e-01
-1,730667e-01
-1,186980e-01
-6,321906e-02
-7,955309e-03
4,735836e-02
1,031677e-01
1,581079e-01
2,121875e-01
2,652550e-01
3,169594e-01
3,667377e-01
4,145470e-01
4,599862e-01
5,029676e-01
5,430850e-01
5,801420e-01
6,138962e-01
6,443233e-01
6,710429e-01
6,939432e-01
7,129262e-01
7,279383e-01
7,387680e-01
7,454256e-01
7,478266e-01
7,460125e-01
7,399556e-01
7,296458e-01
7,151259e-01
6,966214e-01
6,741014e-01
6,477381e-01
6,175864e-01
5,838994e-01
5,469387e-01
5,067525e-01
4,635784e-01
4,178104e-01
3,697136e-01
3,192537e-01
2,669796e-01
2,131255e-01
1,581440e-01
1,021471e-01
4,514836e-02
-1,083657e-02
-6,803838e-02
-1,249820e-01
-1,808964e-01
-2,359398e-01
-2,898335e-01
-3,421024e-01
-3,924195e-01
-4,404921e-01
-4,862257e-01
-5,292277e-01
-5,692779e-01
-6,060682e-01
-6,394764e-01
-6,693888e-01
-6,954149e-01
-7,174735e-01
-7,355890e-01
-7,495117e-01
-7,591468e-01
-7,644429e-01
-7,654825e-01
-7,621692e-01
-7,545444e-01
-7,425150e-01
-7,262688e-01
-7,059365e-01
-6,815697e-01
-6,532441e-01
-6,211854e-01
-5,856275e-01
-5,467029e-01
-5,044857e-01
-4,594699e-01
-4,118396e-01
-3,617308e-01
-3,094843e-01
-2,553961e-01
-1,998793e-01
-1,433057e-01
-8,564436e-02
-2,704840e-02
2,995547e-02
8,872184e-02
1,465140e-01
2,034163e-01
2,593169e-01
3,139886e-01
3,667807e-01
4,175092e-01
4,658933e-01
5,118025e-01
5,548045e-01
5,946172e-01
6,311046e-01
6,641461e-01
6,933580e-01
7,186388e-01
7,398730e-01
7,570005e-01
7,697459e-01
7,781848e-01
7,821350e-01
7,816892e-01
7,768440e-01
7,675118e-01
7,537785e-01
7,357456e-01
7,135647e-01
6,872840e-01
6,570342e-01
6,230116e-01
5,854932e-01
5,444929e-01
5,003996e-01
4,533425e-01
4,037449e-01
3,518219e-01
2,977630e-01
2,419106e-01
1,848275e-01
1,265689e-01
6,727589e-02
8,058580e-03
-5,120348e-02
-1,109044e-01
-1,697483e-01
-2,275766e-01
-2,843636e-01
-3,396205e-01
-3,929100e-01
-4,439982e-01
-4,926009e-01
-5,386185e-01
-5,814811e-01
-6,210821e-01
-6,572321e-01
-6,897109e-01
-7,182653e-01
-7,427233e-01
-7,629765e-01
-7,789818e-01
-7,906015e-01
-7,976170e-01
-8,002091e-01
-7,981695e-01
-7,917237e-01
-7,806203e-01
-7,651090e-01
-7,452638e-01
-7,212068e-01
-6,929295e-01
-6,607554e-01
-6,247517e-01
-5,851851e-01
-5,421882e-01
-4,960330e-01
-4,471204e-01
-3,956071e-01
-3,417771e-01
-2,858180e-01
-2,282857e-01
-1,695211e-01
-1,096566e-01
-4,872670e-02
1,118081e-02
7,244116e-02
1,331043e-01
1,928603e-01
2,516060e-01
3,092157e-01
3,650010e-01
4,187174e-01
4,701498e-01
5,189299e-01
5,649233e-01
6,076225e-01
6,468551e-01
6,825852e-01
7,144529e-01
7,422483e-01
7,658233e-01
7,851195e-01
7,999871e-01
8,102402e-01
8,159046e-01
8,169717e-01
8,134192e-01
8,052040e-01
7,923915e-01
7,749714e-01
7,533017e-01
7,272361e-01
6,970328e-01
6,627726e-01
6,247362e-01
5,831937e-01
5,381985e-01
4,900381e-01
4,391324e-01
3,857241e-01
3,299612e-01
2,722292e-01
2,130481e-01
1,526449e-01
9,107125e-02
2,856992e-02
-3,237202e-02
-9,507472e-02
-1,567602e-01
-2,174560e-01
-2,771381e-01
-3,353949e-01
-3,917172e-01
-4,457916e-01
-4,974220e-01
-5,463569e-01
-5,922093e-01
-6,346296e-01
-6,735868e-01
-7,087076e-01
-7,398747e-01
-7,668595e-01
-7,894620e-01
-8,076205e-01
-8,212557e-01
-8,301474e-01
-8,343281e-01
-8,337894e-01
-8,286017e-01
-8,186240e-01
-8,039303e-01
-7,847460e-01
-7,610642e-01
-7,331053e-01
-7,007454e-01
-6,644852e-01
-6,243971e-01
-5,808064e-01
-5,337441e-01
-4,836215e-01
-4,307829e-01
-3,754090e-01
-3,177563e-01
-2,581844e-01
-1,973388e-01
-1,353160e-01
-7,209176e-02
-9,003510e-03
5,423793e-02
1,179475e-01
1,805625e-01
2,421516e-01
3,025892e-01
3,615191e-01
4,182802e-01
4,726817e-01
5,244136e-01
5,734122e-01
6,190769e-01
6,612373e-01
6,996696e-01
7,342775e-01
7,646512e-01
7,906875e-01
8,122195e-01
8,292919e-01
8,415967e-01
8,491131e-01
8,517654e-01
8,496484e-01
8,427258e-01
8,309202e-01
8,143762e-01
7,931918e-01
7,675066e-01
7,374410e-01
7,031172e-01
6,647778e-01
6,226811e-01
5,769699e-01
5,277819e-01
4,757230e-01
4,208930e-01
3,635828e-01
3,039902e-01
2,427781e-01
1,802492e-01
1,165413e-01
5,165443e-02
-1,218598e-02
-7,733449e-02
-1,419804e-01
-2,055334e-01
-2,681036e-01
-3,292951e-01
-3,887017e-01
-4,458450e-01
-5,004409e-01
-5,523776e-01
-6,012506e-01
-6,466864e-01
-6,884441e-01
-7,263996e-01
-7,602742e-01
-7,897908e-01
-8,148202e-01
-8,352765e-01
-8,510856e-01
-8,619411e-01
-8,679669e-01
-8,690857e-01
-8,652991e-01
-8,565366e-01
-8,428187e-01
-8,243625e-01
-8,012590e-01
-7,735359e-01
-7,413825e-01
-7,049399e-01
-6,645299e-01
-6,203024e-01
-5,724191e-01
-5,212294e-01
-4,671532e-01
-4,103043e-01
-3,510508e-01
-2,896132e-01
-2,267366e-01
-1,625313e-01
-9,711949e-02
-3,068009e-02
3,421885e-02
1,008252e-01
1,663747e-01
2,309260e-01
2,942518e-01
3,561421e-01
4,160117e-01
4,734528e-01
5,282794e-01
5,803004e-01
6,289548e-01
6,740687e-01
7,153685e-01
7,527096e-01
7,858252e-01
8,144295e-01
8,384004e-01
8,577655e-01
8,721408e-01
8,816400e-01
8,860480e-01
8,854576e-01
8,799343e-01
8,693043e-01
8,537293e-01
8,332472e-01
8,081266e-01
7,782657e-01
7,439987e-01
7,055096e-01
6,629912e-01
6,165571e-01
5,665895e-01
5,133533e-01
4,572530e-01
3,984230e-01
3,372332e-01
2,740795e-01
2,094525e-01
1,435897e-01
7,643947e-02
9,351189e-03
-5,779389e-02
-1,253521e-01
-1,918517e-01
-2,572446e-01
-3,214379e-01
-3,838755e-01
-4,440928e-01
-5,018093e-01
-5,567942e-01
-6,086569e-01
-6,571512e-01
-7,018504e-01
-7,426579e-01
-7,793157e-01
-8,115104e-01
-8,391061e-01
-8,620288e-01
-8,800445e-01
-8,930928e-01
-9,010154e-01
-9,038261e-01
-9,015162e-01
-8,941289e-01
-8,816073e-01
-8,640168e-01
-8,415812e-01
-8,143056e-01
-7,824551e-01
-7,459333e-01
-7,052583e-01
-6,605712e-01
-6,120201e-01
-5,599422e-01
-5,046750e-01
-4,465008e-01
-3,857310e-01
-3,225859e-01
-2,575957e-01
-1,912889e-01
-1,237393e-01
-5,497287e-02
1,284347e-02
8,194726e-02
1,504366e-01
2,177848e-01
2,841106e-01
3,489785e-01
4,119652e-01
4,725767e-01
5,304291e-01
5,854037e-01
6,372475e-01
6,852926e-01
7,295545e-01
7,697665e-01
8,056532e-01
8,369460e-01
8,634919e-01
8,851581e-01
9,018966e-01
9,134509e-01
9,197694e-01
9,208623e-01
9,168158e-01
9,075593e-01
8,930153e-01
8,734059e-01
8,489134e-01
8,195311e-01
7,854448e-01
7,468249e-01
7,039898e-01
6,570841e-01
6,063677e-01
5,521866e-01
4,948299e-01
4,346676e-01
3,718754e-01
3,068285e-01
2,401774e-01
1,721648e-01
1,028751e-01
3,252864e-02
-3,636000e-02
-1,068855e-01
-1,763249e-01
-2,446008e-01
-3,117459e-01
-3,772851e-01
-4,406333e-01
-5,014478e-01
-5,594569e-01
-6,145485e-01
-6,660532e-01
-7,138091e-01
-7,574842e-01
-7,970129e-01
-8,320217e-01
-8,622750e-01
-8,875936e-01
-9,080671e-01
-9,233219e-01
-9,332635e-01
-9,379554e-01
-9,373203e-01
-9,314562e-01
-9,201842e-01
-9,036230e-01
-8,819929e-01
-8,553988e-01
-8,237790e-01
-7,874431e-01
-7,466528e-01
-7,016473e-01
-6,525402e-01
-5,996585e-01
-5,433328e-01
-4,839193e-01
-4,217088e-01
-3,568977e-01
-2,900297e-01
-2,216557e-01
-1,519512e-01
-8,094897e-02
-9,917458e-03
6,117602e-02
1,326396e-01
2,029327e-01
2,721277e-01
3,400370e-01
4,061080e-01
4,697918e-01
5,308095e-01
5,889390e-01
6,437983e-01
6,950775e-01
7,423205e-01
7,854620e-01
8,241817e-01
8,582818e-01
8,874335e-01
9,116110e-01
9,306576e-01
9,444598e-01
9,528282e-01
9,557077e-01
9,532825e-01
9,454821e-01
9,322187e-01
9,136282e-01
8,897692e-01
8,609806e-01
8,272059e-01
7,886858e-01
7,456717e-01
6,984218e-01
6,471219e-01
5,920182e-01
5,335548e-01
4,721103e-01
4,077896e-01
3,410852e-01
2,724513e-01
2,023079e-01
1,309132e-01
5,823107e-02
-1,354571e-02
-8,658585e-02
-1,589805e-01
-2,302238e-01
-3,002398e-01
-3,688031e-01
-4,353217e-01
-4,992946e-01
-5,604483e-01
-6,185881e-01
-6,732873e-01
-7,241431e-01
-7,708319e-01
-8,132763e-01
-8,511716e-01
-8,841702e-01
-9,121394e-01
-9,350483e-01
-9,526664e-01
-9,648368e-01
-9,714720e-01
-9,726751e-01
-9,683584e-01
-9,585012e-01
-9,431654e-01
-9,224562e-01
-8,965764e-01
-8,655160e-01
-8,294985e-01
-7,886651e-01
-7,433808e-01
-6,939019e-01
-6,402991e-01
-5,830457e-01
-5,224996e-01
-4,589277e-01
-3,926054e-01
-3,239508e-01
-2,535888e-01
-1,817535e-01
-1,085774e-01
-3,426015e-02
3,854074e-02
1,130559e-01
1,862733e-01
2,584099e-01
3,292331e-01
3,983662e-01
4,652427e-01
5,294136e-01
5,906998e-01
6,487622e-01
7,031550e-01
7,534618e-01
7,996067e-01
8,412731e-01
8,782217e-01
9,101428e-01
9,369020e-01
9,584444e-01
9,746424e-01
9,851107e-01
9,900092e-01
9,893276e-01
9,830487e-01
9,711433e-01
9,537163e-01
9,308004e-01
9,027039e-01
8,693542e-01
8,310252e-01
7,879835e-01
7,404341e-01
6,886454e-01
6,328154e-01
5,734088e-01
5,107474e-01
4,451273e-01
3,767515e-01
3,062088e-01
2,340465e-01
1,605675e-01
8,563920e-02
1,069199e-02
-6,438603e-02
-1,397739e-01
-2,139207e-01
-2,868972e-01
-3,584949e-01
-4,281564e-01
-4,953393e-01
-5,596410e-01
-6,209547e-01
-6,788158e-01
-7,328472e-01
-7,826616e-01
-8,280768e-01
-8,689360e-01
-9,047985e-01
-9,355509e-01
-9,610606e-01
-9,810452e-01
-9,955841e-01
-1,004326e+00
-1,007428e+00
-1,004868e+00
-9,965015e-01
-9,825891e-01
-9,629418e-01
-9,378435e-01
-9,074939e-01
-8,718568e-01
-8,311422e-01
-7,858183e-01
-7,359969e-01
-6,818829e-01
-6,238119e-01
-5,621970e-01
-4,974134e-01
-4,296814e-01
-3,593487e-01
-2,869419e-01
-2,130808e-01
-1,378479e-01
-6,118118e-02
1,446827e-02
9,149294e-02
1,677396e-01
2,427970e-01
3,165721e-01
3,888136e-01
4,588554e-01
5,262638e-01
5,907256e-01
6,519378e-01
7,095527e-01
7,630539e-01
8,122522e-01
8,569428e-01
8,968914e-01
9,316645e-01
9,611346e-01
9,852294e-01
1,003718e+00
1,016603e+00
1,023571e+00
1,024751e+00
1,020228e+00
1,009863e+00
9,936959e-01
9,718352e-01
9,445080e-01
9,118020e-01
8,738327e-01
8,308961e-01
7,832520e-01
7,310124e-01
6,745868e-01
6,142542e-01
5,505463e-01
4,835992e-01
4,137862e-01
3,414483e-01
2,673428e-01
1,917329e-01
1,147083e-01
3,642540e-02
-4,031872e-02
-1,187324e-01
-1,959016e-01
-2,717748e-01
-3,463658e-01
-4,191477e-01
-4,895390e-01
-5,570954e-01
-6,214556e-01
-6,822908e-01
-7,392138e-01
-7,918648e-01
-8,399461e-01
-8,834077e-01
-9,217625e-01
-9,548299e-01
-9,825461e-01
-1,004736e+00
-1,021113e+00
-1,031724e+00
-1,036402e+00
-1,035266e+00
-1,028319e+00
-1,015441e+00
-9,967269e-01
-9,724238e-01
-9,426611e-01
-9,074956e-01
-8,670805e-01
-8,218048e-01
-7,719318e-01
-7,175923e-01
-6,591031e-01
-5,969322e-01
-5,315100e-01
-4,629088e-01
-3,916226e-01
-3,181143e-01
-2,430001e-01
-1,665365e-01
-8,866160e-02
-1,079010e-02
6,717778e-02
1,452696e-01
2,220981e-01
2,976563e-01
3,716259e-01
4,436230e-01
5,129419e-01
5,793210e-01
6,424454e-01
7,019795e-01
7,575444e-01
8,086360e-01
8,552921e-01
8,970532e-01
9,337592e-01
9,649986e-01
9,909283e-01
1,011188e+00
1,025712e+00
1,034297e+00
1,037071e+00
1,033987e+00
1,025035e+00
1,010192e+00
9,895651e-01
9,634978e-01
9,318986e-01
8,949327e-01
8,528739e-01
8,060370e-01
7,546700e-01
6,989416e-01
6,391597e-01
5,757943e-01
5,093429e-01
4,398174e-01
3,677343e-01
2,936201e-01
2,180946e-01
1,411164e-01
6,286278e-02
-1,441663e-02
-9,296800e-02
-1,706984e-01
-2,470914e-01
-3,221436e-01
-3,955796e-01
-4,666816e-01
-5,350780e-01
-6,004296e-01
-6,623871e-01
-7,206853e-01
-7,747924e-01
-8,243573e-01
-8,694231e-01
-9,095507e-01
-9,444322e-01
-9,739006e-01
-9,979300e-01
-1,016300e+00
-1,028836e+00
-1,035522e+00
-1,036309e+00
-1,031333e+00
-1,020331e+00
-1,003610e+00
-9,811278e-01
-9,532068e-01
-9,198090e-01
-8,811185e-01
-8,374039e-01
-7,890765e-01
-7,361983e-01
-6,790757e-01
-6,180597e-01
-5,536720e-01
-4,861104e-01
-4,157071e-01
-3,428528e-01
-2,682344e-01
-1,921787e-01
-1,147995e-01
-3,622747e-02
