4.991090e-01
1.109897e+00
1.119204e+00
5.219607e-01
-3.581450e-01
-1.043755e+00
-1.163525e+00
-6.525066e-01
2.122978e-01
9.618828e-01
1.190223e+00
7.735209e-01
-6.244079e-02
-8.641910e-01
-1.197412e+00
-8.814571e-01
-8.761819e-02
7.536142e-01
1.186420e+00
9.762381e-01
2.369450e-01
-6.305296e-01
-1.156029e+00
-1.054781e+00
-3.816872e-01
4.982788e-01
1.108089e+00
1.117425e+00
5.211364e-01
-3.574885e-01
-1.042037e+00
-1.161643e+00
-6.514907e-01
2.118983e-01
9.602878e-01
1.188276e+00
7.722823e-01
-6.224772e-02
-8.627415e-01
-1.195434e+00
-8.800210e-01
-8.750829e-02
7.523206e-01
1.184431e+00
9.746148e-01
2.366138e-01
-6.294009e-01
-1.154070e+00
-1.053024e+00
-3.810902e-01
4.973655e-01
1.106230e+00
1.115551e+00
5.202899e-01
-3.568321e-01
-1.040244e+00
-1.159687e+00
-6.503888e-01
2.114929e-01
9.585992e-01
1.186256e+00
7.709798e-01
-6.212000e-02
-8.611970e-01
-1.193366e+00
-8.785463e-01
-8.738206e-02
7.509885e-01
1.182374e+00
9.729574e-01
2.362114e-01
-6.282722e-01
-1.152070e+00
-1.051194e+00
-3.804516e-01
4.964551e-01
1.104256e+00
1.113583e+00
5.193914e-01
-3.561712e-01
-1.038394e+00
-1.157636e+00
-6.492586e-01
2.110948e-01
9.568690e-01
1.184138e+00
7.696239e-01
-6.197297e-02
-8.596168e-01
-1.191243e+00
-8.769646e-01
-8.725285e-02
7.495954e-01
1.180215e+00
9.712139e-01
2.358178e-01
-6.270975e-01
-1.149937e+00
-1.049303e+00
-3.798071e-01
4.955343e-01
1.102226e+00
1.111563e+00
5.184885e-01
-3.554866e-01
-1.036465e+00
-1.155490e+00
-6.481046e-01
2.106538e-01
9.550809e-01
1.181930e+00
7.682546e-01
-6.181110e-02
-8.580039e-01
-1.189007e+00
-8.753740e-01
-8.712661e-02
7.481756e-01
1.177994e+00
9.694273e-01
2.354049e-01
-6.258782e-01
-1.147748e+00
-1.047343e+00
-3.790957e-01
4.945600e-01
1.100087e+00
1.109457e+00
5.175647e-01
-3.547737e-01
-1.034442e+00
-1.153309e+00
-6.469195e-01
2.102156e-01
9.532141e-01
1.179644e+00
7.668021e-01
-6.165813e-02
-8.563064e-01
-1.186675e+00
-8.736810e-01
-8.704048e-02
7.466727e-01
1.175704e+00
9.675352e-01
2.350277e-01
-6.246188e-01
-1.145470e+00
-1.045300e+00
-3.784185e-01
4.935383e-01
1.097894e+00
1.107284e+00
5.165712e-01
-3.540029e-01
-1.032366e+00
-1.150998e+00
-6.456467e-01
2.097196e-01
9.512745e-01
1.177299e+00
7.652828e-01
-6.144575e-02
-8.545555e-01
-1.184294e+00
-8.719374e-01
-8.689493e-02
7.451074e-01
1.173287e+00
9.655852e-01
2.345851e-01
-6.232837e-01
-1.143131e+00
-1.043149e+00
-3.776566e-01
4.924571e-01
1.095641e+00
1.105011e+00
5.155182e-01
-3.532247e-01
-1.030190e+00
-1.148629e+00
-6.443443e-01
2.092548e-01
9.492533e-01
1.174850e+00
7.637175e-01
-6.129873e-02
-8.527288e-01
-1.181808e+00
-8.701375e-01
-8.673157e-02
7.435064e-01
1.170830e+00
9.635892e-01
2.341322e-01
-6.219545e-01
-1.140692e+00
-1.040973e+00
-3.769140e-01
4.913952e-01
1.093286e+00
1.102676e+00
5.144623e-01
-3.524317e-01
-1.027993e+00
-1.146193e+00
-6.429973e-01
2.087766e-01
9.472068e-01
1.172346e+00
7.620987e-01
-6.113091e-02
-8.508634e-01
-1.179282e+00
-8.682736e-01
-8.658603e-02
7.418817e-01
1.168273e+00
9.615175e-01
2.336480e-01
-6.205629e-01
-1.138200e+00
-1.038738e+00
-3.761150e-01
4.902814e-01
1.090889e+00
1.100282e+00
5.133677e-01
-3.516252e-01
-1.025705e+00
-1.143681e+00
-6.416191e-01
2.082761e-01
9.450860e-01
1.169739e+00
7.604784e-01
-6.096606e-02
-8.489550e-01
-1.176639e+00
-8.663934e-01
-8.643603e-02
7.401990e-01
1.165678e+00
9.594012e-01
2.331446e-01
-6.191342e-01
-1.135637e+00
-1.036438e+00
-3.753012e-01
4.891453e-01
1.088391e+00
1.097814e+00
5.122836e-01
-3.508099e-01
-1.023369e+00
-1.141098e+00
-6.402216e-01
2.077800e-01
9.429147e-01
1.167095e+00
7.587661e-01
-6.079378e-02
-8.469902e-01
-1.173955e+00
-8.644464e-01
-8.632019e-02
7.384837e-01
1.162987e+00
9.572165e-01
2.326990e-01
-6.176847e-01
-1.133004e+00
-1.034050e+00
-3.744962e-01
4.879809e-01
1.085864e+00
1.095280e+00
5.111074e-01
-3.499173e-01
-1.020969e+00
-1.138475e+00
-6.387246e-01
2.072157e-01
9.406900e-01
1.164370e+00
7.570270e-01
-6.057844e-02
-8.449749e-01
-1.171188e+00
-8.624296e-01
-8.615088e-02
7.366822e-01
1.160243e+00
9.549740e-01
2.321822e-01
-6.161506e-01
-1.130313e+00
-1.031614e+00
-3.736512e-01
4.867483e-01
1.083274e+00
1.092690e+00
5.099326e-01
-3.490515e-01
-1.018481e+00
-1.135732e+00
-6.372468e-01
2.066766e-01
9.383940e-01
1.161587e+00
7.552151e-01
-6.039131e-02
-8.428720e-01
-1.168359e+00
-8.603772e-01
-8.596227e-02
7.348689e-01
1.157442e+00
9.526943e-01
2.316401e-01
-6.146432e-01
-1.127565e+00
-1.029127e+00
-3.727616e-01
4.855409e-01
1.080598e+00
1.090030e+00
5.087059e-01
-3.481782e-01
-1.015976e+00
-1.132955e+00
-6.357172e-01
2.061419e-01
9.360817e-01
1.158734e+00
7.533884e-01
-6.019973e-02
-8.407898e-01
-1.165484e+00
-8.582520e-01
-8.578851e-02
7.330095e-01
1.154556e+00
9.503463e-01
2.311084e-01
-6.130719e-01
-1.124742e+00
-1.026591e+00
-3.718690e-01
4.843023e-01
1.077885e+00
1.087351e+00
5.074732e-01
-3.472604e-01
-1.013402e+00
-1.130142e+00
-6.341385e-01
2.055954e-01
9.336995e-01
1.155802e+00
7.515588e-01
-6.001854e-02
-8.386364e-01
-1.162530e+00
-8.561386e-01
-8.560139e-02
7.311323e-01
1.151626e+00
9.479642e-01
2.305515e-01
-6.114962e-01
-1.121855e+00
-1.023989e+00
-3.709958e-01
4.830221e-01
1.075118e+00
1.084577e+00
5.062554e-01
-3.463456e-01
-1.010800e+00
-1.127248e+00
-6.325687e-01
2.050400e-01
9.312713e-01
1.152848e+00
7.496325e-01
-5.983290e-02
-8.364458e-01
-1.159521e+00
-8.539792e-01
-8.545584e-02
7.292254e-01
1.148632e+00
9.455241e-01
2.300436e-01
-6.098922e-01
-1.118949e+00
-1.021344e+00
-3.700587e-01
4.817315e-01
1.072319e+00
1.081751e+00
5.049470e-01
-3.453520e-01
-1.008140e+00
-1.124292e+00
-6.309558e-01
2.044177e-01
9.288149e-01
1.149827e+00
7.476900e-01
-5.959380e-02
-8.342151e-01
-1.156493e+00
-8.517426e-01
-8.526129e-02
7.272264e-01
1.145581e+00
9.430677e-01
2.294585e-01
-6.081962e-01
-1.115946e+00
-1.018653e+00
-3.691037e-01
4.803993e-01
1.069440e+00
1.078887e+00
5.036490e-01
-3.444090e-01
-1.005408e+00
-1.121301e+00
-6.292791e-01
2.038266e-01
9.262932e-01
1.146746e+00
7.456955e-01
-5.939924e-02
-8.319310e-01
-1.153375e+00
-8.494659e-01
-8.505931e-02
7.252423e-01
1.142504e+00
9.405415e-01
2.288659e-01
-6.065255e-01
-1.112923e+00
-1.015915e+00
-3.681414e-01
4.790657e-01
1.066521e+00
1.075972e+00
5.022976e-01
-3.434526e-01
-1.002673e+00
-1.118254e+00
-6.276143e-01
2.032578e-01
9.237491e-01
1.143637e+00
7.437084e-01
-5.919281e-02
-8.296424e-01
-1.150211e+00
-8.471566e-01
-8.486773e-02
7.232373e-01
1.139356e+00
9.379811e-01
2.282793e-01
-6.048309e-01
-1.109858e+00
-1.013145e+00
-3.671523e-01
4.777172e-01
1.063577e+00
1.073043e+00
5.009476e-01
-3.424650e-01
-9.998799e-01
-1.115188e+00
-6.259123e-01
2.026519e-01
9.211680e-01
1.140464e+00
7.417049e-01
-5.900272e-02
-8.273167e-01
-1.147018e+00
-8.448605e-01
-8.466130e-02
7.212072e-01
1.136178e+00
9.354044e-01
2.276808e-01
-6.031126e-01
-1.106747e+00
-1.010319e+00
-3.661691e-01
4.763509e-01
1.060590e+00
1.070039e+00
4.996035e-01
-3.414610e-01
-9.970522e-01
-1.112061e+00
-6.241955e-01
2.020489e-01
9.185542e-01
1.137262e+00
7.396361e-01
-5.881559e-02
-8.249524e-01
-1.143783e+00
-8.424947e-01
-8.448605e-02
7.191384e-01
1.132952e+00
9.327876e-01
2.271045e-01
-6.013899e-01
-1.103606e+00
-1.007478e+00
-3.651963e-01
4.749652e-01
1.057559e+00
1.067000e+00
4.982209e-01
-3.404244e-01
-9.942081e-01
-1.108906e+00
-6.224253e-01
2.013791e-01
9.159091e-01
1.134012e+00
7.375451e-01
-5.856609e-02
-8.225643e-01
-1.140519e+00
-8.401111e-01
-8.427665e-02
7.170146e-01
1.129695e+00
9.301189e-01
2.264808e-01
-5.995810e-01
-1.100404e+00
-1.004613e+00
-3.641865e-01
4.735380e-01
1.054497e+00
1.063939e+00
4.968204e-01
-3.394115e-01
-9.913003e-01
-1.105692e+00
-6.206446e-01
2.007806e-01
9.132211e-01
1.130736e+00
7.354199e-01
-5.834629e-02
-8.201287e-01
-1.137214e+00
-8.376829e-01
-8.407616e-02
7.148954e-01
1.126413e+00
9.274323e-01
2.258437e-01
-5.978107e-01
-1.097191e+00
-1.001692e+00
-3.631290e-01
4.721272e-01
1.051387e+00
1.060852e+00
4.953888e-01
-3.383853e-01
-9.883716e-01
-1.102482e+00
-6.188713e-01
2.001628e-01
9.105419e-01
1.127424e+00
7.333006e-01
-5.816065e-02
-8.177124e-01
-1.133839e+00
-8.352577e-01
-8.387270e-02
7.127805e-01
1.123079e+00
9.247160e-01
2.252244e-01
-5.960107e-01
-1.093964e+00
-9.987645e-01
-3.621028e-01
4.706925e-01
1.048267e+00
1.057749e+00
4.939407e-01
-3.373427e-01
-9.854206e-01
-1.099248e+00
-6.170639e-01
1.995435e-01
9.078078e-01
1.124063e+00
7.312065e-01
-5.796164e-02
-8.152545e-01
-1.130493e+00
-8.328280e-01
-8.365438e-02
7.106405e-01
1.119749e+00
9.220056e-01
2.245932e-01
-5.942345e-01
-1.090676e+00
-9.957972e-01
-3.610499e-01
4.692623e-01
1.045127e+00
1.054598e+00
4.925195e-01
-3.363046e-01
-9.824637e-01
-1.095947e+00
-6.152788e-01
1.989094e-01
9.050618e-01
1.120719e+00
7.290189e-01
-5.774778e-02
-8.127847e-01
-1.127096e+00
-8.303449e-01
-8.346280e-02
7.084796e-01
1.116363e+00
9.192551e-01
2.239813e-01
-5.924227e-01
-1.087387e+00
-9.928151e-01
-3.600429e-01
4.678203e-01
1.041982e+00
1.051418e+00
4.910685e-01
-3.352175e-01
-9.794979e-01
-1.092638e+00
-6.134462e-01
1.982336e-01
9.023098e-01
1.117343e+00
7.268269e-01
-5.750422e-02
-8.102778e-01
-1.123670e+00
-8.278424e-01
-8.323855e-02
7.062712e-01
1.113001e+00
9.164854e-01
2.233160e-01
-5.905455e-01
-1.084073e+00
-9.898270e-01
-3.589603e-01
4.663366e-01
1.038777e+00
1.048230e+00
4.896190e-01
-3.341764e-01
-9.764802e-01
-1.089323e+00
-6.116046e-01
1.975935e-01
8.995267e-01
1.113932e+00
7.246393e-01
-5.729482e-02
-8.077739e-01
-1.120229e+00
-8.253400e-01
-8.301726e-02
7.040940e-01
1.109566e+00
9.137097e-01
2.226907e-01
-5.886965e-01
-1.080738e+00
-9.867899e-01
-3.578969e-01
4.648797e-01
1.035562e+00
1.045034e+00
4.881473e-01
-3.330997e-01
-9.734683e-01
-1.085988e+00
-6.097571e-01
1.969638e-01
8.967361e-01
1.110516e+00
7.224354e-01
-5.708838e-02
-8.052700e-01
-1.116786e+00
-8.228019e-01
-8.279004e-02
7.018856e-01
1.106162e+00
9.108939e-01
2.220328e-01
-5.868653e-01
-1.077395e+00
-9.837811e-01
-3.568172e-01
4.634095e-01
1.032352e+00
1.041829e+00
4.866547e-01
-3.320453e-01
-9.704268e-01
-1.082646e+00
-6.078962e-01
1.963282e-01
8.939292e-01
1.107081e+00
7.202493e-01
-5.688344e-02
-8.027259e-01
-1.113313e+00
-8.203114e-01
-8.257321e-02
6.996936e-01
1.102710e+00
9.081167e-01
2.213660e-01
-5.850223e-01
-1.074040e+00
-9.807484e-01
-3.557480e-01
4.619451e-01
1.029143e+00
1.038606e+00
4.852305e-01
-3.309923e-01
-9.673941e-01
-1.079293e+00
-6.060636e-01
1.956881e-01
8.911491e-01
1.103646e+00
7.180334e-01
-5.667552e-02
-8.002279e-01
-1.109848e+00
-8.177762e-01
-8.239351e-02
6.974896e-01
1.099271e+00
9.053098e-01
2.207482e-01
-5.831629e-01
-1.070682e+00
-9.777069e-01
-3.547024e-01
4.604734e-01
1.025907e+00
1.035373e+00
4.837394e-01
-3.298874e-01
-9.643407e-01
-1.075923e+00
-6.041908e-01
1.950049e-01
8.883288e-01
1.100202e+00
7.158265e-01
-5.641859e-02
-7.976809e-01
-1.106376e+00
-8.152367e-01
-8.216034e-02
6.952486e-01
1.095824e+00
9.024895e-01
2.200932e-01
-5.812797e-01
-1.067323e+00
-9.746579e-01
-3.536168e-01
4.589585e-01
1.022690e+00
1.032146e+00
4.822513e-01
-3.288166e-01
-9.613155e-01
-1.072565e+00
-6.023418e-01
1.943634e-01
8.854967e-01
1.096750e+00
7.136018e-01
-5.619879e-02
-7.951443e-01
-1.102900e+00
-8.127030e-01
-8.194203e-02
6.930432e-01
1.092384e+00
8.996782e-01
2.194324e-01
-5.794174e-01
-1.063944e+00
-9.716134e-01
-3.525416e-01
4.574882e-01
1.019460e+00
1.028899e+00
4.807587e-01
-3.277503e-01
-9.582650e-01
-1.069188e+00
-6.004483e-01
1.937203e-01
8.826913e-01
1.093317e+00
7.113622e-01
-5.600721e-02
-7.926137e-01
-1.099450e+00
-8.101709e-01
-8.169995e-02
6.908274e-01
1.088939e+00
8.968713e-01
2.187715e-01
-5.775773e-01
-1.060585e+00
-9.685867e-01
-3.514648e-01
4.560328e-01
1.016231e+00
1.025691e+00
4.792692e-01
-3.266988e-01
-9.552309e-01
-1.065834e+00
-5.986127e-01
1.930772e-01
8.799081e-01
1.089865e+00
7.092088e-01
-5.579335e-02
-7.901142e-01
-1.095983e+00
-8.076580e-01
-8.147273e-02
6.886249e-01
1.085508e+00
8.940852e-01
2.180987e-01
-5.757120e-01
-1.057225e+00
-9.655466e-01
-3.504312e-01
4.545670e-01
1.013011e+00
1.022475e+00
4.778375e-01
-3.256518e-01
-9.522072e-01
-1.062472e+00
-5.967904e-01
1.924446e-01
8.771057e-01
1.086444e+00
7.069737e-01
-5.558098e-02
-7.875969e-01
-1.092521e+00
-8.051274e-01
-8.129897e-02
6.864388e-01
1.082071e+00
8.912842e-01
2.174943e-01
-5.738764e-01
-1.053909e+00
-9.625081e-01
-3.493381e-01
4.530967e-01
1.009821e+00
1.019276e+00
4.763405e-01
-3.245350e-01
-9.491701e-01
-1.059144e+00
-5.949414e-01
1.917718e-01
8.743240e-01
1.082998e+00
7.047920e-01
-5.534781e-02
-7.850811e-01
-1.089080e+00
-8.026175e-01
-8.106283e-02
6.842349e-01
1.078676e+00
8.884892e-01
2.168571e-01
-5.720110e-01
-1.050567e+00
-9.594947e-01
-3.482867e-01
4.516042e-01
1.006643e+00
1.016065e+00
4.748776e-01
-3.234895e-01
-9.461568e-01
-1.055819e+00
-5.930538e-01
1.911302e-01
8.715320e-01
1.079621e+00
7.025836e-01
-5.514138e-02
-7.825415e-01
-1.085648e+00
-8.001270e-01
-8.084303e-02
6.820443e-01
1.075265e+00
8.857254e-01
2.161963e-01
-5.701947e-01
-1.047258e+00
-9.564873e-01
-3.472025e-01
4.501680e-01
1.003449e+00
1.012882e+00
4.734103e-01
-3.224424e-01
-9.431761e-01
-1.052495e+00
-5.912450e-01
1.905065e-01
8.687815e-01
1.076232e+00
7.004005e-01
-5.493197e-02
-7.800836e-01
-1.082256e+00
-7.976260e-01
-8.060987e-02
6.798834e-01
1.071904e+00
8.829630e-01
2.155413e-01
-5.683740e-01
-1.043948e+00
-9.535334e-01
-3.461644e-01
4.487379e-01
1.000270e+00
1.009746e+00
4.719772e-01
-3.214118e-01
-9.402088e-01
-1.049220e+00
-5.894138e-01
1.898798e-01
8.660548e-01
1.072877e+00
6.982604e-01
-5.471812e-02
-7.776272e-01
-1.078850e+00
-7.951844e-01
-8.039601e-02
6.777359e-01
1.068543e+00
8.802482e-01
2.149012e-01
-5.665680e-01
-1.040703e+00
-9.505706e-01
-3.450921e-01
4.472988e-01
9.971443e-01
1.006612e+00
4.705485e-01
-3.203840e-01
-9.372490e-01
-1.045957e+00
-5.876643e-01
1.892679e-01
8.633281e-01
1.069513e+00
6.961337e-01
-5.452505e-02
-7.751857e-01
-1.075498e+00
-7.927191e-01
-8.021928e-02
6.756211e-01
1.065214e+00
8.775156e-01
2.143131e-01
-5.647889e-01
-1.037449e+00
-9.476330e-01
-3.440927e-01
4.458775e-01
9.940522e-01
1.003490e+00
4.691168e-01
-3.193073e-01
-9.343411e-01
-1.042738e+00
-5.858198e-01
1.886159e-01
8.606341e-01
1.066231e+00
6.939951e-01
-5.427406e-02
-7.727649e-01
-1.072179e+00
-7.902969e-01
-7.998314e-02
6.734855e-01
1.061905e+00
8.748290e-01
2.136864e-01
-5.629874e-01
-1.034228e+00
-9.447147e-01
-3.430560e-01
4.444429e-01
9.909824e-01
1.000412e+00
4.677000e-01
-3.182930e-01
-9.314228e-01
-1.039522e+00
-5.840614e-01
1.879966e-01
8.579475e-01
1.062946e+00
6.918773e-01
-5.408545e-02
-7.703486e-01
-1.068882e+00
-7.878746e-01
-7.977077e-02
6.713707e-01
1.058655e+00
8.721661e-01
2.130597e-01
-5.612439e-01
-1.031036e+00
-9.418395e-01
-3.420536e-01
4.430572e-01
9.879201e-01
9.973507e-01
4.663203e-01
-3.172979e-01
-9.285624e-01
-1.036346e+00
-5.823045e-01
1.873937e-01
8.553188e-01
1.059719e+00
6.897699e-01
-5.388347e-02
-7.679694e-01
-1.065618e+00
-7.855162e-01
-7.956731e-02
6.693093e-01
1.055409e+00
8.695315e-01
2.124315e-01
-5.594959e-01
-1.027906e+00
-9.390118e-01
-3.410199e-01
4.416850e-01
9.848860e-01
9.943685e-01
4.649035e-01
-3.163178e-01
-9.257333e-01
-1.033224e+00
-5.805713e-01
1.867907e-01
8.527005e-01
1.056500e+00
6.877472e-01
-5.368892e-02
-7.656318e-01
-1.062382e+00
-7.831816e-01
-7.937127e-02
6.672643e-01
1.052235e+00
8.669444e-01
2.118122e-01
-5.577880e-01
-1.024808e+00
-9.361930e-01
-3.400605e-01
4.403157e-01
9.819217e-01
9.913909e-01
4.635847e-01
-3.153376e-01
-9.229353e-01
-1.030144e+00
-5.788827e-01
1.862085e-01
8.501328e-01
1.053342e+00
6.857066e-01
-5.349734e-02
-7.633091e-01
-1.059220e+00
-7.808678e-01
-7.919305e-02
6.652698e-01
1.049096e+00
8.643811e-01
2.112597e-01
-5.560934e-01
-1.021738e+00
-9.334248e-01
-3.390759e-01
4.389895e-01
9.789871e-01
9.884444e-01
4.622332e-01
-3.143247e-01
-9.201878e-01
-1.027084e+00
-5.771793e-01
1.855729e-01
8.475932e-01
1.050244e+00
6.837047e-01
-5.328497e-02
-7.610354e-01
-1.056080e+00
-7.785941e-01
-7.896880e-02
6.632396e-01
1.045987e+00
8.618549e-01
2.106745e-01
-5.543989e-01
-1.018714e+00
-9.306832e-01
-3.381165e-01
4.376439e-01
9.761059e-01
9.855498e-01
4.609130e-01
-3.133742e-01
-9.174507e-01
-1.024083e+00
-5.755100e-01
1.849952e-01
8.450744e-01
1.047162e+00
6.817250e-01
-5.308447e-02
-7.587468e-01
-1.053016e+00
-7.763114e-01
-7.877276e-02
6.612629e-01
1.042940e+00
8.593673e-01
2.100820e-01
-5.527563e-01
-1.015735e+00
-9.280040e-01
-3.371378e-01
4.363445e-01
9.732604e-01
9.827029e-01
4.596060e-01
-3.124341e-01
-9.147641e-01
-1.021116e+00
-5.738719e-01
1.844338e-01
8.426180e-01
1.044134e+00
6.798092e-01
-5.289883e-02
-7.565547e-01
-1.049970e+00
-7.741001e-01
-7.858266e-02
6.593619e-01
1.039944e+00
8.569109e-01
2.095072e-01
-5.511554e-01
-1.012814e+00
-9.253798e-01
-3.362096e-01
4.350628e-01
9.704535e-01
9.799271e-01
4.583155e-01
-3.115267e-01
-9.121443e-01
-1.018233e+00
-5.722561e-01
1.838843e-01
8.401972e-01
1.041192e+00
6.778874e-01
-5.271765e-02
-7.543864e-01
-1.046991e+00
-7.719585e-01
-7.839851e-02
6.574728e-01
1.036989e+00
8.545391e-01
2.089399e-01
-5.495663e-01
-1.009953e+00
-9.227645e-01
-3.353259e-01
4.338064e-01
9.677179e-01
9.771871e-01
4.570887e-01
-3.106193e-01
-9.095780e-01
-1.015383e+00
-5.706937e-01
1.833318e-01
8.378359e-01
1.038290e+00
6.760503e-01
-5.255131e-02
-7.522597e-01
-1.044068e+00
-7.698214e-01
-7.823514e-02
6.556238e-01
1.034114e+00
8.521793e-01
2.084335e-01
-5.480188e-01
-1.007130e+00
-9.202324e-01
-3.344319e-01
4.325871e-01
9.650387e-01
9.744901e-01
4.558650e-01
-3.096792e-01
-9.070518e-01
-1.012594e+00
-5.691566e-01
1.827853e-01
8.355324e-01
1.035432e+00
6.742221e-01
-5.233151e-02
-7.501776e-01
-1.041221e+00
-7.677392e-01
-7.805544e-02
6.537882e-01
1.031289e+00
8.498654e-01
2.078855e-01
-5.464742e-01
-1.004405e+00
-9.177403e-01
-3.335661e-01
4.313693e-01
9.624071e-01
9.718599e-01
4.546457e-01
-3.088268e-01
-9.045746e-01
-1.009864e+00
-5.676433e-01
1.822477e-01
8.332260e-01
1.032651e+00
6.724251e-01
-5.215924e-02
-7.481133e-01
-1.038429e+00
-7.656809e-01
-7.787129e-02
6.520001e-01
1.028504e+00
8.476095e-01
2.073731e-01
-5.449861e-01
-1.001718e+00
-9.153032e-01
-3.326987e-01
4.301916e-01
9.598244e-01
9.693055e-01
4.534650e-01
-3.079698e-01
-9.021583e-01
-1.007194e+00
-5.661893e-01
1.817487e-01
8.310117e-01
1.029931e+00
6.706786e-01
-5.199439e-02
-7.461276e-01
-1.035692e+00
-7.637027e-01
-7.771238e-02
6.502729e-01
1.025809e+00
8.454056e-01
2.068607e-01
-5.435322e-01
-9.990838e-01
-9.129567e-01
-3.318507e-01
4.290436e-01
9.573220e-01
9.668120e-01
4.523037e-01
-3.071352e-01
-8.998118e-01
-1.004609e+00
-5.647428e-01
1.812437e-01
8.288419e-01
1.027283e+00
6.690138e-01
-5.183102e-02
-7.442014e-01
-1.033032e+00
-7.617943e-01
-7.752525e-02
6.485680e-01
1.023208e+00
8.432863e-01
2.063439e-01
-5.421139e-01
-9.965116e-01
-9.106518e-01
-3.310889e-01
4.279253e-01
9.548715e-01
9.643734e-01
4.512225e-01
-3.063481e-01
-8.975114e-01
-1.002079e+00
-5.633602e-01
1.807611e-01
8.267331e-01
1.024711e+00
6.673400e-01
-5.168400e-02
-7.422901e-01
-1.030430e+00
-7.599126e-01
-7.740496e-02
6.469373e-01
1.020632e+00
8.412071e-01
2.059088e-01
-5.407491e-01
-9.940522e-01
-9.083988e-01
-3.302795e-01
4.268411e-01
9.525042e-01
9.619912e-01
4.501250e-01
-3.055253e-01
-8.952896e-01
-9.996155e-01
-5.620013e-01
1.802472e-01
8.246999e-01
1.022200e+00
6.657301e-01
-5.147014e-02
-7.404723e-01
-1.027932e+00
-7.580651e-01
-7.724753e-02
6.453111e-01
1.018171e+00
8.391784e-01
2.054320e-01
-5.393723e-01
-9.916181e-01
-9.062231e-01
-3.295087e-01
4.257525e-01
9.501948e-01
9.596967e-01
4.490794e-01
-3.047605e-01
-8.931035e-01
-9.972230e-01
-5.606780e-01
1.797987e-01
8.226935e-01
1.019773e+00
6.641619e-01
-5.134539e-02
-7.386589e-01
-1.025486e+00
-7.562978e-01
-7.708417e-02
6.437636e-01
1.015741e+00
8.372181e-01
2.049880e-01
-5.380937e-01
-9.892983e-01
-9.041053e-01
-3.287735e-01
4.247307e-01
9.479582e-01
9.574660e-01
4.480354e-01
-3.040224e-01
-8.910139e-01
-9.949284e-01
-5.594171e-01
1.793502e-01
8.207688e-01
1.017413e+00
6.626648e-01
-5.118054e-02
-7.369540e-01
-1.023130e+00
-7.545721e-01
-7.695051e-02
6.422666e-01
1.013396e+00
8.353245e-01
2.045424e-01
-5.368313e-01
-9.870201e-01
-9.020766e-01
-3.280458e-01
4.237387e-01
9.458063e-01
9.553185e-01
4.470745e-01
-3.032991e-01
-8.889882e-01
-9.926978e-01
-5.581860e-01
1.789240e-01
8.189109e-01
1.015144e+00
6.612287e-01
-5.102311e-02
-7.352788e-01
-1.020841e+00
-7.529563e-01
-7.679011e-02
6.408186e-01
1.011167e+00
8.335156e-01
2.041043e-01
-5.356224e-01
-9.848414e-01
-9.001089e-01
-3.273849e-01
4.227852e-01
9.437152e-01
9.532319e-01
4.461701e-01
-3.026204e-01
-8.870635e-01
-9.905310e-01
-5.570201e-01
1.784962e-01
8.171332e-01
1.012956e+00
6.598164e-01
-5.089391e-02
-7.336704e-01
-1.018652e+00
-7.513612e-01
-7.670398e-02
6.394226e-01
1.009003e+00
8.317602e-01
2.037316e-01
-5.344521e-01
-9.827415e-01
-8.982123e-01
-3.267152e-01
4.218585e-01
9.416955e-01
9.512463e-01
4.452627e-01
-3.019179e-01
-8.851640e-01
-9.884726e-01
-5.558751e-01
1.780685e-01
8.154149e-01
1.010839e+00
6.584693e-01
-5.071866e-02
-7.321347e-01
-1.016522e+00
-7.498301e-01
-7.657180e-02
6.380652e-01
1.006922e+00
8.300642e-01
2.033454e-01
-5.332818e-01
-9.807321e-01
-8.963841e-01
-3.260736e-01
4.209347e-01
9.397841e-01
9.493320e-01
4.443686e-01
-3.012853e-01
-8.833536e-01
-9.864914e-01
-5.547999e-01
1.776824e-01
8.137382e-01
1.008826e+00
6.571728e-01
-5.059688e-02
-7.306333e-01
-1.014519e+00
-7.483390e-01
-7.645150e-02
6.367865e-01
1.004931e+00
8.284306e-01
2.029742e-01
-5.322363e-01
-9.787895e-01
-8.946451e-01
-3.254587e-01
4.200734e-01
9.379351e-01
9.475038e-01
4.435191e-01
-3.006675e-01
-8.816338e-01
-9.845994e-01
-5.537395e-01
1.773260e-01
8.121520e-01
1.006907e+00
6.559402e-01
-5.047956e-02
-7.292061e-01
-1.012596e+00
-7.469459e-01
-7.632081e-02
6.355508e-01
1.003018e+00
8.269113e-01
2.026266e-01
-5.312027e-01
-9.769242e-01
-8.930010e-01
-3.248855e-01
4.192981e-01
9.361856e-01
9.457543e-01
4.427424e-01
-3.000794e-01
-8.799764e-01
-9.827741e-01
-5.527504e-01
1.769562e-01
8.106536e-01
1.005064e+00
6.547922e-01
-5.034441e-02
-7.278457e-01
-1.010750e+00
-7.456242e-01
-7.621240e-02
6.343716e-01
1.001222e+00
8.254469e-01
2.022895e-01
-5.302180e-01
-9.751807e-01
-8.914312e-01
-3.243761e-01
4.185170e-01
9.345000e-01
9.440791e-01
4.420132e-01
-2.995284e-01
-8.784156e-01
-9.810558e-01
-5.518460e-01
1.766176e-01
8.092115e-01
1.003318e+00
6.536650e-01
-5.021966e-02
-7.265848e-01
-1.009007e+00
-7.443529e-01
-7.615299e-02
6.332563e-01
9.994922e-01
8.240405e-01
2.019984e-01
-5.292928e-01
-9.735277e-01
-8.899283e-01
-3.238385e-01
4.177922e-01
9.329183e-01
9.425123e-01
4.412988e-01
-2.989685e-01
-8.769260e-01
-9.794430e-01
-5.509415e-01
1.762686e-01
8.078511e-01
1.001653e+00
6.526387e-01
-5.006966e-02
-7.253774e-01
-1.007347e+00
-7.431752e-01
-7.607428e-02
6.321989e-01
9.978705e-01
8.227277e-01
2.017103e-01
-5.283898e-01
-9.719579e-01
-8.885070e-01
-3.233632e-01
4.170511e-01
9.314213e-01
9.410286e-01
4.406157e-01
-2.984739e-01
-8.755181e-01
-9.779192e-01
-5.500905e-01
1.759656e-01
8.065501e-01
1.000101e+00
6.516481e-01
-4.998649e-02
-7.242116e-01
-1.005789e+00
-7.420539e-01
-7.597032e-02
6.312009e-01
9.963408e-01
8.214965e-01
2.014415e-01
-5.275596e-01
-9.704416e-01
-8.871838e-01
-3.228939e-01
4.163932e-01
9.300134e-01
9.396237e-01
4.399964e-01
-2.979898e-01
-8.742112e-01
-9.764668e-01
-5.492960e-01
1.756671e-01
8.053472e-01
9.986472e-01
6.507110e-01
-4.987065e-02
-7.231408e-01
-1.004338e+00
-7.409980e-01
-7.586636e-02
6.302667e-01
9.948972e-01
8.203425e-01
2.011727e-01
-5.267785e-01
-9.690545e-01
-8.859719e-01
-3.224736e-01
4.157992e-01
9.286857e-01
9.383287e-01
4.394127e-01
-2.975561e-01
-8.729904e-01
-9.751346e-01
-5.485742e-01
1.753908e-01
8.042408e-01
9.972913e-01
6.498422e-01
-4.977412e-02
-7.221458e-01
-1.002976e+00
-7.400252e-01
-7.581290e-02
6.293875e-01
9.935666e-01
8.192866e-01
2.009366e-01
-5.260686e-01
-9.677936e-01
-8.848120e-01
-3.220994e-01
4.152259e-01
9.274545e-01
9.371287e-01
4.389122e-01
-2.971477e-01
-8.718350e-01
-9.738886e-01
-5.479297e-01
1.751592e-01
8.032012e-01
9.960185e-01
6.490670e-01
-4.964046e-02
-7.212250e-01
-1.001715e+00
-7.391401e-01
-7.579359e-02
6.285989e-01
9.923399e-01
8.182797e-01
2.007405e-01
-5.254002e-01
-9.665981e-01
-8.837531e-01
-3.217311e-01
4.146942e-01
9.263466e-01
9.360163e-01
4.383999e-01
-2.967185e-01
-8.707820e-01
-9.727361e-01
-5.473193e-01
1.748874e-01
8.022329e-01
9.948646e-01
6.483408e-01
-4.956323e-02
-7.203621e-01
-1.000556e+00
-7.382891e-01
-7.572527e-02
6.278400e-01
9.912082e-01
8.173856e-01
2.005549e-01
-5.247542e-01
-9.655110e-01
-8.827759e-01
-3.214266e-01
4.141685e-01
9.253174e-01
9.349990e-01
4.379558e-01
-2.963636e-01
-8.698137e-01
-9.716966e-01
-5.467475e-01
1.746691e-01
8.013373e-01
9.938116e-01
6.476650e-01
-4.947264e-02
-7.195483e-01
-9.995249e-01
-7.375451e-01
-7.567032e-02
6.271613e-01
9.901612e-01
8.165644e-01
2.003811e-01
-5.242003e-01
-9.644937e-01
-8.818937e-01
-3.211177e-01
4.137408e-01
9.243610e-01
9.340634e-01
4.375444e-01
-2.960517e-01
-8.689330e-01
-9.707550e-01
-5.462396e-01
1.744671e-01
8.005428e-01
9.928493e-01
6.470740e-01
-4.940581e-02
-7.188265e-01
-9.985655e-01
-7.368634e-01
-7.562577e-02
6.265509e-01
9.892567e-01
8.158337e-01
2.002252e-01
-5.236745e-01
-9.636071e-01
-8.811333e-01
-3.208519e-01
4.133294e-01
9.235175e-01
9.332763e-01
4.371791e-01
-2.957725e-01
-8.681370e-01
-9.699144e-01
-5.457747e-01
1.742859e-01
7.998433e-01
9.920057e-01
6.465660e-01
-4.932710e-02
-7.182295e-01
-9.977279e-01
-7.362961e-01
-7.559310e-02
6.260118e-01
9.884265e-01
8.151862e-01
2.000737e-01
-5.232438e-01
-9.628348e-01
-8.804220e-01
-3.206543e-01
4.129952e-01
9.227898e-01
9.325411e-01
4.368925e-01
-2.955022e-01
-8.674761e-01
-9.691703e-01
-5.454228e-01
1.741329e-01
7.992091e-01
9.912602e-01
6.461042e-01
-4.926472e-02
-7.176696e-01
-9.970002e-01
-7.357793e-01
-7.560349e-02
6.255396e-01
9.877226e-01
8.146218e-01
2.000024e-01
-5.228339e-01
-9.621487e-01
-8.798235e-01
-3.204553e-01
4.126670e-01
9.221378e-01
9.319144e-01
4.366133e-01
-2.952378e-01
-8.668776e-01
-9.685303e-01
-5.450901e-01
1.739517e-01
7.986790e-01
9.906245e-01
6.457180e-01
-4.917710e-02
-7.171914e-01
-9.963586e-01
-7.353352e-01
-7.557676e-02
6.251015e-01
9.871033e-01
8.141555e-01
1.999163e-01
-5.224731e-01
-9.615724e-01
-8.793274e-01
-3.203217e-01
4.123730e-01
9.215987e-01
9.313857e-01
4.363949e-01
-2.950581e-01
-8.663771e-01
-9.679986e-01
-5.448124e-01
1.738300e-01
7.982052e-01
9.901003e-01
6.453824e-01
-4.911027e-02
-7.167770e-01
-9.958462e-01
-7.349743e-01
-7.557082e-02
6.247584e-01
9.865909e-01
8.137590e-01
1.998494e-01
-5.221835e-01
-9.610883e-01
-8.789071e-01
-3.201628e-01
4.121457e-01
9.211309e-01
9.309594e-01
4.362301e-01
-2.948859e-01
-8.659598e-01
-9.675872e-01
-5.445926e-01
1.737305e-01
7.978517e-01
9.896726e-01
6.451240e-01
-4.905829e-02
-7.164622e-01
-9.954408e-01
-7.346966e-01
-7.557973e-02
6.244881e-01
9.862033e-01
8.134590e-01
1.997885e-01
-5.219681e-01
-9.607140e-01
-8.786175e-01
-3.200840e-01
4.119660e-01
9.207833e-01
9.306639e-01
4.361053e-01
-2.947670e-01
-8.656390e-01
-9.672768e-01
-5.444292e-01
1.736532e-01
7.975592e-01
9.893755e-01
6.449740e-01
-4.901373e-02
-7.161993e-01
-9.951156e-01
-7.345392e-01
-7.557973e-02
6.242802e-01
9.859092e-01
8.132733e-01
1.997782e-01
-5.218062e-01
-9.604586e-01
-8.783888e-01
-3.200573e-01
4.118428e-01
9.205487e-01
9.304382e-01
4.360459e-01
-2.946601e-01
-8.654311e-01
-9.670540e-01
-5.443475e-01
1.735730e-01
7.973706e-01
9.891676e-01
6.448700e-01
-4.894839e-02
-7.160226e-01
-9.949195e-01
-7.343936e-01
-7.562726e-02
6.241554e-01
9.857370e-01
8.131441e-01
1.997915e-01
-5.217052e-01
-9.602774e-01
-8.782656e-01
-3.200499e-01
4.117552e-01
9.204150e-01
9.303223e-01
4.360281e-01
-2.945562e-01
-8.653182e-01
-9.669441e-01
-5.443267e-01
1.734973e-01
7.972770e-01
9.890577e-01
6.448002e-01
-4.891720e-02
-7.159765e-01
-9.948527e-01
-7.343654e-01
-7.564508e-02
6.240574e-01
9.856612e-01
8.131070e-01
1.998138e-01
-5.215983e-01
-9.602417e-01
-8.782507e-01
-3.200469e-01
4.116779e-01
9.203616e-01
9.303030e-01
4.360251e-01
-2.945324e-01
-8.652692e-01
-9.669278e-01
-5.443550e-01
1.734676e-01
7.972473e-01
9.890726e-01
6.448314e-01
-4.887413e-02
-7.159468e-01
-9.948690e-01
-7.343921e-01
-7.568369e-02
6.240544e-01
9.856984e-01
8.131605e-01
1.998420e-01
-5.216102e-01
-9.602789e-01
-8.783071e-01
-3.200885e-01
4.116839e-01
9.204017e-01
9.303966e-01
4.360949e-01
-2.945324e-01
-8.653019e-01
-9.670318e-01
-5.444352e-01
1.734542e-01
7.973082e-01
9.891899e-01
6.449398e-01
-4.885779e-02
-7.160003e-01
-9.949864e-01
-7.345273e-01
-7.572379e-02
6.241317e-01
9.858409e-01
8.133060e-01
1.999178e-01
-5.216815e-01
-9.604393e-01
-8.784883e-01
-3.201732e-01
4.117225e-01
9.205710e-01
9.305956e-01
4.361974e-01
-2.945606e-01
-8.654860e-01
-9.672590e-01
-5.445421e-01
1.734750e-01
7.974611e-01
9.894260e-01
6.451463e-01
-4.884888e-02
-7.161622e-01
-9.952359e-01
-7.347560e-01
-7.576834e-02
6.242683e-01
9.860771e-01
8.135629e-01
1.999890e-01
-5.217840e-01
-9.606769e-01
-8.787557e-01
-3.203380e-01
4.118309e-01
9.208413e-01
9.308822e-01
4.363994e-01
-2.946111e-01
-8.657459e-01
-9.675679e-01
-5.447990e-01
1.734943e-01
7.977151e-01
9.897542e-01
6.453839e-01
-4.879987e-02
-7.163790e-01
-9.956012e-01
-7.350218e-01
-7.585597e-02
6.244599e-01
9.864483e-01
8.138867e-01
2.001242e-01
-5.219711e-01
-9.610497e-01
-8.791136e-01
-3.205103e-01
4.119720e-01
9.211947e-01
9.312669e-01
4.366103e-01
-2.946943e-01
-8.661113e-01
-9.679778e-01
-5.450545e-01
1.735018e-01
7.980597e-01
9.902042e-01
6.456928e-01
-4.878354e-02
-7.166939e-01
-9.960586e-01
-7.353872e-01
-7.592280e-02
6.247064e-01
9.869236e-01
8.142995e-01
2.002549e-01
-5.221552e-01
-9.615130e-01
-8.795636e-01
-3.206662e-01
4.121175e-01
9.216462e-01
9.317733e-01
4.368642e-01
-2.948071e-01
-8.665019e-01
-9.685035e-01
-5.453782e-01
1.735656e-01
7.984488e-01
9.907359e-01
6.461042e-01
-4.878651e-02
-7.170726e-01
-9.966081e-01
-7.358312e-01
-7.600151e-02
6.250673e-01
9.875147e-01
8.147763e-01
2.004004e-01
-5.224508e-01
-9.620803e-01
-8.801205e-01
-3.209024e-01
4.123433e-01
9.221942e-01
9.323644e-01
4.371583e-01
-2.949675e-01
-8.670499e-01
-9.691421e-01
-5.457554e-01
1.736547e-01
7.989492e-01
9.914117e-01
6.465334e-01
-4.878948e-02
-7.175107e-01
-9.972928e-01
-7.363540e-01
-7.607577e-02
6.254683e-01
9.881830e-01
8.153629e-01
2.005697e-01
-5.228057e-01
-9.627620e-01
-8.807754e-01
-3.211608e-01
4.126195e-01
9.228596e-01
9.330624e-01
4.375088e-01
-2.951517e-01
-8.676825e-01
-9.698817e-01
-5.461891e-01
1.737542e-01
7.995403e-01
9.921602e-01
6.470784e-01
-4.880433e-02
-7.180453e-01
-9.980799e-01
-7.369778e-01
-7.616339e-02
6.259361e-01
9.889597e-01
8.160594e-01
2.007539e-01
-5.232052e-01
-9.635298e-01
-8.815061e-01
-3.214949e-01
4.129403e-01
9.236318e-01
9.338480e-01
4.379306e-01
-2.953834e-01
-8.684251e-01
-9.707134e-01
-5.466940e-01
1.738819e-01
8.002161e-01
9.930260e-01
6.476799e-01
-4.878205e-02
-7.186513e-01
-9.989561e-01
-7.376520e-01
-7.630002e-02
6.264767e-01
9.898716e-01
8.168154e-01
2.010197e-01
-5.236508e-01
-9.644075e-01
-8.823556e-01
-3.218157e-01
4.133027e-01
9.244665e-01
9.347465e-01
4.383850e-01
-2.956061e-01
-8.692271e-01
-9.716505e-01
-5.472495e-01
1.739815e-01
8.009824e-01
9.939958e-01
6.483229e-01
-4.879839e-02
-7.193775e-01
-9.999333e-01
-7.384139e-01
-7.641586e-02
6.270648e-01
9.908339e-01
8.176589e-01
2.012529e-01
-5.241305e-01
-9.654041e-01
-8.832660e-01
-3.221721e-01
4.136561e-01
9.254348e-01
9.357356e-01
4.388632e-01
-2.958779e-01
-8.701271e-01
-9.726960e-01
-5.478628e-01
1.741418e-01
8.018052e-01
9.950948e-01
6.490403e-01
-4.881473e-02
-7.200993e-01
-1.001041e+00
-7.392396e-01
-7.652279e-02
6.277301e-01
9.919374e-01
8.186005e-01
2.014994e-01
-5.246918e-01
-9.664659e-01
-8.842803e-01
-3.225702e-01
4.141091e-01
9.264744e-01
9.368094e-01
4.393994e-01
-2.962106e-01
-8.711340e-01
-9.738426e-01
-5.485118e-01
1.743141e-01
8.027274e-01
9.962710e-01
6.498318e-01
-4.885631e-02
-7.209398e-01
-1.002225e+00
-7.401589e-01
-7.664160e-02
6.284564e-01
9.931285e-01
8.196104e-01
2.017712e-01
-5.253111e-01
-9.676570e-01
-8.854016e-01
-3.230053e-01
4.145977e-01
9.276016e-01
9.380079e-01
4.399771e-01
-2.965492e-01
-8.722137e-01
-9.750827e-01
-5.492292e-01
1.745057e-01
8.037432e-01
9.975423e-01
6.507244e-01
-4.889492e-02
-7.218606e-01
-1.003547e+00
-7.411495e-01
-7.676487e-02
6.292732e-01
9.944532e-01
8.207198e-01
2.020608e-01
-5.259913e-01
-9.689342e-01
-8.865882e-01
-3.234791e-01
4.151249e-01
9.288387e-01
9.392925e-01
4.406409e-01
-2.969264e-01
-8.733795e-01
-9.764163e-01
-5.500460e-01
1.747255e-01
8.048363e-01
9.989249e-01
6.516526e-01
-4.889938e-02
-7.228334e-01
-1.004937e+00
-7.422114e-01
-7.695199e-02
6.301464e-01
9.958448e-01
8.218900e-01
2.024232e-01
-5.267294e-01
-9.703169e-01
-8.878669e-01
-3.239825e-01
4.157011e-01
9.301783e-01
9.406618e-01
4.412795e-01
-2.972695e-01
-8.746240e-01
-9.778584e-01
-5.508880e-01
1.749126e-01
8.059813e-01
1.000404e+00
6.526387e-01
-4.894690e-02
-7.238789e-01
-1.006437e+00
-7.433504e-01
-7.709605e-02
6.310286e-01
9.973462e-01
8.231479e-01
2.027514e-01
-5.274765e-01
-9.717827e-01
-8.892436e-01
-3.245082e-01
4.162744e-01
9.315981e-01
9.421009e-01
4.420043e-01
-2.977210e-01
-8.759770e-01
-9.793821e-01
-5.517450e-01
1.751517e-01
8.072199e-01
1.001992e+00
6.536679e-01
-4.899443e-02
-7.249660e-01
-1.008044e+00
-7.445415e-01
-7.723714e-02
6.320058e-01
9.989323e-01
8.244979e-01
2.031034e-01
-5.282799e-01
-9.733302e-01
-8.907020e-01
-3.250474e-01
4.169234e-01
9.330772e-01
9.436588e-01
4.427409e-01
-2.981873e-01
-8.773908e-01
-9.809994e-01
-5.526969e-01
1.754220e-01
8.085462e-01
1.003649e+00
6.547922e-01
-4.903155e-02
-7.261927e-01
-1.009735e+00
-7.458039e-01
-7.740496e-02
6.330424e-01
1.000609e+00
8.259058e-01
2.034717e-01
-5.291517e-01
-9.749921e-01
-8.922644e-01
-3.256295e-01
4.176199e-01
9.346797e-01
9.453310e-01
4.435295e-01
-2.986863e-01
-8.788923e-01
-9.827340e-01
-5.536964e-01
1.756968e-01
8.099362e-01
1.005415e+00
6.560100e-01
-4.909839e-02
-7.274447e-01
-1.011500e+00
-7.471821e-01
-7.757872e-02
6.341756e-01
1.002400e+00
8.274251e-01
2.038905e-01
-5.300829e-01
-9.767579e-01
-8.938743e-01
-3.263008e-01
4.183402e-01
9.363668e-01
9.470523e-01
4.443939e-01
-2.991912e-01
-8.804962e-01
-9.845429e-01
-5.547657e-01
1.759938e-01
8.113991e-01
1.007288e+00
6.572382e-01
-4.912809e-02
-7.287680e-01
-1.013399e+00
-7.485974e-01
-7.778663e-02
6.353236e-01
1.004276e+00
8.289845e-01
2.043212e-01
-5.310527e-01
-9.785712e-01
-8.955762e-01
-3.269528e-01
4.191140e-01
9.381401e-01
9.488642e-01
4.452849e-01
-2.996962e-01
-8.821640e-01
-9.864335e-01
-5.558499e-01
1.762537e-01
8.129540e-01
1.009230e+00
6.585392e-01
-4.919789e-02
-7.301566e-01
-1.015370e+00
-7.500825e-01
-7.795445e-02
6.365117e-01
1.006233e+00
8.306419e-01
2.047608e-01
-5.320462e-01
-9.804856e-01
-8.973554e-01
-3.276211e-01
4.198833e-01
9.399846e-01
9.507547e-01
4.461879e-01
-3.002709e-01
-8.838987e-01
-9.884043e-01
-5.569845e-01
1.765745e-01
8.145609e-01
1.011268e+00
6.598787e-01
-4.924541e-02
-7.316001e-01
-1.017421e+00
-7.516197e-01
-7.814752e-02
6.377815e-01
1.008281e+00
8.323632e-01
2.051989e-01
-5.331051e-01
-9.824875e-01
-8.992237e-01
-3.283221e-01
4.207239e-01
9.418900e-01
9.527433e-01
4.471413e-01
-3.008590e-01
-8.857150e-01
-9.904760e-01
-5.581860e-01
1.769309e-01
8.162614e-01
1.013384e+00
6.613000e-01
-4.933452e-02
-7.331238e-01
-1.019579e+00
-7.532236e-01
-7.836138e-02
6.391196e-01
1.010430e+00
8.341364e-01
2.056845e-01
-5.342427e-01
-9.845830e-01
-9.011767e-01
-3.290513e-01
4.215897e-01
9.439231e-01
9.548195e-01
4.481319e-01
-3.014858e-01
-8.876189e-01
-9.926428e-01
-5.593993e-01
1.772814e-01
8.180049e-01
1.015597e+00
6.627985e-01
-4.941769e-02
-7.347129e-01
-1.021800e+00
-7.549241e-01
-7.856187e-02
6.405023e-01
1.012645e+00
8.360107e-01
2.061716e-01
-5.353922e-01
-9.867409e-01
-9.031816e-01
-3.298532e-01
4.225030e-01
9.459994e-01
9.569418e-01
4.491879e-01
-3.021288e-01
-8.896001e-01
-9.948661e-01
-5.607196e-01
1.776482e-01
8.198213e-01
1.017903e+00
6.642896e-01
-4.949640e-02
-7.363495e-01
-1.024108e+00
-7.566572e-01
-7.878910e-02
6.419309e-01
1.014933e+00
8.379502e-01
2.067063e-01
-5.366026e-01
-9.890028e-01
-9.052697e-01
-3.306463e-01
4.234595e-01
9.481558e-01
9.591621e-01
4.502675e-01
-3.027570e-01
-8.916213e-01
-9.971799e-01
-5.620399e-01
1.779750e-01
8.217089e-01
1.020265e+00
6.658549e-01
-4.953947e-02
-7.380530e-01
-1.026519e+00
-7.584379e-01
-7.901632e-02
6.433819e-01
1.017327e+00
8.399091e-01
2.072083e-01
-5.378100e-01
-9.913255e-01
-9.074261e-01
-3.314468e-01
4.243936e-01
9.503983e-01
9.614432e-01
4.513591e-01
-3.034654e-01
-8.937362e-01
-9.995606e-01
-5.634062e-01
1.783849e-01
8.236321e-01
1.022705e+00
6.674930e-01
-4.962561e-02
-7.397817e-01
-1.028988e+00
-7.602839e-01
-7.923315e-02
6.449161e-01
1.019775e+00
8.419749e-01
2.077548e-01
-5.390931e-01
-9.937329e-01
-9.096419e-01
-3.322859e-01
4.253946e-01
9.526973e-01
9.638061e-01
4.524774e-01
-3.041739e-01
-8.959089e-01
-1.002023e+00
-5.648171e-01
1.788037e-01
8.256504e-01
1.025233e+00
6.691593e-01
-4.971917e-02
-7.415861e-01
-1.031547e+00
-7.621878e-01
-7.945889e-02
6.464992e-01
1.022307e+00
8.440927e-01
2.082909e-01
-5.403941e-01
-9.961863e-01
-9.119513e-01
-3.331458e-01
4.264342e-01
9.550750e-01
9.662550e-01
4.536522e-01
-3.049075e-01
-8.981411e-01
-1.004568e+00
-5.662606e-01
1.792195e-01
8.277192e-01
1.027831e+00
6.709088e-01
-4.982461e-02
-7.434470e-01
-1.034158e+00
-7.641883e-01
-7.969800e-02
6.481135e-01
1.024903e+00
8.462833e-01
2.088493e-01
-5.417738e-01
-9.987319e-01
-9.143022e-01
-3.340324e-01
4.275079e-01
9.575180e-01
9.687367e-01
4.548967e-01
-3.056738e-01
-9.004579e-01
-1.007169e+00
-5.677888e-01
1.796383e-01
8.298548e-01
1.030499e+00
6.726612e-01
-4.991818e-02
-7.453628e-01
-1.036848e+00
-7.661650e-01
-7.997423e-02
6.497813e-01
1.027588e+00
8.485095e-01
2.094686e-01
-5.431342e-01
-1.001337e+00
-9.167156e-01
-3.349650e-01
4.285921e-01
9.600071e-01
9.713089e-01
4.561219e-01
-3.064149e-01
-9.028044e-01
-1.009832e+00
-5.693289e-01
1.800556e-01
8.320305e-01
1.033239e+00
6.744790e-01
-4.998352e-02
-7.473202e-01
-1.039589e+00
-7.682472e-01
-8.021482e-02
6.514566e-01
1.030297e+00
8.507996e-01
2.100567e-01
-5.445391e-01
-1.004023e+00
-9.191928e-01
-3.358962e-01
4.296762e-01
9.625897e-01
9.739361e-01
4.573590e-01
-3.072020e-01
-9.051969e-01
-1.012582e+00
-5.708823e-01
1.805116e-01
8.342226e-01
1.036035e+00
6.763414e-01
-5.009788e-02
-7.493043e-01
-1.042426e+00
-7.703620e-01
-8.046878e-02
6.532090e-01
1.033101e+00
8.531372e-01
2.106642e-01
-5.460198e-01
-1.006732e+00
-9.217115e-01
-3.368512e-01
4.308257e-01
9.652110e-01
9.766034e-01
4.586452e-01
-3.080218e-01
-9.076904e-01
-1.015362e+00
-5.724714e-01
1.809749e-01
8.365022e-01
1.038906e+00
6.782141e-01
-5.020035e-02
-7.513494e-01
-1.045306e+00
-7.725006e-01
-8.070640e-02
6.549882e-01
1.035958e+00
8.555327e-01
2.112745e-01
-5.475064e-01
-1.009529e+00
-9.243224e-01
-3.378210e-01
4.320094e-01
9.678723e-01
9.793524e-01
4.599610e-01
-3.088580e-01
-9.102166e-01
-1.018223e+00
-5.741066e-01
1.814517e-01
8.388354e-01
1.041820e+00
6.801582e-01
-5.029986e-02
-7.534419e-01
-1.048255e+00
-7.747550e-01
-8.097521e-02
6.568238e-01
1.038885e+00
8.579950e-01
2.119013e-01
-5.490094e-01
-1.012395e+00
-9.269659e-01
-3.387818e-01
4.332004e-01
9.706139e-01
9.821593e-01
4.613169e-01
-3.097104e-01
-9.127740e-01
-1.021128e+00
-5.758249e-01
1.819566e-01
8.412131e-01
1.044790e+00
6.821349e-01
-5.042164e-02
-7.555968e-01
-1.051261e+00
-7.769768e-01
-8.127669e-02
6.586802e-01
1.041857e+00
8.604470e-01
2.125755e-01
-5.505821e-01
-1.015297e+00
-9.296377e-01
-3.398392e-01
4.344227e-01
9.733970e-01
9.849974e-01
4.626803e-01
-3.105258e-01
-9.154012e-01
-1.024102e+00
-5.775253e-01
1.824170e-01
8.436219e-01
1.047827e+00
6.841517e-01
-5.050035e-02
-7.577607e-01
-1.054308e+00
-7.792475e-01
-8.154253e-02
6.605619e-01
1.044879e+00
8.629732e-01
2.132394e-01
-5.521385e-01
-1.018243e+00
-9.323659e-01
-3.408670e-01
4.356182e-01
9.762411e-01
9.878889e-01
4.640703e-01
-3.114183e-01
-9.180774e-01
-1.027111e+00
-5.792065e-01
1.828997e-01
8.460605e-01
1.050918e+00
6.861566e-01
-5.062955e-02
-7.599334e-01
-1.057418e+00
-7.815955e-01
-8.179203e-02
6.624658e-01
1.047967e+00
8.655558e-01
2.138913e-01
-5.537439e-01
-1.021240e+00
-9.351252e-01
-3.419036e-01
4.368999e-01
9.790970e-01
9.908057e-01
4.654530e-01
-3.123064e-01
-9.207581e-01
-1.030159e+00
-5.809872e-01
1.834224e-01
8.485511e-01
1.054043e+00
6.882269e-01
-5.073054e-02
-7.621804e-01
-1.060580e+00
-7.839123e-01
-8.207569e-02
6.644217e-01
1.051093e+00
8.681489e-01
2.145478e-01
-5.553731e-01
-1.024300e+00
-9.379826e-01
-3.429595e-01
4.381637e-01
9.820063e-01
9.938205e-01
4.668980e-01
-3.132302e-01
-9.235234e-01
-1.033270e+00
-5.827604e-01
1.839378e-01
8.510921e-01
1.057210e+00
6.903180e-01
-5.085232e-02
-7.644437e-01
-1.063757e+00
-7.863464e-01
-8.237420e-02
6.663940e-01
1.054255e+00
8.707968e-01
2.152487e-01
-5.570097e-01
-1.027396e+00
-9.408281e-01
-3.440169e-01
4.394603e-01
9.849736e-01
9.968413e-01
4.683594e-01
-3.141450e-01
-9.262947e-01
-1.036427e+00
-5.845931e-01
1.844813e-01
8.536510e-01
1.060418e+00
6.924773e-01
-5.098896e-02
-7.667650e-01
-1.066993e+00
-7.887687e-01
-8.270390e-02
6.683989e-01
1.057464e+00
8.734641e-01
2.159720e-01
-5.586850e-01
-1.030497e+00
-9.437197e-01
-3.451367e-01
4.407701e-01
9.879736e-01
9.998917e-01
4.698178e-01
-3.150361e-01
-9.291105e-01
-1.039601e+00
-5.863975e-01
1.849803e-01
8.562366e-01
1.063680e+00
6.946323e-01
-5.107361e-02
-7.690892e-01
-1.070269e+00
-7.912088e-01
-8.298459e-02
6.704321e-01
1.060694e+00
8.761819e-01
2.166611e-01
-5.603572e-01
-1.033681e+00
-9.466231e-01
-3.462372e-01
4.420711e-01
9.910255e-01
1.002990e+00
4.713059e-01
-3.159688e-01
-9.319723e-01
-1.042811e+00
-5.882034e-01
1.855001e-01
8.588430e-01
1.066972e+00
6.968109e-01
-5.120727e-02
-7.714060e-01
-1.073594e+00
-7.936815e-01
-8.325934e-02
6.724504e-01
1.063978e+00
8.789057e-01
2.173502e-01
-5.620651e-01
-1.036860e+00
-9.495741e-01
-3.473466e-01
4.434270e-01
9.940641e-01
1.006107e+00
4.727970e-01
-3.169281e-01
-9.348475e-01
-1.046061e+00
-5.900658e-01
1.860496e-01
8.614985e-01
1.070297e+00
6.989822e-01
-5.132459e-02
-7.737971e-01
-1.076931e+00
-7.961602e-01
-8.354300e-02
6.745087e-01
1.067279e+00
8.816621e-01
2.180779e-01
-5.637805e-01
-1.040099e+00
-9.525651e-01
-3.484456e-01
4.447607e-01
9.971502e-01
1.009269e+00
4.742806e-01
-3.178861e-01
-9.377435e-01
-1.049336e+00
-5.919608e-01
1.866080e-01
8.641702e-01
1.073643e+00
7.012069e-01
-5.145677e-02
-7.761911e-01
-1.080301e+00
-7.986997e-01
-8.385636e-02
6.766013e-01
1.070630e+00
8.844571e-01
2.187789e-01
-5.655121e-01
-1.043332e+00
-9.555740e-01
-3.495832e-01
4.461359e-01
1.000266e+00
1.012459e+00
4.758489e-01
-3.188529e-01
-9.406529e-01
-1.052641e+00
-5.938499e-01
1.871546e-01
8.668598e-01
1.077010e+00
7.034584e-01
-5.159340e-02
-7.786059e-01
-1.083686e+00
-8.012274e-01
-8.419794e-02
6.787087e-01
1.073989e+00
8.872610e-01
2.195348e-01
-5.672764e-01
-1.046608e+00
-9.585992e-01
-3.507520e-01
4.475037e-01
1.003395e+00
1.015655e+00
4.773741e-01
-3.197930e-01
-9.436098e-01
-1.055966e+00
-5.957508e-01
1.876773e-01
8.695835e-01
1.080411e+00
7.056801e-01
-5.169885e-02
-7.810460e-01
-1.087097e+00
-8.037819e-01
-8.448308e-02
6.808280e-01
1.077362e+00
8.900738e-01
2.202640e-01
-5.690141e-01
-1.049914e+00
-9.616185e-01
-3.518762e-01
4.488433e-01
1.006550e+00
1.018854e+00
4.789142e-01
-3.207731e-01
-9.465786e-01
-1.059315e+00
-5.976771e-01
1.882268e-01
8.722760e-01
1.083815e+00
7.079554e-01
-5.182805e-02
-7.834712e-01
-1.090538e+00
-8.063511e-01
-8.478754e-02
6.829131e-01
1.080748e+00
8.929208e-01
2.209873e-01
-5.707799e-01
-1.053211e+00
-9.646674e-01
-3.530153e-01
4.502378e-01
1.009700e+00
1.022093e+00
4.804424e-01
-3.217504e-01
-9.495384e-01
-1.062667e+00
-5.995944e-01
1.887897e-01
8.750042e-01
1.087266e+00
7.102024e-01
-5.195875e-02
-7.859187e-01
-1.093973e+00
-8.088981e-01
-8.507417e-02
6.850398e-01
1.084158e+00
8.957559e-01
2.217031e-01
-5.725591e-01
-1.056514e+00
-9.677595e-01
-3.541871e-01
4.516383e-01
1.012878e+00
1.025347e+00
4.819988e-01
-3.227350e-01
-9.525042e-01
-1.066038e+00
-6.015235e-01
1.893540e-01
8.777606e-01
1.090709e+00
7.124850e-01
-5.208201e-02
-7.883811e-01
-1.097448e+00
-8.115120e-01
-8.539050e-02
6.871754e-01
1.087590e+00
8.986193e-01
2.224397e-01
-5.743308e-01
-1.059845e+00
-9.708500e-01
-3.553247e-01
4.530388e-01
1.016068e+00
1.028598e+00
4.835968e-01
-3.237241e-01
-9.555176e-01
-1.069415e+00
-6.034780e-01
1.899228e-01
8.805185e-01
1.094145e+00
7.147736e-01
-5.221419e-02
-7.908627e-01
-1.100909e+00
-8.140991e-01
-8.573802e-02
6.893185e-01
1.091031e+00
9.014811e-01
2.232135e-01
-5.761070e-01
-1.063173e+00
-9.739376e-01
-3.565024e-01
4.544259e-01
1.019246e+00
1.031874e+00
4.851562e-01
-3.246969e-01
-9.585101e-01
-1.072800e+00
-6.053923e-01
1.904545e-01
8.832675e-01
1.097606e+00
7.170577e-01
-5.231666e-02
-7.933251e-01
-1.104368e+00
-8.166891e-01
-8.605138e-02
6.914764e-01
1.094462e+00
9.043222e-01
2.239442e-01
-5.778684e-01
-1.066534e+00
-9.770163e-01
-3.576623e-01
4.557982e-01
1.022457e+00
1.035121e+00
4.866933e-01
-3.256622e-01
-9.614982e-01
-1.076199e+00
-6.073408e-01
1.910203e-01
8.859927e-01
1.101063e+00
7.193478e-01
-5.244290e-02
-7.957785e-01
-1.107838e+00
-8.192851e-01
-8.634395e-02
6.935852e-01
1.097890e+00
9.071959e-01
2.247001e-01
-5.796565e-01
-1.069874e+00
-9.800905e-01
-3.588192e-01
4.571868e-01
1.025647e+00
1.038379e+00
4.882379e-01
-3.266439e-01
-9.644877e-01
-1.079581e+00
-6.092729e-01
1.915847e-01
8.887536e-01
1.104519e+00
7.216200e-01
-5.257656e-02
-7.982394e-01
-1.111324e+00
-8.218574e-01
-8.665434e-02
6.957446e-01
1.101298e+00
9.100459e-01
2.254204e-01
-5.814639e-01
-1.073199e+00
-9.831736e-01
-3.599806e-01
4.585872e-01
1.028831e+00
1.041634e+00
4.898076e-01
-3.276552e-01
-9.675025e-01
-1.082961e+00
-6.111709e-01
1.921342e-01
8.915085e-01
1.107965e+00
7.238834e-01
-5.272062e-02
-8.006928e-01
-1.114778e+00
-8.244920e-01
-8.694988e-02
6.978728e-01
1.104729e+00
9.129270e-01
2.261496e-01
-5.832327e-01
-1.076523e+00
-9.862776e-01
-3.611286e-01
4.599981e-01
1.032002e+00
1.044896e+00
4.913923e-01
-3.286384e-01
-9.704847e-01
-1.086316e+00
-6.131402e-01
1.926941e-01
8.942560e-01
1.111407e+00
7.261690e-01
-5.283646e-02
-8.031655e-01
-1.118237e+00
-8.270672e-01
-8.727810e-02
7.000040e-01
1.108149e+00
9.157710e-01
2.269174e-01
-5.850059e-01
-1.079867e+00
-9.893429e-01
-3.623167e-01
4.613808e-01
1.035168e+00
1.048132e+00
4.929338e-01
-3.296201e-01
-9.734475e-01
-1.089680e+00
-6.150605e-01
1.932183e-01
8.969916e-01
1.114830e+00
7.284427e-01
-5.290774e-02
-8.056115e-01
-1.121669e+00
-8.296365e-01
-8.760780e-02
7.021307e-01
1.111545e+00
9.186091e-01
2.276496e-01
-5.867376e-01
-1.083164e+00
-9.923889e-01
-3.634528e-01
4.627278e-01
1.038333e+00
1.051353e+00
4.944620e-01
-3.305616e-01
-9.764326e-01
-1.093030e+00
-6.169912e-01
1.937931e-01
8.996871e-01
1.118225e+00
7.307016e-01
-5.306071e-02
-8.080071e-01
-1.125106e+00
-8.321716e-01
-8.789888e-02
7.042277e-01
1.114936e+00
9.214190e-01
2.283773e-01
-5.885034e-01
-1.086441e+00
-9.954141e-01
-3.645785e-01
4.640956e-01
1.041471e+00
1.054559e+00
4.959932e-01
-3.315240e-01
-9.793539e-01
-1.096349e+00
-6.188654e-01
1.943366e-01
9.023989e-01
1.121643e+00
7.329456e-01
-5.318695e-02
-8.104382e-01
-1.128495e+00
-8.347394e-01
-8.818848e-02
7.063247e-01
1.118282e+00
9.242170e-01
2.291065e-01
-5.902484e-01
-1.089698e+00
-9.984408e-01
-3.657295e-01
4.654768e-01
1.044602e+00
1.057758e+00
4.975288e-01
-3.324953e-01
-9.822811e-01
-1.099664e+00
-6.207500e-01
1.948861e-01
9.050885e-01
1.125009e+00
7.351525e-01
-5.330873e-02
-8.128352e-01
-1.131896e+00
-8.372804e-01
-8.849442e-02
7.084098e-01
1.121637e+00
9.270357e-01
2.298268e-01
-5.919949e-01
-1.092971e+00
-1.001454e+00
-3.668434e-01
4.668371e-01
1.047703e+00
1.060931e+00
4.990748e-01
-3.334562e-01
-9.851890e-01
-1.102955e+00
-6.226896e-01
1.954312e-01
9.077484e-01
1.128348e+00
7.374084e-01
-5.344090e-02
-8.152248e-01
-1.135245e+00
-8.397963e-01
-8.882857e-02
7.104845e-01
1.124937e+00
9.297921e-01
2.305693e-01
-5.937147e-01
-1.096179e+00
-1.004426e+00
-3.679899e-01
4.681737e-01
1.050777e+00
1.064079e+00
5.006016e-01
-3.344111e-01
-9.880731e-01
-1.106208e+00
-6.245549e-01
1.959317e-01
9.104053e-01
1.131669e+00
7.395960e-01
-5.351368e-02
-8.176173e-01
-1.138572e+00
-8.422675e-01
-8.912263e-02
7.125444e-01
1.128219e+00
9.325263e-01
2.312763e-01
-5.953781e-01
-1.099382e+00
-1.007375e+00
-3.691111e-01
4.694658e-01
1.053821e+00
1.067167e+00
5.020659e-01
-3.353155e-01
-9.909349e-01
-1.109430e+00
-6.264039e-01
1.964723e-01
9.130013e-01
1.134961e+00
7.417718e-01
-5.364437e-02
-8.199163e-01
-1.141867e+00
-8.447388e-01
-8.942114e-02
7.145464e-01
1.131462e+00
9.352440e-01
2.319639e-01
-5.970682e-01
-1.102513e+00
-1.010300e+00
-3.702101e-01
4.707816e-01
1.056830e+00
1.070251e+00
5.035451e-01
-3.362363e-01
-9.937418e-01
-1.112610e+00
-6.282098e-01
1.969965e-01
9.155943e-01
1.138215e+00
7.439059e-01
-5.374536e-02
-8.222376e-01
-1.145131e+00
-8.471566e-01
-8.970183e-02
7.165335e-01
1.134700e+00
9.379262e-01
2.326678e-01
-5.987345e-01
-1.105651e+00
-1.013178e+00
-3.712943e-01
4.721034e-01
1.059790e+00
1.073311e+00
5.049931e-01
-3.371734e-01
-9.965339e-01
-1.115782e+00
-6.300158e-01
1.975222e-01
9.181576e-01
1.141414e+00
7.460222e-01
-5.386417e-02
-8.245410e-01
-1.148347e+00
-8.495951e-01
-8.999143e-02
7.185146e-01
1.137862e+00
9.405950e-01
2.333332e-01
-6.003755e-01
-1.108719e+00
-1.016050e+00
-3.723517e-01
4.733732e-01
1.062763e+00
1.076319e+00
5.064782e-01
-3.380853e-01
-9.992828e-01
-1.118895e+00
-6.318558e-01
1.980480e-01
9.206794e-01
1.144586e+00
7.481548e-01
-5.400080e-02
-8.267954e-01
-1.151525e+00
-8.519684e-01
-9.027509e-02
7.204928e-01
1.141009e+00
9.431984e-01
2.340653e-01
-6.020062e-01
-1.111761e+00
-1.018866e+00
-3.734566e-01
4.746415e-01
1.065643e+00
1.079288e+00
5.078950e-01
-3.389690e-01
-1.002005e+00
-1.121969e+00
-6.335815e-01
1.984995e-01
9.231610e-01
1.147719e+00
7.502236e-01
-5.407060e-02
-8.290187e-01
-1.154644e+00
-8.543164e-01
-9.061073e-02
7.224101e-01
1.144098e+00
9.457796e-01
2.347381e-01
-6.035715e-01
-1.114765e+00
-1.021631e+00
-3.745037e-01
4.758623e-01
1.068520e+00
1.082198e+00
5.092910e-01
-3.398081e-01
-1.004683e+00
-1.124992e+00
-6.353117e-01
1.990103e-01
9.256026e-01
1.150797e+00
7.522479e-01
-5.416416e-02
-8.311736e-01
-1.157722e+00
-8.566035e-01
-9.086320e-02
7.242650e-01
1.147125e+00
9.483236e-01
2.353723e-01
-6.051502e-01
-1.117700e+00
-1.024358e+00
-3.755225e-01
4.770875e-01
1.071300e+00
1.085071e+00
5.106692e-01
-3.406769e-01
-1.007310e+00
-1.127954e+00
-6.370404e-01
1.994841e-01
9.280085e-01
1.153819e+00
7.542409e-01
-5.428446e-02
-8.333315e-01
-1.160773e+00
-8.588623e-01
-9.113201e-02
7.261333e-01
1.150110e+00
9.508067e-01
2.360168e-01
-6.066799e-01
-1.120602e+00
-1.027053e+00
-3.765279e-01
4.782994e-01
1.074074e+00
1.087905e+00
5.120222e-01
-3.415264e-01
-1.009869e+00
-1.130885e+00
-6.387067e-01
1.999712e-01
9.303758e-01
1.156796e+00
7.562206e-01
-5.439436e-02
-8.354463e-01
-1.163740e+00
-8.610930e-01
-9.142161e-02
7.279660e-01
1.153053e+00
9.532631e-01
2.366584e-01
-6.082126e-01
-1.123449e+00
-1.029698e+00
-3.775318e-01
4.794711e-01
1.076795e+00
1.090691e+00
5.133395e-01
-3.423654e-01
-1.012408e+00
-1.133760e+00
-6.403953e-01
2.004494e-01
9.327030e-01
1.159711e+00
7.581928e-01
-5.449683e-02
-8.375329e-01
-1.166670e+00
-8.632821e-01
-9.168745e-02
7.297585e-01
1.155922e+00
9.556765e-01
2.373297e-01
-6.096873e-01
-1.126233e+00
-1.032269e+00
-3.785328e-01
4.806295e-01
1.079437e+00
1.093397e+00
5.146806e-01
-3.431600e-01
-1.014900e+00
-1.136568e+00
-6.420022e-01
2.008578e-01
9.349678e-01
1.162573e+00
7.600686e-01
-5.454881e-02
-8.395542e-01
-1.169529e+00
-8.654459e-01
-9.197259e-02
7.315303e-01
1.158729e+00
9.580497e-01
2.379460e-01
-6.111234e-01
-1.128970e+00
-1.034777e+00
-3.794922e-01
4.817330e-01
1.082045e+00
1.096048e+00
5.159533e-01
-3.439070e-01
-1.017320e+00
-1.139310e+00
-6.435572e-01
2.013019e-01
9.371688e-01
1.165363e+00
7.619398e-01
-5.465129e-02
-8.415131e-01
-1.172329e+00
-8.675147e-01
-9.223546e-02
7.331803e-01
1.161490e+00
9.603413e-01
2.385341e-01
-6.125269e-01
-1.131624e+00
-1.037262e+00
-3.804189e-01
4.828349e-01
1.084552e+00
1.098650e+00
5.172023e-01
-3.447075e-01
-1.019678e+00
-1.141992e+00
-6.451151e-01
2.017445e-01
9.393608e-01
1.168092e+00
7.637101e-01
-5.472406e-02
-8.434467e-01
-1.175045e+00
-8.695672e-01
-9.247754e-02
7.348659e-01
1.164174e+00
9.625704e-01
2.391207e-01
-6.139155e-01
-1.134240e+00
-1.039668e+00
-3.813263e-01
4.839102e-01
1.087035e+00
1.101191e+00
5.184187e-01
-3.454530e-01
-1.021996e+00
-1.144616e+00
-6.466165e-01
2.021692e-01
9.414623e-01
1.170751e+00
7.654819e-01
-5.481910e-02
-8.453254e-01
-1.177711e+00
-8.715884e-01
-9.272407e-02
7.364936e-01
1.166786e+00
9.647952e-01
2.397044e-01
-6.152744e-01
-1.136773e+00
-1.042022e+00
-3.822144e-01
4.849572e-01
1.089454e+00
1.103662e+00
5.196365e-01
-3.461837e-01
-1.024245e+00
-1.147178e+00
-6.481046e-01
2.025776e-01
9.435236e-01
1.173342e+00
7.672313e-01
-5.492455e-02
-8.471744e-01
-1.180308e+00
-8.735206e-01
-9.299733e-02
7.380842e-01
1.169330e+00
9.669026e-01
2.402821e-01
-6.165783e-01
-1.139225e+00
-1.044302e+00
-3.831144e-01
4.859819e-01
1.091799e+00
1.106064e+00
5.207919e-01
-3.469129e-01
-1.026458e+00
-1.149649e+00
-6.495007e-01
2.029311e-01
9.455182e-01
1.175851e+00
7.688917e-01
-5.495277e-02
-8.489640e-01
-1.182812e+00
-8.753933e-01
-9.323495e-02
7.396198e-01
1.171807e+00
9.689580e-01
2.407752e-01
-6.178377e-01
-1.141635e+00
-1.046507e+00
-3.839164e-01
4.869280e-01
1.094101e+00
1.108369e+00
5.218716e-01
-3.476154e-01
-1.028608e+00
-1.152030e+00
-6.508670e-01
2.033692e-01
9.474592e-01
1.178280e+00
7.704853e-01
-5.508940e-02
-8.506882e-01
-1.185249e+00
-8.771888e-01
-9.342208e-02
7.411064e-01
1.174218e+00
9.709451e-01
2.413128e-01
-6.190763e-01
-1.143943e+00
-1.048656e+00
-3.847258e-01
4.879260e-01
1.096292e+00
1.110630e+00
5.229602e-01
-3.482718e-01
-1.030641e+00
-1.154375e+00
-6.521932e-01
2.037494e-01
9.493409e-01
1.180648e+00
7.720372e-01
-5.516514e-02
-8.523708e-01
-1.187599e+00
-8.789740e-01
-9.363445e-02
7.425529e-01
1.176530e+00
9.728757e-01
2.418370e-01
-6.202748e-01
-1.146195e+00
-1.050720e+00
-3.855189e-01
4.888438e-01
1.098426e+00
1.112825e+00
5.240117e-01
-3.489193e-01
-1.032628e+00
-1.156628e+00
-6.534986e-01
2.040999e-01
9.511587e-01
1.182950e+00
7.735550e-01
-5.524088e-02
-8.539629e-01
-1.189883e+00
-8.807205e-01
-9.384534e-02
7.439445e-01
1.178764e+00
9.747901e-01
2.423316e-01
-6.214109e-01
-1.148335e+00
-1.052758e+00
-3.862896e-01
4.897453e-01
1.100469e+00
1.114931e+00
5.250824e-01
-3.495297e-01
-1.034532e+00
-1.158789e+00
-6.547937e-01
2.044325e-01
9.529171e-01
1.185148e+00
7.750372e-01
-5.527504e-02
-8.555104e-01
-1.192091e+00
-8.823586e-01
-9.404732e-02
7.452707e-01
1.180923e+00
9.765901e-01
2.428365e-01
-6.225084e-01
-1.150426e+00
-1.054700e+00
-3.870530e-01
4.905992e-01
1.102450e+00
1.116947e+00
5.260463e-01
-3.501356e-01
-1.036367e+00
-1.160877e+00
-6.559922e-01
2.047370e-01
9.545819e-01
1.187259e+00
7.764792e-01
-5.531662e-02
-8.570104e-01
-1.194193e+00
-8.839269e-01
-9.430722e-02
7.465568e-01
1.183002e+00
9.783158e-01
2.432969e-01
-6.235332e-01
-1.152432e+00
-1.056543e+00
-3.877644e-01
4.913670e-01
1.104347e+00
1.118900e+00
5.269819e-01
-3.506703e-01
-1.038135e+00
-1.162886e+00
-6.571550e-01
2.050548e-01
9.561814e-01
1.189281e+00
7.778248e-01
-5.537157e-02
-8.584124e-01
-1.196208e+00
-8.854670e-01
-9.450771e-02
7.477702e-01
1.184969e+00
9.799687e-01
2.437514e-01
-6.245624e-01
-1.154339e+00
-1.058320e+00
-3.884401e-01
4.921497e-01
1.106157e+00
1.120763e+00
5.278849e-01
-3.511945e-01
-1.039791e+00
-1.164806e+00
-6.582436e-01
2.053489e-01
9.576933e-01
1.191231e+00
7.790975e-01
-5.543543e-02
-8.597727e-01
-1.198142e+00
-8.869150e-01
-9.467553e-02
7.489420e-01
1.186864e+00
9.815638e-01
2.441672e-01
-6.255262e-01
-1.156151e+00
-1.060002e+00
-3.890876e-01
4.929041e-01
1.107874e+00
1.122544e+00
5.287552e-01
-3.517203e-01
-1.041413e+00
-1.166638e+00
-6.593025e-01
2.056325e-01
9.591739e-01
1.193089e+00
7.803183e-01
-5.548741e-02
-8.610811e-01
-1.199986e+00
-8.883229e-01
-9.485374e-02
7.500499e-01
1.188668e+00
9.831172e-01
2.445682e-01
-6.264321e-01
-1.157886e+00
-1.061651e+00
-3.897069e-01
4.936110e-01
1.109528e+00
1.124236e+00
5.296106e-01
-3.521985e-01
-1.042938e+00
-1.168378e+00
-6.603391e-01
2.058999e-01
9.605655e-01
1.194831e+00
7.815213e-01
-5.552157e-02
-8.623093e-01
-1.201736e+00
-8.896327e-01
-9.507057e-02
7.511028e-01
1.190369e+00
9.845296e-01
2.450033e-01
-6.272965e-01
-1.159534e+00
-1.063185e+00
-3.903337e-01
4.942764e-01
1.111067e+00
1.125838e+00
5.303754e-01
-3.526752e-01
-1.044397e+00
-1.170028e+00
-6.612866e-01
2.061048e-01
9.618798e-01
1.196499e+00
7.826425e-01
-5.550672e-02
-8.634677e-01
-1.203377e+00
-8.908847e-01
-9.525176e-02
7.521068e-01
1.191993e+00
9.858855e-01
2.453701e-01
-6.280687e-01
-1.161103e+00
-1.064629e+00
-3.908861e-01
4.948526e-01
1.112557e+00
1.127360e+00
5.311269e-01
-3.530480e-01
-1.045742e+00
-1.171585e+00
-6.621970e-01
2.063439e-01
9.630754e-01
1.198054e+00
7.836866e-01
-5.557504e-02
-8.645430e-01
-1.204939e+00
-8.920431e-01
-9.540473e-02
7.530172e-01
1.193508e+00
9.871761e-01
2.456998e-01
-6.288455e-01
-1.162549e+00
-1.065986e+00
-3.914341e-01
4.954467e-01
1.113910e+00
1.128780e+00
5.318160e-01
-3.534772e-01
-1.047030e+00
-1.173031e+00
-6.630376e-01
2.065548e-01
9.642605e-01
1.199532e+00
7.846653e-01
-5.560177e-02
-8.655573e-01
-1.206412e+00
-8.931495e-01
-9.555621e-02
7.538681e-01
1.194916e+00
9.883820e-01
2.460355e-01
-6.295747e-01
-1.163906e+00
-1.067266e+00
-3.919109e-01
4.959932e-01
1.115208e+00
1.130114e+00
5.324695e-01
-3.538440e-01
-1.048233e+00
-1.174406e+00
-6.638128e-01
2.067494e-01
9.653253e-01
1.200907e+00
7.855831e-01
-5.561810e-02
-8.665063e-01
-1.207750e+00
-8.942218e-01
-9.569284e-02
7.546983e-01
1.196244e+00
9.895107e-01
2.463355e-01
-6.302311e-01
-1.165172e+00
-1.068485e+00
-3.923712e-01
4.965056e-01
1.116405e+00
1.131352e+00
5.331051e-01
-3.541975e-01
-1.049311e+00
-1.175667e+00
-6.646089e-01
2.069543e-01
9.663263e-01
1.202174e+00
7.864771e-01
-5.565226e-02
-8.673914e-01
-1.209022e+00
-8.951470e-01
-9.589036e-02
7.554483e-01
1.197475e+00
9.905399e-01
2.466578e-01
-6.308385e-01
-1.166360e+00
-1.069552e+00
-3.928524e-01
4.969600e-01
1.117502e+00
1.132490e+00
5.336665e-01
-3.544975e-01
-1.050310e+00
-1.176836e+00
-6.652742e-01
2.070627e-01
9.672560e-01
1.203347e+00
7.872687e-01
-5.561662e-02
-8.681949e-01
-1.210165e+00
-8.960203e-01
-9.600323e-02
7.561344e-01
1.198607e+00
9.914933e-01
2.469444e-01
-6.313657e-01
-1.167411e+00
-1.070566e+00
-3.932311e-01
4.973506e-01
1.118509e+00
1.133533e+00
5.341878e-01
-3.547559e-01
-1.051249e+00
-1.177895e+00
-6.658935e-01
2.072142e-01
9.680476e-01
1.204418e+00
7.879682e-01
-5.560919e-02
-8.688810e-01
-1.211218e+00
-8.968341e-01
-9.611165e-02
7.567196e-01
1.199605e+00
9.923606e-01
2.471731e-01
-6.318618e-01
-1.168381e+00
-1.071482e+00
-3.936084e-01
4.977442e-01
1.119400e+00
1.134477e+00
5.346615e-01
-3.549965e-01
-1.052063e+00
-1.178854e+00
-6.664668e-01
2.073553e-01
9.687916e-01
1.205367e+00
7.886306e-01
-5.563741e-02
-8.695568e-01
-1.212149e+00
-8.975633e-01
-9.624383e-02
7.572765e-01
1.200537e+00
9.931418e-01
2.474048e-01
-6.322910e-01
-1.169248e+00
-1.072308e+00
-3.939188e-01
4.980709e-01
1.120201e+00
1.135367e+00
5.350774e-01
-3.552386e-01
-1.052808e+00
-1.179734e+00
-6.669881e-01
2.074800e-01
9.694689e-01
1.206234e+00
7.892023e-01
-5.564484e-02
-8.701285e-01
-1.212992e+00
-8.982302e-01
-9.634036e-02
7.577696e-01
1.201339e+00
9.938532e-01
2.476068e-01
-6.326920e-01
-1.170016e+00
-1.073042e+00
-3.942262e-01
4.983635e-01
1.120930e+00
1.136103e+00
5.354962e-01
-3.554227e-01
-1.053468e+00
-1.180488e+00
-6.674514e-01
2.075528e-01
9.700421e-01
1.206992e+00
7.897474e-01
-5.564335e-02
-8.706365e-01
-1.213724e+00
-8.988064e-01
-9.646957e-02
7.581884e-01
1.202034e+00
9.944710e-01
2.478236e-01
-6.330573e-01
-1.170698e+00
-1.073674e+00
-3.945291e-01
4.986130e-01
1.121562e+00
1.136730e+00
5.358348e-01
-3.555861e-01
-1.054022e+00
-1.181133e+00
-6.678539e-01
2.075810e-01
9.705337e-01
1.207629e+00
7.901900e-01
-5.559583e-02
-8.710686e-01
-1.214359e+00
-8.992950e-01
-9.655570e-02
7.585404e-01
1.202637e+00
9.949908e-01
2.479676e-01
-6.332919e-01
-1.171252e+00
-1.074234e+00
-3.947579e-01
4.987956e-01
1.122060e+00
1.137294e+00
5.361080e-01
-3.556811e-01
-1.054500e+00
-1.181685e+00
-6.681910e-01
2.076508e-01
9.709436e-01
1.208160e+00
7.905701e-01
-5.557801e-02
-8.713983e-01
-1.214894e+00
-8.996796e-01
-9.662699e-02
7.587869e-01
1.203132e+00
9.953992e-01
2.481043e-01
-6.335043e-01
-1.171696e+00
-1.074678e+00
-3.949361e-01
4.989442e-01
1.122470e+00
1.137743e+00
5.363516e-01
-3.557791e-01
-1.054839e+00
-1.182126e+00
-6.684554e-01
2.076924e-01
9.712629e-01
1.208590e+00
7.908805e-01
-5.556910e-02
-8.716820e-01
-1.215285e+00
-8.999990e-01
-9.671164e-02
7.590245e-01
1.203518e+00
9.957393e-01
2.482379e-01
-6.336617e-01
-1.172046e+00
-1.075008e+00
-3.950831e-01
4.990555e-01
1.122773e+00
1.138104e+00
5.365150e-01
-3.558445e-01
-1.055121e+00
-1.182485e+00
-6.686707e-01
2.077221e-01
9.714961e-01
1.208924e+00
7.911137e-01
-5.553197e-02
-8.718543e-01
-1.215585e+00
-9.002915e-01
-9.676214e-02
7.591730e-01
1.203785e+00
9.960141e-01
2.483285e-01
-6.337939e-01
-1.172293e+00
-1.075271e+00
-3.951989e-01
4.991283e-01
1.123010e+00
1.138347e+00
5.367095e-01
-3.558623e-01
-1.055305e+00
-1.182710e+00
-6.688593e-01
2.077132e-01
9.716431e-01
1.209149e+00
7.913157e-01
-5.551266e-02
-8.719879e-01
-1.215791e+00
-9.004564e-01
-9.684827e-02
7.592621e-01
1.203944e+00
9.962175e-01
2.484340e-01
-6.338504e-01
-1.172456e+00
-1.075428e+00
-3.953371e-01
4.991550e-01
1.123114e+00
1.138483e+00
5.367986e-01
-3.558890e-01
-1.055413e+00
-1.182834e+00
-6.689677e-01
2.076464e-01
9.717173e-01
1.209250e+00
7.913840e-01
-5.542801e-02
-8.720221e-01
-1.215876e+00
-9.005410e-01
-9.689580e-02
7.592621e-01
1.204021e+00
9.962547e-01
2.484696e-01
-6.337984e-01
-1.172473e+00
-1.075512e+00
-3.953979e-01
4.991016e-01
1.123140e+00
1.138529e+00
5.368491e-01
-3.558059e-01
-1.055394e+00
-1.182857e+00
-6.689900e-01
2.076063e-01
9.716624e-01
1.209243e+00
7.914182e-01
-5.541019e-02
-8.719567e-01
-1.215846e+00
-9.005440e-01
-9.692699e-02
7.591819e-01
1.203987e+00
9.962472e-01
2.485127e-01
-6.337405e-01
-1.172404e+00
-1.075455e+00
-3.953979e-01
4.990511e-01
1.123042e+00
1.138457e+00
5.368402e-01
-3.557554e-01
-1.055290e+00
-1.182760e+00
-6.689573e-01
2.075706e-01
9.715376e-01
1.209141e+00
7.913662e-01
-5.536563e-02
-8.718394e-01
-1.215712e+00
-9.004593e-01
-9.695520e-02
7.590676e-01
1.203824e+00
9.961240e-01
2.485142e-01
-6.336320e-01
-1.172247e+00
-1.075332e+00
-3.953712e-01
4.989397e-01
1.122865e+00
1.138321e+00
5.367778e-01
-3.556529e-01
-1.055070e+00
-1.182583e+00
-6.688712e-01
2.074979e-01
9.713535e-01
1.208919e+00
7.912444e-01
-5.532850e-02
-8.716449e-01
-1.215460e+00
-9.003420e-01
-9.695817e-02
7.588834e-01
1.203561e+00
9.959740e-01
2.485008e-01
-6.334613e-01
-1.171951e+00
-1.075108e+00
-3.953148e-01
4.987971e-01
1.122580e+00
1.138049e+00
5.367258e-01
-3.555356e-01
-1.054800e+00
-1.182273e+00
-6.687806e-01
2.074043e-01
9.710847e-01
1.208601e+00
7.910855e-01
-5.526019e-02
-8.713553e-01
-1.215126e+00
-9.000955e-01
-9.701015e-02
7.586324e-01
1.203188e+00
9.956888e-01
2.484845e-01
-6.332043e-01
-1.171583e+00
-1.074787e+00
-3.952598e-01
4.985892e-01
1.122194e+00
1.137684e+00
5.365699e-01
-3.553395e-01
-1.054412e+00
-1.181888e+00
-6.685504e-01
2.072484e-01
9.707015e-01
1.208165e+00
7.908419e-01
-5.517405e-02
-8.710196e-01
-1.214667e+00
-8.997717e-01
-9.701758e-02
7.583087e-01
1.202719e+00
9.953027e-01
2.484191e-01
-6.329103e-01
-1.171097e+00
-1.074359e+00
-3.951232e-01
4.983145e-01
1.121707e+00
1.137208e+00
5.363768e-01
-3.551450e-01
-1.053949e+00
-1.181366e+00
-6.682950e-01
2.071177e-01
9.702278e-01
1.207623e+00
7.905137e-01
-5.511168e-02
-8.705459e-01
-1.214089e+00
-8.993811e-01
-9.700124e-02
7.579003e-01
1.202128e+00
9.948468e-01
2.483449e-01
-6.325776e-01
-1.170497e+00
-1.073827e+00
-3.949658e-01
4.980219e-01
1.121114e+00
1.136634e+00
5.361318e-01
-3.549282e-01
-1.053359e+00
-1.180755e+00
-6.679638e-01
2.069662e-01
9.696753e-01
1.206992e+00
7.900845e-01
-5.504484e-02
-8.700454e-01
-1.213416e+00
-8.989118e-01
-9.697599e-02
7.574384e-01
1.201428e+00
9.943106e-01
2.482320e-01
-6.321692e-01
-1.169798e+00
-1.073251e+00
-3.947608e-01
4.977085e-01
1.120422e+00
1.135976e+00
5.358481e-01
-3.546846e-01
-1.052691e+00
-1.180036e+00
-6.676014e-01
2.068013e-01
9.690575e-01
1.206228e+00
7.896033e-01
-5.497059e-02
-8.694751e-01
-1.212648e+00
-8.983831e-01
-9.694778e-02
7.569097e-01
1.200650e+00
9.936958e-01
2.480983e-01
-6.317133e-01
-1.169006e+00
-1.072543e+00
-3.945202e-01
4.973239e-01
1.119620e+00
1.135212e+00
5.355392e-01
-3.544202e-01
-1.051940e+00
-1.179223e+00
-6.671915e-01
2.066409e-01
9.683506e-01
1.205359e+00
7.891103e-01
-5.488148e-02
-8.688053e-01
-1.211756e+00
-8.977282e-01
-9.697005e-02
7.563097e-01
1.199744e+00
9.929636e-01
2.479765e-01
-6.312083e-01
-1.168106e+00
-1.071741e+00
-3.943019e-01
4.969184e-01
1.118766e+00
1.134346e+00
5.351620e-01
-3.540445e-01
-1.051078e+00
-1.178309e+00
-6.666895e-01
2.063944e-01
9.675456e-01
1.204391e+00
7.884954e-01
-5.478198e-02
-8.680939e-01
-1.210749e+00
-8.970228e-01
-9.692253e-02
7.556265e-01
1.198743e+00
9.921616e-01
2.478414e-01
-6.306039e-01
-1.167108e+00
-1.070830e+00
-3.939990e-01
4.964135e-01
1.117786e+00
1.133386e+00
5.347076e-01
-3.536910e-01
-1.050146e+00
-1.177283e+00
-6.661311e-01
2.061731e-01
9.666323e-01
1.203334e+00
7.878167e-01
-5.469881e-02
-8.672414e-01
-1.209663e+00
-8.962460e-01
-9.685718e-02
7.549181e-01
1.197643e+00
9.912720e-01
2.476231e-01
-6.299979e-01
-1.166005e+00
-1.069853e+00
-3.936648e-01
4.959219e-01
1.116706e+00
1.132310e+00
5.342442e-01
-3.533361e-01
-1.049116e+00
-1.176144e+00
-6.655237e-01
2.059251e-01
9.656937e-01
1.202166e+00
7.870682e-01
-5.458594e-02
-8.663548e-01
-1.208468e+00
-8.953624e-01
-9.678441e-02
7.541191e-01
1.196422e+00
9.903141e-01
2.474122e-01
-6.293311e-01
-1.164806e+00
-1.068799e+00
-3.932876e-01
4.953769e-01
1.115543e+00
1.131176e+00
5.337393e-01
-3.529336e-01
-1.047976e+00
-1.174934e+00
-6.648391e-01
2.056875e-01
9.646273e-01
1.200892e+00
7.862841e-01
-5.449238e-02
-8.654133e-01
-1.207167e+00
-8.944520e-01
-9.672946e-02
7.532860e-01
1.195124e+00
9.892523e-01
2.471805e-01
-6.285885e-01
-1.163508e+00
-1.067640e+00
-3.928836e-01
4.947902e-01
1.114263e+00
1.129928e+00
5.331957e-01
-3.525044e-01
-1.046785e+00
-1.173616e+00
-6.641619e-01
2.054172e-01
9.635269e-01
1.199509e+00
7.854331e-01
-5.440030e-02
-8.643707e-01
-1.205763e+00
-8.934347e-01
-9.670125e-02
7.523711e-01
1.193713e+00
9.881058e-01
2.469696e-01
-6.278296e-01
-1.162138e+00
-1.066371e+00
-3.924901e-01
4.941650e-01
1.112923e+00
1.128581e+00
5.325749e-01
-3.520039e-01
-1.045512e+00
-1.172204e+00
-6.633673e-01
2.050934e-01
9.623016e-01
1.198044e+00
7.844826e-01
-5.426664e-02
-8.632940e-01
-1.204260e+00
-8.923357e-01
-9.661065e-02
7.513672e-01
1.192206e+00
9.868894e-01
2.466741e-01
-6.269549e-01
-1.160633e+00
-1.065030e+00
-3.920252e-01
4.934670e-01
1.111492e+00
1.127123e+00
5.319259e-01
-3.515109e-01
-1.044104e+00
-1.170679e+00
-6.625312e-01
2.047830e-01
9.609977e-01
1.196474e+00
7.834727e-01
-5.416119e-02
-8.620910e-01
-1.202673e+00
-8.911951e-01
-9.651857e-02
7.503380e-01
1.190593e+00
9.855721e-01
2.463979e-01
-6.260742e-01
-1.159046e+00
-1.063607e+00
-3.915218e-01
4.927497e-01
1.109928e+00
1.125599e+00
5.312160e-01
-3.510000e-01
-1.042658e+00
-1.169075e+00
-6.616475e-01
2.044682e-01
9.596447e-01
1.194818e+00
7.824004e-01
-5.404684e-02
-8.608554e-01
-1.200972e+00
-8.899461e-01
-9.641165e-02
7.492494e-01
1.188901e+00
9.841924e-01
2.460637e-01
-6.251623e-01
-1.157376e+00
-1.062116e+00
-3.909871e-01
4.920175e-01
1.108315e+00
1.124006e+00
5.304838e-01
-3.504579e-01
-1.041109e+00
-1.167377e+00
-6.607134e-01
2.041459e-01
9.582086e-01
1.193049e+00
7.813015e-01
-5.393545e-02
-8.595589e-01
-1.199178e+00
-8.886734e-01
-9.630620e-02
7.481118e-01
1.187122e+00
9.827533e-01
2.457325e-01
-6.241866e-01
-1.155622e+00
-1.060512e+00
-3.904777e-01
4.912304e-01
1.106607e+00
1.122293e+00
5.297398e-01
-3.498847e-01
-1.039496e+00
-1.165588e+00
-6.597629e-01
