4,988383e-01
1,109770e+00
1,119286e+00
5,221899e-01
-3,578692e-01
-1,043623e+00
-1,163601e+00
-6,527430e-01
2,119963e-01
9,617043e-01
1,190232e+00
7,737128e-01
-6,214769e-02
-8,640015e-01
-1,197413e+00
-8,816551e-01
-8,789546e-02
7,533720e-01
1,186364e+00
9,763798e-01
2,371978e-01
-6,302896e-01
-1,155962e+00
-1,054922e+00
-3,819468e-01
4,979921e-01
1,107965e+00
1,117506e+00
5,213660e-01
-3,572546e-01
-1,041899e+00
-1,161723e+00
-6,517305e-01
2,116267e-01
9,601024e-01
1,188292e+00
7,724791e-01
-6,199032e-02
-8,625465e-01
-1,195434e+00
-8,802254e-01
-8,779153e-02
7,521041e-01
1,184374e+00
9,747630e-01
2,368741e-01
-6,291895e-01
-1,153995e+00
-1,053166e+00
-3,813633e-01
4,971162e-01
1,106100e+00
1,115633e+00
5,205346e-01
-3,565894e-01
-1,040125e+00
-1,159766e+00
-6,506348e-01
2,112184e-01
9,584307e-01
1,186271e+00
7,711889e-01
-6,185076e-02
-8,610233e-01
-1,193367e+00
-8,787467e-01
-8,767128e-02
7,507650e-01
1,182317e+00
9,731166e-01
2,364822e-01
-6,280582e-01
-1,152004e+00
-1,051337e+00
-3,807264e-01
4,962002e-01
1,104140e+00
1,113674e+00
5,196379e-01
-3,559199e-01
-1,038278e+00
-1,157714e+00
-6,495139e-01
2,108101e-01
9,566952e-01
1,184148e+00
7,698394e-01
-6,169636e-02
-8,594481e-01
-1,191247e+00
-8,771730e-01
-8,755251e-02
7,493635e-01
1,180165e+00
9,713736e-01
2,360932e-01
-6,268794e-01
-1,149871e+00
-1,049435e+00
-3,800865e-01
4,952693e-01
1,102105e+00
1,111636e+00
5,187530e-01
-3,552266e-01
-1,036330e+00
-1,155569e+00
-6,483648e-01
2,103618e-01
9,548973e-01
1,181937e+00
7,684439e-01
-6,152415e-02
-8,578136e-01
-1,189003e+00
-8,755592e-01
-8,743077e-02
7,479339e-01
1,177945e+00
9,695698e-01
2,356879e-01
-6,256561e-01
-1,147683e+00
-1,047469e+00
-3,793888e-01
4,942835e-01
1,099960e+00
1,109540e+00
5,177910e-01
-3,545050e-01
-1,034316e+00
-1,153378e+00
-6,471593e-01
2,099119e-01
9,530267e-01
1,179660e+00
7,669875e-01
-6,136529e-02
-8,561152e-01
-1,186679e+00
-8,738772e-01
-8,730755e-02
7,464344e-01
1,175648e+00
9,676799e-01
2,352782e-01
-6,243808e-01
-1,145407e+00
-1,045432e+00
-3,786806e-01
4,932636e-01
1,097770e+00
1,107363e+00
5,168022e-01
-3,537687e-01
-1,032236e+00
-1,151063e+00
-6,458840e-01
2,094547e-01
9,510923e-01
1,177313e+00
7,654821e-01
-6,119753e-02
-8,543589e-01
-1,184295e+00
-8,721387e-01
-8,717393e-02
7,448933e-01
1,173227e+00
9,657395e-01
2,348476e-01
-6,230788e-01
-1,143060e+00
-1,043286e+00
-3,779264e-01
4,922050e-01
1,095516e+00
1,105099e+00
5,157585e-01
-3,529803e-01
-1,030074e+00
-1,148701e+00
-6,445924e-01
2,089737e-01
9,490880e-01
1,174866e+00
7,639217e-01
-6,103274e-02
-8,525595e-01
-1,181810e+00
-8,703438e-01
-8,701804e-02
7,432959e-01
1,170769e+00
9,637442e-01
2,343993e-01
-6,217456e-01
-1,140634e+00
-1,041120e+00
-3,771945e-01
4,911391e-01
1,093169e+00
1,102761e+00
5,147119e-01
-3,521846e-01
-1,027871e+00
-1,146269e+00
-6,432473e-01
2,084852e-01
9,470378e-01
1,172359e+00
7,623079e-01
-6,085755e-02
-8,506874e-01
-1,179284e+00
-8,684865e-01
-8,687998e-02
7,416554e-01
1,168218e+00
9,616731e-01
2,339153e-01
-6,203382e-01
-1,138135e+00
-1,038864e+00
-3,764017e-01
4,900197e-01
1,090770e+00
1,100357e+00
5,136251e-01
-3,513695e-01
-1,025583e+00
-1,143747e+00
-6,418785e-01
2,079864e-01
9,449118e-01
1,169750e+00
7,606630e-01
-6,067940e-02
-8,487767e-01
-1,176642e+00
-8,665906e-01
-8,673300e-02
7,399674e-01
1,165621e+00
9,595353e-01
2,334254e-01
-6,189100e-01
-1,135568e+00
-1,036566e+00
-3,755985e-01
4,888795e-01
1,088271e+00
1,097894e+00
5,125057e-01
-3,505426e-01
-1,023236e+00
-1,141162e+00
-6,404518e-01
2,074772e-01
9,427413e-01
1,167109e+00
7,589616e-01
-6,049976e-02
-8,468021e-01
-1,173953e+00
-8,646413e-01
-8,657860e-02
7,382423e-01
1,162928e+00
9,573559e-01
2,329473e-01
-6,174476e-01
-1,132937e+00
-1,034182e+00
-3,747567e-01
4,877022e-01
1,085738e+00
1,095365e+00
5,113448e-01
-3,496874e-01
-1,020834e+00
-1,138540e+00
-6,389598e-01
2,069442e-01
9,405099e-01
1,164379e+00
7,572246e-01
-6,032160e-02
-8,447831e-01
-1,171193e+00
-8,626297e-01
-8,642123e-02
7,364711e-01
1,160186e+00
9,551215e-01
2,324381e-01
-6,159467e-01
-1,130246e+00
-1,031755e+00
-3,739194e-01
4,865071e-01
1,083152e+00
1,092773e+00
5,101734e-01
-3,488115e-01
-1,018369e+00
-1,135806e+00
-6,374811e-01
2,064097e-01
9,382265e-01
1,161601e+00
7,554193e-01
-6,012712e-02
-8,427031e-01
-1,168356e+00
-8,605868e-01
-8,624604e-02
7,346554e-01
1,157382e+00
9,528515e-01
2,319066e-01
-6,144309e-01
-1,127499e+00
-1,029272e+00
-3,730465e-01
4,852912e-01
1,080486e+00
1,090118e+00
5,089501e-01
-3,479282e-01
-1,015859e+00
-1,133019e+00
-6,359623e-01
2,058649e-01
9,359105e-01
1,158739e+00
7,535947e-01
-5,993263e-02
-8,406142e-01
-1,165485e+00
-8,584653e-01
-8,608125e-02
7,327833e-01
1,154502e+00
9,504999e-01
2,313795e-01
-6,128497e-01
-1,124679e+00
-1,026717e+00
-3,721468e-01
4,840426e-01
1,077770e+00
1,087422e+00
5,077223e-01
-3,470047e-01
-1,013280e+00
-1,130212e+00
-6,343871e-01
2,053066e-01
9,335203e-01
1,155815e+00
7,517434e-01
-5,974260e-02
-8,384541e-01
-1,162532e+00
-8,563230e-01
-8,590161e-02
7,309082e-01
1,151572e+00
9,480993e-01
2,308273e-01
-6,112642e-01
-1,121786e+00
-1,024115e+00
-3,712486e-01
4,827584e-01
1,075003e+00
1,084646e+00
5,064767e-01
-3,460783e-01
-1,010670e+00
-1,127309e+00
-6,327926e-01
2,047440e-01
9,310929e-01
1,152857e+00
7,498193e-01
-5,954366e-02
-8,362643e-01
-1,159527e+00
-8,541629e-01
-8,571900e-02
7,289946e-01
1,148576e+00
9,456719e-01
2,302898e-01
-6,096578e-01
-1,118875e+00
-1,021474e+00
-3,703207e-01
4,814579e-01
1,072200e+00
1,081841e+00
5,051717e-01
-3,451237e-01
-1,008011e+00
-1,124362e+00
-6,311878e-01
2,041575e-01
9,286285e-01
1,149847e+00
7,478819e-01
-5,933879e-02
-8,340225e-01
-1,156495e+00
-8,519360e-01
-8,552897e-02
7,270289e-01
1,145524e+00
9,432104e-01
2,297093e-01
-6,079950e-01
-1,115884e+00
-1,018786e+00
-3,693676e-01
4,801603e-01
1,069317e+00
1,078974e+00
5,038801e-01
-3,441691e-01
-1,005300e+00
-1,121368e+00
-6,295161e-01
2,035578e-01
9,261284e-01
1,146753e+00
7,458940e-01
-5,913985e-02
-8,317644e-01
-1,153378e+00
-8,496675e-01
-8,534785e-02
7,250321e-01
1,142448e+00
9,406910e-01
2,291229e-01
-6,063159e-01
-1,112865e+00
-1,016064e+00
-3,684144e-01
4,788182e-01
1,066409e+00
1,076056e+00
5,025365e-01
-3,432086e-01
-1,002560e+00
-1,118332e+00
-6,278593e-01
2,029832e-01
9,235793e-01
1,143646e+00
7,439180e-01
-5,892755e-02
-8,294722e-01
-1,150208e+00
-8,473559e-01
-8,515782e-02
7,230175e-01
1,139302e+00
9,381360e-01
2,285424e-01
-6,046116e-01
-1,109803e+00
-1,013270e+00
-3,674346e-01
4,774643e-01
1,063462e+00
1,073113e+00
5,011974e-01
-3,422094e-01
-9,997596e-01
-1,115259e+00
-6,261623e-01
2,023730e-01
9,209945e-01
1,140478e+00
7,418885e-01
-5,873158e-02
-8,271428e-01
-1,147019e+00
-8,450384e-01
-8,495442e-02
7,209880e-01
1,136129e+00
9,355409e-01
2,279471e-01
-6,028850e-01
-1,106688e+00
-1,010450e+00
-3,664518e-01
4,760850e-01
1,060469e+00
1,070114e+00
4,998197e-01
-3,412028e-01
-9,969240e-01
-1,112130e+00
-6,244253e-01
2,017599e-01
9,183712e-01
1,137280e+00
7,398219e-01
-5,854154e-02
-8,247674e-01
-1,143783e+00
-8,426764e-01
-8,475103e-02
7,189125e-01
1,132899e+00
9,329264e-01
2,273414e-01
-6,011569e-01
-1,103538e+00
-1,007610e+00
-3,654482e-01
4,746969e-01
1,057439e+00
1,067080e+00
4,984494e-01
-3,402007e-01
-9,940779e-01
-1,108976e+00
-6,226631e-01
2,011408e-01
9,157271e-01
1,134029e+00
7,377345e-01
-5,833073e-02
-8,223861e-01
-1,140513e+00
-8,403025e-01
-8,454912e-02
7,168088e-01
1,129640e+00
9,302541e-01
2,267238e-01
-5,993753e-01
-1,100338e+00
-1,004749e+00
-3,644475e-01
4,732954e-01
1,054368e+00
1,064020e+00
4,970598e-01
-3,391897e-01
-9,911844e-01
-1,105763e+00
-6,208875e-01
2,005232e-01
9,130578e-01
1,130748e+00
7,356189e-01
-5,809467e-02
-8,199691e-01
-1,137213e+00
-8,378825e-01
-8,435464e-02
7,146902e-01
1,126365e+00
9,275759e-01
2,260958e-01
-5,976012e-01
-1,097131e+00
-1,001831e+00
-3,634009e-01
4,718732e-01
1,051274e+00
1,060936e+00
4,956360e-01
-3,381549e-01
-9,882553e-01
-1,102553e+00
-6,191252e-01
1,998952e-01
9,103661e-01
1,127435e+00
7,335048e-01
-5,790019e-02
-8,175418e-01
-1,133840e+00
-8,354582e-01
-8,415718e-02
7,125657e-01
1,123035e+00
9,248753e-01
2,254811e-01
-5,957929e-01
-1,093904e+00
-9,988881e-01
-3,623735e-01
4,704361e-01
1,048157e+00
1,057819e+00
4,941915e-01
-3,370994e-01
-9,853024e-01
-1,099311e+00
-6,173184e-01
1,992687e-01
9,076330e-01
1,124076e+00
7,313818e-01
-5,769086e-02
-8,150862e-01
-1,130489e+00
-8,330056e-01
-8,394637e-02
7,104205e-01
1,119692e+00
9,221347e-01
2,248546e-01
-5,940055e-01
-1,090617e+00
-9,959248e-01
-3,613328e-01
4,690004e-01
1,045009e+00
1,054668e+00
4,927395e-01
-3,360616e-01
-9,823420e-01
-1,096016e+00
-6,155087e-01
1,986244e-01
9,048894e-01
1,120732e+00
7,292009e-01
-5,747262e-02
-8,126039e-01
-1,127098e+00
-8,305248e-01
-8,371328e-02
7,082485e-01
1,116308e+00
9,193956e-01
2,242163e-01
-5,921927e-01
-1,087320e+00
-9,929422e-01
-3,602876e-01
4,675470e-01
1,041853e+00
1,051496e+00
4,912965e-01
-3,350060e-01
-9,793683e-01
-1,092704e+00
-6,136782e-01
1,979875e-01
9,021295e-01
1,117353e+00
7,270170e-01
-5,726329e-02
-8,100949e-01
-1,123672e+00
-8,280306e-01
-8,351137e-02
7,060676e-01
1,112943e+00
9,166253e-01
2,235556e-01
-5,903414e-01
-1,084006e+00
-9,899611e-01
-3,592217e-01
4,661010e-01
1,038657e+00
1,048308e+00
4,898490e-01
-3,339564e-01
-9,763664e-01
-1,089388e+00
-6,118402e-01
1,973372e-01
8,993651e-01
1,113946e+00
7,248332e-01
-5,704505e-02
-8,076126e-01
-1,120232e+00
-8,255335e-01
-8,328719e-02
7,038852e-01
1,109512e+00
9,138565e-01
2,229350e-01
-5,884886e-01
-1,080679e+00
-9,869250e-01
-3,581646e-01
4,646357e-01
1,035459e+00
1,045118e+00
4,883881e-01
-3,328697e-01
-9,733482e-01
-1,086055e+00
-6,100037e-01
1,966973e-01
8,965755e-01
1,110526e+00
7,226389e-01
-5,682978e-02
-8,051021e-01
-1,116788e+00
-8,230022e-01
-8,307192e-02
7,016790e-01
1,106101e+00
9,110491e-01
2,222877e-01
-5,866551e-01
-1,077340e+00
-9,839024e-01
-3,570883e-01
4,631629e-01
1,032245e+00
1,041904e+00
4,869020e-01
-3,318111e-01
-9,703032e-01
-1,082710e+00
-6,081435e-01
1,960545e-01
8,937666e-01
1,107089e+00
7,204268e-01
-5,661599e-02
-8,025545e-01
-1,113317e+00
-8,204947e-01
-8,284923e-02
6,994788e-01
1,102659e+00
9,082506e-01
2,216211e-01
-5,848008e-01
-1,073976e+00
-9,808693e-01
-3,560253e-01
4,616931e-01
1,029023e+00
1,038674e+00
4,854426e-01
-3,307511e-01
-9,672746e-01
-1,079349e+00
-6,062862e-01
1,954087e-01
8,909711e-01
1,103659e+00
7,182147e-01
-5,639775e-02
-8,000544e-01
-1,109852e+00
-8,179619e-01
-8,264138e-02
6,972682e-01
1,099220e+00
9,054446e-01
2,209753e-01
-5,829361e-01
-1,070610e+00
-9,778332e-01
-3,549504e-01
4,602085e-01
1,025786e+00
1,035454e+00
4,839580e-01
-3,296777e-01
-9,642163e-01
-1,075983e+00
-6,044201e-01
1,947584e-01
8,881533e-01
1,100210e+00
7,160086e-01
-5,618248e-02
-7,975009e-01
-1,106373e+00
-8,154262e-01
-8,242018e-02
6,950532e-01
1,095767e+00
9,026313e-01
2,203265e-01
-5,810833e-01
-1,067255e+00
-9,747898e-01
-3,538756e-01
4,587239e-01
1,022574e+00
1,032225e+00
4,824763e-01
-3,285910e-01
-9,611892e-01
-1,072632e+00
-6,025747e-01
1,941096e-01
8,853444e-01
1,096763e+00
7,137965e-01
-5,595237e-02
-7,949874e-01
-1,102905e+00
-8,128934e-01
-8,220788e-02
6,928426e-01
1,092330e+00
8,998179e-01
2,196778e-01
-5,792127e-01
-1,063891e+00
-9,717418e-01
-3,528007e-01
4,572497e-01
1,019355e+00
1,028984e+00
4,809917e-01
-3,275236e-01
-9,581487e-01
-1,069259e+00
-6,006892e-01
1,934534e-01
8,825340e-01
1,093323e+00
7,115621e-01
-5,575640e-02
-7,924502e-01
-1,099446e+00
-8,103681e-01
-8,197776e-02
6,906231e-01
1,088886e+00
8,970150e-01
2,190216e-01
-5,773643e-01
-1,060527e+00
-9,687088e-01
-3,517288e-01
4,557858e-01
1,016125e+00
1,025764e+00
4,795071e-01
-3,264591e-01
-9,551156e-01
-1,065898e+00
-5,988513e-01
1,928061e-01
8,797414e-01
1,089870e+00
7,093797e-01
-5,552480e-02
-7,899471e-01
-1,095982e+00
-8,078353e-01
-8,175804e-02
6,884139e-01
1,085452e+00
8,942061e-01
2,183594e-01
-5,754937e-01
-1,057162e+00
-9,656742e-01
-3,506614e-01
4,543101e-01
1,012897e+00
1,022544e+00
4,780433e-01
-3,254095e-01
-9,520914e-01
-1,062541e+00
-5,970014e-01
1,921588e-01
8,769340e-01
1,086450e+00
7,071498e-01
-5,531101e-02
-7,874218e-01
-1,092526e+00
-8,053055e-01
-8,154425e-02
6,862241e-01
1,082021e+00
8,914120e-01
2,177225e-01
-5,736602e-01
-1,053844e+00
-9,626352e-01
-3,495761e-01
4,528403e-01
1,009702e+00
1,019346e+00
4,765557e-01
-3,243286e-01
-9,490479e-01
-1,059210e+00
-5,951575e-01
1,915264e-01
8,741474e-01
1,083013e+00
7,049764e-01
-5,511356e-02
-7,849009e-01
-1,089074e+00
-8,028039e-01
-8,131265e-02
6,840417e-01
1,078629e+00
8,886209e-01
2,170916e-01
-5,718163e-01
-1,050499e+00
-9,596288e-01
-3,485354e-01
4,513750e-01
1,006519e+00
1,016147e+00
4,750993e-01
-3,232701e-01
-9,460475e-01
-1,055881e+00
-5,932750e-01
1,908791e-01
8,713741e-01
1,079637e+00
7,027717e-01
-5,489383e-02
-7,823874e-01
-1,085643e+00
-8,003172e-01
-8,110777e-02
6,818460e-01
1,075208e+00
8,858729e-01
2,164309e-01
-5,699962e-01
-1,047199e+00
-9,566225e-01
-3,474605e-01
4,499320e-01
1,003339e+00
1,012965e+00
4,736354e-01
-3,222145e-01
-9,430590e-01
-1,052566e+00
-5,914727e-01
1,902407e-01
8,686171e-01
1,076243e+00
7,005938e-01
-5,468302e-02
-7,799200e-01
-1,082255e+00
-7,978126e-01
-8,088062e-02
6,796799e-01
1,071850e+00
8,831056e-01
2,157895e-01
-5,681686e-01
-1,043885e+00
-9,536517e-01
-3,464243e-01
4,484978e-01
1,000160e+00
1,009816e+00
4,722102e-01
-3,211813e-01
-9,400942e-01
-1,049284e+00
-5,896496e-01
1,896127e-01
8,658944e-01
1,072888e+00
6,984292e-01
-5,445735e-02
-7,774600e-01
-1,078851e+00
-7,953526e-01
-8,067723e-02
6,775302e-01
1,068495e+00
8,803783e-01
2,151541e-01
-5,663514e-01
-1,040640e+00
-9,506944e-01
-3,453627e-01
4,470503e-01
9,970294e-01
1,006681e+00
4,707523e-01
-3,201405e-01
-9,371294e-01
-1,046025e+00
-5,878680e-01
1,889847e-01
8,631641e-01
1,069529e+00
6,963047e-01
-5,426287e-02
-7,750133e-01
-1,075497e+00
-7,928911e-01
-8,046345e-02
6,754012e-01
1,065165e+00
8,776436e-01
2,145306e-01
-5,645669e-01
-1,037386e+00
-9,477608e-01
-3,443354e-01
4,456206e-01
9,939325e-01
1,003559e+00
4,693300e-01
-3,190968e-01
-9,342151e-01
-1,042805e+00
-5,860330e-01
1,883716e-01
8,604577e-01
1,066242e+00
6,941758e-01
-5,404166e-02
-7,725904e-01
-1,072176e+00
-7,904816e-01
-8,024521e-02
6,732931e-01
1,061852e+00
8,749713e-01
2,139145e-01
-5,627943e-01
-1,034169e+00
-9,448390e-01
-3,433021e-01
4,442206e-01
9,908593e-01
1,000487e+00
4,679167e-01
-3,180769e-01
-9,313186e-01
-1,039587e+00
-5,842797e-01
1,877406e-01
8,577957e-01
1,062960e+00
6,920750e-01
-5,385014e-02
-7,701972e-01
-1,068882e+00
-7,880602e-01
-8,003588e-02
6,711760e-01
1,058595e+00
8,723049e-01
2,132894e-01
-5,610380e-01
-1,030981e+00
-9,419722e-01
-3,423059e-01
4,428295e-01
9,878084e-01
9,974302e-01
4,665404e-01
-3,170748e-01
-9,284562e-01
-1,036413e+00
-5,825338e-01
1,871334e-01
8,551561e-01
1,059726e+00
6,899698e-01
-5,364081e-02
-7,678114e-01
-1,065616e+00
-7,857041e-01
-7,983694e-02
6,691020e-01
1,055359e+00
8,696772e-01
2,126674e-01
-5,592936e-01
-1,027849e+00
-9,391292e-01
-3,412741e-01
4,414474e-01
9,847813e-01
9,944328e-01
4,651375e-01
-3,160831e-01
-9,256236e-01
-1,033282e+00
-5,808042e-01
1,865232e-01
8,525476e-01
1,056511e+00
6,879196e-01
-5,344187e-02
-7,654717e-01
-1,062387e+00
-7,833495e-01
-7,964987e-02
6,670562e-01
1,052187e+00
8,670717e-01
2,120661e-01
-5,575744e-01
-1,024750e+00
-9,363099e-01
-3,402943e-01
4,400741e-01
9,818120e-01
9,914606e-01
4,637850e-01
-3,150913e-01
-9,228162e-01
-1,030211e+00
-5,790880e-01
1,859383e-01
8,499688e-01
1,053357e+00
6,858841e-01
-5,324145e-02
-7,631408e-01
-1,059219e+00
-7,810320e-01
-7,943757e-02
6,650534e-01
1,049031e+00
8,645062e-01
2,114752e-01
-5,558804e-01
-1,021680e+00
-9,335411e-01
-3,393189e-01
4,387409e-01
9,788754e-01
9,885180e-01
4,624429e-01
-3,141145e-01
-9,200756e-01
-1,027142e+00
-5,773940e-01
1,853370e-01
8,474272e-01
1,050252e+00
6,838859e-01
-5,306478e-02
-7,608679e-01
-1,056082e+00
-7,787709e-01
-7,922082e-02
6,630522e-01
1,045928e+00
8,619913e-01
2,109022e-01
-5,542132e-01
-1,018656e+00
-9,308034e-01
-3,383687e-01
4,374255e-01
9,759968e-01
9,856305e-01
4,611245e-01
-3,131584e-01
-9,173483e-01
-1,024149e+00
-5,757387e-01
1,847565e-01
8,449285e-01
1,047177e+00
6,819113e-01
-5,284506e-02
-7,586008e-01
-1,053019e+00
-7,764890e-01
-7,903079e-02
6,610687e-01
1,042883e+00
8,594971e-01
2,103098e-01
-5,525623e-01
-1,015685e+00
-9,281356e-01
-3,373948e-01
4,361161e-01
9,731582e-01
9,827830e-01
4,598270e-01
-3,122141e-01
-9,146552e-01
-1,021184e+00
-5,741175e-01
1,841968e-01
8,424715e-01
1,044138e+00
6,799991e-01
-5,266096e-02
-7,563962e-01
-1,049972e+00
-7,742918e-01
-7,884373e-02
6,591625e-01
1,039896e+00
8,570490e-01
2,097427e-01
-5,509530e-01
-1,012763e+00
-9,254929e-01
-3,364758e-01
4,348245e-01
9,703478e-01
9,800008e-01
4,585413e-01
-3,112967e-01
-9,120349e-01
-1,018297e+00
-5,725067e-01
1,836356e-01
8,400441e-01
1,041198e+00
6,780810e-01
-5,246796e-02
-7,542257e-01
-1,046988e+00
-7,721302e-01
-7,866557e-02
6,572711e-01
1,036940e+00
8,546587e-01
2,091889e-01
-5,493496e-01
-1,009897e+00
-9,228830e-01
-3,355598e-01
4,335670e-01
9,676057e-01
9,772527e-01
4,572868e-01
-3,103866e-01
-9,094635e-01
-1,015446e+00
-5,709092e-01
1,830700e-01
8,376806e-01
1,038302e+00
6,762193e-01
-5,229278e-02
-7,520923e-01
-1,044067e+00
-7,699968e-01
-7,846663e-02
6,554168e-01
1,034063e+00
8,523086e-01
2,086530e-01
-5,478026e-01
-1,007076e+00
-9,203517e-01
-3,346675e-01
4,323392e-01
9,649274e-01
9,745596e-01
4,560664e-01
-3,094735e-01
-9,069322e-01
-1,012658e+00
-5,693712e-01
1,825548e-01
8,353631e-01
1,035445e+00
6,743991e-01
-5,210423e-02
-7,500094e-01
-1,041224e+00
-7,679243e-01
-7,829887e-02
6,536026e-01
1,031231e+00
8,499896e-01
2,081037e-01
-5,462838e-01
-1,004344e+00
-9,178709e-01
-3,338065e-01
4,311456e-01
9,622922e-01
9,719393e-01
4,548520e-01
-3,086154e-01
-9,044707e-01
-1,009935e+00
-5,678687e-01
1,820085e-01
8,330828e-01
1,032666e+00
6,726102e-01
-5,192608e-02
-7,479725e-01
-1,038428e+00
-7,658681e-01
-7,812517e-02
6,518091e-01
1,028457e+00
8,477434e-01
2,075959e-01
-5,447918e-01
-1,001663e+00
-9,154332e-01
-3,329528e-01
4,299623e-01
9,597223e-01
9,693857e-01
4,536836e-01
-3,077514e-01
-9,020552e-01
-1,007252e+00
-5,664227e-01
1,815067e-01
8,308603e-01
1,029945e+00
6,708687e-01
-5,175831e-02
-7,459756e-01
-1,035695e+00
-7,638905e-01
-7,797374e-02
6,500751e-01
1,025761e+00
8,455447e-01
2,070971e-01
-5,433369e-01
-9,990321e-01
-9,130696e-01
-3,321095e-01
4,288088e-01
9,572237e-01
9,668812e-01
4,525301e-01
-3,069185e-01
-8,997051e-01
-1,004665e+00
-5,649796e-01
1,809901e-01
8,286957e-01
1,027290e+00
6,691777e-01
-5,158610e-02
-7,440382e-01
-1,033031e+00
-7,619576e-01
-7,779410e-02
6,483723e-01
1,023153e+00
8,434053e-01
2,065849e-01
-5,419086e-01
-9,964548e-01
-9,107640e-01
-3,313123e-01
4,276805e-01
9,547637e-01
9,644434e-01
4,514225e-01
-3,061124e-01
-8,974039e-01
-1,002144e+00
-5,635707e-01
1,804972e-01
8,265712e-01
1,024725e+00
6,675105e-01
-5,143170e-02
-7,421201e-01
-1,030432e+00
-7,600855e-01
-7,764118e-02
6,467362e-01
1,020575e+00
8,413343e-01
2,061187e-01
-5,405428e-01
-9,939933e-01
-9,085208e-01
-3,305106e-01
4,265893e-01
9,523913e-01
9,620710e-01
4,503358e-01
-3,053255e-01
-8,951755e-01
-9,996779e-01
-5,622183e-01
1,800206e-01
8,245299e-01
1,022207e+00
6,659056e-01
-5,125206e-02
-7,403059e-01
-1,027929e+00
-7,582401e-01
-7,748678e-02
6,451358e-01
1,018118e+00
8,393078e-01
2,056540e-01
-5,391859e-01
-9,915541e-01
-9,063488e-01
-3,297520e-01
4,255322e-01
9,500872e-01
9,597773e-01
4,492936e-01
-3,045520e-01
-8,930050e-01
-9,972877e-01
-5,609029e-01
1,795604e-01
8,225479e-01
1,019786e+00
6,643408e-01
-5,111250e-02
-7,385125e-01
-1,025484e+00
-7,564823e-01
-7,733684e-02
6,435784e-01
1,015691e+00
8,373496e-01
2,052101e-01
-5,379076e-01
-9,892485e-01
-9,042287e-01
-3,290260e-01
4,245034e-01
9,478573e-01
9,575400e-01
4,482573e-01
-3,038067e-01
-8,909087e-01
-9,949865e-01
-5,596365e-01
1,791061e-01
8,206209e-01
1,017427e+00
6,628458e-01
-5,094326e-02
-7,367977e-01
-1,023130e+00
-7,547542e-01
-7,721064e-02
6,420715e-01
1,013345e+00
8,354671e-01
2,047900e-01
-5,366382e-01
-9,869666e-01
-9,021844e-01
-3,283000e-01
4,235042e-01
9,457075e-01
9,553813e-01
4,473012e-01
-3,030808e-01
-8,888837e-01
-9,927522e-01
-5,584191e-01
1,786755e-01
8,187577e-01
1,015157e+00
6,613909e-01
-5,077995e-02
-7,351231e-01
-1,020844e+00
-7,531196e-01
-7,705624e-02
6,406151e-01
1,011115e+00
8,336365e-01
2,043595e-01
-5,354298e-01
-9,847872e-01
-9,002217e-01
-3,276141e-01
4,225482e-01
9,436053e-01
9,533014e-01
4,463674e-01
-3,023978e-01
-8,869463e-01
-9,905921e-01
-5,572270e-01
1,782346e-01
8,169731e-01
1,012965e+00
6,599805e-01
-5,064633e-02
-7,335078e-01
-1,018656e+00
-7,515222e-01
-7,693450e-02
6,392181e-01
1,008957e+00
8,318862e-01
2,039571e-01
-5,342510e-01
-9,826820e-01
-8,983288e-01
-3,269490e-01
4,216143e-01
9,415937e-01
9,513164e-01
4,454618e-01
-3,017223e-01
-8,850504e-01
-9,885344e-01
-5,560853e-01
1,778367e-01
8,152525e-01
1,010853e+00
6,586443e-01
-5,049787e-02
-7,319668e-01
-1,016531e+00
-7,499960e-01
-7,681573e-02
6,378834e-01
1,006871e+00
8,301892e-01
2,035815e-01
-5,331152e-01
-9,806733e-01
-8,965057e-01
-3,263151e-01
4,207221e-01
9,396696e-01
9,493998e-01
4,445769e-01
-3,010795e-01
-8,832496e-01
-9,865539e-01
-5,550178e-01
1,774492e-01
8,135912e-01
1,008838e+00
6,573512e-01
-5,037168e-02
-7,304896e-01
-1,014518e+00
-7,485158e-01
-7,670290e-02
6,365948e-01
1,004880e+00
8,285695e-01
2,032163e-01
-5,320612e-01
-9,787374e-01
-8,947702e-01
-3,257034e-01
4,198565e-01
9,378361e-01
9,475737e-01
4,437337e-01
-3,004604e-01
-8,815274e-01
-9,846640e-01
-5,539653e-01
1,770810e-01
8,120041e-01
1,006911e+00
6,561205e-01
-5,023955e-02
-7,290569e-01
-1,012596e+00
-7,471277e-01
-7,657374e-02
6,353551e-01
1,002969e+00
8,270522e-01
2,028719e-01
-5,310204e-01
-9,768727e-01
-8,931149e-01
-3,251407e-01
4,190727e-01
9,360827e-01
9,458129e-01
4,429676e-01
-2,998666e-01
-8,798735e-01
-9,828305e-01
-5,529780e-01
1,767040e-01
8,105032e-01
1,005069e+00
6,549536e-01
-5,010593e-02
-7,276940e-01
-1,010747e+00
-7,457812e-01
-7,647724e-02
6,341748e-01
1,001170e+00
8,255676e-01
2,025378e-01
-5,300332e-01
-9,751253e-01
-8,915441e-01
-3,245988e-01
4,182843e-01
9,343962e-01
9,441457e-01
4,422075e-01
-2,993069e-01
-8,783028e-01
-9,811113e-01
-5,520560e-01
1,763551e-01
8,090482e-01
1,003329e+00
6,538342e-01
-4,997380e-02
-7,264232e-01
-1,009010e+00
-7,445118e-01
-7,638223e-02
6,330525e-01
9,994374e-01
8,241676e-01
2,022172e-01
-5,291023e-01
-9,734670e-01
-8,900447e-01
-3,240688e-01
4,175539e-01
9,328121e-01
9,425839e-01
4,415023e-01
-2,987769e-01
-8,768137e-01
-9,795005e-01
-5,511519e-01
1,760388e-01
8,076868e-01
1,001655e+00
6,528083e-01
-4,985800e-02
-7,252162e-01
-1,007349e+00
-7,433479e-01
-7,631096e-02
6,320206e-01
9,978177e-01
8,228522e-01
2,019366e-01
-5,282219e-01
-9,718992e-01
-8,886298e-01
-3,236027e-01
4,168353e-01
9,313127e-01
9,410978e-01
4,408253e-01
-2,982691e-01
-8,754123e-01
-9,779802e-01
-5,503086e-01
1,757271e-01
8,064026e-01
1,000111e+00
6,518195e-01
-4,976150e-02
-7,240671e-01
-1,005784e+00
-7,422285e-01
-7,621149e-02
6,310126e-01
9,962826e-01
8,216259e-01
2,016753e-01
-5,273876e-01
-9,703879e-01
-8,873070e-01
-3,231410e-01
4,161776e-01
9,299171e-01
9,397022e-01
4,402062e-01
-2,977836e-01
-8,741102e-01
-9,765297e-01
-5,495144e-01
1,754227e-01
8,052016e-01
9,986580e-01
6,508887e-01
-4,964570e-02
-7,229952e-01
-1,004338e+00
-7,411788e-01
-7,612390e-02
6,300802e-01
9,948499e-01
8,204783e-01
2,014140e-01
-5,265963e-01
-9,689983e-01
-8,860792e-01
-3,227312e-01
4,155719e-01
9,285824e-01
9,383958e-01
4,396361e-01
-2,973427e-01
-8,728884e-01
-9,751906e-01
-5,487958e-01
1,751406e-01
8,040822e-01
9,973011e-01
6,500009e-01
-4,953287e-02
-7,219931e-01
-1,002975e+00
-7,401871e-01
-7,607639e-02
6,291969e-01
9,935197e-01
8,194064e-01
2,011883e-01
-5,258822e-01
-9,677348e-01
-8,849287e-01
-3,223259e-01
4,149900e-01
9,273517e-01
9,371932e-01
4,391002e-01
-2,969196e-01
-8,717245e-01
-9,739435e-01
-5,481292e-01
1,748987e-01
8,030415e-01
9,960198e-01
6,492348e-01
-4,943934e-02
-7,210652e-01
-1,001715e+00
-7,392993e-01
-7,602443e-02
6,283922e-01
9,922845e-01
8,184028e-01
2,009626e-01
-5,252052e-01
-9,665457e-01
-8,838672e-01
-3,219651e-01
4,144510e-01
9,262442e-01
9,360857e-01
4,385939e-01
-2,965232e-01
-8,706659e-01
-9,727959e-01
-5,475235e-01
1,746581e-01
8,020661e-01
9,948722e-01
6,485133e-01
-4,934878e-02
-7,201967e-01
-1,000560e+00
-7,384590e-01
-7,596208e-02
6,276559e-01
9,911532e-01
8,175061e-01
2,007815e-01
-5,245846e-01
-9,654470e-01
-8,828962e-01
-3,216638e-01
4,139567e-01
9,252034e-01
9,350702e-01
4,381604e-01
-2,961624e-01
-8,697158e-01
-9,717611e-01
-5,469549e-01
1,744355e-01
8,011946e-01
9,938226e-01
6,478408e-01
-4,925376e-02
-7,194113e-01
-9,995191e-01
-7,377197e-01
-7,591457e-02
6,269789e-01
9,901125e-01
8,166985e-01
2,006212e-01
-5,240264e-01
-9,644479e-01
-8,820114e-01
-3,213624e-01
4,135246e-01
9,242622e-01
9,341438e-01
4,377581e-01
-2,958418e-01
-8,688384e-01
-9,708169e-01
-5,464575e-01
1,742261e-01
8,003944e-01
9,928591e-01
6,472528e-01
-4,917508e-02
-7,186794e-01
-9,985615e-01
-7,370412e-01
-7,588042e-02
6,263583e-01
9,892143e-01
8,159695e-01
2,004594e-01
-5,234934e-01
-9,635601e-01
-8,812424e-01
-3,211070e-01
4,131060e-01
9,234160e-01
9,333377e-01
4,373973e-01
-2,955537e-01
-8,680411e-01
-9,699751e-01
-5,459973e-01
1,740346e-01
7,996907e-01
9,920069e-01
6,467228e-01
-4,909194e-02
-7,180737e-01
-9,977242e-01
-7,364577e-01
-7,585370e-02
6,258149e-01
9,883770e-01
8,153029e-01
2,003257e-01
-5,230614e-01
-9,627822e-01
-8,805357e-01
-3,208769e-01
4,127675e-01
9,226855e-01
9,326087e-01
4,370841e-01
-2,952776e-01
-8,673686e-01
-9,692254e-01
-5,456232e-01
1,738758e-01
7,990523e-01
9,912646e-01
6,462641e-01
-4,902364e-02
-7,175125e-01
-9,969997e-01
-7,359426e-01
-7,583292e-02
6,253413e-01
9,876659e-01
8,147462e-01
2,002218e-01
-5,226412e-01
-9,620888e-01
-8,799359e-01
-3,206854e-01
4,124275e-01
9,220234e-01
9,319822e-01
4,368109e-01
-2,950430e-01
-8,667658e-01
-9,685885e-01
-5,452906e-01
1,737228e-01
7,985282e-01
9,906336e-01
6,458885e-01
-4,897020e-02
-7,170300e-01
-9,963568e-01
-7,355002e-01
-7,581510e-02
6,249212e-01
9,870498e-01
8,142786e-01
2,001402e-01
-5,223117e-01
-9,615158e-01
-8,794430e-01
-3,205562e-01
4,121603e-01
9,214845e-01
9,314626e-01
4,366001e-01
-2,948560e-01
-8,662833e-01
-9,680659e-01
-5,450189e-01
1,735966e-01
7,980621e-01
9,901125e-01
6,455619e-01
-4,889151e-02
-7,166366e-01
-9,958417e-01
-7,351498e-01
-7,581510e-02
6,245738e-01
9,865450e-01
8,138851e-01
2,000838e-01
-5,220177e-01
-9,610348e-01
-8,790332e-01
-3,204033e-01
4,119316e-01
9,210317e-01
9,310365e-01
4,364397e-01
-2,946778e-01
-8,658587e-01
-9,676487e-01
-5,448081e-01
1,734823e-01
7,977013e-01
9,896805e-01
6,453124e-01
-4,883510e-02
-7,163159e-01
-9,954408e-01
-7,348722e-01
-7,583440e-02
6,242991e-01
9,861590e-01
8,135867e-01
2,000288e-01
-5,217846e-01
-9,606577e-01
-8,787289e-01
-3,203350e-01
4,117431e-01
9,206798e-01
9,307247e-01
4,363239e-01
-2,945531e-01
-8,655425e-01
-9,673281e-01
-5,446507e-01
1,734007e-01
7,974133e-01
9,893806e-01
6,451358e-01
-4,878462e-02
-7,160501e-01
-9,951142e-01
-7,346955e-01
-7,584182e-02
6,240883e-01
9,858665e-01
8,133833e-01
2,000214e-01
-5,216228e-01
-9,604023e-01
-8,784988e-01
-3,202771e-01
4,116095e-01
9,204438e-01
9,305095e-01
4,362349e-01
-2,944358e-01
-8,653257e-01
-9,671098e-01
-5,445468e-01
1,733131e-01
7,972129e-01
9,891742e-01
6,450422e-01
-4,875344e-02
-7,158661e-01
-9,949227e-01
-7,345604e-01
-7,585519e-02
6,239532e-01
9,856839e-01
8,132616e-01
2,000066e-01
-5,215144e-01
-9,602256e-01
-8,783770e-01
-3,202801e-01
4,115159e-01
9,203087e-01
9,303952e-01
4,362230e-01
-2,943646e-01
-8,652085e-01
-9,670014e-01
-5,445305e-01
1,732671e-01
7,971223e-01
9,890674e-01
6,449784e-01
-4,870594e-02
-7,158156e-01
-9,948514e-01
-7,345381e-01
-7,588191e-02
6,238775e-01
9,856156e-01
8,132304e-01
2,000362e-01
-5,214372e-01
-9,601766e-01
-8,783696e-01
-3,202875e-01
4,114684e-01
9,202478e-01
9,303729e-01
4,362319e-01
-2,943334e-01
-8,651758e-01
-9,669896e-01
-5,445632e-01
1,732344e-01
7,971015e-01
9,890837e-01
6,450111e-01
-4,865991e-02
-7,158007e-01
-9,948633e-01
-7,345634e-01
-7,592942e-02
6,238730e-01
9,856542e-01
8,132794e-01
2,000763e-01
-5,214328e-01
-9,602256e-01
-8,784305e-01
-3,203380e-01
4,114669e-01
9,203027e-01
9,304679e-01
4,363017e-01
-2,943230e-01
-8,652040e-01
-9,670935e-01
-5,446552e-01
1,732166e-01
7,971594e-01
9,891965e-01
6,451284e-01
-4,863170e-02
-7,158542e-01
-9,949850e-01
-7,347074e-01
-7,597544e-02
6,239458e-01
9,857967e-01
8,134338e-01
2,001565e-01
-5,214936e-01
-9,603889e-01
-8,785953e-01
-3,204256e-01
4,114996e-01
9,204645e-01
9,306624e-01
4,364145e-01
-2,943408e-01
-8,653807e-01
-9,673117e-01
-5,447636e-01
1,732240e-01
7,973094e-01
9,894311e-01
6,453050e-01
-4,861537e-02
-7,160071e-01
-9,952330e-01
-7,349152e-01
-7,602740e-02
6,240750e-01
9,860298e-01
8,136728e-01
2,002337e-01
-5,215990e-01
-9,606235e-01
-8,788684e-01
-3,205577e-01
4,115991e-01
9,207288e-01
9,309504e-01
4,365912e-01
-2,943943e-01
-8,656464e-01
-9,676265e-01
-5,449981e-01
1,732329e-01
7,975603e-01
9,897636e-01
6,455515e-01
-4,860053e-02
-7,162209e-01
-9,955997e-01
-7,351869e-01
-7,608827e-02
6,242561e-01
9,863980e-01
8,140039e-01
2,003436e-01
-5,217831e-01
-9,609917e-01
-8,792277e-01
-3,207388e-01
4,117386e-01
9,210851e-01
9,313364e-01
4,368050e-01
-2,944997e-01
-8,660012e-01
-9,680362e-01
-5,452565e-01
1,732745e-01
7,978973e-01
9,902135e-01
6,458632e-01
-4,857529e-02
-7,165282e-01
-9,960555e-01
-7,355566e-01
-7,616547e-02
6,245263e-01
9,868731e-01
8,144226e-01
2,004831e-01
-5,219940e-01
-9,614564e-01
-8,796835e-01
-3,209051e-01
4,119108e-01
9,215349e-01
9,318442e-01
4,370648e-01
-2,946110e-01
-8,664051e-01
-9,685647e-01
-5,455875e-01
1,733309e-01
7,983026e-01
9,907465e-01
6,462730e-01
-4,857232e-02
-7,169290e-01
-9,966033e-01
-7,360094e-01
-7,624713e-02
6,248856e-01
9,874640e-01
8,149110e-01
2,006331e-01
-5,222775e-01
-9,620280e-01
-8,802432e-01
-3,211486e-01
4,121217e-01
9,220932e-01
9,324425e-01
4,373676e-01
-2,947595e-01
-8,669544e-01
-9,692046e-01
-5,459661e-01
1,734140e-01
7,987999e-01
9,914116e-01
6,467124e-01
-4,856341e-02
-7,173670e-01
-9,972907e-01
-7,365364e-01
-7,632878e-02
6,252775e-01
9,881276e-01
8,155004e-01
2,008112e-01
-5,226323e-01
-9,627094e-01
-8,808831e-01
-3,214143e-01
4,123948e-01
9,227523e-01
9,331328e-01
4,377195e-01
-2,949376e-01
-8,675809e-01
-9,699380e-01
-5,464070e-01
1,735076e-01
7,993863e-01
9,921732e-01
6,472395e-01
-4,856935e-02
-7,178911e-01
-9,980820e-01
-7,371377e-01
-7,642083e-02
6,257422e-01
9,889070e-01
8,161759e-01
2,010042e-01
-5,230169e-01
-9,634799e-01
-8,816209e-01
-3,217187e-01
4,127155e-01
9,235243e-01
9,339152e-01
4,381189e-01
-2,951618e-01
-8,683143e-01
-9,707724e-01
-5,468910e-01
1,736189e-01
8,000604e-01
9,930357e-01
6,478348e-01
-4,857974e-02
-7,184938e-01
-9,989594e-01
-7,378147e-01
-7,652920e-02
6,262766e-01
9,898215e-01
8,169360e-01
2,012388e-01
-5,234578e-01
-9,643603e-01
-8,824642e-01
-3,220394e-01
4,130659e-01
9,243572e-01
9,348164e-01
4,385806e-01
-2,954172e-01
-8,691189e-01
-9,717092e-01
-5,474537e-01
1,737525e-01
8,008234e-01
9,940097e-01
6,484925e-01
-4,858717e-02
-7,192109e-01
-9,999288e-01
-7,385807e-01
-7,665391e-02
6,268839e-01
9,907865e-01
8,177823e-01
2,014763e-01
-5,239655e-01
-9,653476e-01
-8,833847e-01
-3,224090e-01
4,134459e-01
9,253222e-01
9,358051e-01
4,390705e-01
-2,956770e-01
-8,700305e-01
-9,727573e-01
-5,480743e-01
1,739069e-01
8,016563e-01
9,950994e-01
6,492200e-01
-4,859904e-02
-7,199547e-01
-1,001039e+00
-7,394166e-01
-7,676823e-02
6,275430e-01
9,918881e-01
8,187295e-01
2,017317e-01
-5,245178e-01
-9,664195e-01
-8,843957e-01
-3,228173e-01
4,138943e-01
9,263718e-01
9,368889e-01
4,396079e-01
-2,959991e-01
-8,710297e-01
-9,739020e-01
-5,487305e-01
1,740717e-01
8,025723e-01
9,962752e-01
6,500098e-01
-4,862280e-02
-7,207935e-01
-1,002224e+00
-7,403370e-01
-7,689442e-02
6,282646e-01
9,930803e-01
8,197449e-01
2,020108e-01
-5,251324e-01
-9,675968e-01
-8,855077e-01
-3,232582e-01
4,143694e-01
9,275016e-01
9,380721e-01
4,401914e-01
-2,963391e-01
-8,721090e-01
-9,751372e-01
-5,494565e-01
1,742528e-01
8,035863e-01
9,975490e-01
6,508783e-01
-4,865397e-02
-7,217080e-01
-1,003548e+00
-7,413124e-01
-7,702358e-02
6,290766e-01
9,943986e-01
8,208376e-01
2,023107e-01
-5,258065e-01
-9,688780e-01
-8,867087e-01
-3,237021e-01
4,148875e-01
9,287354e-01
9,393608e-01
4,408313e-01
-2,967043e-01
-8,732655e-01
-9,764748e-01
-5,502463e-01
1,744681e-01
8,046701e-01
9,989356e-01
6,518151e-01
-4,868812e-02
-7,226760e-01
-1,004933e+00
-7,423769e-01
-7,718541e-02
6,299451e-01
9,957912e-01
8,220179e-01
2,026418e-01
-5,265295e-01
-9,702587e-01
-8,879825e-01
-3,242099e-01
4,154576e-01
9,300685e-01
9,407326e-01
4,414785e-01
-2,970784e-01
-8,745126e-01
-9,779164e-01
-5,510955e-01
1,746819e-01
8,058118e-01
1,000408e+00
6,528113e-01
-4,873563e-02
-7,237123e-01
-1,006436e+00
-7,435201e-01
-7,733684e-02
6,308463e-01
9,972892e-01
8,232783e-01
2,029773e-01
-5,273044e-01
-9,717166e-01
-8,893617e-01
-3,247533e-01
4,160574e-01
9,314849e-01
9,421771e-01
4,422119e-01
-2,975238e-01
-8,758784e-01
-9,794411e-01
-5,519551e-01
1,749135e-01
8,070692e-01
1,002001e+00
6,538431e-01
-4,876829e-02
-7,248198e-01
-1,008038e+00
-7,447226e-01
-7,748233e-02
6,318187e-01
9,988851e-01
8,246278e-01
2,033410e-01
-5,281076e-01
-9,732725e-01
-8,908285e-01
-3,252922e-01
4,167062e-01
9,329829e-01
9,437330e-01
4,429557e-01
-2,979811e-01
-8,772888e-01
-9,810652e-01
-5,529171e-01
1,751763e-01
8,083920e-01
1,003654e+00
6,549744e-01
-4,880095e-02
-7,260402e-01
-1,009739e+00
-7,459890e-01
-7,766345e-02
6,328491e-01
1,000560e+00
8,260501e-01
2,037136e-01
-5,289687e-01
-9,749293e-01
-8,923726e-01
-3,258890e-01
4,173950e-01
9,345803e-01
9,453943e-01
4,437545e-01
-2,984666e-01
-8,787838e-01
-9,827904e-01
-5,539267e-01
1,754435e-01
8,097831e-01
1,005423e+00
6,561680e-01
-4,886034e-02
-7,272902e-01
-1,011503e+00
-7,473400e-01
-7,783864e-02
6,339744e-01
1,002349e+00
8,275466e-01
2,041382e-01
-5,298981e-01
-9,766960e-01
-8,939893e-01
-3,265259e-01
4,181062e-01
9,362653e-01
9,471150e-01
4,445859e-01
-2,989624e-01
-8,803932e-01
-9,846016e-01
-5,549718e-01
1,757360e-01
8,112336e-01
1,007294e+00
6,574076e-01
-4,891972e-02
-7,286085e-01
-1,013397e+00
-7,487593e-01
-7,801828e-02
6,351190e-01
1,004225e+00
8,291084e-01
2,045450e-01
-5,308601e-01
-9,785087e-01
-8,957011e-01
-3,271865e-01
4,188678e-01
9,380320e-01
9,489321e-01
4,454841e-01
-2,994999e-01
-8,820500e-01
-9,864960e-01
-5,560600e-01
1,760255e-01
8,127895e-01
1,009246e+00
6,587067e-01
-4,897911e-02
-7,299937e-01
-1,015375e+00
-7,502528e-01
-7,819792e-02
6,363260e-01
1,006178e+00
8,307727e-01
2,049756e-01
-5,318741e-01
-9,804209e-01
-8,974796e-01
-3,278606e-01
4,196710e-01
9,398715e-01
9,508265e-01
4,463986e-01
-3,000744e-01
-8,838048e-01
-9,884661e-01
-5,572106e-01
1,763358e-01
8,144122e-01
1,011277e+00
6,600577e-01
-4,902513e-02
-7,314531e-01
-1,017424e+00
-7,517998e-01
-7,839240e-02
6,375939e-01
1,008223e+00
8,324948e-01
2,054269e-01
-5,329163e-01
-9,824281e-01
-8,993518e-01
-3,285658e-01
4,205083e-01
9,417911e-01
9,528174e-01
4,473547e-01
-3,006490e-01
-8,856086e-01
-9,905416e-01
-5,584087e-01
1,766891e-01
8,161106e-01
1,013391e+00
6,614844e-01
-4,910084e-02
-7,329704e-01
-1,019575e+00
-7,534062e-01
-7,861658e-02
6,389271e-01
1,010376e+00
8,342794e-01
2,059198e-01
-5,340491e-01
-9,845229e-01
-9,012966e-01
-3,293081e-01
4,213619e-01
9,438132e-01
9,548825e-01
4,483612e-01
-3,012725e-01
-8,875119e-01
-9,927032e-01
-5,596335e-01
1,770306e-01
8,178506e-01
1,015603e+00
6,629572e-01
-4,917656e-02
-7,345559e-01
-1,021797e+00
-7,550853e-01
-7,882740e-02
6,403019e-01
1,012594e+00
8,361381e-01
2,064067e-01
-5,351863e-01
-9,866845e-01
-9,033083e-01
-3,300756e-01
4,222631e-01
9,458931e-01
9,570085e-01
4,493886e-01
-3,019049e-01
-8,894909e-01
-9,949242e-01
-5,609296e-01
1,773913e-01
8,196618e-01
1,017909e+00
6,644596e-01
-4,924634e-02
-7,361816e-01
-1,024107e+00
-7,568297e-01
-7,901891e-02
6,417241e-01
1,014875e+00
8,380815e-01
2,069071e-01
-5,363888e-01
-9,889397e-01
-9,053882e-01
-3,308758e-01
4,232147e-01
9,480488e-01
9,592339e-01
4,504679e-01
-3,025567e-01
-8,915070e-01
-9,972461e-01
-5,622554e-01
1,777432e-01
8,215428e-01
1,020271e+00
6,660274e-01
-4,932057e-02
-7,378800e-01
-1,026526e+00
-7,586157e-01
-7,925200e-02
6,431998e-01
1,017275e+00
8,400441e-01
2,074207e-01
-5,376300e-01
-9,912646e-01
-9,075498e-01
-3,316879e-01
4,241738e-01
9,502876e-01
9,615232e-01
4,515695e-01
-3,032604e-01
-8,936271e-01
-9,996304e-01
-5,636257e-01
1,781515e-01
8,234817e-01
1,022721e+00
6,676708e-01
-4,940074e-02
-7,396333e-01
-1,028980e+00
-7,604685e-01
-7,947914e-02
6,447260e-01
1,019717e+00
8,421152e-01
2,079790e-01
-5,389008e-01
-9,936786e-01
-9,097738e-01
-3,325297e-01
4,251670e-01
9,525977e-01
9,638897e-01
4,526963e-01
-3,039597e-01
-8,958065e-01
-1,002093e+00
-5,650479e-01
1,785568e-01
8,254978e-01
1,025248e+00
6,693440e-01
-4,948239e-02
-7,414312e-01
-1,031547e+00
-7,623777e-01
-7,971817e-02
6,463012e-01
1,022252e+00
8,442337e-01
2,085283e-01
-5,401909e-01
-9,961267e-01
-9,120735e-01
-3,333982e-01
4,262003e-01
9,549745e-01
9,663230e-01
4,538766e-01
-3,046856e-01
-8,980349e-01
-1,004626e+00
-5,664999e-01
1,789650e-01
8,275585e-01
1,027846e+00
6,710706e-01
-4,958038e-02
-7,432900e-01
-1,034160e+00
-7,643582e-01
-7,996610e-02
6,479120e-01
1,024847e+00
8,464028e-01
2,090895e-01
-5,415657e-01
-9,986818e-01
-9,144236e-01
-3,342964e-01
4,272633e-01
9,574078e-01
9,688008e-01
4,550910e-01
-3,054413e-01
-9,003450e-01
-1,007233e+00
-5,680053e-01
1,793837e-01
8,296934e-01
1,030513e+00
6,728343e-01
-4,966648e-02
-7,451992e-01
-1,036847e+00
-7,663446e-01
-8,021106e-02
6,495733e-01
1,027534e+00
8,486371e-01
2,096789e-01
-5,429212e-01
-1,001271e+00
-9,168465e-01
-3,351976e-01
4,283486e-01
9,598931e-01
9,713855e-01
4,563233e-01
-3,062044e-01
-9,026892e-01
-1,009904e+00
-5,695463e-01
1,798306e-01
8,318609e-01
1,033245e+00
6,746530e-01
-4,975853e-02
-7,471440e-01
-1,039592e+00
-7,684275e-01
-8,045454e-02
6,512687e-01
1,030245e+00
8,509383e-01
2,102757e-01
-5,443494e-01
-1,003961e+00
-9,193184e-01
-3,361343e-01
4,294605e-01
9,624763e-01
9,740148e-01
4,575718e-01
-3,069942e-01
-9,050957e-01
-1,012649e+00
-5,711111e-01
1,802759e-01
8,340760e-01
1,036051e+00
6,765221e-01
-4,987136e-02
-7,491557e-01
-1,042423e+00
-7,705506e-01
-8,071435e-02
6,530176e-01
1,033048e+00
8,532736e-01
2,108903e-01
-5,458251e-01
-1,006685e+00
-9,218437e-01
-3,370949e-01
4,306037e-01
9,651056e-01
9,766856e-01
4,588620e-01
-3,077989e-01
-9,075840e-01
-1,015433e+00
-5,727101e-01
1,807288e-01
8,363489e-01
1,038915e+00
6,783972e-01
-4,996192e-02
-7,511896e-01
-1,045305e+00
-7,726884e-01
-8,096822e-02
6,547903e-01
1,035907e+00
8,556683e-01
2,115109e-01
-5,473023e-01
-1,009466e+00
-9,244418e-01
-3,380777e-01
4,317751e-01
9,677660e-01
9,794233e-01
4,601862e-01
-3,086303e-01
-9,101019e-01
-1,018282e+00
-5,743565e-01
1,812113e-01
8,386783e-01
1,041823e+00
6,803302e-01
-5,005694e-02
-7,532755e-01
-1,048255e+00
-7,749168e-01
-8,124139e-02
6,566208e-01
1,038836e+00
8,581149e-01
2,121463e-01
-5,487988e-01
-1,012345e+00
-9,270830e-01
-3,390472e-01
4,329657e-01
9,705037e-01
9,822307e-01
4,615135e-01
-3,094750e-01
-9,126599e-01
-1,021192e+00
-5,760326e-01
1,816908e-01
8,410507e-01
1,044799e+00
6,823062e-01
-5,016829e-02
-7,554312e-01
-1,051264e+00
-7,771512e-01
-8,151307e-02
6,584647e-01
1,041801e+00
8,605705e-01
2,127906e-01
-5,503665e-01
-1,015234e+00
-9,297627e-01
-3,400790e-01
4,341727e-01
9,732814e-01
9,850782e-01
4,628823e-01
-3,103213e-01
-9,152802e-01
-1,024171e+00
-5,777325e-01
1,821777e-01
8,434558e-01
1,047832e+00
6,843342e-01
-5,027666e-02
-7,575869e-01
-1,054312e+00
-7,794286e-01
-8,179367e-02
6,603710e-01
1,044828e+00
8,631092e-01
2,134557e-01
-5,519477e-01
-1,018179e+00
-9,324914e-01
-3,411078e-01
4,353975e-01
9,761229e-01
9,879598e-01
4,642749e-01
-3,112016e-01
-9,179570e-01
-1,027178e+00
-5,794309e-01
1,826513e-01
8,459054e-01
1,050929e+00
6,863488e-01
-5,039543e-02
-7,597841e-01
-1,057415e+00
-7,817787e-01
-8,205347e-02
6,622698e-01
1,047907e+00
8,656954e-01
2,141253e-01
-5,535466e-01
-1,021181e+00
-9,352617e-01
-3,421515e-01
4,366684e-01
9,789927e-01
9,908890e-01
4,656734e-01
-3,120880e-01
-9,206531e-01
-1,030230e+00
-5,812110e-01
1,831635e-01
8,483981e-01
1,054051e+00
6,884214e-01
-5,048748e-02
-7,620288e-01
-1,060583e+00
-7,840992e-01
-8,234298e-02
6,642191e-01
1,051043e+00
8,682950e-01
2,147889e-01
-5,551722e-01
-1,024239e+00
-9,380959e-01
-3,432204e-01
4,379318e-01
9,819011e-01
9,938864e-01
4,671268e-01
-3,129980e-01
-9,234085e-01
-1,033327e+00
-5,829911e-01
1,836713e-01
8,509309e-01
1,057219e+00
6,905236e-01
-5,060031e-02
-7,642780e-01
-1,063762e+00
-7,865102e-01
-8,264138e-02
6,661847e-01
1,054207e+00
8,709242e-01
2,154956e-01
-5,567920e-01
-1,027335e+00
-9,409478e-01
-3,442834e-01
4,392130e-01
9,848614e-01
9,969136e-01
4,685610e-01
-3,139081e-01
-9,261759e-01
-1,036488e+00
-5,847949e-01
1,842117e-01
8,534844e-01
1,060430e+00
6,926540e-01
-5,073244e-02
-7,665955e-01
-1,066995e+00
-7,889346e-01
-8,294276e-02
6,681845e-01
1,057413e+00
8,735951e-01
2,161874e-01
-5,584681e-01
-1,030435e+00
-9,438473e-01
-3,453776e-01
4,405121e-01
9,878500e-01
9,999734e-01
4,700233e-01
-3,148256e-01
-9,289877e-01
-1,039668e+00
-5,866106e-01
1,847372e-01
8,560632e-01
1,063693e+00
6,948141e-01
-5,084527e-02
-7,689115e-01
-1,070264e+00
-7,913857e-01
-8,323672e-02
6,702110e-01
1,060638e+00
8,763194e-01
2,168807e-01
-5,601621e-01
-1,033612e+00
-9,467512e-01
-3,464836e-01
4,418482e-01
9,909053e-01
1,003066e+00
4,715184e-01
-3,157505e-01
-9,318516e-01
-1,042883e+00
-5,884248e-01
1,852465e-01
8,586880e-01
1,066982e+00
6,970025e-01
-5,097592e-02
-7,712587e-01
-1,073591e+00
-7,938635e-01
-8,352325e-02
6,722494e-01
1,063923e+00
8,790496e-01
2,175770e-01
-5,618649e-01
-1,036804e+00
-9,497071e-01
-3,476016e-01
4,431963e-01
9,939547e-01
1,006189e+00
4,730178e-01
-3,167081e-01
-9,347377e-01
-1,046132e+00
-5,902939e-01
1,857898e-01
8,613381e-01
1,070304e+00
6,991760e-01
-5,108281e-02
-7,736341e-01
-1,076929e+00
-7,963503e-01
-8,381720e-02
6,742937e-01
1,067234e+00
8,818154e-01
2,183104e-01
-5,635722e-01
-1,040042e+00
-9,526882e-01
-3,487061e-01
4,445190e-01
9,970368e-01
1,009341e+00
4,745158e-01
-3,176553e-01
-9,376282e-01
-1,049402e+00
-5,921942e-01
1,863377e-01
8,640000e-01
1,073654e+00
7,014073e-01
-5,120010e-02
-7,760229e-01
-1,080299e+00
-7,988712e-01
-8,412897e-02
6,763870e-01
1,070576e+00
8,845887e-01
2,190260e-01
-5,653033e-01
-1,043269e+00
-9,556975e-01
-3,498522e-01
4,458849e-01
1,000147e+00
1,012527e+00
4,760464e-01
-3,186188e-01
-9,405307e-01
-1,052707e+00
-5,940589e-01
1,868825e-01
8,666901e-01
1,077022e+00
7,036313e-01
-5,133074e-02
-7,784294e-01
-1,083685e+00
-8,014084e-01
-8,443926e-02
6,784937e-01
1,073937e+00
8,873931e-01
2,197475e-01
-5,670566e-01
-1,046537e+00
-9,587247e-01
-3,509820e-01
4,472507e-01
1,003277e+00
1,015733e+00
4,775830e-01
-3,195779e-01
-9,434880e-01
-1,056033e+00
-5,959637e-01
1,874348e-01
8,694025e-01
1,080423e+00
7,058612e-01
-5,146733e-02
-7,808672e-01
-1,087095e+00
-8,039694e-01
-8,473618e-02
6,806048e-01
1,077307e+00
8,902080e-01
2,204899e-01
-5,688218e-01
-1,049851e+00
-9,617578e-01
-3,521207e-01
4,486196e-01
1,006420e+00
1,018935e+00
4,791285e-01
-3,205592e-01
-9,464498e-01
-1,059379e+00
-5,978966e-01
1,879707e-01
8,721149e-01
1,083834e+00
7,081431e-01
-5,158758e-02
-7,833094e-01
-1,090540e+00
-8,065452e-01
-8,505092e-02
6,827100e-01
1,080694e+00
8,930614e-01
2,212188e-01
-5,705841e-01
-1,053152e+00
-9,648161e-01
-3,532654e-01
4,499988e-01
1,009595e+00
1,022176e+00
4,806710e-01
-3,215227e-01
-9,494250e-01
-1,062734e+00
-5,998207e-01
1,885275e-01
8,748392e-01
1,087276e+00
7,103923e-01
-5,170932e-02
-7,857590e-01
-1,093978e+00
-8,090943e-01
-8,534933e-02
6,848316e-01
1,084102e+00
8,959000e-01
2,219478e-01
-5,723508e-01
-1,056453e+00
-9,678952e-01
-3,544501e-01
4,513928e-01
1,012769e+00
1,025417e+00
4,822329e-01
-3,225011e-01
-9,523839e-01
-1,066104e+00
-6,017596e-01
1,890857e-01
8,775932e-01
1,090718e+00
7,126860e-01
-5,182512e-02
-7,882086e-01
-1,097457e+00
-8,116820e-01
-8,567001e-02
6,869605e-01
1,087532e+00
8,987505e-01
2,226960e-01
-5,741160e-01
-1,059781e+00
-9,709758e-01
-3,555962e-01
4,527884e-01
1,015945e+00
1,028676e+00
4,838036e-01
-3,234839e-01
-9,554006e-01
-1,069480e+00
-6,036926e-01
1,896469e-01
8,803442e-01
1,094156e+00
7,149530e-01
-5,194538e-02
-7,906835e-01
-1,100905e+00
-8,142845e-01
-8,598475e-02
6,891013e-01
1,090972e+00
9,016143e-01
2,234383e-01
-5,758901e-01
-1,063108e+00
-9,740623e-01
-3,567453e-01
4,541631e-01
1,019125e+00
1,031957e+00
4,853758e-01
-3,244875e-01
-9,583803e-01
-1,072867e+00
-6,056167e-01
1,902140e-01
8,830907e-01
1,097609e+00
7,172423e-01
-5,208345e-02
-7,931391e-01
-1,104372e+00
-8,168737e-01
-8,630394e-02
6,912496e-01
1,094401e+00
9,044648e-01
2,241762e-01
-5,776687e-01
-1,066465e+00
-9,771444e-01
-3,579122e-01
4,555661e-01
1,022335e+00
1,035205e+00
4,869153e-01
-3,254436e-01
-9,613658e-01
-1,076264e+00
-6,075734e-01
1,907678e-01
8,858373e-01
1,101069e+00
7,195360e-01
-5,219925e-02
-7,956169e-01
-1,107840e+00
-8,194851e-01
-8,660532e-02
6,933815e-01
1,097825e+00
9,073405e-01
2,249378e-01
-5,794547e-01
-1,069814e+00
-9,802220e-01
-3,590777e-01
4,569438e-01
1,025533e+00
1,038468e+00
4,884697e-01
-3,264175e-01
-9,643781e-01
-1,079648e+00
-6,095138e-01
1,913260e-01
8,885927e-01
1,104532e+00
7,218164e-01
-5,232544e-02
-7,980710e-01
-1,111330e+00
-8,220580e-01
-8,691709e-02
6,955268e-01
1,101247e+00
9,101939e-01
2,256623e-01
-5,812496e-01
-1,073137e+00
-9,833130e-01
-3,602461e-01
4,583364e-01
1,028720e+00
1,041711e+00
4,900479e-01
-3,274241e-01
-9,673785e-01
-1,083025e+00
-6,114201e-01
1,918693e-01
8,913348e-01
1,107978e+00
7,240909e-01
-5,245757e-02
-8,005176e-01
-1,114789e+00
-8,246679e-01
-8,723480e-02
6,976527e-01
1,104667e+00
9,130652e-01
2,264076e-01
-5,830118e-01
-1,076458e+00
-9,864010e-01
-3,614011e-01
4,597423e-01
1,031885e+00
1,044968e+00
4,916023e-01
-3,283965e-01
-9,703582e-01
-1,086384e+00
-6,133634e-01
1,924112e-01
8,940799e-01
1,111419e+00
7,263490e-01
-5,256743e-02
-8,029836e-01
-1,118238e+00
-8,272497e-01
-8,752727e-02
6,997757e-01
1,108088e+00
9,159097e-01
2,271439e-01
-5,847815e-01
-1,079800e+00
-9,894682e-01
-3,625591e-01
4,611141e-01
1,035050e+00
1,048204e+00
4,931508e-01
-3,293689e-01
-9,733200e-01
-1,089745e+00
-6,152934e-01
1,929724e-01
8,968175e-01
1,114835e+00
7,286323e-01
-5,267136e-02
-8,054243e-01
-1,121669e+00
-8,298240e-01
-8,786725e-02
7,018987e-01
1,111489e+00
9,187483e-01
2,278877e-01
-5,865363e-01
-1,083096e+00
-9,925250e-01
-3,637023e-01
4,624948e-01
1,038214e+00
1,051438e+00
4,946888e-01
-3,303488e-01
-9,762937e-01
-1,093104e+00
-6,172323e-01
1,935425e-01
8,995255e-01
1,118244e+00
7,309023e-01
-5,281685e-02
-8,078457e-01
-1,125108e+00
-8,323642e-01
-8,816714e-02
7,040158e-01
1,114877e+00
9,215661e-01
2,286241e-01
-5,882882e-01
-1,086377e+00
-9,955507e-01
-3,648410e-01
4,638443e-01
1,041356e+00
1,054647e+00
4,962373e-01
-3,312960e-01
-9,792332e-01
-1,096425e+00
-6,191104e-01
1,940725e-01
9,022304e-01
1,121654e+00
7,331500e-01
-5,293265e-02
-8,102701e-01
-1,128491e+00
-8,349400e-01
-8,846703e-02
7,061062e-01
1,118223e+00
9,243691e-01
2,293605e-01
-5,900326e-01
-1,089634e+00
-9,985867e-01
-3,659975e-01
4,652265e-01
1,044488e+00
1,057836e+00
4,977739e-01
-3,322565e-01
-9,821579e-01
-1,099734e+00
-6,210077e-01
1,946174e-01
9,049131e-01
1,125023e+00
7,353636e-01
-5,304548e-02
-8,126618e-01
-1,131894e+00
-8,374579e-01
-8,878920e-02
7,081846e-01
1,121583e+00
9,271735e-01
2,300864e-01
-5,917652e-01
-1,092906e+00
-1,001581e+00
-3,671199e-01
4,665805e-01
1,047581e+00
1,061009e+00
4,992926e-01
-3,332111e-01
-9,850544e-01
-1,103024e+00
-6,229184e-01
1,951578e-01
9,075691e-01
1,128360e+00
7,375950e-01
-5,316573e-02
-8,150446e-01
-1,135242e+00
-8,399744e-01
-8,908612e-02
7,102527e-01
1,124882e+00
9,299334e-01
2,307961e-01
-5,934799e-01
-1,096111e+00
-1,004561e+00
-3,682378e-01
4,679003e-01
1,050657e+00
1,064159e+00
5,008203e-01
-3,341539e-01
-9,879346e-01
-1,106286e+00
-6,247905e-01
1,956893e-01
9,102162e-01
1,131687e+00
7,397892e-01
-5,327411e-02
-8,174319e-01
-1,138569e+00
-8,424552e-01
-8,938453e-02
7,123059e-01
1,128163e+00
9,326741e-01
2,315191e-01
-5,951768e-01
-1,099311e+00
-1,007514e+00
-3,693676e-01
4,692306e-01
1,053702e+00
1,067253e+00
5,022886e-01
-3,350907e-01
-9,907940e-01
-1,109507e+00
-6,266404e-01
1,962119e-01
9,128351e-01
1,134974e+00
7,419701e-01
-5,339140e-02
-8,197524e-01
-1,141873e+00
-8,449375e-01
-8,968442e-02
7,143265e-01
1,131401e+00
9,353968e-01
2,322065e-01
-5,968604e-01
-1,102455e+00
-1,010440e+00
-3,704751e-01
4,705370e-01
1,056717e+00
1,070341e+00
5,037866e-01
-3,360007e-01
-9,936222e-01
-1,112695e+00
-6,284486e-01
1,967270e-01
9,154243e-01
1,138230e+00
7,441080e-01
-5,349087e-02
-8,220698e-01
-1,145132e+00
-8,473574e-01
-8,998135e-02
7,163100e-01
1,134648e+00
9,380825e-01
2,329250e-01
-5,985128e-01
-1,105588e+00
-1,013326e+00
-3,715633e-01
4,718450e-01
1,059674e+00
1,073391e+00
5,052400e-01
-3,369271e-01
-9,964088e-01
-1,115851e+00
-6,302643e-01
1,972407e-01
9,179778e-01
1,141427e+00
7,462325e-01
-5,359776e-02
-8,243621e-01
-1,148348e+00
-8,497758e-01
-9,028272e-02
7,182919e-01
1,137808e+00
9,407326e-01
2,335976e-01
-6,001518e-01
-1,108658e+00
-1,016185e+00
-3,726323e-01
4,731128e-01
1,062638e+00
1,076403e+00
5,066875e-01
-3,378313e-01
-9,991524e-01
-1,118964e+00
-6,320726e-01
1,977603e-01
9,204927e-01
1,144602e+00
7,483421e-01
-5,372395e-02
-8,266098e-01
-1,151523e+00
-8,521557e-01
-9,057668e-02
7,202576e-01
1,140951e+00
9,433425e-01
2,342983e-01
-6,017730e-01
-1,111701e+00
-1,019000e+00
-3,737056e-01
4,743688e-01
1,065518e+00
1,079375e+00
5,081098e-01
-3,387042e-01
-1,001872e+00
-1,122039e+00
-6,338126e-01
1,982413e-01
9,229735e-01
1,147733e+00
7,504161e-01
-5,382639e-02
-8,288338e-01
-1,154646e+00
-8,545088e-01
-9,087212e-02
7,221698e-01
1,144039e+00
9,459317e-01
2,349753e-01
-6,033704e-01
-1,114700e+00
-1,021768e+00
-3,747657e-01
4,756189e-01
1,068394e+00
1,082290e+00
5,095113e-01
-3,395712e-01
-1,004545e+00
-1,125067e+00
-6,355466e-01
1,987417e-01
9,254365e-01
1,150812e+00
7,524486e-01
-5,391101e-02
-8,310073e-01
-1,157726e+00
-8,568040e-01
-9,114084e-02
7,240448e-01
1,147070e+00
9,484764e-01
2,356315e-01
-6,049427e-01
-1,117637e+00
-1,024501e+00
-3,757900e-01
4,768363e-01
1,071183e+00
1,085156e+00
5,109083e-01
-3,404308e-01
-1,007187e+00
-1,128028e+00
-6,372896e-01
1,992093e-01
9,278327e-01
1,153838e+00
7,544528e-01
-5,402236e-02
-8,331570e-01
-1,160780e+00
-8,590666e-01
-9,141846e-02
7,259065e-01
1,150051e+00
9,509661e-01
2,362773e-01
-6,064629e-01
-1,120538e+00
-1,027197e+00
-3,768011e-01
4,780373e-01
1,073958e+00
1,087986e+00
5,122667e-01
-3,412786e-01
-1,009739e+00
-1,130954e+00
-6,389538e-01
1,996874e-01
9,301992e-01
1,156807e+00
7,564363e-01
-5,412183e-02
-8,352696e-01
-1,163745e+00
-8,612816e-01
-9,171390e-02
7,277415e-01
1,152998e+00
9,534008e-01
2,369350e-01
-6,079861e-01
-1,123382e+00
-1,029823e+00
-3,778091e-01
4,792057e-01
1,076675e+00
1,090770e+00
5,135955e-01
-3,421040e-01
-1,012281e+00
-1,133827e+00
-6,406225e-01
2,001535e-01
9,325211e-01
1,159726e+00
7,583796e-01
-5,421685e-02
-8,373377e-01
-1,166669e+00
-8,634744e-01
-9,198855e-02
7,295216e-01
1,155866e+00
9,558178e-01
2,375704e-01
-6,094529e-01
-1,126165e+00
-1,032406e+00
-3,787845e-01
4,803504e-01
1,079313e+00
1,093482e+00
5,149019e-01
-3,428894e-01
-1,014762e+00
-1,136640e+00
-6,422348e-01
2,006019e-01
9,347822e-01
1,162584e+00
7,602666e-01
-5,429553e-02
-8,393582e-01
-1,169530e+00
-8,656479e-01
-9,223797e-02
7,312838e-01
1,158675e+00
9,582021e-01
2,381984e-01
-6,109212e-01
-1,128898e+00
-1,034917e+00
-3,797495e-01
4,814846e-01
1,081918e+00
1,096131e+00
5,161846e-01
-3,436658e-01
-1,017188e+00
-1,139382e+00
-6,437937e-01
2,010309e-01
9,370017e-01
1,165378e+00
7,621387e-01
-5,439500e-02
-8,413402e-01
-1,172330e+00
-8,677249e-01
-9,250966e-02
7,329629e-01
1,161430e+00
9,604944e-01
2,387878e-01
-6,123168e-01
-1,131564e+00
-1,037410e+00
-3,806878e-01
4,825803e-01
1,084439e+00
1,098741e+00
5,174436e-01
-3,444586e-01
-1,019557e+00
-1,142066e+00
-6,453629e-01
2,014719e-01
9,391826e-01
1,168113e+00
7,639232e-01
-5,446181e-02
-8,432717e-01
-1,175046e+00
-8,697855e-01
-9,276056e-02
7,346420e-01
1,164120e+00
9,627228e-01
2,393935e-01
-6,136960e-01
-1,134173e+00
-1,039824e+00
-3,815994e-01
4,836388e-01
1,086914e+00
1,101270e+00
5,186654e-01
-3,451950e-01
-1,021866e+00
-1,144690e+00
-6,468698e-01
2,018787e-01
9,412834e-01
1,170763e+00
7,656973e-01
-5,454198e-02
-8,451453e-01
-1,177709e+00
-8,717779e-01
-9,301888e-02
7,362633e-01
1,166724e+00
9,649319e-01
2,399785e-01
-6,150514e-01
-1,136704e+00
-1,042154e+00
-3,825005e-01
4,846810e-01
1,089330e+00
1,103750e+00
5,198516e-01
-3,459165e-01
-1,024116e+00
-1,147249e+00
-6,483307e-01
2,022840e-01
9,433336e-01
1,173355e+00
7,674210e-01
-5,464145e-02
-8,469862e-01
-1,180313e+00
-8,737109e-01
-9,326087e-02
7,378429e-01
1,169269e+00
9,670504e-01
2,405263e-01
-6,163490e-01
-1,139155e+00
-1,044447e+00
-3,833705e-01
4,856994e-01
1,091675e+00
1,106145e+00
5,210186e-01
-3,466410e-01
-1,026318e+00
-1,149727e+00
-6,497381e-01
2,026714e-01
9,453215e-01
1,175865e+00
7,690867e-01
-5,470232e-02
-8,487648e-01
-1,182815e+00
-8,755949e-01
-9,350880e-02
7,393750e-01
1,171745e+00
9,691096e-01
2,410266e-01
-6,176302e-01
-1,141563e+00
-1,046642e+00
-3,841767e-01
4,866808e-01
1,093966e+00
1,108456e+00
5,221127e-01
-3,473729e-01
-1,028463e+00
-1,152105e+00
-6,511129e-01
2,030975e-01
9,472872e-01
1,178303e+00
7,706857e-01
-5,483148e-02
-8,505211e-01
-1,185252e+00
-8,773987e-01
-9,370477e-02
7,408908e-01
1,174155e+00
9,710990e-01
2,415774e-01
-6,188699e-01
-1,143882e+00
-1,048804e+00
-3,849962e-01
4,876666e-01
1,096166e+00
1,110720e+00
5,232010e-01
-3,480276e-01
-1,030516e+00
-1,154454e+00
-6,524460e-01
2,034731e-01
9,491652e-01
1,180666e+00
7,722534e-01
-5,489680e-02
-8,521943e-01
-1,187598e+00
-8,791876e-01
-9,392747e-02
7,423279e-01
1,176474e+00
9,730364e-01
2,421089e-01
-6,200531e-01
-1,146130e+00
-1,050877e+00
-3,858023e-01
4,885781e-01
1,098298e+00
1,112900e+00
5,242654e-01
-3,486675e-01
-1,032498e+00
-1,156700e+00
-6,537570e-01
2,038116e-01
9,509735e-01
1,182962e+00
7,737826e-01
-5,496064e-02
-8,537724e-01
-1,189882e+00
-8,809068e-01
-9,414422e-02
7,437116e-01
1,178711e+00
9,749323e-01
2,426092e-01
-6,211829e-01
-1,148266e+00
-1,052891e+00
-3,865773e-01
4,894719e-01
1,100341e+00
1,115009e+00
5,252972e-01
-3,492658e-01
-1,034400e+00
-1,158866e+00
-6,550204e-01
2,041397e-01
9,527313e-01
1,185162e+00
7,752330e-01
-5,498885e-02
-8,553224e-01
-1,192092e+00
-8,825488e-01
-9,436692e-02
7,450314e-01
1,180864e+00
9,767361e-01
2,430784e-01
-6,222741e-01
-1,150358e+00
-1,054843e+00
-3,873077e-01
4,903226e-01
1,102323e+00
1,117033e+00
5,262786e-01
-3,498597e-01
-1,036225e+00
-1,160955e+00
-6,562303e-01
2,044797e-01
9,543851e-01
1,187278e+00
7,766746e-01
-5,506011e-02
-8,568114e-01
-1,194193e+00
-8,841285e-01
-9,458367e-02
7,463112e-01
1,182939e+00
9,784716e-01
2,435505e-01
-6,233223e-01
-1,152356e+00
-1,056687e+00
-3,880292e-01
4,911168e-01
1,104206e+00
1,118986e+00
5,272198e-01
-3,504253e-01
-1,037992e+00
-1,162964e+00
-6,574076e-01
2,047811e-01
9,560004e-01
1,189301e+00
7,780286e-01
-5,511059e-02
-8,582411e-01
-1,196208e+00
-8,856710e-01
-9,479745e-02
7,475493e-01
1,184905e+00
9,801314e-01
2,440196e-01
-6,243496e-01
-1,154277e+00
-1,058467e+00
-3,887151e-01
4,918933e-01
1,106038e+00
1,120859e+00
5,281314e-01
-3,509494e-01
-1,039668e+00
-1,164885e+00
-6,584974e-01
2,050721e-01
9,575117e-01
1,191246e+00
7,793113e-01
-5,515958e-02
-8,596010e-01
-1,198140e+00
-8,871333e-01
-9,496967e-02
7,487148e-01
1,186811e+00
9,817304e-01
2,444472e-01
-6,253042e-01
-1,156092e+00
-1,060152e+00
-3,893728e-01
4,926386e-01
1,107757e+00
1,122628e+00
5,290103e-01
-3,514601e-01
-1,041287e+00
-1,166710e+00
-6,595693e-01
2,053423e-01
9,589860e-01
1,193099e+00
7,805406e-01
-5,520857e-02
-8,609016e-01
-1,199989e+00
-8,885081e-01
-9,516119e-02
7,498134e-01
1,188614e+00
9,832595e-01
2,448480e-01
-6,262054e-01
-1,157814e+00
-1,061793e+00
-3,900008e-01
4,933363e-01
1,109403e+00
1,124318e+00
5,298357e-01
-3,519322e-01
-1,042800e+00
-1,168450e+00
-6,605773e-01
2,056006e-01
9,603741e-01
1,194849e+00
7,817179e-01
-5,523084e-02
-8,621175e-01
-1,201738e+00
-8,898235e-01
-9,534676e-02
7,508600e-01
1,190308e+00
9,846833e-01
2,452474e-01
-6,270620e-01
-1,159463e+00
-1,063335e+00
-3,905947e-01
4,939955e-01
1,110935e+00
1,125920e+00
5,306092e-01
-3,523998e-01
-1,044252e+00
-1,170103e+00
-6,615334e-01
2,058485e-01
9,616835e-01
1,196515e+00
7,828506e-01
-5,525608e-02
-8,632710e-01
-1,203375e+00
-8,910854e-01
-9,552937e-02
7,518518e-01
1,191932e+00
9,860461e-01
2,456260e-01
-6,278667e-01
-1,161034e+00
-1,064773e+00
-3,911633e-01
4,946012e-01
1,112420e+00
1,127452e+00
5,313634e-01
-3,528126e-01
-1,045600e+00
-1,171661e+00
-6,624464e-01
2,060742e-01
9,629009e-01
1,198072e+00
7,838958e-01
-5,531101e-02
-8,643711e-01
-1,204943e+00
-8,922493e-01
-9,569713e-02
7,527886e-01
1,193445e+00
9,873318e-01
2,459748e-01
-6,286327e-01
-1,162475e+00
-1,066140e+00
-3,917200e-01
4,951906e-01
1,113790e+00
1,128878e+00
5,320626e-01
-3,532238e-01
-1,046904e+00
-1,173108e+00
-6,633016e-01
2,062746e-01
9,640753e-01
1,199548e+00
7,848816e-01
-5,532586e-02
-8,653836e-01
-1,206416e+00
-8,933583e-01
-9,585747e-02
7,536422e-01
1,194862e+00
9,885448e-01
2,463104e-01
-6,293513e-01
-1,163840e+00
-1,067426e+00
-3,922010e-01
4,957340e-01
1,115074e+00
1,130198e+00
5,327233e-01
-3,535875e-01
-1,048100e+00
-1,174476e+00
-6,640899e-01
2,064617e-01
9,651382e-01
1,200921e+00
7,858110e-01
-5,533476e-02
-8,663190e-01
-1,207753e+00
-8,944035e-01
-9,600148e-02
7,544602e-01
1,196187e+00
9,896582e-01
2,466221e-01
-6,300001e-01
-1,165103e+00
-1,068621e+00
-3,926717e-01
4,962388e-01
1,116273e+00
1,131442e+00
5,333290e-01
-3,539320e-01
-1,049178e+00
-1,175738e+00
-6,648471e-01
2,066577e-01
9,661329e-01
1,202185e+00
7,866780e-01
-5,536149e-02
-8,672008e-01
-1,209018e+00
-8,953448e-01
-9,616479e-02
7,552055e-01
1,197412e+00
9,906856e-01
2,469102e-01
-6,306043e-01
-1,166283e+00
-1,069696e+00
-3,931230e-01
4,966812e-01
1,117365e+00
1,132578e+00
5,339006e-01
-3,542200e-01
-1,050173e+00
-1,176910e+00
-6,655226e-01
2,068076e-01
9,670534e-01
1,203363e+00
7,874782e-01
-5,536297e-02
-8,679995e-01
-1,210160e+00
-8,962222e-01
-9,628059e-02
7,558781e-01
1,198544e+00
9,916506e-01
2,472041e-01
-6,311596e-01
-1,167330e+00
-1,070718e+00
-3,935045e-01
4,971013e-01
1,118370e+00
1,133625e+00
5,344247e-01
-3,545125e-01
-1,051108e+00
-1,177976e+00
-6,661491e-01
2,069412e-01
9,678759e-01
1,204440e+00
7,881834e-01
-5,534367e-02
-8,687166e-01
-1,211216e+00
-8,970372e-01
-9,640084e-02
7,564942e-01
1,199539e+00
9,925191e-01
2,474476e-01
-6,316480e-01
-1,168317e+00
-1,071633e+00
-3,938861e-01
4,974873e-01
1,119277e+00
1,134572e+00
5,349101e-01
-3,547441e-01
-1,051938e+00
-1,178932e+00
-6,667355e-01
2,070689e-01
9,686137e-01
1,205377e+00
7,888515e-01
-5,536891e-02
-8,693832e-01
-1,212152e+00
-8,977795e-01
-9,654485e-02
7,570375e-01
1,200486e+00
9,933059e-01
2,476822e-01
-6,320682e-01
-1,169181e+00
-1,072466e+00
-3,942097e-01
4,978036e-01
1,120079e+00
1,135445e+00
5,353377e-01
-3,549801e-01
-1,052680e+00
-1,179799e+00
-6,672596e-01
2,071891e-01
9,692833e-01
1,206247e+00
7,894320e-01
-5,536297e-02
-8,699444e-01
-1,212993e+00
-8,984150e-01
-9,664878e-02
7,575275e-01
1,201285e+00
9,940007e-01
2,478989e-01
-6,324645e-01
-1,169945e+00
-1,073180e+00
-3,945230e-01
4,980871e-01
1,120801e+00
1,136190e+00
5,357237e-01
-3,551568e-01
-1,053337e+00
-1,180564e+00
-6,676990e-01
2,072500e-01
9,698534e-01
1,207001e+00
7,899456e-01
-5,534813e-02
-8,704403e-01
-1,213732e+00
-8,989999e-01
-9,673340e-02
7,579387e-01
1,201974e+00
9,946228e-01
2,480771e-01
-6,328164e-01
-1,170623e+00
-1,073814e+00
-3,947932e-01
4,983276e-01
1,121427e+00
1,136815e+00
5,360667e-01
-3,553067e-01
-1,053878e+00
-1,181205e+00
-6,681058e-01
2,073109e-01
9,703389e-01
1,207644e+00
7,904029e-01
-5,533922e-02
-8,708649e-01
-1,214363e+00
-8,994972e-01
-9,683584e-02
7,582846e-01
1,202579e+00
9,951469e-01
2,482344e-01
-6,330836e-01
-1,171171e+00
-1,074381e+00
-3,950307e-01
4,985370e-01
1,121928e+00
1,137385e+00
5,363532e-01
-3,554403e-01
-1,054351e+00
-1,181762e+00
-6,684577e-01
2,073762e-01
9,707709e-01
1,208179e+00
7,907755e-01
-5,530804e-02
-8,712256e-01
-1,214893e+00
-8,998877e-01
-9,692343e-02
7,585578e-01
1,203071e+00
9,955596e-01
2,483725e-01
-6,332930e-01
-1,171633e+00
-1,074831e+00
-3,952178e-01
4,986839e-01
1,122346e+00
1,137835e+00
5,366041e-01
-3,555279e-01
-1,054713e+00
-1,182205e+00
-6,687219e-01
2,074044e-01
9,710827e-01
1,208606e+00
7,910918e-01
-5,529171e-02
-8,714988e-01
-1,215286e+00
-9,002173e-01
-9,700954e-02
7,587938e-01
1,203464e+00
9,959085e-01
2,485225e-01
-6,334459e-01
-1,171979e+00
-1,075163e+00
-3,953751e-01
4,987849e-01
1,122649e+00
1,138189e+00
5,367748e-01
-3,555829e-01
-1,054993e+00
-1,182555e+00
-6,689417e-01
2,074297e-01
9,713098e-01
1,208935e+00
7,913382e-01
-5,524569e-02
-8,716651e-01
-1,215589e+00
-9,004845e-01
-9,707189e-02
7,589275e-01
1,203726e+00
9,961609e-01
2,486234e-01
-6,335602e-01
-1,172226e+00
-1,075414e+00
-3,955013e-01
4,988517e-01
1,122884e+00
1,138429e+00
5,369396e-01
-3,555962e-01
-1,055173e+00
-1,182782e+00
-6,691124e-01
2,074133e-01
9,714553e-01
1,209159e+00
7,915149e-01
-5,521303e-02
-8,717927e-01
-1,215790e+00
-9,006582e-01
-9,711792e-02
7,590136e-01
1,203882e+00
9,963702e-01
2,486872e-01
-6,336136e-01
-1,172381e+00
-1,075572e+00
-3,956053e-01
4,988754e-01
1,122986e+00
1,138563e+00
5,370317e-01
-3,556096e-01
-1,055274e+00
-1,182905e+00
-6,692223e-01
2,073821e-01
9,715221e-01
1,209265e+00
7,915861e-01
-5,516849e-02
-8,718165e-01
-1,215879e+00
-9,007458e-01
-9,718175e-02
7,590076e-01
1,203963e+00
9,964103e-01
2,487258e-01
-6,335943e-01
-1,172403e+00
-1,075659e+00
-3,956691e-01
4,988502e-01
1,123002e+00
1,138621e+00
5,370911e-01
-3,555651e-01
-1,055250e+00
-1,182942e+00
-6,692505e-01
2,073361e-01
9,714939e-01
1,209259e+00
7,916262e-01
-5,514028e-02
-8,717853e-01
-1,215846e+00
-9,007562e-01
-9,721590e-02
7,589542e-01
1,203928e+00
9,964058e-01
2,487808e-01
-6,335260e-01
-1,172338e+00
-1,075609e+00
-3,956810e-01
4,987893e-01
1,122921e+00
1,138552e+00
5,370955e-01
-3,555057e-01
-1,055161e+00
-1,182844e+00
-6,692252e-01
2,072886e-01
9,713573e-01
1,209153e+00
7,915876e-01
-5,508683e-02
-8,716532e-01
-1,215711e+00
-9,006775e-01
-9,725599e-02
7,588295e-01
1,203770e+00
9,962945e-01
2,487956e-01
-6,334117e-01
-1,172183e+00
-1,075466e+00
-3,956587e-01
4,986676e-01
1,122737e+00
1,138404e+00
5,370406e-01
-3,553958e-01
-1,054938e+00
-1,182659e+00
-6,691465e-01
2,072025e-01
9,711658e-01
1,208932e+00
7,914703e-01
-5,504526e-02
-8,714572e-01
-1,215467e+00
-9,005320e-01
-9,727232e-02
7,586469e-01
1,203504e+00
9,961223e-01
2,487897e-01
-6,332217e-01
-1,171879e+00
-1,075245e+00
-3,956171e-01
4,985147e-01
1,122450e+00
1,138131e+00
5,369515e-01
-3,552681e-01
-1,054665e+00
-1,182350e+00
-6,690248e-01
2,071045e-01
9,709015e-01
1,208613e+00
7,912788e-01
-5,496213e-02
-8,711603e-01
-1,215125e+00
-9,002975e-01
-9,728271e-02
7,583796e-01
1,203130e+00
9,958328e-01
2,487407e-01
-6,329708e-01
-1,171506e+00
-1,074932e+00
-3,955266e-01
4,983024e-01
1,122058e+00
1,137770e+00
5,368045e-01
-3,551048e-01
-1,054273e+00
-1,181964e+00
-6,688051e-01
2,069843e-01
9,705037e-01
1,208182e+00
7,910457e-01
-5,491610e-02
-8,708129e-01
-1,214667e+00
-8,999797e-01
-9,729756e-02
7,580545e-01
1,202660e+00
9,954646e-01
2,486828e-01
-6,327021e-01
-1,171024e+00
-1,074507e+00
-3,953989e-01
4,980634e-01
1,121574e+00
1,137298e+00
5,366234e-01
-3,548955e-01
-1,053801e+00
-1,181439e+00
-6,685527e-01
2,068447e-01
9,700523e-01
1,207635e+00
7,907206e-01
-5,484039e-02
-8,703749e-01
-1,214093e+00
-8,995863e-01
-9,729459e-02
7,576744e-01
1,202069e+00
9,950118e-01
2,486145e-01
-6,323621e-01
-1,170432e+00
-1,073982e+00
-3,952519e-01
4,977650e-01
1,120994e+00
1,136725e+00
5,363859e-01
-3,546743e-01
-1,053236e+00
-1,180836e+00
-6,682305e-01
2,066918e-01
9,694986e-01
1,207005e+00
7,903019e-01
-5,476616e-02
-8,698657e-01
-1,213416e+00
-8,991231e-01
-9,728122e-02
7,572009e-01
1,201374e+00
9,944773e-01
2,485165e-01
-6,319434e-01
-1,169728e+00
-1,073385e+00
-3,950545e-01
4,974369e-01
1,120297e+00
1,136057e+00
5,361112e-01
-3,544278e-01
-1,052565e+00
-1,180107e+00
-6,678742e-01
2,065151e-01
9,688661e-01
1,206239e+00
7,898328e-01
-5,468450e-02
-8,692897e-01
-1,212650e+00
-8,985694e-01
-9,725747e-02
7,566679e-01
1,200595e+00
9,938434e-01
2,483888e-01
-6,314758e-01
-1,168938e+00
-1,072680e+00
-3,948244e-01
4,970434e-01
1,119494e+00
1,135302e+00
5,357653e-01
-3,541487e-01
-1,051800e+00
-1,179296e+00
-6,674363e-01
2,063459e-01
9,681594e-01
1,205375e+00
7,893102e-01
-5,459542e-02
-8,686157e-01
-1,211759e+00
-8,979206e-01
-9,724708e-02
7,560592e-01
1,199687e+00
9,931174e-01
2,482344e-01
-6,309591e-01
-1,168034e+00
-1,071882e+00
-3,945660e-01
4,966352e-01
1,118635e+00
1,134443e+00
5,353927e-01
-3,538088e-01
-1,050936e+00
-1,178385e+00
-6,669434e-01
2,061365e-01
9,673414e-01
1,204404e+00
7,887030e-01
-5,452268e-02
-8,678956e-01
-1,210749e+00
-8,972302e-01
-9,720699e-02
7,554119e-01
1,198682e+00
9,923127e-01
2,481038e-01
-6,303950e-01
-1,167035e+00
-1,070975e+00
-3,942721e-01
4,961645e-01
1,117652e+00
1,133475e+00
5,349517e-01
-3,534450e-01
-1,049999e+00
-1,177359e+00
-6,663896e-01
2,058990e-01
9,664521e-01
1,203351e+00
7,880364e-01
-5,443360e-02
-8,670687e-01
-1,209661e+00
-8,964493e-01
-9,714909e-02
7,546889e-01
1,197578e+00
9,914249e-01
2,478974e-01
-6,297789e-01
-1,165939e+00
-1,070009e+00
-3,939440e-01
4,956612e-01
1,116580e+00
1,132409e+00
5,344930e-01
-3,530843e-01
-1,048987e+00
-1,176225e+00
-6,657854e-01
2,056496e-01
9,655094e-01
1,202182e+00
7,872911e-01
-5,431038e-02
-8,661749e-01
-1,208469e+00
-8,955749e-01
-9,708971e-02
7,538842e-01
1,196368e+00
9,904837e-01
2,476970e-01
-6,291063e-01
-1,164742e+00
-1,068932e+00
-3,935817e-01
4,951075e-01
1,115412e+00
1,131264e+00
5,340001e-01
-3,526700e-01
-1,047848e+00
-1,175003e+00
-6,651128e-01
2,054002e-01
9,644390e-01
1,200905e+00
7,864820e-01
-5,420794e-02
-8,652233e-01
-1,207167e+00
-8,946396e-01
-9,703923e-02
7,530454e-01
1,195066e+00
9,893999e-01
2,474699e-01
-6,283611e-01
-1,163437e+00
-1,067780e+00
-3,931809e-01
4,945136e-01
1,114132e+00
1,130022e+00
5,334151e-01
-3,522351e-01
-1,046650e+00
-1,173687e+00
-6,644002e-01
2,051226e-01
9,633329e-01
1,199527e+00
7,856358e-01
-5,410698e-02
-8,641856e-01
-1,205761e+00
-8,936211e-01
-9,697539e-02
7,521279e-01
1,193655e+00
9,882582e-01
2,472190e-01
-6,275905e-01
-1,162066e+00
-1,066514e+00
-3,927548e-01
4,938827e-01
1,112794e+00
1,128677e+00
5,328079e-01
-3,517674e-01
-1,045366e+00
-1,172277e+00
-6,636208e-01
2,048375e-01
9,621037e-01
1,198063e+00
7,846916e-01
-5,400900e-02
-8,630899e-01
-1,204263e+00
-8,925359e-01
-9,689671e-02
7,511540e-01
1,192146e+00
9,870498e-01
2,469399e-01
-6,267532e-01
-1,160566e+00
-1,065170e+00
-3,923035e-01
4,932146e-01
1,111358e+00
1,127217e+00
5,321636e-01
-3,512626e-01
-1,043982e+00
-1,170758e+00
-6,627864e-01
2,045094e-01
9,608180e-01
1,196488e+00
7,836820e-01
-5,389171e-02
-8,619171e-01
-1,202672e+00
-8,914031e-01
-9,681208e-02
7,501044e-01
1,190541e+00
9,857359e-01
2,466607e-01
-6,258610e-01
-1,158981e+00
-1,063760e+00
-3,917987e-01
4,924975e-01
1,109801e+00
1,125697e+00
5,314599e-01
-3,507475e-01
-1,042521e+00
-1,169155e+00
-6,619135e-01
2,041887e-01
9,594581e-01
1,194831e+00
7,826190e-01
-5,376998e-02
-8,606744e-01
-1,200973e+00
-8,901605e-01
-9,671113e-02
7,490102e-01
1,188848e+00
9,843567e-01
2,463386e-01
-6,249420e-01
-1,157305e+00
-1,062255e+00
-3,912746e-01
4,917493e-01
1,108190e+00
1,124091e+00
5,307399e-01
-3,501996e-01
-1,040974e+00
-1,167446e+00
-6,609767e-01
2,038547e-01
9,580225e-01
1,193063e+00
7,814967e-01
-5,365121e-02
-8,593739e-01
-1,199181e+00
-8,888629e-01
-9,662057e-02
7,478670e-01
1,187065e+00
9,829002e-01
2,460209e-01
-6,239592e-01
-1,155553e+00
-1,060650e+00
-3,907268e-01
4,909565e-01
1,106480e+00
1,122379e+00
5,299634e-01
-3,496147e-01
-1,039360e+00
-1,165660e+00
-6,599998e-01
