2.903338e-02
8.685036e-02
1.443635e-01
2.017194e-01
2.584695e-01
3.147331e-01
3.702243e-01
4.248617e-01
4.785969e-01
5.313206e-01
5.827754e-01
6.329365e-01
6.817728e-01
7.290017e-01
7.746007e-01
8.185233e-01
8.606123e-01
9.007122e-01
9.387796e-01
9.747872e-01
1.008675e+00
1.040280e+00
1.069524e+00
1.096422e+00
1.120800e+00
1.142726e+00
1.162077e+00
1.178888e+00
1.193018e+00
1.204395e+00
1.213229e+00
1.219293e+00
1.222633e+00
1.223232e+00
1.221086e+00
1.216251e+00
1.208714e+00
1.198370e+00
1.185466e+00
1.169875e+00
1.151663e+00
1.130859e+00
1.107591e+00
1.081782e+00
1.053656e+00
1.023104e+00
9.903152e-01
9.552117e-01
9.180191e-01
8.787444e-01
8.375900e-01
7.945423e-01
7.496156e-01
7.032951e-01
6.550435e-01
6.056131e-01
5.546883e-01
5.024618e-01
4.493560e-01
3.950044e-01
3.399177e-01
2.840729e-01
2.275086e-01
1.704429e-01
1.130777e-01
5.536631e-02
-2.294088e-03
-6.025087e-02
-1.177149e-01
-1.751653e-01
-2.320595e-01
-2.885524e-01
-3.443238e-01
-3.991905e-01
-4.533402e-01
-5.065019e-01
-5.584501e-01
-6.091213e-01
-6.584560e-01
-7.064175e-01
-7.527268e-01
-7.972670e-01
-8.401575e-01
-8.811478e-01
-9.201324e-01
-9.570379e-01
-9.918357e-01
-1.024433e+00
-1.054735e+00
-1.082622e+00
-1.108148e+00
-1.131180e+00
-1.151693e+00
-1.169570e+00
-1.184901e+00
-1.197498e+00
-1.207568e+00
-1.214848e+00
-1.219372e+00
-1.221253e+00
-1.220316e+00
-1.216672e+00
-1.210372e+00
-1.201425e+00
-1.189683e+00
-1.175337e+00
-1.158232e+00
-1.138690e+00
-1.116521e+00
-1.091888e+00
-1.064777e+00
-1.035364e+00
-1.003650e+00
-9.695330e-01
-9.334819e-01
-8.951746e-01
-8.549031e-01
-8.127887e-01
-7.687624e-01
-7.230875e-01
-6.757673e-01
-6.269266e-01
-5.766984e-01
-5.252790e-01
-4.724895e-01
-4.188711e-01
-3.641777e-01
-3.086325e-01
-2.525187e-01
-1.957605e-01
-1.386314e-01
-8.114310e-02
-2.350508e-02
3.426902e-02
9.186045e-02
1.492363e-01
2.062753e-01
2.628967e-01
3.188670e-01
3.741681e-01
4.286694e-01
4.821598e-01
5.346014e-01
5.857809e-01
6.356431e-01
6.842583e-01
7.310814e-01
7.764437e-01
8.200183e-01
8.617854e-01
9.016275e-01
9.394538e-01
9.751675e-01
1.008728e+00
1.039959e+00
1.068957e+00
1.095483e+00
1.119610e+00
1.141304e+00
1.160317e+00
1.176804e+00
1.190673e+00
1.201831e+00
1.210314e+00
1.216142e+00
1.219285e+00
1.219513e+00
1.217266e+00
1.212090e+00
1.204335e+00
1.193795e+00
1.180634e+00
1.164908e+00
1.146494e+00
1.125532e+00
1.101978e+00
1.076191e+00
1.047795e+00
1.017140e+00
9.841730e-01
9.490720e-01
9.118353e-01
8.724456e-01
8.312893e-01
7.882087e-01
7.432907e-01
6.967534e-01
6.487235e-01
5.992186e-01
5.482702e-01
4.962307e-01
4.430758e-01
3.888970e-01
3.338482e-01
2.780308e-01
2.215311e-01
1.647506e-01
1.074524e-01
4.987466e-02
-7.660215e-03
-6.521063e-02
-1.227784e-01
-1.798237e-01
-2.365613e-01
-2.927205e-01
-3.483378e-01
-4.031039e-01
-4.568311e-01
-5.097237e-01
-5.614326e-01
-6.119697e-01
-6.610359e-01
-7.085861e-01
-7.546014e-01
-7.989453e-01
-8.414300e-01
-8.821165e-01
-9.207855e-01
-9.574057e-01
-9.919109e-01
-1.024191e+00
-1.054218e+00
-1.081792e+00
-1.107020e+00
-1.129741e+00
-1.149927e+00
-1.167552e+00
-1.182565e+00
-1.194904e+00
-1.204688e+00
-1.211719e+00
-1.215973e+00
-1.217542e+00
-1.216405e+00
-1.212506e+00
-1.205946e+00
-1.196773e+00
-1.184780e+00
-1.170259e+00
-1.153017e+00
-1.133221e+00
-1.110983e+00
-1.086294e+00
-1.058974e+00
-1.029471e+00
-9.974883e-01
-9.634523e-01
-9.272085e-01
-8.888596e-01
-8.484726e-01
-8.063278e-01
-7.622921e-01
-7.165787e-01
-6.692877e-01
-6.205122e-01
-5.703965e-01
-5.188168e-01
-4.663243e-01
-4.125872e-01
-3.580101e-01
-3.026518e-01
-2.466014e-01
-1.899159e-01
-1.329912e-01
-7.555266e-02
-1.816940e-02
3.944563e-02
9.685065e-02
1.539232e-01
2.108933e-01
2.672239e-01
3.229960e-01
3.780541e-01
4.322759e-01
4.855314e-01
5.376237e-01
5.885864e-01
6.382168e-01
6.864499e-01
7.331152e-01
7.780667e-01
8.213853e-01
8.628809e-01
9.023899e-01
9.398975e-01
9.752309e-01
1.008513e+00
1.039470e+00
1.068153e+00
1.094397e+00
1.118196e+00
1.139550e+00
1.158275e+00
1.174508e+00
1.188104e+00
1.198935e+00
1.207169e+00
1.212701e+00
1.215506e+00
1.215612e+00
1.213008e+00
1.207740e+00
1.199623e+00
1.189036e+00
1.175620e+00
1.159658e+00
1.141061e+00
1.119895e+00
1.096369e+00
1.070270e+00
1.041838e+00
1.011014e+00
9.780289e-01
9.428042e-01
9.053215e-01
8.661163e-01
8.248370e-01
7.816017e-01
7.368073e-01
6.902489e-01
6.421389e-01
5.927048e-01
5.419640e-01
4.898691e-01
4.366341e-01
3.825621e-01
3.277370e-01
2.720371e-01
2.157729e-01
1.589457e-01
1.019005e-01
4.455141e-02
-1.294929e-02
-7.031081e-02
-1.275735e-01
-1.845125e-01
-2.409003e-01
-2.969533e-01
-3.522313e-01
-4.067942e-01
-4.603871e-01
-5.129337e-01
-5.643108e-01
-6.144458e-01
-6.632853e-01
-7.106136e-01
-7.562990e-01
-8.003595e-01
-8.425193e-01
-8.828647e-01
-9.213068e-01
-9.575692e-01
-9.917456e-01
-1.023684e+00
-1.053424e+00
-1.080733e+00
-1.105581e+00
-1.128006e+00
-1.147860e+00
-1.165271e+00
-1.179986e+00
-1.192109e+00
-1.201470e+00
-1.208211e+00
-1.212283e+00
-1.213610e+00
-1.212233e+00
-1.208221e+00
-1.201359e+00
-1.191922e+00
-1.179747e+00
-1.164913e+00
-1.147586e+00
-1.127574e+00
-1.105224e+00
-1.080161e+00
-1.052988e+00
-1.023207e+00
-9.911690e-01
-9.570752e-01
-9.206848e-01
-8.823359e-01
-8.419203e-01
-7.997705e-01
-7.557224e-01
-7.100264e-01
-6.627534e-01
-6.139065e-01
-5.638156e-01
-5.124683e-01
-4.598068e-01
-4.063201e-01
-3.517765e-01
-2.965438e-01
-2.406176e-01
-1.840844e-01
-1.272908e-01
-7.010949e-02
-1.281197e-02
4.454333e-02
1.017532e-01
1.587500e-01
2.153715e-01
2.715021e-01
3.269678e-01
3.817991e-01
4.356921e-01
4.886724e-01
5.405914e-01
5.912191e-01
6.405271e-01
6.884935e-01
7.348618e-01
7.795698e-01
8.224678e-01
8.636918e-01
9.028379e-01
9.401106e-01
9.751781e-01
1.008088e+00
1.038790e+00
1.067074e+00
1.093010e+00
1.116566e+00
1.137533e+00
1.156033e+00
1.171918e+00
1.185220e+00
1.195837e+00
1.203760e+00
1.209108e+00
1.211468e+00
1.211489e+00
1.208543e+00
1.203005e+00
1.194851e+00
1.183872e+00
1.170342e+00
1.154094e+00
1.135350e+00
1.114090e+00
1.090309e+00
1.064136e+00
1.035536e+00
1.004658e+00
9.714754e-01
9.362190e-01
8.987909e-01
8.593944e-01
8.180971e-01
7.748903e-01
7.300574e-01
6.835742e-01
6.354884e-01
5.861289e-01
5.354216e-01
4.834038e-01
4.304447e-01
3.763516e-01
3.215700e-01
2.660272e-01
2.097406e-01
1.532820e-01
9.634485e-02
3.910202e-02
-1.809297e-02
-7.532276e-02
-1.323220e-01
-1.890013e-01
-2.452642e-01
-3.010798e-01
-3.559751e-01
-4.102509e-01
-4.637046e-01
-5.159212e-01
-5.671424e-01
-6.168971e-01
-6.654172e-01
-7.124112e-01
-7.577629e-01
-8.015662e-01
-8.434700e-01
-8.834823e-01
-9.215889e-01
-9.575474e-01
-9.913778e-01
-1.022983e+00
-1.052351e+00
-1.079383e+00
-1.103983e+00
-1.126071e+00
-1.145644e+00
-1.162725e+00
-1.177088e+00
-1.188972e+00
-1.198064e+00
-1.204592e+00
-1.208355e+00
-1.209461e+00
-1.207766e+00
-1.203453e+00
-1.196505e+00
-1.186852e+00
-1.174425e+00
-1.159462e+00
-1.141888e+00
-1.121775e+00
-1.099145e+00
-1.074148e+00
-1.046600e+00
-1.016823e+00
-9.847496e-01
-9.504999e-01
-9.140890e-01
-8.756612e-01
-8.352226e-01
-7.930087e-01
-7.489973e-01
-7.033013e-01
-6.559880e-01
-6.072237e-01
-5.572322e-01
-5.057724e-01
-4.534110e-01
-3.999691e-01
-3.455231e-01
-2.904507e-01
-2.346376e-01
-1.783013e-01
-1.215606e-01
-6.466382e-02
-7.506738e-03
4.962922e-02
1.066415e-01
1.634587e-01
2.197248e-01
2.756497e-01
3.308905e-01
3.854509e-01
4.391643e-01
4.917873e-01
5.433850e-01
5.937145e-01
6.427230e-01
6.903639e-01
7.364078e-01
7.807945e-01
8.234110e-01
8.643255e-01
9.032586e-01
9.401205e-01
9.749208e-01
1.007472e+00
1.037805e+00
1.065799e+00
1.091431e+00
1.114638e+00
1.135368e+00
1.153542e+00
1.169104e+00
1.182129e+00
1.192518e+00
1.200121e+00
1.205099e+00
1.207454e+00
1.207000e+00
1.203939e+00
1.198194e+00
1.189724e+00
1.178585e+00
1.164847e+00
1.148441e+00
1.129501e+00
1.108110e+00
1.084142e+00
1.057852e+00
1.029187e+00
9.981966e-01
9.648485e-01
9.296138e-01
8.921131e-01
8.527358e-01
8.112540e-01
7.682150e-01
7.232478e-01
6.768025e-01
6.288684e-01
5.793808e-01
5.287543e-01
4.768211e-01
4.239228e-01
3.700192e-01
3.152786e-01
2.599223e-01
2.038954e-01
1.475051e-01
9.075628e-02
3.372471e-02
-2.325715e-02
-8.026138e-02
-1.370450e-01
-1.935105e-01
-2.495535e-01
-3.050043e-01
-3.597443e-01
-4.137399e-01
-4.667624e-01
-5.188019e-01
-5.696148e-01
-6.191831e-01
-6.674516e-01
-7.140640e-01
-7.591908e-01
-8.025374e-01
-8.441709e-01
-8.838992e-01
-9.215864e-01
-9.572622e-01
-9.907912e-01
-1.022124e+00
-1.051113e+00
-1.077812e+00
-1.102070e+00
-1.123945e+00
-1.143257e+00
-1.159912e+00
-1.174081e+00
-1.185578e+00
-1.194475e+00
-1.200712e+00
-1.204131e+00
-1.205072e+00
-1.203145e+00
-1.198548e+00
-1.191377e+00
-1.181317e+00
-1.168980e+00
-1.153731e+00
-1.136038e+00
-1.115840e+00
-1.092967e+00
-1.067789e+00
-1.040243e+00
-1.010349e+00
-9.781588e-01
-9.437127e-01
-9.073608e-01
-8.688267e-01
-8.284024e-01
-7.862396e-01
-7.420796e-01
-6.965154e-01
-6.492722e-01
-6.005732e-01
-5.505556e-01
-4.992232e-01
-4.468780e-01
-3.935752e-01
-3.392777e-01
-2.842525e-01
-2.286116e-01
-1.724735e-01
-1.159216e-01
-5.919455e-02
-2.259291e-03
5.459084e-02
1.114646e-01
1.679549e-01
2.240793e-01
2.796743e-01
3.346814e-01
3.889405e-01
4.423464e-01
4.946928e-01
5.459867e-01
5.960689e-01
6.448151e-01
6.920732e-01
7.378332e-01
7.819385e-01
8.243157e-01
8.647363e-01
9.032958e-01
9.399105e-01
9.742554e-01
1.006584e+00
1.036567e+00
1.064336e+00
1.089627e+00
1.112521e+00
1.132945e+00
1.150744e+00
1.166104e+00
1.178829e+00
1.188873e+00
1.196215e+00
1.200822e+00
1.203003e+00
1.202403e+00
1.199019e+00
1.193019e+00
1.184414e+00
1.173035e+00
1.159077e+00
1.142645e+00
1.123504e+00
1.101908e+00
1.077804e+00
1.051386e+00
1.022547e+00
9.914784e-01
9.581532e-01
9.227477e-01
8.852016e-01
8.458262e-01
8.044425e-01
7.611786e-01
7.164557e-01
6.698973e-01
6.220016e-01
5.726763e-01
5.220982e-01
4.703153e-01
4.174407e-01
3.636104e-01
3.091414e-01
2.538086e-01
1.980658e-01
1.417519e-01
8.517081e-02
2.832875e-02
-2.846483e-02
-8.508816e-02
-1.417289e-01
-1.979340e-01
-2.536993e-01
-3.089506e-01
-3.633321e-01
-4.170853e-01
-4.698773e-01
-5.216061e-01
-5.721450e-01
-6.213070e-01
-6.692473e-01
-7.155156e-01
-7.602907e-01
-8.033930e-01
-8.446239e-01
-8.840919e-01
-9.214888e-01
-9.568198e-01
-9.899971e-01
-1.020947e+00
-1.049674e+00
-1.076068e+00
-1.099993e+00
-1.121437e+00
-1.140481e+00
-1.156982e+00
-1.170650e+00
-1.182071e+00
-1.190541e+00
-1.196582e+00
-1.199769e+00
-1.200328e+00
-1.198267e+00
-1.193485e+00
-1.186004e+00
-1.175920e+00
-1.163071e+00
-1.147901e+00
-1.129854e+00
-1.109499e+00
-1.086583e+00
-1.061246e+00
-1.033616e+00
-1.003539e+00
-9.713312e-01
-9.369951e-01
-9.004487e-01
-8.618500e-01
-8.214158e-01
-7.792281e-01
-7.351911e-01
-6.895374e-01
-6.424235e-01
-5.937226e-01
-5.436814e-01
-4.926802e-01
-4.402915e-01
-3.871379e-01
-3.329223e-01
-2.780761e-01
-2.226427e-01
-1.666619e-01
-1.104058e-01
-5.371782e-02
2.954601e-03
5.965995e-02
1.161037e-01
1.724996e-01
2.283612e-01
2.836666e-01
3.384544e-01
3.923692e-01
4.454408e-01
4.975213e-01
5.485312e-01
5.982729e-01
6.467426e-01
6.936260e-01
7.390840e-01
7.828960e-01
8.249191e-01
8.650066e-01
9.032455e-01
9.395551e-01
9.736073e-01
1.005490e+00
1.035214e+00
1.062564e+00
1.087609e+00
1.110133e+00
1.130331e+00
1.147827e+00
1.162807e+00
1.175182e+00
1.184996e+00
1.192125e+00
1.196558e+00
1.198393e+00
1.197493e+00
1.193900e+00
1.187688e+00
1.178777e+00
1.167290e+00
1.153124e+00
1.136428e+00
1.117212e+00
1.095471e+00
1.071303e+00
1.044759e+00
1.015877e+00
9.846459e-01
9.512020e-01
9.157219e-01
8.783069e-01
8.387985e-01
7.973179e-01
7.543299e-01
7.093528e-01
6.630355e-01
6.150970e-01
5.658419e-01
5.153968e-01
4.636089e-01
4.109779e-01
3.573545e-01
3.028966e-01
2.476733e-01
1.921466e-01
1.359825e-01
7.966674e-02
2.312232e-02
-3.352214e-02
-8.999945e-02
-1.463040e-01
-2.022544e-01
-2.577338e-01
-3.127198e-01
-3.669490e-01
-4.202431e-01
-4.727468e-01
-5.240885e-01
-5.744285e-01
-6.233351e-01
-6.707839e-01
-7.169024e-01
-7.613886e-01
-8.040946e-01
-8.449836e-01
-8.840968e-01
-9.212136e-01
-9.560897e-01
-9.890501e-01
-1.019675e+00
-1.048096e+00
-1.074109e+00
-1.097688e+00
-1.118950e+00
-1.137541e+00
-1.153711e+00
-1.167269e+00
-1.178194e+00
-1.186599e+00
-1.192126e+00
-1.195215e+00
-1.195512e+00
-1.193094e+00
-1.188191e+00
-1.180414e+00
-1.170175e+00
-1.157270e+00
-1.141709e+00
-1.123615e+00
-1.103104e+00
-1.080050e+00
-1.054596e+00
-1.026758e+00
-9.967246e-01
-9.644104e-01
-9.298817e-01
-8.933987e-01
-8.548323e-01
-8.144186e-01
-7.721532e-01
-7.281939e-01
-6.825228e-01
-6.353934e-01
-5.868105e-01
-5.369607e-01
-4.859104e-01
-4.337292e-01
-3.806353e-01
-3.266931e-01
-2.719016e-01
-2.166726e-01
-1.609223e-01
-1.047078e-01
-4.833740e-02
8.134318e-03
6.449357e-02
1.209112e-01
1.769026e-01
2.324827e-01
2.875936e-01
3.419496e-01
3.956581e-01
4.484469e-01
5.002808e-01
5.509141e-01
6.003153e-01
6.484489e-01
6.950396e-01
7.400900e-01
7.836292e-01
8.252708e-01
8.651097e-01
9.030200e-01
9.388262e-01
9.727050e-01
1.004270e+00
1.033638e+00
1.060675e+00
1.085338e+00
1.107637e+00
1.127396e+00
1.144641e+00
1.159397e+00
1.171471e+00
1.180926e+00
1.187712e+00
1.192053e+00
1.193505e+00
1.192360e+00
1.188650e+00
1.182234e+00
1.173049e+00
1.161397e+00
1.146973e+00
1.130236e+00
1.110744e+00
1.088927e+00
1.064544e+00
1.037973e+00
1.008944e+00
9.776654e-01
9.441949e-01
9.086732e-01
8.711469e-01
8.316124e-01
7.903064e-01
7.471108e-01
7.023438e-01
6.559730e-01
6.081731e-01
5.589298e-01
5.085276e-01
4.568565e-01
4.044193e-01
3.508973e-01
2.966177e-01
2.416814e-01
1.862207e-01
1.303554e-01
7.418193e-02
1.786307e-02
-3.851669e-02
-9.479144e-02
-1.508344e-01
-2.064890e-01
-2.617938e-01
-3.163548e-01
-3.703019e-01
-4.234077e-01
-4.755560e-01
-5.266920e-01
-5.765511e-01
-6.251023e-01
-6.723430e-01
-7.180302e-01
-7.621920e-01
-8.045811e-01
-8.451526e-01
-8.838427e-01
-9.205922e-01
-9.552887e-01
-9.877993e-01
-1.018111e+00
-1.046125e+00
-1.071949e+00
-1.095220e+00
-1.116053e+00
-1.134520e+00
-1.150299e+00
-1.163480e+00
-1.174256e+00
-1.182169e+00
-1.187673e+00
-1.190289e+00
-1.190417e+00
-1.187918e+00
-1.182554e+00
-1.174735e+00
-1.164214e+00
-1.151128e+00
-1.135475e+00
-1.117181e+00
-1.096522e+00
-1.073341e+00
-1.047797e+00
-1.019855e+00
-9.896851e-01
-9.572715e-01
-9.227819e-01
-8.862486e-01
-8.476760e-01
-8.072101e-01
-7.649602e-01
-7.210165e-01
-6.754722e-01
-6.282862e-01
-5.798928e-01
-5.301207e-01
-4.790772e-01
-4.271452e-01
-3.740469e-01
-3.202912e-01
-2.658035e-01
-2.106715e-01
-1.550889e-01
-9.914598e-02
-4.298370e-02
1.326060e-02
6.943717e-02
1.254435e-01
1.812255e-01
2.365446e-01
2.913634e-01
3.454454e-01
3.988488e-01
4.513562e-01
5.028514e-01
5.532213e-01
6.023000e-01
6.500576e-01
6.963582e-01
7.411308e-01
7.840741e-01
8.255243e-01
8.650078e-01
9.025912e-01
9.381620e-01
9.715673e-01
1.002839e+00
1.031849e+00
1.058565e+00
1.082863e+00
1.104869e+00
1.124385e+00
1.141301e+00
1.155664e+00
1.167529e+00
1.176665e+00
1.183362e+00
1.187252e+00
1.188550e+00
1.187121e+00
1.183129e+00
1.176394e+00
1.167131e+00
1.155234e+00
1.140830e+00
1.123680e+00
1.104159e+00
1.082138e+00
1.057747e+00
1.030898e+00
1.001919e+00
9.705912e-01
9.370311e-01
9.015336e-01
8.639260e-01
8.243834e-01
7.830544e-01
7.398961e-01
6.952099e-01
6.488795e-01
6.011548e-01
5.520506e-01
5.017130e-01
4.502744e-01
3.977154e-01
3.445096e-01
2.903388e-01
2.356349e-01
1.803158e-01
1.246363e-01
6.877603e-02
1.259698e-02
-4.350192e-02
-9.949767e-02
-1.552592e-01
-2.106304e-01
-2.656649e-01
-3.199917e-01
-3.736586e-01
-4.263592e-01
-4.781234e-01
-5.289594e-01
-5.785594e-01
-6.268067e-01
-6.737286e-01
-7.190418e-01
-7.628855e-01
-8.049334e-01
-8.451657e-01
-8.835444e-01
-9.198957e-01
-9.542026e-01
-9.864453e-01
-1.016437e+00
-1.044186e+00
-1.069595e+00
-1.092507e+00
-1.113051e+00
-1.131089e+00
-1.146652e+00
-1.159617e+00
-1.170006e+00
-1.177765e+00
-1.182847e+00
-1.185346e+00
-1.185152e+00
-1.182360e+00
-1.176982e+00
-1.168727e+00
-1.158199e+00
-1.144800e+00
-1.129008e+00
-1.110673e+00
-1.089766e+00
-1.066482e+00
-1.040828e+00
-1.012847e+00
-9.825475e-01
-9.501948e-01
-9.156132e-01
-8.790122e-01
-8.404097e-01
-7.999059e-01
-7.577238e-01
-7.137155e-01
-6.682550e-01
-6.212765e-01
-5.728254e-01
-5.231713e-01
-4.723429e-01
-4.204792e-01
-3.676369e-01
-3.139501e-01
-2.595855e-01
-2.047685e-01
-1.492431e-01
-9.359158e-02
-3.762130e-02
1.836016e-02
7.426457e-02
1.300957e-01
1.855334e-01
2.405661e-01
2.950395e-01
3.488840e-01
4.019724e-01
4.541598e-01
5.052697e-01
5.553190e-01
6.040796e-01
6.514756e-01
6.975195e-01
7.419162e-01
7.846383e-01
8.256361e-01
8.647773e-01
9.018891e-01
9.371541e-01
9.702152e-01
1.001153e+00
1.029916e+00
1.056273e+00
1.080289e+00
1.101886e+00
1.121058e+00
1.137665e+00
1.151780e+00
1.163377e+00
1.172185e+00
1.178609e+00
1.182285e+00
1.183268e+00
1.181774e+00
1.177441e+00
1.170545e+00
1.161108e+00
1.148912e+00
1.134325e+00
1.117136e+00
1.097431e+00
1.075243e+00
1.050767e+00
1.023938e+00
9.946797e-01
9.633323e-01
9.297965e-01
8.942500e-01
8.565951e-01
8.170532e-01
7.757130e-01
7.326106e-01
6.879219e-01
6.417872e-01
5.941284e-01
5.450155e-01
4.948171e-01
4.434741e-01
3.912451e-01
3.379971e-01
2.841543e-01
2.294678e-01
1.745135e-01
1.190415e-01
6.328936e-02
7.407319e-03
-4.847286e-02
-1.041225e-01
-1.597106e-01
-2.148178e-01
-2.694801e-01
-3.235820e-01
-3.768306e-01
-4.292455e-01
-4.808109e-01
-5.311913e-01
-5.804782e-01
-6.284589e-01
-6.749316e-01
-7.200130e-01
-7.633192e-01
-8.050813e-01
-8.449588e-01
-8.829448e-01
-9.190910e-01
-9.531102e-01
-9.849833e-01
-1.014660e+00
-1.041886e+00
-1.066971e+00
-1.089590e+00
-1.109884e+00
-1.127567e+00
-1.142861e+00
-1.155584e+00
-1.165618e+00
-1.173113e+00
-1.177941e+00
-1.180134e+00
-1.179782e+00
-1.176753e+00
-1.171006e+00
-1.162756e+00
-1.151827e+00
-1.138322e+00
-1.122375e+00
-1.103856e+00
-1.082953e+00
-1.059536e+00
-1.033740e+00
-1.005611e+00
-9.753067e-01
-9.428918e-01
-9.082550e-01
-8.715595e-01
-8.330180e-01
-7.925446e-01
-7.503593e-01
-7.064921e-01
-6.610434e-01
-6.141364e-01
-5.659282e-01
-5.162462e-01
-4.656072e-01
-4.138672e-01
-3.610902e-01
-3.076545e-01
-2.534650e-01
-1.987772e-01
-1.435986e-01
-8.810428e-02
-3.234216e-02
2.338888e-02
7.910005e-02
1.345944e-01
1.897053e-01
2.444863e-01
2.987211e-01
3.522357e-01
4.050177e-01
4.568503e-01
5.076446e-01
5.573161e-01
6.057864e-01
6.528606e-01
6.985125e-01
7.424928e-01
7.849223e-01
8.255622e-01
8.643734e-01
9.012161e-01
9.360748e-01
9.688439e-01
9.993605e-01
1.027756e+00
1.053813e+00
1.077510e+00
1.098826e+00
1.117612e+00
1.134011e+00
1.147772e+00
1.159010e+00
1.167630e+00
1.173691e+00
1.177205e+00
1.177877e+00
1.175999e+00
1.171573e+00
1.164570e+00
1.154767e+00
1.142494e+00
1.127714e+00
1.110363e+00
1.090602e+00
1.068303e+00
1.043711e+00
1.016682e+00
9.875004e-01
9.560487e-01
9.225533e-01
8.867992e-01
8.491648e-01
8.097360e-01
7.684312e-01
7.254015e-01
6.806618e-01
6.345856e-01
5.868944e-01
5.380935e-01
4.879566e-01
4.366994e-01
3.846263e-01
3.316398e-01
2.777965e-01
2.235157e-01
1.686807e-01
1.133498e-01
5.792261e-02
2.269855e-03
-5.331393e-02
-1.088536e-01
-1.640341e-01
-2.188673e-01
-2.732413e-01
-3.269926e-01
-3.800015e-01
-4.320596e-01
-4.831714e-01
-5.333319e-01
-5.822385e-01
-6.298607e-01
-6.760401e-01
-7.206946e-01
-7.637734e-01
-8.051546e-01
-8.446798e-01
-8.824204e-01
-9.180763e-01
-9.517488e-01
-9.831987e-01
-1.012594e+00
-1.039518e+00
-1.064273e+00
-1.086650e+00
-1.106540e+00
-1.123971e+00
-1.138883e+00
-1.151239e+00
-1.161059e+00
-1.168270e+00
-1.172869e+00
-1.174790e+00
-1.174091e+00
-1.170996e+00
-1.164996e+00
-1.156566e+00
-1.145448e+00
-1.131851e+00
-1.115680e+00
-1.097005e+00
-1.075860e+00
-1.052369e+00
-1.026505e+00
-9.983706e-01
-9.680137e-01
-9.353553e-01
-9.007824e-01
-8.641808e-01
-8.255547e-01
-7.851795e-01
-7.429769e-01
-6.991456e-01
-6.537529e-01
-6.069472e-01
-5.587639e-01
-5.093764e-01
-4.586952e-01
-4.071136e-01
-3.546304e-01
-3.012624e-01
-2.473893e-01
-1.927469e-01
-1.378348e-01
-8.262444e-02
-2.714816e-02
2.831198e-02
8.373234e-02
1.389638e-01
1.939132e-01
2.482890e-01
3.021398e-01
3.554587e-01
4.078891e-01
4.593911e-01
5.098685e-01
5.592112e-01
6.073293e-01
6.540518e-01
6.993407e-01
7.431136e-01
7.851236e-01
8.253664e-01
8.638204e-01
9.003015e-01
9.348625e-01
9.671388e-01
9.974659e-01
1.025494e+00
1.051184e+00
1.074453e+00
1.095564e+00
1.114131e+00
1.130119e+00
1.143546e+00
1.154625e+00
1.162897e+00
1.168682e+00
1.171838e+00
1.172438e+00
1.170250e+00
1.165719e+00
1.158331e+00
1.148456e+00
1.135986e+00
1.121066e+00
1.103585e+00
1.083540e+00
1.061172e+00
1.036449e+00
1.009434e+00
9.800925e-01
9.485786e-01
9.149415e-01
8.793341e-01
8.416662e-01
8.021832e-01
7.609450e-01
7.178941e-01
6.733719e-01
6.272957e-01
5.797735e-01
5.310490e-01
4.810880e-01
4.299532e-01
3.780429e-01
3.252087e-01
2.715673e-01
2.175009e-01
1.628293e-01
1.077786e-01
5.256580e-02
-2.826600e-03
-5.815127e-02
-1.133268e-01
-1.682743e-01
-2.228602e-01
-2.768831e-01
-3.303101e-01
-3.829468e-01
-4.347694e-01
-4.855631e-01
-5.354346e-01
-5.839584e-01
-6.311364e-01
-6.770542e-01
-7.213539e-01
-7.640468e-01
-8.050092e-01
-8.442392e-01
-8.815641e-01
-9.169386e-01
-9.502724e-01
-9.813756e-01
-1.010364e+00
-1.037033e+00
-1.061415e+00
-1.083508e+00
-1.103015e+00
-1.120180e+00
-1.134791e+00
-1.146903e+00
-1.156371e+00
-1.163416e+00
-1.167712e+00
-1.169429e+00
-1.168475e+00
-1.165005e+00
-1.158907e+00
-1.150205e+00
-1.138943e+00
-1.125179e+00
-1.108865e+00
-1.089961e+00
-1.068745e+00
-1.045142e+00
-1.019163e+00
-9.909670e-01
-9.605269e-01
-9.279243e-01
-8.933304e-01
-8.565367e-01
-8.181194e-01
-7.776243e-01
-7.355503e-01
-6.917775e-01
-6.464220e-01
-5.997772e-01
-5.516554e-01
-5.023325e-01
-4.519403e-01
-4.004177e-01
-3.481036e-01
-2.949251e-01
-2.412129e-01
-1.868799e-01
-1.321915e-01
-7.713653e-02
-2.193302e-02
3.331460e-02
8.845100e-02
1.433836e-01
1.980012e-01
2.521123e-01
3.056213e-01
3.586190e-01
4.107237e-01
4.618716e-01
5.120290e-01
5.610275e-01
6.087361e-01
6.551218e-01
7.000199e-01
7.434267e-01
7.850515e-01
8.249793e-01
8.631207e-01
8.992756e-01
9.333955e-01
9.654450e-01
9.953688e-01
1.023044e+00
1.048430e+00
1.071517e+00
1.092164e+00
1.110340e+00
1.126096e+00
1.139272e+00
1.149953e+00
1.158062e+00
1.163563e+00
1.166450e+00
1.166722e+00
1.164503e+00
1.159498e+00
1.151967e+00
1.141975e+00
1.129270e+00
1.114196e+00
1.096514e+00
1.076477e+00
1.053935e+00
1.029162e+00
1.002042e+00
9.726634e-01
9.410818e-01
9.074112e-01
8.717534e-01
8.342247e-01
7.946666e-01
7.534798e-01
7.104303e-01
6.660330e-01
6.199431e-01
5.725818e-01
5.239872e-01
4.741871e-01
4.232269e-01
3.714223e-01
3.188074e-01
2.654089e-01
2.114581e-01
1.569828e-01
1.021882e-01
4.731525e-02
-7.932995e-03
-6.287677e-02
-1.178491e-01
-1.724195e-01
-2.266872e-01
-2.804560e-01
-3.335853e-01
-3.858889e-01
-4.373276e-01
-4.879199e-01
-5.373460e-01
-5.855504e-01
-6.324443e-01
-6.778638e-01
-7.219057e-01
-7.641841e-01
-8.048638e-01
-8.437353e-01
-8.806308e-01
-9.156809e-01
-9.485923e-01
-9.794121e-01
-1.008019e+00
-1.034368e+00
-1.058473e+00
-1.080133e+00
-1.099442e+00
-1.116227e+00
-1.130558e+00
-1.142343e+00
-1.151462e+00
-1.158276e+00
-1.162263e+00
-1.163798e+00
-1.162655e+00
-1.158908e+00
-1.152570e+00
-1.143770e+00
-1.132263e+00
-1.118343e+00
-1.101877e+00
-1.082936e+00
-1.061581e+00
-1.037842e+00
-1.011855e+00
-9.834976e-01
-9.530326e-01
-9.202846e-01
-8.857273e-01
-8.490443e-01
-8.104089e-01
-7.701897e-01
-7.280808e-01
-6.843745e-01
-6.390874e-01
-5.925240e-01
-5.445731e-01
-4.952315e-01
-4.450387e-01
-3.937797e-01
-3.414898e-01
-2.887270e-01
-2.350719e-01
-1.809707e-01
-1.264389e-01
-7.176854e-02
-1.679369e-02
3.815505e-02
9.302800e-02
1.476487e-01
2.019102e-01
2.558467e-01
3.091488e-01
3.616885e-01
4.135044e-01
4.642868e-01
5.140180e-01
5.627412e-01
6.101447e-01
6.561675e-01
7.007115e-01
7.437070e-01
7.850204e-01
8.245810e-01
8.622918e-01
8.980981e-01
9.318912e-01
9.636175e-01
9.931232e-01
1.020510e+00
1.045519e+00
1.068279e+00
1.088612e+00
1.106481e+00
1.121880e+00
1.134792e+00
1.145182e+00
1.152979e+00
1.158274e+00
1.160900e+00
1.161000e+00
1.158395e+00
1.153328e+00
1.145622e+00
1.135399e+00
1.122550e+00
1.107212e+00
1.089436e+00
1.069229e+00
1.046673e+00
1.021779e+00
9.945952e-01
9.651219e-01
9.335626e-01
8.998733e-01
8.641665e-01
8.265881e-01
7.870995e-01
7.459302e-01
7.030745e-01
6.586114e-01
6.126967e-01
5.654690e-01
5.169142e-01
4.672334e-01
4.165379e-01
3.649004e-01
3.123371e-01
2.592083e-01
2.054986e-01
1.512700e-01
9.668847e-02
4.203052e-02
-1.286044e-02
-6.756561e-02
-1.222702e-01
-1.765236e-01
-2.305061e-01
-2.839543e-01
-3.367288e-01
-3.887783e-01
-4.399454e-01
-4.900462e-01
-5.391672e-01
-5.870007e-01
-6.335274e-01
-6.786188e-01
-7.221859e-01
-7.641966e-01
-8.045270e-01
-8.430214e-01
-8.796665e-01
-9.141356e-01
-9.468425e-01
-9.772336e-01
-1.005565e+00
-1.031609e+00
-1.055317e+00
-1.076659e+00
-1.095584e+00
-1.112186e+00
-1.126213e+00
-1.137661e+00
-1.146617e+00
-1.152984e+00
-1.156849e+00
-1.158075e+00
-1.156678e+00
-1.152779e+00
-1.146223e+00
-1.137226e+00
-1.125499e+00
-1.111446e+00
-1.094767e+00
-1.075702e+00
-1.054239e+00
-1.030485e+00
-1.004343e+00
-9.759486e-01
-9.454022e-01
-9.128052e-01
-8.781069e-01
-8.413909e-01
-8.029357e-01
-7.626003e-01
-7.205803e-01
-6.769423e-01
-6.317900e-01
-5.852590e-01
-5.373851e-01
-4.883692e-01
-4.382267e-01
-3.870882e-01
-3.351170e-01
-2.824394e-01
-2.289956e-01
-1.751522e-01
-1.208795e-01
-6.636202e-02
-1.169040e-02
4.306634e-02
9.761928e-02
1.519131e-01
2.060068e-01
2.594693e-01
3.123638e-01
3.646767e-01
4.161004e-01
4.665561e-01
5.160275e-01
5.643605e-01
6.114297e-01
6.570163e-01
7.012713e-01
7.439443e-01
7.848552e-01
8.240417e-01
8.614020e-01
8.968858e-01
9.302812e-01
9.616441e-01
9.908527e-01
1.017811e+00
1.042525e+00
1.064933e+00
1.084956e+00
1.102565e+00
1.117628e+00
1.130289e+00
1.140328e+00
1.147887e+00
1.152878e+00
1.155201e+00
1.154978e+00
1.152301e+00
1.146991e+00
1.139062e+00
1.128659e+00
1.115698e+00
1.100210e+00
1.082320e+00
1.062012e+00
1.039326e+00
1.014340e+00
9.870108e-01
9.575524e-01
9.259192e-01
8.921454e-01
8.565498e-01
8.189626e-01
7.795518e-01
7.383626e-01
6.955411e-01
6.512649e-01
6.053471e-01
5.582574e-01
5.098505e-01
4.603200e-01
4.097215e-01
3.582437e-01
3.059594e-01
2.530499e-01
1.994688e-01
1.456224e-01
9.119061e-02
3.683216e-02
-1.779223e-02
-7.228365e-02
-1.266154e-01
-1.806911e-01
-2.342536e-01
-2.873451e-01
-3.398817e-01
-3.914719e-01
-4.422718e-01
-4.920831e-01
-5.409455e-01
-5.884062e-01
-6.345048e-01
-6.793445e-01
-7.225302e-01
-7.641580e-01
-8.041418e-01
-8.422515e-01
-8.784324e-01
-9.127332e-01
-9.450101e-01
-9.751458e-01
-1.003005e+00
-1.028735e+00
-1.052117e+00
-1.073150e+00
-1.091737e+00
-1.107961e+00
-1.121716e+00
-1.132771e+00
-1.141629e+00
-1.147642e+00
-1.151302e+00
-1.152314e+00
-1.150655e+00
-1.146539e+00
-1.139827e+00
-1.130498e+00
-1.118795e+00
-1.104365e+00
-1.087702e+00
-1.068498e+00
-1.046931e+00
-1.022954e+00
-9.967538e-01
-9.683729e-01
-9.377662e-01
-9.051332e-01
-8.704342e-01
-8.337537e-01
-7.952413e-01
-7.549239e-01
-7.130674e-01
-6.695021e-01
-6.243628e-01
-5.780256e-01
-5.302214e-01
-4.813216e-01
-4.314519e-01
-3.804588e-01
-3.285995e-01
-2.760878e-01
-2.230012e-01
-1.692884e-01
-1.152835e-01
-6.097663e-02
-6.656707e-03
4.775083e-02
1.020260e-01
1.561415e-01
2.097177e-01
2.629769e-01
3.156452e-01
3.675176e-01
4.186487e-01
4.688290e-01
5.179512e-01
5.658847e-01
6.125227e-01
6.578632e-01
7.016566e-01
7.439630e-01
7.845016e-01
8.233768e-01
8.604227e-01
8.954933e-01
9.285818e-01
9.596072e-01
9.884356e-01
1.015082e+00
1.039457e+00
1.061560e+00
1.081179e+00
1.098490e+00
1.113292e+00
1.125529e+00
1.135482e+00
1.142624e+00
1.147459e+00
1.149542e+00
1.149081e+00
1.146134e+00
1.140616e+00
1.132438e+00
1.121892e+00
1.108801e+00
1.093150e+00
1.075049e+00
1.054730e+00
1.031850e+00
1.006693e+00
9.794133e-01
9.498561e-01
9.182037e-01
8.844131e-01
8.489038e-01
8.112689e-01
7.718338e-01
7.307881e-01
6.880213e-01
6.438085e-01
5.980523e-01
5.511117e-01
5.027544e-01
4.533738e-01
4.030803e-01
3.516367e-01
2.996630e-01
2.468965e-01
1.935801e-01
1.399108e-01
8.583132e-02
3.163256e-02
-2.265816e-02
-7.687245e-02
-1.308829e-01
-1.846181e-01
-2.380023e-01
-2.907315e-01
-3.428624e-01
-3.942612e-01
-4.446709e-01
-4.941591e-01
-5.424741e-01
-5.896812e-01
-6.354704e-01
-6.798422e-01
-7.227824e-01
-7.641077e-01
-8.036149e-01
-8.413598e-01
-8.772052e-01
-9.111549e-01
-9.430180e-01
-9.728542e-01
-1.000371e+00
-1.025759e+00
-1.048849e+00
-1.069489e+00
-1.087865e+00
-1.103635e+00
-1.117212e+00
-1.128068e+00
-1.136496e+00
-1.142281e+00
-1.145612e+00
-1.146443e+00
-1.144540e+00
-1.140136e+00
-1.133353e+00
-1.123878e+00
-1.111817e+00
-1.097449e+00
-1.080510e+00
-1.061198e+00
-1.039532e+00
-1.015504e+00
-9.891731e-01
-9.607071e-01
-9.301240e-01
-8.974736e-01
-8.627578e-01
-8.260425e-01
-7.876532e-01
-7.473737e-01
-7.054494e-01
-6.619972e-01
-6.170481e-01
-5.707637e-01
-5.231974e-01
-4.743406e-01
-4.245771e-01
-3.738127e-01
-3.221541e-01
-2.698772e-01
-2.169703e-01
-1.635202e-01
-1.097925e-01
-5.578697e-02
-1.582001e-03
5.249000e-02
1.064557e-01
1.602369e-01
2.135726e-01
2.664727e-01
3.188248e-01
3.703156e-01
4.211863e-01
4.709417e-01
5.196320e-01
5.672393e-01
6.136474e-01
6.585766e-01
7.020201e-01
7.438331e-01
7.841213e-01
8.226492e-01
8.592738e-01
8.939971e-01
9.266561e-01
9.574138e-01
9.858867e-01
1.012128e+00
1.036265e+00
1.057970e+00
1.077363e+00
1.094327e+00
1.108749e+00
1.120830e+00
1.130430e+00
1.137296e+00
1.141818e+00
1.143763e+00
1.143065e+00
1.139945e+00
1.134222e+00
1.125830e+00
1.115153e+00
1.101771e+00
1.086064e+00
1.067864e+00
1.047322e+00
1.024440e+00
9.992685e-01
9.717500e-01
9.421947e-01
9.104857e-01
8.769144e-01
8.411722e-01
8.035732e-01
7.642525e-01
7.231683e-01
6.805817e-01
6.363913e-01
5.907898e-01
5.438579e-01
4.956696e-01
4.465207e-01
3.963478e-01
3.452024e-01
2.932686e-01
2.408314e-01
1.878232e-01
1.341811e-01
8.044779e-02
2.652741e-02
-2.754769e-02
-8.144322e-02
-1.351095e-01
-1.885396e-01
-2.416329e-01
-2.939937e-01
-3.457983e-01
-3.968828e-01
-4.469134e-01
-4.960822e-01
-5.440617e-01
-5.908767e-01
-6.363546e-01
-6.804145e-01
-7.229036e-01
-7.637908e-01
-8.029780e-01
-8.403619e-01
-8.758594e-01
-9.094604e-01
-9.409637e-01
-9.703836e-01
-9.976386e-01
-1.022695e+00
-1.045431e+00
-1.065735e+00
-1.083784e+00
-1.099390e+00
-1.112479e+00
-1.123182e+00
-1.131234e+00
-1.136829e+00
-1.139936e+00
-1.140398e+00
-1.138367e+00
-1.133866e+00
-1.126603e+00
-1.117105e+00
-1.104932e+00
-1.090395e+00
-1.073336e+00
-1.053862e+00
-1.032044e+00
-1.008017e+00
-9.816571e-01
-9.531587e-01
-9.224190e-01
-8.897712e-01
-8.549541e-01
-8.184245e-01
-7.799439e-01
-7.397277e-01
-6.979775e-01
-6.545290e-01
-6.096638e-01
-5.634931e-01
-5.160946e-01
-4.674061e-01
-4.178142e-01
-3.671957e-01
-3.157297e-01
-2.636753e-01
-2.109256e-01
-1.578024e-01
-1.043015e-01
-5.049106e-02
3.329907e-03
5.714093e-02
1.109103e-01
1.642914e-01
2.173393e-01
2.699747e-01
3.219217e-01
3.731814e-01
4.235270e-01
4.730587e-01
5.213998e-01
5.686455e-01
6.145695e-01
6.591905e-01
7.022537e-01
7.438244e-01
7.837032e-01
8.218514e-01
8.581013e-01
8.924542e-01
9.248293e-01
9.551837e-01
9.832987e-01
1.009273e+00
1.032964e+00
1.054411e+00
1.073440e+00
1.090030e+00
1.104298e+00
1.116056e+00
1.125245e+00
1.132071e+00
1.136218e+00
1.137843e+00
1.137045e+00
1.133598e+00
1.127626e+00
1.119233e+00
1.108212e+00
1.094692e+00
1.078855e+00
1.060553e+00
1.039924e+00
1.016866e+00
9.916810e-01
9.642060e-01
9.345724e-01
9.029280e-01
8.691157e-01
8.334747e-01
7.959789e-01
7.566488e-01
7.157119e-01
6.731128e-01
6.290330e-01
5.836111e-01
5.366892e-01
4.886444e-01
4.397584e-01
3.896240e-01
3.386961e-01
2.870555e-01
2.347513e-01
1.818742e-01
1.286783e-01
7.507918e-02
2.146016e-02
-3.235708e-02
-8.592328e-02
-1.392795e-01
-1.924940e-01
-2.451368e-01
-2.973466e-01
-3.487175e-01
-3.993881e-01
-4.492137e-01
-4.978947e-01
-5.456108e-01
-5.919983e-01
-6.371730e-01
-6.808470e-01
-7.229850e-01
-7.634919e-01
-8.023920e-01
-8.393093e-01
-8.745278e-01
-9.076491e-01
-9.388766e-01
-9.679833e-01
-9.948922e-01
-1.019528e+00
-1.041943e+00
-1.062028e+00
-1.079724e+00
-1.094945e+00
-1.107790e+00
-1.118181e+00
-1.125973e+00
-1.131329e+00
-1.134239e+00
-1.134342e+00
-1.132142e+00
-1.127414e+00
-1.120044e+00
-1.110189e+00
-1.098006e+00
-1.083195e+00
-1.066080e+00
-1.046453e+00
-1.024645e+00
-1.000436e+00
-9.740074e-01
-9.455146e-01
-9.146911e-01
-8.819923e-01
-8.473200e-01
-8.106898e-01
-7.723533e-01
-7.321409e-01
-6.904136e-01
-6.470968e-01
-6.023888e-01
-5.562908e-01
-5.090042e-01
-4.605916e-01
-4.109872e-01
-3.605719e-01
-3.094334e-01
-2.574753e-01
-2.050499e-01
-1.520597e-01
-9.888376e-02
-4.535484e-02
8.226281e-03
6.174899e-02
1.151219e-01
1.683501e-01
2.210564e-01
2.732972e-01
3.249104e-01
3.758128e-01
4.259404e-01
4.749824e-01
5.230607e-01
5.699913e-01
6.156041e-01
6.598081e-01
7.024886e-01
7.436815e-01
7.832346e-01
8.209050e-01
8.568306e-01
8.909201e-01
9.228888e-01
9.528704e-01
9.806958e-01
1.006316e+00
1.029658e+00
1.050753e+00
1.069431e+00
1.085880e+00
1.099708e+00
1.111145e+00
1.120172e+00
1.126643e+00
1.130599e+00
1.131963e+00
1.130875e+00
1.127307e+00
1.121071e+00
1.112386e+00
1.101343e+00
1.087667e+00
1.071688e+00
1.053249e+00
1.032464e+00
1.009399e+00
9.839648e-01
9.565576e-01
9.268109e-01
8.950845e-01
8.613958e-01
8.258169e-01
7.882764e-01
7.490955e-01
7.081890e-01
6.655464e-01
6.216953e-01
5.762659e-01
5.295205e-01
4.817827e-01
4.329252e-01
3.829381e-01
3.322413e-01
2.808083e-01
2.286998e-01
1.760116e-01
1.230680e-01
6.984230e-02
1.645380e-02
-3.703287e-02
-9.037165e-02
-1.434930e-01
-1.963067e-01
-2.487221e-01
-3.004864e-01
-3.515746e-01
-4.019221e-01
-4.513469e-01
-4.997452e-01
-5.470387e-01
-5.931230e-01
-6.378676e-01
-6.811608e-01
-7.229434e-01
-7.631173e-01
-8.015762e-01
-8.383021e-01
-8.730763e-01
-9.059634e-01
-9.367614e-01
-9.655314e-01
-9.919482e-01
-1.016398e+00
-1.038528e+00
-1.058174e+00
-1.075523e+00
-1.090567e+00
-1.103068e+00
-1.113220e+00
-1.120661e+00
-1.125796e+00
-1.128375e+00
-1.128364e+00
-1.125942e+00
-1.120873e+00
-1.113465e+00
-1.103453e+00
-1.090915e+00
-1.076145e+00
-1.058836e+00
-1.039078e+00
-1.017207e+00
-9.928777e-01
-9.664423e-01
-9.377618e-01
-9.070961e-01
-8.743451e-01
-8.396262e-01
-8.031302e-01
-7.646427e-01
-7.246577e-01
-6.829273e-01
-6.398094e-01
-5.950561e-01
-5.490687e-01
-5.019355e-01
-4.536671e-01
-4.043411e-01
-3.540942e-01
-3.030377e-01
-2.514039e-01
-1.990861e-01
-1.464774e-01
-9.339460e-02
-4.022980e-02
1.307543e-02
6.628808e-02
1.194373e-01
1.722846e-01
2.246591e-01
2.766240e-01
3.279054e-01
3.784754e-01
4.281960e-01
4.769609e-01
5.246334e-01
5.711558e-01
6.164174e-01
6.602741e-01
7.026390e-01
7.435026e-01
7.826785e-01
8.200115e-01
8.555543e-01
8.891939e-01
9.209539e-01
9.505278e-01
9.779338e-01
1.003272e+00
1.026333e+00
1.047045e+00
1.065486e+00
1.081476e+00
1.095181e+00
1.106236e+00
1.114963e+00
1.121170e+00
1.124930e+00
1.126081e+00
1.124704e+00
1.120916e+00
1.114594e+00
1.105745e+00
1.094409e+00
1.080662e+00
1.064546e+00
1.045941e+00
1.025060e+00
1.001911e+00
9.765265e-01
9.488955e-01
9.192271e-01
8.874025e-01
8.537269e-01
8.180604e-01
7.806019e-01
7.414539e-01
7.005170e-01
6.581609e-01
6.142936e-01
5.689325e-01
5.225599e-01
4.747873e-01
4.260678e-01
3.763634e-01
3.257953e-01
2.746257e-01
2.226806e-01
1.703447e-01
1.176285e-01
6.461971e-02
1.142135e-02
-4.164838e-02
-9.472992e-02
-1.475573e-01
-2.000299e-01
-2.520719e-01
-3.036013e-01
-3.543937e-01
-4.043398e-01
-4.533961e-01
-5.015614e-01
-5.484523e-01
-5.941364e-01
-6.385170e-01
-6.815025e-01
-7.228744e-01
-7.627432e-01
-8.007858e-01
-8.370842e-01
-8.715788e-01
-9.040179e-01
-9.345376e-01
-9.629123e-01
-9.891265e-01
-1.013100e+00
-1.034873e+00
-1.054272e+00
-1.071403e+00
-1.086202e+00
-1.098262e+00
-1.108151e+00
-1.115476e+00
-1.120260e+00
-1.122525e+00
-1.122334e+00
-1.119767e+00
-1.114499e+00
-1.106765e+00
-1.096651e+00
-1.083966e+00
-1.069039e+00
-1.051526e+00
-1.031809e+00
-1.009725e+00
-9.853517e-01
-9.588628e-01
-9.301756e-01
-8.993812e-01
-8.666861e-01
-8.319877e-01
-7.954004e-01
-7.570856e-01
-7.170770e-01
-6.754914e-01
-6.323723e-01
-5.878513e-01
-5.419671e-01
-4.949929e-01
-4.468333e-01
-3.975713e-01
-3.476152e-01
-2.967103e-01
-2.452804e-01
-1.933633e-01
-1.408211e-01
-8.810677e-02
-3.513024e-02
1.782330e-02
7.087998e-02
1.236086e-01
1.761042e-01
2.283158e-01
2.798489e-01
3.308700e-01
3.810907e-01
4.304254e-01
4.789039e-01
5.262707e-01
5.723786e-01
6.173085e-01
6.607601e-01
7.028198e-01
7.432173e-01
7.819857e-01
8.189695e-01
8.542165e-01
8.875746e-01
9.188549e-01
9.480790e-01
9.752912e-01
1.000226e+00
1.022913e+00
1.043332e+00
1.061466e+00
1.077207e+00
1.090472e+00
1.101390e+00
1.109845e+00
1.115695e+00
1.119277e+00
1.120088e+00
1.118587e+00
1.114567e+00
1.108021e+00
1.098964e+00
1.087506e+00
1.073588e+00
1.057325e+00
1.038665e+00
1.017670e+00
9.944106e-01
9.689750e-01
9.412769e-01
9.115519e-01
8.797479e-01
8.460741e-01
8.105058e-01
7.729168e-01
7.339509e-01
6.930525e-01
6.507852e-01
6.070025e-01
5.617868e-01
5.154334e-01
4.679057e-01
4.193465e-01
3.698409e-01
3.194542e-01
2.684393e-01
2.167435e-01
1.645865e-01
1.121835e-01
5.937723e-02
6.514414e-03
-4.636145e-02
-9.905153e-02
-1.516571e-01
-2.038165e-01
-2.554553e-01
-3.066627e-01
-3.571209e-01
-4.067420e-01
-4.554839e-01
-5.031571e-01
-5.496894e-01
-5.952071e-01
-6.391427e-01
-6.817523e-01
-7.228340e-01
-7.622529e-01
-8.000016e-01
-8.359253e-01
-8.701335e-01
-9.022209e-01
-9.323566e-01
-9.603796e-01
-9.862049e-01
-1.009862e+00
-1.031284e+00
-1.050508e+00
-1.067167e+00
-1.081574e+00
-1.093575e+00
-1.103109e+00
-1.110106e+00
-1.114682e+00
-1.116767e+00
-1.116280e+00
-1.113407e+00
-1.107921e+00
-1.100190e+00
-1.089846e+00
-1.077102e+00
-1.061824e+00
-1.044336e+00
-1.024409e+00
-1.002282e+00
-9.778512e-01
-9.513238e-01
-9.225706e-01
-8.917943e-01
-8.590520e-01
-8.243468e-01
-7.878060e-01
-7.495963e-01
-7.095753e-01
-6.680754e-01
-6.250718e-01
-5.805968e-01
-5.349351e-01
-4.879864e-01
-4.400038e-01
-3.909891e-01
-3.411921e-01
-2.905650e-01
-2.393376e-01
-1.875268e-01
-1.352772e-01
-8.280215e-02
-3.008971e-02
2.258608e-02
7.528920e-02
1.277606e-01
1.800088e-01
2.317979e-01
2.831322e-01
3.337301e-01
3.836856e-01
4.326443e-01
4.806841e-01
5.277129e-01
5.735487e-01
6.180417e-01
6.612621e-01
7.028453e-01
7.429123e-01
7.813202e-01
8.179908e-01
8.528284e-01
8.858155e-01
9.167665e-01
9.456936e-01
9.724677e-01
9.971186e-01
1.019507e+00
1.039590e+00
1.057407e+00
1.072780e+00
1.085856e+00
1.096412e+00
1.104683e+00
1.110319e+00
1.113541e+00
1.114251e+00
1.112483e+00
1.108239e+00
1.101508e+00
1.092240e+00
1.080683e+00
1.066528e+00
1.050185e+00
1.031341e+00
1.010329e+00
9.868983e-01
9.614254e-01
9.338081e-01
9.039613e-01
8.722026e-01
8.384835e-01
8.028804e-01
7.655132e-01
7.264063e-01
6.856415e-01
6.433518e-01
5.997940e-01
5.547175e-01
5.084797e-01
4.611148e-01
4.126674e-01
3.633246e-01
3.131442e-01
2.624090e-01
2.108846e-01
1.590178e-01
1.067559e-01
5.430812e-02
1.660293e-03
-5.087879e-02
-1.033837e-01
-1.556140e-01
-2.074142e-01
-2.589113e-01
-3.096845e-01
-3.598437e-01
-4.091641e-01
-4.574829e-01
-5.048522e-01
-5.511061e-01
-5.961640e-01
-6.397529e-01
-6.819810e-01
-7.227228e-01
-7.617888e-01
-7.991777e-01
-8.347901e-01
-8.684303e-01
-9.002953e-01
-9.301184e-01
-9.576642e-01
-9.832714e-01
-1.006628e+00
-1.027785e+00
-1.046542e+00
-1.063088e+00
-1.077031e+00
-1.088816e+00
-1.098003e+00
-1.104804e+00
-1.109191e+00
-1.110985e+00
-1.110348e+00
-1.107209e+00
-1.101507e+00
-1.093554e+00
-1.083027e+00
-1.070149e+00
-1.054814e+00
-1.037150e+00
-1.017174e+00
-9.948885e-01
-9.704215e-01
-9.437518e-01
-9.149496e-01
-8.842143e-01
-8.514365e-01
-8.167854e-01
-7.802278e-01
-7.419771e-01
-7.021183e-01
-6.606656e-01
-6.178031e-01
-5.734244e-01
-5.278614e-01
-4.810998e-01
-4.332446e-01
-3.845014e-01
-3.347821e-01
-2.843799e-01
-2.333327e-01
-1.818295e-01
-1.298086e-01
-7.760069e-02
-2.522130e-02
2.734451e-02
7.972266e-02
1.318784e-01
1.837830e-01
2.353478e-01
2.862328e-01
3.366089e-01
3.861642e-01
4.348819e-01
4.825507e-01
5.291135e-01
5.746330e-01
6.188240e-01
6.616064e-01
7.028546e-01
7.427066e-01
7.807206e-01
8.169867e-01
8.515105e-01
8.841677e-01
9.147296e-01
9.433144e-01
9.697852e-01
9.940248e-01
1.016120e+00
1.035895e+00
1.053378e+00
1.068562e+00
1.081266e+00
1.091558e+00
1.099466e+00
1.104944e+00
1.107800e+00
1.108350e+00
1.106369e+00
1.101860e+00
1.094929e+00
1.085612e+00
1.073834e+00
1.059619e+00
1.042987e+00
1.024126e+00
1.002923e+00
9.796146e-01
9.539951e-01
9.262404e-01
8.964123e-01
8.646306e-01
8.308916e-01
7.953016e-01
7.580003e-01
7.189051e-01
6.782807e-01
6.360837e-01
5.926110e-01
5.477191e-01
5.014900e-01
4.543276e-01
4.061188e-01
3.568686e-01
3.069082e-01
2.562910e-01
2.051021e-01
1.534771e-01
1.014046e-01
4.918805e-02
-3.068311e-03
-5.547318e-02
-1.075966e-01
-1.595454e-01
-2.110816e-01
-2.622741e-01
-3.126552e-01
-3.624155e-01
-4.114538e-01
-4.594750e-01
-5.065044e-01
-5.524514e-01
-5.970506e-01
-6.404090e-01
-6.822308e-01
-7.226109e-01
-7.613538e-01
-7.983780e-01
-8.335958e-01
-8.669353e-01
-8.983665e-01
-9.278479e-01
-9.552005e-01
-9.804535e-01
-1.003437e+00
-1.024262e+00
-1.042701e+00
-1.058864e+00
-1.072645e+00
-1.084086e+00
-1.093047e+00
-1.099594e+00
-1.103617e+00
-1.105180e+00
-1.104285e+00
-1.101059e+00
-1.095212e+00
-1.087009e+00
-1.076220e+00
-1.063243e+00
-1.047808e+00
-1.029953e+00
-1.009970e+00
-9.875719e-01
-9.629303e-01
-9.363085e-01
-9.074938e-01
-8.766280e-01
-8.438962e-01
-8.091898e-01
-7.727696e-01
-7.345629e-01
-6.947451e-01
-6.533838e-01
-6.105349e-01
-5.663184e-01
-5.208853e-01
-4.742703e-01
-4.265810e-01
-3.779690e-01
-3.285038e-01
-2.782482e-01
-2.274689e-01
-1.761253e-01
-1.243443e-01
-7.238990e-02
-2.027646e-02
3.194946e-02
8.402936e-02
1.360061e-01
1.875858e-01
2.387138e-01
2.893515e-01
3.393293e-01
3.886397e-01
4.369659e-01
4.842998e-01
5.306551e-01
5.757763e-01
6.195100e-01
6.619133e-01
7.029217e-01
7.422983e-01
7.800663e-01
8.159788e-01
8.500919e-01
8.824353e-01
9.126866e-01
9.408550e-01
9.669903e-01
9.910118e-01
1.012776e+00
1.032207e+00
1.049382e+00
1.064200e+00
1.076722e+00
1.086749e+00
1.094307e+00
1.099542e+00
1.102255e+00
1.102547e+00
1.100287e+00
1.095669e+00
1.088515e+00
1.078939e+00
1.067087e+00
1.052632e+00
1.036035e+00
1.017017e+00
9.956813e-01
9.722558e-01
9.466219e-01
9.187952e-01
8.889795e-01
8.571811e-01
8.233793e-01
7.878837e-01
7.505694e-01
7.115730e-01
6.710250e-01
6.288386e-01
5.854578e-01
5.405603e-01
4.946736e-01
4.475410e-01
3.994546e-01
3.505176e-01
3.007113e-01
2.502712e-01
1.993576e-01
1.478798e-01
9.617708e-02
4.416927e-02
-7.933617e-03
-5.993957e-02
-1.117349e-01
-1.634556e-01
-2.146700e-01
-2.654568e-01
-3.155377e-01
-3.649930e-01
-4.137510e-01
-4.614006e-01
-5.080752e-01
-5.536419e-01
-5.979616e-01
-6.409254e-01
-6.824271e-01
-7.224158e-01
-7.607996e-01
-7.975149e-01
-8.323910e-01
-8.654390e-01
-8.963931e-01
-9.255948e-01
-9.526206e-01
-9.774753e-01
-1.000235e+00
-1.020695e+00
-1.038886e+00
-1.054763e+00
-1.068295e+00
-1.079279e+00
-1.088077e+00
-1.094330e+00
-1.098129e+00
-1.099539e+00
-1.098490e+00
-1.094932e+00
-1.088936e+00
-1.080509e+00
-1.069677e+00
-1.056398e+00
-1.040871e+00
-1.022875e+00
-1.002743e+00
-9.802174e-01
-9.556926e-01
-9.288813e-01
-9.000641e-01
-8.692306e-01
-8.364473e-01
-8.017775e-01
-7.653281e-01
-7.272538e-01
-6.874049e-01
-6.461362e-01
-6.033774e-01
-5.592945e-01
-5.140142e-01
-4.675509e-01
-4.199809e-01
-3.714390e-01
-3.222597e-01
-2.721781e-01
-2.215994e-01
-1.705088e-01
-1.189695e-01
-6.727232e-02
-1.530490e-02
3.656746e-02
8.839446e-02
1.399425e-01
1.912804e-01
2.421418e-01
2.924403e-01
3.421789e-01
3.910189e-01
4.390326e-01
4.860521e-01
5.320550e-01
5.767469e-01
6.203072e-01
6.623700e-01
7.029291e-01
7.419740e-01
7.793691e-01
8.149219e-01
8.487535e-01
8.806290e-01
9.106286e-01
9.384665e-01
9.642849e-01
9.879621e-01
1.009366e+00
1.028560e+00
1.045424e+00
1.060018e+00
1.072117e+00
1.081871e+00
1.089330e+00
1.094159e+00
1.096743e+00
1.096695e+00
1.094264e+00
1.089414e+00
1.082145e+00
1.072429e+00
1.060380e+00
1.045781e+00
1.029046e+00
1.009909e+00
9.886251e-01
9.649367e-01
9.392618e-01
9.113910e-01
8.815654e-01
8.498073e-01
8.159826e-01
7.804124e-01
7.432192e-01
7.042328e-01
6.637035e-01
6.217158e-01
5.783742e-01
5.336743e-01
4.878572e-01
4.408961e-01
3.929396e-01
3.442548e-01
2.945778e-01
2.443104e-01
1.936733e-01
1.423751e-01
9.095636e-02
3.923872e-02
-1.269018e-02
-6.433512e-02
-1.159968e-01
-1.672795e-01
-2.181931e-01
-2.686742e-01
-3.185302e-01
-3.676804e-01
-4.159233e-01
-4.633529e-01
-5.096734e-01
-5.548095e-01
-5.988439e-01
-6.414306e-01
-6.826048e-01
-7.223127e-01
-7.602478e-01
-7.967003e-01
-8.311787e-01
-8.638359e-01
-8.947067e-01
-9.233380e-01
-9.501041e-01
-9.746829e-01
-9.970943e-01
-1.017251e+00
-1.035122e+00
-1.050745e+00
-1.063868e+00
-1.074729e+00
-1.083136e+00
-1.089181e+00
-1.092761e+00
-1.093846e+00
-1.092597e+00
-1.088823e+00
-1.082623e+00
-1.074035e+00
-1.063015e+00
-1.049705e+00
-1.033958e+00
-1.015895e+00
-9.956602e-01
-9.730518e-01
-9.484108e-01
-9.215976e-01
-8.927115e-01
-8.618736e-01
-8.290356e-01
-7.945013e-01
-7.580370e-01
-7.199036e-01
-6.802511e-01
-6.389724e-01
-5.963684e-01
-5.523843e-01
-5.071898e-01
-4.608650e-01
-4.134304e-01
-3.651545e-01
-3.160740e-01
-2.662180e-01
-2.158835e-01
-1.649152e-01
-1.136928e-01
-6.220135e-02
-1.054398e-02
4.109847e-02
9.272166e-02
1.439770e-01
1.949279e-01
2.455519e-01
2.955254e-01
3.449023e-01
3.934330e-01
4.411540e-01
4.878472e-01
5.334873e-01
5.779113e-01
6.210609e-01
6.627950e-01
7.029950e-01
7.417441e-01
7.787577e-01
8.139799e-01
8.474293e-01
8.789699e-01
9.086085e-01
9.362121e-01
9.615838e-01
9.850305e-01
1.006051e+00
1.024960e+00
1.041516e+00
1.055771e+00
1.067650e+00
1.077134e+00
1.084267e+00
1.088930e+00
1.091187e+00
1.091007e+00
1.088283e+00
1.083344e+00
1.075853e+00
1.065836e+00
1.053747e+00
1.039077e+00
1.022158e+00
1.002879e+00
9.814769e-01
9.578556e-01
9.320540e-01
9.041384e-01
8.743153e-01
8.424068e-01
8.086765e-01
7.732014e-01
7.359275e-01
6.970522e-01
6.566727e-01
6.147658e-01
5.713919e-01
5.268579e-01
4.811924e-01
4.342450e-01
3.865973e-01
3.379542e-01
2.885462e-01
2.384938e-01
1.879891e-01
1.370817e-01
8.568654e-02
3.427524e-02
-1.730259e-02
-6.871079e-02
-1.201246e-01
-1.710481e-01
-2.217709e-01
-2.719588e-01
-3.214743e-01
-3.702870e-01
-4.182205e-01
-4.651922e-01
-5.112846e-01
-5.561752e-01
-5.997306e-01
-6.420395e-01
-6.828434e-01
-7.221232e-01
-7.598197e-01
-7.957788e-01
-8.300882e-01
-8.623912e-01
-8.928283e-01
-9.212080e-01
-9.476273e-01
-9.718973e-01
-9.939173e-01
-1.013732e+00
-1.031367e+00
-1.046607e+00
-1.059586e+00
-1.070106e+00
-1.078271e+00
-1.084020e+00
-1.087380e+00
-1.088303e+00
-1.086713e+00
-1.082884e+00
-1.076485e+00
-1.067718e+00
-1.056486e+00
-1.043026e+00
-1.027201e+00
-1.009013e+00
-9.886785e-01
-9.659955e-01
-9.412862e-01
-9.143562e-01
-8.854763e-01
-8.546316e-01
-8.217805e-01
-7.871847e-01
-7.507943e-01
-7.127119e-01
-6.731060e-01
-6.319243e-01
-5.893792e-01
-5.454647e-01
-5.003746e-01
-4.542890e-01
-4.069657e-01
-3.588042e-01
-3.100101e-01
-2.602472e-01
-2.101532e-01
-1.594192e-01
-1.084143e-01
-5.719499e-02
-5.780579e-03
4.561270e-02
9.686432e-02
1.478463e-01
1.986586e-01
2.489042e-01
2.985185e-01
3.476258e-01
3.958501e-01
4.431554e-01
4.895790e-01
5.349301e-01
5.790012e-01
6.217295e-01
6.631536e-01
7.030907e-01
7.413787e-01
7.780431e-01
8.129869e-01
8.461108e-01
8.773799e-01
9.065580e-01
9.338652e-01
9.590468e-01
9.820280e-01
1.002821e+00
1.021384e+00
1.037712e+00
1.051634e+00
1.063297e+00
1.072489e+00
1.079419e+00
1.083786e+00
1.085850e+00
1.085391e+00
1.082499e+00
1.077320e+00
1.069606e+00
1.059542e+00
1.047213e+00
1.032392e+00
1.015342e+00
9.960038e-01
9.744486e-01
9.507124e-01
9.249250e-01
8.968628e-01
8.670167e-01
8.351517e-01
8.015097e-01
7.660116e-01
7.286873e-01
6.900066e-01
6.494891e-01
6.077276e-01
5.644916e-01
5.201049e-01
4.745649e-01
4.277927e-01
3.803016e-01
3.318294e-01
2.825717e-01
2.327238e-01
1.824266e-01
1.316286e-01
8.060935e-02
2.938073e-02
-2.185535e-02
-7.310385e-02
-1.241057e-01
-1.748217e-01
-2.252568e-01
-2.750445e-01
-3.243959e-01
-3.727507e-01
-4.204686e-01
-4.671743e-01
-5.128032e-01
-5.573987e-01
-6.006645e-01
-6.425938e-01
-6.831541e-01
-7.220144e-01
-7.593530e-01
-7.950543e-01
-8.288784e-01
-8.609497e-01
-8.909834e-01
-9.191941e-01
-9.452543e-01
-9.690856e-01
-9.908626e-01
-1.010329e+00
-1.027728e+00
-1.042743e+00
-1.055344e+00
-1.065704e+00
-1.073539e+00
-1.079058e+00
-1.082155e+00
-1.082852e+00
-1.081155e+00
-1.076949e+00
-1.070508e+00
-1.061443e+00
-1.050126e+00
-1.036461e+00
-1.020507e+00
-1.002232e+00
-9.817652e-01
-9.590374e-01
-9.342542e-01
-9.072098e-01
-8.783958e-01
-8.474853e-01
-8.145901e-01
-7.800240e-01
-7.436337e-01
-7.056750e-01
-6.660715e-01
-6.249320e-01
-5.824721e-01
-5.387099e-01
-4.937937e-01
-4.477088e-01
-4.006278e-01
-3.526806e-01
-3.038666e-01
-2.544660e-01
-2.044547e-01
-1.540612e-01
-1.031898e-01
-5.226071e-02
-1.073101e-03
5.007971e-02
1.010716e-01
1.518124e-01
2.022718e-01
2.522142e-01
3.015738e-01
3.503206e-01
3.982573e-01
4.453426e-01
4.913281e-01
5.363642e-01
5.800948e-01
6.225578e-01
6.635717e-01
7.031945e-01
7.411730e-01
7.775181e-01
8.120673e-01
8.449482e-01
8.757382e-01
9.047449e-01
9.316855e-01
9.564973e-01
9.791697e-01
9.996811e-01
1.017967e+00
1.033992e+00
1.047612e+00
1.058984e+00
1.067963e+00
1.074553e+00
1.078675e+00
1.080550e+00
1.079832e+00
1.076842e+00
1.071291e+00
1.063507e+00
1.053399e+00
1.040776e+00
1.025878e+00
1.008662e+00
9.892471e-01
9.676353e-01
9.437381e-01
9.178775e-01
8.898787e-01
8.599151e-01
8.280824e-01
7.943248e-01
7.588640e-01
7.217236e-01
6.828279e-01
6.425950e-01
6.008124e-01
5.577529e-01
5.133978e-01
4.679107e-01
4.214175e-01
3.739512e-01
3.256915e-01
2.766234e-01
2.269264e-01
1.769592e-01
1.263339e-01
7.555328e-02
2.455270e-02
-2.649323e-02
-7.739688e-02
-1.281769e-01
-1.786375e-01
-2.286588e-01
-2.783091e-01
-3.270740e-01
-3.753338e-01
-4.227640e-01
-4.690782e-01
-5.144473e-01
-5.585911e-01
-6.016040e-01
-6.431897e-01
-6.833418e-01
-7.219964e-01
-7.590137e-01
-7.943298e-01
-8.278724e-01
-8.595100e-01
-8.893101e-01
-9.170635e-01
-9.428819e-01
-9.664758e-01
-9.878757e-01
-1.007186e+00
-1.024164e+00
-1.038846e+00
-1.051271e+00
-1.061201e+00
-1.068975e+00
-1.074230e+00
-1.077130e+00
-1.077444e+00
-1.075602e+00
-1.071293e+00
-1.064418e+00
-1.055357e+00
-1.043839e+00
-1.030068e+00
-1.013915e+00
-9.955477e-01
-9.749842e-01
-9.521651e-01
-9.272421e-01
-9.002760e-01
-8.712886e-01
-8.403694e-01
-8.075376e-01
-7.729212e-01
-7.366035e-01
-6.986529e-01
-6.591333e-01
-6.180964e-01
-5.756961e-01
-5.320799e-01
-4.871973e-01
-4.411838e-01
-3.943439e-01
-3.464576e-01
-2.979058e-01
-2.486637e-01
-1.988400e-01
-1.486192e-01
-9.808157e-02
-4.726554e-02
3.653018e-03
5.437025e-02
1.052826e-01
1.557339e-01
2.058434e-01
2.555652e-01
3.046477e-01
3.531423e-01
4.007185e-01
4.473975e-01
4.930704e-01
5.376995e-01
5.812126e-01
6.233214e-01
6.640347e-01
7.032672e-01
7.409382e-01
7.770179e-01
8.112589e-01
8.436837e-01
8.742065e-01
9.028304e-01
9.295045e-01
9.539509e-01
9.764270e-01
9.966146e-01
1.014562e+00
1.030333e+00
1.043652e+00
1.054806e+00
1.063497e+00
1.069871e+00
1.073728e+00
1.075357e+00
1.074459e+00
1.071240e+00
1.065632e+00
1.057603e+00
1.047193e+00
1.034515e+00
1.019451e+00
1.002155e+00
9.826233e-01
9.608239e-01
9.370758e-01
9.109573e-01
8.829498e-01
8.529489e-01
8.210989e-01
7.874233e-01
7.518593e-01
7.148128e-01
6.759922e-01
6.357301e-01
5.941128e-01
5.510396e-01
5.068151e-01
4.615572e-01
4.151013e-01
3.677202e-01
3.196698e-01
2.707626e-01
2.213347e-01
1.714228e-01
1.211461e-01
7.048603e-02
1.981354e-02
-3.101741e-02
-8.165697e-02
-1.321300e-01
-1.824434e-01
-2.321875e-01
-2.814023e-01
-3.301392e-01
-3.779131e-01
-4.249437e-01
-4.710535e-01
-5.160877e-01
-5.599258e-01
-6.024696e-01
-6.439166e-01
-6.837040e-01
-7.219610e-01
-7.586757e-01
-7.936997e-01
-8.269279e-01
-8.582486e-01
-8.877076e-01
-9.151285e-01
-9.405623e-01
-9.638723e-01
-9.850286e-01
-1.004098e+00
-1.020668e+00
-1.035104e+00
-1.047270e+00
-1.057010e+00
-1.064438e+00
-1.069438e+00
-1.072103e+00
-1.072344e+00
-1.070163e+00
-1.065612e+00
-1.058659e+00
-1.049302e+00
-1.037780e+00
-1.023740e+00
-1.007566e+00
-9.889874e-01
-9.683449e-01
-9.454214e-01
-9.204630e-01
-8.934341e-01
-8.644026e-01
-8.334952e-01
-8.006820e-01
-7.660097e-01
-7.297660e-01
-6.917048e-01
-6.523834e-01
-6.113409e-01
-5.690475e-01
-5.254580e-01
-4.807040e-01
-4.348576e-01
-3.880892e-01
-3.404776e-01
-2.920507e-01
-2.428695e-01
-1.933173e-01
-1.433072e-01
-9.297269e-02
-4.235239e-02
8.262320e-03
5.885342e-02
1.093973e-01
1.596150e-01
2.094306e-01
2.588448e-01
3.076315e-01
3.558141e-01
4.031362e-01
4.495145e-01
4.949308e-01
5.393014e-01
5.823261e-01
6.241578e-01
6.645535e-01
7.035132e-01
7.408276e-01
7.765189e-01
8.104915e-01
8.425553e-01
8.729153e-01
9.011490e-01
9.274297e-01
9.515823e-01
9.736800e-01
9.936725e-01
1.011294e+00
1.026768e+00
1.039878e+00
1.050675e+00
1.059143e+00
1.065296e+00
1.068857e+00
1.070312e+00
1.069252e+00
1.065755e+00
1.059961e+00
1.051745e+00
1.041184e+00
1.028357e+00
1.013124e+00
9.957373e-01
9.761052e-01
9.541939e-01
9.302613e-01
9.042030e-01
8.761775e-01
8.461655e-01
8.142458e-01
7.804764e-01
7.450398e-01
7.079224e-01
6.692088e-01
6.290337e-01
5.874437e-01
5.445209e-01
5.003529e-01
4.551409e-01
4.089118e-01
3.616767e-01
3.136475e-01
2.650647e-01
2.158692e-01
1.660405e-01
1.159080e-01
6.555176e-02
1.506256e-02
-3.545956e-02
-8.585245e-02
-1.361788e-01
-1.860411e-01
-2.356019e-01
-2.845247e-01
-3.328472e-01
-3.805004e-01
-4.272409e-01
-4.729965e-01
-5.176815e-01
-5.613028e-01
-6.035961e-01
-6.445132e-01
-6.840787e-01
-7.220219e-01
-7.584011e-01
-7.930696e-01
-8.259064e-01
-8.570785e-01
-8.861368e-01
-9.133328e-01
-9.384006e-01
-9.613999e-01
-9.823182e-01
-1.000944e+00
-1.017383e+00
-1.031499e+00
-1.043374e+00
-1.052843e+00
-1.060082e+00
-1.064752e+00
-1.067259e+00
-1.067203e+00
-1.064870e+00
-1.060156e+00
-1.052981e+00
-1.043562e+00
-1.031741e+00
-1.017649e+00
-1.001342e+00
-9.826295e-01
-9.618609e-01
-9.389052e-01
-9.137752e-01
-8.867022e-01
-8.576595e-01
-8.266421e-01
-7.938507e-01
-7.592461e-01
-7.228937e-01
-6.850375e-01
-6.455999e-01
-6.047370e-01
-5.624281e-01
-5.190889e-01
-4.744263e-01
-4.285825e-01
-3.821489e-01
-3.345087e-01
-2.862378e-01
-2.373579e-01
-1.878741e-01
-1.380634e-01
-8.794956e-02
-3.754798e-02
1.282564e-02
6.326450e-02
1.133479e-01
1.635159e-01
2.130600e-01
2.620815e-01
3.106842e-01
3.584655e-01
4.055608e-01
4.516830e-01
4.967408e-01
5.407765e-01
5.835129e-01
6.250426e-01
6.651028e-01
7.036978e-01
7.407182e-01
7.761902e-01
8.097745e-01
8.415910e-01
8.714874e-01
8.994906e-01
9.255035e-01
9.493808e-01
9.711206e-01
9.908005e-01
1.008206e+00
1.023385e+00
1.036190e+00
1.046803e+00
1.054962e+00
1.060878e+00
1.064284e+00
1.065387e+00
1.064217e+00
1.060463e+00
1.054501e+00
1.046008e+00
1.035394e+00
1.022306e+00
1.007034e+00
9.894907e-01
9.697219e-01
9.477895e-01
9.237531e-01
8.975252e-01
8.694736e-01
8.394392e-01
8.075307e-01
7.737327e-01
7.384005e-01
7.012539e-01
6.625260e-01
6.224515e-01
5.808460e-01
5.380531e-01
4.940180e-01
4.489229e-01
4.028280e-01
3.557607e-01
3.079359e-01
2.593655e-01
2.102595e-01
1.607639e-01
1.108600e-01
6.063426e-02
1.034949e-02
-3.993589e-02
-9.007526e-02
-1.401090e-01
-1.897724e-01
-2.390356e-01
-2.876899e-01
-3.358036e-01
-3.830381e-01
-4.295207e-01
-4.750713e-01
-5.194524e-01
-5.627089e-01
-6.046400e-01
-6.452992e-01
-6.845255e-01
-7.221486e-01
-7.582209e-01
-7.925875e-01
-8.251303e-01
-8.559483e-01
-8.847337e-01
-9.115768e-01
-9.363954e-01
-9.590430e-01
-9.796818e-01
-9.980997e-01
-1.014148e+00
-1.028032e+00
-1.039637e+00
-1.048913e+00
-1.055802e+00
-1.060331e+00
-1.062482e+00
-1.062211e+00
-1.059772e+00
-1.054775e+00
-1.047486e+00
-1.037814e+00
-1.025905e+00
-1.011691e+00
-9.952358e-01
-9.764774e-01
-9.554627e-01
-9.325156e-01
-9.073353e-01
-8.801586e-01
-8.510295e-01
-8.200333e-01
-7.871548e-01
-7.525733e-01
-7.162755e-01
-6.784529e-01
-6.389681e-01
-5.982331e-01
-5.561305e-01
-5.126777e-01
-4.681082e-01
-4.225266e-01
-3.759408e-01
-3.286654e-01
-2.805305e-01
-2.317892e-01
-1.825310e-01
-1.329409e-01
-8.294134e-02
-3.280881e-02
1.740760e-02
6.755442e-02
1.175558e-01
1.672571e-01
2.165875e-01
2.654058e-01
3.136475e-01
3.612697e-01
4.079611e-01
4.538162e-01
4.985963e-01
5.423374e-01
5.847942e-01
6.259902e-01
6.658167e-01
7.040507e-01
7.407530e-01
7.758118e-01
8.091394e-01
8.406210e-01
8.702733e-01
8.979223e-01
9.236717e-01
9.472775e-01
9.687575e-01
9.880485e-01
1.005267e+00
1.020079e+00
1.032680e+00
1.043005e+00
1.050949e+00
1.056564e+00
1.059856e+00
1.060682e+00
1.059143e+00
1.055364e+00
1.049136e+00
1.040595e+00
1.029729e+00
1.016518e+00
1.001099e+00
9.834205e-01
9.635542e-01
9.415199e-01
9.173145e-01
8.911723e-01
8.630083e-01
8.329049e-01
8.009554e-01
7.672077e-01
7.317245e-01
6.946774e-01
6.559264e-01
6.159700e-01
5.744031e-01
5.316872e-01
4.877658e-01
4.427086e-01
3.966510e-01
3.497956e-01
3.021056e-01
2.538540e-01
2.048592e-01
1.554847e-01
1.057325e-01
5.575839e-02
5.761317e-03
-4.430845e-02
-9.431174e-02
-1.440491e-01
-1.934652e-01
-2.424469e-01
-2.908788e-01
-3.386967e-01
-3.856851e-01
-4.318036e-01
-4.770802e-01
-5.211761e-01
-5.641722e-01
-6.058032e-01
-6.462250e-01
-6.850251e-01
-7.223866e-01
-7.581824e-01
-7.921997e-01
-8.244723e-01
-8.548528e-01
-8.833531e-01
-9.099525e-01
-9.344425e-01
-9.568801e-01
-9.771820e-01
-9.952389e-01
-1.011033e+00
-1.024747e+00
-1.036124e+00
-1.044985e+00
-1.051731e+00
-1.055995e+00
-1.057931e+00
-1.057514e+00
-1.054758e+00
-1.049707e+00
-1.042227e+00
-1.032428e+00
-1.020273e+00
-1.005852e+00
-9.892657e-01
-9.703954e-01
-9.493758e-01
-9.263020e-01
-9.009906e-01
-8.738169e-01
-8.446102e-01
-8.135648e-01
-7.806976e-01
-7.460415e-01
-7.097996e-01
-6.719117e-01
-6.325742e-01
-5.918921e-01
-5.497112e-01
-5.064851e-01
-4.618946e-01
-4.164919e-01
-3.701168e-01
-3.228171e-01
-2.748693e-01
-2.262609e-01
-1.771456e-01
-1.277717e-01
-7.798842e-02
-2.808207e-02
2.190382e-02
7.176108e-02
1.216103e-01
1.710966e-01
2.200777e-01
2.687482e-01
3.166811e-01
3.640181e-01
4.105479e-01
4.559984e-01
5.005219e-01
5.438399e-01
5.861152e-01
6.269962e-01
6.664232e-01
7.043844e-01
7.408033e-01
7.755657e-01
8.086274e-01
8.397741e-01
8.691554e-01
8.965248e-01
9.219611e-01
9.452468e-01
9.664398e-01
9.855593e-01
1.002406e+00
1.017070e+00
1.029310e+00
1.039403e+00
1.047058e+00
1.052467e+00
1.055463e+00
1.056088e+00
1.054407e+00
1.050367e+00
1.044009e+00
1.035333e+00
1.024188e+00
1.010927e+00
9.953203e-01
9.774896e-01
9.575362e-01
9.354323e-01
9.111263e-01
8.849114e-01
8.566026e-01
8.264911e-01
7.945976e-01
7.608300e-01
7.253102e-01
6.882947e-01
6.496972e-01
6.095265e-01
5.682012e-01
5.255300e-01
4.815745e-01
4.367385e-01
3.907841e-01
3.439653e-01
2.964729e-01
2.481809e-01
1.995073e-01
1.502932e-01
1.008603e-01
5.103413e-02
1.105412e-03
-4.871146e-02
-9.850597e-02
-1.479966e-01
-1.972126e-01
-2.459030e-01
-2.940366e-01
-3.416408e-01
-3.883141e-01
-4.341555e-01
-4.791232e-01
-5.229253e-01
-5.655914e-01
-6.070453e-01
-6.470309e-01
-6.856930e-01
-7.226687e-01
-7.581482e-01
-7.919648e-01
-8.238690e-01
-8.539953e-01
-8.821998e-01
-9.084985e-01
-9.326946e-01
-9.548407e-01
-9.747835e-01
-9.925795e-01
-1.008251e+00
-1.021570e+00
-1.032669e+00
-1.041324e+00
-1.047825e+00
-1.051944e+00
-1.053572e+00
-1.052975e+00
-1.050022e+00
-1.044709e+00
-1.037063e+00
-1.027015e+00
-1.014831e+00
-1.000289e+00
-9.834969e-01
-9.645527e-01
-9.432970e-01
-9.201020e-01
-8.948937e-01
-8.675970e-01
-8.383804e-01
-8.072169e-01
-7.743659e-01
-7.397719e-01
-7.034691e-01
-6.656396e-01
-6.263202e-01
-5.855361e-01
-5.435938e-01
-5.003007e-01
-4.558971e-01
-4.105622e-01
-3.642132e-01
-3.171204e-01
-2.693291e-01
-2.209035e-01
-1.719379e-01
-1.227654e-01
-7.313244e-02
-2.340815e-02
2.638263e-02
7.610071e-02
1.256255e-01
1.749099e-01
2.236823e-01
2.720395e-01
3.198370e-01
3.667682e-01
4.129414e-01
4.582478e-01
5.024649e-01
5.456132e-01
5.875083e-01
6.281091e-01
6.672440e-01
7.049212e-01
7.410656e-01
7.755241e-01
8.082801e-01
8.391235e-01
8.681880e-01
8.953156e-01
9.203300e-01
9.434299e-01
9.643495e-01
9.831272e-01
9.997277e-01
1.014040e+00
1.026209e+00
1.035878e+00
1.043364e+00
1.048527e+00
1.051257e+00
1.051755e+00
1.049814e+00
1.045604e+00
1.039050e+00
1.030183e+00
1.018901e+00
1.005394e+00
9.896796e-01
9.717438e-01
9.516767e-01
9.294374e-01
9.051196e-01
8.788258e-01
8.505654e-01
8.203185e-01
7.883299e-01
7.545635e-01
7.190648e-01
6.820145e-01
6.434196e-01
6.034364e-01
5.620285e-01
5.194605e-01
4.755671e-01
4.308212e-01
3.850078e-01
3.382990e-01
2.909372e-01
2.428179e-01
1.942288e-01
1.451439e-01
9.581483e-02
4.622475e-02
-3.398257e-03
-5.311634e-02
-1.025032e-01
-1.519373e-01
-2.008514e-01
-2.493056e-01
-2.973019e-01
-3.445171e-01
-3.909829e-01
-4.365757e-01
-4.811557e-01
-5.248235e-01
-5.671784e-01
-6.083309e-01
-6.480171e-01
-6.862982e-01
-7.230863e-01
-7.581817e-01
-7.916641e-01
-8.234259e-01
-8.531993e-01
-8.811304e-01
-9.071179e-01
-9.310759e-01
-9.529070e-01
-9.725870e-01
-9.901394e-01
-1.005484e+00
-1.018569e+00
-1.029408e+00
-1.037856e+00
-1.044060e+00
-1.047927e+00
-1.049436e+00
-1.048611e+00
-1.045476e+00
-1.039921e+00
-1.032048e+00
-1.021931e+00
-1.009473e+00
-9.949034e-01
-9.778065e-01
-9.588728e-01
-9.376158e-01
-9.143543e-01
-8.888795e-01
-8.615822e-01
-8.322450e-01
-8.011076e-01
-7.681845e-01
-7.336346e-01
-6.972815e-01
-6.594862e-01
-6.202233e-01
-5.794945e-01
-5.375317e-01
-4.942827e-01
-4.500731e-01
-4.047064e-01
-3.585103e-01
-3.116039e-01
-2.638425e-01
-2.156561e-01
-1.667669e-01
-1.176503e-01
-6.831622e-02
-1.872739e-02
3.076762e-02
8.034775e-02
1.296831e-01
1.785747e-01
2.272818e-01
2.753769e-01
3.228494e-01
3.695768e-01
4.154927e-01
4.605599e-01
5.044949e-01
5.473220e-01
5.889418e-01
6.292524e-01
6.681866e-01
7.055656e-01
7.414129e-01
7.754887e-01
8.079209e-01
8.385351e-01
8.673510e-01
8.941735e-01
9.189953e-01
9.417299e-01
9.624382e-01
9.807915e-01
9.972087e-01
1.011316e+00
1.023163e+00
1.032626e+00
1.039880e+00
1.044814e+00
1.047347e+00
1.047638e+00
1.045513e+00
1.041024e+00
1.034392e+00
1.025176e+00
1.013858e+00
1.000161e+00
9.843321e-01
9.662882e-01
9.460210e-01
9.236686e-01
8.992886e-01
8.728271e-01
8.445704e-01
8.142508e-01
7.822454e-01
7.484716e-01
7.129288e-01
6.759295e-01
6.373631e-01
5.973359e-01
5.560746e-01
5.134103e-01
4.697108e-01
4.249096e-01
3.793136e-01
3.327341e-01
2.853281e-01
2.375226e-01
1.889882e-01
1.401320e-01
9.089919e-02
4.154710e-02
-7.960957e-03
-5.738513e-02
-1.067360e-01
-1.557221e-01
-2.045218e-01
-2.527405e-01
-3.005497e-01
-3.475431e-01
-3.936709e-01
-4.390202e-01
-4.834305e-01
-5.266833e-01
-5.687704e-01
-6.096694e-01
-6.492001e-01
-6.871514e-01
-7.236505e-01
-7.584694e-01
-7.917101e-01
-8.231643e-01
-8.526165e-01
-8.801996e-01
-9.060031e-01
-9.295592e-01
-9.512374e-01
-9.706800e-01
-9.879950e-01
-1.003015e+00
-1.015928e+00
-1.026315e+00
-1.034621e+00
-1.040565e+00
-1.044244e+00
-1.045504e+00
-1.044427e+00
-1.041084e+00
-1.035362e+00
-1.027299e+00
-1.017026e+00
-1.004395e+00
-9.896236e-01
-9.725882e-01
-9.533737e-01
-9.320981e-01
-9.085924e-01
-8.831045e-01
-8.557712e-01
-8.263494e-01
-7.951717e-01
-7.621815e-01
-7.275545e-01
-6.912667e-01
-6.534546e-01
-6.141681e-01
-5.734809e-01
-5.315598e-01
-4.884444e-01
-4.442695e-01
-3.990712e-01
-3.529068e-01
-3.060861e-01
-2.584950e-01
-2.102812e-01
-1.617475e-01
-1.128036e-01
-6.356090e-02
-1.412865e-02
3.529179e-02
8.450532e-02
1.337394e-01
1.823694e-01
2.308429e-01
2.787205e-01
3.258729e-01
3.724544e-01
4.181236e-01
4.628459e-01
5.064938e-01
5.491569e-01
5.905002e-01
6.305225e-01
6.691305e-01
7.063112e-01
7.418131e-01
7.756415e-01
8.078352e-01
8.381641e-01
8.667588e-01
8.932676e-01
9.177855e-01
9.401951e-01
9.606027e-01
9.788261e-01
9.949245e-01
1.008765e+00
1.020271e+00
1.029663e+00
1.036559e+00
1.041294e+00
1.043614e+00
1.043614e+00
1.041300e+00
1.036748e+00
1.029730e+00
1.020472e+00
1.008962e+00
9.951053e-01
9.791064e-01
9.609873e-01
9.406593e-01
9.180974e-01
8.936640e-01
8.671969e-01
8.386687e-01
8.084851e-01
7.763816e-01
7.425276e-01
7.070395e-01
6.699762e-01
6.313681e-01
5.914757e-01
5.501082e-01
5.076117e-01
4.638991e-01
4.192949e-01
3.736337e-01
3.271728e-01
2.799968e-01
2.322074e-01
1.838961e-01
1.350902e-01
8.608670e-02
3.685950e-02
-1.249072e-02
-6.174153e-02
-1.108358e-01
-1.596578e-01
-2.081816e-01
-2.562587e-01
-3.036833e-01
-3.505468e-01
-3.964279e-01
-4.415038e-01
-4.857141e-01
-5.287742e-01
-5.705605e-01
-6.111451e-01
-6.503105e-01
-6.881126e-01
-7.242451e-01
-7.588851e-01
-7.917548e-01
-8.228642e-01
-8.521144e-01
-8.795012e-01
-9.050270e-01
-9.282729e-01
-9.496206e-01
-9.687618e-01
-9.858103e-01
-1.000589e+00
-1.013194e+00
-1.023574e+00
-1.031504e+00
-1.037285e+00
-1.040644e+00
-1.041776e+00
-1.040536e+00
-1.036944e+00
-1.031066e+00
-1.022834e+00
-1.012322e+00
-9.996749e-01
-9.846614e-01
-9.673644e-01
-9.481082e-01
-9.266599e-01
-9.031287e-01
-8.775557e-01
-8.500409e-01
-8.206186e-01
-7.893700e-01
-7.563829e-01
-7.216957e-01
-6.854588e-01
-6.475970e-01
-6.082868e-01
-5.677296e-01
-5.257239e-01
-4.826955e-01
-4.385858e-01
-3.933621e-01
-3.473393e-01
-3.006336e-01
-2.531450e-01
-2.051233e-01
-1.566759e-01
-1.078843e-01
-5.876456e-02
-9.584590e-03
3.965255e-02
8.884060e-02
1.375806e-01
1.862256e-01
2.344214e-01
2.820815e-01
3.291246e-01
3.752834e-01
4.207688e-01
4.652935e-01
5.087581e-01
5.510831e-01
5.921642e-01
6.319541e-01
6.702719e-01
7.071053e-01
7.424034e-01
7.759622e-01
8.078495e-01
8.379404e-01
8.661219e-01
8.924412e-01
9.167130e-01
9.389344e-01
9.590381e-01
9.770142e-01
9.928224e-01
1.006412e+00
1.017732e+00
1.026781e+00
1.033545e+00
1.037961e+00
1.040159e+00
1.039938e+00
1.037338e+00
1.032509e+00
1.025432e+00
1.015983e+00
1.004351e+00
9.902711e-01
9.742516e-01
9.557989e-01
9.353609e-01
9.128692e-01
8.882706e-01
8.616357e-01
8.331957e-01
8.028127e-01
7.706774e-01
7.368204e-01
7.013204e-01
6.641931e-01
6.256273e-01
5.857231e-01
5.444246e-01
5.019299e-01
4.583602e-01
4.136970e-01
3.681582e-01
3.218260e-01
2.747232e-01
2.270053e-01
1.788102e-01
1.302380e-01
8.131647e-02
3.225082e-02
-1.695711e-02
-6.603580e-02
-1.149865e-01
-1.635706e-01
-2.119123e-01
-2.597253e-01
-3.069784e-01
-3.534940e-01
-3.992788e-01
-4.440613e-01
-4.880386e-01
-5.307750e-01
-5.723289e-01
-6.127103e-01
-6.515905e-01
-6.891534e-01
-7.251070e-01
-7.594033e-01
-7.919605e-01
-8.227884e-01
-8.518342e-01
-8.789550e-01
-9.041049e-01
-9.272092e-01
-9.482076e-01
-9.671506e-01
-9.839052e-01
-9.984955e-01
-1.010763e+00
-1.020904e+00
-1.028676e+00
-1.034199e+00
-1.037395e+00
-1.038223e+00
-1.036697e+00
-1.033036e+00
-1.026916e+00
-1.018519e+00
-1.007861e+00
-9.949966e-01
-9.798464e-01
-9.625594e-01
-9.430024e-01
-9.215249e-01
-8.978042e-01
-8.723095e-01
-8.446195e-01
-8.150977e-01
-7.839119e-01
-7.507788e-01
-7.161127e-01
-6.797205e-01
-6.419506e-01
-6.026641e-01
-5.619583e-01
-5.202316e-01
-4.770870e-01
-4.330364e-01
-3.880041e-01
-3.420235e-01
-2.953508e-01
-2.479355e-01
-2.001057e-01
-1.516739e-01
-1.029761e-01
-5.405149e-02
