FEmean
-0.0206368723298505	0.00498659987680977	0.0479347080199872	-0.0382825914331616	-0.0401581931060239	-0.0379726943164450
0.0213016201530380	0.000215081767493667	0.0326421571772083	-0.0324198353953676	-0.0356368128151061	-0.0371049345812548
0.0872994811090367	-0.0150220849119042	0.0129860725892161	-0.0330543385269247	-0.0237464035832343	-0.0240948071981168
0.0224419694020537	-0.0194528283274262	-0.0103411227431517	-0.0340331021437659	-0.00959705073278904	-0.00956400764856764
0.0129272047531839	-0.00335564777596077	-0.000434989116239058	-0.0389876087227089	-0.00402838197660197	-0.00406810043587807

FE_std
9.50696026266603e-05	0.000419451435379777	0.000469222948997988	1.98989418593397e-05	0.000442853705756779	0.000409904770888380
6.28657979447370e-05	0.000389706540786500	0.000425749635600162	1.28879360263542e-05	0.000430614185997771	0.000428099725517242
4.43263781746132e-05	0.000321976507967131	0.000346954703995855	7.84875475146712e-06	0.000349028163949617	0.000341642952081787
3.16976491569589e-05	0.000216331329223125	0.000288290091413929	5.05098067322928e-06	0.000227761487225302	0.000212059541101903
1.54180957186116e-05	0.000124566897429918	0.000162808204182804	3.46888234421900e-06	0.000136890460295321	0.000135116241985837

Fe1_mean
0.0162457950005594	0.0152876775176867	0.0440798883579132	0.461717348076338	-0.0308811692299032	-0.0247079623224562
0.0516900795719750	0.00757784924308484	0.0280875171127200	0.467521741170031	-0.0296055425275625	-0.0268370989231536
0.0969109564614625	-0.0136438301105670	0.00763888501300178	0.411014073913314	-0.0206693978980458	-0.0203560248993343
0.00963565249962745	-0.0164898719297349	-0.0112060425856064	0.326610207875270	-0.00770434901182703	-0.00741298815722955
0.0248244737038767	-0.00238633524677765	-0.00150087275560414	0.161475135925683	-0.00329142914868502	-0.00314368236542428

Fe1_std
0.000155650913987560	0.000501185177181278	0.000511066659943243	1.98989293036204e-05	0.000468634200031014	0.000487455778793193
0.000137025031663589	0.000465396298788165	0.000488966835595240	1.28974595627253e-05	0.000553453370242232	0.000495246998128253
8.41666432139605e-05	0.000374639094828979	0.000387419564737582	3.77922389422223e-05	0.000392831831775501	0.000370968625903262
5.46357454394546e-05	0.000239502441709828	0.000296440379129268	0.000195833560575231	0.000221441718061301	0.000210637538744841
2.95068555638002e-05	0.000151394008473680	0.000205979115562856	0.000201011726844372	0.000192462737429166	0.000188621043877717

Kfe_mean
-0.0737653346608180	-0.0206021552817760	0.00770963932414159	-0.999999990338665	-0.0185540477522516	-0.0265294639879965
-0.0607769188378270	-0.0147255349511963	0.00910928012898291	-0.999995537893474	-0.0120625405750843	-0.0205356713161794
-0.0192229507048519	-0.00275650960268303	0.0106943751524089	-0.967022211606796	-0.00615401137038915	-0.00747756459759350
0.0256126338048770	-0.00592591279535306	0.00172983968490989	-0.657433099866757	-0.00378540344190606	-0.00430203898265824
-0.0237945379013874	-0.00193862505834467	0.00213176727874899	-0.263672747243182	-0.00147390565582479	-0.00184883614087026

Kfe_std
0.000268127538706438	0.000518583375628710	0.000557724633873844	2.70420733324502e-11	0.000600046509007618	0.000548327612956678
0.000250538933820676	0.000402019521901130	0.000422770766014765	1.36731042501400e-08	0.000507972837616677	0.000444004056218538
0.000117925762779302	0.000289856917892320	0.000344653206375194	8.84169553634067e-05	0.000341578431173992	0.000293518700340370
0.000102950749149701	0.000246723273503720	0.000237729741844271	0.000509925512716857	0.000244067026040452	0.000246566862354783
4.47117397559329e-05	0.000146769619670014	0.000195654490493027	0.000327523165453239	0.000191577995370542	0.000185146242070056