2.454518e-01
6.012605e-01
9.562248e-01
1.320253e+00
1.681028e+00
2.033217e+00
2.382234e+00
2.728563e+00
3.066959e+00
3.397235e+00
3.721644e+00
4.038406e+00
4.343490e+00
4.640094e+00
4.927952e+00
5.203282e+00
5.466265e+00
5.718179e+00
5.957938e+00
6.182414e+00
6.393903e+00
6.592529e+00
6.774518e+00
6.941248e+00
7.094489e+00
7.230397e+00
7.349302e+00
7.453538e+00
7.541118e+00
7.611285e+00
7.663754e+00
7.700517e+00
7.719568e+00
7.720760e+00
7.705415e+00
7.673115e+00
7.622931e+00
7.554999e+00
7.472242e+00
7.371327e+00
7.253670e+00
7.120971e+00
6.972293e+00
6.807506e+00
6.626666e+00
6.432646e+00
6.224453e+00
6.000239e+00
5.763949e+00
5.515946e+00
5.254031e+00
4.979818e+00
4.696021e+00
4.402067e+00
4.095692e+00
3.781780e+00
3.461387e+00
3.131210e+00
2.792386e+00
2.450049e+00
2.104452e+00
1.747725e+00
1.389383e+00
1.034090e+00
6.701116e-01
2.970017e-01
-3.595582e-02
-4.321837e-01
-7.858382e-01
-1.146123e+00
-1.509375e+00
-1.864283e+00
-2.213629e+00
-2.561889e+00
-2.903736e+00
-3.237389e+00
-3.564406e+00
-3.884563e+00
-4.194452e+00
-4.494700e+00
-4.785991e+00
-5.066958e+00
-5.334888e+00
-5.591949e+00
-5.837606e+00
-6.068432e+00
-6.286085e+00
-6.490112e+00
-6.679550e+00
-6.853028e+00
-7.012148e+00
-7.156598e+00
-7.283157e+00
-7.393483e+00
-7.488345e+00
-7.566998e+00
-7.626792e+00
-7.670558e+00
-7.697965e+00
-7.706991e+00
-7.698660e+00
-7.674431e+00
-7.632143e+00
-7.572554e+00
-7.496272e+00
-7.404390e+00
-7.294058e+00
-7.167902e+00
-7.027133e+00
-6.869448e+00
-6.695796e+00
-6.508096e+00
-6.306912e+00
-6.089594e+00
-5.858905e+00
-5.616656e+00
-5.361545e+00
-5.092944e+00
-4.813324e+00
-4.524920e+00
-4.224666e+00
-3.913684e+00
-3.596029e+00
-3.271284e+00
-2.936352e+00
-2.595753e+00
-2.252677e+00
-1.901362e+00
-1.542326e+00
-1.186349e+00
-8.295166e-01
-4.574186e-01
-1.219034e-01
2.785645e-01
6.318527e-01
9.877855e-01
1.350814e+00
1.710037e+00
2.060774e+00
2.409623e+00
2.754320e+00
3.090959e+00
3.420365e+00
3.743775e+00
4.058742e+00
4.362579e+00
4.657849e+00
4.943670e+00
5.217560e+00
5.479190e+00
5.729204e+00
5.966921e+00
6.190186e+00
6.399949e+00
6.596241e+00
6.776877e+00
6.942465e+00
7.093278e+00
7.228087e+00
7.345534e+00
7.447547e+00
7.533675e+00
7.601638e+00
7.652406e+00
7.686928e+00
7.704694e+00
7.704216e+00
7.687238e+00
7.653517e+00
7.601464e+00
7.532085e+00
7.448180e+00
7.346533e+00
7.227529e+00
7.093228e+00
6.943315e+00
6.776939e+00
6.595068e+00
6.400613e+00
6.191359e+00
5.966226e+00
5.729757e+00
5.481089e+00
5.218684e+00
4.943701e+00
4.660444e+00
4.365782e+00
4.059432e+00
3.745048e+00
3.424462e+00
3.094317e+00
2.755344e+00
2.414298e+00
2.067987e+00
1.711440e+00
1.353992e+00
9.990030e-01
6.350684e-01
2.636843e-01
-7.371811e-02
-4.637382e-01
-8.164615e-01
-1.176386e+00
-1.538725e+00
-1.892330e+00
-2.240671e+00
-2.587987e+00
-2.928189e+00
-3.260271e+00
-3.585984e+00
-3.904900e+00
-4.213398e+00
-4.511784e+00
-4.802311e+00
-5.081621e+00
-5.347751e+00
-5.603526e+00
-5.846775e+00
-6.076024e+00
-6.292460e+00
-6.494463e+00
-6.681450e+00
-6.853531e+00
-7.011366e+00
-7.153196e+00
-7.278309e+00
-7.387449e+00
-7.480523e+00
-7.557507e+00
-7.615711e+00
-7.657645e+00
-7.683017e+00
-7.690485e+00
-7.680670e+00
-7.654492e+00
-7.611124e+00
-7.549610e+00
-7.472273e+00
-7.378913e+00
-7.267898e+00
-7.139824e+00
-6.997907e+00
-6.839737e+00
-6.664676e+00
-6.475821e+00
-6.273942e+00
-6.055842e+00
-5.824271e+00
-5.581247e+00
-5.325949e+00
-5.056082e+00
-4.776350e+00
-4.488325e+00
-4.186910e+00
-3.875804e+00
-3.559415e+00
-3.233627e+00
-2.898441e+00
-2.558357e+00
-2.216292e+00
-1.864233e+00
-1.505811e+00
-1.151219e+00
-7.936663e-01
-4.223381e-01
-9.520966e-02
3.102120e-01
6.628174e-01
1.018800e+00
1.380767e+00
1.738475e+00
2.088187e+00
2.435454e+00
2.779226e+00
3.115082e+00
3.441888e+00
3.764404e+00
4.077167e+00
4.379365e+00
4.673319e+00
4.958004e+00
5.230559e+00
5.489904e+00
5.738938e+00
5.974873e+00
6.195978e+00
6.404493e+00
6.598991e+00
6.777404e+00
6.941341e+00
7.090677e+00
7.223022e+00
7.338866e+00
7.439154e+00
7.523419e+00
7.589545e+00
7.638922e+00
7.672414e+00
7.688175e+00
7.686096e+00
7.667503e+00
7.632063e+00
7.578688e+00
7.508638e+00
7.422709e+00
7.319622e+00
7.199041e+00
7.064095e+00
6.913275e+00
6.746278e+00
6.563277e+00
6.367923e+00
6.157253e+00
5.931921e+00
5.694409e+00
5.445152e+00
5.181548e+00
4.906616e+00
4.622731e+00
4.328008e+00
4.020993e+00
3.707050e+00
3.387073e+00
3.055804e+00
2.717768e+00
2.377429e+00
2.030697e+00
1.674124e+00
1.317819e+00
9.638667e-01
5.984731e-01
2.313290e-01
-1.118901e-01
-4.950505e-01
-8.471282e-01
-1.206928e+00
-1.567896e+00
-1.919930e+00
-2.267426e+00
-2.613315e+00
-2.951996e+00
-3.282967e+00
-3.607141e+00
-3.924268e+00
-4.231004e+00
-4.528279e+00
-4.816558e+00
-5.094130e+00
-5.358757e+00
-5.612627e+00
-5.854423e+00
-6.082108e+00
-6.295856e+00
-6.496822e+00
-6.682418e+00
-6.852432e+00
-7.008137e+00
-7.148689e+00
-7.271927e+00
-7.378777e+00
-7.470864e+00
-7.545178e+00
-7.601266e+00
-7.642014e+00
-7.666522e+00
-7.671675e+00
-7.660606e+00
-7.633472e+00
-7.588322e+00
-7.525294e+00
-7.446951e+00
-7.352244e+00
-7.239113e+00
-7.110797e+00
-6.967842e+00
-6.807916e+00
-6.632042e+00
-6.442870e+00
-6.240203e+00
-6.020917e+00
-5.788750e+00
-5.545092e+00
-5.288534e+00
-5.018847e+00
-4.739221e+00
-4.450296e+00
-4.148291e+00
-3.838134e+00
-3.521094e+00
-3.195654e+00
-2.860797e+00
-2.521215e+00
-2.178785e+00
-1.826589e+00
-1.469210e+00
-1.116188e+00
-7.580147e-01
-3.873755e-01
-6.274265e-02
3.418099e-01
6.933848e-01
1.049560e+00
1.411284e+00
1.766944e+00
2.114695e+00
2.461130e+00
2.803747e+00
3.136996e+00
3.463553e+00
3.784412e+00
4.095567e+00
4.396219e+00
4.688683e+00
4.971332e+00
5.241380e+00
5.499738e+00
5.746797e+00
5.980423e+00
6.200373e+00
6.406840e+00
6.599227e+00
6.776181e+00
6.938597e+00
7.085171e+00
7.216392e+00
7.330399e+00
7.429439e+00
7.511190e+00
7.575807e+00
7.623465e+00
7.655063e+00
7.669136e+00
7.665629e+00
7.646074e+00
7.609143e+00
7.553943e+00
7.482435e+00
7.395370e+00
7.290905e+00
7.169163e+00
7.033521e+00
6.881255e+00
6.713042e+00
6.529563e+00
6.333184e+00
6.121906e+00
5.895506e+00
5.658044e+00
5.407862e+00
5.143668e+00
4.868630e+00
4.584571e+00
4.289339e+00
3.982380e+00
3.668648e+00
3.348168e+00
3.017241e+00
2.679820e+00
2.340095e+00
1.993145e+00
1.637324e+00
1.282050e+00
9.291214e-01
5.629084e-01
2.019411e-01
-1.526943e-01
-5.263256e-01
-8.772549e-01
-1.237204e+00
-1.597166e+00
-1.947145e+00
-2.293388e+00
-2.637935e+00
-2.975437e+00
-3.303987e+00
-3.627285e+00
-3.943016e+00
-4.247765e+00
-4.543246e+00
-4.830874e+00
-5.106092e+00
-5.368833e+00
-5.621169e+00
-5.860848e+00
-6.086565e+00
-6.298407e+00
-6.497617e+00
-6.680972e+00
-6.849347e+00
-7.003773e+00
-7.142127e+00
-7.263429e+00
-7.368652e+00
-7.458709e+00
-7.531160e+00
-7.586330e+00
-7.625147e+00
-7.647595e+00
-7.651797e+00
-7.638984e+00
-7.609721e+00
-7.563447e+00
-7.499153e+00
-7.419568e+00
-7.322943e+00
-7.209110e+00
-7.079434e+00
-6.935090e+00
-6.774685e+00
-6.597917e+00
-6.407721e+00
-6.204179e+00
-5.983924e+00
-5.751689e+00
-5.507951e+00
-5.250816e+00
-4.980185e+00
-4.700850e+00
-4.411298e+00
-4.109622e+00
-3.799137e+00
-3.482605e+00
-3.157265e+00
-2.821898e+00
-2.483031e+00
-2.141401e+00
-1.789174e+00
-1.433173e+00
-1.081338e+00
-7.231328e-01
-3.526737e-01
-2.762489e-02
3.730043e-01
7.239709e-01
1.079581e+00
1.440374e+00
1.794029e+00
2.140861e+00
2.486414e+00
2.827305e+00
3.158823e+00
3.484430e+00
3.803619e+00
4.113136e+00
4.411671e+00
4.702334e+00
4.983587e+00
5.250934e+00
5.507646e+00
5.753315e+00
5.985017e+00
6.203018e+00
6.407876e+00
6.598525e+00
6.773307e+00
6.933848e+00
7.079534e+00
7.208347e+00
7.320299e+00
7.417445e+00
7.498054e+00
7.560021e+00
7.606778e+00
7.636806e+00
7.648743e+00
7.643752e+00
7.622347e+00
7.583964e+00
7.527610e+00
7.455170e+00
7.366479e+00
7.260008e+00
7.138254e+00
7.000539e+00
6.848248e+00
6.678278e+00
6.493936e+00
6.297042e+00
6.084839e+00
5.857973e+00
5.619667e+00
5.368765e+00
5.104919e+00
4.829787e+00
4.545754e+00
4.250230e+00
3.943450e+00
3.629911e+00
3.309499e+00
2.978342e+00
2.641530e+00
2.301644e+00
1.955576e+00
1.600028e+00
1.246535e+00
8.940098e-01
5.270333e-01
1.726090e-01
-1.937095e-01
-5.562350e-01
-9.074933e-01
-1.266996e+00
-1.624648e+00
-1.973417e+00
-2.318529e+00
-2.661823e+00
-2.997555e+00
-3.324945e+00
-3.646467e+00
-3.960317e+00
-4.263564e+00
-4.557505e+00
-4.842706e+00
-5.116130e+00
-5.377536e+00
-5.627905e+00
-5.865553e+00
-6.089501e+00
-6.299686e+00
-6.496841e+00
-6.678346e+00
-6.845250e+00
-6.997205e+00
-7.133772e+00
-7.253676e+00
-7.356782e+00
-7.445604e+00
-7.515902e+00
-7.569506e+00
-7.607107e+00
-7.627332e+00
-7.629660e+00
-7.615277e+00
-7.584734e+00
-7.536884e+00
-7.471249e+00
-7.390143e+00
-7.292550e+00
-7.177568e+00
-7.046769e+00
-6.901685e+00
-6.739990e+00
-6.561999e+00
-6.371554e+00
-6.166472e+00
-5.946156e+00
-5.713554e+00
-5.469183e+00
-5.211303e+00
-4.940684e+00
-4.661387e+00
-4.371394e+00
-4.069476e+00
-3.759705e+00
-3.443055e+00
-3.118062e+00
-2.782975e+00
-2.445207e+00
-2.103316e+00
-1.751673e+00
-1.396733e+00
-1.045456e+00
-6.873694e-01
-3.181457e-01
9.746311e-03
4.047823e-01
7.538368e-01
1.109347e+00
1.469048e+00
1.820754e+00
2.166307e+00
2.510650e+00
2.849654e+00
3.179793e+00
3.503501e+00
3.820908e+00
4.127892e+00
4.425378e+00
4.715259e+00
4.993736e+00
5.259749e+00
5.515139e+00
5.758257e+00
5.988320e+00
6.204551e+00
6.406976e+00
6.595595e+00
6.768713e+00
6.927510e+00
7.070793e+00
7.197942e+00
7.308355e+00
7.403540e+00
7.482590e+00
7.543297e+00
7.588080e+00
7.616400e+00
7.626947e+00
7.620200e+00
7.597168e+00
7.557469e+00
7.499718e+00
7.425484e+00
7.335893e+00
7.228944e+00
7.104893e+00
6.967122e+00
6.812802e+00
6.642564e+00
6.457663e+00
6.259882e+00
6.046909e+00
5.819354e+00
5.581184e+00
5.330146e+00
5.065480e+00
4.789716e+00
4.505626e+00
4.209723e+00
3.902621e+00
3.590007e+00
3.269757e+00
2.938693e+00
2.602699e+00
2.264105e+00
1.917863e+00
1.562545e+00
1.210448e+00
8.581844e-01
4.913134e-01
1.456297e-01
-2.343708e-01
-5.867962e-01
-9.375330e-01
-1.296526e+00
-1.652291e+00
-1.999272e+00
-2.343206e+00
-2.685556e+00
-3.018544e+00
-3.344412e+00
-3.664551e+00
-3.976271e+00
-4.277606e+00
-4.569890e+00
-4.853774e+00
-5.125014e+00
-5.384148e+00
-5.633287e+00
-5.869073e+00
-6.090836e+00
-6.299283e+00
-6.494786e+00
-6.674143e+00
-6.838868e+00
-6.989557e+00
-7.123907e+00
-7.241583e+00
-7.343237e+00
-7.429873e+00
-7.498557e+00
-7.550461e+00
-7.585963e+00
-7.605015e+00
-7.605853e+00
-7.590340e+00
-7.558363e+00
-7.508899e+00
-7.442233e+00
-7.359613e+00
-7.260995e+00
-7.144679e+00
-7.013004e+00
-6.866456e+00
-6.703686e+00
-6.525292e+00
-6.334022e+00
-6.128592e+00
-5.907500e+00
-5.673501e+00
-5.429608e+00
-5.171622e+00
-4.900786e+00
-4.621123e+00
-4.331236e+00
-4.029330e+00
-3.719298e+00
-3.403629e+00
-3.077891e+00
-2.743717e+00
-2.406730e+00
-2.064827e+00
-1.713538e+00
-1.359815e+00
-1.010146e+00
-6.514819e-01
-2.849275e-01
4.646569e-02
4.359643e-01
7.836717e-01
1.138673e+00
1.497077e+00
1.847093e+00
2.191697e+00
2.534320e+00
2.871592e+00
3.200130e+00
3.522012e+00
3.837458e+00
4.143442e+00
4.438892e+00
4.726303e+00
5.003855e+00
5.267571e+00
5.520155e+00
5.762124e+00
5.989977e+00
6.204017e+00
6.405126e+00
6.591709e+00
6.762518e+00
6.919458e+00
7.061239e+00
7.186836e+00
7.294741e+00
7.388902e+00
7.465382e+00
7.524264e+00
7.566911e+00
7.594456e+00
7.602569e+00
7.594574e+00
7.570226e+00
7.529199e+00
7.469392e+00
7.395004e+00
7.303935e+00
7.195372e+00
7.070508e+00
6.931713e+00
6.777119e+00
6.605081e+00
6.419889e+00
6.221678e+00
6.007421e+00
5.779854e+00
5.541243e+00
5.289236e+00
5.024397e+00
4.749079e+00
4.465039e+00
4.168851e+00
3.862426e+00
3.550047e+00
3.229660e+00
2.899031e+00
2.563578e+00
2.225797e+00
1.879051e+00
1.525291e+00
1.174939e+00
8.224769e-01
4.563260e-01
1.187746e-01
-2.685388e-01
-6.165938e-01
-9.674362e-01
-1.325151e+00
-1.679097e+00
-2.024197e+00
-2.367292e+00
-2.707575e+00
-3.039316e+00
-3.362887e+00
-3.682007e+00
-3.991772e+00
-4.291369e+00
-4.581952e+00
-4.863632e+00
-5.133127e+00
-5.390852e+00
-5.637123e+00
-5.871053e+00
-6.090811e+00
-6.297662e+00
-6.491024e+00
-6.668618e+00
-6.831171e+00
-6.979830e+00
-7.112473e+00
-7.227746e+00
-7.327798e+00
-7.413007e+00
-7.479896e+00
-7.529484e+00
-7.563801e+00
-7.581239e+00
-7.580451e+00
-7.563404e+00
-7.530105e+00
-7.478655e+00
-7.410406e+00
-7.327214e+00
-7.227492e+00
-7.109449e+00
-6.977309e+00
-6.830388e+00
-6.665781e+00
-6.487008e+00
-6.295092e+00
-6.088955e+00
-5.866919e+00
-5.633777e+00
-5.388797e+00
-5.129918e+00
-4.859368e+00
-4.580114e+00
-4.290009e+00
-3.988041e+00
-3.678307e+00
-3.363017e+00
-3.037298e+00
-2.703602e+00
-2.367919e+00
-2.026724e+00
-1.675658e+00
-1.323133e+00
-9.749104e-01
-6.155882e-01
-2.534724e-01
8.483015e-02
4.664634e-01
8.128485e-01
1.167869e+00
1.524397e+00
1.872248e+00
2.215616e+00
2.557451e+00
2.892568e+00
3.218921e+00
3.539643e+00
3.853517e+00
4.157087e+00
4.450861e+00
4.736999e+00
5.011658e+00
5.273238e+00
5.524836e+00
5.764508e+00
5.990424e+00
6.202533e+00
6.401824e+00
6.586215e+00
6.755453e+00
6.910556e+00
7.050053e+00
7.173123e+00
7.279861e+00
7.371780e+00
7.446771e+00
7.503840e+00
7.545768e+00
7.570251e+00
7.577837e+00
7.568016e+00
7.542148e+00
7.499333e+00
7.438751e+00
7.362630e+00
7.270381e+00
7.160459e+00
7.034844e+00
6.894621e+00
6.739052e+00
6.566735e+00
6.380581e+00
6.181501e+00
5.967095e+00
5.738516e+00
5.499862e+00
5.247966e+00
4.982569e+00
4.707698e+00
4.423379e+00
4.126998e+00
3.820548e+00
3.509026e+00
3.189080e+00
2.858705e+00
2.523903e+00
2.187395e+00
1.840662e+00
1.488274e+00
1.139027e+00
7.871667e-01
4.206495e-01
9.423503e-02
-2.995780e-01
-6.465715e-01
-9.963151e-01
-1.353092e+00
-1.705102e+00
-2.048898e+00
-2.390602e+00
-2.728632e+00
-3.058777e+00
-3.381057e+00
-3.698154e+00
-4.005963e+00
-4.303505e+00
-4.592176e+00
-4.872460e+00
-5.139627e+00
-5.394869e+00
-5.640196e+00
-5.871668e+00
-6.089383e+00
-6.294354e+00
-6.485400e+00
-6.661138e+00
-6.821964e+00
-6.969183e+00
-7.099418e+00
-7.212978e+00
-7.311639e+00
-7.394029e+00
-7.459379e+00
-7.508055e+00
-7.540739e+00
-7.555905e+00
-7.553577e+00
-7.535096e+00
-7.500233e+00
-7.447646e+00
-7.378299e+00
-7.294139e+00
-7.192206e+00
-7.073885e+00
-6.940726e+00
-6.792216e+00
-6.627411e+00
-6.447663e+00
-6.255145e+00
-6.048219e+00
-5.826096e+00
-5.591980e+00
-5.346727e+00
-5.087742e+00
-4.817285e+00
-4.537640e+00
-4.247678e+00
-3.946064e+00
-3.637193e+00
-3.322070e+00
-2.996581e+00
-2.663896e+00
-2.328729e+00
-1.988229e+00
-1.637324e+00
-1.286917e+00
-9.393147e-01
-5.794213e-01
-2.219738e-01
1.245603e-01
4.967825e-01
8.419881e-01
1.196866e+00
1.551178e+00
1.897694e+00
2.238796e+00
2.579035e+00
2.912396e+00
3.237110e+00
3.556298e+00
3.868714e+00
4.169906e+00
4.461687e+00
4.745336e+00
5.018214e+00
5.278391e+00
5.527505e+00
5.765644e+00
5.989456e+00
6.199585e+00
6.396348e+00
6.578909e+00
6.745900e+00
6.899488e+00
7.037420e+00
7.158169e+00
7.263503e+00
7.353858e+00
7.426186e+00
7.481808e+00
7.521985e+00
7.545203e+00
7.550666e+00
7.539616e+00
7.512525e+00
7.467915e+00
7.405955e+00
7.328897e+00
7.235568e+00
7.124199e+00
6.997808e+00
6.857194e+00
6.699912e+00
6.526837e+00
6.340807e+00
6.140840e+00
5.925515e+00
5.696868e+00
5.457878e+00
5.205306e+00
4.940212e+00
4.665416e+00
4.380886e+00
4.084375e+00
3.779042e+00
3.467508e+00
3.147642e+00
2.818037e+00
2.484241e+00
2.147863e+00
1.801994e+00
1.450940e+00
1.102972e+00
7.511984e-01
3.856187e-01
6.675912e-02
-3.306358e-01
-6.759967e-01
-1.025144e+00
-1.381282e+00
-1.730423e+00
-2.072717e+00
-2.413416e+00
-2.749844e+00
-3.077196e+00
-3.398129e+00
-3.713295e+00
-4.019112e+00
-4.314754e+00
-4.602028e+00
-4.879084e+00
-5.144432e+00
-5.398848e+00
-5.641214e+00
-5.870985e+00
-6.087024e+00
-6.289468e+00
-6.478484e+00
-6.651919e+00
-6.811548e+00
-6.956581e+00
-7.084885e+00
-7.196558e+00
-7.293028e+00
-7.374232e+00
-7.437565e+00
-7.484347e+00
-7.515262e+00
-7.529068e+00
-7.525350e+00
-7.505174e+00
-7.469306e+00
-7.415384e+00
-7.344584e+00
-7.258953e+00
-7.156480e+00
-7.036731e+00
-6.902635e+00
-6.753330e+00
-6.587556e+00
-6.407349e+00
-6.214813e+00
-6.006546e+00
-5.783914e+00
-5.550263e+00
-5.304731e+00
-5.045224e+00
-4.774916e+00
-4.495408e+00
-4.205372e+00
-3.903882e+00
-3.595352e+00
-3.280534e+00
-2.955522e+00
-2.623651e+00
-2.289154e+00
-1.948598e+00
-1.599227e+00
-1.250352e+00
-9.032471e-01
-5.443346e-01
-1.931446e-01
1.653086e-01
5.260959e-01
8.712146e-01
1.225130e+00
1.577804e+00
1.922264e+00
2.262013e+00
2.601092e+00
2.932354e+00
3.255026e+00
3.572308e+00
3.882210e+00
4.181080e+00
4.471825e+00
4.753636e+00
5.024192e+00
5.282060e+00
5.529858e+00
5.765346e+00
5.986674e+00
6.195103e+00
6.390184e+00
6.570621e+00
6.735539e+00
6.887432e+00
7.022999e+00
7.141972e+00
7.245221e+00
7.333801e+00
7.404539e+00
7.458852e+00
7.496887e+00
7.517925e+00
7.522016e+00
7.509390e+00
7.481231e+00
7.435094e+00
7.372594e+00
7.293891e+00
7.199041e+00
7.086989e+00
6.959493e+00
6.817625e+00
6.660002e+00
6.486263e+00
6.299096e+00
6.099372e+00
5.883401e+00
5.654511e+00
5.415100e+00
5.162571e+00
4.896770e+00
4.622147e+00
4.337748e+00
4.041646e+00
3.736686e+00
3.425872e+00
3.106435e+00
2.776941e+00
2.444493e+00
2.108599e+00
1.763275e+00
1.413345e+00
1.066935e+00
7.159503e-01
3.501657e-01
3.371479e-02
-3.607873e-01
-7.047824e-01
-1.053415e+00
-1.408205e+00
-1.755255e+00
-2.096289e+00
-2.434933e+00
-2.769808e+00
-3.095310e+00
-3.414524e+00
-3.728200e+00
-4.031496e+00
-4.325183e+00
-4.609794e+00
-4.886471e+00
-5.149435e+00
-5.401126e+00
-5.641630e+00
-5.869402e+00
-6.083163e+00
-6.283552e+00
-6.470985e+00
-6.642086e+00
-6.799709e+00
-6.942794e+00
-7.068633e+00
-7.178859e+00
-7.273721e+00
-7.352673e+00
-7.413826e+00
-7.459286e+00
-7.489084e+00
-7.500680e+00
-7.495205e+00
-7.474048e+00
-7.436522e+00
-7.380552e+00
-7.309187e+00
-7.222413e+00
-7.118457e+00
-6.998025e+00
-6.862899e+00
-6.713209e+00
-6.546498e+00
-6.365694e+00
-6.172003e+00
-5.963650e+00
-5.740738e+00
-5.507069e+00
-5.261400e+00
-5.001887e+00
-4.730952e+00
-4.451991e+00
-4.161762e+00
-3.860433e+00
-3.553226e+00
-3.238978e+00
-2.914302e+00
-2.582611e+00
-2.250051e+00
-1.910308e+00
-1.561185e+00
-1.214123e+00
-8.674092e-01
-5.091299e-01
-1.649858e-01
2.049643e-01
5.548010e-01
8.995845e-01
1.252426e+00
1.603119e+00
1.946270e+00
2.284417e+00
2.621230e+00
2.950357e+00
3.271346e+00
3.586984e+00
3.894520e+00
4.192534e+00
4.480441e+00
4.760551e+00
5.028904e+00
5.284952e+00
5.530324e+00
5.763875e+00
5.983595e+00
6.189385e+00
6.382964e+00
6.561198e+00
6.724011e+00
6.873365e+00
7.007442e+00
7.124578e+00
7.225598e+00
7.312440e+00
7.381527e+00
7.433573e+00
7.470473e+00
7.490437e+00
7.492368e+00
7.478450e+00
7.448913e+00
7.401702e+00
7.336725e+00
7.257587e+00
7.161676e+00
7.047979e+00
6.919986e+00
6.777795e+00
6.618689e+00
6.443795e+00
6.256964e+00
6.056103e+00
5.839698e+00
5.610932e+00
5.371602e+00
5.118272e+00
4.853079e+00
4.578680e+00
4.294318e+00
3.998334e+00
3.693963e+00
3.383640e+00
3.063998e+00
2.735957e+00
2.404514e+00
2.068999e+00
1.723719e+00
1.375825e+00
1.031886e+00
6.800504e-01
3.165875e-01
-1.055333e-03
-3.916837e-01
-7.334130e-01
-1.081716e+00
-1.434384e+00
-1.779627e+00
-2.118395e+00
-2.456182e+00
-2.788748e+00
-3.112084e+00
-3.429932e+00
-3.741422e+00
-4.042714e+00
-4.334029e+00
-4.617796e+00
-4.891189e+00
-5.151832e+00
-5.401356e+00
-5.640724e+00
-5.865876e+00
-6.077508e+00
-6.276463e+00
-6.461084e+00
-6.630732e+00
-6.786188e+00
-6.927057e+00
-7.051654e+00
-7.159385e+00
-7.252782e+00
-7.329797e+00
-7.389373e+00
-7.432623e+00
-7.460838e+00
-7.470882e+00
-7.463905e+00
-7.441631e+00
-7.402584e+00
-7.345664e+00
-7.273001e+00
-7.184955e+00
-7.079764e+00
-6.958288e+00
-6.822852e+00
-6.671859e+00
-6.503812e+00
-6.323301e+00
-6.129045e+00
-5.919890e+00
-5.696923e+00
-5.463024e+00
-5.217287e+00
-4.957079e+00
-4.687199e+00
-4.408983e+00
-4.117934e+00
-3.817437e+00
-3.510652e+00
-3.196237e+00
-2.871971e+00
-2.542223e+00
-2.210544e+00
-1.870137e+00
-1.522771e+00
-1.177690e+00
-8.319500e-01
-4.731865e-01
-1.388135e-01
2.413671e-01
5.847041e-01
9.279605e-01
1.279815e+00
1.628869e+00
1.968705e+00
2.305896e+00
2.641207e+00
2.968143e+00
3.287102e+00
3.601175e+00
3.906849e+00
4.201901e+00
4.488220e+00
4.766970e+00
5.032399e+00
5.286151e+00
5.529908e+00
5.760870e+00
5.978219e+00
6.182302e+00
6.373547e+00
6.549670e+00
6.710956e+00
6.858907e+00
6.990135e+00
7.105340e+00
7.205404e+00
7.289818e+00
7.357037e+00
7.407308e+00
7.442910e+00
7.460478e+00
7.461291e+00
7.446231e+00
7.414925e+00
7.366013e+00
7.300347e+00
7.219874e+00
7.122716e+00
7.008603e+00
6.879809e+00
6.736160e+00
6.576277e+00
6.401787e+00
6.214099e+00
6.012412e+00
5.795740e+00
5.566925e+00
5.327234e+00
5.074221e+00
4.808848e+00
4.534474e+00
4.250360e+00
3.954854e+00
3.650937e+00
3.341240e+00
3.022089e+00
2.694613e+00
2.364312e+00
2.029896e+00
1.684839e+00
1.337920e+00
9.959053e-01
6.440139e-01
2.840398e-01
-3.739604e-02
-4.215124e-01
-7.619380e-01
-1.110024e+00
-1.460717e+00
-1.803874e+00
-2.141246e+00
-2.476792e+00
-2.807204e+00
-3.128640e+00
-3.444427e+00
-3.754074e+00
-4.052963e+00
-4.342764e+00
-4.624295e+00
-4.895367e+00
-5.153849e+00
-5.402051e+00
-5.638669e+00
-5.861276e+00
-6.071256e+00
-6.268361e+00
-6.450754e+00
-6.617795e+00
-6.771277e+00
-6.910811e+00
-7.032522e+00
-7.138850e+00
-7.230682e+00
-7.305679e+00
-7.363127e+00
-7.405551e+00
-7.431661e+00
-7.439961e+00
-7.432034e+00
-7.408040e+00
-7.367602e+00
-7.309212e+00
-7.235897e+00
-7.146324e+00
-7.039773e+00
-6.917832e+00
-6.781297e+00
-6.629298e+00
-6.461469e+00
-6.279920e+00
-6.085261e+00
-5.875610e+00
-5.652314e+00
-5.418657e+00
-5.172262e+00
-4.912786e+00
-4.642770e+00
-4.364336e+00
-4.074411e+00
-3.773678e+00
-3.467830e+00
-3.154061e+00
-2.830049e+00
-2.501437e+00
-2.170534e+00
-1.831226e+00
-1.484593e+00
-1.140691e+00
-7.965219e-01
-4.377770e-01
-1.143609e-01
2.724063e-01
6.132168e-01
9.560510e-01
1.307266e+00
1.653558e+00
1.991494e+00
2.327512e+00
2.660581e+00
2.985189e+00
3.302702e+00
3.614596e+00
3.917893e+00
4.210816e+00
4.495433e+00
4.771154e+00
5.034801e+00
5.287113e+00
5.528554e+00
5.757264e+00
5.972558e+00
6.174847e+00
6.363801e+00
6.537533e+00
6.696988e+00
6.842332e+00
6.971933e+00
7.085363e+00
7.183019e+00
7.265856e+00
7.331243e+00
7.379826e+00
7.413752e+00
7.430022e+00
7.429097e+00
7.412231e+00
7.379776e+00
7.329362e+00
7.262603e+00
7.181249e+00
7.082731e+00
6.967662e+00
6.838583e+00
6.693828e+00
6.533144e+00
6.357400e+00
6.169682e+00
5.967604e+00
5.750478e+00
5.521881e+00
5.282103e+00
5.028916e+00
4.763941e+00
4.490132e+00
4.206017e+00
3.910729e+00
3.607693e+00
3.297785e+00
2.979596e+00
2.653312e+00
2.324191e+00
1.990370e+00
1.646257e+00
1.301846e+00
9.602661e-01
6.083746e-01
2.509271e-01
-7.392918e-02
-4.501430e-01
-7.901154e-01
-1.137519e+00
-1.486238e+00
-1.826701e+00
-2.162682e+00
-2.496968e+00
-2.824903e+00
-3.144390e+00
-3.458444e+00
-3.765751e+00
-4.062219e+00
-4.350157e+00
-4.629535e+00
-4.898881e+00
-5.154855e+00
-5.400927e+00
-5.635540e+00
-5.855875e+00
-6.064049e+00
-6.258770e+00
-6.439301e+00
-6.604150e+00
-6.756459e+00
-6.892628e+00
-7.012831e+00
-7.117824e+00
-7.207179e+00
-7.280208e+00
-7.336315e+00
-7.376604e+00
-7.401119e+00
-7.408196e+00
-7.398375e+00
-7.372935e+00
-7.331287e+00
-7.271455e+00
-7.196527e+00
-7.106687e+00
-6.998826e+00
-6.875631e+00
-6.738879e+00
-6.586079e+00
-6.417275e+00
-6.235336e+00
-6.040614e+00
-5.830255e+00
-5.606916e+00
-5.373147e+00
-5.126553e+00
-4.866538e+00
-4.597577e+00
-4.319137e+00
-4.029261e+00
-3.729379e+00
-3.424611e+00
-3.111227e+00
-2.787997e+00
-2.461006e+00
-2.130904e+00
-1.791844e+00
-1.447066e+00
-1.105387e+00
-7.616587e-01
-4.023798e-01
-8.934325e-02
3.022598e-01
6.414749e-01
9.833283e-01
1.333115e+00
1.677005e+00
2.013886e+00
2.347830e+00
2.678597e+00
3.001690e+00
3.316707e+00
3.627080e+00
3.928235e+00
4.218861e+00
4.501858e+00
4.775065e+00
5.036664e+00
5.286666e+00
5.526276e+00
5.752285e+00
5.965555e+00
6.165454e+00
6.352881e+00
6.523814e+00
6.681922e+00
6.825317e+00
6.952621e+00
7.064045e+00
7.160112e+00
7.240764e+00
7.304413e+00
7.351481e+00
7.383749e+00
7.398257e+00
7.395786e+00
7.377957e+00
7.343702e+00
7.292289e+00
7.224537e+00
7.141488e+00
7.041896e+00
6.925970e+00
6.795624e+00
6.650305e+00
6.489019e+00
6.313194e+00
6.124886e+00
5.922026e+00
5.704994e+00
5.476421e+00
5.236159e+00
4.982668e+00
4.717599e+00
4.444442e+00
4.161128e+00
3.865505e+00
3.563096e+00
3.254908e+00
2.937277e+00
2.610919e+00
2.284225e+00
1.950665e+00
1.607663e+00
1.265028e+00
9.242979e-01
5.731886e-01
2.199252e-01
-1.102388e-01
-4.790156e-01
-8.176410e-01
-1.164156e+00
-1.511100e+00
-1.849757e+00
-2.183645e+00
-2.516013e+00
-2.842080e+00
-3.159909e+00
-3.471599e+00
-3.776621e+00
-4.070941e+00
-4.356613e+00
-4.634042e+00
-4.900985e+00
-5.154855e+00
-5.398767e+00
-5.631089e+00
-5.849953e+00
-6.055426e+00
-6.247782e+00
-6.426630e+00
-6.589344e+00
-6.739195e+00
-6.873967e+00
-6.991885e+00
-7.094582e+00
-7.182733e+00
-7.253713e+00
-7.307970e+00
-7.346583e+00
-7.369781e+00
-7.374338e+00
-7.363574e+00
-7.337358e+00
-7.294033e+00
-7.233165e+00
-7.157362e+00
-7.065839e+00
-6.956904e+00
-6.833443e+00
-6.695784e+00
-6.541898e+00
-6.372430e+00
-6.190112e+00
-5.995154e+00
-5.784019e+00
-5.561357e+00
-5.327383e+00
-5.080063e+00
-4.821065e+00
-4.551806e+00
-4.274179e+00
-3.984360e+00
-3.685266e+00
-3.381057e+00
-3.068132e+00
-2.745660e+00
-2.419500e+00
-2.090739e+00
-1.752374e+00
-1.408727e+00
-1.069561e+00
-7.256718e-01
-3.683857e-01
-5.811160e-02
3.324609e-01
6.689011e-01
1.011034e+00
1.359008e+00
1.700526e+00
2.035315e+00
2.368049e+00
2.696798e+00
3.016986e+00
3.330606e+00
3.638534e+00
3.937255e+00
4.226155e+00
4.506589e+00
4.777952e+00
5.037278e+00
5.285350e+00
5.522284e+00
5.746636e+00
5.957274e+00
6.155031e+00
6.339683e+00
6.509716e+00
6.665024e+00
6.806749e+00
6.932085e+00
7.041145e+00
7.136174e+00
7.214964e+00
7.276521e+00
7.321782e+00
7.351934e+00
7.365150e+00
7.361494e+00
7.341989e+00
7.306635e+00
7.253204e+00
7.184589e+00
7.101199e+00
7.000092e+00
6.883056e+00
6.752374e+00
6.606676e+00
6.444310e+00
6.268008e+00
6.079457e+00
5.875945e+00
5.658360e+00
5.430290e+00
5.190401e+00
4.936519e+00
4.672183e+00
4.399429e+00
4.115321e+00
3.821013e+00
3.519542e+00
3.211937e+00
2.894226e+00
2.569543e+00
2.243930e+00
1.910606e+00
1.568802e+00
1.228178e+00
8.888635e-01
5.374687e-01
1.900593e-01
-1.487895e-01
-5.081180e-01
-8.450424e-01
-1.190577e+00
-1.535727e+00
-1.871701e+00
-2.203877e+00
-2.534699e+00
-2.858183e+00
-3.173486e+00
-3.484107e+00
-3.786529e+00
-4.078881e+00
-4.362492e+00
-4.638120e+00
-4.902338e+00
-5.154445e+00
-5.396091e+00
-5.626092e+00
-5.842187e+00
-6.045550e+00
-6.236422e+00
-6.412551e+00
-6.573396e+00
-6.721099e+00
-6.853798e+00
-6.969798e+00
-7.070955e+00
-7.156902e+00
-7.226020e+00
-7.278452e+00
-7.316189e+00
-7.337352e+00
-7.340654e+00
-7.328127e+00
-7.300359e+00
-7.255582e+00
-7.193355e+00
-7.116638e+00
-7.024179e+00
-6.914287e+00
-6.789907e+00
-6.651230e+00
-6.496934e+00
-6.326988e+00
-6.144472e+00
-5.949086e+00
-5.737591e+00
-5.514643e+00
-5.280812e+00
-5.033765e+00
-4.774575e+00
-4.505974e+00
-4.228632e+00
-3.938807e+00
-3.640880e+00
-3.337416e+00
-3.024864e+00
-2.703397e+00
-2.378783e+00
-2.050798e+00
-1.713091e+00
-1.370772e+00
-1.033438e+00
-6.900885e-01
-3.348696e-01
-2.339115e-02
3.614453e-01
6.969109e-01
1.038063e+00
1.384113e+00
1.723520e+00
2.055882e+00
2.386996e+00
2.713987e+00
3.031848e+00
3.343425e+00
3.649795e+00
3.945785e+00
4.232376e+00
4.511145e+00
4.780168e+00
5.037036e+00
5.282618e+00
5.518237e+00
5.739931e+00
5.948478e+00
6.144968e+00
6.327230e+00
6.494389e+00
6.648021e+00
6.787722e+00
6.910234e+00
7.017964e+00
7.110921e+00
7.187823e+00
7.246872e+00
7.291308e+00
7.319771e+00
7.331374e+00
7.326587e+00
7.305636e+00
7.268376e+00
7.213989e+00
7.144337e+00
7.059166e+00
6.957413e+00
6.839824e+00
6.708274e+00
6.561334e+00
6.398347e+00
6.222125e+00
6.033339e+00
5.829647e+00
5.611926e+00
5.383614e+00
5.143333e+00
4.889643e+00
4.625829e+00
4.353466e+00
4.069861e+00
3.775832e+00
3.475317e+00
3.168594e+00
2.851280e+00
2.527957e+00
2.203281e+00
1.870876e+00
1.530047e+00
1.190931e+00
8.537085e-01
5.021274e-01
1.624157e-01
-1.883521e-01
-5.362519e-01
-8.720341e-01
-1.216898e+00
-1.559478e+00
-1.892796e+00
-2.223940e+00
-2.552621e+00
-2.873697e+00
-3.187248e+00
-3.495455e+00
-3.796008e+00
-4.086231e+00
-4.367384e+00
-4.641050e+00
-4.903046e+00
-5.152185e+00
-5.391914e+00
-5.619890e+00
-5.834688e+00
-6.035629e+00
-6.224000e+00
-6.398093e+00
-6.556610e+00
-6.702420e+00
-6.833027e+00
-6.947319e+00
-7.046111e+00
-7.130196e+00
-7.197564e+00
-7.248592e+00
-7.284343e+00
-7.303637e+00
-7.305425e+00
-7.292016e+00
-7.262349e+00
-7.216473e+00
-7.153047e+00
-7.075524e+00
-6.981816e+00
-6.870975e+00
-6.745918e+00
-6.606565e+00
-6.451307e+00
-6.281261e+00
-6.098465e+00
-5.902037e+00
-5.690796e+00
-5.467618e+00
-5.233645e+00
-4.986796e+00
-4.727631e+00
-4.459651e+00
-4.182372e+00
-3.893080e+00
-3.596370e+00
-3.293570e+00
-2.981800e+00
-2.661171e+00
-2.337569e+00
-2.010782e+00
-1.673628e+00
-1.333761e+00
-9.979663e-01
-6.546293e-01
-3.015335e-01
1.167074e-02
3.909388e-01
7.252000e-01
1.064465e+00
1.408783e+00
1.745484e+00
2.075964e+00
2.405954e+00
2.730240e+00
3.045660e+00
3.355680e+00
3.658933e+00
3.953582e+00
4.238019e+00
4.515199e+00
4.781174e+00
5.035807e+00
5.280017e+00
5.512457e+00
5.731942e+00
5.938862e+00
6.132801e+00
6.312661e+00
6.478155e+00
6.629633e+00
6.767286e+00
6.888258e+00
6.993841e+00
7.084637e+00
7.159752e+00
7.217745e+00
7.259747e+00
7.287037e+00
7.297026e+00
7.289855e+00
7.267582e+00
7.229379e+00
7.174508e+00
7.103279e+00
7.016915e+00
6.914461e+00
6.795606e+00
6.663261e+00
6.515893e+00
6.352558e+00
6.175734e+00
5.986470e+00
5.782337e+00
5.564280e+00
5.336068e+00
5.096209e+00
4.843010e+00
4.578966e+00
4.307410e+00
4.023935e+00
3.730031e+00
3.430832e+00
3.124580e+00
2.807682e+00
2.486191e+00
2.162675e+00
1.831096e+00
1.491949e+00
1.154832e+00
8.182866e-01
4.672952e-01
1.365787e-01
-2.273684e-01
-5.640755e-01
-8.988333e-01
-1.242425e+00
-1.582726e+00
-1.914132e+00
-2.243508e+00
-2.569959e+00
-2.888869e+00
-3.200179e+00
-3.506648e+00
-3.804420e+00
-4.092333e+00
-4.372089e+00
-4.642702e+00
-4.901954e+00
-5.149845e+00
-5.387525e+00
-5.613012e+00
-5.824811e+00
-6.024083e+00
-6.210448e+00
-6.381921e+00
-6.538868e+00
-6.682673e+00
-6.810914e+00
-6.922885e+00
-7.020652e+00
-7.102633e+00
-7.168343e+00
-7.217584e+00
-7.251597e+00
-7.269382e+00
-7.269761e+00
-7.255073e+00
-7.223804e+00
-7.176562e+00
-7.112355e+00
-7.033596e+00
-6.938728e+00
-6.827551e+00
-6.701365e+00
-6.561067e+00
-6.405313e+00
-6.234715e+00
-6.051522e+00
-5.854944e+00
-5.643598e+00
-5.420016e+00
-5.186297e+00
-4.939784e+00
-4.680681e+00
-4.413309e+00
-4.136837e+00
-3.847763e+00
-3.551009e+00
-3.249532e+00
-2.938432e+00
-2.618567e+00
-2.296870e+00
-1.970394e+00
-1.633904e+00
-1.296551e+00
-9.624264e-01
-6.198281e-01
-2.690540e-01
4.756448e-02
4.196687e-01
7.521420e-01
1.091127e+00
1.433074e+00
1.767745e+00
2.096345e+00
2.424038e+00
2.746312e+00
3.059864e+00
3.367816e+00
3.669325e+00
3.960659e+00
4.243109e+00
4.517403e+00
4.781807e+00
5.033572e+00
5.275529e+00
5.506070e+00
5.723673e+00
5.927700e+00
6.119789e+00
6.297942e+00
6.460960e+00
6.610438e+00
6.745900e+00
6.864854e+00
6.968271e+00
7.057732e+00
7.131189e+00
7.187103e+00
7.227423e+00
7.253906e+00
7.260809e+00
7.253024e+00
7.230080e+00
7.190127e+00
7.133281e+00
7.061407e+00
6.974572e+00
6.870646e+00
6.751201e+00
6.618720e+00
6.470017e+00
6.306055e+00
6.128778e+00
5.939358e+00
5.734686e+00
5.517026e+00
5.289099e+00
5.048757e+00
4.795383e+00
4.532159e+00
4.260845e+00
3.977947e+00
3.685012e+00
3.386992e+00
3.080995e+00
2.765469e+00
2.444604e+00
2.122113e+00
1.791378e+00
1.453249e+00
1.119069e+00
7.831812e-01
4.322520e-01
1.111762e-01
-2.599533e-01
-5.914086e-01
-9.257071e-01
-1.267430e+00
-1.605422e+00
-1.935319e+00
-2.262957e+00
-2.587304e+00
-2.903662e+00
-3.212496e+00
-3.516922e+00
-3.812595e+00
-4.098013e+00
-4.375510e+00
-4.644005e+00
-4.900886e+00
-5.146431e+00
-5.382043e+00
-5.605470e+00
-5.814972e+00
-6.011860e+00
-6.196264e+00
-6.365402e+00
-6.520512e+00
-6.662522e+00
-6.788883e+00
-6.898625e+00
-6.994232e+00
-7.074443e+00
-7.138254e+00
-7.185545e+00
-7.218335e+00
-7.234227e+00
-7.233141e+00
-7.216857e+00
-7.185061e+00
-7.135510e+00
-7.070526e+00
-6.990681e+00
-6.895124e+00
-6.782787e+00
-6.655985e+00
-6.515533e+00
-6.358965e+00
-6.187504e+00
-6.004857e+00
-5.807361e+00
-5.595655e+00
-5.373042e+00
-5.139230e+00
-4.892213e+00
-4.633377e+00
-4.366620e+00
-4.090471e+00
-3.801713e+00
-3.506940e+00
-3.205853e+00
-2.895101e+00
-2.576136e+00
-2.256041e+00
-1.930421e+00
-1.595037e+00
-1.259453e+00
-9.264086e-01
-5.846483e-01
-2.378907e-01
8.381827e-02
4.483800e-01
7.786930e-01
1.116983e+00
1.457719e+00
1.789013e+00
2.116023e+00
2.442016e+00
2.761391e+00
3.072975e+00
3.378760e+00
3.678332e+00
3.967220e+00
4.247448e+00
4.519811e+00
4.781732e+00
5.031673e+00
5.270966e+00
5.499533e+00
5.714672e+00
5.916762e+00
6.106573e+00
6.282360e+00
6.443118e+00
6.590809e+00
6.723967e+00
6.840861e+00
6.942583e+00
7.029964e+00
7.101441e+00
7.155760e+00
7.194894e+00
7.218447e+00
7.225039e+00
7.215572e+00
7.191151e+00
7.150092e+00
7.091968e+00
7.018778e+00
6.930993e+00
6.825739e+00
6.706138e+00
6.572179e+00
6.423291e+00
6.258479e+00
6.081450e+00
5.891620e+00
5.686736e+00
5.469096e+00
5.241212e+00
5.001242e+00
4.748049e+00
4.485240e+00
4.214559e+00
3.931860e+00
3.639254e+00
3.342624e+00
3.037093e+00
2.722207e+00
2.403304e+00
2.082042e+00
1.751853e+00
1.415754e+00
1.083274e+00
7.473682e-01
3.978543e-01
8.736295e-02
-2.889812e-01
-6.183693e-01
-9.520035e-01
-1.292386e+00
-1.627715e+00
-1.954949e+00
-2.280904e+00
-2.603463e+00
-2.917282e+00
-3.224402e+00
-3.526892e+00
-3.819914e+00
-4.103042e+00
-4.378589e+00
-4.645061e+00
-4.899334e+00
-5.142836e+00
-5.376363e+00
-5.596952e+00
-5.803953e+00
-5.999071e+00
-6.181327e+00
-6.348430e+00
-6.501609e+00
-6.641540e+00
-6.765417e+00
-6.873210e+00
-6.967470e+00
-7.045819e+00
-7.107246e+00
-7.153357e+00
-7.184465e+00
-7.198669e+00
-7.195993e+00
-7.178785e+00
-7.145033e+00
-7.094780e+00
-7.028754e+00
-6.947940e+00
-6.850837e+00
-6.737401e+00
-6.610413e+00
-6.469142e+00
-6.311922e+00
-6.140455e+00
-5.956448e+00
-5.759033e+00
-5.547600e+00
-5.324366e+00
-5.091038e+00
-4.844003e+00
-4.586092e+00
-4.319850e+00
-4.043750e+00
-3.755849e+00
-3.461536e+00
-3.161393e+00
-2.851448e+00
-2.534370e+00
-2.214976e+00
-1.890492e+00
-1.556846e+00
-1.222603e+00
-8.917750e-01
-5.489656e-01
-2.085462e-01
1.208915e-01
4.765884e-01
8.043065e-01
1.142665e+00
1.480744e+00
1.809784e+00
2.135081e+00
2.458764e+00
2.776147e+00
3.085638e+00
3.388848e+00
3.686539e+00
3.973099e+00
4.251378e+00
4.521717e+00
4.781174e+00
5.028146e+00
5.265522e+00
5.492114e+00
5.704509e+00
5.904644e+00
6.092661e+00
6.265630e+00
6.424340e+00
6.570404e+00
6.701315e+00
6.816185e+00
6.916249e+00
7.001892e+00
7.071035e+00
7.123814e+00
7.161986e+00
7.183677e+00
7.188500e+00
7.177599e+00
7.152023e+00
7.109220e+00
7.049966e+00
6.976254e+00
6.887165e+00
6.780986e+00
6.660529e+00
6.526465e+00
6.376595e+00
6.211696e+00
6.034332e+00
5.843987e+00
5.638880e+00
5.421270e+00
5.193188e+00
4.952883e+00
4.700087e+00
4.438445e+00
4.168187e+00
3.885544e+00
3.594359e+00
3.297835e+00
2.993527e+00
2.679323e+00
2.361730e+00
2.041660e+00
1.711967e+00
1.377719e+00
1.047070e+00
7.123746e-01
3.639036e-01
6.141417e-02
-3.174752e-01
-6.454168e-01
-9.779709e-01
-1.316559e+00
-1.649883e+00
-1.975000e+00
-2.299080e+00
-2.619492e+00
-2.930405e+00
-3.236377e+00
-3.535912e+00
-3.826650e+00
-4.108132e+00
-4.381116e+00
-4.645054e+00
-4.897366e+00
-5.138839e+00
-5.369590e+00
-5.587895e+00
-5.792946e+00
-5.985706e+00
-6.165727e+00
-6.330446e+00
-6.481520e+00
-6.619160e+00
-6.741188e+00
-6.847491e+00
-6.939112e+00
-7.016015e+00
-7.076368e+00
-7.120425e+00
-7.149769e+00
-7.162713e+00
-7.158845e+00
-7.139663e+00
-7.104825e+00
-7.052890e+00
-6.985578e+00
-6.904237e+00
-6.806215e+00
-6.692102e+00
-6.564482e+00
-6.422471e+00
-6.264730e+00
-6.092866e+00
-5.909269e+00
-5.711177e+00
-5.499148e+00
-5.276951e+00
-5.043213e+00
-4.796290e+00
-4.538907e+00
-4.272987e+00
-3.997123e+00
-3.709986e+00
-3.416734e+00
-3.116994e+00
-2.807807e+00
-2.492498e+00
-2.174458e+00
-1.850831e+00
-1.517556e+00
-1.186188e+00
-8.567938e-01
-5.140217e-01
-1.807103e-01
1.599574e-01
5.038346e-01
8.310934e-01
1.168005e+00
1.503589e+00
1.830618e+00
2.154102e+00
2.476134e+00
2.790648e+00
3.097415e+00
3.399985e+00
3.694175e+00
3.978574e+00
4.254519e+00
4.522499e+00
4.779479e+00
5.024943e+00
5.259972e+00
5.483889e+00
5.693857e+00
5.892408e+00
6.078197e+00
6.248974e+00
6.405865e+00
6.548993e+00
6.677818e+00
6.791186e+00
6.889183e+00
6.972821e+00
7.040251e+00
7.091614e+00
7.127713e+00
7.147628e+00
7.151731e+00
7.139235e+00
7.112044e+00
7.068658e+00
7.008007e+00
6.932799e+00
6.843071e+00
6.736489e+00
6.614511e+00
6.479949e+00
6.329459e+00
6.164206e+00
5.986277e+00
5.796056e+00
5.590521e+00
5.372800e+00
5.145419e+00
4.905368e+00
4.652342e+00
4.391160e+00
4.121330e+00
3.839376e+00
3.549159e+00
3.254318e+00
2.949805e+00
2.636694e+00
2.320901e+00
2.001830e+00
1.672877e+00
1.340149e+00
1.011661e+00
6.780080e-01
3.301827e-01
3.061707e-02
-3.458885e-01
-6.721292e-01
-1.004137e+00
-1.340962e+00
-1.670840e+00
-1.994114e+00
-2.316506e+00
-2.634571e+00
-2.943876e+00
-3.247471e+00
-3.544777e+00
-3.833621e+00
-4.111919e+00
-4.382984e+00
-4.645036e+00
-4.894572e+00
-5.133574e+00
-5.362433e+00
-5.578410e+00
-5.781220e+00
-5.971937e+00
-6.149450e+00
-6.312096e+00
-6.461357e+00
-6.597445e+00
-6.717095e+00
-6.820803e+00
-6.911730e+00
-6.986739e+00
-7.044255e+00
-7.087561e+00
-7.114534e+00
-7.125720e+00
-7.120499e+00
-7.100237e+00
-7.063971e+00
-7.011136e+00
-6.942999e+00
-6.860583e+00
-6.761171e+00
-6.646431e+00
-6.518612e+00
-6.375645e+00
-6.217345e+00
-6.045413e+00
-5.861357e+00
-5.662973e+00
-5.450876e+00
-5.229187e+00
-4.995462e+00
-4.748378e+00
-4.491354e+00
-4.226547e+00
-3.951055e+00
-3.663818e+00
-3.372199e+00
-3.073906e+00
-2.765090e+00
-2.450651e+00
-2.134423e+00
-1.811138e+00
-1.479322e+00
-1.149773e+00
-8.214774e-01
-4.799841e-01
-1.535882e-01
1.984212e-01
5.307332e-01
8.577002e-01
1.192744e+00
1.526378e+00
1.850880e+00
2.172564e+00
2.492330e+00
2.804852e+00
3.109613e+00
3.409135e+00
3.701537e+00
3.983615e+00
4.257586e+00
4.523163e+00
4.777995e+00
5.021125e+00
5.253845e+00
5.475626e+00
5.683291e+00
5.879043e+00
6.062590e+00
6.231574e+00
6.386348e+00
6.527564e+00
6.654967e+00
6.765690e+00
6.861750e+00
6.944135e+00
7.009584e+00
7.058582e+00
7.093545e+00
7.112088e+00
7.113677e+00
7.100454e+00
7.072103e+00
7.026817e+00
6.965583e+00
6.889636e+00
6.798666e+00
6.690302e+00
6.568225e+00
6.433384e+00
6.282075e+00
6.116499e+00
5.938439e+00
5.747716e+00
5.541994e+00
5.324801e+00
5.097873e+00
4.857108e+00
4.604977e+00
4.344477e+00
4.074560e+00
3.793103e+00
3.504357e+00
3.209473e+00
2.905946e+00
2.594462e+00
2.280053e+00
1.961578e+00
1.634084e+00
1.303268e+00
9.767479e-01
6.427599e-01
2.973246e-01
-2.613501e-03
-3.745749e-01
-6.984256e-01
-1.029651e+00
-1.364303e+00
-1.692363e+00
-2.013228e+00
-2.334484e+00
-2.649327e+00
-2.956472e+00
-3.257372e+00
-3.553114e+00
-3.838910e+00
-4.115743e+00
-4.384685e+00
-4.644365e+00
-4.891450e+00
-5.128397e+00
-5.354629e+00
-5.568800e+00
-5.769363e+00
-5.957969e+00
-6.133391e+00
-6.293801e+00
-6.441076e+00
-6.574358e+00
-6.692282e+00
-6.794948e+00
-6.883074e+00
-6.956023e+00
-7.012713e+00
-7.053529e+00
-7.079826e+00
-7.089175e+00
-7.082129e+00
-7.060935e+00
-7.023415e+00
-6.969245e+00
-6.900276e+00
-6.816607e+00
-6.716611e+00
-6.600680e+00
-6.472264e+00
-6.328962e+00
-6.169651e+00
-5.997681e+00
-5.813482e+00
-5.614887e+00
-5.402523e+00
-5.181182e+00
-4.947389e+00
-4.700726e+00
-4.444069e+00
-4.180100e+00
-3.904776e+00
-3.618675e+00
-3.328024e+00
-3.029426e+00
-2.721760e+00
-2.408897e+00
-2.094327e+00
-1.770992e+00
-1.441535e+00
-1.114562e+00
-7.861858e-01
-4.454499e-01
-1.295639e-01
2.324030e-01
5.575697e-01
8.834503e-01
1.217395e+00
1.547813e+00
1.870646e+00
2.190424e+00
2.508402e+00
2.818093e+00
3.120582e+00
3.418633e+00
3.708304e+00
3.987992e+00
4.259883e+00
4.523741e+00
4.775549e+00
5.016439e+00
5.247463e+00
5.466141e+00
5.672061e+00
5.865888e+00
6.047188e+00
6.214136e+00
6.366687e+00
6.506339e+00
6.630856e+00
6.739847e+00
6.834380e+00
6.914654e+00
6.978222e+00
7.025606e+00
7.058887e+00
7.075753e+00
7.076026e+00
7.061463e+00
7.031882e+00
6.985280e+00
6.922792e+00
6.845858e+00
6.754181e+00
6.645084e+00
6.523168e+00
6.386999e+00
6.235056e+00
6.068990e+00
5.890813e+00
5.699394e+00
5.493728e+00
5.276622e+00
5.049477e+00
4.809550e+00
4.557723e+00
4.297409e+00
4.028026e+00
3.747500e+00
3.459282e+00
3.166154e+00
2.862765e+00
2.551808e+00
2.239466e+00
1.921569e+00
1.595024e+00
1.266518e+00
9.415309e-01
6.080891e-01
2.651555e-01
-3.737120e-02
-4.026530e-01
-7.244861e-01
-1.054824e+00
-1.387577e+00
-1.712843e+00
-2.032180e+00
-2.350431e+00
-2.664008e+00
-2.968627e+00
-3.267845e+00
-3.561556e+00
-3.844634e+00
-4.118996e+00
-4.386057e+00
-4.642956e+00
-4.887787e+00
-5.122909e+00
-5.347074e+00
-5.558278e+00
-5.756599e+00
-5.943350e+00
-6.116437e+00
-6.274470e+00
-6.420180e+00
-6.551718e+00
-6.666793e+00
-6.767559e+00
-6.854295e+00
-6.925623e+00
-6.979972e+00
-7.019616e+00
-7.044292e+00
-7.051934e+00
-7.043901e+00
-7.021230e+00
-6.981947e+00
-6.926448e+00
-6.857150e+00
-6.772308e+00
-6.671058e+00
-6.555306e+00
-6.426239e+00
-6.281950e+00
-6.122427e+00
-5.950278e+00
-5.765415e+00
-5.566422e+00
-5.354816e+00
-5.133078e+00
-4.899117e+00
-4.653007e+00
-4.397175e+00
-4.133032e+00
-3.858198e+00
-3.573060e+00
-3.283402e+00
-2.985810e+00
-2.678758e+00
-2.367422e+00
-2.054113e+00
-1.732149e+00
-1.403897e+00
-1.078755e+00
-7.524214e-01
-4.117723e-01
-1.054216e-01
2.617040e-01
5.843565e-01
9.094736e-01
1.241488e+00
1.569851e+00
1.890126e+00
2.208694e+00
2.524214e+00
2.831440e+00
3.131874e+00
3.427691e+00
3.714642e+00
3.992331e+00
4.262161e+00
4.523617e+00
4.773066e+00
5.011820e+00
5.240188e+00
5.457226e+00
5.660794e+00
5.852436e+00
6.031079e+00
6.195711e+00
6.346642e+00
6.484432e+00
6.606465e+00
6.713470e+00
6.806252e+00
6.884403e+00
6.945879e+00
6.992090e+00
7.023831e+00
7.039481e+00
7.038537e+00
7.022645e+00
6.991674e+00
6.943719e+00
6.880095e+00
6.802658e+00
6.709280e+00
6.600121e+00
6.477075e+00
6.340168e+00
6.187753e+00
6.021600e+00
5.843099e+00
5.651488e+00
5.445537e+00
5.229181e+00
5.001906e+00
4.761365e+00
4.510146e+00
4.251316e+00
3.981889e+00
3.702003e+00
3.414617e+00
3.121898e+00
2.819806e+00
2.510612e+00
2.198817e+00
1.882360e+00
1.556908e+00
1.230326e+00
9.072077e-01
5.736294e-01
2.350289e-01
-7.202958e-02
-4.300730e-01
-7.500934e-01
-1.079637e+00
-1.410186e+00
-1.733031e+00
-2.050611e+00
-2.367410e+00
-2.678025e+00
-2.980664e+00
-3.278144e+00
-3.568894e+00
-3.849929e+00
-4.122261e+00
-4.386988e+00
-4.641305e+00
-4.883938e+00
-5.116745e+00
-5.338625e+00
-5.547327e+00
-5.744035e+00
-5.928538e+00
-6.099223e+00
-6.255393e+00
-6.399080e+00
-6.528029e+00
-6.641775e+00
-6.740778e+00
-6.825850e+00
-6.894584e+00
-6.947630e+00
-6.985460e+00
-7.008131e+00
-7.015034e+00
-7.005269e+00
-6.981183e+00
-6.941298e+00
-6.884924e+00
-6.813844e+00
-6.728325e+00
-6.626014e+00
-6.509232e+00
-6.379519e+00
-6.235013e+00
-6.074664e+00
-5.902279e+00
-5.717540e+00
-5.518429e+00
-5.306519e+00
-5.085240e+00
-4.851838e+00
-4.605430e+00
-4.350312e+00
-4.087187e+00
-3.812422e+00
-3.528258e+00
-3.239543e+00
-2.942777e+00
-2.636160e+00
-2.326767e+00
-2.014736e+00
-1.693288e+00
-1.366520e+00
-1.043370e+00
-7.177196e-01
-3.778216e-01
-8.175727e-02
2.898441e-01
6.104108e-01
9.341870e-01
1.265183e+00
1.591181e+00
1.908961e+00
2.225679e+00
2.538957e+00
2.844116e+00
3.142993e+00
3.436431e+00
3.721427e+00
3.996527e+00
4.264061e+00
4.522946e+00
4.770049e+00
5.006804e+00
5.233309e+00
5.447561e+00
5.649011e+00
5.838481e+00
6.015156e+00
6.177386e+00
6.326175e+00
6.462263e+00
6.582273e+00
6.687850e+00
6.778702e+00
6.854965e+00
6.914765e+00
6.959077e+00
6.989371e+00
7.003066e+00
7.000930e+00
6.983660e+00
6.950746e+00
6.901853e+00
6.837111e+00
6.758843e+00
6.664428e+00
6.554791e+00
6.431050e+00
6.293485e+00
6.140424e+00
5.973868e+00
5.795647e+00
5.603607e+00
5.398041e+00
5.181052e+00
4.954503e+00
4.714005e+00
4.463090e+00
4.204689e+00
3.936498e+00
3.655760e+00
3.370051e+00
3.078282e+00
2.776954e+00
2.468989e+00
2.159013e+00
1.843381e+00
1.518643e+00
1.194153e+00
8.724748e-01
5.392069e-01
2.053678e-01
-1.071225e-01
-4.568226e-01
-7.764768e-01
-1.104493e+00
-1.432826e+00
-1.753051e+00
-2.068676e+00
-2.383333e+00
-2.692099e+00
-2.991689e+00
-3.287716e+00
-3.575977e+00
-3.854641e+00
-4.124663e+00
-4.387280e+00
-4.639393e+00
-4.879909e+00
-5.110630e+00
-5.330195e+00
-5.536805e+00
-5.731240e+00
-5.913453e+00
-6.082294e+00
-6.236137e+00
-6.377564e+00
-6.504713e+00
-6.616336e+00
-6.713389e+00
-6.796829e+00
-6.864134e+00
-6.915020e+00
-6.951621e+00
-6.972989e+00
-6.977688e+00
-6.966992e+00
-6.941490e+00
-6.900121e+00
-6.842270e+00
-6.770470e+00
-6.683908e+00
-6.581168e+00
-6.463902e+00
-6.333202e+00
-6.187647e+00
-6.027385e+00
-5.854969e+00
-5.669839e+00
-5.470598e+00
-5.259091e+00
-5.038073e+00
-4.804422e+00
-4.558492e+00
-4.303853e+00
-4.040920e+00
-3.766527e+00
-3.483474e+00
-3.195629e+00
-2.899658e+00
-2.594344e+00
-2.286013e+00
-1.974627e+00
-1.654520e+00
-1.329484e+00
-1.008780e+00
-6.835268e-01
-3.448828e-01
-5.249351e-02
3.176428e-01
6.362851e-01
9.599185e-01
1.288760e+00
1.611469e+00
1.928069e+00
2.242850e+00
2.553788e+00
2.856892e+00
3.153558e+00
3.444446e+00
3.727014e+00
4.000054e+00
4.265333e+00
4.522139e+00
4.766914e+00
5.001391e+00
5.225792e+00
5.437833e+00
5.636763e+00
5.824501e+00
5.999103e+00
6.159128e+00
6.306353e+00
6.439667e+00
6.558007e+00
6.661454e+00
6.750375e+00
6.825136e+00
6.882900e+00
6.925666e+00
6.954564e+00
6.966855e+00
6.962746e+00
6.944346e+00
6.910650e+00
6.860366e+00
6.794898e+00
6.715388e+00
6.620060e+00
6.509493e+00
6.385373e+00
6.247584e+00
6.093530e+00
5.926806e+00
5.748362e+00
5.555794e+00
5.349769e+00
5.134251e+00
4.907087e+00
4.666794e+00
4.416600e+00
4.158937e+00
3.890131e+00
3.610903e+00
3.326453e+00
3.035516e+00
2.734604e+00
2.427738e+00
2.118860e+00
1.804067e+00
1.480514e+00
1.158495e+00
8.375309e-01
5.058584e-01
1.771594e-01
-1.438543e-01
-4.833053e-01
-8.019351e-01
-1.128095e+00
-1.454814e+00
-1.772568e+00
-2.086499e+00
-2.399629e+00
-2.705421e+00
-3.003658e+00
-3.296904e+00
-3.583222e+00
-3.859030e+00
-4.127414e+00
-4.387801e+00
-4.637357e+00
-4.875489e+00
-5.104441e+00
-5.321548e+00
-5.525835e+00
-5.718316e+00
-5.898548e+00
-6.064614e+00
-6.216756e+00
-6.355985e+00
-6.481756e+00
-6.590896e+00
-6.686397e+00
-6.767615e+00
-6.832903e+00
-6.882671e+00
-6.917515e+00
-6.937387e+00
-6.940938e+00
-6.928336e+00
-6.901959e+00
-6.859292e+00
-6.800858e+00
-6.728120e+00
-6.640484e+00
-6.536627e+00
-6.418306e+00
-6.287519e+00
-6.141113e+00
-5.980454e+00
-5.807913e+00
-5.622653e+00
-5.423158e+00
-5.211402e+00
-4.990620e+00
-4.756945e+00
-4.511145e+00
-4.257853e+00
-3.995168e+00
-3.721464e+00
-3.439212e+00
-3.152677e+00
-2.857289e+00
-2.552671e+00
-2.246071e+00
-1.935853e+00
-1.616286e+00
-1.292777e+00
-9.740972e-01
-6.494147e-01
-3.124717e-01
-2.031826e-02
3.456712e-01
6.623704e-01
9.842843e-01
1.312133e+00
1.632569e+00
1.947170e+00
2.259871e+00
2.568854e+00
2.868761e+00
3.163671e+00
3.452485e+00
3.732514e+00
4.003151e+00
4.267264e+00
4.521338e+00
4.763854e+00
4.996064e+00
5.218814e+00
5.427944e+00
5.625186e+00
5.810111e+00
5.982726e+00
6.140511e+00
6.285365e+00
6.417567e+00
6.533368e+00
6.634928e+00
6.722682e+00
6.794519e+00
6.851011e+00
6.892696e+00
6.919663e+00
6.929906e+00
6.925244e+00
6.905882e+00
6.870572e+00
6.818823e+00
6.752939e+00
6.672362e+00
6.575507e+00
6.464175e+00
6.339839e+00
6.200963e+00
6.046605e+00
5.880011e+00
5.701052e+00
5.508702e+00
5.302471e+00
5.086904e+00
4.859405e+00
4.619621e+00
4.369979e+00
4.112707e+00
3.844795e+00
3.566721e+00
3.282533e+00
2.992279e+00
2.692508e+00
2.387219e+00
2.079968e+00
1.766013e+00
1.443789e+00
1.123948e+00
8.042879e-01
4.722181e-01
1.500435e-01
-1.807227e-01
-5.098065e-01
-8.268596e-01
-1.152480e+00
-1.476839e+00
-1.792073e+00
-2.104458e+00
-2.415527e+00
-2.719233e+00
-3.014615e+00
-3.305992e+00
-3.590224e+00
-3.864294e+00
-4.129940e+00
-4.387957e+00
-4.635631e+00
-4.871436e+00
-5.097836e+00
-5.313043e+00
-5.515108e+00
-5.704776e+00
-5.883090e+00
-6.047462e+00
-6.197201e+00
-6.334947e+00
-6.458371e+00
-6.565698e+00
-6.659375e+00
-6.738941e+00
-6.802093e+00
-6.850049e+00
-6.883608e+00
-6.902083e+00
-6.903659e+00
-6.890530e+00
-6.862781e+00
-6.818873e+00
-6.759129e+00
-6.685454e+00
-6.596707e+00
-6.492142e+00
-6.373659e+00
-6.242084e+00
-6.094983e+00
-5.933808e+00
-5.761100e+00
-5.575082e+00
-5.375618e+00
-5.164545e+00
-4.943571e+00
-4.709833e+00
-4.465238e+00
-4.212182e+00
-3.949640e+00
-3.676346e+00
-3.395490e+00
-3.109464e+00
-2.814896e+00
-2.511488e+00
-2.205683e+00
-1.896744e+00
-1.578623e+00
-1.257392e+00
-9.405500e-01
-6.161593e-01
-2.814821e-01
1.343377e-02
3.732465e-01
6.876364e-01
1.009054e+00
1.334978e+00
1.652534e+00
1.965216e+00
2.276552e+00
2.583077e+00
2.881053e+00
3.173641e+00
3.460958e+00
3.737915e+00
4.007379e+00
4.268549e+00
4.520159e+00
4.760334e+00
4.990726e+00
5.210620e+00
5.417931e+00
5.613149e+00
5.796274e+00
5.966573e+00
6.122434e+00
6.265543e+00
6.395256e+00
6.509263e+00
6.608967e+00
6.694884e+00
6.765622e+00
6.820040e+00
6.860186e+00
6.885141e+00
6.894584e+00
6.888003e+00
6.866667e+00
6.830699e+00
6.777851e+00
6.710794e+00
6.629403e+00
6.532139e+00
6.419653e+00
6.294627e+00
6.155664e+00
6.000654e+00
5.833403e+00
5.654369e+00
5.461559e+00
5.255273e+00
5.039600e+00
4.813138e+00
4.572969e+00
4.324289e+00
4.067347e+00
3.799391e+00
3.522012e+00
3.239450e+00
2.950146e+00
2.650841e+00
2.346806e+00
2.040940e+00
1.727220e+00
1.406722e+00
1.088936e+00
7.709890e-01
4.383419e-01
1.258143e-01
-2.170696e-01
-5.364754e-01
-8.520448e-01
-1.176845e+00
-1.498070e+00
-1.810970e+00
-2.122039e+00
-2.430531e+00
-2.731854e+00
-3.025857e+00
-3.315229e+00
-3.596314e+00
-3.868038e+00
-4.132212e+00
-4.388211e+00
-4.633067e+00
-4.867227e+00
-5.091541e+00
-5.304228e+00
-5.504083e+00
-5.692373e+00
-5.867949e+00
-6.030098e+00
-6.178503e+00
-6.314231e+00
-6.435210e+00
-6.540892e+00
-6.632613e+00
-6.710074e+00
-6.772159e+00
-6.818631e+00
-6.851029e+00
-6.866897e+00
-6.867573e+00
-6.852979e+00
-6.823491e+00
-6.778739e+00
-6.717859e+00
-6.642998e+00
-6.553258e+00
-6.447830e+00
-6.328869e+00
-6.196835e+00
-6.049274e+00
-5.887933e+00
-5.714951e+00
-5.528691e+00
-5.328836e+00
-5.118247e+00
-4.897403e+00
-4.663970e+00
-4.418710e+00
-4.166480e+00
-3.905316e+00
-3.631860e+00
-3.352036e+00
-3.066922e+00
-2.772503e+00
-2.470690e+00
-2.166611e+00
-1.858665e+00
-1.540625e+00
-1.221486e+00
-9.064193e-01
-5.818920e-01
-2.515603e-01
4.750240e-02
4.000271e-01
7.132437e-01
1.033394e+00
1.357040e+00
1.672920e+00
1.983343e+00
2.292916e+00
2.597355e+00
2.892662e+00
3.183698e+00
3.469053e+00
3.744253e+00
4.010334e+00
4.269257e+00
4.519321e+00
4.757013e+00
4.984977e+00
5.203444e+00
5.408271e+00
5.601354e+00
5.782542e+00
5.950837e+00
6.104058e+00
6.245659e+00
6.373224e+00
6.485431e+00
6.583273e+00
6.667327e+00
6.736352e+00
6.788672e+00
6.827725e+00
6.851420e+00
6.858442e+00
6.850955e+00
6.828992e+00
6.791298e+00
6.737196e+00
6.669022e+00
6.586811e+00
6.488411e+00
6.375931e+00
6.250098e+00
6.109869e+00
5.954853e+00
5.787353e+00
5.608164e+00
5.415087e+00
5.208975e+00
4.993699e+00
4.766896e+00
4.527180e+00
4.279139e+00
4.022327e+00
3.755167e+00
3.478185e+00
3.196666e+00
2.907927e+00
2.609081e+00
2.306685e+00
2.002209e+00
1.689731e+00
1.370015e+00
1.053856e+00
7.370135e-01
4.050989e-01
1.025349e-01
-2.488848e-01
-5.615241e-01
-8.764416e-01
-1.199789e+00
-1.518705e+00
-1.830146e+00
-2.138856e+00
-2.445858e+00
-2.745039e+00
-3.036907e+00
-3.323864e+00
-3.603335e+00
-3.872762e+00
-4.134782e+00
-4.388360e+00
-4.630938e+00
-4.862832e+00
-5.084942e+00
-5.295754e+00
-5.493567e+00
-5.679504e+00
-5.853057e+00
-6.013225e+00
-6.159569e+00
-6.293422e+00
-6.412178e+00
-6.516172e+00
-6.605931e+00
-6.682251e+00
-6.741877e+00
-6.786331e+00
-6.817104e+00
-6.832276e+00
-6.831307e+00
-6.815036e+00
-6.785152e+00
-6.738363e+00
-6.676750e+00
-6.601487e+00
-6.510877e+00
-6.404456e+00
-6.285029e+00
-6.152529e+00
-6.003535e+00
-5.841982e+00
-5.668970e+00
-5.482772e+00
-5.282438e+00
-5.072123e+00
-4.851558e+00
-4.617914e+00
-4.373468e+00
-4.122044e+00
-3.860253e+00
-3.587791e+00
-3.308574e+00
-3.024684e+00
-2.731059e+00
-2.430413e+00
-2.127731e+00
-1.820182e+00
-1.503657e+00
-1.186244e+00
-8.723445e-01
-5.488911e-01
-2.211481e-01
8.165794e-02
4.265097e-01
7.382054e-01
1.057611e+00
1.379413e+00
1.692580e+00
2.001048e+00
2.308975e+00
2.610670e+00
2.904692e+00
3.193953e+00
3.476348e+00
3.749431e+00
4.014108e+00
4.271398e+00
4.518768e+00
4.753977e+00
4.980247e+00
5.196292e+00
5.398537e+00
5.589671e+00
5.768655e+00
5.934709e+00
6.086093e+00
6.225751e+00
6.351168e+00
6.461729e+00
6.557535e+00
6.640224e+00
6.707082e+00
6.758067e+00
6.795091e+00
6.817457e+00
6.823386e+00
6.814385e+00
6.791006e+00
6.752045e+00
6.696951e+00
6.627951e+00
6.545082e+00
6.445595e+00
6.332184e+00
6.206277e+00
6.065210e+00
5.909846e+00
5.741999e+00
5.562511e+00
5.368864e+00
5.162931e+00
4.948320e+00
4.721249e+00
4.481465e+00
4.234033e+00
3.977997e+00
3.710756e+00
3.434650e+00
3.154825e+00
2.865831e+00
2.568116e+00
2.267662e+00
1.964316e+00
1.651596e+00
1.334183e+00
1.020600e+00
7.037892e-01
3.724829e-01
8.049087e-02
-2.766338e-01
-5.869266e-01
-9.015772e-01
-1.223181e+00
-1.539663e+00
-1.848608e+00
-2.156343e+00
-2.461434e+00
-2.757641e+00
-3.047342e+00
-3.333381e+00
-3.609729e+00
-3.876654e+00
-4.137147e+00
-4.388987e+00
-4.629417e+00
-4.858598e+00
-5.079398e+00
-5.287107e+00
-5.482902e+00
-5.666815e+00
-5.838866e+00
-5.996234e+00
-6.141144e+00
-6.272663e+00
-6.389470e+00
-6.491335e+00
-6.580007e+00
-6.654073e+00
-6.711862e+00
-6.755025e+00
-6.784574e+00
-6.798275e+00
-6.795146e+00
-6.778981e+00
-6.746936e+00
-6.699223e+00
-6.636840e+00
-6.560484e+00
-6.468614e+00
-6.361367e+00
-6.241221e+00
-6.107932e+00
-5.958851e+00
-5.796963e+00
-5.623857e+00
-5.436716e+00
-5.237034e+00
-5.026520e+00
-4.806067e+00
-4.572330e+00
-4.328175e+00
-4.077291e+00
-3.816512e+00
-3.544286e+00
-3.266318e+00
-2.983135e+00
-2.689560e+00
-2.390124e+00
-2.089634e+00
-1.782097e+00
-1.466832e+00
-1.151492e+00
-8.392318e-01
-5.158592e-01
-1.936536e-01
1.162232e-01
4.527751e-01
7.628319e-01
1.081816e+00
1.401464e+00
1.712210e+00
2.019479e+00
2.325408e+00
2.625464e+00
2.916835e+00
3.203718e+00
3.484412e+00
3.754993e+00
4.017181e+00
4.272714e+00
4.517781e+00
4.750873e+00
4.975560e+00
5.188669e+00
5.389207e+00
5.577845e+00
5.755153e+00
5.919071e+00
6.068686e+00
6.206519e+00
6.330421e+00
6.438307e+00
6.532933e+00
6.613697e+00
6.678352e+00
6.727767e+00
6.763424e+00
6.784835e+00
6.788696e+00
6.778894e+00
6.754168e+00
6.713700e+00
6.657655e+00
6.587910e+00
6.503570e+00
6.402960e+00
6.289363e+00
6.162394e+00
6.020768e+00
5.864678e+00
5.697699e+00
5.517312e+00
5.323422e+00
5.117825e+00
4.902723e+00
4.675734e+00
4.436676e+00
4.189498e+00
3.934014e+00
3.666922e+00
3.391983e+00
3.112450e+00
2.824797e+00
2.528416e+00
2.228392e+00
1.925635e+00
1.614846e+00
1.298426e+00
9.868791e-01
6.705151e-01
3.407236e-01
5.619338e-02
-3.029054e-01
-6.119317e-01
-9.259988e-01
-1.246708e+00
-1.560372e+00
-1.867257e+00
-2.173825e+00
-2.476122e+00
-2.770106e+00
-3.058380e+00
-3.341780e+00
-3.615863e+00
-3.881651e+00
-4.139879e+00
-4.389012e+00
-4.627052e+00
-4.854886e+00
-5.072893e+00
-5.279372e+00
-5.472454e+00
-5.654654e+00
-5.824234e+00
-5.980293e+00
-6.122558e+00
-6.252823e+00
-6.367637e+00
-6.467484e+00
-6.554530e+00
-6.626690e+00
-6.683095e+00
-6.725147e+00
-6.752803e+00
-6.764945e+00
-6.760556e+00
-6.742777e+00
-6.709435e+00
-6.660505e+00
-6.597154e+00
-6.519779e+00
-6.427164e+00
-6.318806e+00
-6.198467e+00
-6.064335e+00
-5.915017e+00
-5.752993e+00
-5.579198e+00
-5.392261e+00
-5.191698e+00
-4.981929e+00
-4.761290e+00
-4.527056e+00
-4.284658e+00
-4.033768e+00
-3.772580e+00
-3.501378e+00
-3.224793e+00
-2.941896e+00
-2.649202e+00
-2.350717e+00
-2.051127e+00
-1.745099e+00
-1.430734e+00
-1.117331e+00
-8.061565e-01
-4.828769e-01
-1.675124e-01
1.534889e-01
4.791957e-01
7.877937e-01
1.105747e+00
1.423551e+00
1.731646e+00
2.037333e+00
2.341604e+00
2.638730e+00
2.928226e+00
3.213806e+00
3.491712e+00
3.760015e+00
4.021098e+00
4.274583e+00
4.516633e+00
4.748142e+00
4.969936e+00
5.181679e+00
5.380547e+00
5.567440e+00
5.742359e+00
5.903750e+00
6.052043e+00
6.187703e+00
6.309240e+00
6.415400e+00
6.508369e+00
6.587115e+00
6.650386e+00
6.698906e+00
6.732969e+00
6.751952e+00
6.754932e+00
6.743354e+00
6.718126e+00
6.675937e+00
6.618974e+00
6.548068e+00
6.462903e+00
6.361808e+00
6.247124e+00
6.119597e+00
5.977692e+00
5.820714e+00
5.653164e+00
5.473292e+00
5.278906e+00
5.073439e+00
4.858548e+00
4.631559e+00
4.392780e+00
4.146043e+00
3.891025e+00
3.624398e+00
3.350310e+00
3.071292e+00
2.784136e+00
2.488283e+00
2.189965e+00
1.888351e+00
1.577326e+00
1.263550e+00
9.536610e-01
6.375080e-01
3.088773e-01
2.650127e-02
-3.299281e-01
-6.380978e-01
-9.508240e-01
-1.269553e+00
-1.580808e+00
-1.886147e+00
-2.190778e+00
-2.490921e+00
-2.783168e+00
-3.069517e+00
-3.350999e+00
-3.623082e+00
-3.886320e+00
-4.142455e+00
-4.389788e+00
-4.625636e+00
-4.851130e+00
-5.067256e+00
-5.271047e+00
-5.462813e+00
-5.643120e+00
-5.810316e+00
-5.964128e+00
-6.104921e+00
-6.233684e+00
-6.346139e+00
-6.444608e+00
-6.529383e+00
-6.599804e+00
-6.654824e+00
-6.695119e+00
-6.721168e+00
-6.731262e+00
-6.726072e+00
-6.707219e+00
-6.672951e+00
-6.622916e+00
-6.558206e+00
-6.479925e+00
-6.386106e+00
-6.278126e+00
-6.156807e+00
-6.021649e+00
-5.871643e+00
-5.709196e+00
-5.535371e+00
-5.347732e+00
-5.147548e+00
-4.938176e+00
-4.717227e+00
-4.483806e+00
-4.241222e+00
-3.990798e+00
-3.729907e+00
-3.459233e+00
-3.183325e+00
-2.901613e+00
-2.609255e+00
-2.312154e+00
-2.013445e+00
-1.707839e+00
-1.394902e+00
-1.083200e+00
-7.735032e-01
-4.498823e-01
-1.430783e-01
1.903138e-01
5.044492e-01
8.130037e-01
1.129871e+00
1.444583e+00
1.751201e+00
2.054864e+00
2.357173e+00
2.652909e+00
2.940952e+00
3.223800e+00
3.499745e+00
3.766235e+00
4.025214e+00
4.275769e+00
4.516496e+00
4.745888e+00
4.965714e+00
5.175142e+00
5.371806e+00
5.556397e+00
5.729682e+00
5.889168e+00
6.035102e+00
6.169073e+00
6.289282e+00
6.393512e+00
6.484189e+00
6.561539e+00
6.623425e+00
6.670089e+00
6.702246e+00
6.720081e+00
6.721552e+00
6.708826e+00
6.681499e+00
6.638802e+00
6.580697e+00
6.509331e+00
6.423086e+00
6.321196e+00
6.205793e+00
6.077979e+00
5.934876e+00
5.778134e+00
5.610094e+00
5.429812e+00
5.235060e+00
5.029779e+00
4.814789e+00
4.587799e+00
4.349009e+00
4.103383e+00
3.848290e+00
3.581850e+00
3.308786e+00
3.030662e+00
2.744040e+00
2.449043e+00
2.152265e+00
1.851482e+00
1.541208e+00
1.229283e+00
9.202131e-01
6.056184e-01
2.779871e-01
-4.482061e-03
-3.565287e-01
-6.629043e-01
-9.751339e-01
-1.292038e+00
-1.601381e+00
-1.905087e+00
-2.207676e+00
-2.506081e+00
-2.796148e+00
-3.080703e+00
-3.360143e+00
-3.630054e+00
-3.891379e+00
-4.145509e+00
-4.389937e+00
-4.624376e+00
-4.848169e+00
-5.062296e+00
-5.264119e+00
-5.453551e+00
-5.631660e+00
-5.796826e+00
-5.948720e+00
-6.087949e+00
-6.213999e+00
-6.325033e+00
-6.421726e+00
-6.505048e+00
-6.574122e+00
-6.627063e+00
-6.665775e+00
-6.690631e+00
-6.699484e+00
-6.692990e+00
-6.672653e+00
-6.637430e+00
-6.585694e+00
-6.519649e+00
-6.441355e+00
-6.346562e+00
-6.237266e+00
-6.115549e+00
-5.979753e+00
-5.829213e+00
-5.666033e+00
-5.492481e+00
-5.304650e+00
-5.104267e+00
-4.894492e+00
-4.673735e+00
-4.440518e+00
-4.198276e+00
-3.948485e+00
-3.687600e+00
-3.417634e+00
-3.142943e+00
-2.861045e+00
-2.569444e+00
-2.274118e+00
-1.976558e+00
-1.671443e+00
-1.359356e+00
-1.050764e+00
-7.405148e-01
-4.180981e-01
-1.195506e-01
2.232960e-01
5.296592e-01
8.373136e-01
1.153436e+00
1.466230e+00
1.770824e+00
2.073171e+00
2.373959e+00
2.666777e+00
2.952667e+00
3.234142e+00
3.507958e+00
3.771946e+00
4.028771e+00
4.278072e+00
4.516447e+00
4.743474e+00
4.961977e+00
5.169021e+00
5.363426e+00
5.546793e+00
5.717670e+00
5.875151e+00
6.019241e+00
6.151418e+00
6.269075e+00
6.371840e+00
6.461556e+00
6.537012e+00
6.596955e+00
6.641527e+00
6.673057e+00
6.689303e+00
6.689346e+00
6.675323e+00
6.647238e+00
6.602877e+00
6.543884e+00
6.471451e+00
6.383765e+00
6.281019e+00
6.165535e+00
6.036623e+00
5.892818e+00
5.735753e+00
5.567372e+00
5.386314e+00
5.192065e+00
4.986883e+00
4.771763e+00
4.544643e+00
4.306255e+00
4.060717e+00
3.806139e+00
3.540158e+00
3.267789e+00
2.990541e+00
2.704297e+00
2.410064e+00
2.114918e+00
1.814583e+00
1.505737e+00
1.195090e+00
8.882117e-01
5.726920e-01
2.476432e-01
-3.645244e-02
-3.833156e-01
-6.876364e-01
-9.990651e-01
-1.314870e+00
-1.621246e+00
-1.923506e+00
-2.225244e+00
-2.521575e+00
-2.809309e+00
-3.092033e+00
-3.369635e+00
-3.637460e+00
-3.896525e+00
-4.148973e+00
-4.391930e+00
-4.623439e+00
-4.844947e+00
-5.057448e+00
-5.256806e+00
-5.444438e+00
-5.620927e+00
-5.784249e+00
-5.934075e+00
-6.071318e+00
-6.196158e+00
-6.304926e+00
-6.399788e+00
-6.481837e+00
-6.549030e+00
-6.600177e+00
-6.637914e+00
-6.660598e+00
-6.667842e+00
-6.660635e+00
-6.639050e+00
-6.602052e+00
-6.549800e+00
-6.483488e+00
-6.403345e+00
-6.307018e+00
-6.197406e+00
-6.075316e+00
-5.938849e+00
-5.787564e+00
-5.624844e+00
-5.450621e+00
-5.262014e+00
-5.061743e+00
-4.852049e+00
-4.631074e+00
-4.397920e+00
-4.156106e+00
-3.906737e+00
-3.646517e+00
-3.376333e+00
-3.102865e+00
-2.821482e+00
-2.530962e+00
-2.236431e+00
-1.940006e+00
-1.635797e+00
-1.324673e+00
-1.017918e+00
-7.085878e-01
-3.861215e-01
-9.749415e-02
2.514424e-01
5.555521e-01
8.626726e-01
1.176715e+00
1.487368e+00
1.790012e+00
2.091285e+00
2.389622e+00
2.680577e+00
2.964809e+00
3.244168e+00
3.516227e+00
3.778750e+00
4.033613e+00
4.280518e+00
4.517086e+00
4.742337e+00
4.958563e+00
5.163105e+00
5.355840e+00
5.537140e+00
5.706266e+00
5.861406e+00
6.004081e+00
6.134657e+00
6.250818e+00
6.351062e+00
6.438959e+00
6.513093e+00
6.571316e+00
6.614598e+00
6.644656e+00
6.659064e+00
6.657432e+00
6.642669e+00
6.613201e+00
6.567753e+00
6.508003e+00
6.434285e+00
6.346127e+00
6.241978e+00
6.126022e+00
5.996644e+00
5.852144e+00
5.694496e+00
5.525811e+00
5.344616e+00
5.149758e+00
4.944893e+00
4.730027e+00
4.502268e+00
4.264855e+00
4.019652e+00
3.764751e+00
3.499850e+00
3.227873e+00
2.951059e+00
2.665101e+00
2.372531e+00
2.078000e+00
1.778304e+00
1.470458e+00
1.161096e+00
8.557199e-01
5.401753e-01
2.195341e-01
-6.987546e-02
-4.100652e-01
-7.125919e-01
-1.024039e+00
-1.337144e+00
-1.641937e+00
-1.942645e+00
-2.242539e+00
-2.536543e+00
-2.822389e+00
-3.103474e+00
-3.379182e+00
-3.644568e+00
-3.902013e+00
-4.152673e+00
-4.393333e+00
-4.622781e+00
-4.843078e+00
-5.052972e+00
-5.250493e+00
-5.436536e+00
-5.610932e+00
-5.772237e+00
-5.920145e+00
-6.055904e+00
-6.177950e+00
-6.285514e+00
-6.378706e+00
-6.458992e+00
-6.524360e+00
-6.574265e+00
-6.610327e+00
-6.632048e+00
-6.637883e+00
-6.628565e+00
-6.606428e+00
-6.567722e+00
-6.514366e+00
-6.446986e+00
-6.365967e+00
-6.269231e+00
-6.158712e+00
-6.035772e+00
-5.898964e+00
-5.746890e+00
-5.583723e+00
-5.408929e+00
-5.220739e+00
-5.019971e+00
-4.810543e+00
-4.589178e+00
-4.356545e+00
-4.114917e+00
-3.865977e+00
-3.605731e+00
-3.336845e+00
-3.063774e+00
-2.783056e+00
-2.492833e+00
-2.199041e+00
-1.903815e+00
-1.599394e+00
-1.290461e+00
-9.847933e-01
-6.765367e-01
-3.547967e-01
-7.506522e-02
2.779933e-01
5.809670e-01
8.867591e-01
1.199870e+00
1.508983e+00
1.809493e+00
2.109667e+00
2.406296e+00
2.694749e+00
2.977219e+00
3.254988e+00
3.524651e+00
3.785194e+00
4.038343e+00
4.283559e+00
4.517092e+00
4.741208e+00
4.955744e+00
5.158399e+00
5.348980e+00
5.528337e+00
5.695384e+00
5.849028e+00
5.990039e+00
6.118635e+00
6.232610e+00
6.331663e+00
6.417784e+00
6.489646e+00
6.546758e+00
6.588438e+00
6.616441e+00
6.630005e+00
6.627473e+00
6.610873e+00
6.580014e+00
6.533455e+00
6.472469e+00
6.397596e+00
6.309048e+00
6.204719e+00
6.087583e+00
5.957392e+00
5.812538e+00
5.654766e+00
5.485497e+00
5.303843e+00
5.109047e+00
4.903841e+00
4.688652e+00
4.460992e+00
4.223672e+00
3.978984e+00
3.724612e+00
3.459586e+00
3.188565e+00
2.913048e+00
2.627034e+00
2.335036e+00
2.041759e+00
1.742820e+00
1.435203e+00
1.128300e+00
8.240785e-01
5.081304e-01
1.917230e-01
-1.034785e-01
-4.352752e-01
-7.372556e-01
-1.048014e+00
-1.359275e+00
-1.662510e+00
-1.961473e+00
-2.259325e+00
-2.551398e+00
-2.835525e+00
-3.115449e+00
-3.389221e+00
-3.652520e+00
-3.908227e+00
-4.157037e+00
-4.395450e+00
-4.623023e+00
-4.841042e+00
-5.049806e+00
-5.245197e+00
-5.429086e+00
-5.601906e+00
-5.761156e+00
-5.906966e+00
-6.041030e+00
-6.161754e+00
-6.267256e+00
-6.358791e+00
-6.437345e+00
-6.500951e+00
-6.549204e+00
-6.583974e+00
-6.604386e+00
-6.608340e+00
-6.598128e+00
-6.574874e+00
-6.534827e+00
-6.479937e+00
-6.412048e+00
-6.330179e+00
-6.232480e+00
-6.120900e+00
-5.997625e+00
-5.859407e+00
-5.707502e+00
-5.544254e+00
-5.369063e+00
-5.180313e+00
-4.979334e+00
-4.769770e+00
-4.548709e+00
-4.315530e+00
-4.074541e+00
-3.825222e+00
-3.565573e+00
-3.297102e+00
-3.024802e+00
-2.744487e+00
-2.454928e+00
-2.162942e+00
-1.867896e+00
-1.564773e+00
-1.256492e+00
-9.526305e-01
-6.451809e-01
-3.240741e-01
-4.761414e-02
3.048112e-01
6.056556e-01
9.112676e-01
1.223628e+00
1.529662e+00
1.828836e+00
2.127235e+00
2.421828e+00
2.709071e+00
2.990168e+00
3.266249e+00
3.533801e+00
3.792538e+00
4.043912e+00
4.286719e+00
4.519197e+00
4.740935e+00
4.953205e+00
5.154470e+00
5.343027e+00
5.520422e+00
5.685408e+00
5.837630e+00
5.976674e+00
6.103090e+00
6.215849e+00
6.312437e+00
6.397528e+00
6.467881e+00
6.522448e+00
6.563166e+00
6.590344e+00
6.602083e+00
6.598023e+00
6.580442e+00
6.548658e+00
6.500870e+00
6.438940e+00
6.363093e+00
6.273204e+00
6.167422e+00
6.050280e+00
5.919698e+00
5.773466e+00
5.615321e+00
5.446189e+00
5.263889e+00
5.068193e+00
4.863781e+00
4.648562e+00
4.420529e+00
4.183607e+00
3.939124e+00
3.684646e+00
3.419732e+00
3.149977e+00
2.874398e+00
2.588819e+00
2.298217e+00
2.006306e+00
1.707696e+00
1.400886e+00
1.096050e+00
7.919095e-01
4.767560e-01
1.652155e-01
-1.379320e-01
-4.604356e-01
-7.624098e-01
-1.071933e+00
-1.381530e+00
-1.682760e+00
-1.980239e+00
-2.277303e+00
-2.567160e+00
-2.849095e+00
-3.127697e+00
-3.398905e+00
-3.660783e+00
-3.914795e+00
-4.161861e+00
-4.398398e+00
-4.623650e+00
-4.840291e+00
-5.046683e+00
-5.239821e+00
-5.422289e+00
-5.592874e+00
-5.750553e+00
-5.894991e+00
-6.027081e+00
-6.145769e+00
-6.249552e+00
-6.339640e+00
-6.417083e+00
-6.479043e+00
-6.525391e+00
-6.558708e+00
-6.577555e+00
-6.580411e+00
-6.568728e+00
-6.543505e+00
-6.503012e+00
-6.447768e+00
-6.378793e+00
-6.295701e+00
-6.196928e+00
-6.085149e+00
-5.960844e+00
-5.821658e+00
-5.669317e+00
-5.505623e+00
-5.329630e+00
-5.140111e+00
-4.939523e+00
-4.730332e+00
-4.508556e+00
-4.275564e+00
-4.035066e+00
-3.786293e+00
-3.526240e+00
-3.258856e+00
-2.987468e+00
-2.706805e+00
-2.417768e+00
-2.127017e+00
-1.833051e+00
-1.529953e+00
-1.223578e+00
-9.215851e-01
-6.134961e-01
-2.927618e-01
