2,437286e-01
5,996946e-01
9,546793e-01
1,318862e+00
1,679673e+00
2,031720e+00
2,380897e+00
2,727230e+00
3,065750e+00
3,396232e+00
3,720734e+00
4,037552e+00
4,342657e+00
4,639651e+00
4,927446e+00
5,202838e+00
5,466081e+00
5,718089e+00
5,957917e+00
6,182572e+00
6,394258e+00
6,592889e+00
6,775049e+00
6,941905e+00
7,095259e+00
7,231253e+00
7,350409e+00
7,454660e+00
7,542221e+00
7,612603e+00
7,665247e+00
7,701972e+00
7,721108e+00
7,722449e+00
7,707233e+00
7,674917e+00
7,624857e+00
7,557034e+00
7,474267e+00
7,373557e+00
7,255823e+00
7,123121e+00
6,974544e+00
6,809830e+00
6,628987e+00
6,434896e+00
6,226911e+00
6,002697e+00
5,766341e+00
5,518346e+00
5,256568e+00
4,982288e+00
4,698400e+00
4,404462e+00
4,098065e+00
3,784153e+00
3,463664e+00
3,133511e+00
2,794600e+00
2,452230e+00
2,106586e+00
1,749775e+00
1,391449e+00
1,035949e+00
6,721076e-01
2,986269e-01
-3,394885e-02
-4,305715e-01
-7,844133e-01
-1,144646e+00
-1,508078e+00
-1,863100e+00
-2,212408e+00
-2,560883e+00
-2,902844e+00
-3,236283e+00
-3,563387e+00
-3,883808e+00
-4,193794e+00
-4,493992e+00
-4,785533e+00
-5,066732e+00
-5,334633e+00
-5,591815e+00
-5,837624e+00
-6,068533e+00
-6,286399e+00
-6,490521e+00
-6,680091e+00
-6,853642e+00
-7,012958e+00
-7,157523e+00
-7,284089e+00
-7,394581e+00
-7,489608e+00
-7,568251e+00
-7,628186e+00
-7,672097e+00
-7,699593e+00
-7,708698e+00
-7,700469e+00
-7,676277e+00
-7,634149e+00
-7,574667e+00
-7,498335e+00
-7,406513e+00
-7,296256e+00
-7,170225e+00
-7,029349e+00
-6,871753e+00
-6,698270e+00
-6,510483e+00
-6,309336e+00
-6,092116e+00
-5,861418e+00
-5,619242e+00
-5,364023e+00
-5,095476e+00
-4,815773e+00
-4,527401e+00
-4,227209e+00
-3,915974e+00
-3,598422e+00
-3,273691e+00
-2,938662e+00
-2,597944e+00
-2,254847e+00
-1,903632e+00
-1,544331e+00
-1,188421e+00
-8,314299e-01
-4,593591e-01
-1,232618e-01
2,769756e-01
6,301964e-01
9,863177e-01
1,349271e+00
1,708690e+00
2,059625e+00
2,408418e+00
2,753192e+00
3,090127e+00
3,419592e+00
3,742751e+00
4,057862e+00
4,361874e+00
4,657259e+00
4,943116e+00
5,217234e+00
5,478962e+00
5,729069e+00
5,966941e+00
6,190366e+00
6,400239e+00
6,596659e+00
6,777403e+00
6,943017e+00
7,094035e+00
7,229042e+00
7,346503e+00
7,448592e+00
7,534874e+00
7,602951e+00
7,653812e+00
7,688438e+00
7,706307e+00
7,705903e+00
7,689072e+00
7,655353e+00
7,603330e+00
7,534116e+00
7,450275e+00
7,348639e+00
7,229657e+00
7,095489e+00
6,945663e+00
6,779179e+00
6,597485e+00
6,402997e+00
6,193789e+00
5,968711e+00
5,732150e+00
5,483552e+00
5,221147e+00
4,946159e+00
4,662842e+00
4,368153e+00
4,061918e+00
3,747366e+00
3,426740e+00
3,096612e+00
2,757645e+00
2,416480e+00
2,070047e+00
1,713634e+00
1,355973e+00
1,000969e+00
6,369973e-01
2,653426e-01
-7,163045e-02
-4,622037e-01
-8,149213e-01
-1,174943e+00
-1,537412e+00
-1,891055e+00
-2,239574e+00
-2,586926e+00
-2,927246e+00
-3,259480e+00
-3,585261e+00
-3,904316e+00
-4,212967e+00
-4,511395e+00
-4,801799e+00
-5,081278e+00
-5,347595e+00
-5,603398e+00
-5,846741e+00
-6,076334e+00
-6,292728e+00
-6,494776e+00
-6,681985e+00
-6,854213e+00
-7,012095e+00
-7,153989e+00
-7,279326e+00
-7,388544e+00
-7,481708e+00
-7,558860e+00
-7,617100e+00
-7,659141e+00
-7,684631e+00
-7,692221e+00
-7,682395e+00
-7,656365e+00
-7,613168e+00
-7,551593e+00
-7,474274e+00
-7,381178e+00
-7,270171e+00
-7,142071e+00
-7,000170e+00
-6,842108e+00
-6,667072e+00
-6,478223e+00
-6,276412e+00
-6,058273e+00
-5,826717e+00
-5,583821e+00
-5,328416e+00
-5,058602e+00
-4,778843e+00
-4,490837e+00
-4,189397e+00
-3,878199e+00
-3,561852e+00
-3,235947e+00
-2,900782e+00
-2,560604e+00
-2,218488e+00
-1,866429e+00
-1,507885e+00
-1,153248e+00
-7,955681e-01
-4,244227e-01
-9,667285e-02
3,085395e-01
6,611951e-01
1,017298e+00
1,379319e+00
1,737186e+00
2,086947e+00
2,434286e+00
2,778278e+00
3,114083e+00
3,441087e+00
3,763701e+00
4,076538e+00
4,378892e+00
4,672978e+00
4,957755e+00
5,230134e+00
5,489751e+00
5,738833e+00
5,974860e+00
6,196111e+00
6,404835e+00
6,599448e+00
6,777869e+00
6,941961e+00
7,091433e+00
7,223899e+00
7,339882e+00
7,440300e+00
7,524588e+00
7,590852e+00
7,640384e+00
7,673880e+00
7,689786e+00
7,687780e+00
7,669302e+00
7,633863e+00
7,580623e+00
7,510694e+00
7,424748e+00
7,321845e+00
7,201167e+00
7,066310e+00
6,915559e+00
6,748584e+00
6,565673e+00
6,370265e+00
6,159759e+00
5,934377e+00
5,696822e+00
5,447690e+00
5,183950e+00
4,909086e+00
4,625154e+00
4,330465e+00
4,023367e+00
3,709368e+00
3,389456e+00
3,058017e+00
2,720075e+00
2,379630e+00
2,032875e+00
1,676238e+00
1,319825e+00
9,659148e-01
6,002909e-01
2,330583e-01
-1,098151e-01
-4,935315e-01
-8,455536e-01
-1,205482e+00
-1,566535e+00
-1,918706e+00
-2,266256e+00
-2,612260e+00
-2,951140e+00
-3,282101e+00
-3,606397e+00
-3,923737e+00
-4,230600e+00
-4,527811e+00
-4,816258e+00
-5,094004e+00
-5,358731e+00
-5,612627e+00
-5,854685e+00
-6,082259e+00
-6,296126e+00
-6,497223e+00
-6,682904e+00
-6,853089e+00
-7,008921e+00
-7,149573e+00
-7,272903e+00
-7,379818e+00
-7,472174e+00
-7,546426e+00
-7,602622e+00
-7,643583e+00
-7,668122e+00
-7,673414e+00
-7,662396e+00
-7,635465e+00
-7,590244e+00
-7,527352e+00
-7,449051e+00
-7,354372e+00
-7,241377e+00
-7,113084e+00
-6,970084e+00
-6,810271e+00
-6,634509e+00
-6,445343e+00
-6,242613e+00
-6,023454e+00
-5,791297e+00
-5,547580e+00
-5,291051e+00
-5,021373e+00
-4,741684e+00
-4,452752e+00
-4,150790e+00
-3,840524e+00
-3,523475e+00
-3,198104e+00
-2,863181e+00
-2,523407e+00
-2,181043e+00
-1,828809e+00
-1,471396e+00
-1,118113e+00
-7,600666e-01
-3,892751e-01
-6,458727e-02
3,399977e-01
6,918832e-01
1,047998e+00
1,409778e+00
1,765644e+00
2,113418e+00
2,459962e+00
2,802699e+00
3,136063e+00
3,462764e+00
3,783601e+00
4,095022e+00
4,395748e+00
4,688338e+00
4,971108e+00
5,241190e+00
5,499769e+00
5,746889e+00
5,980636e+00
6,200670e+00
6,407071e+00
6,599690e+00
6,776689e+00
6,939141e+00
7,085974e+00
7,217328e+00
7,331330e+00
7,430549e+00
7,512396e+00
7,577157e+00
7,624845e+00
7,656614e+00
7,670743e+00
7,667296e+00
7,647893e+00
7,610970e+00
7,555829e+00
7,484428e+00
7,397463e+00
7,293033e+00
7,171281e+00
7,035895e+00
6,883579e+00
6,715288e+00
6,532004e+00
6,335609e+00
6,124344e+00
5,897901e+00
5,660538e+00
5,410325e+00
5,146082e+00
4,871144e+00
4,586963e+00
4,291802e+00
3,984859e+00
3,671053e+00
3,350439e+00
3,019572e+00
2,682226e+00
2,342209e+00
1,995287e+00
1,639407e+00
1,284150e+00
9,311089e-01
5,647458e-01
2,036558e-01
-1,505836e-01
-5,246792e-01
-8,756765e-01
-1,235841e+00
-1,595739e+00
-1,945916e+00
-2,292261e+00
-2,636917e+00
-2,974499e+00
-3,303125e+00
-3,626632e+00
-3,942358e+00
-4,247270e+00
-4,542903e+00
-4,830555e+00
-5,105978e+00
-5,368861e+00
-5,621273e+00
-5,861045e+00
-6,086917e+00
-6,298890e+00
-6,498080e+00
-6,681612e+00
-6,850077e+00
-7,004443e+00
-7,142977e+00
-7,264469e+00
-7,369825e+00
-7,459902e+00
-7,532408e+00
-7,587840e+00
-7,626671e+00
-7,649235e+00
-7,653514e+00
-7,640707e+00
-7,611578e+00
-7,565444e+00
-7,501161e+00
-7,421624e+00
-7,325187e+00
-7,211422e+00
-7,081645e+00
-6,937440e+00
-6,777111e+00
-6,600398e+00
-6,410121e+00
-6,206620e+00
-5,986450e+00
-5,754174e+00
-5,510476e+00
-5,253314e+00
-4,982686e+00
-4,703399e+00
-4,413791e+00
-4,112090e+00
-3,801575e+00
-3,485023e+00
-3,159634e+00
-2,824195e+00
-2,485371e+00
-2,143628e+00
-1,791407e+00
-1,435311e+00
-1,083270e+00
-7,252171e-01
-3,545064e-01
-2,966953e-02
3,713566e-01
7,223788e-01
1,077891e+00
1,439006e+00
1,792649e+00
2,139535e+00
2,485284e+00
2,826276e+00
3,157845e+00
3,483527e+00
3,802904e+00
4,112580e+00
4,411182e+00
4,702014e+00
4,983350e+00
5,250798e+00
5,507682e+00
5,753398e+00
5,985139e+00
6,203322e+00
6,408351e+00
6,599069e+00
6,773894e+00
6,934670e+00
7,080340e+00
7,209198e+00
7,321318e+00
7,418531e+00
7,499260e+00
7,561375e+00
7,608150e+00
7,638248e+00
7,650322e+00
7,645502e+00
7,624112e+00
7,585784e+00
7,529669e+00
7,457218e+00
7,368471e+00
7,262190e+00
7,140505e+00
7,002791e+00
6,850518e+00
6,680631e+00
6,496310e+00
6,299442e+00
6,087334e+00
5,860393e+00
5,622093e+00
5,371271e+00
5,107407e+00
4,832145e+00
4,548226e+00
4,252748e+00
3,945836e+00
3,632241e+00
3,311882e+00
2,980716e+00
2,643749e+00
2,303882e+00
1,957816e+00
1,602036e+00
1,248660e+00
8,959365e-01
5,290641e-01
1,741167e-01
-1,914886e-01
-5,545723e-01
-9,060292e-01
-1,265473e+00
-1,623172e+00
-1,972250e+00
-2,317304e+00
-2,660705e+00
-2,996610e+00
-3,324124e+00
-3,645793e+00
-3,959686e+00
-4,263133e+00
-4,557120e+00
-4,842418e+00
-5,116034e+00
-5,377457e+00
-5,627993e+00
-5,865796e+00
-6,089774e+00
-6,300076e+00
-6,497372e+00
-6,679084e+00
-6,846015e+00
-6,998083e+00
-7,134742e+00
-7,254712e+00
-7,357999e+00
-7,446809e+00
-7,517148e+00
-7,570953e+00
-7,608647e+00
-7,628938e+00
-7,631304e+00
-7,617075e+00
-7,586660e+00
-7,538774e+00
-7,473305e+00
-7,392271e+00
-7,294729e+00
-7,179783e+00
-7,049081e+00
-6,903994e+00
-6,742386e+00
-6,564487e+00
-6,373986e+00
-6,168945e+00
-5,948762e+00
-5,716107e+00
-5,471609e+00
-5,213849e+00
-4,943277e+00
-4,663886e+00
-4,373824e+00
-4,072023e+00
-3,762130e+00
-3,445497e+00
-3,120480e+00
-2,785321e+00
-2,447509e+00
-2,105505e+00
-1,753986e+00
-1,398753e+00
-1,047439e+00
-6,894733e-01
-3,199179e-01
7,614578e-03
4,031441e-01
7,521414e-01
1,107772e+00
1,467620e+00
1,819288e+00
2,165105e+00
2,509451e+00
2,848616e+00
3,178931e+00
3,502638e+00
3,820146e+00
4,127331e+00
4,424890e+00
4,714846e+00
4,993449e+00
5,259661e+00
5,515091e+00
5,758279e+00
5,988549e+00
6,204881e+00
6,407326e+00
6,596169e+00
6,769372e+00
6,928235e+00
7,071695e+00
7,198894e+00
7,309424e+00
7,404674e+00
7,483975e+00
7,544569e+00
7,589399e+00
7,617982e+00
7,628565e+00
7,621839e+00
7,598945e+00
7,559363e+00
7,501627e+00
7,427450e+00
7,338044e+00
7,231079e+00
7,107091e+00
6,969426e+00
6,815141e+00
6,644862e+00
6,460057e+00
6,262394e+00
6,049254e+00
5,821761e+00
5,583647e+00
5,332683e+00
5,067912e+00
4,792172e+00
4,508172e+00
4,212166e+00
3,905074e+00
3,592379e+00
3,272126e+00
2,941041e+00
2,604931e+00
2,266318e+00
1,919992e+00
1,564672e+00
1,212494e+00
8,601057e-01
4,934011e-01
1,469005e-01
-2,322571e-01
-5,851424e-01
-9,359969e-01
-1,295043e+00
-1,650860e+00
-1,998038e+00
-2,342029e+00
-2,684530e+00
-3,017541e+00
-3,343601e+00
-3,663867e+00
-3,975574e+00
-4,277082e+00
-4,569554e+00
-4,853486e+00
-5,124860e+00
-5,384097e+00
-5,633409e+00
-5,869237e+00
-6,091135e+00
-6,299709e+00
-6,495260e+00
-6,674873e+00
-6,839643e+00
-6,990406e+00
-7,124873e+00
-7,242749e+00
-7,344459e+00
-7,431108e+00
-7,499943e+00
-7,551904e+00
-7,587480e+00
-7,606616e+00
-7,607560e+00
-7,592113e+00
-7,560202e+00
-7,510949e+00
-7,444281e+00
-7,361719e+00
-7,263196e+00
-7,147014e+00
-7,015269e+00
-6,868828e+00
-6,706133e+00
-6,527675e+00
-6,336509e+00
-6,131096e+00
-5,909993e+00
-5,675985e+00
-5,432138e+00
-5,174137e+00
-4,903372e+00
-4,623682e+00
-4,333732e+00
-4,031795e+00
-3,721759e+00
-3,406170e+00
-3,080147e+00
-2,746068e+00
-2,409126e+00
-2,067016e+00
-1,715820e+00
-1,361860e+00
-1,012285e+00
-6,534563e-01
-2,868199e-01
4,438318e-02
4,343663e-01
7,819352e-01
1,137063e+00
1,495594e+00
1,845753e+00
2,190402e+00
2,533040e+00
2,870646e+00
3,199185e+00
3,521109e+00
3,836810e+00
4,142858e+00
4,438367e+00
4,725895e+00
5,003610e+00
5,267369e+00
5,520128e+00
5,762230e+00
5,990108e+00
6,204285e+00
6,405550e+00
6,592250e+00
6,763106e+00
6,920291e+00
7,062180e+00
7,187783e+00
7,295816e+00
7,390072e+00
7,466671e+00
7,525539e+00
7,568388e+00
7,595958e+00
7,604194e+00
7,596256e+00
7,572046e+00
7,531085e+00
7,471379e+00
7,397053e+00
7,305952e+00
7,197534e+00
7,072788e+00
6,933937e+00
6,779496e+00
6,607373e+00
6,422331e+00
6,224067e+00
6,009877e+00
5,782353e+00
5,543680e+00
5,291834e+00
5,026858e+00
4,751534e+00
4,467515e+00
4,171367e+00
3,864852e+00
3,552325e+00
3,232115e+00
2,901365e+00
2,565809e+00
2,228047e+00
1,881217e+00
1,527481e+00
1,176881e+00
8,245420e-01
4,582721e-01
1,201377e-01
-2,666904e-01
-6,150915e-01
-9,658341e-01
-1,323595e+00
-1,677729e+00
-2,022956e+00
-2,366103e+00
-2,706523e+00
-3,038366e+00
-3,362060e+00
-3,681319e+00
-3,991120e+00
-4,290864e+00
-4,581510e+00
-4,863393e+00
-5,133008e+00
-5,390718e+00
-5,637241e+00
-5,871330e+00
-6,091141e+00
-6,297989e+00
-6,491620e+00
-6,669321e+00
-6,831922e+00
-6,980711e+00
-7,113438e+00
-7,228856e+00
-7,328976e+00
-7,414282e+00
-7,481205e+00
-7,530899e+00
-7,565437e+00
-7,582822e+00
-7,582151e+00
-7,565226e+00
-7,532029e+00
-7,480603e+00
-7,412438e+00
-7,329435e+00
-7,229613e+00
-7,111662e+00
-6,979618e+00
-6,832705e+00
-6,668184e+00
-6,489428e+00
-6,297542e+00
-6,091427e+00
-5,869455e+00
-5,636347e+00
-5,391221e+00
-5,132437e+00
-4,862026e+00
-4,582585e+00
-4,292473e+00
-3,990567e+00
-3,680841e+00
-3,365432e+00
-3,039658e+00
-2,706001e+00
-2,370214e+00
-2,028999e+00
-1,677847e+00
-1,325229e+00
-9,770199e-01
-6,175820e-01
-2,554610e-01
8,277282e-02
4,646508e-01
8,111575e-01
1,166378e+00
1,522872e+00
1,870894e+00
2,214364e+00
2,556262e+00
2,891546e+00
3,217998e+00
3,538816e+00
3,852722e+00
4,156516e+00
4,450367e+00
4,736479e+00
5,011380e+00
5,273139e+00
5,524799e+00
5,764484e+00
5,990630e+00
6,202919e+00
6,402196e+00
6,586741e+00
6,756118e+00
6,911310e+00
7,050913e+00
7,174069e+00
7,280909e+00
7,372912e+00
7,448064e+00
7,505198e+00
7,547121e+00
7,571866e+00
7,579511e+00
7,569624e+00
7,543892e+00
7,501204e+00
7,440660e+00
7,364539e+00
7,272444e+00
7,162734e+00
7,037001e+00
6,896901e+00
6,741355e+00
6,569064e+00
6,383041e+00
6,183888e+00
5,969568e+00
5,740963e+00
5,502402e+00
5,250481e+00
4,985021e+00
4,710263e+00
4,425846e+00
4,129511e+00
3,823009e+00
3,511352e+00
3,191496e+00
2,861026e+00
2,526170e+00
2,189508e+00
1,842914e+00
1,490495e+00
1,140938e+00
7,892765e-01
4,225097e-01
9,575984e-02
-2,978816e-01
-6,449908e-01
-9,946279e-01
-1,351706e+00
-1,703740e+00
-2,047638e+00
-2,389450e+00
-2,727503e+00
-3,057812e+00
-3,380239e+00
-3,697455e+00
-4,005256e+00
-4,302951e+00
-4,591864e+00
-4,872193e+00
-5,139393e+00
-5,394854e+00
-5,640322e+00
-5,871815e+00
-6,089675e+00
-6,294772e+00
-6,485894e+00
-6,661781e+00
-6,822761e+00
-6,970022e+00
-7,100408e+00
-7,214092e+00
-7,312809e+00
-7,395258e+00
-7,460777e+00
-7,509570e+00
-7,542277e+00
-7,557444e+00
-7,555332e+00
-7,536892e+00
-7,502061e+00
-7,449591e+00
-7,380309e+00
-7,296238e+00
-7,194317e+00
-7,076024e+00
-6,942930e+00
-6,794533e+00
-6,629801e+00
-6,449970e+00
-6,257606e+00
-6,050832e+00
-5,828612e+00
-5,594498e+00
-5,349285e+00
-5,090327e+00
-4,819792e+00
-4,540170e+00
-4,250258e+00
-3,948525e+00
-3,639688e+00
-3,324534e+00
-2,998920e+00
-2,666270e+00
-2,331086e+00
-1,990585e+00
-1,639451e+00
-1,289149e+00
-9,413382e-01
-5,815091e-01
-2,236798e-01
1,223177e-01
4,949724e-01
8,404544e-01
1,195259e+00
1,549697e+00
1,896378e+00
2,237475e+00
2,577851e+00
2,911334e+00
3,236115e+00
3,555455e+00
3,867976e+00
4,169292e+00
4,461099e+00
4,744907e+00
5,017970e+00
5,278201e+00
5,527457e+00
5,765720e+00
5,989667e+00
6,199919e+00
6,396730e+00
6,579418e+00
6,746554e+00
6,900317e+00
7,038299e+00
7,159095e+00
7,264637e+00
7,355006e+00
7,427437e+00
7,483168e+00
7,523396e+00
7,546761e+00
7,552258e+00
7,541339e+00
7,514259e+00
7,469746e+00
7,407960e+00
7,330826e+00
7,237532e+00
7,126363e+00
6,999946e+00
6,859288e+00
6,702071e+00
6,529321e+00
6,343211e+00
6,143213e+00
5,928080e+00
5,699356e+00
5,460317e+00
5,207794e+00
4,942774e+00
4,667885e+00
4,383308e+00
4,086892e+00
3,781439e+00
3,469894e+00
3,150081e+00
2,820388e+00
2,486501e+00
2,150112e+00
1,804307e+00
1,452962e+00
1,105014e+00
7,532780e-01
3,874740e-01
6,863679e-02
-3,290603e-01
-6,743684e-01
-1,023478e+00
-1,379785e+00
-1,729006e+00
-2,071507e+00
-2,412188e+00
-2,748738e+00
-3,076321e+00
-3,397232e+00
-3,712548e+00
-4,018485e+00
-4,314286e+00
-4,601584e+00
-4,878746e+00
-5,144293e+00
-5,398705e+00
-5,641315e+00
-5,871250e+00
-6,087321e+00
-6,289865e+00
-6,479050e+00
-6,652607e+00
-6,812228e+00
-6,957457e+00
-7,085868e+00
-7,197559e+00
-7,294163e+00
-7,375520e+00
-7,438934e+00
-7,485776e+00
-7,516843e+00
-7,530749e+00
-7,527060e+00
-7,506993e+00
-7,471212e+00
-7,417289e+00
-7,346534e+00
-7,261041e+00
-7,158517e+00
-7,038820e+00
-6,904857e+00
-6,755590e+00
-6,589815e+00
-6,409630e+00
-6,217216e+00
-6,008896e+00
-5,786402e+00
-5,552841e+00
-5,307299e+00
-5,047782e+00
-4,777477e+00
-4,497961e+00
-4,207887e+00
-3,906440e+00
-3,597882e+00
-3,282964e+00
-2,957934e+00
-2,625974e+00
-2,291522e+00
-1,950866e+00
-1,601446e+00
-1,252493e+00
-9,052529e-01
-5,465230e-01
-1,946872e-01
1,628377e-01
5,243500e-01
8,696146e-01
1,223519e+00
1,576361e+00
1,920843e+00
2,260778e+00
2,599919e+00
2,931259e+00
3,254077e+00
3,571492e+00
3,881423e+00
4,180453e+00
4,471323e+00
4,753199e+00
5,023914e+00
5,281933e+00
5,529774e+00
5,765354e+00
5,986934e+00
6,195478e+00
6,390519e+00
6,571201e+00
6,736219e+00
6,888144e+00
7,023840e+00
7,142897e+00
7,246302e+00
7,334913e+00
7,405867e+00
7,460206e+00
7,498242e+00
7,519508e+00
7,523644e+00
7,511073e+00
7,482919e+00
7,436996e+00
7,374526e+00
7,295760e+00
7,201136e+00
7,089085e+00
6,961600e+00
6,819793e+00
6,662222e+00
6,488465e+00
6,301349e+00
6,101699e+00
5,885653e+00
5,656799e+00
5,417487e+00
5,165038e+00
4,899273e+00
4,624713e+00
4,340223e+00
4,044055e+00
3,739174e+00
3,428343e+00
3,108785e+00
2,779309e+00
2,446795e+00
2,110847e+00
1,765539e+00
1,415498e+00
1,069028e+00
7,178386e-01
3,522084e-01
3,577485e-02
-3,592267e-01
-7,031249e-01
-1,051818e+00
-1,406747e+00
-1,753868e+00
-2,095040e+00
-2,433684e+00
-2,768750e+00
-3,094289e+00
-3,413579e+00
-3,727535e+00
-4,030795e+00
-4,324677e+00
-4,609416e+00
-4,886193e+00
-5,149250e+00
-5,401028e+00
-5,641775e+00
-5,869542e+00
-6,083445e+00
-6,284002e+00
-6,471435e+00
-6,642769e+00
-6,800483e+00
-6,943694e+00
-7,069608e+00
-7,179920e+00
-7,274941e+00
-7,353900e+00
-7,415233e+00
-7,460790e+00
-7,490652e+00
-7,502279e+00
-7,496999e+00
-7,475839e+00
-7,438381e+00
-7,382514e+00
-7,311188e+00
-7,224514e+00
-7,120556e+00
-7,000157e+00
-6,865089e+00
-6,715493e+00
-6,548860e+00
-6,367893e+00
-6,174355e+00
-5,966084e+00
-5,743069e+00
-5,509365e+00
-5,263841e+00
-5,004275e+00
-4,733442e+00
-4,454565e+00
-4,164286e+00
-3,862976e+00
-3,555642e+00
-3,241475e+00
-2,916651e+00
-2,584951e+00
-2,252462e+00
-1,912514e+00
-1,563516e+00
-1,216239e+00
-8,695463e-01
-5,112512e-01
-1,664524e-01
2,025378e-01
5,532308e-01
8,978991e-01
1,250791e+00
1,601651e+00
1,944810e+00
2,283113e+00
2,619992e+00
2,949301e+00
3,270356e+00
3,586094e+00
3,893857e+00
4,191912e+00
4,479925e+00
4,760161e+00
5,028690e+00
5,284747e+00
5,530233e+00
5,763913e+00
5,983785e+00
6,189683e+00
6,383370e+00
6,561735e+00
6,724586e+00
6,874175e+00
7,008294e+00
7,125487e+00
7,226738e+00
7,313554e+00
7,382787e+00
7,434841e+00
7,471969e+00
7,492000e+00
7,493857e+00
7,480230e+00
7,450672e+00
7,403544e+00
7,338652e+00
7,259569e+00
7,163660e+00
7,050050e+00
6,922192e+00
6,779900e+00
6,620894e+00
6,446113e+00
6,259258e+00
6,058304e+00
5,842027e+00
5,613317e+00
5,373849e+00
5,120531e+00
4,855368e+00
4,580982e+00
4,296740e+00
4,000784e+00
3,696468e+00
3,386071e+00
3,066458e+00
2,738372e+00
2,406741e+00
2,071339e+00
1,725988e+00
1,377934e+00
1,033937e+00
6,820203e-01
3,186695e-01
8,695277e-04
-3,899583e-01
-7,317013e-01
-1,080152e+00
-1,432839e+00
-1,778252e+00
-2,117157e+00
-2,454875e+00
-2,787700e+00
-3,111127e+00
-3,429063e+00
-3,740640e+00
-4,041999e+00
-4,333614e+00
-4,617341e+00
-4,890894e+00
-5,151709e+00
-5,401239e+00
-5,640862e+00
-5,866008e+00
-6,077806e+00
-6,276891e+00
-6,461622e+00
-6,631397e+00
-6,786837e+00
-6,928024e+00
-7,052646e+00
-7,160362e+00
-7,253948e+00
-7,331156e+00
-7,390793e+00
-7,434021e+00
-7,462405e+00
-7,472590e+00
-7,465609e+00
-7,443436e+00
-7,404438e+00
-7,347540e+00
-7,274947e+00
-7,187013e+00
-7,081800e+00
-6,960414e+00
-6,825109e+00
-6,674184e+00
-6,506061e+00
-6,325646e+00
-6,131412e+00
-5,922235e+00
-5,699282e+00
-5,465391e+00
-5,219663e+00
-4,959388e+00
-4,689555e+00
-4,411275e+00
-4,120263e+00
-3,819785e+00
-3,512861e+00
-3,198713e+00
-2,874485e+00
-2,544704e+00
-2,212793e+00
-1,872385e+00
-1,525121e+00
-1,179701e+00
-8,341752e-01
-4,751845e-01
-1,403604e-01
2,393996e-01
5,830369e-01
9,261898e-01
1,278293e+00
1,627327e+00
1,967263e+00
2,304671e+00
2,639967e+00
2,967033e+00
3,286169e+00
3,600385e+00
3,906123e+00
4,201142e+00
4,487763e+00
4,766595e+00
5,032087e+00
5,286051e+00
5,529854e+00
5,760894e+00
5,978444e+00
6,182590e+00
6,373899e+00
6,550196e+00
6,711623e+00
6,859679e+00
6,990878e+00
7,106364e+00
7,206527e+00
7,290928e+00
7,358322e+00
7,408749e+00
7,444393e+00
7,461964e+00
7,462933e+00
7,447958e+00
7,416667e+00
7,367875e+00
7,302250e+00
7,221831e+00
7,124779e+00
7,010716e+00
6,881951e+00
6,738324e+00
6,578542e+00
6,404022e+00
6,216334e+00
6,014653e+00
5,798029e+00
5,569250e+00
5,329540e+00
5,076508e+00
4,811146e+00
4,536841e+00
4,252643e+00
3,957071e+00
3,653196e+00
3,343458e+00
3,024230e+00
2,696666e+00
2,366662e+00
2,032266e+00
1,686958e+00
1,340153e+00
9,979631e-01
6,461150e-01
2,859380e-01
-3,529661e-02
-4,197769e-01
-7,603336e-01
-1,108375e+00
-1,459154e+00
-1,802543e+00
-2,139846e+00
-2,475570e+00
-2,806214e+00
-3,127573e+00
-3,443572e+00
-3,753341e+00
-4,052359e+00
-4,342309e+00
-4,623869e+00
-4,895118e+00
-5,153672e+00
-5,401984e+00
-5,638781e+00
-5,861362e+00
-6,071576e+00
-6,268798e+00
-6,451274e+00
-6,618404e+00
-6,772037e+00
-6,911726e+00
-7,033510e+00
-7,139934e+00
-7,231893e+00
-7,306964e+00
-7,364570e+00
-7,406966e+00
-7,433182e+00
-7,441617e+00
-7,433785e+00
-7,409786e+00
-7,369396e+00
-7,311262e+00
-7,237874e+00
-7,148300e+00
-7,041932e+00
-6,920080e+00
-6,783465e+00
-6,631546e+00
-6,463858e+00
-6,282213e+00
-6,087538e+00
-5,878057e+00
-5,654663e+00
-5,421021e+00
-5,174640e+00
-4,915179e+00
-4,645054e+00
-4,366619e+00
-4,076818e+00
-3,775874e+00
-3,470018e+00
-3,156354e+00
-2,832226e+00
-2,503588e+00
-2,172552e+00
-1,833300e+00
-1,486830e+00
-1,142777e+00
-7,986736e-01
-4,396705e-01
-1,160385e-01
2,706591e-01
6,114394e-01
9,543315e-01
1,305677e+00
1,651941e+00
1,990156e+00
2,326241e+00
2,659339e+00
2,984138e+00
3,301702e+00
3,613738e+00
3,917148e+00
4,210166e+00
4,494936e+00
4,770763e+00
5,034547e+00
5,286865e+00
5,528445e+00
5,757379e+00
5,972692e+00
6,175131e+00
6,364266e+00
6,538072e+00
6,697655e+00
6,843077e+00
6,972829e+00
7,086321e+00
7,184118e+00
7,267059e+00
7,332472e+00
7,381184e+00
7,415227e+00
7,431586e+00
7,430667e+00
7,414003e+00
7,381582e+00
7,331131e+00
7,264494e+00
7,183255e+00
7,084731e+00
6,969699e+00
6,840667e+00
6,696059e+00
6,535333e+00
6,359707e+00
6,171932e+00
5,969854e+00
5,752752e+00
5,524178e+00
5,284418e+00
5,031249e+00
4,766241e+00
4,492433e+00
4,208266e+00
3,913017e+00
3,609900e+00
3,299963e+00
2,981797e+00
2,655357e+00
2,326241e+00
1,992355e+00
1,648221e+00
1,303683e+00
9,619709e-01
6,105886e-01
2,526599e-01
-7,169877e-02
-4,483161e-01
-7,885125e-01
-1,135839e+00
-1,484712e+00
-1,825306e+00
-2,161373e+00
-2,495743e+00
-2,823791e+00
-3,143492e+00
-3,457584e+00
-3,764924e+00
-4,061645e+00
-4,349663e+00
-4,629018e+00
-4,898571e+00
-5,154796e+00
-5,400823e+00
-5,635539e+00
-5,856095e+00
-6,064359e+00
-6,259102e+00
-6,439865e+00
-6,604895e+00
-6,757100e+00
-6,893522e+00
-7,013865e+00
-7,118823e+00
-7,208285e+00
-7,281561e+00
-7,337770e+00
-7,377967e+00
-7,402718e+00
-7,409891e+00
-7,400066e+00
-7,374675e+00
-7,333199e+00
-7,273394e+00
-7,198472e+00
-7,108786e+00
-7,000921e+00
-6,877802e+00
-6,741162e+00
-6,588349e+00
-6,419568e+00
-6,237650e+00
-6,043019e+00
-5,832593e+00
-5,609211e+00
-5,375538e+00
-5,128884e+00
-4,868945e+00
-4,599932e+00
-4,321484e+00
-4,031627e+00
-3,731646e+00
-3,426945e+00
-3,113387e+00
-2,790271e+00
-2,463161e+00
-2,132908e+00
-1,793916e+00
-1,449000e+00
-1,107294e+00
-7,634329e-01
-4,042310e-01
-9,079732e-02
3,005088e-01
6,396308e-01
9,816843e-01
1,331508e+00
1,675462e+00
2,012503e+00
2,346532e+00
2,677406e+00
3,000572e+00
3,315751e+00
3,626278e+00
3,927445e+00
4,218172e+00
4,501365e+00
4,774657e+00
5,036354e+00
5,286474e+00
5,526221e+00
5,752323e+00
5,965693e+00
6,165771e+00
6,353223e+00
6,524383e+00
6,682581e+00
6,826066e+00
6,953476e+00
7,065012e+00
7,161256e+00
7,241880e+00
7,305678e+00
7,352875e+00
7,385166e+00
7,399854e+00
7,397314e+00
7,379663e+00
7,345528e+00
7,294126e+00
7,226452e+00
7,143431e+00
7,044087e+00
6,927999e+00
6,797725e+00
6,652545e+00
6,491285e+00
6,315411e+00
6,127121e+00
5,924365e+00
5,707275e+00
5,478745e+00
5,238556e+00
4,984971e+00
4,719902e+00
4,446827e+00
4,163404e+00
3,867696e+00
3,565374e+00
3,257195e+00
2,939364e+00
2,612931e+00
2,286349e+00
1,952649e+00
1,609614e+00
1,266834e+00
9,261526e-01
5,750559e-01
2,213259e-01
-1,082065e-01
-4,776067e-01
-8,159710e-01
-1,162422e+00
-1,509699e+00
-1,848380e+00
-2,182272e+00
-2,514773e+00
-2,841057e+00
-3,158951e+00
-3,470608e+00
-3,775955e+00
-4,070321e+00
-4,356023e+00
-4,633607e+00
-4,900726e+00
-5,154709e+00
-5,398655e+00
-5,631167e+00
-5,850064e+00
-6,055770e+00
-6,248233e+00
-6,427108e+00
-6,589964e+00
-6,739970e+00
-6,874945e+00
-6,992785e+00
-7,095632e+00
-7,183895e+00
-7,254935e+00
-7,309343e+00
-7,348006e+00
-7,371328e+00
-7,376011e+00
-7,365365e+00
-7,339106e+00
-7,295902e+00
-7,235209e+00
-7,159343e+00
-7,067875e+00
-6,959010e+00
-6,835724e+00
-6,697910e+00
-6,544078e+00
-6,374787e+00
-6,192422e+00
-5,997505e+00
-5,786334e+00
-5,563741e+00
-5,329733e+00
-5,082451e+00
-4,823494e+00
-4,554108e+00
-4,276548e+00
-3,986747e+00
-3,687487e+00
-3,383283e+00
-3,070358e+00
-2,747943e+00
-2,421572e+00
-2,092835e+00
-1,754427e+00
-1,410703e+00
-1,071475e+00
-7,274344e-01
-3,703132e-01
-5,978624e-02
3,308367e-01
6,674681e-01
1,009621e+00
1,357550e+00
1,699057e+00
2,033912e+00
2,366724e+00
2,695567e+00
3,015920e+00
3,329645e+00
3,637657e+00
3,936520e+00
4,225507e+00
4,506048e+00
4,777558e+00
5,036956e+00
5,285064e+00
5,522339e+00
5,746721e+00
5,957383e+00
6,155318e+00
6,340174e+00
6,510278e+00
6,665576e+00
6,807557e+00
6,932962e+00
7,042031e+00
7,137282e+00
7,216080e+00
7,277767e+00
7,323125e+00
7,353422e+00
7,366694e+00
7,362968e+00
7,343807e+00
7,308442e+00
7,254997e+00
7,186479e+00
7,103240e+00
7,002151e+00
6,885100e+00
6,754503e+00
6,608876e+00
6,446511e+00
6,270282e+00
6,081669e+00
5,878243e+00
5,660687e+00
5,432604e+00
5,192670e+00
4,938849e+00
4,674575e+00
4,401698e+00
4,117561e+00
3,823338e+00
3,521811e+00
3,214122e+00
2,896391e+00
2,571709e+00
2,245947e+00
1,912613e+00
1,570820e+00
1,229966e+00
8,907752e-01
5,392065e-01
1,915818e-01
-1,467390e-01
-5,066800e-01
-8,435599e-01
-1,189309e+00
-1,534462e+00
-1,870497e+00
-2,202868e+00
-2,533773e+00
-2,857119e+00
-3,172509e+00
-3,483173e+00
-3,785787e+00
-4,078215e+00
-4,362048e+00
-4,637558e+00
-4,902000e+00
-5,154349e+00
-5,396009e+00
-5,626105e+00
-5,842394e+00
-6,045938e+00
-6,236818e+00
-6,413028e+00
-6,574145e+00
-6,721853e+00
-6,854623e+00
-6,970774e+00
-7,072036e+00
-7,158070e+00
-7,227297e+00
-7,279847e+00
-7,317641e+00
-7,338919e+00
-7,342354e+00
-7,329858e+00
-7,302107e+00
-7,257513e+00
-7,195286e+00
-7,118606e+00
-7,026262e+00
-6,916410e+00
-6,792129e+00
-6,653477e+00
-6,499179e+00
-6,329317e+00
-6,146778e+00
-5,951433e+00
-5,739901e+00
-5,517017e+00
-5,283207e+00
-5,036087e+00
-4,776955e+00
-4,508346e+00
-4,231029e+00
-3,941097e+00
-3,643215e+00
-3,339670e+00
-3,027143e+00
-2,705616e+00
-2,380829e+00
-2,052868e+00
-1,715137e+00
-1,372829e+00
-1,035278e+00
-6,919329e-01
-3,367494e-01
-2,514798e-02
3,598168e-01
6,954731e-01
1,036583e+00
1,382804e+00
1,722323e+00
2,054706e+00
2,385978e+00
2,713044e+00
3,030956e+00
3,342700e+00
3,648923e+00
3,944973e+00
4,231718e+00
4,510662e+00
4,779787e+00
5,036621e+00
5,282486e+00
5,518271e+00
5,739957e+00
5,948631e+00
6,145263e+00
6,327683e+00
6,494881e+00
6,648632e+00
6,788459e+00
6,911099e+00
7,018927e+00
7,111948e+00
7,188907e+00
7,248246e+00
7,292673e+00
7,321131e+00
7,332926e+00
7,328212e+00
7,307324e+00
7,270102e+00
7,215943e+00
7,146282e+00
7,061124e+00
6,959569e+00
6,841903e+00
6,710443e+00
6,563537e+00
6,400581e+00
6,224328e+00
6,035479e+00
5,832077e+00
5,614186e+00
5,385854e+00
5,145741e+00
4,892019e+00
4,628129e+00
4,355725e+00
4,072191e+00
3,778042e+00
3,477514e+00
3,170826e+00
2,853374e+00
2,530108e+00
2,205302e+00
1,872981e+00
1,531934e+00
1,192818e+00
8,556277e-01
5,038727e-01
1,639246e-01
-1,864143e-01
-5,347782e-01
-8,705773e-01
-1,215612e+00
-1,558187e+00
-1,891670e+00
-2,222879e+00
-2,551617e+00
-2,872913e+00
-3,186477e+00
-3,494806e+00
-3,795507e+00
-4,085581e+00
-4,366874e+00
-4,640557e+00
-4,902788e+00
-5,152032e+00
-5,391792e+00
-5,619993e+00
-5,834804e+00
-6,035963e+00
-6,224408e+00
-6,398569e+00
-6,557338e+00
-6,703189e+00
-6,833860e+00
-6,948278e+00
-7,047193e+00
-7,131388e+00
-7,198764e+00
-7,249898e+00
-7,285903e+00
-7,305157e+00
-7,307070e+00
-7,293747e+00
-7,264208e+00
-7,218322e+00
-7,154983e+00
-7,077527e+00
-6,983804e+00
-6,873126e+00
-6,748125e+00
-6,608771e+00
-6,453510e+00
-6,283598e+00
-6,100811e+00
-5,904354e+00
-5,693226e+00
-5,470006e+00
-5,236010e+00
-4,989170e+00
-4,730007e+00
-4,461988e+00
-4,184689e+00
-3,895472e+00
-3,598596e+00
-3,295808e+00
-2,984101e+00
-2,663382e+00
-2,339682e+00
-2,012901e+00
-1,675698e+00
-1,335744e+00
-9,997954e-01
-6,566052e-01
-3,031857e-01
9,763554e-03
3,893000e-01
7,237886e-01
1,062948e+00
1,407418e+00
1,744266e+00
2,074805e+00
2,404884e+00
2,729261e+00
3,044844e+00
3,354930e+00
3,658252e+00
3,953127e+00
4,237538e+00
4,514830e+00
4,780769e+00
5,035516e+00
5,279834e+00
5,512352e+00
5,732094e+00
5,939036e+00
6,133015e+00
6,313187e+00
6,478733e+00
6,630186e+00
6,768043e+00
6,889175e+00
6,994766e+00
7,085607e+00
7,160927e+00
7,219061e+00
7,261047e+00
7,288561e+00
7,298604e+00
7,291431e+00
7,269332e+00
7,231172e+00
7,176342e+00
7,105141e+00
7,018945e+00
6,916496e+00
6,797644e+00
6,665439e+00
6,518085e+00
6,354757e+00
6,177982e+00
5,988754e+00
5,784682e+00
5,566561e+00
5,338409e+00
5,098488e+00
4,845331e+00
4,581305e+00
4,309671e+00
4,026255e+00
3,732267e+00
3,433100e+00
3,126741e+00
2,809879e+00
2,488365e+00
2,164702e+00
1,833182e+00
1,493880e+00
1,156776e+00
8,201261e-01
4,691288e-01
1,379568e-01
-2,255120e-01
-5,625161e-01
-8,974519e-01
-1,241133e+00
-1,581385e+00
-1,913042e+00
-2,242413e+00
-2,569026e+00
-2,888012e+00
-3,199421e+00
-3,506035e+00
-3,803842e+00
-4,091910e+00
-4,371805e+00
-4,642408e+00
-4,901894e+00
-5,149902e+00
-5,387451e+00
-5,613062e+00
-5,824997e+00
-6,024467e+00
-6,210800e+00
-6,382395e+00
-6,539587e+00
-6,683395e+00
-6,811756e+00
-6,923838e+00
-7,021691e+00
-7,103818e+00
-7,169585e+00
-7,218980e+00
-7,252991e+00
-7,270990e+00
-7,271438e+00
-7,256712e+00
-7,225645e+00
-7,178448e+00
-7,114302e+00
-7,035572e+00
-6,940862e+00
-6,829693e+00
-6,703506e+00
-6,563332e+00
-6,407562e+00
-6,237016e+00
-6,053875e+00
-5,857312e+00
-5,645936e+00
-5,422381e+00
-5,188832e+00
-4,942091e+00
-4,683071e+00
-4,415716e+00
-4,139206e+00
-3,850120e+00
-3,553275e+00
-3,251853e+00
-2,940600e+00
-2,620725e+00
-2,299062e+00
-1,972412e+00
-1,636041e+00
-1,298546e+00
-9,643062e-01
-6,217620e-01
-2,706405e-01
4,546388e-02
4,182242e-01
7,506570e-01
1,089587e+00
1,431802e+00
1,766588e+00
2,095139e+00
2,422976e+00
2,745372e+00
3,059092e+00
3,367004e+00
3,668630e+00
3,960158e+00
4,242649e+00
4,517147e+00
4,781613e+00
5,033429e+00
5,275567e+00
5,506203e+00
5,723927e+00
5,927955e+00
6,120102e+00
6,298362e+00
6,461423e+00
6,611069e+00
6,746653e+00
6,865772e+00
6,969264e+00
7,058788e+00
7,132319e+00
7,188460e+00
7,228800e+00
7,255289e+00
7,262339e+00
7,254681e+00
7,231800e+00
7,191832e+00
7,135189e+00
7,063378e+00
6,976513e+00
6,872722e+00
6,753286e+00
6,620857e+00
6,472199e+00
6,308268e+00
6,130990e+00
5,941613e+00
5,737044e+00
5,519315e+00
5,291387e+00
5,051111e+00
4,797799e+00
4,534419e+00
4,263114e+00
3,980300e+00
3,687294e+00
3,389239e+00
3,083209e+00
2,767676e+00
2,446739e+00
2,124200e+00
1,793407e+00
1,455148e+00
1,121076e+00
7,848978e-01
4,342173e-01
1,123368e-01
-2,583739e-01
-5,898752e-01
-9,243576e-01
-1,266007e+00
-1,604161e+00
-1,934153e+00
-2,261797e+00
-2,586429e+00
-2,902782e+00
-3,211700e+00
-3,516271e+00
-3,812127e+00
-4,097587e+00
-4,375196e+00
-4,643862e+00
-4,900882e+00
-5,146306e+00
-5,382147e+00
-5,605739e+00
-5,815233e+00
-6,012362e+00
-6,196714e+00
-6,365924e+00
-6,521178e+00
-6,663302e+00
-6,789744e+00
-6,899497e+00
-6,995400e+00
-7,075651e+00
-7,139443e+00
-7,186876e+00
-7,219844e+00
-7,235831e+00
-7,234688e+00
-7,218589e+00
-7,186957e+00
-7,137363e+00
-7,072471e+00
-6,992667e+00
-6,897224e+00
-6,784925e+00
-6,658203e+00
-6,517694e+00
-6,361179e+00
-6,189913e+00
-6,007113e+00
-5,809693e+00
-5,598032e+00
-5,375520e+00
-5,141579e+00
-4,894484e+00
-4,635825e+00
-4,368948e+00
-4,092761e+00
-3,804072e+00
-3,509184e+00
-3,208197e+00
-2,897335e+00
-2,578410e+00
-2,258132e+00
-1,932500e+00
-1,597198e+00
-1,261293e+00
-9,283574e-01
-5,864964e-01
-2,395984e-01
8,178529e-02
4,469000e-01
7,771217e-01
1,115567e+00
1,456316e+00
1,787780e+00
2,114915e+00
2,440888e+00
2,760403e+00
3,072234e+00
3,377966e+00
3,677649e+00
3,966736e+00
4,247053e+00
4,519463e+00
4,781446e+00
5,031634e+00
5,270959e+00
5,499620e+00
5,714933e+00
5,917080e+00
6,107010e+00
6,282915e+00
6,443778e+00
6,591492e+00
6,724728e+00
6,841767e+00
6,943483e+00
7,030988e+00
7,102625e+00
7,157126e+00
7,196199e+00
7,219955e+00
7,226638e+00
7,217136e+00
7,192901e+00
7,151828e+00
7,093818e+00
7,020697e+00
6,932949e+00
6,827780e+00
6,708164e+00
6,574406e+00
6,425474e+00
6,260686e+00
6,083756e+00
5,893926e+00
5,689028e+00
5,471391e+00
5,243525e+00
5,003567e+00
4,750379e+00
4,487558e+00
4,216849e+00
3,934159e+00
3,641601e+00
3,344825e+00
3,039266e+00
2,724497e+00
2,405418e+00
2,084096e+00
1,753875e+00
1,417808e+00
1,085077e+00
7,492223e-01
3,997902e-01
8,851171e-02
-2,874162e-01
-6,169050e-01
-9,505242e-01
-1,291037e+00
-1,626458e+00
-1,953736e+00
-2,279877e+00
-2,602534e+00
-2,916303e+00
-3,223681e+00
-3,526301e+00
-3,819320e+00
-4,102543e+00
-4,378314e+00
-4,644843e+00
-4,899205e+00
-5,142865e+00
-5,376507e+00
-5,597193e+00
-5,804277e+00
-5,999536e+00
-6,181845e+00
-6,349105e+00
-6,502353e+00
-6,642359e+00
-6,766341e+00
-6,874287e+00
-6,968631e+00
-7,046938e+00
-7,108525e+00
-7,154815e+00
-7,185895e+00
-7,200217e+00
-7,197615e+00
-7,180435e+00
-7,146797e+00
-7,096687e+00
-7,030616e+00
-6,949917e+00
-6,852990e+00
-6,739541e+00
-6,612621e+00
-6,471367e+00
-6,314274e+00
-6,142735e+00
-5,958712e+00
-5,761385e+00
-5,549941e+00
-5,326739e+00
-5,093463e+00
-4,846368e+00
-4,588479e+00
-4,322242e+00
-4,046155e+00
-3,758161e+00
-3,463857e+00
-3,163745e+00
-2,853635e+00
-2,536592e+00
-2,217140e+00
-1,892651e+00
-1,558877e+00
-1,224568e+00
-8,937440e-01
-5,507526e-01
-2,102207e-01
1,189390e-01
4,750043e-01
8,028473e-01
1,141218e+00
1,479340e+00
1,808574e+00
2,133908e+00
2,457633e+00
2,775209e+00
3,084736e+00
3,388077e+00
3,685891e+00
3,972574e+00
4,250935e+00
4,521401e+00
4,780924e+00
5,028031e+00
5,265574e+00
5,492216e+00
5,704636e+00
5,904963e+00
6,093110e+00
6,266133e+00
6,424977e+00
6,571151e+00
6,702189e+00
6,817097e+00
6,917304e+00
7,003052e+00
7,072223e+00
7,125127e+00
7,163343e+00
7,185081e+00
7,190069e+00
7,179274e+00
7,153716e+00
7,110917e+00
7,051925e+00
6,978183e+00
6,889082e+00
6,783092e+00
6,662669e+00
6,528588e+00
6,378787e+00
6,213931e+00
6,036566e+00
5,846220e+00
5,641291e+00
5,423542e+00
5,195447e+00
4,955308e+00
4,702437e+00
4,440734e+00
4,170447e+00
3,887938e+00
3,596615e+00
3,300007e+00
2,995833e+00
2,681543e+00
2,363892e+00
2,043738e+00
1,713976e+00
1,379723e+00
1,048862e+00
7,143605e-01
3,655494e-01
6,311529e-02
-3,158808e-01
-6,440281e-01
-9,764796e-01
-1,315210e+00
-1,648562e+00
-1,973815e+00
-2,297950e+00
-2,618552e+00
-2,929600e+00
-3,235587e+00
-3,535270e+00
-3,826114e+00
-4,107680e+00
-4,380792e+00
-4,644837e+00
-4,897279e+00
-5,138760e+00
-5,369663e+00
-5,588156e+00
-5,793278e+00
-5,986120e+00
-6,166311e+00
-6,331093e+00
-6,482254e+00
-6,620012e+00
-6,742181e+00
-6,848512e+00
-6,940241e+00
-7,017300e+00
-7,077626e+00
-7,121811e+00
-7,151300e+00
-7,164256e+00
-7,160424e+00
-7,141387e+00
-7,106693e+00
-7,054751e+00
-6,987469e+00
-6,906280e+00
-6,808240e+00
-6,694276e+00
-6,566698e+00
-6,424710e+00
-6,267009e+00
-6,095197e+00
-5,911608e+00
-5,713468e+00
-5,501533e+00
-5,279356e+00
-5,045534e+00
-4,798644e+00
-4,541326e+00
-4,275331e+00
-3,999492e+00
-3,712312e+00
-3,419070e+00
-3,119319e+00
-2,810090e+00
-2,494700e+00
-2,176583e+00
-1,853013e+00
-1,519574e+00
-1,188179e+00
-8,586710e-01
-5,159591e-01
-1,822219e-01
1,578131e-01
5,021895e-01
8,296164e-01
1,166515e+00
1,502184e+00
1,829424e+00
2,152919e+00
2,475011e+00
2,789687e+00
3,096624e+00
3,399245e+00
3,693393e+00
3,978095e+00
4,254102e+00
4,522091e+00
4,779216e+00
5,024827e+00
5,260028e+00
5,483906e+00
5,694083e+00
5,892777e+00
6,078576e+00
6,249556e+00
6,406518e+00
6,549668e+00
6,678724e+00
6,792179e+00
6,890162e+00
6,973904e+00
7,041547e+00
7,092942e+00
7,129009e+00
7,149120e+00
7,153300e+00
7,140785e+00
7,113743e+00
7,070415e+00
7,009884e+00
6,934688e+00
6,845046e+00
6,738566e+00
6,616596e+00
6,482192e+00
6,331652e+00
6,166398e+00
5,988586e+00
5,798377e+00
5,592808e+00
5,375041e+00
5,147759e+00
4,907707e+00
4,654619e+00
4,393525e+00
4,123605e+00
3,841778e+00
3,551462e+00
3,256530e+00
2,951984e+00
2,638899e+00
2,323111e+00
2,003733e+00
1,674990e+00
1,342116e+00
1,013571e+00
6,798589e-01
3,319484e-01
3,255139e-02
-3,444199e-01
-6,705611e-01
-1,002609e+00
-1,339681e+00
-1,669524e+00
-1,992964e+00
-2,315397e+00
-2,633632e+00
-2,942985e+00
-3,246674e+00
-3,544226e+00
-3,833008e+00
-4,111431e+00
-4,382687e+00
-4,644831e+00
-4,894466e+00
-5,133592e+00
-5,362526e+00
-5,578654e+00
-5,781490e+00
-5,972320e+00
-6,149977e+00
-6,312746e+00
-6,462143e+00
-6,598218e+00
-6,718083e+00
-6,821861e+00
-6,912925e+00
-6,987984e+00
-7,045528e+00
-7,089054e+00
-7,115991e+00
-7,127227e+00
-7,122109e+00
-7,101898e+00
-7,065788e+00
-7,012958e+00
-6,944930e+00
-6,862604e+00
-6,763323e+00
-6,648576e+00
-6,520700e+00
-6,377923e+00
-6,219657e+00
-6,047640e+00
-5,863641e+00
-5,665346e+00
-5,453212e+00
-5,231501e+00
-4,997884e+00
-4,750776e+00
-4,493738e+00
-4,229029e+00
-3,953438e+00
-3,666127e+00
-3,374507e+00
-3,076302e+00
-2,767266e+00
-2,452770e+00
-2,136697e+00
-1,813245e+00
-1,481334e+00
-1,151764e+00
-8,233185e-01
-4,820786e-01
-1,548505e-01
1,962338e-01
5,291449e-01
8,561804e-01
1,191228e+00
1,525077e+00
1,849610e+00
2,171310e+00
2,491253e+00
2,803922e+00
3,108779e+00
3,408331e+00
3,700878e+00
3,983132e+00
4,257071e+00
4,522861e+00
4,777794e+00
5,021001e+00
5,253891e+00
5,475677e+00
5,683488e+00
5,879374e+00
6,063055e+00
6,232116e+00
6,386942e+00
6,528383e+00
6,655856e+00
6,766596e+00
6,862791e+00
6,945284e+00
7,010759e+00
7,059857e+00
7,094917e+00
7,113531e+00
7,115196e+00
7,102054e+00
7,073763e+00
7,028510e+00
6,967488e+00
6,891504e+00
6,800495e+00
6,692351e+00
6,570356e+00
6,435511e+00
6,284132e+00
6,118810e+00
5,940713e+00
5,749926e+00
5,544357e+00
5,327105e+00
5,100202e+00
4,859449e+00
4,607360e+00
4,346781e+00
4,076880e+00
3,795507e+00
3,506582e+00
3,211700e+00
2,908135e+00
2,596733e+00
2,282156e+00
1,963636e+00
1,636221e+00
1,305124e+00
9,787404e-01
6,445809e-01
2,991921e-01
-6,335130e-04
-3,730522e-01
-6,968892e-01
-1,028229e+00
-1,362817e+00
-1,691076e+00
-2,012186e+00
-2,333291e+00
-2,648395e+00
-2,955667e+00
-3,256617e+00
-3,552468e+00
-3,838331e+00
-4,115282e+00
-4,384351e+00
-4,644135e+00
-4,891360e+00
-5,128307e+00
-5,354756e+00
-5,569070e+00
-5,769633e+00
-5,958376e+00
-6,133940e+00
-6,294511e+00
-6,441765e+00
-6,575188e+00
-6,693369e+00
-6,795930e+00
-6,884243e+00
-6,957284e+00
-7,013989e+00
-7,054944e+00
-7,081315e+00
-7,090719e+00
-7,083713e+00
-7,062658e+00
-7,025256e+00
-6,970985e+00
-6,902211e+00
-6,818588e+00
-6,718573e+00
-6,602734e+00
-6,474435e+00
-6,331280e+00
-6,171858e+00
-6,000027e+00
-5,815799e+00
-5,617254e+00
-5,404916e+00
-5,183546e+00
-4,949786e+00
-4,703139e+00
-4,446485e+00
-4,182410e+00
-3,907123e+00
-3,621136e+00
-3,330272e+00
-3,031720e+00
-2,723994e+00
-2,411120e+00
-2,096475e+00
-1,773085e+00
-1,443658e+00
-1,116405e+00
-7,881772e-01
-4,473968e-01
-1,308453e-01
2,304745e-01
5,560443e-01
8,818563e-01
1,215979e+00
1,546455e+00
1,869292e+00
2,189291e+00
2,507351e+00
2,817108e+00
3,119754e+00
3,417846e+00
3,707641e+00
3,987393e+00
4,259431e+00
4,523395e+00
4,775266e+00
5,016342e+00
5,247488e+00
5,466168e+00
5,672339e+00
5,866206e+00
6,047590e+00
6,214626e+00
6,367340e+00
6,507123e+00
6,631664e+00
6,740802e+00
6,835413e+00
6,915751e+00
6,979419e+00
7,026914e+00
7,060217e+00
7,077247e+00
7,077614e+00
7,063037e+00
7,033529e+00
6,987065e+00
6,924639e+00
6,847661e+00
6,756044e+00
6,647080e+00
6,525166e+00
6,389060e+00
6,237097e+00
6,071222e+00
5,893069e+00
5,701679e+00
5,495974e+00
5,278965e+00
5,051825e+00
4,811879e+00
4,560008e+00
4,299796e+00
4,030391e+00
3,749770e+00
3,461596e+00
3,168379e+00
2,864945e+00
2,554045e+00
2,241586e+00
1,923625e+00
1,597043e+00
1,268542e+00
9,435121e-01
6,098805e-01
2,670320e-01
-3,552021e-02
-4,011069e-01
-7,229315e-01
-1,053377e+00
-1,386195e+00
-1,711653e+00
-2,031030e+00
-2,349315e+00
-2,663096e+00
-2,967723e+00
-3,267095e+00
-3,560939e+00
-3,844014e+00
-4,118512e+00
-4,385705e+00
-4,642769e+00
-4,887628e+00
-5,122884e+00
-5,347241e+00
-5,558450e+00
-5,756956e+00
-5,943781e+00
-6,116929e+00
-6,275139e+00
-6,420946e+00
-6,552556e+00
-6,667762e+00
-6,768590e+00
-6,855449e+00
-6,926813e+00
-6,981307e+00
-7,021063e+00
-7,045752e+00
-7,053478e+00
-7,045528e+00
-7,022920e+00
-6,983748e+00
-6,928353e+00
-6,859021e+00
-6,774248e+00
-6,673165e+00
-6,557338e+00
-6,428250e+00
-6,284083e+00
-6,124611e+00
-5,952352e+00
-5,767503e+00
-5,568902e+00
-5,357210e+00
-5,135387e+00
-4,901577e+00
-4,655457e+00
-4,399568e+00
-4,135356e+00
-3,860616e+00
-3,575392e+00
-3,285653e+00
-2,988169e+00
-2,680953e+00
-2,369600e+00
-2,056284e+00
-1,734304e+00
-1,406045e+00
-1,080624e+00
-7,544954e-01
-4,135722e-01
-1,068774e-01
2,600323e-01
5,828630e-01
9,078490e-01
1,240052e+00
1,568498e+00
1,888838e+00
2,207532e+00
2,523127e+00
2,830530e+00
3,130970e+00
3,426871e+00
3,713983e+00
3,991784e+00
4,261673e+00
4,523246e+00
4,772862e+00
5,011697e+00
5,240165e+00
5,457354e+00
5,660992e+00
5,852735e+00
6,031516e+00
6,196211e+00
6,347248e+00
6,485242e+00
6,607317e+00
6,714313e+00
6,807278e+00
6,885535e+00
6,947060e+00
6,993325e+00
7,025212e+00
7,040901e+00
7,040056e+00
7,024281e+00
6,993325e+00
6,945396e+00
6,881989e+00
6,804508e+00
6,711126e+00
6,602100e+00
6,479124e+00
6,342161e+00
6,189776e+00
6,023709e+00
5,845251e+00
5,653539e+00
5,447728e+00
5,231538e+00
5,004045e+00
4,763801e+00
4,512439e+00
4,253630e+00
3,984232e+00
3,704349e+00
3,416884e+00
3,124095e+00
2,822102e+00
2,512742e+00
2,200905e+00
1,884515e+00
1,558933e+00
1,232357e+00
9,090229e-01
5,756335e-01
2,367662e-01
-7,011499e-02
-4,283852e-01
-7,486447e-01
-1,078165e+00
-1,408728e+00
-1,731739e+00
-2,049526e+00
-2,366264e+00
-2,676996e+00
-2,979847e+00
-3,277449e+00
-3,568169e+00
-3,849349e+00
-4,121835e+00
-4,386618e+00
-4,641054e+00
-4,883814e+00
-5,116680e+00
-5,338757e+00
-5,547593e+00
-5,744392e+00
-5,928887e+00
-6,099836e+00
-6,256115e+00
-6,399749e+00
-6,528849e+00
-6,642763e+00
-6,741790e+00
-6,826892e+00
-6,895864e+00
-6,948992e+00
-6,986792e+00
-7,009617e+00
-7,016654e+00
-7,006834e+00
-6,982872e+00
-6,943092e+00
-6,886740e+00
-6,815675e+00
-6,730337e+00
-6,627993e+00
-6,511216e+00
-6,381588e+00
-6,237128e+00
-6,076800e+00
-5,904404e+00
-5,719766e+00
-5,520681e+00
-5,308740e+00
-5,087426e+00
-4,854033e+00
-4,607652e+00
-4,352744e+00
-4,089482e+00
-3,814773e+00
-3,530674e+00
-3,241904e+00
-2,945065e+00
-2,638408e+00
-2,329055e+00
-2,016845e+00
-1,695473e+00
-1,368581e+00
-1,045284e+00
-7,197764e-01
-3,796172e-01
-8,341255e-02
2,882608e-01
6,087812e-01
9,326181e-01
1,263827e+00
1,589726e+00
1,907682e+00
2,224531e+00
2,537903e+00
2,843157e+00
3,142076e+00
3,435684e+00
3,720777e+00
3,995921e+00
4,263605e+00
4,522556e+00
4,769825e+00
5,006709e+00
5,233283e+00
5,447647e+00
5,649284e+00
5,838835e+00
6,015492e+00
6,177895e+00
6,326832e+00
6,462994e+00
6,583064e+00
6,688786e+00
6,779745e+00
6,856120e+00
6,916000e+00
6,960352e+00
6,990798e+00
7,004573e+00
7,002493e+00
6,985195e+00
6,952464e+00
6,903671e+00
6,838860e+00
6,760690e+00
6,666377e+00
6,556773e+00
6,432989e+00
6,295585e+00
6,142443e+00
5,975910e+00
5,797806e+00
5,605715e+00
5,400189e+00
5,183186e+00
4,956736e+00
4,716157e+00
4,465174e+00
4,206899e+00
3,938625e+00
3,657966e+00
3,372339e+00
3,080575e+00
2,779215e+00
2,471080e+00
2,161223e+00
1,845504e+00
1,520705e+00
1,196209e+00
8,742852e-01
5,412686e-01
2,068109e-01
-1,049458e-01
-4,552040e-01
-7,750349e-01
-1,102903e+00
-1,431522e+00
-1,751831e+00
-2,067476e+00
-2,382220e+00
-2,691120e+00
-2,990803e+00
-3,286939e+00
-3,575299e+00
-3,854014e+00
-4,124207e+00
-4,386947e+00
-4,639203e+00
-4,879740e+00
-5,110655e+00
-5,330360e+00
-5,536978e+00
-5,731554e+00
-5,913912e+00
-6,082862e+00
-6,236737e+00
-6,378302e+00
-6,505564e+00
-6,617280e+00
-6,714493e+00
-6,797930e+00
-6,865362e+00
-6,916360e+00
-6,953035e+00
-6,974419e+00
-6,979264e+00
-6,968736e+00
-6,943116e+00
-6,901851e+00
-6,844152e+00
-6,772385e+00
-6,685836e+00
-6,583132e+00
-6,465951e+00
-6,335273e+00
-6,189795e+00
-6,029547e+00
-5,857095e+00
-5,672010e+00
-5,472851e+00
-5,261307e+00
-5,040230e+00
-4,806643e+00
-4,560753e+00
-4,306038e+00
-4,043068e+00
-3,768738e+00
-3,485576e+00
-3,197719e+00
-2,901955e+00
-2,596584e+00
-2,288274e+00
-1,976735e+00
-1,656717e+00
-1,331539e+00
-1,010832e+00
-6,854735e-01
-3,467614e-01
-5,439517e-02
3,160795e-01
6,346683e-01
9,583934e-01
1,287292e+00
1,610061e+00
1,926849e+00
2,241611e+00
2,552710e+00
2,855908e+00
3,152609e+00
3,443752e+00
3,726392e+00
3,999480e+00
4,264835e+00
4,521861e+00
4,766707e+00
5,001157e+00
5,225799e+00
5,437976e+00
5,636968e+00
5,824792e+00
5,999542e+00
6,159666e+00
6,306989e+00
6,440480e+00
6,558866e+00
6,662340e+00
6,751423e+00
6,826302e+00
6,884051e+00
6,926949e+00
6,956010e+00
6,968314e+00
6,964221e+00
6,945998e+00
6,912403e+00
6,862014e+00
6,796669e+00
6,717244e+00
6,621956e+00
6,511396e+00
6,387339e+00
6,249674e+00
6,095544e+00
5,928949e+00
5,750510e+00
5,557872e+00
5,352011e+00
5,136387e+00
4,909242e+00
4,668923e+00
4,418735e+00
4,161081e+00
3,892143e+00
3,613030e+00
3,328409e+00
3,037527e+00
2,736677e+00
2,429870e+00
2,121026e+00
1,806139e+00
1,482694e+00
1,160341e+00
8,394669e-01
5,078539e-01
1,786445e-01
-1,415964e-01
-4,818239e-01
-8,003816e-01
-1,126572e+00
-1,453453e+00
-1,771284e+00
-2,085370e+00
-2,398505e+00
-2,704374e+00
-3,002808e+00
-3,296137e+00
-3,582491e+00
-3,858455e+00
-4,126983e+00
-4,387432e+00
-4,637092e+00
-4,875411e+00
-5,104401e+00
-5,321640e+00
-5,526084e+00
-5,718629e+00
-5,898919e+00
-6,065154e+00
-6,217371e+00
-6,356688e+00
-6,482546e+00
-6,591914e+00
-6,687438e+00
-6,768689e+00
-6,834189e+00
-6,884001e+00
-6,918881e+00
-6,938856e+00
-6,942533e+00
-6,930005e+00
-6,903584e+00
-6,861101e+00
-6,802619e+00
-6,730008e+00
-6,642428e+00
-6,538581e+00
-6,420344e+00
-6,289648e+00
-6,143213e+00
-5,982593e+00
-5,810078e+00
-5,624857e+00
-5,425331e+00
-5,213645e+00
-4,992809e+00
-4,759074e+00
-4,513383e+00
-4,260065e+00
-3,997287e+00
-3,723634e+00
-3,441379e+00
-3,154771e+00
-2,859305e+00
-2,554753e+00
-2,248052e+00
-1,937773e+00
-1,618421e+00
-1,294851e+00
-9,760945e-01
-6,512638e-01
-3,145144e-01
-2,213569e-02
3,439976e-01
6,607355e-01
9,828023e-01
1,310652e+00
1,631190e+00
1,945860e+00
2,258735e+00
2,567808e+00
2,867702e+00
3,162745e+00
3,451770e+00
3,731789e+00
4,002560e+00
4,266828e+00
4,521004e+00
4,763608e+00
4,995940e+00
5,218818e+00
5,427983e+00
5,625447e+00
5,810432e+00
5,983065e+00
6,141027e+00
6,286014e+00
6,418294e+00
6,534171e+00
6,635863e+00
6,723753e+00
6,795613e+00
6,852269e+00
6,893994e+00
6,920999e+00
6,931403e+00
6,926726e+00
6,907429e+00
6,872231e+00
6,820575e+00
6,754702e+00
6,674122e+00
6,577517e+00
6,466125e+00
6,341776e+00
6,203068e+00
6,048695e+00
5,882088e+00
5,703083e+00
5,510849e+00
5,304610e+00
5,089010e+00
4,861660e+00
4,621763e+00
4,372103e+00
4,114884e+00
3,846964e+00
3,568815e+00
3,284467e+00
2,994405e+00
2,694505e+00
2,389133e+00
2,081879e+00
1,767855e+00
1,445627e+00
1,125541e+00
8,063379e-01
4,740603e-01
1,515463e-01
-1,784333e-01
-5,083383e-01
-8,252687e-01
-1,150994e+00
-1,475489e+00
-1,790842e+00
-2,103276e+00
-2,414374e+00
-2,718274e+00
-3,013746e+00
-3,305180e+00
-3,589590e+00
-3,863715e+00
-4,129536e+00
-4,387649e+00
-4,635340e+00
-4,871349e+00
-5,097817e+00
-5,313174e+00
-5,515228e+00
-5,705077e+00
-5,883547e+00
-6,047963e+00
-6,197826e+00
-6,335683e+00
-6,459224e+00
-6,566673e+00
-6,660501e+00
-6,740044e+00
-6,803296e+00
-6,851406e+00
-6,885032e+00
-6,903435e+00
-6,905224e+00
-6,892249e+00
-6,864461e+00
-6,820538e+00
-6,761000e+00
-6,687407e+00
-6,598603e+00
-6,494105e+00
-6,375750e+00
-6,244109e+00
-6,097097e+00
-5,935943e+00
-5,763242e+00
-5,577281e+00
-5,377867e+00
-5,166746e+00
-4,945700e+00
-4,712120e+00
-4,467466e+00
-4,214296e+00
-3,951798e+00
-3,678562e+00
-3,397636e+00
-3,111499e+00
-2,817034e+00
-2,513500e+00
-2,207675e+00
-1,898719e+00
-1,580447e+00
-1,259275e+00
-9,422513e-01
-6,179112e-01
-2,830747e-01
1,150261e-02
3,714498e-01
6,861443e-01
1,007503e+00
1,333452e+00
1,651177e+00
1,963884e+00
2,275399e+00
2,581907e+00
2,880093e+00
3,172751e+00
3,460143e+00
3,737373e+00
4,006802e+00
4,268033e+00
4,519898e+00
4,760167e+00
4,990493e+00
5,210539e+00
5,418046e+00
5,613348e+00
5,796508e+00
5,966997e+00
6,123009e+00
6,266077e+00
6,396034e+00
6,510123e+00
6,609864e+00
6,695922e+00
6,766739e+00
6,821221e+00
6,861368e+00
6,886603e+00
6,896063e+00
6,889436e+00
6,868312e+00
6,832407e+00
6,779540e+00
6,712536e+00
6,631229e+00
6,534084e+00
6,421599e+00
6,296623e+00
6,157666e+00
6,002766e+00
5,835537e+00
5,656451e+00
5,463677e+00
5,257450e+00
5,041789e+00
4,815215e+00
4,575076e+00
4,326428e+00
4,069445e+00
3,801488e+00
3,524065e+00
3,241568e+00
2,952214e+00
2,652854e+00
2,348731e+00
2,042775e+00
1,729186e+00
1,408486e+00
1,090636e+00
7,727368e-01
4,398941e-01
1,271560e-01
-2,153882e-01
-5,348465e-01
-8,504229e-01
-1,175421e+00
-1,496662e+00
-1,809673e+00
-2,120877e+00
-2,429355e+00
-2,730932e+00
-3,024987e+00
-3,314453e+00
-3,595609e+00
-3,867454e+00
-4,131878e+00
-4,387748e+00
-4,632775e+00
-4,867181e+00
-5,091526e+00
-5,304287e+00
-5,504222e+00
-5,692717e+00
-5,868343e+00
-6,030591e+00
-6,179156e+00
-6,314901e+00
-6,436076e+00
-6,541836e+00
-6,633577e+00
-6,711176e+00
-6,773472e+00
-6,819985e+00
-6,852381e+00
-6,868424e+00
-6,869182e+00
-6,854561e+00
-6,825153e+00
-6,780478e+00
-6,719666e+00
-6,644875e+00
-6,555245e+00
-6,449777e+00
-6,330907e+00
-6,199000e+00
-6,051397e+00
-5,890007e+00
-5,717169e+00
-5,530904e+00
-5,330944e+00
-5,120425e+00
-4,899677e+00
-4,666153e+00
-4,420846e+00
-4,168696e+00
-3,907496e+00
-3,634023e+00
-3,354191e+00
-3,068998e+00
-2,774626e+00
-2,472707e+00
-2,168646e+00
-1,860504e+00
-1,542455e+00
-1,223425e+00
-9,080540e-01
-5,837015e-01
-2,530201e-01
4,564399e-02
3,986288e-01
7,119506e-01
1,031931e+00
1,355879e+00
1,671530e+00
1,981977e+00
2,291808e+00
2,596248e+00
2,891670e+00
3,182776e+00
3,468335e+00
3,743609e+00
4,009709e+00
4,268841e+00
4,519041e+00
4,756757e+00
4,984828e+00
5,203452e+00
5,408338e+00
5,601535e+00
5,782788e+00
5,951259e+00
6,104631e+00
6,246233e+00
6,373936e+00
6,486242e+00
6,584250e+00
6,668402e+00
6,737368e+00
6,789962e+00
6,828954e+00
6,852822e+00
6,859878e+00
6,852474e+00
6,830600e+00
6,792974e+00
6,738989e+00
6,670774e+00
6,588666e+00
6,490422e+00
6,377899e+00
6,252041e+00
6,111978e+00
5,956991e+00
5,789371e+00
5,610236e+00
5,417238e+00
5,211135e+00
4,995809e+00
4,769049e+00
4,529370e+00
4,281207e+00
4,024534e+00
3,757273e+00
3,480229e+00
3,198794e+00
2,909937e+00
2,611067e+00
2,308565e+00
2,004112e+00
1,691623e+00
1,371723e+00
1,055669e+00
7,386265e-01
4,068023e-01
1,037781e-01
-2,475111e-01
-5,601373e-01
-8,751796e-01
-1,198532e+00
-1,517537e+00
-1,829169e+00
-2,137846e+00
-2,444758e+00
-2,744130e+00
-3,035919e+00
-3,323099e+00
-3,602677e+00
-3,872187e+00
-4,134349e+00
-4,387997e+00
-4,630732e+00
-4,862647e+00
-5,084930e+00
-5,295877e+00
-5,493663e+00
-5,679860e+00
-5,853505e+00
-6,013685e+00
-6,160125e+00
-6,294194e+00
-6,413121e+00
-6,517023e+00
-6,607019e+00
-6,683494e+00
-6,743019e+00
-6,787583e+00
-6,818550e+00
-6,833649e+00
-6,832786e+00
-6,816731e+00
-6,786782e+00
-6,740076e+00
-6,678637e+00
-6,603386e+00
-6,512800e+00
-6,406382e+00
-6,287114e+00
-6,154567e+00
-6,005592e+00
-5,844133e+00
-5,671147e+00
-5,484912e+00
-5,284629e+00
-5,074346e+00
-4,853784e+00
-4,620130e+00
-4,375687e+00
-4,124219e+00
-3,862392e+00
-3,590050e+00
-3,310689e+00
-3,026726e+00
-2,733180e+00
-2,432411e+00
-2,129747e+00
-1,822064e+00
-1,505618e+00
-1,188042e+00
-8,740803e-01
-5,507091e-01
-2,225183e-01
7,970463e-02
4,251183e-01
7,368440e-01
1,056284e+00
1,378208e+00
1,691343e+00
2,000032e+00
2,308012e+00
2,609782e+00
2,903813e+00
3,193017e+00
3,475583e+00
3,748807e+00
4,013560e+00
4,270890e+00
4,518395e+00
4,753782e+00
4,980065e+00
5,196242e+00
5,398674e+00
5,589852e+00
5,768912e+00
5,935203e+00
6,086657e+00
6,226365e+00
6,351918e+00
6,462591e+00
6,558468e+00
6,641235e+00
6,708220e+00
6,759305e+00
6,796328e+00
6,818886e+00
6,824823e+00
6,815886e+00
6,792676e+00
6,753789e+00
6,698624e+00
6,629726e+00
6,546997e+00
6,447473e+00
6,334155e+00
6,208266e+00
6,067229e+00
5,911919e+00
5,744112e+00
5,564629e+00
5,370948e+00
5,165175e+00
4,950451e+00
4,723380e+00
4,483639e+00
4,236171e+00
3,980188e+00
3,712840e+00
3,436839e+00
3,156920e+00
2,867833e+00
2,570212e+00
2,269517e+00
1,966232e+00
1,653481e+00
1,335998e+00
1,022316e+00
7,053981e-01
3,742820e-01
8,148095e-02
-2,752366e-01
-5,855275e-01
-9,003338e-01
-1,221953e+00
-1,538536e+00
-1,847579e+00
-2,155391e+00
-2,460608e+00
-2,756900e+00
-3,046695e+00
-3,332850e+00
-3,609192e+00
-3,876106e+00
-4,136766e+00
-4,388587e+00
-4,629129e+00
-4,858480e+00
-5,079420e+00
-5,287126e+00
-5,483055e+00
-5,667240e+00
-5,839226e+00
-5,996778e+00
-6,141785e+00
-6,273381e+00
-6,390308e+00
-6,492235e+00
-6,581020e+00
-6,655179e+00
-6,713139e+00
-6,756342e+00
-6,785918e+00
-6,799769e+00
-6,796682e+00
-6,780633e+00
-6,748603e+00
-6,701046e+00
-6,638682e+00
-6,562369e+00
-6,470578e+00
-6,363322e+00
-6,243283e+00
-6,110034e+00
-5,960985e+00
-5,799116e+00
-5,626006e+00
-5,438958e+00
-5,239147e+00
-5,028628e+00
-4,808333e+00
-4,574517e+00
-4,330372e+00
-4,079520e+00
-3,818717e+00
-3,546487e+00
-3,268406e+00
-2,985262e+00
-2,691604e+00
-2,392226e+00
-2,091618e+00
-1,783954e+00
-1,468763e+00
-1,153261e+00
-8,411066e-01
-5,174683e-01
-1,951593e-01
1,143305e-01
4,514153e-01
7,614019e-01
1,080531e+00
1,400238e+00
1,711081e+00
2,018404e+00
2,324459e+00
2,624694e+00
2,916042e+00
3,203042e+00
3,483868e+00
3,754459e+00
4,016578e+00
4,272250e+00
4,517445e+00
4,750615e+00
4,975388e+00
5,188683e+00
5,389270e+00
5,578033e+00
5,755447e+00
5,919440e+00
6,069272e+00
6,207154e+00
6,331087e+00
6,439138e+00
6,533935e+00
6,614690e+00
6,679364e+00
6,729033e+00
6,764776e+00
6,786129e+00
6,790123e+00
6,780422e+00
6,755764e+00
6,715337e+00
6,659452e+00
6,589728e+00
6,505409e+00
6,404984e+00
6,291306e+00
6,164293e+00
6,022802e+00
5,866790e+00
5,699729e+00
5,519352e+00
5,325652e+00
5,120040e+00
4,904782e+00
4,677966e+00
4,438877e+00
4,191595e+00
3,936209e+00
3,669071e+00
3,394058e+00
3,114468e+00
2,826872e+00
2,530381e+00
2,230264e+00
1,927656e+00
1,616663e+00
1,300254e+00
9,885909e-01
6,722878e-01
3,423765e-01
5,753168e-02
-3,014528e-01
-6,106569e-01
-9,246620e-01
-1,245462e+00
-1,559293e+00
-1,866131e+00
-2,172850e+00
-2,475272e+00
-2,769415e+00
-3,057657e+00
-3,341135e+00
-3,615490e+00
-3,881317e+00
-4,139560e+00
-4,388842e+00
-4,627018e+00
-4,854747e+00
-5,072868e+00
-5,279455e+00
-5,472608e+00
-5,654986e+00
-5,824693e+00
-5,980785e+00
-6,123164e+00
-6,253618e+00
-6,368495e+00
-6,468354e+00
-6,555587e+00
-6,627900e+00
-6,684302e+00
-6,726380e+00
-6,754218e+00
-6,766478e+00
-6,762093e+00
-6,744411e+00
-6,711120e+00
-6,662340e+00
-6,598988e+00
-6,521650e+00
-6,429126e+00
-6,320795e+00
-6,200540e+00
-6,066359e+00
-5,917099e+00
-5,755174e+00
-5,581337e+00
-5,394469e+00
-5,193863e+00
-4,984139e+00
-4,763552e+00
-4,529270e+00
-4,286877e+00
-4,035875e+00
-3,774843e+00
-3,503551e+00
-3,226842e+00
-2,943991e+00
-2,651314e+00
-2,352793e+00
-2,053011e+00
-1,747111e+00
-1,432634e+00
-1,119126e+00
-8,079341e-01
-4,845567e-01
-1,690610e-01
1,515959e-01
4,776999e-01
7,864257e-01
1,104480e+00
1,422224e+00
1,730540e+00
2,036341e+00
2,340613e+00
2,637830e+00
2,927495e+00
3,213141e+00
3,491042e+00
3,759540e+00
4,020783e+00
4,274201e+00
4,516383e+00
4,748093e+00
4,969941e+00
5,181801e+00
5,380681e+00
5,567617e+00
5,742615e+00
5,904223e+00
6,052708e+00
6,188236e+00
6,309951e+00
6,416276e+00
6,509290e+00
6,588063e+00
6,651471e+00
6,700170e+00
6,734188e+00
6,753361e+00
6,756466e+00
6,744852e+00
6,719859e+00
6,677612e+00
6,620683e+00
6,549879e+00
6,464783e+00
6,363750e+00
6,248972e+00
6,121661e+00
5,979711e+00
5,822736e+00
5,655309e+00
5,475403e+00
5,281089e+00
5,075576e+00
4,860716e+00
4,633719e+00
4,394935e+00
4,148218e+00
3,893118e+00
3,626558e+00
3,352458e+00
3,073315e+00
2,786134e+00
2,490284e+00
2,191999e+00
1,890210e+00
1,579205e+00
1,265374e+00
9,552755e-01
6,393575e-01
3,104276e-01
2,819754e-02
-3,284827e-01
-6,367116e-01
-9,494249e-01
-1,268417e+00
-1,579671e+00
-1,885030e+00
-2,189862e+00
-2,490079e+00
-2,782395e+00
-3,068830e+00
-3,350421e+00
-3,622639e+00
-3,885870e+00
-4,142175e+00
-4,389593e+00
-4,625608e+00
-4,851238e+00
-5,067334e+00
-5,271375e+00
-5,463149e+00
-5,643564e+00
-5,810675e+00
-5,964625e+00
-6,105575e+00
-6,234358e+00
-6,347006e+00
-6,445542e+00
-6,530408e+00
-6,600932e+00
-6,656036e+00
-6,696425e+00
-6,722511e+00
-6,732796e+00
-6,727635e+00
-6,708748e+00
-6,674712e+00
-6,624739e+00
-6,559947e+00
-6,481770e+00
-6,388165e+00
-6,280126e+00
-6,158802e+00
-6,023728e+00
-5,873778e+00
-5,711331e+00
-5,537544e+00
-5,349974e+00
-5,149647e+00
-4,940377e+00
-4,719523e+00
-4,485974e+00
-4,243407e+00
-3,993064e+00
-3,732156e+00
-3,461329e+00
-3,185515e+00
-2,903726e+00
-2,611310e+00
-2,314161e+00
-2,015422e+00
-1,709877e+00
-1,396691e+00
-1,085127e+00
-7,752833e-01
-4,517321e-01
-1,443478e-01
1,884266e-01
5,029597e-01
8,116730e-01
1,128485e+00
1,443372e+00
1,750154e+00
2,053762e+00
2,356227e+00
2,651997e+00
2,940171e+00
3,223116e+00
3,499147e+00
3,765757e+00
4,024814e+00
4,275555e+00
4,516308e+00
4,745733e+00
4,965823e+00
5,175305e+00
5,372010e+00
5,556692e+00
5,730100e+00
5,889690e+00
6,035739e+00
6,169771e+00
6,290064e+00
6,394283e+00
6,485136e+00
6,562580e+00
6,624466e+00
6,671370e+00
6,703518e+00
6,721443e+00
6,722983e+00
6,710381e+00
6,683159e+00
6,640347e+00
6,582505e+00
6,511116e+00
6,424946e+00
6,323106e+00
6,207744e+00
6,079943e+00
5,936849e+00
5,780235e+00
5,612199e+00
5,431939e+00
5,237252e+00
5,031895e+00
4,816966e+00
4,589982e+00
4,351241e+00
4,105518e+00
3,850399e+00
3,584007e+00
3,310838e+00
3,032695e+00
2,746049e+00
2,451068e+00
2,154249e+00
1,853392e+00
1,543151e+00
1,231021e+00
9,220223e-01
6,074024e-01
2,795035e-01
-2,589950e-03
-3,551524e-01
-6,615305e-01
-9,737530e-01
-1,290808e+00
-1,600254e+00
-1,904042e+00
-2,206650e+00
-2,505190e+00
-2,795463e+00
-3,079911e+00
-3,359532e+00
-3,629657e+00
-3,890981e+00
-4,145225e+00
-4,389779e+00
-4,624390e+00
-4,848151e+00
-5,062427e+00
-5,264456e+00
-5,453783e+00
-5,632092e+00
-5,797340e+00
-5,949364e+00
-6,088675e+00
-6,214800e+00
-6,326013e+00
-6,422679e+00
-6,506079e+00
-6,575306e+00
-6,628192e+00
-6,667066e+00
-6,692121e+00
-6,701003e+00
-6,694537e+00
-6,674283e+00
-6,639173e+00
-6,587430e+00
-6,521458e+00
-6,443250e+00
-6,348471e+00
-6,239259e+00
-6,117637e+00
-5,981767e+00
-5,831295e+00
-5,668258e+00
-5,494663e+00
-5,306827e+00
-5,106488e+00
-4,896739e+00
-4,675929e+00
-4,442740e+00
-4,200458e+00
-3,950649e+00
-3,689822e+00
-3,419809e+00
-3,145094e+00
-2,863150e+00
-2,571622e+00
-2,276138e+00
-1,978536e+00
-1,673406e+00
-1,361270e+00
-1,052607e+00
-7,421543e-01
-4,200067e-01
-1,206718e-01
2,216053e-01
5,282381e-01
8,359825e-01
1,152019e+00
1,465030e+00
1,769638e+00
2,072147e+00
2,373016e+00
2,665841e+00
2,951966e+00
3,233475e+00
3,507321e+00
3,771421e+00
4,028441e+00
4,277809e+00
4,516215e+00
4,743398e+00
4,962028e+00
5,169150e+00
5,363632e+00
5,547146e+00
5,718126e+00
5,875709e+00
6,019877e+00
6,152045e+00
6,269916e+00
6,372750e+00
6,462553e+00
6,538047e+00
6,598075e+00
6,642806e+00
6,674314e+00
6,690705e+00
6,690773e+00
6,676923e+00
6,648856e+00
6,604522e+00
6,545612e+00
6,473199e+00
6,385662e+00
6,282921e+00
6,167485e+00
6,038714e+00
5,894826e+00
5,737852e+00
5,569474e+00
5,388525e+00
5,194211e+00
4,989002e+00
4,773931e+00
4,546760e+00
4,308460e+00
4,062887e+00
3,808221e+00
3,542251e+00
3,269989e+00
2,992660e+00
2,706243e+00
2,412132e+00
2,116909e+00
1,816474e+00
1,507624e+00
1,196868e+00
8,900610e-01
5,743044e-01
2,493060e-01
-3,462583e-02
-3,820270e-01
-6,861629e-01
-9,977333e-01
-1,313639e+00
-1,620067e+00
-1,922457e+00
-2,224302e+00
-2,520736e+00
-2,808531e+00
-3,091270e+00
-3,369146e+00
-3,636955e+00
-3,896130e+00
-4,148734e+00
-4,391723e+00
-4,623434e+00
-4,844996e+00
-5,057571e+00
-5,257084e+00
-5,444765e+00
-5,621453e+00
-5,784670e+00
-5,934713e+00
-6,072073e+00
-6,196900e+00
-6,305827e+00
-6,400823e+00
-6,482969e+00
-6,550196e+00
-6,601442e+00
-6,639254e+00
-6,661998e+00
-6,669377e+00
-6,662209e+00
-6,640571e+00
-6,603752e+00
-6,551649e+00
-6,485248e+00
-6,405177e+00
-6,309082e+00
-6,199472e+00
-6,077315e+00
-5,940942e+00
-5,789750e+00
-5,626975e+00
-5,452721e+00
-5,264257e+00
-5,063949e+00
-4,854231e+00
-4,633334e+00
-4,400164e+00
-4,158262e+00
-3,909011e+00
-3,648700e+00
-3,378488e+00
-3,104941e+00
-2,823729e+00
-2,533065e+00
-2,238326e+00
-1,942059e+00
-1,637786e+00
-1,326651e+00
-1,019645e+00
-7,103544e-01
-3,879274e-01
-9,857960e-02
2,498401e-01
5,542245e-01
8,612485e-01
1,175341e+00
1,486234e+00
1,788805e+00
2,090208e+00
2,388568e+00
2,679673e+00
2,964065e+00
3,243419e+00
3,515649e+00
3,778265e+00
4,033242e+00
4,280306e+00
4,516873e+00
4,742280e+00
4,958637e+00
5,163193e+00
5,356011e+00
5,537438e+00
5,706716e+00
5,861902e+00
6,004641e+00
6,135387e+00
6,251649e+00
6,351937e+00
6,439989e+00
6,514154e+00
6,572474e+00
6,615857e+00
6,645980e+00
6,660414e+00
6,658893e+00
6,644278e+00
6,614770e+00
6,569338e+00
6,509818e+00
6,436113e+00
6,347931e+00
6,243873e+00
6,128040e+00
5,998648e+00
5,854170e+00
5,696580e+00
5,527910e+00
5,346782e+00
5,151914e+00
4,947060e+00
4,732156e+00
4,504489e+00
4,267039e+00
4,021721e+00
3,766912e+00
3,502029e+00
3,229985e+00
2,953084e+00
2,667127e+00
2,374643e+00
2,079916e+00
1,780290e+00
1,472303e+00
1,162913e+00
8,575344e-01
5,418772e-01
2,211830e-01
-6,816476e-02
-4,085848e-01
-7,111805e-01
-1,022788e+00
-1,335799e+00
-1,640793e+00
-1,941587e+00
-2,241493e+00
-2,535661e+00
-2,821630e+00
-3,102829e+00
-3,378575e+00
-3,644085e+00
-3,901695e+00
-4,152318e+00
-4,393171e+00
-4,622769e+00
-4,842990e+00
-5,053080e+00
-5,250798e+00
-5,436834e+00
-5,611304e+00
-5,772757e+00
-5,920862e+00
-6,056596e+00
-6,178727e+00
-6,286480e+00
-6,379663e+00
-6,460094e+00
-6,525557e+00
-6,575462e+00
-6,611646e+00
-6,633509e+00
-6,639384e+00
-6,630024e+00
-6,608075e+00
-6,569425e+00
-6,516091e+00
-6,448734e+00
-6,367862e+00
-6,271232e+00
-6,160653e+00
-6,037833e+00
-5,901068e+00
-5,749031e+00
-5,585927e+00
-5,411052e+00
-5,222992e+00
-5,022199e+00
-4,812749e+00
-4,591379e+00
-4,358700e+00
-4,117232e+00
-3,868106e+00
-3,607975e+00
-3,339048e+00
-3,065880e+00
-2,785290e+00
-2,494899e+00
-2,201135e+00
-1,905806e+00
-1,601378e+00
-1,292410e+00
-9,865040e-01
-6,784614e-01
-3,564256e-01
-7,651223e-02
2,765409e-01
5,795713e-01
8,852164e-01
1,198551e+00
1,507711e+00
1,808282e+00
2,108598e+00
2,405287e+00
2,693896e+00
2,976505e+00
3,254282e+00
3,524090e+00
3,784700e+00
4,038012e+00
4,283269e+00
4,516861e+00
4,741187e+00
4,955755e+00
5,158492e+00
5,349241e+00
5,528674e+00
5,695829e+00
5,849499e+00
5,990710e+00
6,119295e+00
6,233396e+00
6,332590e+00
6,418729e+00
6,490763e+00
6,547984e+00
6,589703e+00
6,617696e+00
6,631459e+00
6,628981e+00
6,612298e+00
6,581585e+00
6,535078e+00
6,474130e+00
6,399332e+00
6,310926e+00
6,206645e+00
6,089520e+00
5,959556e+00
5,814569e+00
5,656750e+00
5,487713e+00
5,305976e+00
5,111127e+00
4,905975e+00
4,690903e+00
4,463161e+00
4,225749e+00
3,981188e+00
3,726777e+00
3,461689e+00
3,190757e+00
2,915166e+00
2,629054e+00
2,337098e+00
2,043788e+00
1,744757e+00
1,437006e+00
1,130225e+00
8,257967e-01
5,099531e-01
1,931656e-01
-1,015919e-01
-4,337825e-01
-7,359248e-01
-1,046650e+00
-1,357966e+00
-1,661425e+00
-1,960350e+00
-2,258362e+00
-2,550548e+00
-2,834716e+00
-3,114785e+00
-3,388661e+00
-3,652041e+00
-3,907800e+00
-4,156802e+00
-4,395326e+00
-4,622900e+00
-4,841071e+00
-5,049931e+00
-5,245438e+00
-5,429399e+00
-5,602323e+00
-5,761658e+00
-5,907590e+00
-6,041776e+00
-6,162517e+00
-6,268195e+00
-6,359806e+00
-6,438492e+00
-6,502104e+00
-6,550450e+00
-6,585306e+00
-6,605740e+00
-6,609795e+00
-6,599678e+00
-6,576387e+00
-6,536494e+00
-6,481695e+00
-6,413779e+00
-6,331981e+00
-6,234433e+00
-6,122916e+00
-5,999648e+00
-5,861499e+00
-5,709698e+00
-5,546375e+00
-5,371166e+00
-5,182596e+00
-4,981462e+00
-4,771993e+00
-4,550934e+00
-4,317770e+00
-4,076774e+00
-3,827450e+00
-3,567902e+00
-3,299205e+00
-3,026975e+00
-2,746652e+00
-2,456975e+00
-2,164994e+00
-1,869826e+00
-1,566827e+00
-1,258325e+00
-9,545178e-01
-6,469659e-01
-3,257189e-01
-4,949476e-02
3,034527e-01
6,041851e-01
9,098427e-01
1,222252e+00
1,528431e+00
1,827710e+00
2,126039e+00
2,420864e+00
2,708225e+00
2,989362e+00
3,265580e+00
3,533264e+00
3,792054e+00
4,043478e+00
4,286480e+00
4,519010e+00
4,740795e+00
4,953277e+00
5,154591e+00
5,343173e+00
5,520718e+00
5,685866e+00
5,838077e+00
5,977301e+00
6,103823e+00
6,216756e+00
6,313243e+00
6,398562e+00
6,469000e+00
6,523526e+00
6,564419e+00
6,591641e+00
6,603429e+00
6,599442e+00
6,581977e+00
6,550314e+00
6,502371e+00
6,440697e+00
6,364924e+00
6,274928e+00
6,169231e+00
6,052161e+00
5,921664e+00
5,775403e+00
5,617416e+00
5,448318e+00
5,266003e+00
5,070390e+00
4,865951e+00
4,650750e+00
4,422741e+00
4,185807e+00
3,941271e+00
3,686754e+00
3,421945e+00
3,152081e+00
2,876497e+00
2,590932e+00
2,300255e+00
2,008311e+00
1,709578e+00
1,402821e+00
1,097835e+00
7,936552e-01
4,786688e-01
1,664835e-01
-1,358575e-01
-4,590361e-01
-7,610044e-01
-1,070569e+00
-1,380282e+00
-1,681555e+00
-1,979182e+00
-2,276305e+00
-2,566231e+00
-2,848386e+00
-3,127039e+00
-3,398338e+00
-3,660326e+00
-3,914378e+00
-4,161597e+00
-4,398239e+00
-4,623620e+00
-4,840238e+00
-5,046745e+00
-5,240153e+00
-5,422573e+00
-5,593287e+00
-5,751062e+00
-5,895696e+00
-6,027833e+00
-6,146542e+00
-6,250538e+00
-6,340596e+00
-6,418189e+00
-6,480205e+00
-6,526606e+00
-6,560040e+00
-6,578977e+00
-6,581865e+00
-6,570232e+00
-6,545127e+00
-6,504750e+00
-6,449467e+00
-6,380594e+00
-6,297554e+00
-6,198838e+00
-6,087054e+00
-5,962830e+00
-5,823600e+00
-5,671376e+00
-5,507632e+00
-5,331757e+00
-5,142294e+00
-4,941774e+00
-4,732603e+00
-4,510662e+00
-4,277828e+00
-4,037360e+00
-3,788470e+00
-3,528456e+00
-3,261052e+00
-2,989660e+00
-2,708902e+00
-2,419933e+00
-2,129051e+00
-1,835064e+00
-1,531990e+00
-1,225425e+00
-9,234136e-01
-6,152716e-01
-2,946643e-01
