Time - Plot 0	Amplitude - Plot 0	Time - Plot 1	Amplitude - Plot 1	Time - Plot 2	Amplitude - Plot 2	
28673	1,4148	28673	-0,706919	28673	-0,705898	
28674	1,30635	28674	-0,183998	28674	-1,12145	
28675	0,999457	28675	0,364851	28675	-1,36672	
28676	0,540675	28676	0,860908	28676	-1,40171	
28677	1,23455E-5	28677	1,22452	28677	-1,22456	
28678	-0,54065	28678	1,40101	28678	-0,860246	
28679	-1,00006	28679	1,3654	28679	-0,365958	
28680	-1,30539	28680	1,12206	28680	0,185821	
28681	-1,41227	28681	0,708155	28681	0,708855	
28682	-1,30664	28682	0,183047	28682	1,12128	
28683	-0,999119	28683	-0,366114	28683	1,36687	
28684	-0,542212	28684	-0,861546	28684	1,40248	
28685	-0,000612698	28685	-1,22515	28685	1,22502	
28686	0,539737	28686	-1,40321	28686	0,860079	
28687	0,999457	28687	-1,36541	28687	0,366727	
28688	1,3076	28688	-1,12113	28688	-0,183489	
28689	1,41449	28689	-0,706606	28689	-0,706835	
28690	1,3076	28690	-0,18431	28690	-1,12051	
28691	1,00071	28691	0,366413	28691	-1,36485	
28692	0,5413	28692	0,860908	28692	-1,40171	
28693	1,23455E-5	28693	1,2242	28693	-1,22487	
28694	-0,541275	28694	1,40226	28694	-0,860246	
28695	-0,999431	28695	1,36571	28695	-0,365645	
28696	-1,30476	28696	1,12237	28696	0,185509	
28697	-1,4129	28697	0,707843	28697	0,708543	
28698	-1,30633	28698	0,183984	28698	1,1216	
28699	-0,999119	28699	-0,366427	28699	1,36624	
28700	-0,542837	28700	-0,862483	28700	1,40123	
28701	0,000324867	28701	-1,22422	28701	1,22533	
28702	0,5413	28702	-1,40196	28702	0,861641	
28703	0,999457	28703	-1,36541	28703	0,36579	
28704	1,3076	28704	-1,12113	28704	-0,184114	
28705	1,41542	28705	-0,705982	28705	-0,705586	
28706	1,30729	28706	-0,184622	28706	-1,12051	
28707	0,998519	28707	0,364539	28707	-1,36734	
28708	0,540987	28708	0,860596	28708	-1,40203	
28709	-0,000300176	28709	1,22389	28709	-1,22518	
28710	-0,541275	28710	1,40132	28710	-0,860246	
28711	-0,999744	28711	1,36665	28711	-0,365645	
28712	-1,30508	28712	1,12237	28712	0,186134	
28713	-1,41321	28713	0,70753	28713	0,70823	
28714	-1,30789	28714	0,182735	28714	1,12035	
28715	-1,00006	28715	-0,366114	28715	1,36655	
28716	-0,540962	28716	-0,861546	28716	1,40248	
28717	0,00094991	28717	-1,22453	28717	1,2247	
28718	0,539737	28718	-1,40258	28718	0,860079	
28719	1,00071	28719	-1,36541	28719	0,366415	
28720	1,3076	28720	-1,12051	28720	-0,183177	
28721	1,41324	28721	-0,707856	28721	-0,706835	
28722	1,30729	28722	-0,184622	28722	-1,12145	
28723	0,999769	28723	0,365164	28723	-1,3661	
28724	0,540362	28724	0,859971	28724	-1,40171	
28725	0,000324867	28725	1,2242	28725	-1,22487	
28726	-0,540962	28726	1,40195	28726	-0,860559	
28727	-0,997869	28727	1,36759	28727	-0,36377	
28728	-1,30695	28728	1,12018	28728	0,183947	
28729	-1,41352	28729	0,70753	28729	0,707605	
28730	-1,30633	28730	0,184296	28730	1,12222	
28731	-1,00006	28731	-0,366427	28731	1,36593	
28732	-0,541587	28732	-0,862171	28732	1,40217	
28733	-0,000612698	28733	-1,22453	28733	1,22439	
28734	0,541612	28734	-1,40102	28734	0,861954	
28735	1,00008	28735	-1,36635	28735	0,36579	
28736	1,30604	28736	-1,12207	28736	-0,184114	
28737	1,41449	28737	-0,707231	28737	-0,707148	
28738	1,30635	28738	-0,183998	28738	-1,12051	
28739	0,998207	28739	0,364539	28739	-1,3661	
28740	0,541612	28740	0,86122	28740	-1,40171	
28741	1,23455E-5	28741	1,22483	28741	-1,22456	
28742	-0,540337	28742	1,40164	28742	-0,860871	
28743	-0,999744	28743	1,36602	28743	-0,365333	
28744	-1,30664	28744	1,12174	28744	0,184884	
28745	-1,41321	28745	0,706906	28745	0,707605	
28746	-1,30758	28746	0,183047	28746	1,12035	
28747	-0,999431	28747	-0,366739	28747	1,36562	
28748	-0,540962	28748	-0,860921	28748	1,40248	
28749	0,00126243	28749	-1,2239	28749	1,22502	
28750	0,541612	28750	-1,40196	28750	0,861641	
28751	0,999769	28751	-1,36541	28751	0,36704	
28752	1,3076	28752	-1,12082	28752	-0,182864	
28753	1,41292	28753	-0,708481	28753	-0,708085	
28754	1,30604	28754	-0,184935	28754	-1,12176	
28755	0,999769	28755	0,365788	28755	-1,3661	
28756	0,5413	28756	0,860908	28756	-1,40171	
28757	-0,000300176	28757	1,22452	28757	-1,22424	
28758	-0,541275	28758	1,40195	28758	-0,860871	
28759	-0,999431	28759	1,36665	28759	-0,364708	
28760	-1,30758	28760	1,12049	28760	0,184259	
28761	-1,41383	28761	0,706906	28761	0,707605	
28762	-1,30633	28762	0,184609	28762	1,12253	
28763	-0,998806	28763	-0,365802	28763	1,36593	
28764	-0,54065	28764	-0,859984	28764	1,4028	
28765	0,00126243	28765	-1,22422	28765	1,22564	
28766	0,541925	28766	-1,40196	28766	0,861641	
28767	0,997269	28767	-1,3676	28767	0,364228	
28768	1,30729	28768	-1,12207	28768	-0,184427	
28769	1,41542	28769	-0,706294	28769	-0,705273	
28770	1,30604	28770	-0,184935	28770	-1,12145	
28771	1,00102	28771	0,366725	28771	-1,36485	
28772	0,540675	28772	0,860283	28772	-1,4014	
28773	0,000637388	28773	1,22452	28773	-1,22424	
28774	-0,542212	28774	1,40101	28774	-0,862121	
28775	-1,00068	28775	1,36571	28775	-0,365645	
28776	-1,30789	28776	1,12049	28776	0,183947	
28777	-1,4129	28777	0,706906	28777	0,707605	
28778	-1,30508	28778	0,184921	28778	1,12285	
28779	-0,998806	28779	-0,366114	28779	1,36718	
28780	-0,540337	28780	-0,860609	28780	1,40217	
28781	-0,000925219	28781	-1,22578	28781	1,22408	
28782	0,540362	28782	-1,40227	28782	0,860079	
28783	0,999144	28783	-1,36604	28783	0,366102	
28784	1,30667	28784	-1,12207	28784	-0,184427	
28785	1,41542	28785	-0,706294	28785	-0,706523	
28786	1,3076	28786	-0,18431	28786	-1,12051	
28787	1,00071	28787	0,365788	28787	-1,36578	
28788	0,540987	28788	0,860596	28788	-1,40171	
28789	0,000637388	28789	1,22514	28789	-1,22393	
28790	-0,541587	28790	1,40226	28790	-0,861183	
28791	-0,998806	28791	1,36571	28791	-0,365333	
28792	-1,30601	28792	1,12143	28792	0,184571	
28793	-1,41321	28793	0,707218	28793	0,707918	
28794	-1,3057	28794	0,184921	28794	1,12285	
28795	-1,00068	28795	-0,365802	28795	1,36562	
28796	-0,5419	28796	-0,861546	28796	1,40186	
28797	0,000637388	28797	-1,22453	28797	1,2247	
28798	0,541612	28798	-1,40102	28798	0,861329	
28799	0,999769	28799	-1,36572	28799	0,366102	
28800	1,3076	28800	-1,12144	28800	-0,183802	
28801	1,41449	28801	-0,707231	28801	-0,706523	
28802	1,30979	28802	0,051848	28802	-1,00522	
28803	1,01321	28803	0,581329	28803	-1,22456	
28804	0,567239	28804	1,02397	28804	-1,26486	
28805	0,0365774	28805	1,31479	28805	-1,11801	
28806	-0,497834	28806	1,41351	28806	-0,80713	
28807	-0,957553	28807	1,30605	28807	-0,375331	
28808	-1,27945	28808	1,00273	28808	0,109272	
28809	-1,41352	28809	0,551341	28809	0,577316	
28810	-1,3357	28810	0,0212349	28810	0,962561	
28811	-1,0635	28811	-0,51262	28811	1,20502	
28812	-0,631594	28812	-0,970254	28812	1,27157	
28813	-0,11062	28813	-1,28607	28813	1,14909	
28814	0,429104	28814	-1,41227	28814	0,858829	
28815	0,905388	28815	-1,3298	28815	0,441714	
28816	1,24604	28816	-1,05303	28816	-0,0416391	
28817	1,40574	28817	-0,62039	28817	-0,517494	
28818	1,35823	28818	-0,0952822	28818	-0,917424	
28819	1,11165	28819	0,442946	28819	-1,18144	
28820	0,698186	28820	0,915574	28820	-1,27267	
28821	0,185963	28821	1,25513	28821	-1,17488	
28822	-0,355637	28822	1,40851	28822	-0,904613	
28823	-0,845671	28823	1,35384	28823	-0,501871	
28824	-1,21101	28824	1,10019	28824	-0,0250795	
28825	-1,39696	28825	0,685351	28825	0,456399	
28826	-1,37602	28826	0,16899	28826	0,870077	
28827	-1,15538	28827	-0,372049	28827	1,15597	
28828	-0,760977	28828	-0,857797	28828	1,27251	
28829	-0,257193	28829	-1,21797	28829	1,20033	
28830	0,285345	28830	-1,39821	28830	0,951626	
28831	0,785692	28831	-1,37416	28831	0,563256	
28832	1,17041	28832	-1,1455	28832	0,0920876	
28833	1,38292	28833	-0,749715	28833	-0,393453	
28834	1,39042	28834	-0,243662	28834	-0,82119	
28835	1,19541	28835	0,300189	28835	-1,12614	
28836	0,824132	28836	0,798745	28836	-1,2658	
28837	0,330035	28837	1,17953	28837	-1,21956	
28838	-0,211565	28838	1,38602	28838	-0,99366	
28839	-0,72285	28839	1,38945	28839	-0,620913	
28840	-1,12725	28840	1,18672	28840	-0,157869	
28841	-1,36696	28841	0,808741	28841	0,328296	
28842	-1,4029	28842	0,31612	28842	0,769157	
28843	-1,23382	28843	-0,227106	28843	1,09441	
28844	-0,882548	28844	-0,736595	28844	1,25782	
28845	-0,403453	28845	-1,13831	28845	1,23658	
28846	0,139084	28846	-1,36947	28846	1,03536	
28847	0,658808	28847	-1,40102	28847	0,679798	
28848	1,08009	28848	-1,22703	28848	0,22269	
28849	1,34386	28849	-0,870917	28849	-0,26535	
28850	1,40949	28850	-0,387356	28850	-0,713397	
28851	1,26979	28851	0,155245	28851	-1,05709	
28852	0,93914	28852	0,672232	28852	-1,24612	
28853	0,473483	28853	1,09238	28853	-1,24955	
28854	-0,0628045	28854	1,35041	28854	-1,07052	
28855	-0,592841	28855	1,40882	28855	-0,734643	
28856	-1,03193	28856	1,26044	28856	-0,288471	
28857	-1,32008	28857	0,927445	28857	0,199569	
28858	-1,41415	28858	0,457315	28858	0,657927	
28859	-1,30133	28859	-0,0824747	28859	1,01818	
28860	-0,992868	28860	-0,605708	28860	1,23251	
28861	-0,540337	28861	-1,04179	28861	1,26282	
28862	-0,00967582	28862	-1,32605	28862	1,10629	
28863	0,524424	28863	-1,41321	28863	0,788216	
28864	0,980393	28864	-1,29388	28864	0,354229	
28865	1,29198	28865	-0,981812	28865	-0,132561	
28866	1,41261	28866	-0,527614	28866	-0,600604	
28867	1,32698	28867	0,00655316	28867	-0,977726	
28868	1,04446	28868	0,538846	28868	-1,21206	
28869	0,608492	28869	0,990858	28869	-1,2683	
28870	0,0834556	28870	1,29793	28870	-1,13739	
28871	-0,454394	28871	1,41351	28871	-0,838375	
28872	-0,925051	28872	1,32198	28872	-0,416574	
28873	-1,26101	28873	1,03303	28873	0,0661546	
28874	-1,40977	28874	0,594137	28874	0,540447	
28875	-1,35008	28875	0,0684041	28875	0,935378	
28876	-1,09225	28876	-0,469199	28876	1,19158	
28877	-0,674721	28877	-0,937141	28877	1,27219	
28878	-0,156561	28878	-1,2667	28878	1,1669	
28879	0,385976	28879	-1,40946	28879	0,888824	
28880	0,867885	28880	-1,34667	28880	0,47952	
28881	1,22478	28881	-1,08302	28881	0,000853482	
28882	1,40167	28882	-0,660999	28882	-0,478438	
28883	1,37105	28883	-0,141514	28883	-0,887116	
28884	1,13884	28884	0,3989	28884	-1,16551	
28885	0,739751	28885	0,880588	28885	-1,27111	
28886	0,230966	28886	1,23201	28886	-1,18988	
28887	-0,312197	28887	1,40195	28887	-0,934921	
28888	-0,808481	28888	1,36634	28888	-0,539677	
28889	-1,18694	28889	1,12893	28889	-0,0663223	
28890	-1,38852	28890	0,724711	28890	0,416406	
28891	-1,38758	28891	0,215222	28891	0,83977	
28892	-1,17944	28892	-0,325817	28892	1,13847	
28893	-0,79848	28893	-0,819375	28893	1,27095	
28894	-0,302821	28894	-1,19454	28894	1,21314	
28895	0,239404	28895	-1,39196	28895	0,978496	
28896	0,746314	28896	-1,38447	28896	0,599187	
28897	1,14415	28897	-1,17205	28897	0,133643	
28898	1,37167	28898	-0,789387	28898	-0,35346	
28899	1,40011	28899	-0,288332	28899	-0,787134	
28900	1,22072	28900	0,254582	28900	-1,10552	
28901	0,860384	28901	0,759073	28901	-1,26143	
28902	0,375038	28902	1,15329	28902	-1,23081	
28903	-0,164999	28903	1,37727	28903	-1,01866	
28904	-0,682535	28904	1,39664	28904	-0,656844	
28905	-1,09881	28905	1,21108	28905	-0,199424	
28906	-1,35352	28906	0,848725	28906	0,289241	
28907	-1,40821	28907	0,359853	28907	0,735101	
28908	-1,25507	28908	-0,181499	28908	1,07254	
28909	-0,918176	28909	-0,696298	28909	1,25157	
28910	-0,444706	28910	-1,1077	28910	1,24782	
28911	0,0931438	28911	-1,35729	28911	1,05786	
28912	0,616305	28912	-1,4079	28912	0,713542	
28913	1,05071	28913	-1,24889	28913	0,264558	
28914	1,32948	28914	-0,907153	28914	-0,223795	
28915	1,41261	28915	-0,432026	28915	-0,679028	
28916	1,28885	28916	0,108701	28916	-1,03365	
28917	0,974455	28917	0,632559	28917	-1,23643	
28918	0,516611	28918	1,06177	28918	-1,25768	
28919	-0,0196765	28919	1,33385	28919	-1,09396	
28920	-0,5494	28920	1,41163	28920	-0,7687	
28921	-1,00006	28921	1,28106	28921	-0,329714	
28922	-1,30195	28922	0,961806	28922	0,158014	
28923	-1,41477	28923	0,499486	28923	0,62137	
28924	-1,31539	28924	-0,0328065	28924	0,996305	
28925	-1,02443	28925	-0,562912	28925	1,22189	
28926	-0,58409	28926	-1,01149	28926	1,26563	
28927	-0,055304	28927	-1,30887	28927	1,12691	
28928	0,480358	28928	-1,41508	28928	0,820398	
28929	0,946328	28929	-1,31106	28929	0,393598	
28930	1,27229	28930	-1,01524	28930	-0,0916304	
28931	1,41167	28931	-0,568848	28931	-0,561548	
28932	1,34386	28932	-0,0381169	28932	-0,948981	
28933	1,07446	28933	0,494488	28933	-1,2005	
28934	0,650682	28934	0,958058	28934	-1,2708	
28935	0,129084	28935	1,27887	28935	-1,15551	
28936	-0,409391	28936	1,41194	28936	-0,869307	
28937	-0,889424	28937	1,33666	28937	-0,456254	
28938	-1,23695	28938	1,06552	28938	0,0255367	
28939	-1,40321	28939	0,637245	28939	0,503578	
28940	-1,36289	28940	0,113387	28940	0,906008	
28941	-1,12163	28941	-0,425466	28941	1,17565	
28942	-0,716287	28942	-0,902155	28942	1,27251	
28943	-0,203127	28943	-1,2464	28943	1,18065	
28944	0,339411	28944	-1,40696	28944	0,917881	
28945	0,831945	28945	-1,35916	28945	0,518576	
28946	1,20166	28946	-1,11176	28946	0,0427212	
28947	1,39355	28947	-0,701608	28947	-0,439695	
28948	1,3823	28948	-0,187121	28948	-0,856497	
28949	1,16509	28949	0,353606	28949	-1,14863	
28950	0,777879	28950	0,843727	28950	-1,26955	
28951	0,275031	28951	1,20796	28951	-1,2055	
28952	-0,267194	28952	1,39601	28952	-0,961478	
28953	-0,769103	28953	1,37852	28953	-0,576858	
28954	-1,15975	28954	1,15611	28954	-0,107565	
28955	-1,37914	28955	0,765008	28955	0,378288	
28956	-1,39508	28956	0,261142	28956	0,808213	
28957	-1,20538	28957	-0,282084	28957	1,11847	
28958	-0,83942	28958	-0,784076	28958	1,26407	
28959	-0,347512	28959	-1,16861	28959	1,22533	
28960	0,193463	28960	-1,38259	28960	1,00474	
28961	0,707561	28961	-1,39228	28961	0,636055	
28962	1,30667	28962	-0,184622	28962	-1,12176	
28963	1,00196	28963	0,36735	28963	-1,36422	
28964	0,540675	28964	0,860908	28964	-1,4014	
28965	-0,00217531	28965	1,22295	28965	-1,22612	
28966	-0,540337	28966	1,40226	28966	-0,860246	
28967	-0,999744	28967	1,36665	28967	-0,364708	
28968	-1,3057	28968	1,12143	28968	0,184571	
28969	-1,41446	28969	0,705656	28969	0,706668	
28970	-1,30539	28970	0,185234	28970	1,12253	
28971	-0,998494	28971	-0,364865	28971	1,36718	
28972	-0,540962	28972	-0,860921	28972	1,40186	
28973	-0,000612698	28973	-1,22484	28973	1,22502	
28974	0,54005	28974	-1,40227	28974	0,860391	
28975	0,998832	28975	-1,36604	28975	0,36579	
28976	1,30635	28976	-1,12176	28976	-0,184427	
28977	1,41386	28977	-0,706606	28977	-0,706835	
28978	1,30792	28978	-0,18306	28978	-1,11989	
28979	1,00039	28979	0,365788	28979	-1,36578	
28980	0,541612	28980	0,86122	28980	-1,40109	
28981	0,00094991	28981	1,22514	28981	-1,22393	
28982	-0,54065	28982	1,40132	28982	-0,860559	
28983	-1,00099	28983	1,36509	28983	-0,366582	
28984	-1,3057	28984	1,12237	28984	0,185509	
28985	-1,41352	28985	0,707218	28985	0,70823	
28986	-1,3057	28986	0,184296	28986	1,12097	
28987	-1,00037	28987	-0,366114	28987	1,36624	
28988	-0,540962	28988	-0,860921	28988	1,40311	
28989	0,000637388	28989	-1,22422	28989	1,2247	
28990	0,539425	28990	-1,40352	28990	0,859142	
28991	1,00071	28991	-1,36541	28991	0,366415	
28992	1,3076	28992	-1,12082	28992	-0,183177	
28993	1,4148	28993	-0,705982	28993	-0,705586	
28994	1,30729	28994	-0,18431	28994	-1,12114	
28995	0,999769	28995	0,365788	28995	-1,36547	
28996	0,54005	28996	0,859971	28996	-1,40234	
28997	0,000324867	28997	1,22514	28997	-1,22424	
28998	-0,541275	28998	1,40164	28998	-0,860246	
28999	-0,999119	28999	1,36727	28999	-0,364708	
29000	-1,30601	29000	1,12081	29000	0,184571	
29001	-1,41477	29001	0,706281	29001	0,706668	
29002	-1,3057	29002	0,184609	29002	1,12285	
29003	-0,998806	29003	-0,366114	29003	1,36655	
29004	-0,54065	29004	-0,861546	29004	1,40123	
29005	0,000637388	29005	-1,22453	29005	1,22502	
29006	0,541925	29006	-1,40165	29006	0,861954	
29007	0,999457	29007	-1,36604	29007	0,365477	
29008	1,30698	29008	-1,12207	29008	-0,184427	
29009	1,4148	29009	-0,706606	29009	-0,706523	
29010	1,30667	29010	-0,184622	29010	-1,12145	
29011	0,999769	29011	0,366101	29011	-1,36516	
29012	0,540987	29012	0,860283	29012	-1,40109	
29013	0,00094991	29013	1,22545	29013	-1,22393	
29014	-0,540025	29014	1,40226	29014	-0,860246	
29015	-1,00006	29015	1,36571	29015	-0,365958	
29016	-1,30726	29016	1,12018	29016	0,184259	
29017	-1,41258	29017	0,706906	29017	0,707293	
29018	-1,3057	29018	0,183984	29018	1,12191	
29019	-0,997869	29019	-0,364552	29019	1,36718	
29020	-0,539712	29020	-0,859672	29020	1,40311	
29021	-0,000612698	29021	-1,22484	29021	1,2247	
29022	0,5413	29022	-1,40258	29022	0,861016	
29023	0,999144	29023	-1,36604	29023	0,36579	
29024	1,30573	29024	-1,12207	29024	-0,184427	
29025	1,41386	29025	-0,707544	29025	-0,70746	
29026	1,30729	29026	-0,183998	29026	-1,12083	
29027	1,00133	29027	0,36735	29027	-1,36391	
29028	0,5413	29028	0,861533	29028	-1,4014	
29029	1,23455E-5	29029	1,22483	29029	-1,22424	
29030	-0,54065	29030	1,40164	29030	-0,860871	
29031	-1,00006	29031	1,3654	29031	-0,365958	
29032	-1,30664	29032	1,12143	29032	0,184571	
29033	-1,41321	29033	0,706906	29033	0,70823	
29034	-1,30633	29034	0,184609	29034	1,1216	
29035	-0,999431	29035	-0,366114	29035	1,36593	
29036	-0,541275	29036	-0,860609	29036	1,40248	
29037	0,000324867	29037	-1,2239	29037	1,22502	
29038	0,541612	29038	-1,40196	29038	0,861016	
29039	0,998207	29039	-1,36697	29039	0,365477	
29040	1,30604	29040	-1,12207	29040	-0,184427	
29041	1,41417	29041	-0,707231	29041	-0,706523	
29042	1,30667	29042	-0,184935	29042	-1,12114	
29043	0,999769	29043	0,365476	29043	-1,36578	
29044	0,542237	29044	0,861533	29044	-1,40078	
29045	1,23455E-5	29045	1,2242	29045	-1,22424	
29046	-0,5419	29046	1,4007	29046	-0,861183	
29047	-1,00006	29047	1,36634	29047	-0,365333	
29048	-1,30601	29048	1,12206	29048	0,185196	
29049	-1,4129	29049	0,707218	29049	0,707293	
29050	-1,30539	29050	0,185234	29050	1,12253	
29051	-0,998494	29051	-0,365489	29051	1,36718	
29052	-0,540337	29052	-0,860296	29052	1,40311	
29053	-0,000612698	29053	-1,22578	29053	1,22345	
29054	0,540362	29054	-1,4029	29054	0,860391	
29055	0,999769	29055	-1,36572	29055	0,366415	
29056	1,30729	29056	-1,12113	29056	-0,184114	
29057	1,41417	29057	-0,706919	29057	-0,706523	
29058	1,30854	29058	-0,18306	29058	-1,12051	
29059	1,00071	29059	0,365788	29059	-1,36516	
29060	0,539737	29060	0,859971	29060	-1,40203	
29061	1,23455E-5	29061	1,2242	29061	-1,22487	
29062	-0,540962	29062	1,40164	29062	-0,860246	
29063	-1,00006	29063	1,3654	29063	-0,365645	
29064	-1,3057	29064	1,12174	29064	0,185196	
29065	-1,41321	29065	0,707843	29065	0,708543	
29066	-1,30508	29066	0,185234	29066	1,12285	
29067	-0,999431	29067	-0,366427	29067	1,36593	
29068	-0,541275	29068	-0,861234	29068	1,40248	
