Time - Plot 0	Amplitude - Plot 0	Time - Plot 1	Amplitude - Plot 1	Time - Plot 2	Amplitude - Plot 2	
27895	-0,642844	27895	-0,643194	27895	-0,642159	
27896	-0,540962	27896	-0,541358	27896	-0,540615	
27897	-0,43658	27897	-0,436712	27897	-0,437195	
27898	-0,329073	27898	-0,329254	27898	-0,328464	
27899	-0,219378	27899	-0,220233	27899	-0,220045	
27900	-0,11187	27900	-0,112151	27900	-0,111314	
27901	1,23455E-5	27901	-0,000319168	27901	-8,38547E-5	
27902	0,110645	27902	0,110575	27902	0,111459	
27903	0,221903	27903	0,221157	27903	0,221752	
27904	0,330973	27904	0,330177	27904	0,330484	
27905	0,436918	27905	0,436698	27905	0,43734	
27906	0,541925	27906	0,54197	27906	0,541697	
27907	0,641932	27907	0,641618	27907	0,641367	
27908	0,738188	27908	0,738143	27908	0,739475	
27909	0,831007	27909	0,830607	27909	0,831021	
27910	0,917888	27910	0,918073	27910	0,918194	
27911	0,999457	27911	0,999604	27911	1,00037	
27912	1,07634	27912	1,07582	27912	1,07692	
27913	1,14572	27913	1,14548	27913	1,14565	
27914	1,2051	27914	1,20515	27914	1,20564	
27915	1,26072	27915	1,26044	27915	1,26095	
27916	1,30729	27916	1,30667	27916	1,30719	
27917	1,34479	27917	1,34541	27917	1,34593	
27918	1,37636	27918	1,37571	27918	1,3753	
27919	1,39792	27919	1,39757	27919	1,39874	
27920	1,41105	27920	1,40976	27920	1,4103	
27921	1,4123	27921	1,41288	27921	1,4128	
27922	1,40855	27922	1,40882	27922	1,40873	
27923	1,39667	27923	1,39664	27923	1,39749	
27924	1,37511	27924	1,3754	27924	1,3753	
27925	1,34448	27925	1,34447	27925	1,34531	
27926	1,30729	27926	1,30667	27926	1,30688	
27927	1,26041	27927	1,26013	27927	1,26095	
27928	1,20572	27928	1,20484	27928	1,20502	
27929	1,14447	27929	1,14361	27929	1,1444	
27930	1,07602	27930	1,07489	27930	1,07535	
27931	1,00008	27931	0,999917	27931	1,00037	
27932	0,919139	27932	0,918698	27932	0,919131	
27933	0,831945	27933	0,831545	27933	0,832584	
27934	0,739126	27934	0,738768	27934	0,739162	
27935	0,641619	27935	0,641618	27935	0,641992	
27936	0,539737	27936	0,540408	27936	0,540447	
27937	0,436605	27937	0,437323	27937	0,437028	
27938	0,330348	27938	0,330177	27938	0,330171	
27939	0,221903	27939	0,221469	27939	0,221752	
27940	0,11127	27940	0,110888	27940	0,111459	
27941	0,00126243	27941	0,000617967	27941	0,00147837	
27942	-0,112183	27942	-0,112151	27942	-0,111627	
27943	-0,220628	27943	-0,220546	27943	-0,220358	
27944	-0,329385	27944	-0,329566	27944	-0,328777	
27945	-0,436893	27945	-0,437024	27945	-0,436883	
27946	-0,541275	27946	-0,541671	27946	-0,541552	
27947	-0,641594	27947	-0,642569	27947	-0,641534	
27948	-0,738788	27948	-0,738781	27948	-0,73808	
27949	-0,830982	27949	-0,831245	27949	-0,831814	
27950	-0,919426	27950	-0,919024	27950	-0,918361	
27951	-0,998806	27951	-0,999305	27951	-0,999597	
27952	-1,07444	27952	-1,07459	27952	-1,07458	
27953	-1,14319	27953	-1,14362	27953	-1,14301	
27954	-1,20413	27954	-1,20516	27954	-1,20425	
27955	-1,25757	27955	-1,25858	27955	-1,2583	
27956	-1,30633	27956	-1,30668	27956	-1,30611	
27957	-1,3457	27957	-1,34511	27957	-1,34547	
27958	-1,37477	27958	-1,37478	27958	-1,37484	
27959	-1,39602	27959	-1,39665	27959	-1,3964	
27960	-1,40977	27960	-1,40914	27960	-1,4089	
27961	-1,41258	27961	-1,41383	27961	-1,41265	
27962	-1,4079	27962	-1,40883	27962	-1,40765	
27963	-1,39758	27963	-1,3979	27963	-1,39703	
27964	-1,37539	27964	-1,37572	27964	-1,37547	
27965	-1,3457	27965	-1,34604	27965	-1,34454	
27966	-1,3057	27966	-1,30637	27966	-1,30548	
27967	-1,2607	27967	-1,26014	27967	-1,25986	
27968	-1,20445	27968	-1,20454	27968	-1,20394	
27969	-1,14288	27969	-1,14331	27969	-1,14301	
27970	-1,07537	27970	-1,07521	27970	-1,07552	
27971	-1,00006	27971	-0,999617	27971	-0,999909	
27972	-0,919426	27972	-0,919336	27972	-0,918986	
27973	-0,830045	27973	-0,83062	27973	-0,829626	
27974	-0,738476	27974	-0,739406	27974	-0,73808	
27975	-0,640969	27975	-0,641319	27975	-0,640597	
27976	-0,540337	27976	-0,540421	27976	-0,540302	
27977	-0,437205	27977	-0,437961	27977	-0,436258	
27978	-0,329698	27978	-0,329878	27978	-0,329401	
27979	-0,222503	27979	-0,222108	27979	-0,222233	
27980	-0,111245	27980	-0,112151	27980	-0,110377	
27981	0,000324867	27981	-0,000319168	27981	0,000541036	
27982	0,111583	27982	0,111512	27982	0,112084	
27983	0,22159	27983	0,221782	27983	0,222065	
27984	0,32941	27984	0,329865	27984	0,329546	
27985	0,436918	27985	0,436386	27985	0,437028	
27986	0,539737	27986	0,539783	27986	0,540759	
27987	0,642244	27987	0,641618	27987	0,641992	
27988	0,737563	27988	0,737831	27988	0,738225	
27989	0,83132	27989	0,83092	27989	0,831334	
27990	0,919451	27990	0,91901	27990	0,919756	
27991	0,999457	27991	0,999292	27991	0,999742	
27992	1,07602	27992	1,0752	27992	1,07629	
27993	1,14415	27993	1,14392	27993	1,1444	
27994	1,20603	27994	1,20546	27994	1,20596	
27995	1,25979	27995	1,25982	27995	1,2597	
27996	1,30729	27996	1,30761	27996	1,3075	
27997	1,34698	27997	1,34634	27997	1,34718	
27998	1,37355	27998	1,37383	27998	1,37436	
27999	1,3973	27999	1,39695	27999	1,3978	
28000	1,4098	28000	1,40944	28000	1,40998	
28001	1,41355	28001	1,41319	28001	1,41311	
28002	1,40917	28002	1,40882	28002	1,40905	
28003	1,39667	28003	1,39664	28003	1,39717	
28004	1,37605	28004	1,37633	28004	1,37718	
28005	1,34511	28005	1,34478	28005	1,34531	
28006	1,30698	28006	1,30667	28006	1,30719	
28007	1,2601	28007	1,26013	28007	1,26032	
28008	1,2051	28008	1,20577	28008	1,20533	
28009	1,14353	28009	1,14267	28009	1,14347	
28010	1,07665	28010	1,07614	28010	1,07723	
28011	1,00133	28011	1,00179	28011	1,00193	
28012	0,918826	28012	0,917761	28012	0,918506	
28013	0,831007	28013	0,830607	28013	0,831646	
28014	0,737251	28014	0,737206	28014	0,7376	
28015	0,641932	28015	0,641931	28015	0,641679	
28016	0,541925	28016	0,541033	28016	0,542009	
28017	0,436918	28017	0,437323	28017	0,437028	
28018	0,33066	28018	0,330177	28018	0,330484	
28019	0,22159	28019	0,221469	28019	0,221752	
28020	0,110957	28020	0,110575	28020	0,111147	
28021	0,000324867	28021	-6,7895E-6	28021	0,000853482	
28022	-0,110308	28022	-0,110589	28022	-0,110377	
28023	-0,221253	28023	-0,221483	28023	-0,221295	
28024	-0,329698	28024	-0,329878	28024	-0,329089	
28025	-0,436268	28025	-0,436399	28025	-0,435633	
28026	-0,5394	28026	-0,539796	28026	-0,539677	
28027	-0,642219	28027	-0,641944	28027	-0,641847	
28028	-0,739413	28028	-0,740031	28028	-0,738705	
28029	-0,83067	28029	-0,83062	28029	-0,830564	
28030	-0,919426	28030	-0,919961	28030	-0,919923	
28031	-1,00068	28031	-1,00055	28031	-0,999597	
28032	-1,07537	28032	-1,0749	28032	-1,07458	
28033	-1,1435	28033	-1,14425	28033	-1,14395	
28034	-1,20445	28034	-1,20516	28034	-1,20487	
28035	-1,25914	28035	-1,25952	28035	-1,25924	
28036	-1,3057	28036	-1,30575	28036	-1,30548	
28037	-1,34602	28037	-1,34573	28037	-1,34547	
28038	-1,37477	28038	-1,3751	28038	-1,37422	
28039	-1,39633	28039	-1,39602	28039	-1,39546	
28040	-1,4104	28040	-1,41071	28040	-1,40984	
28041	-1,41227	28041	-1,41352	28041	-1,41327	
28042	-1,40977	28042	-1,40946	28042	-1,40859	
28043	-1,39602	28043	-1,39602	28043	-1,39546	
28044	-1,37446	28044	-1,37541	28044	-1,37516	
28045	-1,34508	28045	-1,34511	28045	-1,34516	
28046	-1,30695	28046	-1,30637	28046	-1,30642	
28047	-1,25945	28047	-1,25983	28047	-1,25986	
28048	-1,2057	28048	-1,2061	28048	-1,20519	
28049	-1,1435	28049	-1,14456	28049	-1,14332	
28050	-1,07444	28050	-1,07459	28050	-1,07396	
28051	-1,00068	28051	-1,00087	28051	-1,00053	
28052	-0,917863	28052	-0,919336	28052	-0,917736	
28053	-0,832857	28053	-0,832182	28053	-0,831814	
28054	-0,738476	28054	-0,738469	28054	-0,738392	
28055	-0,642219	28055	-0,641632	28055	-0,641534	
28056	-0,540337	28056	-0,540734	28056	-0,540615	
28057	-0,43658	28057	-0,436712	28057	-0,435945	
28058	-0,330323	28058	-0,330503	28058	-0,330026	
28059	-0,221565	28059	-0,221483	28059	-0,22067	
28060	-0,111245	28060	-0,111838	28060	-0,11069	
28061	-0,00123774	28061	-0,0012563	28061	-0,000708746	
28062	0,110645	28062	0,1112	28062	0,111147	
28063	0,222215	28063	0,222094	28063	0,222377	
28064	0,330973	28064	0,330802	28064	0,331108	
28065	0,436605	28065	0,436698	28065	0,436715	
28066	0,541612	28066	0,541345	28066	0,541697	
28067	0,641619	28067	0,641618	28067	0,641679	
28068	0,738501	28068	0,738456	28068	0,739787	
28069	0,831945	28069	0,831232	28069	0,831646	
28070	0,919451	28070	0,919323	28070	0,919756	
28071	1,00196	28071	1,00148	28071	1,00162	
28072	1,07415	28072	1,07426	28072	1,0741	
28073	1,14384	28073	1,14361	28073	1,14378	
28074	1,20572	28074	1,20577	28074	1,20627	
28075	1,2601	28075	1,26075	28075	1,26001	
28076	1,30635	28076	1,30636	28076	1,30656	
28077	1,34636	28077	1,34603	28077	1,34687	
28078	1,37511	28078	1,37477	28078	1,37499	
28079	1,39667	28079	1,39601	28079	1,39655	
28080	1,41011	28080	1,41007	28080	1,40967	
28081	1,41355	28081	1,41288	28081	1,41342	
28082	1,41074	28082	1,40913	28082	1,41061	
28083	1,39667	28083	1,39632	28083	1,39655	
28084	1,37605	28084	1,37571	28084	1,37624	
28085	1,34479	28085	1,34447	28085	1,34562	
28086	1,30573	28086	1,30511	28086	1,30531	
28087	1,25916	28087	1,25982	28087	1,2597	
28088	1,20541	28088	1,20546	28088	1,20564	
28089	1,14353	28089	1,14361	28089	1,14378	
28090	1,0754	28090	1,0752	28090	1,07567	
28091	1,00102	28091	1,00117	28091	1,0013	
28092	0,919451	28092	0,91901	28092	0,919756	
28093	0,830695	28093	0,830295	28093	0,831021	
28094	0,738501	28094	0,738456	28094	0,739162	
28095	0,640682	28095	0,641618	28095	0,641367	
28096	0,541612	28096	0,54072	28096	0,541384	
28097	0,43598	28097	0,436073	28097	0,436715	
28098	0,330973	28098	0,33049	28098	0,330796	
28099	0,22284	28099	0,222094	28099	0,22269	
28100	0,110957	28100	0,110263	28100	0,111459	
28101	1,23455E-5	28101	-6,7895E-6	28101	0,000541036	
28102	-0,111558	28102	-0,111838	28102	-0,11069	
28103	-0,220628	28103	-0,220233	28103	-0,22067	
28104	-0,330323	28104	-0,330503	28104	-0,330339	
28105	-0,43658	28105	-0,436087	28105	-0,435945	
28106	-0,540337	28106	-0,541046	28106	-0,540615	
28107	-0,642532	28107	-0,641944	28107	-0,642159	
28108	-0,739413	28108	-0,739406	28108	-0,73933	
28109	-0,83192	28109	-0,83187	28109	-0,830876	
28110	-0,918801	28110	-0,919024	28110	-0,918673	
28111	-0,999119	28111	-1,00024	28111	-0,999597	
28112	-1,07381	28112	-1,07459	28112	-1,07396	
28113	-1,14257	28113	-1,14237	28113	-1,1427	
28114	-1,20445	28114	-1,20485	28114	-1,20519	
28115	-1,2607	28115	-1,26077	28115	-1,26018	
28116	-1,30695	28116	-1,30668	28116	-1,30642	
28117	-1,34445	28117	-1,34479	28117	-1,34391	
28118	-1,37571	28118	-1,37634	28118	-1,37484	
28119	-1,39602	28119	-1,39665	28119	-1,39578	
28120	-1,40915	28120	-1,40883	28120	-1,40828	
28121	-1,41321	28121	-1,41383	28121	-1,41327	
28122	-1,4104	28122	-1,41008	28122	-1,40921	
28123	-1,39665	28123	-1,39696	28123	-1,39671	
28124	-1,37508	28124	-1,37541	28124	-1,37484	
28125	-1,34664	28125	-1,34636	28125	-1,34672	
28126	-1,30664	28126	-1,307	28126	-1,30579	
28127	-1,25945	28127	-1,25983	28127	-1,25924	
28128	-1,20507	28128	-1,20485	28128	-1,20487	
28129	-1,1435	28129	-1,14456	28129	-1,14301	
28130	-1,07506	28130	-1,07584	28130	-1,07458	
28131	-0,999744	28131	-0,999305	28131	-0,999284	
28132	-0,920363	28132	-0,919648	28132	-0,919298	
28133	-0,83067	28133	-0,831245	28133	-0,829939	
28134	-0,738476	28134	-0,737844	28134	-0,738392	
28135	-0,641907	28135	-0,642569	28135	-0,641847	
28136	-0,540337	28136	-0,540421	28136	-0,540302	
28137	-0,436893	28137	-0,437024	28137	-0,43657	
28138	-0,329698	28138	-0,330503	28138	-0,329714	
28139	-0,223128	28139	-0,223045	28139	-0,222233	
28140	-0,110933	28140	-0,111213	28140	-0,110377	
28141	0,00094991	28141	0,000617967	28141	0,00147837	
28142	0,111583	28142	0,110888	28142	0,111459	
28143	0,22159	28143	0,221469	28143	0,222065	
28144	0,329098	28144	0,328928	28144	0,329234	
28145	0,436918	28145	0,436073	28145	0,437028	
28146	0,54005	28146	0,539783	28146	0,539822	
28147	0,643494	28147	0,642868	28147	0,643242	
28148	0,740376	28148	0,739393	28148	0,740412	
28149	0,83132	28149	0,831232	28149	0,831334	
28150	0,918826	28150	0,918073	28150	0,918506	
28151	0,999457	28151	0,999604	28151	1,00005	
28152	1,07509	28152	1,07582	28152	1,07535	
28153	1,14415	28153	1,14392	28153	1,14472	
28154	1,20728	28154	1,20609	28154	1,20721	
28155	1,26166	28155	1,26169	28155	1,26157	
28156	1,30604	28156	1,30574	28156	1,30594	
28157	1,34479	28157	1,34447	28157	1,34562	
28158	1,3748	28158	1,37508	28158	1,3753	
28159	1,39511	28159	1,39508	28159	1,39624	
28160	1,40886	28160	1,40788	28160	1,40905	
28161	1,41449	28161	1,41444	28161	1,41467	
28162	1,41136	28162	1,41069	28162	1,41092	
28163	1,39636	28163	1,3957	28163	1,39624	
28164	1,37417	28164	1,37415	28164	1,37405	
28165	1,34573	28165	1,34447	28165	1,34562	
28166	1,30635	28166	1,30605	28166	1,30656	
28167	1,25916	28167	1,25857	28167	1,25938	
28168	1,20572	28168	1,20609	28168	1,20627	
28169	1,14478	28169	1,14392	28169	1,14472	
28170	1,0754	28170	1,07457	28170	1,07473	
28171	1,00102	28171	1,00085	28171	1,00068	
28172	0,917888	28172	0,918073	28172	0,919131	
28173	0,831945	28173	0,83092	28173	0,831646	
28174	0,736938	28174	0,737519	28174	0,7376	
28175	0,641932	28175	0,642243	28175	0,642617	
28176	0,540675	28176	0,541657	28176	0,541384	
28177	0,437855	28177	0,437635	28177	0,43734	
28178	0,329723	28178	0,330177	28178	0,330796	
28179	0,222215	28179	0,221157	28179	0,221752	
28180	0,11252	28180	0,112137	28180	0,112084	
28181	-0,000612698	28181	-0,000943924	28181	-0,0003963	
28182	-0,11062	28182	-0,111213	28182	-0,11069	
28183	-0,222503	28183	-0,222108	28183	-0,221608	
28184	-0,330323	28184	-0,331128	28184	-0,330339	
28185	-0,43658	28185	-0,437024	28185	-0,43657	
28186	-0,54065	28186	-0,540109	28186	-0,540927	
28187	-0,640657	28187	-0,641632	28187	-0,640597	
28188	-0,740038	28188	-0,739718	28188	-0,739642	
28189	-0,831607	28189	-0,831558	28189	-0,831501	
28190	-0,918176	28190	-0,918711	28190	-0,918361	
28191	-1,00037	28191	-1,00024	28191	-0,999597	
28192	-1,07569	28192	-1,07584	28192	-1,07521	
28193	-1,14288	28193	-1,14394	28193	-1,1427	
28194	-1,20382	28194	-1,20454	28194	-1,20425	
28195	-1,25976	28195	-1,25983	28195	-1,25893	
28196	-1,30633	28196	-1,30731	28196	-1,30642	
28197	-1,3457	28197	-1,34573	28197	-1,34485	
28198	-1,37446	28198	-1,37541	28198	-1,37453	
28199	-1,39758	28199	-1,39759	28199	-1,39671	
28200	-1,40946	28200	-1,40946	28200	-1,40921	
28201	-1,41321	28201	-1,41414	28201	-1,41327	
28202	-1,40946	28202	-1,40914	28202	-1,40859	
28203	-1,39665	28203	-1,39665	28203	-1,39546	
28204	-1,37508	28204	-1,3751	28204	-1,37453	
28205	-1,34445	28205	-1,34511	28205	-1,34454	
28206	-1,30633	28206	-1,307	28206	-1,30642	
28207	-1,25914	28207	-1,2592	28207	-1,25861	
28208	-1,20445	28208	-1,20516	28208	-1,20487	
28209	-1,14288	28209	-1,14362	28209	-1,14363	
28210	-1,07475	28210	-1,0749	28210	-1,07396	
28211	-0,999744	28211	-0,999617	28211	-0,999284	
28212	-0,917863	28212	-0,918399	28212	-0,918049	
28213	-0,831295	28213	-0,83187	28213	-0,831814	
28214	-0,738476	28214	-0,738157	28214	-0,737455	
28215	-0,641594	28215	-0,641944	28215	-0,641534	
28216	-0,54065	28216	-0,541358	28216	-0,540302	
28217	-0,436268	28217	-0,437024	28217	-0,435945	
28218	-0,32876	28218	-0,329566	28218	-0,329401	
28219	-0,220628	28219	-0,221171	28219	-0,220358	
28220	-0,11187	28220	-0,112775	28220	-0,111002	
28221	0,00126243	28221	0,00124272	28221	0,00147837	
28222	0,11127	28222	0,1112	28222	0,111772	
28223	0,221903	28223	0,221782	28223	0,221128	
28224	0,330348	28224	0,329865	28224	0,330796	
28225	0,43848	28225	0,43826	28225	0,437652	
28226	0,540987	28226	0,541033	28226	0,542009	
28227	0,640994	28227	0,640681	28227	0,641367	
28228	0,737876	28228	0,737519	28228	0,738225	
28229	0,83132	28229	0,831545	28229	0,831646	
28230	0,918826	28230	0,918698	28230	0,918506	
28231	1,00102	28231	1,00023	28231	1,00068	
28232	1,07509	28232	1,07457	28232	1,07535	
28233	1,14478	28233	1,14361	28233	1,14409	
28234	1,20447	28234	1,20515	28234	1,20533	
28235	1,25947	28235	1,2595	28235	1,26032	
28236	1,30823	28236	1,30761	28236	1,30781	
28237	1,34511	28237	1,34478	28237	1,34531	
28238	1,37511	28238	1,37477	28238	1,37561	
28239	1,39698	28239	1,39664	28239	1,39717	
28240	1,41074	28240	1,40976	28240	1,4103	
28241	1,41324	28241	1,41288	28241	1,41373	
28242	1,41167	28242	1,41069	28242	1,41123	
28243	1,39761	28243	1,39757	28243	1,39842	
28244	1,37573	28244	1,37602	28244	1,37593	
28245	1,34511	28245	1,34541	28245	1,34531	
28246	1,30667	28246	1,30636	28246	1,30656	
28247	1,2601	28247	1,25919	28247	1,26001	
28248	1,20416	28248	1,20452	28248	1,20471	
28249	1,14415	28249	1,14424	28249	1,14409	
28250	1,07602	28250	1,07551	28250	1,07629	
28251	0,999769	28251	0,999604	28251	0,99943	
28252	0,920389	28252	0,91901	28252	0,919756	
28253	0,830695	28253	0,830295	28253	0,831959	
28254	0,740064	28254	0,739705	28254	0,739475	
28255	0,640057	28255	0,639744	28255	0,64043	
28256	0,540987	28256	0,541033	28256	0,541697	
28257	0,437855	28257	0,437323	28257	0,437965	
28258	0,330035	28258	0,330177	28258	0,330484	
28259	0,222528	28259	0,221469	28259	0,221752	
28260	0,110645	28260	0,110888	28260	0,110834	
28261	0,00094991	28261	0,000305589	28261	0,00116593	
28262	-0,111558	28262	-0,112151	28262	-0,111314	
28263	-0,22094	28263	-0,221483	28263	-0,220983	
28264	-0,329698	28264	-0,330503	28264	-0,329714	
28265	-0,43658	28265	-0,437024	28265	-0,43657	
28266	-0,540337	28266	-0,540421	28266	-0,53999	
28267	-0,641907	28267	-0,641944	28267	-0,641222	
28268	-0,738788	28268	-0,739406	28268	-0,739017	
28269	-0,831295	28269	-0,832182	28269	-0,831501	
28270	-0,919113	28270	-0,919648	28270	-0,918673	
28271	-0,999744	28271	-0,999305	28271	-0,998972	
28272	-1,07381	28272	-1,07428	28272	-1,07396	
28273	-1,14288	28273	-1,14456	28273	-1,14332	
28274	-1,20445	28274	-1,20422	28274	-1,20425	
28275	-1,25882	28275	-1,25889	28275	-1,2583	
28276	-1,30695	28276	-1,307	28276	-1,30673	
28277	-1,34539	28277	-1,34604	28277	-1,34422	
28278	-1,37446	28278	-1,37541	28278	-1,37484	
28279	-1,39696	28279	-1,39634	28279	-1,3964	
28280	-1,40977	28280	-1,40977	28280	-1,4089	
28281	-1,4129	28281	-1,41321	28281	-1,41296	
28282	-1,40852	28282	-1,40914	28282	-1,4089	
28283	-1,3979	28283	-1,39759	28283	-1,39671	
28284	-1,37539	28284	-1,37541	28284	-1,37516	
28285	-1,3457	28285	-1,34511	28285	-1,34516	
28286	-1,3057	28286	-1,30606	28286	-1,30548	
28287	-1,25851	28287	-1,2592	28287	-1,25893	
28288	-1,20507	28288	-1,20579	28288	-1,20519	
28289	-1,14194	28289	-1,143	28289	-1,14207	
28290	-1,07569	28290	-1,07584	28290	-1,07615	
28291	-1,00037	28291	-0,999929	28291	-1,00022	
28292	-0,918488	28292	-0,918711	28292	-0,918361	
28293	-0,830357	28293	-0,83062	28293	-0,830876	
28294	-0,738163	28294	-0,738469	28294	-0,73808	
28295	-0,641282	28295	-0,641944	28295	-0,640909	
28296	-0,54065	28296	-0,540734	28296	-0,540615	
28297	-0,437205	28297	-0,437649	28297	-0,436883	
28298	-0,330635	28298	-0,330815	28298	-0,329714	
28299	-0,221253	28299	-0,221171	28299	-0,221608	
28300	-0,11062	28300	-0,111213	28300	-0,110377	
28301	0,00126243	28301	0,000305589	28301	0,00116593	
28302	0,110957	28302	0,1112	28302	0,111147	
28303	0,22284	28303	0,222094	28303	0,223002	
28304	0,32941	28304	0,328928	28304	0,330171	
28305	0,43723	28305	0,437011	28305	0,43734	
28306	0,539737	28306	0,539783	28306	0,540447	
28307	0,642244	28307	0,641931	28307	0,642304	
28308	0,737876	28308	0,737831	28308	0,73885	
28309	0,832883	28309	0,832482	28309	0,832896	
28310	0,919451	28310	0,919323	28310	0,920381	
28311	0,999144	28311	0,998979	28311	0,999742	
28312	1,0754	28312	1,07582	28312	1,07629	
28313	1,14447	28313	1,14361	28313	1,14472	
28314	1,20666	28314	1,20577	28314	1,20596	
28315	1,26104	28315	1,26044	28315	1,26095	
28316	1,30854	28316	1,30792	28316	1,30813	
28317	1,34667	28317	1,34603	28317	1,34656	
28318	1,37448	28318	1,37477	28318	1,37499	
28319	1,3973	28319	1,39664	28319	1,39686	
28320	1,40917	28320	1,40913	28320	1,40936	
28321	1,41386	28321	1,41351	28321	1,41373	
28322	1,40855	28322	1,40757	28322	1,40811	
28323	1,39761	28323	1,39757	28323	1,39811	
28324	1,37636	28324	1,37633	28324	1,37561	
28325	1,34479	28325	1,34447	28325	1,34531	
28326	1,30729	28326	1,30667	28326	1,30719	
28327	1,25979	28327	1,26013	28327	1,26032	
28328	1,20541	28328	1,20515	28328	1,20596	
28329	1,14197	28329	1,14236	28329	1,14222	
28330	1,07509	28330	1,07489	28330	1,07535	
28331	1,00039	28331	1,00117	28331	1,0013	
28332	0,918826	28332	0,918073	28332	0,918506	
28333	0,831945	28333	0,832169	28333	0,832271	
28334	0,737876	28334	0,737831	28334	0,738538	
28335	0,642557	28335	0,641931	28335	0,641992	
28336	0,540362	28336	0,54072	28336	0,540447	
28337	0,436918	28337	0,436386	28337	0,43734	
28338	0,329723	28338	0,329552	28338	0,330171	
28339	0,222215	28339	0,221469	28339	0,222065	
28340	0,110645	28340	0,110888	28340	0,111772	
28341	0,000637388	28341	0,000305589	28341	0,000853482	
28342	-0,110933	28342	-0,111526	28342	-0,11069	
28343	-0,22219	28343	-0,222733	28343	-0,221608	
28344	-0,329698	28344	-0,330503	28344	-0,329714	
28345	-0,435018	28345	-0,43515	28345	-0,43532	
28346	-0,541275	28346	-0,541671	28346	-0,541552	
28347	-0,641594	28347	-0,641007	28347	-0,641534	
28348	-0,739101	28348	-0,738781	28348	-0,73808	
28349	-0,830357	28349	-0,83062	28349	-0,829939	
28350	-0,919426	28350	-0,920273	28350	-0,919923	
28351	-1,00006	28351	-1,00055	28351	-1,00053	
28352	-1,07475	28352	-1,0749	28352	-1,07458	
28353	-1,14382	28353	-1,14425	28353	-1,14426	
28354	-1,20476	28354	-1,20516	28354	-1,20487	
28355	-1,25914	28355	-1,25889	28355	-1,25893	
28356	-1,30539	28356	-1,30575	28356	-1,30517	
28357	-1,34539	28357	-1,34604	28357	-1,34547	
28358	-1,37571	28358	-1,37603	28358	-1,37484	
28359	-1,39727	28359	-1,39665	28359	-1,3964	
28360	-1,40852	28360	-1,40914	28360	-1,40859	
28361	-1,41415	28361	-1,41383	28361	-1,41359	
28362	-1,40883	28362	-1,40821	28362	-1,40859	
28363	-1,39571	28363	-1,39602	28363	-1,39453	
28364	-1,37477	28364	-1,37541	28364	-1,37516	
28365	-1,34602	28365	-1,34511	28365	-1,34485	
28366	-1,30601	28366	-1,30668	28366	-1,30579	
28367	-1,25945	28367	-1,25983	28367	-1,25955	
28368	-1,20538	28368	-1,20547	28368	-1,2055	
28369	-1,14319	28369	-1,14331	28369	-1,14363	
28370	-1,07475	28370	-1,07459	28370	-1,07396	
28371	-1,00131	28371	-1,00087	28371	-1,00085	
28372	-0,918488	28372	-0,918711	28372	-0,918673	
28373	-0,83192	28373	-0,831558	28373	-0,831189	
28374	-0,738163	28374	-0,738781	28374	-0,738392	
28375	-0,640969	28375	-0,641319	28375	-0,640909	
28376	-0,54065	28376	-0,540421	28376	-0,540302	
28377	-0,435643	28377	-0,436712	28377	-0,435945	
28378	-0,330635	28378	-0,33144	28378	-0,330651	
28379	-0,221565	28379	-0,221171	28379	-0,22067	
28380	-0,11062	28380	-0,110901	28380	-0,11069	
28381	0,000637388	28381	0,000617967	28381	0,000853482	
28382	0,111895	28382	0,111512	28382	0,112084	
28383	0,22159	28383	0,221157	28383	0,22269	
28384	0,330973	28384	0,33049	28384	0,331108	
28385	0,436292	28385	0,435761	28385	0,43609	
28386	0,5413	28386	0,541345	28386	0,541697	
28387	0,641932	28387	0,642243	28387	0,641992	
28388	0,739126	28388	0,73908	28388	0,739162	
28389	0,830695	28389	0,831545	28389	0,831646	
28390	0,918826	28390	0,91901	28390	0,919131	
28391	1,00102	28391	1,00148	28391	1,00162	
28392	1,07477	28392	1,07489	28392	1,07473	
28393	1,14415	28393	1,14392	28393	1,1444	
28394	1,20572	28394	1,2064	28394	1,20627	
28395	1,26104	28395	1,26044	28395	1,26063	
28396	1,30667	28396	1,30605	28396	1,30688	
28397	1,34604	28397	1,34572	28397	1,34624	
28398	1,37573	28398	1,37571	28398	1,37593	
28399	1,39605	28399	1,3957	28399	1,39655	
28400	1,41011	28400	1,41007	28400	1,41061	
28401	1,41355	28401	1,41288	28401	1,41405	
28402	1,4098	28402	1,40944	28402	1,40998	
28403	1,39698	28403	1,39632	28403	1,39686	
28404	1,37667	28404	1,37633	28404	1,37686	
28405	1,34542	28405	1,34572	28405	1,34593	
28406	1,30604	28406	1,30574	28406	1,30594	
28407	1,25916	28407	1,2595	28407	1,26001	
28408	1,20478	28408	1,20515	28408	1,20533	
28409	1,14384	28409	1,14361	28409	1,14409	
28410	1,07509	28410	1,07489	28410	1,07504	
28411	0,999457	28411	0,999917	28411	1,00037	
28412	0,920389	28412	0,919323	28412	0,919756	
28413	0,831007	28413	0,83092	28413	0,831959	
28414	0,738501	28414	0,738456	28414	0,73885	
28415	0,641307	28415	0,641618	28415	0,641679	
28416	0,540362	28416	0,539783	28416	0,539822	
28417	0,436918	28417	0,437323	28417	0,437028	
28418	0,331598	28418	0,331114	28418	0,331421	
28419	0,222215	28419	0,222407	28419	0,22269	
28420	0,111583	28420	0,110263	28420	0,111147	
28421	-0,000300176	28421	-6,7895E-6	28421	0,000853482	
28422	-0,111245	28422	-0,111526	28422	-0,111002	
28423	-0,22094	28423	-0,220858	28423	-0,22067	
28424	-0,330635	28424	-0,33144	28424	-0,330026	
28425	-0,436268	28425	-0,437024	28425	-0,435945	
28426	-0,540025	28426	-0,540421	28426	-0,539365	
28427	-0,642844	28427	-0,642569	28427	-0,642472	
28428	-0,739413	28428	-0,739718	28428	-0,739017	
28429	-0,830982	28429	-0,831245	28429	-0,830564	
28430	-0,918176	28430	-0,918711	28430	-0,918361	
28431	-1,00099	28431	-1,00055	28431	-1,00053	
28432	-1,07569	28432	-1,07552	28432	-1,0749	
28433	-1,1435	28433	-1,14425	28433	-1,14426	
28434	-1,20538	28434	-1,20485	28434	-1,20519	
28435	-1,25976	28435	-1,25983	28435	-1,25924	
28436	-1,30601	28436	-1,30668	28436	-1,30611	
28437	-1,34445	28437	-1,34448	28437	-1,34422	
28438	-1,37539	28438	-1,37541	28438	-1,37453	
28439	-1,39696	28439	-1,39665	28439	-1,3964	
28440	-1,40915	28440	-1,41008	28440	-1,40921	
28441	-1,41352	28441	-1,41321	28441	-1,41296	
28442	-1,40915	28442	-1,40883	28442	-1,4089	
28443	-1,39665	28443	-1,39665	28443	-1,39609	
28444	-1,37446	28444	-1,37541	28444	-1,37422	
28445	-1,34539	28445	-1,34604	28445	-1,34516	
28446	-1,30539	28446	-1,30637	28446	-1,30579	
28447	-1,25851	28447	-1,2592	28447	-1,25893	
28448	-1,20507	28448	-1,20547	28448	-1,20487	
28449	-1,1435	28449	-1,14362	28449	-1,14332	
28450	-1,07444	28450	-1,0749	28450	-1,07458	
28451	-0,998806	28451	-0,999305	28451	-0,999284	
28452	-0,919426	28452	-0,919961	28452	-0,919611	
28453	-0,83067	28453	-0,830933	28453	-0,830564	
28454	-0,738788	28454	-0,738781	28454	-0,73808	
28455	-0,640657	28455	-0,641632	28455	-0,640909	
28456	-0,540337	28456	-0,541046	28456	-0,540927	
28457	-0,436893	28457	-0,437336	28457	-0,436258	
28458	-0,329073	28458	-0,329566	28458	-0,329089	
28459	-0,221253	28459	-0,221795	28459	-0,221608	
28460	-0,111245	28460	-0,111526	28460	-0,110377	
28461	-0,000300176	28461	-6,7895E-6	28461	0,000541036	
28462	0,111895	28462	0,111512	28462	0,111459	
28463	0,22159	28463	0,221469	28463	0,222065	
28464	0,330035	28464	0,329552	28464	0,329859	
28465	0,438168	28465	0,437635	28465	0,437652	
28466	0,540675	28466	0,540408	28466	0,540759	
28467	0,641932	28467	0,641931	28467	0,641679	
28468	0,739126	28468	0,738768	28468	0,73885	
28469	0,83132	28469	0,831545	28469	0,831959	
28470	0,918826	28470	0,918386	28470	0,918819	
28471	1,00102	28471	1,00054	28471	1,0013	
28472	1,07665	28472	1,07551	28472	1,07692	
28473	1,14384	28473	1,1433	28473	1,14347	
28474	1,20541	28474	1,20484	28474	1,20658	
28475	1,25916	28475	1,2595	28475	1,25938	
28476	1,30604	28476	1,30605	28476	1,30594	
28477	1,34511	28477	1,34447	28477	1,34499	
28478	1,37573	28478	1,37477	28478	1,37561	
28479	1,39698	28479	1,39726	28479	1,3978	
28480	1,41011	28480	1,40944	28480	1,40967	
28481	1,4148	28481	1,41413	28481	1,41561	
28482	1,4098	28482	1,40944	28482	1,40967	
28483	1,39792	28483	1,39757	28483	1,39749	
28484	1,3748	28484	1,37508	28484	1,37561	
28485	1,34667	28485	1,34572	28485	1,34624	
28486	1,30729	28486	1,30667	28486	1,3075	
28487	1,25885	28487	1,2595	28487	1,25938	
28488	1,20603	28488	1,20609	28488	1,20627	
28489	1,14415	28489	1,14361	28489	1,14409	
28490	1,07509	28490	1,07489	28490	1,07598	
28491	1,00008	28491	1,00023	28491	1,00005	
28492	0,919451	28492	0,91901	28492	0,919444	
28493	0,831945	28493	0,831545	28493	0,831959	
28494	0,738188	28494	0,737519	28494	0,7376	
28495	0,641307	28495	0,640369	28495	0,641055	
28496	0,540675	28496	0,539783	28496	0,540447	
28497	0,437543	28497	0,437635	28497	0,43734	
28498	0,329723	28498	0,32924	28498	0,329234	
28499	0,221278	28499	0,221157	28499	0,222377	
28500	0,111583	28500	0,111825	28500	0,111459	
28501	0,000637388	28501	0,000305589	28501	0,000853482	
28502	-0,109995	28502	-0,110901	28502	-0,10944	
28503	-0,220003	28503	-0,220858	28503	-0,219733	
28504	-0,330323	28504	-0,330503	28504	-0,329714	
28505	-0,437518	28505	-0,438274	28505	-0,437508	
28506	-0,540962	28506	-0,540734	28506	-0,541239	
28507	-0,641282	28507	-0,640695	28507	-0,641222	
28508	-0,737851	28508	-0,739094	28508	-0,737768	
28509	-0,830982	28509	-0,831245	28509	-0,830564	
28510	-0,918801	28510	-0,919024	28510	-0,918361	
28511	-1,00006	28511	-1,00055	28511	-0,999909	
28512	-1,07631	28512	-1,07646	28512	-1,07646	
28513	-1,14413	28513	-1,14456	28513	-1,14363	
28514	-1,20601	28514	-1,20516	28514	-1,20487	
28515	-1,25851	28515	-1,25858	28515	-1,2583	
28516	-1,3057	28516	-1,30637	28516	-1,30517	
28517	-1,34445	28517	-1,34479	28517	-1,34391	
28518	-1,37414	28518	-1,37447	28518	-1,37422	
28519	-1,3979	28519	-1,3979	28519	-1,39734	
28520	-1,41008	28520	-1,40977	28520	-1,40952	
28521	-1,41352	28521	-1,41383	28521	-1,41327	
28522	-1,41071	28522	-1,41039	28522	-1,40984	
28523	-1,39602	28523	-1,39602	28523	-1,39515	
28524	-1,37414	28524	-1,37447	28524	-1,37391	
28525	-1,34352	28525	-1,34448	28525	-1,3436	
28526	-1,30726	28526	-1,30793	28526	-1,30704	
28527	-1,26101	28527	-1,26077	28527	-1,26049	
28528	-1,20632	28528	-1,2061	28528	-1,2055	
28529	-1,14288	28529	-1,14425	28529	-1,14332	
28530	-1,07444	28530	-1,0749	28530	-1,07427	
28531	-0,999119	28531	-0,999929	28531	-0,998972	
28532	-0,917551	28532	-0,918086	28532	-0,917424	
28533	-0,831607	28533	-0,83187	28533	-0,831814	
28534	-0,739413	28534	-0,739718	28534	-0,739017	
28535	-0,642844	28535	-0,642256	28535	-0,642472	
28536	-0,541275	28536	-0,541046	28536	-0,541864	
28537	-0,435955	28537	-0,437024	28537	-0,436258	
28538	-0,329385	28538	-0,329254	28538	-0,328777	
28539	-0,221565	28539	-0,221795	28539	-0,221295	
28540	-0,11187	28540	-0,112151	28540	-0,111314	
28541	-0,00123774	28541	-0,0012563	28541	-8,38547E-5	
28542	0,11127	28542	0,110575	28542	0,110834	
28543	0,22159	28543	0,221469	28543	0,222065	
28544	0,33066	28544	0,329865	28544	0,330171	
28545	0,436918	28545	0,437635	28545	0,437965	
28546	0,542237	28546	0,541657	28546	0,542322	
28547	0,640057	28547	0,640681	28547	0,640117	
28548	0,739126	28548	0,73908	28548	0,73885	
28549	0,831945	28549	0,831545	28549	0,831959	
28550	0,919451	28550	0,919323	28550	0,918819	
28551	1,00071	28551	1,00054	28551	1,00005	
28552	1,07602	28552	1,07582	28552	1,07629	
28553	1,14447	28553	1,14392	28553	1,14503	
28554	1,20478	28554	1,20515	28554	1,20533	
28555	1,25979	28555	1,26044	28555	1,26032	
28556	1,30729	28556	1,30667	28556	1,30688	
28557	1,34479	28557	1,34416	28557	1,34468	
28558	1,37542	28558	1,3754	28558	1,37593	
28559	1,39761	28559	1,39664	28559	1,3978	
28560	1,40917	28560	1,40882	28560	1,40967	
28561	1,41386	28561	1,41319	28561	1,41342	
28562	1,41011	28562	1,40944	28562	1,40998	
28563	1,39792	28563	1,39695	28563	1,3978	
28564	1,37417	28564	1,37415	28564	1,37405	
28565	1,34604	28565	1,34509	28565	1,34624	
28566	1,30667	28566	1,30636	28566	1,30719	
28567	1,25979	28567	1,26013	28567	1,26063	
28568	1,20416	28568	1,20421	28568	1,20439	
28569	1,14353	28569	1,14361	28569	1,14409	
28570	1,07696	28570	1,07614	28570	1,07692	
28571	0,999144	28571	0,999292	28571	0,999742	
28572	0,920389	28572	0,919635	28572	0,919444	
28573	0,831632	28573	0,831545	28573	0,831959	
28574	0,738188	28574	0,737519	28574	0,738538	
28575	0,639432	28575	0,640057	28575	0,639805	
28576	0,540987	28576	0,540408	28576	0,541072	
28577	0,437855	28577	0,437323	28577	0,437965	
28578	0,330973	28578	0,33049	28578	0,331108	
28579	0,221903	28579	0,222094	28579	0,22269	
28580	0,111583	28580	0,110888	28580	0,111772	
28581	1,23455E-5	28581	-0,000319168	28581	0,000541036	
28582	-0,11062	28582	-0,111838	28582	-0,111002	
28583	-0,221565	28583	-0,221483	28583	-0,221295	
28584	-0,328448	28584	-0,329566	28584	-0,329089	
28585	-0,435955	28585	-0,436399	28585	-0,43532	
28586	-0,540025	28586	-0,541046	28586	-0,539677	
28587	-0,640969	28587	-0,641319	28587	-0,641222	
28588	-0,737851	28588	-0,738469	28588	-0,73808	
28589	-0,831607	28589	-0,832807	28589	-0,831501	
28590	-0,918176	28590	-0,918711	28590	-0,918361	
28591	-0,999744	28591	-0,999929	28591	-0,999284	
28592	-1,07475	28592	-1,07521	28592	-1,0749	
28593	-1,1435	28593	-1,14456	28593	-1,14332	
28594	-1,20413	28594	-1,20422	28594	-1,20425	
28595	-1,25882	28595	-1,2592	28595	-1,25955	
28596	-1,30633	28596	-1,30606	28596	-1,30642	
28597	-1,34508	28597	-1,34542	28597	-1,34422	
28598	-1,37602	28598	-1,37634	28598	-1,37547	
28599	-1,39602	28599	-1,39665	28599	-1,39609	
28600	-1,40946	28600	-1,40977	28600	-1,40952	
28601	-1,4129	28601	-1,41383	28601	-1,41327	
28602	-1,40946	28602	-1,40946	28602	-1,4089	
28603	-1,39633	28603	-1,39696	28603	-1,39671	
28604	-1,37446	28604	-1,37478	28604	-1,37484	
28605	-1,34445	28605	-1,34479	28605	-1,34391	
28606	-1,30601	28606	-1,307	28606	-1,30579	
28607	-1,2607	28607	-1,26045	28607	-1,2608	
28608	-1,20476	28608	-1,20547	28608	-1,20519	
28609	-1,14288	28609	-1,143	28609	-1,1427	
28610	-1,07444	28610	-1,07521	28610	-1,0749	
28611	-0,999119	28611	-0,999617	28611	-0,998972	
28612	-0,918801	28612	-0,918711	28612	-0,918361	
28613	-0,83067	28613	-0,83062	28613	-0,830564	
28614	-0,740663	28614	-0,740343	28614	-0,739642	
28615	-0,642219	28615	-0,641944	28615	-0,641847	
28616	-0,54065	28616	-0,540421	28616	-0,540302	
28617	-0,436268	28617	-0,437024	28617	-0,436258	
28618	-0,330635	28618	-0,330503	28618	-0,329401	
28619	-0,22094	28619	-0,220546	28619	-0,220358	
28620	-0,110308	28620	-0,110901	28620	-0,110377	
28621	-0,00123774	28621	-0,000943924	28621	-0,0003963	
28622	0,111895	28622	0,1112	28622	0,111147	
28623	0,221278	28623	0,222094	28623	0,222065	
28624	0,331285	28624	0,33049	28624	0,330796	
28625	0,437855	28625	0,437635	28625	0,43734	
28626	0,541612	28626	0,541345	28626	0,541697	
28627	0,644119	28627	0,642868	28627	0,643867	
28628	0,738188	28628	0,737831	28628	0,738225	
28629	0,829757	28629	0,829983	28629	0,831021	
28630	0,918201	28630	0,918386	28630	0,918506	
28631	1,00039	28631	1,00023	28631	1,00005	
28632	1,07571	28632	1,07551	28632	1,07567	
28633	1,14415	28633	1,14392	28633	1,14472	
28634	1,20603	28634	1,20577	28634	1,20627	
28635	1,25854	28635	1,25919	28635	1,25907	
28636	1,30698	28636	1,30667	28636	1,30688	
28637	1,34354	28637	1,34385	28637	1,34499	
28638	1,37542	28638	1,37477	28638	1,37499	
28639	1,3973	28639	1,39726	28639	1,39749	
28640	1,41199	28640	1,41069	28640	1,41092	
28641	1,41542	28641	1,41569	28641	1,41561	
28642	1,4098	28642	1,40944	28642	1,40967	
28643	1,39636	28643	1,39632	28643	1,39686	
28644	1,37355	28644	1,37446	28644	1,37468	
28645	1,34448	28645	1,34478	28645	1,34562	
28646	1,30542	28646	1,30574	28646	1,30625	
28647	1,26166	28647	1,26169	28647	1,26188	
28648	1,20541	28648	1,20577	28648	1,20596	
28649	1,14478	28649	1,14392	28649	1,14472	
28650	1,07509	28650	1,07489	28650	1,07567	
28651	0,999457	28651	0,998979	28651	0,999117	
28652	0,917263	28652	0,917449	28652	0,918194	
28653	0,831007	28653	0,830607	28653	0,830397	
28654	0,739126	28654	0,73908	28654	0,739787	
28655	0,642869	28655	0,642556	28655	0,642304	
28656	0,540362	28656	0,540408	28656	0,540759	
28657	0,436605	28657	0,436698	28657	0,437028	
28658	0,32941	28658	0,328928	28658	0,329859	
28659	0,22159	28659	0,221157	28659	0,221752	
28660	0,109395	28660	0,10995	28660	0,109585	
28661	0,00126243	28661	0,00124272	28661	0,00210326	
28662	-0,110308	28662	-0,110901	28662	-0,110065	
28663	-0,220315	28663	-0,220858	28663	-0,22067	
28664	-0,330323	28664	-0,330191	28664	-0,329089	
28665	-0,437205	28665	-0,437649	28665	-0,43657	
28666	-0,541275	28666	-0,541983	28666	-0,540927	
28667	-0,642219	28667	-0,642256	28667	-0,641847	
28668	-0,736913	28668	-0,737532	28668	-0,737143	
28669	-0,830357	28669	-0,830308	28669	-0,830564	
28670	-0,918488	28670	-0,919336	28670	-0,918673	
28671	-0,999431	28671	-0,999617	28671	-0,999597	
28672	-1,07537	28672	-1,07521	28672	-1,0749	
28673	-1,14413	28673	-1,14487	28673	-1,14395	
28674	-1,20632	28674	-1,20641	28674	-1,20644	
28675	-1,25945	28675	-1,25952	28675	-1,25861	
28676	-1,3057	28676	-1,30668	28676	-1,30611	
28677	-1,34508	28677	-1,34604	28677	-1,34516	
28678	-1,37446	28678	-1,37447	28678	-1,37484	
28679	-1,39602	28679	-1,39696	28679	-1,39546	
28680	-1,40946	28680	-1,40946	28680	-1,40921	
28681	-1,41477	28681	-1,41446	28681	-1,41359	
28682	-1,40977	28682	-1,40977	28682	-1,40921	
28683	-1,39665	28683	-1,39665	28683	-1,3964	
28684	-1,37383	28684	-1,37478	28684	-1,37453	
28685	-1,34477	28685	-1,34511	28685	-1,34422	
28686	-1,3057	28686	-1,30575	28686	-1,30579	
28687	-1,25882	28687	-1,25983	28687	-1,25955	
28688	-1,20632	28688	-1,20672	28688	-1,20675	
28689	-1,14382	28689	-1,14362	28689	-1,14332	
28690	-1,07569	28690	-1,07552	28690	-1,0749	
28691	-0,998494	28691	-0,999305	28691	-0,998972	
28692	-0,918176	28692	-0,917774	28692	-0,918049	
28693	-0,82942	28693	-0,830308	28693	-0,830251	
28694	-0,738163	28694	-0,738157	28694	-0,737768	
28695	-0,642532	28695	-0,642569	28695	-0,642472	
28696	-0,541587	28696	-0,541358	28696	-0,541239	
28697	-0,43783	28697	-0,438274	28697	-0,437195	
28698	-0,329385	28698	-0,330503	28698	-0,329714	
28699	-0,220315	28699	-0,220858	28699	-0,221295	
28700	-0,109995	28700	-0,109964	28700	-0,10944	
28701	0,00094991	28701	0,000305589	28701	0,00179082	
28702	0,110957	28702	0,110575	28702	0,110834	
28703	0,221278	28703	0,220845	28703	0,22144	
28704	0,330348	28704	0,32924	28704	0,329859	
28705	0,43723	28705	0,437011	28705	0,437028	
28706	0,541612	28706	0,541657	28706	0,541697	
28707	0,643494	28707	0,643805	28707	0,643554	
28708	0,739439	28708	0,73908	28708	0,739475	
28709	0,830695	28709	0,82967	28709	0,831021	
28710	0,919139	28710	0,918386	28710	0,918819	
28711	0,999457	28711	0,999917	28711	1,00005	
28712	1,07477	28712	1,07457	28712	1,07504	
28713	1,14384	28713	1,14361	28713	1,14378	
28714	1,20603	28714	1,20609	28714	1,20689	
28715	1,26041	28715	1,26013	28715	1,26095	
28716	1,30635	28716	1,30574	28716	1,30594	
28717	1,34417	28717	1,34478	28717	1,34531	
28718	1,37448	28718	1,37446	28718	1,37499	
28719	1,39667	28719	1,39664	28719	1,39717	
28720	1,4098	28720	1,40913	28720	1,40936	
28721	1,4148	28721	1,41444	28721	1,41436	
28722	1,41199	28722	1,41101	28722	1,41186	
28723	1,39667	28723	1,39601	28723	1,39655	
28724	1,37448	28724	1,37446	28724	1,37499	
28725	1,34542	28725	1,34478	28725	1,34562	
28726	1,30635	28726	1,30636	28726	1,30656	
28727	1,25979	28727	1,25919	28727	1,26001	
28728	1,20603	28728	1,20577	28728	1,20596	
28729	1,14603	28729	1,14455	28729	1,14565	
28730	1,07477	28730	1,07395	28730	1,07535	
28731	1,00071	28731	0,999917	28731	1,00005	
28732	0,918513	28732	0,918698	28732	0,919131	
28733	0,831632	28733	0,831232	28733	0,831959	
28734	0,738188	28734	0,738456	28734	0,738225	
28735	0,642557	28735	0,641931	28735	0,642929	
28736	0,5438	28736	0,542594	28736	0,543571	
28737	0,437855	28737	0,437011	28737	0,43734	
28738	0,330348	28738	0,329865	28738	0,330796	
28739	0,220653	28739	0,220532	28739	0,22144	
28740	0,110957	28740	0,110263	28740	0,110522	
28741	-0,000300176	28741	-0,000319168	28741	0,000228591	
28742	-0,11062	28742	-0,110589	28742	-0,109752	
28743	-0,221565	28743	-0,220858	28743	-0,22067	
28744	-0,329073	28744	-0,330191	28744	-0,329714	
28745	-0,436268	28745	-0,437024	28745	-0,435945	
28746	-0,541275	28746	-0,541046	28746	-0,540927	
28747	-0,641282	28747	-0,641319	28747	-0,640909	
28748	-0,739101	28748	-0,740031	28748	-0,73933	
28749	-0,830357	28749	-0,831245	28749	-0,830876	
28750	-0,917863	28750	-0,918086	28750	-0,918049	
28751	-1,00006	28751	-1,00024	28751	-1,00022	
28752	-1,07475	28752	-1,07521	28752	-1,07458	
28753	-1,14288	28753	-1,143	28753	-1,1427	
28754	-1,20476	28754	-1,20516	28754	-1,20456	
28755	-1,26039	28755	-1,26077	28755	-1,26018	
28756	-1,30633	28756	-1,307	28756	-1,30642	
28757	-1,3457	28757	-1,34604	28757	-1,34485	
28758	-1,37446	28758	-1,3751	28758	-1,37359	
28759	-1,39696	28759	-1,39696	28759	-1,39609	
28760	-1,40946	28760	-1,40883	28760	-1,40859	
28761	-1,41352	28761	-1,41383	28761	-1,41327	
28762	-1,4104	28762	-1,41133	28762	-1,41015	
28763	-1,39602	28763	-1,39665	28763	-1,39546	
28764	-1,37602	28764	-1,37666	28764	-1,37547	
28765	-1,34477	28765	-1,34542	28765	-1,34454	
28766	-1,30695	28766	-1,30762	28766	-1,30673	
28767	-1,25914	28767	-1,25983	28767	-1,25893	
28768	-1,20538	28768	-1,20516	28768	-1,20581	
28769	-1,14257	28769	-1,14362	28769	-1,14301	
28770	-1,07537	28770	-1,07521	28770	-1,07458	
28771	-0,999119	28771	-0,999617	28771	-0,999284	
28772	-0,917238	28772	-0,917774	28772	-0,917111	
28773	-0,832545	28773	-0,832807	28773	-0,832126	
28774	-0,739726	28774	-0,739718	28774	-0,739017	
28775	-0,641907	28775	-0,643194	28775	-0,642472	
28776	-0,540337	28776	-0,540734	28776	-0,540927	
28777	-0,435955	28777	-0,437024	28777	-0,436883	
28778	-0,329698	28778	-0,329566	28778	-0,329089	
28779	-0,220003	28779	-0,219921	28779	-0,219733	
28780	-0,110933	28780	-0,111526	28780	-0,111314	
28781	-0,000300176	28781	-0,000319168	28781	-8,38547E-5	
28782	0,110957	28782	0,110888	28782	0,110522	
28783	0,22159	28783	0,221157	28783	0,221752	
28784	0,330348	28784	0,330177	28784	0,330484	
28785	0,438168	28785	0,437635	28785	0,438277	
28786	0,542862	28786	0,54197	28786	0,542634	
28787	0,641619	28787	0,641306	28787	0,641679	
28788	0,739751	28788	0,739705	28788	0,739787	
28789	0,830695	28789	0,829983	28789	0,831021	
28790	0,918201	28790	0,917761	28790	0,917881	
28791	0,999457	28791	0,999917	28791	1,00005	
28792	1,07634	28792	1,07582	28792	1,07629	
28793	1,14603	28793	1,14548	28793	1,14597	
28794	1,2051	28794	1,20515	28794	1,20533	
28795	1,25916	28795	1,2595	28795	1,2597	
28796	1,3051	28796	1,30574	28796	1,30563	
28797	1,34479	28797	1,34541	28797	1,34562	
28798	1,37511	28798	1,37508	28798	1,3753	
28799	1,39698	28799	1,39726	28799	1,3978	
28800	1,41011	28800	1,40976	28800	1,40998	
28801	1,41417	28801	1,41351	28801	1,55558	
28802	1,40949	28802	1,40913	28802	1,55152	
28803	1,39761	28803	1,39601	28803	1,53746	
28804	1,37636	28804	1,3754	28804	1,51434	
28805	1,34604	28805	1,34322	28805	1,48122	
28806	1,30979	28806	1,30605	28806	1,44123	
28807	1,26573	28807	1,26013	28807	1,39249	
28808	1,21228	28808	1,20515	28808	1,33437	
28809	1,15415	28809	1,14455	28809	1,26907	
28810	1,08696	28810	1,07582	28810	1,19533	
28811	1,01352	28811	0,999604	28811	1,11441	
28812	0,932264	28812	0,917136	28812	1,02661	
28813	0,849759	28813	0,831232	28813	0,934441	
28814	0,759752	28814	0,739393	28814	0,836333	
28815	0,665058	28815	0,641931	28815	0,731664	
28816	0,567239	28816	0,541345	28816	0,624495	
28817	0,465357	28817	0,437011	28817	0,512327	
28818	0,360662	28818	0,330177	28818	0,396722	
28819	0,253467	28819	0,220532	28819	0,279242	
28820	0,145647	28820	0,110888	28820	0,160826	
28821	0,038765	28821	0,00124272	28821	0,0424087	
28822	-0,0721801	28822	-0,110901	28822	-0,0791326	
28823	-0,179688	28823	-0,220546	28823	-0,198174	
28824	-0,287507	28824	-0,329566	28824	-0,316904	
28825	-0,392515	28825	-0,436087	28825	-0,432821	
28826	-0,499397	28826	-0,542295	28826	-0,548738	
28827	-0,599091	28827	-0,642256	28827	-0,658094	
28828	-0,695035	28828	-0,739094	28828	-0,76495	
28829	-0,787854	28829	-0,830933	28829	-0,86712	
28830	-0,87661	28830	-0,918086	28830	-0,963978	
28831	-0,959428	28831	-0,999305	28831	-1,0549	
28832	-1,03693	28832	-1,07552	28832	-1,1402	
28833	-1,1085	28833	-1,14487	28833	-1,21987	
28834	-1,17257	28834	-1,20641	28834	-1,29017	
28835	-1,23007	28835	-1,2592	28835	-1,35235	
28836	-1,27883	28836	-1,30544	28836	-1,40765	
28837	-1,32227	28837	-1,34479	28837	-1,45389	
28838	-1,35696	28838	-1,37478	28838	-1,49201	
28839	-1,38321	28839	-1,39665	28839	-1,52107	
28840	-1,4029	28840	-1,41071	28840	-1,54356	
28841	-1,41227	28841	-1,41383	28841	-1,55294	
28842	-1,41352	28842	-1,41008	28842	-1,55512	
28843	-1,40602	28843	-1,39665	28843	-1,54731	
28844	-1,39071	28844	-1,3751	28844	-1,53013	
28845	-1,36758	28845	-1,34511	28845	-1,5042	
28846	-1,33508	28846	-1,30575	28846	-1,46858	
28847	-1,29539	28847	-1,25983	28847	-1,42577	
28848	-1,2482	28848	-1,20579	28848	-1,37297	
28849	-1,19444	28849	-1,14456	28849	-1,31329	
28850	-1,13132	28850	-1,07521	28850	-1,24362	
28851	-1,06319	28851	-1,00024	28851	-1,16957	
28852	-0,986618	28852	-0,917149	28852	-1,08521	
28853	-0,905362	28853	-0,830933	28853	-0,99616	
28854	-0,819731	28854	-0,738781	28854	-0,902114	
28855	-0,728475	28855	-0,641319	28855	-0,801506	
28856	-0,634406	28856	-0,541983	28856	-0,69715	
28857	-0,533462	28857	-0,437024	28857	-0,587169	
28858	-0,43158	28858	-0,330815	28858	-0,475001	
28859	-0,327823	28859	-0,222108	28859	-0,360021	
28860	-0,219065	28860	-0,110589	28860	-0,240667	
28861	-0,109995	28861	-6,7895E-6	28861	-0,12225	
28862	-0,00217531	28862	0,110575	28862	-0,00195853	
28863	0,108457	28863	0,222094	28863	0,11927	
28864	0,217527	28864	0,331114	28864	0,238937	
28865	0,322222	28865	0,436073	28865	0,354542	
28866	0,428167	28866	0,541657	28866	0,471709	
28867	0,531612	28867	0,642243	28867	0,584814	
28868	0,630681	28868	0,738456	28868	0,693858	
28869	0,726625	28869	0,832169	28869	0,799777	
28870	0,818507	28870	0,91901	28870	0,900384	
28871	0,906013	28871	1,00148	28871	0,996305	
28872	0,984143	28872	1,07364	28872	1,08285	
28873	1,06009	28873	1,14455	28873	1,16721	
28874	1,12978	28874	1,20484	28874	1,24314	
28875	1,19166	28875	1,2595	28875	1,31125	
28876	1,24697	28876	1,30542	28876	1,37155	
28877	1,29479	28877	1,34509	28877	1,42498	
28878	1,33761	28878	1,37665	28878	1,4706	
28879	1,36636	28879	1,39632	28879	1,5034	
28880	1,39011	28880	1,40913	28880	1,53028	
28881	1,40574	28881	1,41413	28881	1,54683	
28882	1,41417	28882	1,40944	28882	1,55558	
28883	1,41199	28883	1,3957	28883	1,55371	
28884	1,40417	28884	1,37633	28884	1,54402	
28885	1,38542	28885	1,34541	28885	1,52309	
28886	1,35792	28886	1,30574	28886	1,49403	
28887	1,32448	28887	1,25982	28887	1,45716	
28888	1,28135	28888	1,20515	28888	1,40998	
28889	1,23166	28889	1,14361	28889	1,35562	
28890	1,17447	28890	1,0752	28890	1,29282	
28891	1,11103	28891	1,00023	28891	1,22252	
28892	1,04071	28892	0,919635	28892	1,14565	
28893	0,962579	28893	0,83092	28893	1,05911	
28894	0,879761	28894	0,738768	28894	0,967873	
28895	0,791005	28895	0,641306	28895	0,871327	
28896	0,698498	28896	0,541033	28896	0,768845	
28897	0,601616	28897	0,436073	28897	0,661676	
28898	0,501922	28898	0,330802	28898	0,552632	
28899	0,40004	28899	0,222407	28899	0,439215	
28900	0,292533	28900	0,10995	28900	0,320798	
28901	0,1844	28901	-6,7895E-6	28901	0,203943	
28902	0,0765801	28902	-0,110276	28902	0,0842764	
28903	-0,0328024	28903	-0,221483	28903	-0,0363275	
28904	-0,143123	28904	-0,330191	28904	-0,156619	
28905	-0,249692	28905	-0,437649	28905	-0,275661	
28906	-0,355637	28906	-0,541046	28906	-0,391578	
28907	-0,460957	28907	-0,641319	28907	-0,506246	
28908	-0,563464	28908	-0,739094	28908	-0,619351	
28909	-0,660658	28909	-0,830933	28909	-0,727144	
28910	-0,755665	28910	-0,918086	28910	-0,831189	
28911	-0,847233	28911	-1,0018	28911	-0,931796	
28912	-0,930364	28912	-1,07521	28912	-1,02366	
28913	-1,00849	28913	-1,14331	28913	-1,10958	
28914	-1,08319	28914	-1,20516	28914	-1,19175	
28915	-1,14975	28915	-1,25952	28915	-1,26486	
28916	-1,21007	28916	-1,30606	28916	-1,33016	
28917	-1,26226	28917	-1,34448	28917	-1,38922	
28918	-1,30851	28918	-1,37541	28918	-1,43921	
28919	-1,34664	28919	-1,39727	28919	-1,48045	
28920	-1,37508	28920	-1,40977	28920	-1,51263	
28921	-1,39571	28921	-1,41383	28921	-1,53575	
28922	-1,40883	28922	-1,41008	28922	-1,55044	
28923	-1,41321	28923	-1,39602	28923	-1,5545	
28924	-1,40946	28924	-1,37478	28924	-1,55013	
28925	-1,39852	28925	-1,34604	28925	-1,53763	
28926	-1,37633	28926	-1,30668	28926	-1,51451	
28927	-1,35008	28927	-1,26108	28927	-1,48451	
28928	-1,31164	28928	-1,20547	28928	-1,44202	
28929	-1,26601	28929	-1,14331	28929	-1,39234	
28930	-1,21382	28930	-1,0749	28930	-1,33516	
28931	-1,15319	28931	-0,998368	28931	-1,26892	
28932	-1,0885	28932	-0,918711	28932	-1,19769	
28933	-1,01474	28933	-0,831558	28933	-1,11614	
28934	-0,936927	28934	-0,740031	28934	-1,03053	
28935	-0,850984	28935	-0,641319	28935	-0,93617	
28936	-0,762227	28936	-0,540734	28936	-0,838375	
28937	-0,666596	28937	-0,437024	28937	-0,734331	
28938	-0,569402	28938	-0,328941	28938	-0,6256	
28939	-0,468145	28939	-0,221483	28939	-0,515306	
28940	-0,364388	28940	-0,111526	28940	-0,400639	
28941	-0,257505	28941	-0,000319168	28941	-0,283472	
28942	-0,149998	28942	0,1112	28942	-0,163805	
28943	-0,041553	28943	0,22022	28943	-0,045076	
28944	0,0687671	28944	0,330177	28944	0,0758404	
28945	0,17815	28945	0,437011	28945	0,195507	
28946	0,285345	28946	0,541657	28946	0,314549	
28947	0,391289	28947	0,641618	28947	0,429529	
28948	0,494109	28948	0,738456	28948	0,544509	
28949	0,596616	28949	0,831545	28949	0,655739	
28950	0,691623	28950	0,916824	28950	0,761346	
28951	0,785379	28951	0,999604	28951	0,864453	
28952	0,875698	28952	1,07645	28952	0,963186	
28953	0,957579	28953	1,14486	28953	1,05317	
28954	1,03508	28954	1,20609	28954	1,13847	
28955	1,10665	28955	1,26044	28955	1,2172	
28956	1,17134	28956	1,30636	28956	1,28813	
28957	1,22822	28957	1,34416	28957	1,35031	
28958	1,27791	28958	1,37477	28958	1,40686	
28959	1,32229	28959	1,39664	28959	1,45404	
28960	1,35729	28960	1,41007	28960	1,49216	
28961	1,38386	28961	1,41382	28961	1,52184	
28962	1,40167	28962	1,40944	28962	1,54215	
28963	1,41292	28963	1,39664	28963	1,55371	
28964	1,41355	28964	1,37446	28964	1,55527	
28965	1,40792	28965	1,34478	28965	1,54902	
28966	1,39261	28966	1,30605	28966	1,53152	
28967	1,36823	28967	1,2595	28967	1,5059	
28968	1,33792	28968	1,2064	28968	1,47185	
28969	1,29823	28969	1,14455	28969	1,42811	
28970	1,25072	28970	1,0752	28970	1,37593	
28971	1,1951	28971	0,999604	28971	1,31469	
28972	1,13447	28972	0,918698	28972	1,24814	
28973	1,06665	28973	0,831545	28973	1,17377	
28974	0,991019	28974	0,738143	28974	1,08941	
28975	0,910388	28975	0,641931	28975	1,00068	
28976	0,823819	28976	0,541345	28976	0,906321	
28977	0,733188	28977	0,437011	28977	0,806338	
28978	0,635994	28978	0,328928	28978	0,700732	
28979	0,536924	28979	0,221157	28979	0,591376	
28980	0,435042	28980	0,110575	28980	0,478895	
28981	0,330035	28981	-6,7895E-6	28981	0,36329	
28982	0,22284	28982	-0,111213	28982	0,245498	
28983	0,11502	28983	-0,221171	28983	0,126144	
28984	0,00626278	28984	-0,329566	28984	0,00741484	
28985	-0,10437	28985	-0,437961	28985	-0,114126	
28986	-0,212502	28986	-0,541358	28986	-0,232543	
28987	-0,317509	28987	-0,641319	28987	-0,350023	
28988	-0,424079	28988	-0,738157	28988	-0,46594	
28989	-0,527211	28989	-0,83062	28989	-0,57967	
28990	-0,628156	28990	-0,919648	28990	-0,690276	
28991	-0,722225	28991	-0,999617	28991	-0,794633	
28992	-0,815981	28992	-1,07584	28992	-0,896802	
28993	-0,900987	28993	-1,14425	28993	-0,991473	
28994	-0,982243	28994	-1,20579	28994	-1,08021	
28995	-1,05725	28995	-1,26014	28995	-1,16363	
28996	-1,12694	28996	-1,30606	28996	-1,24018	
28997	-1,18913	28997	-1,34386	28997	-1,30798	
28998	-1,24382	28998	-1,37416	28998	-1,36859	
28999	-1,29351	28999	-1,39759	28999	-1,42327	
29000	-1,33508	29000	-1,41133	29000	-1,46733	
29001	-1,36664	29001	-1,41446	29001	-1,50232	
29002	-1,38915	29002	-1,40977	29002	-1,52888	
29003	-1,40633	29003	-1,39759	29003	-1,54638	
29004	-1,41258	29004	-1,37447	29004	-1,55419	
29005	-1,41071	29005	-1,34323	29005	-1,55169	
29006	-1,40352	29006	-1,30762	29006	-1,54325	
29007	-1,38602	29007	-1,26014	29007	-1,52388	
29008	-1,35946	29008	-1,2061	29008	-1,49513	
29009	-1,32477	29009	-1,14425	29009	-1,45764	
29010	-1,2832	29010	-1,07521	29010	-1,41202	
29011	-1,2332	29011	-0,999305	29011	-1,35641	
29012	-1,17632	29012	-0,918399	29012	-1,29361	
29013	-1,11225	29013	-0,831245	29013	-1,22362	
29014	-1,04225	29014	-0,739094	29014	-1,14645	
29015	-0,965679	29015	-0,642881	29015	-1,06209	
29016	-0,882548	29016	-0,541358	29016	-0,970539	
29017	-0,795042	29017	-0,437649	29017	-0,873994	
29018	-0,701598	29018	-0,329878	29018	-0,771199	
29019	-0,603779	29019	-0,220233	29019	-0,664343	
29020	-0,505647	29020	-0,112463	29020	-0,556549	
29021	-0,400953	29021	-0,000319168	29021	-0,441257	
29022	-0,296571	29022	0,110263	29022	-0,325652	
29023	-0,188438	29023	0,221157	29023	-0,206298	
29024	-0,0809307	29024	0,329552	29024	-0,087881	
29025	0,0306395	29025	0,437948	29025	0,0339727	
29026	0,140647	29026	0,541657	29026	0,153952	
29027	0,245967	29027	0,640994	29027	0,271119	
29028	0,353162	29028	0,738456	29028	0,388598	
29029	0,458794	29029	0,831232	29029	0,503891	
29030	0,558801	29030	0,916824	29030	0,615746	
29031	0,656933	29031	0,998355	29031	0,723228	
29032	0,754127	29032	1,07551	29032	0,828834	
29033	0,844133	29033	1,14424	29033	0,928192	
29034	0,929452	29034	1,2064	29034	1,02224	
29035	1,00946	29035	1,26075	29035	1,10941	
29036	1,08227	29036	1,30698	29036	1,19002	
29037	1,14853	29037	1,34572	29037	1,26345	
29038	1,20666	29038	1,37352	29038	1,32812	
29039	1,26135	29039	1,3957	29039	1,38842	
29040	1,30854	29040	1,41007	29040	1,43935	
29041	1,34573	29041	1,41444	29041	1,47966	
29042	1,3748	29042	1,40913	29042	1,51278	
29043	1,39667	29043	1,39664	29043	1,53652	
29044	1,4098	29044	1,37571	29044	1,55121	
29045	1,41292	29045	1,34322	29045	1,55433	
29046	1,41011	29046	1,30574	29046	1,55152	
29047	1,3998	29047	1,26044	29047	1,53871	
29048	1,37792	29048	1,20577	29048	1,51622	
29049	1,35104	29049	1,14486	29049	1,48591	
29050	1,31417	29050	1,07676	29050	1,44529	
29051	1,26948	29051	1,00054	29051	1,39624	
29052	1,21478	29052	0,916511	29052	1,33687	
29053	1,15666	29053	0,830295	29053	1,27313	
29054	1,0904	29054	0,738768	29054	1,19971	
29055	1,01821	29055	0,641931	29055	1,12003	
29056	0,939452	29056	0,541345	29056	1,03411	
29057	0,856947	29057	0,437323	29057	0,942252	
29058	0,766315	29058	0,330177	29058	0,843207	
29059	0,670996	29059	0,22022	29059	0,737913	
29060	0,572552	29060	0,110263	29060	0,630744	
29061	0,471295	29061	-0,000631546	29061	0,518888	
29062	0,368163	29062	-0,110901	29062	0,404533	
29063	0,261593	29063	-0,220858	29063	0,288303	
29064	0,154085	29064	-0,329878	29064	0,169574	
29065	0,045328	29065	-0,436399	29065	0,0492825	
29066	-0,0640546	29066	-0,541358	29066	-0,071009	
29067	-0,17375	29067	-0,641944	29067	-0,190676	
29068	-0,28157	29068	-0,739718	29068	-0,309717	
29069	-0,387202	29069	-0,83187	29069	-0,425635	
29070	-0,491271	29070	-0,918399	29070	-0,540302	
29071	-0,590966	29071	-0,99868	29071	-0,650595	
29072	-0,687847	29072	-1,07459	29072	-0,757452	
29073	-0,783166	29073	-1,14456	29073	-0,861183	
29074	-0,870985	29074	-1,20547	29074	-0,958042	
29075	-0,955053	29075	-1,26045	29075	-1,04959	
29076	-1,03037	29076	-1,30606	29076	-1,13395	
29077	-1,10319	29077	-1,34448	29077	-1,213	
29078	-1,16694	29078	-1,37478	29078	-1,28423	
29079	-1,2257	29079	-1,39634	29079	-1,3486	
29080	-1,27726	29080	-1,41102	29080	-1,40578	
29081	-1,3207	29081	-1,41508	29081	-1,45202	
29082	-1,35571	29082	-1,41008	29082	-1,49107	
29083	-1,38164	29083	-1,39665	29083	-1,51982	
29084	-1,40165	29084	-1,37572	29084	-1,54106	
29085	-1,4104	29085	-1,34386	29085	-1,55231	
29086	-1,4129	29086	-1,30575	29086	-1,55387	
29087	-1,40696	29087	-1,25983	29087	-1,54794	
29088	-1,39321	29088	-1,2061	29088	-1,532	
29089	-1,37039	29089	-1,14487	29089	-1,50701	
29090	-1,3382	29090	-1,0749	29090	-1,4717	
29091	-1,30039	29091	-1,00055	29091	-1,43046	
29092	-1,25257	29092	-0,917774	29092	-1,37672	
29093	-1,19601	29093	-0,829996	29093	-1,31579	
29094	-1,136	29094	-0,738781	29094	-1,24955	
29095	-1,06662	29095	-0,641007	29095	-1,17363	
29096	-0,994431	29096	-0,541983	29096	-1,09302	
29097	-0,911613	29097	-0,436399	29097	-1,00366	
29098	-0,827857	29098	-0,330815	29098	-0,909612	
29099	-0,735663	29099	-0,220858	29099	-0,808693	
29100	-0,639407	29100	-0,110901	29100	-0,703399	
29101	-0,541587	29101	-0,0012563	29101	-0,595292	
29102	-0,438455	29102	0,1112	29102	-0,481875	
29103	-0,333761	29103	0,221157	29103	-0,36752	
29104	-0,225628	29104	0,330177	29104	-0,248478	
29105	-0,119683	29105	0,436698	29105	-0,130374	
29106	-0,00842574	29106	0,541033	29106	-0,00976967	
29107	0,101582	29107	0,642868	29107	0,111147	
29108	0,209089	29108	0,738456	29108	0,229251	
29109	0,315972	29109	0,83092	29109	0,347668	
29110	0,420666	29110	0,917136	29110	0,462648	
29111	0,523486	29111	0,999604	29111	0,576066	
29112	0,624431	29112	1,07489	29112	0,686047	
29113	0,720687	29113	1,14455	29113	0,793216	
29114	0,812569	29114	1,20671	29114	0,894448	
29115	0,900387	29115	1,26106	29115	0,989431	
29116	0,98008	29116	1,30667	29116	1,07848	
29117	1,05477	29117	1,34385	29117	1,16096	
29118	1,1254	29118	1,37477	29118	1,23783	
29119	1,18697	29119	1,39539	29119	1,30594	
29120	1,24416	29120	1,41038	29120	1,36874	
29121	1,29385	29121	1,41444	29121	1,42217	
29122	1,3326	29122	1,40913	29122	1,4656	
29123	1,36479	29123	1,39664	29123	1,50215	
29124	1,38855	29124	1,37415	29124	1,52871	
29125	1,40605	29125	1,34385	29125	1,54621	
29126	1,41261	29126	1,30636	29126	1,55527	
29127	1,41324	29127	1,26075	29127	1,55527	
29128	1,4048	29128	1,2064	29128	1,54527	
29129	1,38605	29129	1,1433	29129	1,52528	
29130	1,36011	29130	1,07457	29130	1,49622	
29131	1,32729	29131	1,00023	29131	1,46029	
29132	1,28541	29132	0,918386	29132	1,41405	
29133	1,23541	29133	0,83092	29133	1,35905	
29134	1,17822	29134	0,73908	29134	1,29688	
29135	1,1154	29135	0,641931	29135	1,22752	
29136	1,04477	29136	0,540408	29136	1,14909	
29137	0,967892	29137	0,436698	29137	1,06442	
29138	0,884136	29138	0,328928	29138	0,973809	
29139	0,797255	29139	0,220845	29139	0,876951	
29140	0,705061	29140	0,110575	29140	0,775406	
29141	0,610055	29141	0,00124272	29141	0,671674	
29142	0,508485	29142	-0,110589	29142	0,559506	
29143	0,405353	29143	-0,222108	29143	0,445464	
29144	0,299408	29144	-0,330503	29144	0,330171	
29145	0,191276	29145	-0,437649	29145	0,211442	
29146	0,0831431	29146	-0,541358	29146	0,0911502	
29147	-0,0274895	29147	-0,643506	29147	-0,0294537	
29148	-0,133747	29148	-0,738469	29148	-0,147871	
29149	-0,241254	29149	-0,829996	29149	-0,265975	
29150	-0,349387	29150	-0,918399	29150	-0,384392	
29151	-0,455331	29151	-1,00055	29151	-0,500934	
29152	-0,556276	29152	-1,07521	29152	-0,612165	
29153	-0,65472	29153	-1,14394	29153	-0,719646	
29154	-0,749414	29154	-1,20516	29154	-0,824627	
29155	-0,839733	29155	-1,2592	29155	-0,92336	
29156	-0,925051	29156	-1,30606	29156	-1,01678	
29157	-1,00474	29157	-1,34479	29157	-1,10552	
29158	-1,0785	29158	-1,37447	29158	-1,18581	
29159	-1,14569	29159	-1,39665	29159	-1,25986	
29160	-1,20538	29160	-1,40914	29160	-1,32641	
29161	-1,26007	29161	-1,41446	29161	-1,3864	
29162	-1,30539	29162	-1,41039	29162	-1,43577	
29163	-1,3432	29163	-1,39665	29163	-1,47764	
29164	-1,37321	29164	-1,37541	29164	-1,51107	
29165	-1,3954	29165	-1,34511	29165	-1,53419	
29166	-1,40852	29166	-1,30637	29166	-1,54981	
29167	-1,41383	29167	-1,2592	29167	-1,55544	
29168	-1,41165	29168	-1,20641	29168	-1,55169	
29169	-1,39821	29169	-1,14394	29169	-1,53794	
29170	-1,37946	29170	-1,07584	29170	-1,51638	
29171	-1,35008	29171	-0,999929	29171	-1,48482	
29172	-1,31352	29172	-0,917462	29172	-1,44483	
29173	-1,26914	29173	-0,829996	29173	-1,39578	
29174	-1,21726	29174	-0,738157	29174	-1,33829	
29175	-1,15944	29175	-0,642256	29175	-1,27517	
29176	-1,09381	29176	-0,541983	29176	-1,20237	
29177	-1,021	29177	-0,437024	29177	-1,12239	
29178	-0,941927	29178	-0,329878	29178	-1,03584	
29179	-0,857859	29179	-0,221483	29179	-0,943981	
29180	-0,768478	29180	-0,111213	29180	-0,845561	
29181	-0,673471	29181	0,000930345	29181	-0,74058	
29182	-0,576902	29182	0,110575	29182	-0,634661	
29183	-0,475333	29183	0,221157	29183	-0,522805	
29184	-0,371263	29184	0,329865	29184	-0,407825	
29185	-0,264068	29185	0,437011	29185	-0,290971	
29186	-0,156561	29186	0,541345	29186	-0,171929	
29187	-0,0471784	29187	0,642556	29187	-0,0522623	
29188	0,0612666	29188	0,738768	29188	0,0677168	
29189	0,170962	29189	0,831857	29189	0,187696	
29190	0,277531	29190	0,917449	29190	0,305175	
29191	0,383789	29191	0,999604	29191	0,422655	
29192	0,487859	29192	1,07426	29192	0,53701	
29193	0,586615	29193	1,14205	29193	0,646366	
29194	0,685372	29194	1,20484	29194	0,754472	
29195	0,779129	29195	1,25982	29195	0,857267	
29196	0,867885	29196	1,30636	29196	0,954438	
29197	0,951016	29197	1,34447	29197	1,04692	
29198	1,03102	29198	1,37602	29198	1,13347	
29199	1,1029	29199	1,39789	29199	1,21252	
29200	1,16634	29200	1,40913	29200	1,28376	
29201	1,22353	29201	1,41351	29201	1,34656	
29202	1,27573	29202	1,41007	29202	1,40373	
29203	1,31917	29203	1,39664	29203	1,45154	
29204	1,35417	29204	1,37446	29204	1,48966	
29205	1,38323	29205	1,34572	29205	1,5209	
29206	1,40136	29206	1,30698	29206	1,54152	
29207	1,41042	29207	1,25825	29207	1,55183	
29208	1,41324	29208	1,20577	29208	1,55527	
29209	1,40761	29209	1,14299	29209	1,54777	
29210	1,39417	29210	1,07614	29210	1,5334	
29211	1,37167	29211	0,999917	29211	1,50809	
29212	1,34042	29212	0,919635	29212	1,47466	
29213	1,30104	29213	0,831545	29213	1,43123	
29214	1,2526	29214	0,737206	29214	1,37811	
29215	1,19947	29215	0,642243	29215	1,32031	
29216	1,1379	29216	0,540408	29216	1,25314	
29217	1,07102	29217	0,437011	29217	1,17752	
29218	0,995706	29218	0,329552	29218	1,09598	
29219	0,917263	29219	0,222407	29219	1,00787	
29220	0,83132	29220	0,112449	29220	0,914132	
29221	0,738501	29221	-0,000319168	29221	0,812275	
29222	0,643494	29222	-0,110589	29222	0,708855	
29223	0,544425	29223	-0,221171	29223	0,599812	
29224	0,44223	29224	-0,329878	29224	0,487331	
29225	0,336911	29225	-0,437961	29225	0,371101	
29226	0,231278	29226	-0,540734	29226	0,253934	
29227	0,122521	29227	-0,641319	29227	0,134268	
29228	0,0131382	29228	-0,739406	29228	0,0142886	
29229	-0,0953067	29229	-0,830308	29229	-0,104753	
29230	-0,204377	29230	-0,918711	29230	-0,22442	
29231	-0,312509	29231	-0,999929	29231	-0,342837	
29232	-0,418766	29232	-1,07709	29232	-0,459691	
29233	-0,521586	29233	-1,14487	29233	-0,572484	
29234	-0,619718	29234	-1,20516	29234	-0,68184	
29235	-0,716287	29235	-1,2592	29235	-0,787446	
29236	-0,807856	29236	-1,30637	29236	-0,888366	
29237	-0,895049	29237	-1,34511	29237	-0,984599	
29238	-0,975992	29238	-1,37478	29238	-1,07458	
29239	-1,0535	29239	-1,39759	29239	-1,15926	
29240	-1,12319	29240	-1,41039	29240	-1,23518	
29241	-1,18632	29241	-1,41508	29241	-1,30454	
29242	-1,2407	29242	-1,40883	29242	-1,36485	
29243	-1,28945	29243	-1,39634	29243	-1,41859	
29244	-1,33008	29244	-1,37447	29244	-1,46295	
29245	-1,36321	29245	-1,34386	29245	-1,49951	
29246	-1,38883	29246	-1,30637	29246	-1,527	
29247	-1,4054	29247	-1,26045	29247	-1,54544	
29248	-1,41321	29248	-1,20641	29248	-1,55481	
29249	-1,41258	29249	-1,14425	29249	-1,55356	
29250	-1,40477	29250	-1,07615	29250	-1,54481	
29251	-1,38633	29251	-0,999617	29251	-1,52513	
29252	-1,36196	29252	-0,918711	29252	-1,49701	
29253	-1,32633	29253	-0,83062	29253	-1,46014	
29254	-1,28508	29254	-0,737844	29254	-1,41421	
29255	-1,23695	29255	-0,641944	29255	-1,36047	
29256	-1,18038	29256	-0,540734	29256	-1,29861	
29257	-1,11819	29257	-0,438586	29257	-1,22987	
29258	-1,04756	29258	-0,330191	29258	-1,15145	
29259	-0,969117	29259	-0,219921	29259	-1,06708	
29260	-0,888486	29260	-0,111838	29260	-0,976788	
29261	-0,801605	29261	-0,000319168	29261	-0,880555	
29262	-0,708786	29262	0,110575	29262	-0,77901	
29263	-0,611905	29263	0,221469	29263	-0,672466	
29264	-0,512835	29264	0,328303	29264	-0,563735	
29265	-0,408453	29265	0,437323	29265	-0,449068	
29266	-0,303133	29266	0,54072	29266	-0,333151	
29267	-0,195001	29267	0,642556	29267	-0,214421	
29268	-0,0859311	29268	0,739393	29268	-0,0944424	
29269	0,0231389	29269	0,831545	29269	0,0252242	
29270	0,132209	29270	0,919323	29270	0,145828	
29271	0,238154	29271	0,998667	29271	0,262683	
29272	0,347224	29272	1,07645	29272	0,382037	
29273	0,449731	29273	1,1433	29273	0,496705	
29274	0,553801	29274	1,2064	29274	0,609185	
29275	0,652245	29275	1,26075	29275	0,717916	
29276	0,747564	29276	1,30698	29276	0,822273	
29277	0,837258	29277	1,34447	29277	0,921318	
29278	0,921639	29278	1,37415	29278	1,01349	
29279	1,00258	29279	1,39664	29279	1,10316	
29280	1,07727	29280	1,40976	29280	1,18502	
29281	1,1454	29281	1,41444	29281	1,25938	
29282	1,2051	29282	1,40944	29282	1,32562	
29283	1,25885	29283	1,39726	29283	1,38436	
29284	1,30573	29284	1,37571	29284	1,43529	
29285	1,34104	29285	1,34322	29285	1,47622	
29286	1,37323	29286	1,30636	29286	1,51028	
29287	1,39542	29287	1,26075	29287	1,53559	
29288	1,40917	29288	1,20546	29288	1,55027	
29289	1,4148	29289	1,14424	29289	1,55683	
29290	1,41136	29290	1,0752	29290	1,55277	
29291	1,40042	29291	1,00023	29291	1,53996	
29292	1,37823	29292	0,916824	29292	1,51653	
29293	1,35104	29293	0,830295	29293	1,48591	
29294	1,3151	29294	0,738768	29294	1,44748	
29295	1,27166	29295	0,641306	29295	1,39811	
29296	1,2201	29296	0,541033	29296	1,34281	
29297	1,16197	29297	0,437635	29297	1,27813	
29298	1,09634	29298	0,33049	29298	1,20564	
29299	1,02196	29299	0,22022	29299	1,12441	
29300	0,94539	29300	0,110575	29300	1,04005	
29301	0,860384	29301	-0,0012563	29301	0,946314	
29302	0,772566	29302	-0,110901	29302	0,849456	
29303	0,677872	29303	-0,222108	29303	0,746349	
29304	0,58099	29304	-0,329254	29304	0,63918	
29305	0,481296	29305	-0,435462	29305	0,528887	
29306	0,374413	29306	-0,541671	29306	0,412344	
29307	0,268156	29307	-0,642569	29307	0,29549	
29308	0,160648	29308	-0,739406	29308	0,177385	
29309	0,0515784	29309	-0,832182	29309	0,0564688	
29310	-0,0574916	29310	-0,918711	29310	-0,0628854	
29311	-0,164999	29311	-0,999305	29311	-0,181927	
29312	-0,273756	29312	-1,07521	29312	-0,300656	
29313	-0,380639	29313	-1,14456	29313	-0,418761	
29314	-0,484396	29314	-1,20579	29314	-0,532491	
29315	-0,58534	29315	-1,26014	29315	-0,643097	
29316	-0,682222	29316	-1,30668	29316	-0,750578	
29317	-0,777854	29317	-1,34636	29317	-0,854622	
29318	-0,863797	29318	-1,3751	29318	-0,950543	
29319	-0,949428	29319	-1,39696	29319	-1,04303	
29320	-1,02537	29320	-1,40946	29320	-1,12864	
29321	-1,0985	29321	-1,41321	29321	-1,20769	
29322	-1,16413	29322	-1,40977	29322	-1,2808	
29323	-1,22101	29323	-1,3954	29323	-1,34422	
29324	-1,27445	29324	-1,37634	29324	-1,4014	
29325	-1,31695	29325	-1,34448	29325	-1,44858	
29326	-1,35133	29326	-1,30512	29326	-1,48764	
29327	-1,38164	29327	-1,26077	29327	-1,51919	
29328	-1,39946	29328	-1,20516	29328	-1,53981	
29329	-1,41133	29329	-1,14425	29329	-1,55231	
29330	-1,41383	29330	-1,07521	29330	-1,5545	
29331	-1,40821	29331	-1,00087	29331	-1,54919	
29332	-1,39508	29332	-0,919648	29332	-1,53388	
29333	-1,37133	29333	-0,831245	29333	-1,50795	
29334	-1,34039	29334	-0,738781	29334	-1,47358	
29335	-1,30258	29335	-0,642569	29335	-1,43202	
29336	-1,25507	29336	-0,540421	29336	-1,37984	
29337	-1,20038	29337	-0,436087	29337	-1,32142	
29338	-1,141	29338	-0,330191	29338	-1,25486	
29339	-1,07256	29339	-0,221795	29339	-1,17957	
29340	-0,999119	29340	-0,111838	29340	-1,09802	
29341	-0,918176	29341	-0,000319168	29341	-1,0096	
29342	-0,832545	29342	0,110575	29342	-0,916486	
29343	-0,740351	29343	0,222094	29343	-0,814942	
29344	-0,645969	29344	0,330177	29344	-0,710272	
29345	-0,548463	29345	0,435449	29345	-0,603416	
29346	-0,446893	29346	0,54072	29346	-0,490623	
29347	-0,341261	29347	0,641931	29347	-0,375018	
29348	-0,233754	29348	0,73908	29348	-0,256602	
29349	-0,125309	29349	0,830607	29349	-0,13756	
29350	-0,0159263	29350	0,918698	29350	-0,0172684	
29351	0,0940813	29351	1,00054	29351	0,103336	
29352	0,200651	29352	1,07457	29352	0,220815	
29353	0,308784	29353	1,14424	29353	0,339857	
29354	0,414728	29354	1,20546	29354	0,456399	
29355	0,517548	29355	1,25982	29355	0,569817	
29356	0,61693	29356	1,30605	29356	0,67886	
29357	0,713499	29357	1,34478	29357	0,785717	
29358	0,806943	29358	1,37602	29358	0,887574	
29359	0,892262	29359	1,39601	29359	0,980995	
29360	0,974142	29360	1,40882	29360	1,07223	
29361	1,05165	29361	1,41476	29361	1,15659	
29362	1,12072	29362	1,40882	29362	1,23251	
29363	1,18447	29363	1,39695	29363	1,30281	
29364	1,24104	29364	1,37571	29364	1,36499	
29365	1,28979	29365	1,34478	29365	1,41811	
29366	1,32948	29366	1,30542	29366	1,46216	
29367	1,36261	29367	1,2595	29367	1,49903	
29368	1,38792	29368	1,20577	29368	1,52746	
29369	1,40574	29369	1,14424	29369	1,54527	
29370	1,41324	29370	1,07489	29370	1,55465	
29371	1,41417	29371	1,00085	29371	1,55558	
29372	1,40542	29372	0,919323	29372	1,54621	
29373	1,38761	29373	0,830607	29373	1,52621	
29374	1,36229	29374	0,738456	29374	1,49903	
29375	1,32885	29375	0,640994	29375	1,46216	
29376	1,28729	29376	0,539783	29376	1,41654	
29377	1,23979	29377	0,437011	29377	1,36374	
29378	1,18384	29378	0,330802	29378	1,3025	
29379	1,11978	29379	0,221469	29379	1,23189	
29380	1,05009	29380	0,110575	29380	1,15472	
29381	0,971955	29381	-0,000631546	29381	1,07004	
29382	0,891637	29382	-0,111838	29382	0,980683	
29383	0,803505	29383	-0,220858	29383	0,88445	
29384	0,711624	29384	-0,330503	29384	0,783217	
29385	0,61693	29385	-0,436399	29385	0,678548	
29386	0,516298	29386	-0,540109	29386	0,568255	
29387	0,411916	29387	-0,641944	29387	0,453275	
29388	0,307534	29388	-0,738781	29388	0,337982	
29389	0,199401	29389	-0,830933	29389	0,219878	
29390	0,0922062	29390	-0,918399	29390	0,100836	
29391	-0,0171763	29391	-0,998992	29391	-0,019143	
29392	-0,126559	29392	-1,07459	29392	-0,139122	
29393	-0,235941	29393	-1,14456	29393	-0,258789	
29394	-0,343449	29394	-1,20641	29394	-0,378455	
29395	-0,447831	29395	-1,26014	29395	-0,492185	
29396	-0,55065	29396	-1,30731	29396	-0,604353	
29397	-0,648157	29397	-1,34448	29397	-0,713084	
29398	-0,742851	29398	-1,37541	29398	-0,817129	
29399	-0,832857	29399	-1,39602	29399	-0,916799	
29400	-0,918176	29400	-1,40914	29400	-1,01053	
29401	-1,00068	29401	-1,41539	29401	-1,1002	
29402	-1,07412	29402	-1,40946	29402	-1,18113	
29403	-1,14163	29403	-1,39696	29403	-1,2558	
29404	-1,20288	29404	-1,37541	29404	-1,32329	
29405	-1,25539	29405	-1,34417	29405	-1,38172	
29406	-1,30195	29406	-1,30544	29406	-1,4314	
29407	-1,33977	29407	-1,25889	29407	-1,4742	
29408	-1,37196	29408	-1,20641	29408	-1,50888	
29409	-1,3954	29409	-1,14487	29409	-1,53482	
29410	-1,40883	29410	-1,07521	29410	-1,54919	
29411	-1,41415	29411	-0,999929	29411	-1,55575	
29412	-1,41071	29412	-0,918399	29412	-1,55231	
29413	-1,39915	29413	-0,83062	29413	-1,53856	
29414	-1,37977	29414	-0,737844	29414	-1,51701	
29415	-1,35289	29415	-0,641944	29415	-1,48889	
29416	-1,31727	29416	-0,541046	29416	-1,44764	
29417	-1,27351	29417	-0,437336	29417	-1,40046	
29418	-1,22195	29418	-0,330503	29418	-1,34454	
29419	-1,16382	29419	-0,222108	29419	-1,27955	
29420	-1,09663	29420	-0,110901	29420	-1,20644	
29421	-1,02475	29421	0,000617967	29421	-1,12707	
29422	-0,947865	29422	0,10995	29422	-1,04271	
29423	-0,863797	29423	0,221782	29423	-0,948981	
29424	-0,774728	29424	0,329552	29424	-0,852123	
29425	-0,680972	29425	0,437011	29425	-0,749328	
29426	-0,583778	29426	0,540408	29426	-0,641847	
29427	-0,482208	29427	0,642556	29427	-0,530304	
29428	-0,376889	29428	0,740018	29428	-0,415324	
29429	-0,272506	29429	0,829983	29429	-0,299407	
29430	-0,163124	29430	0,919635	29430	-0,17974	
29431	-0,0556165	29431	1,00054	29431	-0,0606983	
29432	0,0540786	29432	1,0752	29432	0,0599057	
29433	0,161899	29433	1,14299	29433	0,178323	
29434	0,270343	29434	1,20577	29434	0,297677	
29435	0,376913	29435	1,26044	29435	0,415156	
29436	0,480983	29436	1,30667	29436	0,529511	
29437	0,58099	29437	1,34416	29437	0,63918	
29438	0,679747	29438	1,3754	29438	0,747911	
29439	0,773816	29439	1,39695	29439	0,851018	
29440	0,861635	29440	1,40882	29440	0,948501	
29441	0,946328	29441	1,41382	29441	1,04067	
29442	1,02415	29442	1,40944	29442	1,12784	
29443	1,09634	29443	1,39695	29443	1,20627	
29444	1,16197	29444	1,37477	29444	1,27876	
29445	1,22228	29445	1,34541	29445	1,34468	
29446	1,27229	29446	1,30605	29446	1,39967	
29447	1,31448	29447	1,25794	29447	1,44591	
29448	1,35229	29448	1,20609	29448	1,48809	
29449	1,38073	29449	1,14424	29449	1,5184	
29450	1,40073	29450	1,0752	29450	1,53996	
29451	1,41105	29451	0,999604	29451	1,55246	
29452	1,41449	29452	0,918698	29452	1,55621	
29453	1,40917	29453	0,83092	29453	1,54965	
29454	1,39417	29454	0,738768	29454	1,53402	
29455	1,37355	29455	0,641931	29455	1,5109	
29456	1,34261	29456	0,541657	29456	1,47685	
29457	1,30417	29457	0,437011	29457	1,43435	
29458	1,25822	29458	0,330802	29458	1,38405	
29459	1,20478	29459	0,222719	29459	1,32625	
29460	1,1429	29460	0,1112	29460	1,25782	
29461	1,07415	29461	-0,000943924	29461	1,18252	
29462	1,00164	29462	-0,111213	29462	1,10254	
29463	0,922576	29463	-0,220546	29463	1,01411	
29464	0,836633	29464	-0,329878	29464	0,920069	
29465	0,745689	29465	-0,437336	29465	0,820398	
29466	0,65162	29466	-0,540421	29466	0,716666	
29467	0,551613	29467	-0,641632	29467	0,606685	
29468	0,449418	29468	-0,739406	29468	0,493268	
29469	0,343474	29469	-0,832182	29469	0,3786	
29470	0,238154	29470	-0,918399	29470	0,261746	
29471	0,130334	29471	-0,999929	29471	0,142391	
29472	0,0212638	29472	-1,07459	29472	0,0227247	
29473	-0,0878062	29473	-1,143	29473	-0,0960046	
29474	-0,196564	29474	-1,20485	29474	-0,216296	
29475	-0,305009	29475	-1,26045	29475	-0,335338	
29476	-0,410016	29476	-1,307	29476	-0,451255	
29477	-0,515023	29477	-1,34573	29477	-0,564673	
29478	-0,613155	29478	-1,37541	29478	-0,674654	
29479	-0,710661	29479	-1,39696	29479	-0,781197	
29480	-0,801605	29480	-1,40946	29480	-0,881492	
29481	-0,888486	29481	-1,41289	29481	-0,977726	
29482	-0,970992	29482	-1,40977	29482	-1,06896	
29483	-1,0485	29483	-1,39634	29483	-1,15238	
29484	-1,1185	29484	-1,3751	29484	-1,23018	
29485	-1,18069	29485	-1,34417	29485	-1,29892	
29486	-1,24007	29486	-1,30793	29486	-1,36328	
29487	-1,28695	29487	-1,26014	29487	-1,41577	
29488	-1,3282	29488	-1,20485	29488	-1,46108	
29489	-1,36102	29489	-1,14425	29489	-1,49795	
29490	-1,3879	29490	-1,07552	29490	-1,52575	
29491	-1,40321	29491	-0,998992	29491	-1,54388	
29492	-1,41321	29492	-0,918399	29492	-1,55387	
29493	-1,41258	29493	-0,831558	29493	-1,5545	
29494	-1,4054	29494	-0,739718	29494	-1,54481	
29495	-1,38821	29495	-0,641632	29495	-1,52669	
29496	-1,36289	29496	-0,540734	29496	-1,49888	
29497	-1,33008	29497	-0,437336	29497	-1,46327	
29498	-1,28914	29498	-0,328941	29498	-1,41702	
29499	-1,24039	29499	-0,221171	29499	-1,36391	
29500	-1,18538	29500	-0,112151	29500	-1,30329	
29501	-1,12163	29501	-0,000319168	29501	-1,23393	
29502	-1,05318	29502	0,110575	29502	-1,15769	
29503	-0,974429	29503	0,222094	29503	-1,0724	
29504	-0,892861	29504	0,33049	29504	-0,982412	
29505	-0,805668	29505	0,437635	29505	-0,886804	
29506	-0,714412	29506	0,54197	29506	-0,785884	
29507	-0,619405	29507	0,640994	29507	-0,680902	
29508	-0,518461	29508	0,738456	29508	-0,569984	
29509	-0,415954	29509	0,83092	29509	-0,457192	
29510	-0,309384	29510	0,918386	29510	-0,340337	
29511	-0,202502	29511	1,00023	29511	-0,222857	
29512	-0,0934316	29512	1,07582	29512	-0,102566	
29513	0,0153259	29513	1,14361	29513	0,0177255	
29514	0,122521	29514	1,2039	29514	0,135205	
29515	0,230653	29515	1,25857	29515	0,254559	
29516	0,339411	29516	1,30605	29516	0,373601	
29517	0,444731	29517	1,34509	29517	0,489206	
29518	0,545988	29518	1,37446	29518	0,600437	
29519	0,645995	29519	1,39695	29519	0,711042	
29520	0,741314	29520	1,41038	29520	0,815712	
29521	0,830695	29521	1,41351	29521	0,914132	
29522	0,916326	29522	1,40851	29522	1,00787	
29523	0,997269	29523	1,39632	29523	1,09723	
29524	1,07165	29524	1,37477	29524	1,17909	
29525	1,13947	29525	1,34385	29525	1,25376	
29526	1,20197	29526	1,3073	29526	1,32219	
29527	1,25541	29527	1,26013	29527	1,3803	
29528	1,30167	29528	1,20546	29528	1,43217	
29529	1,34104	29529	1,14424	29529	1,47466	
29530	1,37073	29530	1,07457	29530	1,50809	
29531	1,39355	29531	0,999604	29531	1,53309	
29532	1,40761	29532	0,918386	29532	1,5484	
29533	1,41449	29533	0,832169	29533	1,55621	
29534	1,41167	29534	0,73908	29534	1,5534	
29535	1,40011	29535	0,641931	29535	1,54059	
29536	1,38105	29536	0,541033	29536	1,51996	
29537	1,35479	29537	0,437635	29537	1,49059	
29538	1,31823	29538	0,330177	29538	1,4506	
29539	1,27416	29539	0,219595	29539	1,40123	
29540	1,22416	29540	0,110888	29540	1,34687	
29541	1,16697	29541	0,0015551	29541	1,28282	
29542	1,10071	29542	-0,110901	29542	1,21064	
29543	1,02946	29543	-0,220546	29543	1,13284	
29544	0,950391	29544	-0,329878	29544	1,04567	
29545	0,86726	29545	-0,437024	29545	0,953813	
29546	0,776629	29546	-0,542608	29546	0,85508	
29547	0,684435	29547	-0,641944	29547	0,753223	
29548	0,58724	29548	-0,738469	29548	0,645741	
29549	0,485671	29549	-0,831245	29549	0,534511	
29550	0,383164	29550	-0,918399	29550	0,42078	
29551	0,275656	29551	-0,999929	29551	0,303613	
29552	0,168149	29552	-1,07552	29552	0,185196	
29553	0,0584539	29553	-1,14519	29553	0,0645924	
29554	-0,0493661	29554	-1,20516	29554	-0,0544494	
29555	-0,159374	29555	-1,26014	29555	-0,175053	
29556	-0,266256	29556	-1,30637	29556	-0,293158	
29557	-0,372513	29557	-1,34417	29557	-0,408763	
29558	-0,476583	29558	-1,3751	29558	-0,523742	
29559	-0,578152	29559	-1,39665	29559	-0,63591	
29560	-0,677534	29560	-1,41071	29560	-0,744329	
29561	-0,77004	29561	-1,41446	29561	-0,846499	
29562	-0,858797	29562	-1,40977	29562	-0,944606	
29563	-0,942865	29563	-1,39665	29563	-1,03709	
29564	-1,02068	29564	-1,3751	29564	-1,1227	
29565	-1,09319	29565	-1,34417	29565	-1,20269	
29566	-1,15882	29566	-1,30575	29566	-1,27517	
29567	-1,22007	29567	-1,26108	29567	-1,34172	
29568	-1,2707	29568	-1,20485	29568	-1,39703	
29569	-1,31414	29569	-1,14425	29569	-1,44577	
29570	-1,35039	29570	-1,07552	29570	-1,48545	
29571	-1,37946	29571	-0,999929	29571	-1,51701	
29572	-1,39883	29572	-0,918086	29572	-1,53888	
29573	-1,40915	29573	-0,829996	29573	-1,55044	
29574	-1,41508	29574	-0,740343	29574	-1,55575	
29575	-1,40915	29575	-0,642256	29575	-1,54919	
29576	-1,39571	29576	-0,541983	29576	-1,53513	
29577	-1,37258	29577	-0,437024	29577	-1,51044	
29578	-1,34352	29578	-0,330815	29578	-1,47764	
29579	-1,30508	29579	-0,221171	29579	-1,43515	
29580	-1,25789	29580	-0,110589	29580	-1,3839	
29581	-1,2057	29581	-0,000631546	29581	-1,32579	
29582	-1,14538	29582	0,110888	29582	-1,25924	
29583	-1,07725	29583	0,221157	29583	-1,18488	
29584	-1,00349	29584	0,32924	29584	-1,10364	
29585	-0,923176	29585	0,437948	29585	-1,01584	
29586	-0,83817	29586	0,541657	29586	-0,921798	
29587	-0,748164	29587	0,642556	29587	-0,822128	
29588	-0,65347	29588	0,737206	29588	-0,719021	
29589	-0,555338	29589	0,831232	29589	-0,61029	
29590	-0,454081	29590	0,917136	29590	-0,498434	
29591	-0,348449	29591	0,999604	29591	-0,381892	
29592	-0,240629	29592	1,0752	29592	-0,26535	
29593	-0,132497	29593	1,14455	29593	-0,145683	
29594	-0,0237393	29594	1,20577	29594	-0,0253919	
29595	0,0840806	29595	1,25857	29595	0,0933374	
29596	0,193463	29596	1,30667	29596	0,213629	
29597	0,301908	29597	1,34478	29597	0,332046	
29598	0,40754	29598	1,37508	29598	0,448588	
29599	0,510673	29599	1,39695	29599	0,561693	
29600	0,610992	29600	1,40976	29600	0,671987	
29601	1,41542	29601	1,41538	29601	1,4153	
29602	1,40949	29602	1,40913	29602	1,40905	
29603	1,39667	29603	1,39632	29603	1,39717	
29604	1,3748	29604	1,3754	29604	1,37593	
29605	1,34479	29605	1,34416	29605	1,34437	
29606	1,30604	29606	1,30636	29606	1,30625	
29607	1,26135	29607	1,26138	29607	1,26157	
29608	1,20635	29608	1,20577	29608	1,20658	
29609	1,14415	29609	1,14392	29609	1,1444	
29610	1,0754	29610	1,07551	29610	1,0766	
29611	0,999769	29611	0,999917	29611	0,999742	
29612	0,917888	29612	0,918073	29612	0,918819	
29613	0,831945	29613	0,83092	29613	0,831334	
29614	0,740376	29614	0,739705	29614	0,740412	
29615	0,643494	29615	0,642868	29615	0,642929	
29616	0,540362	29616	0,540095	29616	0,540759	
29617	0,436918	29617	0,436073	29617	0,436403	
29618	0,330348	29618	0,33049	29618	0,331108	
29619	0,22159	29619	0,221157	29619	0,221752	
29620	0,109707	29620	0,110575	29620	0,110834	
29621	0,000637388	29621	-6,7895E-6	29621	0,000541036	
29622	-0,10937	29622	-0,110276	29622	-0,109127	
29623	-0,22094	29623	-0,220546	29623	-0,22067	
29624	-0,329698	29624	-0,329566	29624	-0,328464	
29625	-0,437205	29625	-0,437336	29625	-0,436883	
29626	-0,54065	29626	-0,541046	29626	-0,540927	
29627	-0,642844	29627	-0,642881	29627	-0,642159	
29628	-0,737851	29628	-0,737844	29628	-0,738392	
29629	-0,83067	29629	-0,83062	29629	-0,830564	
29630	-0,918801	29630	-0,919648	29630	-0,918673	
29631	-1,00006	29631	-0,999305	29631	-0,999597	
29632	-1,07537	29632	-1,07552	29632	-1,07521	
29633	-1,14319	29633	-1,14425	29633	-1,14363	
29634	-1,20601	29634	-1,2061	29634	-1,20581	
29635	-1,25945	29635	-1,25952	29635	-1,25924	
29636	-1,30508	29636	-1,30575	29636	-1,30454	
29637	-1,3432	29637	-1,34448	29637	-1,3436	
29638	-1,37477	29638	-1,37572	29638	-1,37453	
29639	-1,39571	29639	-1,39634	29639	-1,39546	
29640	-1,4079	29640	-1,40821	29640	-1,40765	
29641	-1,41446	29641	-1,41539	29641	-1,41452	
29642	-1,40915	29642	-1,40946	29642	-1,4089	
29643	-1,39602	29643	-1,39571	29643	-1,39546	
29644	-1,37414	29644	-1,37478	29644	-1,37359	
29645	-1,34508	29645	-1,34511	29645	-1,34422	
29646	-1,30601	29646	-1,30606	29646	-1,30548	
29647	-1,26007	29647	-1,25983	29647	-1,25955	
29648	-1,20695	29648	-1,20672	29648	-1,20675	
29649	-1,14444	29649	-1,14394	29649	-1,14363	
29650	-1,07475	29650	-1,0749	29650	-1,07458	
29651	-0,999744	29651	-1,00024	29651	-0,999597	
29652	-0,918488	29652	-0,919024	29652	-0,918673	
29653	-0,831295	29653	-0,830933	29653	-0,830251	
29654	-0,738163	29654	-0,738469	29654	-0,73808	
29655	-0,642844	29655	-0,643194	29655	-0,642784	
29656	-0,540962	29656	-0,541046	29656	-0,540302	
29657	-0,435643	29657	-0,436399	29657	-0,435633	
29658	-0,329385	29658	-0,330191	29658	-0,329714	
29659	-0,221253	29659	-0,221483	29659	-0,221295	
29660	-0,110308	29660	-0,110589	29660	-0,110065	
29661	0,00094991	29661	0,000305589	29661	0,00116593	
29662	0,11002	29662	0,109638	29662	0,109897	
29663	0,221278	29663	0,220845	29663	0,222065	
29664	0,330973	29664	0,331114	29664	0,330796	
29665	0,437855	29665	0,436698	29665	0,437028	
29666	0,541612	29666	0,541657	29666	0,542322	
29667	0,643494	29667	0,642868	29667	0,642617	
29668	0,740064	29668	0,739705	29668	0,739475	
29669	0,830382	29669	0,829358	29669	0,830397	
29670	0,917888	29670	0,917136	29670	0,917881	
29671	0,999457	29671	0,999292	29671	1,00005	
29672	1,07509	29672	1,07457	29672	1,07567	
29673	1,14478	29673	1,14392	29673	1,14409	
29674	1,20635	29674	1,20577	29674	1,20658	
29675	1,25979	29675	1,2595	29675	1,26063	
29676	1,30604	29676	1,30574	29676	1,30594	
29677	1,34448	29677	1,34509	29677	1,34593	
29678	1,37511	29678	1,37477	29678	1,37468	
29679	1,39667	29679	1,39664	29679	1,39717	
29680	1,4098	29680	1,40944	29680	1,40936	
29681	1,41417	29681	1,41476	29681	1,4153	
29682	1,41042	29682	1,41007	29682	1,40967	
29683	1,39605	29683	1,39601	29683	1,39655	
29684	1,37636	29684	1,37633	29684	1,37655	
29685	1,34511	29685	1,34509	29685	1,34468	
29686	1,30573	29686	1,30574	29686	1,30531	
29687	1,25947	29687	1,2595	29687	1,2597	
29688	1,20635	29688	1,2064	29688	1,20627	
29689	1,14447	29689	1,1433	29689	1,14472	
29690	1,07321	29690	1,07364	29690	1,07442	
29691	0,999144	29691	0,999292	29691	1,00005	
29692	0,919139	29692	0,918698	29692	0,918819	
29693	0,831632	29693	0,830607	29693	0,831646	
29694	0,739439	29694	0,739393	29694	0,7401	
29695	0,642244	29695	0,641618	29695	0,641992	
29696	0,54005	29696	0,539471	29696	0,540759	
29697	0,43723	29697	0,436698	29697	0,436715	
29698	0,330035	29698	0,33049	29698	0,330796	
29699	0,223465	29699	0,222407	29699	0,22269	
29700	0,110645	29700	0,110888	29700	0,110834	
29701	0,000637388	29701	-6,7895E-6	29701	0,000853482	
29702	-0,109995	29702	-0,110276	29702	-0,109127	
29703	-0,220315	29703	-0,220858	29703	-0,220358	
29704	-0,330635	29704	-0,330503	29704	-0,330339	
29705	-0,437518	29705	-0,437961	29705	-0,437508	
29706	-0,540337	29706	-0,541358	29706	-0,540615	
29707	-0,640969	29707	-0,641319	29707	-0,641222	
29708	-0,738476	29708	-0,739094	29708	-0,738392	
29709	-0,830357	29709	-0,829996	29709	-0,830876	
29710	-0,918176	29710	-0,918711	29710	-0,917736	
29711	-1,00006	29711	-1,00055	29711	-1,00022	
29712	-1,07506	29712	-1,0749	29712	-1,07458	
29713	-1,14382	29713	-1,14456	29713	-1,14332	
29714	-1,20445	29714	-1,20516	29714	-1,20456	
29715	-1,25882	29715	-1,25983	29715	-1,25924	
29716	-1,30539	29716	-1,30544	29716	-1,30548	
29717	-1,34414	29717	-1,34479	29717	-1,34391	
29718	-1,37414	29718	-1,37603	29718	-1,37453	
29719	-1,39696	29719	-1,39727	29719	-1,39609	
29720	-1,41102	29720	-1,41071	29720	-1,40984	
29721	-1,41383	29721	-1,41383	29721	-1,4139	
29722	-1,41102	29722	-1,41071	29722	-1,40921	
29723	-1,39633	29723	-1,39634	29723	-1,39578	
29724	-1,37321	29724	-1,37416	29724	-1,37391	
29725	-1,34508	29725	-1,34479	29725	-1,34485	
29726	-1,30601	29726	-1,30668	29726	-1,30579	
29727	-1,26007	29727	-1,26014	29727	-1,25955	
29728	-1,20507	29728	-1,20454	29728	-1,20487	
29729	-1,14475	29729	-1,14456	29729	-1,14426	
29730	-1,07444	29730	-1,07459	29730	-1,0749	
29731	-0,999119	29731	-0,999617	29731	-0,998972	
29732	-0,9163	29732	-0,918086	29732	-0,917111	
29733	-0,83067	29733	-0,830933	29733	-0,830876	
29734	-0,738476	29734	-0,738469	29734	-0,738392	
29735	-0,641282	29735	-0,641632	29735	-0,640909	
29736	-0,541275	29736	-0,542295	29736	-0,541552	
29737	-0,436268	29737	-0,436399	29737	-0,435945	
29738	-0,32876	29738	-0,328941	29738	-0,328464	
29739	-0,220628	29739	-0,221483	29739	-0,22067	
29740	-0,110308	29740	-0,110901	29740	-0,11069	
29741	0,000637388	29741	0,000930345	29741	0,000853482	
29742	0,112208	29742	0,111512	29742	0,111772	
29743	0,220965	29743	0,219595	29743	0,220815	
29744	0,32941	29744	0,328928	29744	0,330484	
29745	0,43848	29745	0,438572	29745	0,438277	
29746	0,540987	29746	0,54072	29746	0,541697	
29747	0,642557	29747	0,642243	29747	0,642617	
29748	0,740064	29748	0,73908	29748	0,7401	
29749	0,831945	29749	0,831545	29749	0,832584	
29750	0,916951	29750	0,917136	29750	0,917881	
29751	0,998519	29751	0,998979	29751	0,99943	
29752	1,07446	29752	1,07457	29752	1,07504	
29753	1,14447	29753	1,14392	29753	1,14409	
29754	1,20635	29754	1,20609	29754	1,20658	
29755	1,26041	29755	1,26044	29755	1,26063	
29756	1,30792	29756	1,30698	29756	1,3075	
29757	1,34479	29757	1,34416	29757	1,34468	
29758	1,37511	29758	1,3754	29758	1,3753	
29759	1,39542	29759	1,3957	29759	1,39624	
29760	1,40949	29760	1,40976	29760	1,40998	
29761	1,41417	29761	1,41351	29761	1,41405	
29762	1,41042	29762	1,41007	29762	1,41092	
29763	1,3973	29763	1,39695	29763	1,39686	
29764	1,37355	29764	1,37383	29764	1,37405	
29765	1,34573	29765	1,34541	29765	1,34656	
29766	1,30604	29766	1,30511	29766	1,30594	
29767	1,25947	29767	1,2595	29767	1,26032	
29768	1,2051	29768	1,20484	29768	1,20533	
29769	1,14478	29769	1,14517	29769	1,14534	
29770	1,07634	29770	1,07614	29770	1,07692	
29771	0,999144	29771	0,998979	29771	0,998492	
29772	0,919451	29772	0,918386	29772	0,919444	
