Time - Plot 0	Amplitude - Plot 0	Time - Plot 1	Amplitude - Plot 1	Time - Plot 2	Amplitude - Plot 2	
27958	-1,37383	27958	-1,37416	27958	-1,37359	
27959	-1,39696	27959	-1,39727	27959	-1,39671	
27960	-1,40946	27960	-1,41039	27960	-1,40921	
27961	-1,41446	27961	-1,41477	27961	-1,41452	
27962	-1,40852	27962	-1,40821	27962	-1,40859	
27963	-1,39602	27963	-1,39665	27963	-1,39609	
27964	-1,37414	27964	-1,37478	27964	-1,37391	
27965	-1,34352	27965	-1,34386	27965	-1,3436	
27966	-1,30601	27966	-1,30668	27966	-1,30579	
27967	-1,25945	27967	-1,25983	27967	-1,26018	
27968	-1,20601	27968	-1,20579	27968	-1,20519	
27969	-1,14288	27969	-1,14394	27969	-1,14363	
27970	-1,07569	27970	-1,07552	27970	-1,07552	
27971	-0,998806	27971	-0,999305	27971	-0,998972	
27972	-0,917238	27972	-0,917149	27972	-0,917424	
27973	-0,830357	27973	-0,830933	27973	-0,830876	
27974	-0,739101	27974	-0,739718	27974	-0,739017	
27975	-0,641282	27975	-0,641632	27975	-0,641222	
27976	-0,54065	27976	-0,541358	27976	-0,540615	
27977	-0,439393	27977	-0,438586	27977	-0,43782	
27978	-0,329385	27978	-0,329566	27978	-0,329401	
27979	-0,22094	27979	-0,221171	27979	-0,220983	
27980	-0,110933	27980	-0,111526	27980	-0,11069	
27981	0,000637388	27981	-6,7895E-6	27981	0,000541036	
27982	0,112208	27982	0,112137	27982	0,111772	
27983	0,221903	27983	0,221157	27983	0,222065	
27984	0,328785	27984	0,32924	27984	0,328921	
27985	0,43723	27985	0,437011	27985	0,437652	
27986	0,541925	27986	0,541033	27986	0,541384	
27987	0,642557	27987	0,641618	27987	0,641679	
27988	0,738188	27988	0,738456	27988	0,73885	
27989	0,83132	27989	0,83092	27989	0,831021	
27990	0,919139	27990	0,918386	27990	0,919444	
27991	0,998832	27991	0,998979	27991	0,998805	
27992	1,07509	27992	1,0752	27992	1,07598	
27993	1,14478	27993	1,14424	27993	1,1444	
27994	1,20603	27994	1,20609	27994	1,20627	
27995	1,2601	27995	1,25982	27995	1,26063	
27996	1,30823	27996	1,3073	27996	1,3075	
27997	1,34542	27997	1,34478	27997	1,34499	
27998	1,37355	27998	1,37383	27998	1,37405	
27999	1,3973	27999	1,39695	27999	1,39749	
28000	1,41011	28000	1,40913	28000	1,40998	
28001	1,41386	28001	1,41382	28001	1,41436	
28002	1,41042	28002	1,40976	28002	1,40998	
28003	1,39761	28003	1,39757	28003	1,39874	
28004	1,37542	28004	1,3754	28004	1,3753	
28005	1,34354	28005	1,34291	28005	1,34406	
28006	1,30698	28006	1,30605	28006	1,3075	
28007	1,25979	28007	1,26013	28007	1,26095	
28008	1,20635	28008	1,20609	28008	1,20596	
28009	1,14415	28009	1,14392	28009	1,14409	
28010	1,07634	28010	1,07582	28010	1,07629	
28011	1,00071	28011	1,00085	28011	1,00099	
28012	0,917576	28012	0,917761	28012	0,917881	
28013	0,830382	28013	0,830295	28013	0,830709	
28014	0,738501	28014	0,739393	28014	0,739162	
28015	0,642244	28015	0,642243	28015	0,641367	
28016	0,541925	28016	0,541657	28016	0,542322	
28017	0,438168	28017	0,437323	28017	0,437652	
28018	0,330035	28018	0,330802	28018	0,330484	
28019	0,220653	28019	0,219908	28019	0,22019	
28020	0,11127	28020	0,1112	28020	0,111772	
28021	0,000324867	28021	-0,000319168	28021	0,000228591	
28022	-0,10937	28022	-0,110589	28022	-0,110065	
28023	-0,221253	28023	-0,221171	28023	-0,221295	
28024	-0,33001	28024	-0,330191	28024	-0,329714	
28025	-0,43533	28025	-0,436087	28025	-0,435008	
28026	-0,540962	28026	-0,541983	28026	-0,541552	
28027	-0,642844	28027	-0,642569	28027	-0,642159	
28028	-0,738788	28028	-0,738781	28028	-0,738392	
28029	-0,831295	28029	-0,831245	28029	-0,831189	
28030	-0,917863	28030	-0,918399	28030	-0,918361	
28031	-0,999744	28031	-0,999929	28031	-0,999284	
28032	-1,07412	28032	-1,07428	28032	-1,07427	
28033	-1,14444	28033	-1,14519	28033	-1,14457	
28034	-1,2057	28034	-1,2061	28034	-1,20581	
28035	-1,25914	28035	-1,25889	28035	-1,25861	
28036	-1,3057	28036	-1,30637	28036	-1,30579	
28037	-1,34508	28037	-1,34511	28037	-1,34454	
28038	-1,37414	28038	-1,37416	28038	-1,37453	
28039	-1,3954	28039	-1,39571	28039	-1,39484	
28040	-1,41071	28040	-1,41133	28040	-1,41046	
28041	-1,41321	28041	-1,41446	28041	-1,41421	
28042	-1,40977	28042	-1,41008	28042	-1,40921	
28043	-1,39696	28043	-1,39665	28043	-1,39703	
28044	-1,37571	28044	-1,37541	28044	-1,37453	
28045	-1,34352	28045	-1,34448	28045	-1,34391	
28046	-1,30508	28046	-1,30575	28046	-1,30517	
28047	-1,25851	28047	-1,25952	28047	-1,25893	
28048	-1,2057	28048	-1,20579	28048	-1,20519	
28049	-1,14538	28049	-1,14487	28049	-1,14395	
28050	-1,07569	28050	-1,07552	28050	-1,07615	
28051	-1,00037	28051	-1,00055	28051	-1,00053	
28052	-0,918176	28052	-0,918711	28052	-0,918049	
28053	-0,830982	28053	-0,83062	28053	-0,830876	
28054	-0,738163	28054	-0,738469	28054	-0,738705	
28055	-0,641907	28055	-0,642569	28055	-0,641847	
28056	-0,540962	28056	-0,541046	28056	-0,540615	
28057	-0,434393	28057	-0,435462	28057	-0,435008	
28058	-0,331573	28058	-0,332065	28058	-0,331589	
28059	-0,221253	28059	-0,221483	28059	-0,221295	
28060	-0,110308	28060	-0,110589	28060	-0,110065	
28061	-0,000300176	28061	-0,000319168	28061	-8,38547E-5	
28062	0,11127	28062	0,1112	28062	0,111147	
28063	0,22159	28063	0,221782	28063	0,222065	
28064	0,331285	28064	0,33049	28064	0,330796	
28065	0,43598	28065	0,436073	28065	0,435778	
28066	0,541925	28066	0,542282	28066	0,542322	
28067	0,642244	28067	0,642556	28067	0,642617	
28068	0,739439	28068	0,73908	28068	0,739162	
28069	0,832257	28069	0,832169	28069	0,832271	
28070	0,918513	28070	0,918386	28070	0,919131	
28071	1,00071	28071	1,00023	28071	1,00099	
28072	1,07415	28072	1,07364	28072	1,07442	
28073	1,14415	28073	1,14392	28073	1,14409	
28074	1,20572	28074	1,20609	28074	1,20596	
28075	1,2601	28075	1,25982	28075	1,26001	
28076	1,30667	28076	1,30636	28076	1,30656	
28077	1,34511	28077	1,34478	28077	1,34499	
28078	1,3748	28078	1,37508	28078	1,37593	
28079	1,39511	28079	1,39445	28079	1,39561	
28080	1,40917	28080	1,40944	28080	1,40967	
28081	1,41542	28081	1,41538	28081	1,4153	
28082	1,41074	28082	1,41007	28082	1,40998	
28083	1,3973	28083	1,39695	28083	1,39749	
28084	1,37542	28084	1,37571	28084	1,37561	
28085	1,34417	28085	1,34416	28085	1,34468	
28086	1,30479	28086	1,30511	28086	1,30531	
28087	1,26135	28087	1,26044	28087	1,26095	
28088	1,20447	28088	1,20515	28088	1,20564	
28089	1,14509	28089	1,14392	28089	1,1444	
28090	1,07571	28090	1,07551	28090	1,07535	
28091	0,999144	28091	0,999292	28091	0,99943	
28092	0,919764	28092	0,91901	28092	0,919444	
28093	0,831007	28093	0,830607	28093	0,830397	
28094	0,740064	28094	0,73908	28094	0,739787	
28095	0,642869	28095	0,642556	28095	0,642304	
28096	0,54005	28096	0,540408	28096	0,540447	
28097	0,436605	28097	0,436698	28097	0,43734	
28098	0,330348	28098	0,33049	28098	0,330484	
28099	0,221903	28099	0,221469	28099	0,222065	
28100	0,110645	28100	0,10995	28100	0,110522	
28101	1,23455E-5	28101	-6,7895E-6	28101	0,000853482	
28102	-0,110933	28102	-0,111213	28102	-0,111002	
28103	-0,221253	28103	-0,221795	28103	-0,220983	
28104	-0,33001	28104	-0,330815	28104	-0,329714	
28105	-0,43533	28105	-0,436087	28105	-0,435633	
28106	-0,5394	28106	-0,539796	28106	-0,539677	
28107	-0,641594	28107	-0,642569	28107	-0,642159	
28108	-0,738163	28108	-0,738781	28108	-0,73808	
28109	-0,83067	28109	-0,830933	28109	-0,830564	
28110	-0,917863	28110	-0,918711	28110	-0,918361	
28111	-0,999431	28111	-0,999929	28111	-0,999909	
28112	-1,07537	28112	-1,07552	28112	-1,0749	
28113	-1,14288	28113	-1,14331	28113	-1,14301	
28114	-1,2057	28114	-1,20579	28114	-1,20581	
28115	-1,25945	28115	-1,26014	28115	-1,25986	
28116	-1,30695	28116	-1,30668	28116	-1,30579	
28117	-1,34477	28117	-1,34479	28117	-1,34422	
28118	-1,37602	28118	-1,37634	28118	-1,37578	
28119	-1,39696	28119	-1,39727	28119	-1,39671	
28120	-1,40883	28120	-1,40883	28120	-1,40859	
28121	-1,41352	28121	-1,41414	28121	-1,41359	
28122	-1,4104	28122	-1,41008	28122	-1,40952	
28123	-1,39727	28123	-1,39759	28123	-1,3964	
28124	-1,37383	28124	-1,37478	28124	-1,37453	
28125	-1,34633	28125	-1,34573	28125	-1,34547	
28126	-1,30601	28126	-1,30731	28126	-1,30642	
28127	-1,25976	28127	-1,25952	28127	-1,25924	
28128	-1,20507	28128	-1,20547	28128	-1,2055	
28129	-1,14382	28129	-1,14425	28129	-1,14363	
28130	-1,07412	28130	-1,07396	28130	-1,07396	
28131	-0,999744	28131	-0,999305	28131	-0,999597	
28132	-0,918801	28132	-0,919336	28132	-0,919611	
28133	-0,831607	28133	-0,831558	28133	-0,830564	
28134	-0,738788	28134	-0,738781	28134	-0,738705	
28135	-0,640969	28135	-0,641007	28135	-0,640909	
28136	-0,540337	28136	-0,540421	28136	-0,540615	
28137	-0,435955	28137	-0,436399	28137	-0,435945	
28138	-0,329073	28138	-0,329878	28138	-0,329401	
28139	-0,221253	28139	-0,222108	28139	-0,221608	
28140	-0,111245	28140	-0,111526	28140	-0,110065	
28141	0,00094991	28141	-6,7895E-6	28141	0,000228591	
28142	0,110645	28142	0,110888	28142	0,111459	
28143	0,222528	28143	0,222094	28143	0,221752	
28144	0,331285	28144	0,330802	28144	0,331108	
28145	0,438168	28145	0,437323	28145	0,437652	
28146	0,5413	28146	0,541033	28146	0,541697	
28147	0,642244	28147	0,641931	28147	0,642304	
28148	0,737876	28148	0,738143	28148	0,738538	
28149	0,831945	28149	0,83092	28149	0,831646	
28150	0,918513	28150	0,917761	28150	0,918506	
28151	1,00008	28151	1,00023	28151	1,00005	
28152	1,07665	28152	1,07614	28152	1,07598	
28153	1,14384	28153	1,1433	28153	1,14347	
28154	1,20635	28154	1,20577	28154	1,20658	
28155	1,25979	28155	1,26044	28155	1,26001	
28156	1,30729	28156	1,30636	28156	1,30625	
28157	1,34323	28157	1,34353	28157	1,34437	
28158	1,37605	28158	1,37602	28158	1,37624	
28159	1,3973	28159	1,39695	28159	1,3978	
28160	1,41042	28160	1,40976	28160	1,41123	
28161	1,4148	28161	1,41444	28161	1,41498	
28162	1,41011	28162	1,40944	28162	1,40967	
28163	1,39792	28163	1,39789	28163	1,39842	
28164	1,37417	28164	1,37383	28164	1,37374	
28165	1,34604	28165	1,34509	28165	1,34656	
28166	1,30729	28166	1,30698	28166	1,3075	
28167	1,26041	28167	1,25982	28167	1,25938	
28168	1,20541	28168	1,20577	28168	1,20596	
28169	1,14447	28169	1,14361	28169	1,14503	
28170	1,07446	28170	1,07426	28170	1,07442	
28171	0,999144	28171	0,998979	28171	0,999117	
28172	0,918826	28172	0,91901	28172	0,919756	
28173	0,83257	28173	0,831545	28173	0,832271	
28174	0,739439	28174	0,738456	28174	0,738538	
28175	0,641619	28175	0,641618	28175	0,642304	
28176	0,5413	28176	0,541345	28176	0,541384	
28177	0,436918	28177	0,436698	28177	0,437652	
28178	0,328473	28178	0,328928	28178	0,328609	
28179	0,221278	28179	0,220845	28179	0,221128	
28180	0,111895	28180	0,112449	28180	0,111459	
28181	0,000324867	28181	-6,7895E-6	28181	0,00116593	
28182	-0,109995	28182	-0,110589	28182	-0,110065	
28183	-0,221253	28183	-0,220858	28183	-0,220358	
28184	-0,32876	28184	-0,330191	28184	-0,329089	
28185	-0,43783	28185	-0,437961	28185	-0,437195	
28186	-0,54065	28186	-0,541046	28186	-0,540302	
28187	-0,641594	28187	-0,641944	28187	-0,641534	
28188	-0,738163	28188	-0,738469	28188	-0,738392	
28189	-0,829732	28189	-0,830933	28189	-0,830564	
28190	-0,919113	28190	-0,918711	28190	-0,918049	
28191	-0,998494	28191	-0,99868	28191	-0,999597	
28192	-1,07569	28192	-1,07677	28192	-1,07646	
28193	-1,14413	28193	-1,14487	28193	-1,14363	
28194	-1,20538	28194	-1,20516	28194	-1,2055	
28195	-1,25851	28195	-1,25889	28195	-1,25924	
28196	-1,30633	28196	-1,30637	28196	-1,30548	
28197	-1,34414	28197	-1,34448	28197	-1,3436	
28198	-1,37352	28198	-1,37416	28198	-1,37328	
28199	-1,39852	28199	-1,39852	28199	-1,39765	
28200	-1,4104	28200	-1,41039	28200	-1,40952	
28201	-1,41477	28201	-1,41539	28201	-1,4139	
28202	-1,40883	28202	-1,40977	28202	-1,40921	
28203	-1,39727	28203	-1,39727	28203	-1,39765	
28204	-1,37321	28204	-1,37353	28204	-1,37359	
28205	-1,34383	28205	-1,34417	28205	-1,34391	
28206	-1,30601	28206	-1,30606	28206	-1,30611	
28207	-1,25976	28207	-1,25983	28207	-1,25986	
28208	-1,20538	28208	-1,20547	28208	-1,20519	
28209	-1,14288	28209	-1,14331	28209	-1,1427	
28210	-1,076	28210	-1,07615	28210	-1,07583	
28211	-0,999431	28211	-1,00024	28211	-0,999284	
28212	-0,918176	28212	-0,917462	28212	-0,917736	
28213	-0,83067	28213	-0,830933	28213	-0,831189	
28214	-0,737851	28214	-0,738157	28214	-0,737768	
28215	-0,641594	28215	-0,641632	28215	-0,640909	
28216	-0,54065	28216	-0,541358	28216	-0,541239	
28217	-0,436893	28217	-0,437336	28217	-0,43657	
28218	-0,33001	28218	-0,330503	28218	-0,329714	
28219	-0,220315	28219	-0,220233	28219	-0,220358	
28220	-0,110933	28220	-0,111213	28220	-0,111002	
28221	0,000637388	28221	0,000305589	28221	0,000541036	
28222	0,110957	28222	0,1112	28222	0,112084	
28223	0,221903	28223	0,221782	28223	0,22269	
28224	0,32941	28224	0,329552	28224	0,328921	
28225	0,436605	28225	0,436698	28225	0,437028	
28226	0,5413	28226	0,541345	28226	0,541697	
28227	0,642244	28227	0,642556	28227	0,642617	
28228	0,739126	28228	0,739393	28228	0,739475	
28229	0,831632	28229	0,831857	28229	0,832584	
28230	0,919764	28230	0,919635	28230	0,920069	
28231	0,998832	28231	0,998667	28231	0,998805	
28232	1,07446	28232	1,07426	28232	1,07535	
28233	1,14415	28233	1,14424	28233	1,14378	
28234	1,20572	28234	1,20515	28234	1,20564	
28235	1,26072	28235	1,26013	28235	1,26063	
28236	1,30729	28236	1,3073	28236	1,3075	
28237	1,34636	28237	1,34541	28237	1,34656	
28238	1,37323	28238	1,37383	28238	1,37436	
28239	1,39667	28239	1,39664	28239	1,39655	
28240	1,40949	28240	1,40976	28240	1,40967	
28241	1,41511	28241	1,41413	28241	1,41498	
28242	1,41042	28242	1,41038	28242	1,41061	
28243	1,3973	28243	1,39695	28243	1,39811	
28244	1,37511	28244	1,3754	28244	1,37593	
28245	1,34417	28245	1,34353	28245	1,34437	
28246	1,3076	28246	1,30667	28246	1,30688	
28247	1,25979	28247	1,2595	28247	1,26032	
28248	1,20603	28248	1,20577	28248	1,20564	
28249	1,14478	28249	1,14361	28249	1,14409	
28250	1,07571	28250	1,0752	28250	1,07629	
28251	1,00071	28251	1,00054	28251	1,00068	
28252	0,917263	28252	0,916824	28252	0,917881	
28253	0,831007	28253	0,830607	28253	0,831646	
28254	0,738188	28254	0,738143	28254	0,739475	
28255	0,642557	28255	0,641931	28255	0,641367	
28256	0,539425	28256	0,540095	28256	0,540759	
28257	0,437855	28257	0,437948	28257	0,437965	
28258	0,330348	28258	0,33049	28258	0,330796	
28259	0,220965	28259	0,220532	28259	0,220815	
28260	0,110332	28260	0,110575	28260	0,111147	
28261	1,23455E-5	28261	-0,000319168	28261	0,000853482	
28262	-0,11062	28262	-0,111213	28262	-0,110377	
28263	-0,221253	28263	-0,221483	28263	-0,221295	
28264	-0,329073	28264	-0,329254	28264	-0,329089	
28265	-0,436893	28265	-0,437024	28265	-0,436258	
28266	-0,540337	28266	-0,541358	28266	-0,540927	
28267	-0,641907	28267	-0,642256	28267	-0,641847	
28268	-0,739413	28268	-0,739094	28268	-0,738392	
28269	-0,830982	28269	-0,831558	28269	-0,831189	
28270	-0,918801	28270	-0,918399	28270	-0,918673	
28271	-0,998806	28271	-0,998992	28271	-0,998035	
28272	-1,07381	28272	-1,07428	28272	-1,07427	
28273	-1,14413	28273	-1,14456	28273	-1,14426	
28274	-1,2057	28274	-1,20547	28274	-1,20581	
28275	-1,25945	28275	-1,25983	28275	-1,25893	
28276	-1,30601	28276	-1,307	28276	-1,30642	
28277	-1,3457	28277	-1,34573	28277	-1,34516	
28278	-1,37446	28278	-1,3751	28278	-1,37484	
28279	-1,39477	28279	-1,39571	28279	-1,39484	
28280	-1,40915	28280	-1,41008	28280	-1,40921	
28281	-1,41321	28281	-1,41414	28281	-1,41327	
28282	-1,41008	28282	-1,40977	28282	-1,4089	
28283	-1,39665	28283	-1,39727	28283	-1,3964	
28284	-1,37571	28284	-1,37634	28284	-1,37578	
28285	-1,34383	28285	-1,34479	28285	-1,34422	
28286	-1,30539	28286	-1,30544	28286	-1,30486	
28287	-1,25851	28287	-1,2592	28287	-1,25955	
28288	-1,2057	28288	-1,20579	28288	-1,20581	
28289	-1,14413	28289	-1,14456	28289	-1,14363	
28290	-1,07475	28290	-1,07521	28290	-1,07427	
28291	-1,00068	28291	-1,00087	28291	-1,00022	
28292	-0,918176	28292	-0,917774	28292	-0,917424	
28293	-0,82942	28293	-0,829996	28293	-0,829939	
28294	-0,737851	28294	-0,738469	28294	-0,738392	
28295	-0,641907	28295	-0,641944	28295	-0,641534	
28296	-0,54065	28296	-0,541358	28296	-0,540615	
28297	-0,436268	28297	-0,437024	28297	-0,436258	
28298	-0,330635	28298	-0,330815	28298	-0,330339	
28299	-0,222815	28299	-0,22242	28299	-0,22192	
28300	-0,111245	28300	-0,111838	28300	-0,111627	
28301	0,000637388	28301	0,000305589	28301	0,000541036	
28302	0,11127	28302	0,110888	28302	0,110834	
28303	0,223153	28303	0,223031	28303	0,223002	
28304	0,330973	28304	0,330177	28304	0,331108	
28305	0,436918	28305	0,436698	28305	0,436715	
28306	0,5413	28306	0,540408	28306	0,541072	
28307	0,641619	28307	0,641618	28307	0,641992	
28308	0,739126	28308	0,738768	28308	0,739162	
28309	0,830695	28309	0,83092	28309	0,831334	
28310	0,918826	28310	0,919323	28310	0,919756	
28311	1,00196	28311	1,00179	28311	1,00162	
28312	1,0754	28312	1,07457	28312	1,07504	
28313	1,14447	28313	1,14424	28313	1,14472	
28314	1,2051	28314	1,20609	28314	1,20564	
28315	1,25947	28315	1,2595	28315	1,26001	
28316	1,30604	28316	1,30542	28316	1,30594	
28317	1,34604	28317	1,34572	28317	1,34624	
28318	1,37573	28318	1,37571	28318	1,37624	
28319	1,3973	28319	1,39664	28319	1,39749	
28320	1,4098	28320	1,41007	28320	1,40998	
28321	1,41542	28321	1,41476	28321	1,41467	
28322	1,41011	28322	1,40944	28322	1,40967	
28323	1,39573	28323	1,39508	28323	1,39561	
28324	1,3748	28324	1,37508	28324	1,3753	
28325	1,34417	28325	1,34447	28325	1,34499	
28326	1,30698	28326	1,30698	28326	1,30594	
28327	1,25979	28327	1,25982	28327	1,26001	
28328	1,20572	28328	1,20609	28328	1,20627	
28329	1,14572	28329	1,14517	28329	1,14503	
28330	1,07477	28330	1,07395	28330	1,07473	
28331	1,00008	28331	0,999917	28331	1,00005	
28332	0,917263	28332	0,917761	28332	0,917256	
28333	0,832257	28333	0,83092	28333	0,831959	
28334	0,738501	28334	0,737831	28334	0,739162	
28335	0,643182	28335	0,64318	28335	0,643242	
28336	0,541925	28336	0,541657	28336	0,542322	
28337	0,436292	28337	0,435761	28337	0,436403	
28338	0,329723	28338	0,329865	28338	0,330484	
28339	0,22159	28339	0,220845	28339	0,222065	
28340	0,11127	28340	0,1112	28340	0,112084	
28341	-0,000612698	28341	-0,000631546	28341	-8,38547E-5	
28342	-0,111245	28342	-0,111213	28342	-0,111314	
28343	-0,220628	28343	-0,220858	28343	-0,220358	
28344	-0,327823	28344	-0,329254	28344	-0,329089	
28345	-0,436893	28345	-0,436712	28345	-0,435633	
28346	-0,540962	28346	-0,541671	28346	-0,540615	
28347	-0,642532	28347	-0,642256	28347	-0,641534	
28348	-0,739101	28348	-0,739406	28348	-0,739017	
28349	-0,831295	28349	-0,831558	28349	-0,830876	
28350	-0,917238	28350	-0,917462	28350	-0,917424	
28351	-0,999431	28351	-0,999929	28351	-0,999597	
28352	-1,07412	28352	-1,0749	28352	-1,07396	
28353	-1,1435	28353	-1,14425	28353	-1,14395	
28354	-1,20445	28354	-1,20485	28354	-1,20456	
28355	-1,26101	28355	-1,26108	28355	-1,26111	
28356	-1,30726	28356	-1,307	28356	-1,30673	
28357	-1,34445	28357	-1,34479	28357	-1,34422	
28358	-1,37446	28358	-1,37478	28358	-1,37484	
28359	-1,39633	28359	-1,39665	28359	-1,39609	
28360	-1,40946	28360	-1,40977	28360	-1,4089	
28361	-1,41352	28361	-1,41383	28361	-1,41265	
28362	-1,41133	28362	-1,41102	28362	-1,41077	
28363	-1,39758	28363	-1,3979	28363	-1,39703	
28364	-1,37508	28364	-1,37541	28364	-1,37391	
28365	-1,34383	28365	-1,34479	28365	-1,34422	
28366	-1,30695	28366	-1,307	28366	-1,30642	
28367	-1,25976	28367	-1,25952	28367	-1,25924	
28368	-1,20445	28368	-1,20516	28368	-1,20456	
28369	-1,14413	28369	-1,14487	28369	-1,14395	
28370	-1,07444	28370	-1,07521	28370	-1,07458	
28371	-1,00068	28371	-0,999617	28371	-0,999284	
28372	-0,918176	28372	-0,918399	28372	-0,918361	
28373	-0,832232	28373	-0,831558	28373	-0,832126	
28374	-0,738476	28374	-0,738781	28374	-0,739017	
28375	-0,640969	28375	-0,641319	28375	-0,640597	
28376	-0,54065	28376	-0,541358	28376	-0,541239	
28377	-0,436893	28377	-0,437336	28377	-0,43657	
28378	-0,329698	28378	-0,330191	28378	-0,329714	
28379	-0,221253	28379	-0,222108	28379	-0,220983	
28380	-0,112495	28380	-0,111838	28380	-0,111314	
28381	0,00094991	28381	0,000617967	28381	0,000853482	
28382	0,11127	28382	0,111825	28382	0,112709	
28383	0,221903	28383	0,221157	28383	0,22144	
28384	0,330035	28384	0,329865	28384	0,329859	
28385	0,43848	28385	0,437011	28385	0,43734	
28386	0,540987	28386	0,541033	28386	0,541072	
28387	0,641932	28387	0,641306	28387	0,641679	
28388	0,738813	28388	0,738768	28388	0,739162	
28389	0,832257	28389	0,831857	28389	0,831334	
28390	0,918513	28390	0,917761	28390	0,918194	
28391	0,999457	28391	0,999604	28391	1,00037	
28392	1,07571	28392	1,07582	28392	1,07598	
28393	1,14572	28393	1,14424	28393	1,14534	
28394	1,20416	28394	1,20421	28394	1,20439	
28395	1,25979	28395	1,25919	28395	1,26032	
28396	1,30823	28396	1,30636	28396	1,30688	
28397	1,34604	28397	1,34509	28397	1,34531	
28398	1,3748	28398	1,3754	28398	1,37499	
28399	1,39792	28399	1,39757	28399	1,3978	
28400	1,41167	28400	1,41069	28400	1,41186	
28401	1,41324	28401	1,41288	28401	1,41342	
28402	1,40886	28402	1,40882	28402	1,40936	
28403	1,39792	28403	1,39757	28403	1,39842	
28404	1,37605	28404	1,37571	28404	1,37593	
28405	1,34542	28405	1,34478	28405	1,34531	
28406	1,30635	28406	1,30636	28406	1,30656	
28407	1,26072	28407	1,26106	28407	1,26063	
28408	1,20447	28408	1,20452	28408	1,20502	
28409	1,14415	28409	1,14392	28409	1,14378	
28410	1,0754	28410	1,07551	28410	1,07567	
28411	1,00008	28411	0,999604	28411	0,999742	
28412	0,918513	28412	0,918073	28412	0,918819	
28413	0,831007	28413	0,831232	28413	0,831334	
28414	0,739751	28414	0,739393	28414	0,7401	
28415	0,640994	28415	0,640369	28415	0,640742	
28416	0,540987	28416	0,54072	28416	0,540759	
28417	0,436918	28417	0,437948	28417	0,437028	
28418	0,330973	28418	0,330177	28418	0,330484	
28419	0,22159	28419	0,221469	28419	0,221752	
28420	0,11252	28420	0,111825	28420	0,112397	
28421	0,000637388	28421	-0,000319168	28421	0,000541036	
28422	-0,110308	28422	-0,111213	28422	-0,111002	
28423	-0,221253	28423	-0,220858	28423	-0,22067	
28424	-0,330948	28424	-0,33144	28424	-0,330026	
28425	-0,436893	28425	-0,437649	28425	-0,436883	
28426	-0,542212	28426	-0,542295	28426	-0,542177	
28427	-0,640657	28427	-0,641319	28427	-0,640909	
28428	-0,739413	28428	-0,738781	28428	-0,738392	
28429	-0,83067	28429	-0,831245	28429	-0,830564	
28430	-0,918176	28430	-0,918399	28430	-0,917736	
28431	-1,00037	28431	-1,00055	28431	-0,999909	
28432	-1,07506	28432	-1,07552	28432	-1,0749	
28433	-1,14475	28433	-1,14519	28433	-1,14457	
28434	-1,20601	28434	-1,20579	28434	-1,20581	
28435	-1,25976	28435	-1,25952	28435	-1,26049	
28436	-1,30508	28436	-1,30575	28436	-1,30579	
28437	-1,34414	28437	-1,34448	28437	-1,34391	
28438	-1,37446	28438	-1,3751	28438	-1,37422	
28439	-1,39602	28439	-1,39602	28439	-1,39546	
28440	-1,41071	28440	-1,41071	28440	-1,41046	
28441	-1,41446	28441	-1,41446	28441	-1,4139	
28442	-1,4104	28442	-1,41039	28442	-1,40952	
28443	-1,3954	28443	-1,39571	28443	-1,39546	
28444	-1,37446	28444	-1,3751	28444	-1,37453	
28445	-1,34445	28445	-1,34448	28445	-1,34422	
28446	-1,30476	28446	-1,30544	28446	-1,30486	
28447	-1,26007	28447	-1,25983	28447	-1,25924	
28448	-1,20507	28448	-1,20547	28448	-1,20487	
28449	-1,14382	28449	-1,14425	28449	-1,14395	
28450	-1,07444	28450	-1,0749	28450	-1,07521	
28451	-1,00006	28451	-1,00055	28451	-1,00022	
28452	-0,918176	28452	-0,917462	28452	-0,916799	
28453	-0,82942	28453	-0,830308	28453	-0,829939	
28454	-0,740038	28454	-0,739406	28454	-0,739642	
28455	-0,643157	28455	-0,642569	28455	-0,642159	
28456	-0,541275	28456	-0,541671	28456	-0,541239	
28457	-0,436893	28457	-0,437961	28457	-0,43657	
28458	-0,33126	28458	-0,33144	28458	-0,331276	
28459	-0,221253	28459	-0,221171	28459	-0,22067	
28460	-0,11062	28460	-0,110589	28460	-0,109752	
28461	0,00157495	28461	0,000930345	28461	0,000541036	
28462	0,11002	28462	0,110888	28462	0,111147	
28463	0,220965	28463	0,220845	28463	0,22144	
28464	0,330973	28464	0,331114	28464	0,331108	
28465	0,436605	28465	0,436073	28465	0,436403	
28466	0,5413	28466	0,539783	28466	0,541384	
28467	0,641619	28467	0,642243	28467	0,642304	
28468	0,740689	28468	0,739393	28468	0,739162	
28469	0,830695	28469	0,830607	28469	0,831334	
28470	0,918826	28470	0,918073	28470	0,919131	
28471	0,999769	28471	0,999917	28471	1,00037	
28472	1,07352	28472	1,07395	28472	1,0741	
28473	1,14447	28473	1,14361	28473	1,14503	
28474	1,20572	28474	1,20577	28474	1,20596	
28475	1,25916	28475	1,25919	28475	1,25938	
28476	1,30698	28476	1,3073	28476	1,30719	
28477	1,34604	28477	1,34572	28477	1,34624	
28478	1,37511	28478	1,37508	28478	1,37561	
28479	1,39605	28479	1,39601	28479	1,39592	
28480	1,40949	28480	1,40976	28480	1,40967	
28481	1,41417	28481	1,41413	28481	1,41467	
28482	1,40917	28482	1,40944	28482	1,40905	
28483	1,39667	28483	1,39664	28483	1,39686	
28484	1,37542	28484	1,37571	28484	1,37624	
28485	1,34573	28485	1,34603	28485	1,34562	
28486	1,30667	28486	1,30636	28486	1,30625	
28487	1,25916	28487	1,25919	28487	1,26032	
28488	1,20541	28488	1,20484	28488	1,20564	
28489	1,14478	28489	1,14392	28489	1,1444	
28490	1,07634	28490	1,0752	28490	1,07598	
28491	1,00196	28491	1,00179	28491	1,0013	
28492	0,919139	28492	0,918386	28492	0,919444	
28493	0,829757	28493	0,82967	28493	0,830397	
28494	0,738188	28494	0,737831	28494	0,738538	
28495	0,642244	28495	0,642556	28495	0,642617	
28496	0,541925	28496	0,541657	28496	0,541384	
28497	0,436605	28497	0,436698	28497	0,437028	
28498	0,330973	28498	0,330802	28498	0,331108	
28499	0,22159	28499	0,221157	28499	0,221752	
28500	0,110957	28500	0,110263	28500	0,110834	
28501	-0,000300176	28501	-0,000631546	28501	-0,0003963	
28502	-0,11062	28502	-0,111213	28502	-0,11069	
28503	-0,221878	28503	-0,221171	28503	-0,221295	
28504	-0,329385	28504	-0,330503	28504	-0,330026	
28505	-0,43658	28505	-0,437336	28505	-0,436258	
28506	-0,540337	28506	-0,540734	28506	-0,540302	
28507	-0,641282	28507	-0,641944	28507	-0,641847	
28508	-0,739101	28508	-0,738781	28508	-0,73808	
28509	-0,83067	28509	-0,831245	28509	-0,831189	
28510	-0,918176	28510	-0,917774	28510	-0,917736	
28511	-1,00099	28511	-1,00149	28511	-1,00053	
28512	-1,07569	28512	-1,07584	28512	-1,07552	
28513	-1,14288	28513	-1,14331	28513	-1,14301	
28514	-1,2057	28514	-1,2061	28514	-1,2055	
28515	-1,25882	28515	-1,2592	28515	-1,25861	
28516	-1,30664	28516	-1,307	28516	-1,30642	
28517	-1,34414	28517	-1,34479	28517	-1,3436	
28518	-1,37633	28518	-1,37603	28518	-1,37641	
28519	-1,39633	28519	-1,39634	28519	-1,39515	
28520	-1,40977	28520	-1,40946	28520	-1,4089	
28521	-1,41446	28521	-1,41477	28521	-1,41421	
28522	-1,40883	28522	-1,40946	28522	-1,4089	
28523	-1,39633	28523	-1,39665	28523	-1,39578	
28524	-1,37414	28524	-1,37447	28524	-1,37422	
28525	-1,3457	28525	-1,34604	28525	-1,34579	
28526	-1,30601	28526	-1,307	28526	-1,30611	
28527	-1,26039	28527	-1,26045	28527	-1,26018	
28528	-1,20538	28528	-1,20579	28528	-1,2055	
28529	-1,14444	28529	-1,14394	28529	-1,14363	
28530	-1,07444	28530	-1,0749	28530	-1,07427	
28531	-0,999119	28531	-0,998992	28531	-0,998659	
28532	-0,918488	28532	-0,919336	28532	-0,918673	
28533	-0,830982	28533	-0,831558	28533	-0,830876	
28534	-0,738476	28534	-0,739094	28534	-0,738392	
28535	-0,641907	28535	-0,642569	28535	-0,641534	
28536	-0,5419	28536	-0,541671	28536	-0,541552	
28537	-0,435955	28537	-0,436087	28537	-0,435633	
28538	-0,329385	28538	-0,329254	28538	-0,328777	
28539	-0,220628	28539	-0,221171	28539	-0,220983	
28540	-0,111245	28540	-0,111838	28540	-0,110065	
28541	-0,000300176	28541	-0,000319168	28541	0,000228591	
28542	0,110957	28542	0,1112	28542	0,110834	
28543	0,220965	28543	0,220845	28543	0,221752	
28544	0,330035	28544	0,330177	28544	0,330484	
28545	0,437855	28545	0,437948	28545	0,437965	
28546	0,540362	28546	0,540408	28546	0,540447	
28547	0,641619	28547	0,641618	28547	0,641992	
28548	0,738813	28548	0,738456	28548	0,738225	
28549	0,831007	28549	0,83092	28549	0,831646	
28550	0,917888	28550	0,917449	28550	0,917881	
28551	0,999769	28551	1,00085	28551	1,00005	
28552	1,07634	28552	1,07645	28552	1,07598	
28553	1,14353	28553	1,14361	28553	1,14409	
28554	1,20572	28554	1,20577	28554	1,20596	
28555	1,2601	28555	1,25982	28555	1,26001	
28556	1,30604	28556	1,30574	28556	1,30656	
28557	1,34448	28557	1,34447	28557	1,34562	
28558	1,37636	28558	1,37602	28558	1,37624	
28559	1,39792	28559	1,39726	28559	1,39842	
28560	1,41042	28560	1,40976	28560	1,40936	
28561	1,41574	28561	1,41444	28561	1,41561	
28562	1,40949	28562	1,40913	28562	1,4103	
28563	1,39792	28563	1,39695	28563	1,39717	
28564	1,37386	28564	1,37415	28564	1,37405	
28565	1,34542	28565	1,34478	28565	1,34624	
28566	1,30729	28566	1,30698	28566	1,30688	
28567	1,25947	28567	1,25919	28567	1,25938	
28568	1,20603	28568	1,20577	28568	1,20689	
28569	1,14572	28569	1,14455	28569	1,14472	
28570	1,0754	28570	1,0752	28570	1,07567	
28571	0,998207	28571	0,998667	28571	0,998492	
28572	0,918513	28572	0,918698	28572	0,918819	
28573	0,831945	28573	0,831232	28573	0,831959	
28574	0,738813	28574	0,738456	28574	0,73885	
28575	0,642557	28575	0,642243	28575	0,642304	
28576	0,541612	28576	0,540408	28576	0,541072	
28577	0,436918	28577	0,437011	28577	0,437028	
28578	0,32941	28578	0,329552	28578	0,329859	
28579	0,221903	28579	0,221157	28579	0,222065	
28580	0,11127	28580	0,111512	28580	0,111772	
28581	0,000324867	28581	0,000305589	28581	0,000228591	
28582	-0,110933	28582	-0,111213	28582	-0,110377	
28583	-0,221253	28583	-0,221483	28583	-0,221295	
28584	-0,33001	28584	-0,330191	28584	-0,330026	
28585	-0,437518	28585	-0,437961	28585	-0,43782	
28586	-0,540962	28586	-0,541358	28586	-0,540302	
28587	-0,640032	28587	-0,640382	28587	-0,640285	
28588	-0,738788	28588	-0,739094	28588	-0,738705	
28589	-0,83067	28589	-0,83062	28589	-0,830564	
28590	-0,918801	28590	-0,918711	28590	-0,918673	
28591	-0,999744	28591	-1,00087	28591	-1,00022	
28592	-1,07662	28592	-1,07646	28592	-1,07583	
28593	-1,14319	28593	-1,143	28593	-1,14332	
28594	-1,20476	28594	-1,20547	28594	-1,20487	
28595	-1,25945	28595	-1,26014	28595	-1,25986	
28596	-1,30539	28596	-1,30637	28596	-1,30548	
28597	-1,3457	28597	-1,34542	28597	-1,34454	
28598	-1,37414	28598	-1,37541	28598	-1,37453	
28599	-1,3979	28599	-1,39727	28599	-1,39703	
28600	-1,40946	28600	-1,40977	28600	-1,4089	
28601	-1,41321	28601	-1,41321	28601	-1,41327	
28602	-1,40915	28602	-1,40946	28602	-1,40921	
28603	-1,39665	28603	-1,39665	28603	-1,3964	
28604	-1,37414	28604	-1,37541	28604	-1,37359	
28605	-1,34383	28605	-1,34417	28605	-1,3436	
28606	-1,30758	28606	-1,30762	28606	-1,30767	
28607	-1,26007	28607	-1,26014	28607	-1,25955	
28608	-1,20601	28608	-1,20547	28608	-1,2055	
28609	-1,14319	28609	-1,14394	28609	-1,14363	
28610	-1,07537	28610	-1,07552	28610	-1,07521	
28611	-0,999431	28611	-0,999305	28611	-0,999284	
28612	-0,917238	28612	-0,918086	28612	-0,917424	
28613	-0,830982	28613	-0,832182	28613	-0,831501	
28614	-0,738788	28614	-0,738781	28614	-0,738392	
28615	-0,641907	28615	-0,641319	28615	-0,641534	
28616	-0,540962	28616	-0,541983	28616	-0,540927	
28617	-0,43658	28617	-0,436087	28617	-0,436883	
28618	-0,329073	28618	-0,329878	28618	-0,329089	
28619	-0,220628	28619	-0,220233	28619	-0,220358	
28620	-0,111245	28620	-0,112463	28620	-0,111627	
28621	1,23455E-5	28621	0,000305589	28621	0,000853482	
28622	0,110645	28622	0,10995	28622	0,110834	
28623	0,221278	28623	0,220845	28623	0,22144	
28624	0,329723	28624	0,32924	28624	0,329234	
28625	0,43723	28625	0,437011	28625	0,43734	
28626	0,542237	28626	0,541657	28626	0,542009	
28627	0,640994	28627	0,641618	28627	0,640742	
28628	0,738813	28628	0,738456	28628	0,739475	
28629	0,831007	28629	0,83092	28629	0,831021	
28630	0,917888	28630	0,917449	28630	0,918194	
28631	0,999144	28631	0,999292	28631	0,99943	
28632	1,07696	28632	1,07645	28632	1,07692	
28633	1,14447	28633	1,14392	28633	1,14409	
28634	1,20385	28634	1,20421	28634	1,20439	
28635	1,25947	28635	1,25982	28635	1,25938	
28636	1,30573	28636	1,30605	28636	1,30625	
28637	1,34636	28637	1,34572	28637	1,34624	
28638	1,3748	28638	1,37508	28638	1,3753	
28639	1,39761	28639	1,39757	28639	1,39749	
28640	1,41042	28640	1,41069	28640	1,41061	
28641	1,41292	28641	1,41257	28641	1,41311	
28642	1,41074	28642	1,41069	28642	1,41123	
28643	1,39761	28643	1,39726	28643	1,39749	
28644	1,3748	28644	1,37446	28644	1,3753	
28645	1,34573	28645	1,34447	28645	1,34531	
28646	1,30635	28646	1,30636	28646	1,30688	
28647	1,26072	28647	1,26075	28647	1,26095	
28648	1,2051	28648	1,20515	28648	1,20502	
28649	1,14259	28649	1,14267	28649	1,14378	
28650	1,0754	28650	1,0752	28650	1,07535	
28651	1,00008	28651	0,999917	28651	0,999742	
28652	0,919451	28652	0,918698	28652	0,920069	
28653	0,83132	28653	0,831232	28653	0,831334	
28654	0,740064	28654	0,739705	28654	0,7401	
28655	0,641307	28655	0,641618	28655	0,641679	
28656	0,540675	28656	0,54072	28656	0,541697	
28657	0,435667	28657	0,436386	28657	0,436715	
28658	0,330035	28658	0,329552	28658	0,330484	
28659	0,22159	28659	0,222094	28659	0,222065	
28660	0,111895	28660	0,111825	28660	0,112397	
28661	0,00188747	28661	0,00124272	28661	0,00272816	
28662	-0,111245	28662	-0,110901	28662	-0,11069	
28663	-0,221253	28663	-0,221483	28663	-0,221295	
28664	-0,330948	28664	-0,330815	28664	-0,330339	
28665	-0,435018	28665	-0,436399	28665	-0,435945	
28666	-0,541275	28666	-0,541983	28666	-0,541239	
28667	-0,640657	28667	-0,641007	28667	-0,640597	
28668	-0,737851	28668	-0,738157	28668	-0,73808	
28669	-0,831607	28669	-0,832495	28669	-0,831814	
28670	-0,918488	28670	-0,919024	28670	-0,918049	
28671	-1,00006	28671	-1,00024	28671	-0,999909	
28672	-1,07475	28672	-1,07521	28672	-1,07552	
28673	-1,14382	28673	-1,14425	28673	-1,14363	
28674	-1,20445	28674	-1,20547	28674	-1,20487	
28675	-1,2582	28675	-1,25827	28675	-1,25861	
28676	-1,30633	28676	-1,30668	28676	-1,30642	
28677	-1,34602	28677	-1,34542	28677	-1,34454	
28678	-1,37539	28678	-1,3751	28678	-1,37516	
28679	-1,39633	28679	-1,39696	28679	-1,39671	
28680	-1,40946	28680	-1,41008	28680	-1,40952	
28681	-1,41352	28681	-1,41352	28681	-1,41327	
28682	-1,40915	28682	-1,41008	28682	-1,40921	
28683	-1,39665	28683	-1,39727	28683	-1,39609	
28684	-1,37508	28684	-1,37541	28684	-1,37484	
28685	-1,34539	28685	-1,34542	28685	-1,34454	
28686	-1,30664	28686	-1,30606	28686	-1,30673	
28687	-1,26007	28687	-1,25983	28687	-1,26018	
28688	-1,20507	28688	-1,20547	28688	-1,20487	
28689	-1,14319	28689	-1,14331	28689	-1,14332	
28690	-1,07475	28690	-1,07552	28690	-1,0749	
28691	-0,998806	28691	-0,999617	28691	-0,998972	
28692	-0,918176	28692	-0,918399	28692	-0,917424	
28693	-0,831295	28693	-0,831245	28693	-0,830564	
28694	-0,738788	28694	-0,739406	28694	-0,739017	
28695	-0,640657	28695	-0,641007	28695	-0,640909	
28696	-0,539087	28696	-0,539796	28696	-0,539677	
28697	-0,436268	28697	-0,436712	28697	-0,43657	
28698	-0,33001	28698	-0,330503	28698	-0,330026	
28699	-0,221253	28699	-0,221483	28699	-0,221295	
28700	-0,109995	28700	-0,110901	28700	-0,110065	
28701	0,000324867	28701	-0,000319168	28701	0,000228591	
28702	0,112208	28702	0,111825	28702	0,111772	
28703	0,222215	28703	0,221469	28703	0,222065	
28704	0,32941	28704	0,32924	28704	0,329546	
28705	0,43723	28705	0,437323	28705	0,43734	
28706	0,540675	28706	0,540095	28706	0,540759	
28707	0,642557	28707	0,642243	28707	0,641992	
28708	0,738813	28708	0,738768	28708	0,739162	
28709	0,83132	28709	0,83092	28709	0,832271	
28710	0,919451	28710	0,919323	28710	0,919444	
28711	0,999457	28711	0,999604	28711	0,998805	
28712	1,07446	28712	1,07457	28712	1,07535	
28713	1,1429	28713	1,1433	28713	1,14315	
28714	1,2051	28714	1,20515	28714	1,20533	
28715	1,25916	28715	1,25919	28715	1,2597	
28716	1,30698	28716	1,3073	28716	1,30781	
28717	1,34604	28717	1,34541	28717	1,34624	
28718	1,37542	28718	1,37571	28718	1,37593	
28719	1,39698	28719	1,39726	28719	1,39749	
28720	1,41042	28720	1,40976	28720	1,40998	
28721	1,4148	28721	1,41444	28721	1,41498	
28722	1,40824	28722	1,4082	28722	1,4078	
28723	1,39792	28723	1,39757	28723	1,39842	
28724	1,37542	28724	1,37477	28724	1,37655	
28725	1,34636	28725	1,34509	28725	1,34593	
28726	1,30698	28726	1,30636	28726	1,30688	
28727	1,25979	28727	1,26044	28727	1,26095	
28728	1,20478	28728	1,20515	28728	1,20533	
28729	1,14322	28729	1,14299	28729	1,14284	
28730	1,07634	28730	1,07551	28730	1,0766	
28731	0,999144	28731	0,999917	28731	1,00005	
28732	0,918826	28732	0,918698	28732	0,919131	
28733	0,83257	28733	0,832482	28733	0,832584	
28734	0,739751	28734	0,739705	28734	0,739162	
28735	0,643494	28735	0,642556	28735	0,642929	
28736	0,540675	28736	0,540095	28736	0,541384	
28737	0,43723	28737	0,437011	28737	0,43734	
28738	0,329723	28738	0,329552	28738	0,330171	
28739	0,22159	28739	0,221157	28739	0,221128	
28740	0,11002	28740	0,10995	28740	0,110209	
28741	0,000324867	28741	0,000305589	28741	0,000541036	
28742	-0,110308	28742	-0,110589	28742	-0,110065	
28743	-0,221253	28743	-0,221483	28743	-0,221608	
28744	-0,330323	28744	-0,330191	28744	-0,329714	
28745	-0,437205	28745	-0,437024	28745	-0,43657	
28746	-0,540025	28746	-0,541358	28746	-0,540615	
28747	-0,642532	28747	-0,642256	28747	-0,642159	
28748	-0,738163	28748	-0,739094	28748	-0,73808	
28749	-0,830357	28749	-0,829683	28749	-0,830251	
28750	-0,917863	28750	-0,918711	28750	-0,918361	
28751	-0,999119	28751	-0,999617	28751	-0,998659	
28752	-1,07444	28752	-1,07459	28752	-1,07427	
28753	-1,14382	28753	-1,14425	28753	-1,14363	
28754	-1,20601	28754	-1,20641	28754	-1,20612	
28755	-1,25914	28755	-1,2592	28755	-1,25924	
28756	-1,30633	28756	-1,307	28756	-1,30673	
28757	-1,34352	28757	-1,34355	28757	-1,34297	
28758	-1,37477	28758	-1,3751	28758	-1,37484	
28759	-1,39602	28759	-1,39696	28759	-1,39703	
28760	-1,40977	28760	-1,40977	28760	-1,40921	
28761	-1,41477	28761	-1,41446	28761	-1,41452	
28762	-1,4104	28762	-1,41039	28762	-1,40952	
28763	-1,3954	28763	-1,39571	28763	-1,39546	
28764	-1,37414	28764	-1,3751	28764	-1,37422	
28765	-1,34414	28765	-1,34479	28765	-1,34422	
28766	-1,30539	28766	-1,30606	28766	-1,30548	
28767	-1,25945	28767	-1,25983	28767	-1,25924	
28768	-1,20632	28768	-1,20672	28768	-1,20612	
28769	-1,14413	28769	-1,14487	28769	-1,14395	
28770	-1,07537	28770	-1,0749	28770	-1,0749	
28771	-0,999431	28771	-1,00024	28771	-0,999284	
28772	-0,917863	28772	-0,918086	28772	-0,917424	
28773	-0,830982	28773	-0,830933	28773	-0,830876	
28774	-0,737226	28774	-0,737844	28774	-0,737455	
28775	-0,643157	28775	-0,642569	28775	-0,642159	
28776	-0,540337	28776	-0,541046	28776	-0,540302	
28777	-0,437205	28777	-0,437024	28777	-0,43657	
28778	-0,328448	28778	-0,329254	28778	-0,329089	
28779	-0,221565	28779	-0,221483	28779	-0,22067	
28780	-0,10937	28780	-0,109964	28780	-0,108815	
28781	0,00157495	28781	0,000930345	28781	0,00147837	
28782	0,110645	28782	0,110263	28782	0,109897	
28783	0,222215	28783	0,221782	28783	0,222377	
28784	0,329723	28784	0,32924	28784	0,329859	
28785	0,438168	28785	0,437011	28785	0,436715	
28786	0,540362	28786	0,540095	28786	0,541072	
28787	0,643494	28787	0,642868	28787	0,643242	
28788	0,739439	28788	0,739705	28788	0,739162	
28789	0,829757	28789	0,82967	28789	0,829772	
28790	0,919451	28790	0,919323	28790	0,919444	
28791	1,00071	28791	1,00054	28791	1,00068	
28792	1,07602	28792	1,07551	28792	1,07598	
28793	1,14415	28793	1,14392	28793	1,14347	
28794	1,20697	28794	1,20671	28794	1,20689	
28795	1,26041	28795	1,26044	28795	1,26032	
28796	1,30573	28796	1,30542	28796	1,30563	
28797	1,34511	28797	1,34478	28797	1,34468	
28798	1,37386	28798	1,37383	28798	1,37468	
28799	1,39667	28799	1,3957	28799	1,39655	
28800	1,40949	28800	1,40944	28800	1,40905	
28801	1,4148	28801	1,39351	28801	1,55746	
28802	1,41105	28802	1,3704	28802	1,55183	
28803	1,39667	28803	1,33729	28803	1,53715	
28804	1,37761	28804	1,29918	28804	1,51559	
28805	1,34667	28805	1,25107	28805	1,48247	
28806	1,30948	28806	1,19703	28806	1,4406	
28807	1,26354	28807	1,13455	28807	1,39092	
28808	1,21228	28808	1,0677	28808	1,33375	
28809	1,15322	28809	0,994294	28809	1,26938	
28810	1,08634	28810	0,912451	28810	1,1944	
28811	1,01446	28811	0,827171	28811	1,11535	
28812	0,932889	28812	0,734395	28812	1,02692	
28813	0,849134	28813	0,639432	28813	0,934441	
28814	0,758502	28814	0,539783	28814	0,835083	
28815	0,665683	28815	0,438885	28815	0,731664	
28816	0,568489	28816	0,33455	28816	0,625432	
28817	0,465357	28817	0,225843	28817	0,511702	
28818	0,360975	28818	0,118385	28818	0,397659	
28819	0,254717	28819	0,00936456	28819	0,280492	
28820	0,146272	28820	-0,100905	28820	0,161138	
28821	0,0368899	28821	-0,208988	28821	0,0408465	
28822	-0,0718676	28822	-0,316134	28822	-0,0781952	
28823	-0,179688	28823	-0,42078	28823	-0,198174	
28824	-0,28782	28824	-0,523553	28824	-0,316904	
28825	-0,39439	28825	-0,624139	28825	-0,433758	
28826	-0,498459	28826	-0,720663	28826	-0,548113	
28827	-0,598466	28827	-0,811565	28827	-0,658094	
28828	-0,69566	28828	-0,899656	28828	-0,765575	
28829	-0,789104	28829	-0,980874	28829	-0,86712	
28830	-0,876298	28830	-1,05616	28830	-0,963978	
28831	-0,960366	28831	-1,12582	28831	-1,05521	
28832	-1,03693	28832	-1,18829	28832	-1,14082	
28833	-1,1085	28833	-1,24421	28833	-1,21862	
28834	-1,17038	28834	-1,29107	28834	-1,28798	
28835	-1,23163	28835	-1,33417	28835	-1,35391	
28836	-1,28008	28836	-1,36572	28836	-1,40828	
28837	-1,32195	28837	-1,38915	28837	-1,45452	
28838	-1,35789	28838	-1,40633	28838	-1,49264	
28839	-1,38352	28839	-1,41321	28839	-1,52201	
28840	-1,40227	28840	-1,41321	28840	-1,54263	
28841	-1,41133	28841	-1,40321	28841	-1,55325	
28842	-1,41383	28842	-1,38665	28842	-1,55544	
28843	-1,40571	28843	-1,35979	28843	-1,54669	
28844	-1,3904	28844	-1,32574	28844	-1,52888	
28845	-1,36727	28845	-1,28451	28845	-1,5042	
28846	-1,33633	28846	-1,23546	28846	-1,46951	
28847	-1,29633	28847	-1,17892	28847	-1,42577	
28848	-1,24851	28848	-1,11426	28848	-1,37297	
28849	-1,19476	28849	-1,04554	28849	-1,31423	
28850	-1,13288	28850	-0,968067	28850	-1,24487	
28851	-1,06225	28851	-0,883412	28851	-1,16769	
28852	-0,987243	28852	-0,797821	28852	-1,08646	
28853	-0,906612	28853	-0,705044	28853	-0,997097	
28854	-0,819731	28854	-0,60727	28854	-0,902114	
28855	-0,7291	28855	-0,507621	28855	-0,801506	
28856	-0,634719	28856	-0,405786	28856	-0,697462	
28857	-0,534712	28857	-0,299578	28857	-0,587794	
28858	-0,432517	28858	-0,192119	28858	-0,475001	
28859	-0,32626	28859	-0,0824747	28859	-0,358459	
28860	-0,21969	28860	0,0265454	28860	-0,241292	
28861	-0,110308	28861	0,135565	28861	-0,121	
28862	-0,000300176	28862	0,244898	28862	-0,000708746	
28863	0,106895	28863	0,349545	28863	0,117708	
28864	0,216277	28864	0,456378	28864	0,238312	
28865	0,323472	28865	0,556964	28865	0,355479	
28866	0,426917	28866	0,654738	28866	0,470147	
28867	0,530674	28867	0,750638	28867	0,583877	
28868	0,631619	28868	0,841541	28868	0,694483	
28869	0,727875	28869	0,926195	28869	0,799777	
28870	0,818507	28870	1,00616	28870	0,89976	
28871	0,904137	28871	1,07895	28871	0,995055	
28872	0,984768	28872	1,1458	28872	1,0841	
28873	1,06071	28873	1,20702	28873	1,1669	
28874	1,12822	28874	1,25919	28874	1,24158	
28875	1,19228	28875	1,30698	28875	1,31156	
28876	1,24854	28876	1,34478	28876	1,37311	
28877	1,29385	28877	1,37258	28877	1,42373	
28878	1,33573	28878	1,39664	28878	1,46904	
28879	1,36604	28879	1,40851	28879	1,50309	
28880	1,39011	28880	1,41319	28880	1,52934	
28881	1,40667	28881	1,41132	28881	1,54808	
28882	1,4148	28882	1,40007	28882	1,55652	
28883	1,41386	28883	1,37977	28883	1,55496	
28884	1,40292	28884	1,34947	28884	1,54277	
28885	1,3848	28885	1,31354	28885	1,52371	
28886	1,35792	28886	1,27012	28886	1,49528	
28887	1,32323	28887	1,21702	28887	1,45654	
28888	1,28198	28888	1,15829	28888	1,40998	
28889	1,23322	28889	1,09363	28889	1,35656	
28890	1,17572	28890	1,02116	28890	1,29344	
28891	1,1104	28891	0,941814	28891	1,2222	
28892	1,03946	28892	0,85716	28892	1,1444	
28893	0,962892	28893	0,768132	28893	1,05911	
28894	0,880073	28894	0,674418	28894	0,967873	
28895	0,791942	28895	0,576644	28895	0,871327	
28896	0,700061	28896	0,476058	28896	0,770095	
28897	0,602554	28897	0,371099	28897	0,662613	
28898	0,500359	28898	0,263328	28898	0,551383	
28899	0,397852	28899	0,156495	28899	0,438277	
28900	0,29222	28900	0,0471623	28900	0,321423	
28901	0,184713	28901	-0,0612329	28901	0,203631	
28902	0,0765801	28902	-0,170565	28902	0,0836515	
28903	-0,0318648	28903	-0,277399	28903	-0,0360151	
28904	-0,141872	28904	-0,38392	28904	-0,155994	
28905	-0,25063	28905	-0,488879	28905	-0,275973	
28906	-0,3572	28906	-0,589777	28906	-0,39314	
28907	-0,461269	28907	-0,686927	28907	-0,506558	
28908	-0,562839	28908	-0,77939	28908	-0,618726	
28909	-0,662533	28909	-0,869043	28909	-0,728394	
28910	-0,755039	28910	-0,951198	28910	-0,830564	
28911	-0,845046	28911	-1,02898	28911	-0,929297	
28912	-0,930676	28912	-1,10208	28912	-1,02366	
28913	-1,00943	28913	-1,16705	28913	-1,11083	
28914	-1,08444	28914	-1,22547	28914	-1,19238	
28915	-1,14975	28915	-1,27545	28915	-1,26455	
28916	-1,21132	28916	-1,3198	28916	-1,33141	
28917	-1,2632	28917	-1,35448	28917	-1,38984	
28918	-1,30789	28918	-1,38166	28918	-1,43889	
28919	-1,34508	28919	-1,40102	28919	-1,48076	
28920	-1,37664	28920	-1,41289	28920	-1,51326	
28921	-1,39821	28921	-1,41446	28921	-1,53669	
28922	-1,41008	28922	-1,40821	28922	-1,54981	
28923	-1,41383	28923	-1,39384	28923	-1,55575	
28924	-1,41008	28924	-1,36979	28924	-1,55044	
28925	-1,39727	28925	-1,33886	28925	-1,53669	
28926	-1,37727	28926	-1,30012	28926	-1,51451	
28927	-1,34758	28927	-1,25327	28927	-1,48264	
28928	-1,31133	28928	-1,19923	28928	-1,44233	
28929	-1,26664	28929	-1,13831	28929	-1,39328	
28930	-1,21507	28930	-1,07084	28930	-1,3361	
28931	-1,15444	28931	-0,995556	28931	-1,26955	
28932	-1,08819	28932	-0,915275	28932	-1,19675	
28933	-1,01537	28933	-0,829996	28933	-1,11708	
28934	-0,935989	28934	-0,737532	28934	-1,02928	
28935	-0,850984	28935	-0,642569	28935	-0,937108	
28936	-0,762227	28936	-0,544482	28936	-0,838687	
28937	-0,668784	28937	-0,442647	28937	-0,736205	
28938	-0,570027	28938	-0,336126	28938	-0,625912	
28939	-0,466895	28939	-0,229605	28939	-0,514057	
28940	-0,36345	28940	-0,12121	28940	-0,399702	
28941	-0,25688	28941	-0,0115648	28941	-0,282535	
28942	-0,148748	28942	0,0977676	28942	-0,16443	
28943	-0,0403029	28943	0,205226	28943	-0,0441387	
28944	0,0678295	28944	0,311747	28944	0,0742782	
28945	0,177837	28945	0,41858	28945	0,19582	
28946	0,285345	28946	0,521665	28946	0,314861	
28947	0,391602	28947	0,620689	28947	0,430779	
28948	0,494734	28948	0,717526	28948	0,544821	
28949	0,595679	28949	0,809366	28949	0,655739	
28950	0,692873	28950	0,896207	28950	0,761971	
28951	0,783817	28951	0,976801	28951	0,863203	
28952	0,873823	28952	1,05333	28952	0,961624	
28953	0,956641	28953	1,12331	28953	1,05286	
28954	1,03508	28954	1,18609	28954	1,13784	
28955	1,10571	28955	1,24201	28955	1,21689	
28956	1,17166	28956	1,29168	28956	1,28875	
28957	1,22885	28957	1,33197	28957	1,35187	
28958	1,27823	28958	1,36259	28958	1,40561	
28959	1,32135	28959	1,38914	28959	1,45404	
28960	1,35636	28960	1,40538	28960	1,49153	
28961	1,38355	28961	1,41288	28961	1,52184	
28962	1,40198	28962	1,41226	28962	1,54152	
28963	1,41355	28963	1,40538	28963	1,55433	
28964	1,4148	28964	1,38695	28964	1,5559	
28965	1,40636	28965	1,36071	28965	1,54715	
28966	1,3923	28966	1,32729	28966	1,53121	
28967	1,36792	28967	1,28574	28967	1,50622	
28968	1,33636	28968	1,2367	28968	1,47091	
28969	1,29854	28969	1,18078	28969	1,42811	
28970	1,25041	28970	1,11706	28970	1,37624	
28971	1,19603	28971	1,04646	28971	1,31531	
28972	1,13415	28972	0,970553	28972	1,24782	
28973	1,06665	28973	0,88871	28973	1,17346	
28974	0,990706	28974	0,799994	28974	1,09035	
28975	0,910388	28975	0,708155	28975	1,00099	
28976	0,821319	28976	0,610068	28976	0,904446	
28977	0,732563	28977	0,511357	28977	0,806026	
28978	0,637869	28978	0,408584	28978	0,701669	
28979	0,537549	28979	0,302375	28979	0,592001	
28980	0,43598	28980	0,195542	28980	0,47827	
28981	0,330348	28981	0,0862096	28981	0,36329	
28982	0,22409	28982	-0,0215609	28982	0,245811	
28983	0,113145	28983	-0,132768	28983	0,125207	
28984	0,00470017	28984	-0,24085	28984	0,00616506	
28985	-0,10437	28985	-0,347996	28985	-0,114126	
28986	-0,211877	28986	-0,451393	28986	-0,233168	
28987	-0,319072	28987	-0,553541	28987	-0,350648	
28988	-0,423767	28988	-0,652253	28988	-0,46594	
28989	-0,527211	28989	-0,747216	28989	-0,579358	
28990	-0,627843	28990	-0,838742	28990	-0,690901	
28991	-0,723475	28991	-0,923397	28991	-0,795258	
28992	-0,815044	28992	-1,00337	28992	-0,895552	
28993	-0,900362	28993	-1,07677	28993	-0,991161	
28994	-0,982243	28994	-1,14425	28994	-1,08021	
28995	-1,05725	28995	-1,20422	28995	-1,16301	
28996	-1,12663	28996	-1,25795	28996	-1,23955	
28997	-1,19132	28997	-1,30606	28997	-1,31017	
28998	-1,24539	28998	-1,34292	28998	-1,36984	
28999	-1,29351	28999	-1,37291	28999	-1,42265	
29000	-1,33258	29000	-1,39509	29000	-1,46577	
29001	-1,36571	29001	-1,40852	29001	-1,50295	
29002	-1,38852	29002	-1,41383	29002	-1,52794	
29003	-1,40477	29003	-1,41071	29003	-1,54513	
29004	-1,41352	29004	-1,4004	29004	-1,55512	
29005	-1,41352	29005	-1,38009	29005	-1,55387	
29006	-1,40258	29006	-1,35135	29006	-1,54231	
29007	-1,38508	29007	-1,31512	29007	-1,52357	
29008	-1,35852	29008	-1,27076	29008	-1,49513	
29009	-1,32445	29009	-1,21891	29009	-1,4567	
29010	-1,28258	29010	-1,15987	29010	-1,41109	
29011	-1,23538	29011	-1,09677	29011	-1,3586	
29012	-1,17632	29012	-1,02273	29012	-1,29361	
29013	-1,11256	29013	-0,944326	29013	-1,22393	
29014	-1,04162	29014	-0,859672	29014	-1,14582	
29015	-0,965054	29015	-0,771269	29015	-1,06146	
29016	-0,881923	29016	-0,67693	29016	-0,970227	
29017	-0,792855	29017	-0,577907	29017	-0,871807	
29018	-0,702848	29018	-0,478883	29018	-0,772761	
29019	-0,605967	29019	-0,374861	29019	-0,666218	
29020	-0,505335	29020	-0,268027	29020	-0,555299	
29021	-0,401265	29021	-0,160257	29021	-0,441257	
29022	-0,295008	29022	-0,0506121	29022	-0,324715	
29023	-0,187501	29023	0,058408	29023	-0,205985	
29024	-0,0796806	29024	0,166178	29024	-0,0869437	
29025	0,0293894	29025	0,273324	29025	0,032098	
29026	0,137522	29026	0,379221	29026	0,151765	
29027	0,246279	29027	0,484492	29027	0,271431	
29028	0,354099	29028	0,586015	29028	0,389223	
29029	0,458169	29029	0,683165	29029	0,503891	
29030	0,561614	29030	0,777815	29030	0,617309	
29031	0,658808	29031	0,865906	29031	0,72479	
29032	0,752252	29032	0,947749	29032	0,827272	
29033	0,842883	29033	1,02709	29033	0,928192	
29034	0,927889	29034	1,09894	29034	1,02068	
29035	1,00789	29035	1,16423	29035	1,10816	
29036	1,08227	29036	1,22358	29036	1,19033	
29037	1,14884	29037	1,2745	29037	1,26407	
29038	1,20947	29038	1,31792	29038	1,33031	
29039	1,25979	29039	1,35228	29039	1,38593	
29040	1,3076	29040	1,38133	29040	1,43873	
29041	1,34511	29041	1,40039	29041	1,47935	
29042	1,37448	29042	1,41101	29042	1,51247	
29043	1,39667	29043	1,41382	29043	1,5359	
29044	1,41011	29044	1,40882	29044	1,55152	
29045	1,41417	29045	1,3932	29045	1,55558	
29046	1,40949	29046	1,3704	29046	1,55121	
29047	1,39855	29047	1,34072	29047	1,53902	
29048	1,37855	29048	1,30261	29048	1,51684	
29049	1,35011	29049	1,25575	29049	1,48466	
29050	1,31167	29050	1,20078	29050	1,44342	
29051	1,26854	29051	1,1408	29051	1,39561	
29052	1,21728	29052	1,07301	29052	1,33906	
29053	1,15603	29053	0,996793	29053	1,27188	
29054	1,09165	29054	0,918386	29054	1,20064	
29055	1,01883	29055	0,832482	29055	1,12035	
29056	0,939765	29056	0,74158	29056	1,03349	
29057	0,855072	29057	0,645992	29057	0,941002	
29058	0,766628	29058	0,548217	29058	0,843207	
29059	0,672246	29059	0,445757	29059	0,739162	
29060	0,572239	29060	0,338611	29060	0,629494	
29061	0,472545	29061	0,233652	29061	0,520138	
29062	0,36785	29062	0,124945	29062	0,404846	
29063	0,260968	29063	0,0152997	29063	0,287366	
29064	0,154085	29064	-0,0924708	29064	0,169262	
29065	0,0450154	29065	-0,201178	29065	0,0492825	
29066	-0,0643671	29066	-0,308324	29066	-0,0700717	
29067	-0,173437	29067	-0,414845	29067	-0,190988	
29068	-0,281882	29068	-0,51793	29068	-0,309405	
29069	-0,387827	29069	-0,618828	29069	-0,425947	
29070	-0,490646	29070	-0,713479	29070	-0,539677	
29071	-0,591903	29071	-0,80563	29071	-0,650908	
29072	-0,688472	29072	-0,893408	29072	-0,757139	
29073	-0,781916	29073	-0,974627	29073	-0,860246	
29074	-0,870985	29074	-1,05085	29074	-0,958042	
29075	-0,954428	29075	-1,12207	29075	-1,0499	
29076	-1,03193	29076	-1,18454	29076	-1,13457	
29077	-1,1035	29077	-1,23952	29077	-1,21268	
29078	-1,16913	29078	-1,28982	29078	-1,28548	
29079	-1,22632	29079	-1,3298	29079	-1,34829	
29080	-1,27539	29080	-1,36198	29080	-1,40421	
29081	-1,32008	29081	-1,38915	29081	-1,45171	
29082	-1,35383	29082	-1,40415	29082	-1,48951	
29083	-1,38164	29083	-1,41258	29083	-1,52013	
29084	-1,40008	29084	-1,41227	29084	-1,54013	
29085	-1,41227	29085	-1,40477	29085	-1,55294	
29086	-1,41227	29086	-1,38697	29086	-1,55419	
29087	-1,40696	29087	-1,36229	29087	-1,54763	
29088	-1,39227	29088	-1,32886	29088	-1,53169	
29089	-1,36883	29089	-1,28763	29089	-1,50576	
29090	-1,33883	29090	-1,23952	29090	-1,47233	
29091	-1,29914	29091	-1,18236	29091	-1,4289	
29092	-1,25226	29092	-1,11926	29092	-1,37734	
29093	-1,19726	29093	-1,04866	29093	-1,31673	
29094	-1,13632	29094	-0,973065	29094	-1,24924	
29095	-1,06662	29095	-0,889972	29095	-1,17425	
29096	-0,993806	29096	-0,803131	29096	-1,09239	
29097	-0,911925	29097	-0,710667	29097	-1,00303	
29098	-0,826294	29098	-0,614142	29098	-0,908363	
29099	-0,735976	29099	-0,515743	29099	-0,809942	
29100	-0,640344	29100	-0,411721	29100	-0,704336	
29101	-0,541275	29101	-0,30645	29101	-0,594668	
29102	-0,438768	29102	-0,198992	29102	-0,482812	
29103	-0,333136	29103	-0,0902841	29103	-0,367207	
29104	-0,225316	29104	0,0202978	29104	-0,247853	
29105	-0,117183	29105	0,128693	29105	-0,128499	
29106	-0,00998834	29106	0,235214	29106	-0,0113319	
29107	0,0997067	29107	0,342985	29107	0,110209	
29108	0,207839	29108	0,447319	29108	0,228939	
29109	0,315347	29109	0,549779	29109	0,347356	
29110	0,420979	29110	0,648491	29110	0,463585	
29111	0,525049	29111	0,745016	29111	0,57794	
29112	0,625056	29112	0,835293	29112	0,687296	
29113	0,719125	29113	0,91901	29113	0,791341	
29114	0,811006	29114	0,999917	29114	0,892886	
29115	0,897262	29115	1,07426	29115	0,988494	
29116	0,980705	29116	1,14236	29116	1,07879	
29117	1,0554	29117	1,20234	29117	1,16096	
29118	1,12634	29118	1,25794	29118	1,23939	
29119	1,18853	29119	1,30292	29119	1,30719	
29120	1,24229	29120	1,34041	29120	1,36749	
29121	1,29166	29121	1,37165	29121	1,42123	
29122	1,3326	29122	1,39414	29122	1,46622	
29123	1,36511	29123	1,4082	29123	1,50184	
29124	1,38948	29124	1,41382	29124	1,52809	
29125	1,40636	29125	1,41163	29125	1,54683	
29126	1,41386	29126	1,40039	29126	1,5559	
29127	1,41261	29127	1,37977	29127	1,55402	
29128	1,40417	29128	1,3529	29128	1,54496	
29129	1,38636	29129	1,31667	29129	1,52528	
29130	1,35948	29130	1,27169	29130	1,49591	
29131	1,32542	29131	1,21983	29131	1,45873	
29132	1,28541	29132	1,16267	29132	1,41405	
29133	1,23572	29133	1,09769	29133	1,35937	
29134	1,17947	29134	1,02584	29134	1,29657	
29135	1,11571	29135	0,947437	29135	1,22752	
29136	1,04415	29136	0,86247	29136	1,14847	
29137	0,967579	29137	0,773755	29137	1,06411	
29138	0,885074	29138	0,680353	29138	0,974122	
29139	0,799443	29139	0,583828	29139	0,878826	
29140	0,706936	29140	0,482618	29140	0,777281	
29141	0,608804	29141	0,377346	29141	0,670112	
29142	0,507547	29142	0,270825	29142	0,558569	
29143	0,405353	29143	0,164304	29143	0,446713	
29144	0,300658	29144	0,0549718	29144	0,329859	
29145	0,19065	29145	-0,0559225	29145	0,210192	
29146	0,0834556	29146	-0,162756	29146	0,0917751	
29147	-0,0249894	29147	-0,269902	29147	-0,0275791	
29148	-0,134997	29148	-0,377672	29148	-0,147871	
29149	-0,242192	29149	-0,480757	29149	-0,2666	
29150	-0,350012	29150	-0,582592	29150	-0,384392	
29151	-0,453769	29151	-0,679429	29151	-0,499372	
29152	-0,557526	29152	-0,775017	29152	-0,612789	
29153	-0,65472	29153	-0,862483	29153	-0,720271	
29154	-0,749414	29154	-0,946513	29154	-0,824627	
29155	-0,83942	29155	-1,02461	29155	-0,923985	
29156	-0,924114	29156	-1,09614	29156	-1,01647	
29157	-1,00443	29157	-1,16237	29157	-1,1052	
29158	-1,07881	29158	-1,22141	29158	-1,18644	
29159	-1,14725	29159	-1,27388	29159	-1,26174	
29160	-1,20601	29160	-1,31668	29160	-1,32673	
29161	-1,25976	29161	-1,35198	29161	-1,38578	
29162	-1,30476	29162	-1,37978	29162	-1,43515	
29163	-1,34445	29163	-1,39977	29163	-1,47826	
29164	-1,37321	29164	-1,41102	29164	-1,51044	
29165	-1,39602	29165	-1,41446	29165	-1,53513	
29166	-1,40852	29166	-1,40883	29166	-1,55044	
29167	-1,41383	29167	-1,39509	29167	-1,55512	
29168	-1,41071	29168	-1,37197	29168	-1,55075	
29169	-1,39821	29169	-1,34136	29169	-1,53763	
29170	-1,37821	29170	-1,30356	29170	-1,51638	
29171	-1,35039	29171	-1,2567	29171	-1,4842	
29172	-1,31258	29172	-1,20235	29172	-1,44421	
29173	-1,26976	29173	-1,143	29173	-1,39734	
29174	-1,2182	29174	-1,0749	29174	-1,33922	
29175	-1,15944	29175	-1,00118	29175	-1,27455	
29176	-1,09225	29176	-0,919336	29176	-1,20081	
29177	-1,02068	29177	-0,835619	29177	-1,1227	
29178	-0,941302	29178	-0,744404	29178	-1,03584	
29179	-0,856921	29179	-0,649129	29179	-0,942419	
29180	-0,769103	29180	-0,551667	29180	-0,845874	
29181	-0,673784	29181	-0,448582	29181	-0,741517	
29182	-0,577527	29182	-0,344872	29182	-0,635285	
29183	-0,474395	29183	-0,237102	29183	-0,522493	
29184	-0,371263	29184	-0,129019	29184	-0,408763	
29185	-0,263756	29185	-0,0190619	29185	-0,290346	
29186	-0,155936	29186	0,0896458	29186	-0,171616	
29187	-0,0493661	29187	0,196479	29187	-0,0538245	
29188	0,060954	29188	0,304562	29188	0,0670919	
29189	0,169399	29189	0,411083	29189	0,187383	
29190	0,277219	29190	0,513856	29190	0,305175	
29191	0,383789	29191	0,614754	29191	0,422655	
29192	0,488484	29192	0,710966	29192	0,53701	
29193	0,589116	29193	0,80343	29193	0,648241	
29194	0,685372	29194	0,88871	29194	0,753847	
29195	0,778191	29195	0,972427	29195	0,856954	
29196	0,868197	29196	1,04958	29196	0,955375	
29197	0,952891	29197	1,11862	29197	1,04755	
29198	1,02852	29198	1,1811	29198	1,13222	
29199	1,1029	29199	1,23951	29199	1,21221	
29200	1,16634	29200	1,28793	29200	1,28376	
29201	1,2251	29201	1,32823	29201	1,34749	
29202	1,27448	29202	1,36228	29202	1,40342	
29203	1,31917	29203	1,3882	29203	1,45154	
29204	1,35354	29204	1,40351	29204	1,48934	
29205	1,38198	29205	1,41288	29205	1,51965	
29206	1,40167	29206	1,41382	29206	1,54152	
29207	1,41199	29207	1,40507	29207	1,5534	
29208	1,41386	29208	1,38852	29208	1,55558	
29209	1,40792	29209	1,36259	29209	1,54902	
29210	1,39355	29210	1,32948	29210	1,53309	
29211	1,36917	29211	1,28855	29211	1,50684	
29212	1,34042	29212	1,24045	29212	1,47372	
29213	1,30167	29213	1,18516	29213	1,43217	
29214	1,25479	29214	1,12206	29214	1,37999	
29215	1,20135	29215	1,05208	29215	1,32094	
29216	1,13884	29216	0,975863	29216	1,25345	
29217	1,07009	29217	0,893395	29217	1,17752	
29218	0,996644	29218	0,806242	29218	1,09566	
29219	0,914138	29219	0,713465	29219	1,0063	
29220	0,829132	29220	0,617253	29220	0,912257	
29221	0,739439	29221	0,518854	29221	0,813525	
29222	0,643494	29222	0,414519	29222	0,707605	
29223	0,544737	29223	0,30956	29223	0,598874	
29224	0,444106	29224	0,203664	29224	0,488269	
29225	0,338161	29225	0,0946438	29225	0,372351	
29226	0,229403	29226	-0,0162505	29226	0,252997	
29227	0,122833	29227	-0,124333	29227	0,135518	
29228	0,0134508	29228	-0,232416	29228	0,0149135	
29229	-0,0956192	29229	-0,33925	29229	-0,10569	
29230	-0,204377	29230	-0,444521	29230	-0,22442	
29231	-0,310947	29231	-0,546356	29231	-0,342212	
29232	-0,417204	29232	-0,644755	29232	-0,458129	
29233	-0,520648	29233	-0,741593	29233	-0,573421	
29234	-0,62128	29234	-0,832182	29234	-0,68184	
29235	-0,716599	29235	-0,917774	29235	-0,788384	
29236	-0,808481	29236	-0,99743	29236	-0,888679	
29237	-0,896612	29237	-1,07303	29237	-0,984912	
29238	-0,976305	29238	-1,13956	29238	-1,07396	
29239	-1,05287	29239	-1,20079	29239	-1,15801	
29240	-1,12288	29240	-1,25577	29240	-1,23518	
29241	-1,18632	29241	-1,30231	29241	-1,30486	
29242	-1,24132	29242	-1,34105	29242	-1,36547	
29243	-1,29039	29243	-1,37135	29243	-1,4189	
29244	-1,33133	29244	-1,39446	29244	-1,46452	
29245	-1,36383	29245	-1,40758	29245	-1,50013	
29246	-1,38665	29246	-1,41258	29246	-1,52544	
29247	-1,40415	29247	-1,41039	29247	-1,5445	
29248	-1,41227	29248	-1,40009	29248	-1,55356	
29249	-1,41258	29249	-1,38103	29249	-1,55262	
29250	-1,40352	29250	-1,35385	29250	-1,54419	
29251	-1,3879	29251	-1,31856	29251	-1,52607	
29252	-1,36227	29252	-1,27513	29252	-1,49701	
29253	-1,3282	29253	-1,22422	29253	-1,46045	
29254	-1,28633	29254	-1,16518	29254	-1,41484	
29255	-1,23757	29255	-1,09989	29255	-1,36078	
29256	-1,17944	29256	-1,02617	29256	-1,29767	
29257	-1,116	29257	-0,949637	29257	-1,22799	
29258	-1,04787	29258	-0,866856	29258	-1,15176	
29259	-0,970992	29259	-0,777829	29259	-1,0674	
29260	-0,888799	29260	-0,684115	29260	-0,976476	
29261	-0,800355	29261	-0,586341	29261	-0,880868	
29262	-0,708161	29262	-0,485755	29262	-0,779323	
29263	-0,61128	29263	-0,380796	29263	-0,672154	
29264	-0,511585	29264	-0,276149	29264	-0,562486	
29265	-0,409391	29265	-0,167442	29265	-0,449693	
29266	-0,302821	29266	-0,0590463	29266	-0,332838	
29267	-0,196251	29267	0,0502861	29267	-0,214734	
29268	-0,085306	29268	0,160868	29268	-0,09413	
29269	0,0225139	29269	0,267077	29269	0,0242869	
29270	0,131584	29270	0,37391	29270	0,144578	
29271	0,239404	29271	0,47762	29271	0,26362	
29272	0,344099	29272	0,577268	29272	0,378913	
29273	0,450668	29273	0,676917	29273	0,496392	
29274	0,554738	29274	0,772193	29274	0,60981	
29275	0,65162	29275	0,859659	29275	0,717291	
29276	0,747564	29276	0,944313	29276	0,822273	
29277	0,837883	29277	1,02272	29277	0,921318	
29278	0,923201	29278	1,09519	29278	1,01568	
29279	1,00133	29279	1,15892	29279	1,10191	
29280	1,07634	29280	1,21921	29280	1,18409	
29281	1,14322	29281	1,26981	29281	1,25813	
29282	1,20447	29282	1,31417	29282	1,325	
29283	1,25885	29283	1,35228	29283	1,38499	
29284	1,30479	29284	1,37914	29284	1,43498	
29285	1,34229	29285	1,39851	29285	1,47716	
29286	1,3723	29286	1,41038	29286	1,51028	
29287	1,39667	29287	1,41476	29287	1,53527	
29288	1,40917	29288	1,40882	29288	1,54996	
29289	1,41386	29289	1,39476	29289	1,55527	
29290	1,41167	29290	1,37321	29290	1,55277	
29291	1,40042	29291	1,34291	29291	1,54027	
29292	1,37948	29292	1,30449	29292	1,51715	
29293	1,35104	29293	1,25825	29293	1,48653	
29294	1,3151	29294	1,20484	29294	1,44748	
29295	1,26979	29295	1,14392	29295	1,39811	
29296	1,21916	29296	1,07676	29296	1,34156	
29297	1,16103	29297	1,00335	29297	1,27782	
29298	1,09665	29298	0,924321	29298	1,20596	
29299	1,02352	29299	0,839042	29299	1,12628	
29300	0,94414	29300	0,74689	29300	1,03911	
29301	0,860384	29301	0,653176	29301	0,946939	
29302	0,772566	29302	0,554777	29302	0,850081	
29303	0,679122	29303	0,452942	29303	0,746661	
29304	0,580052	29304	0,347046	29304	0,637618	
29305	0,480671	29305	0,241462	29305	0,528262	
29306	0,375976	29306	0,133691	29306	0,414219	
29307	0,267843	29307	0,0221721	29307	0,295177	
29308	0,160961	29308	-0,0862232	29308	0,177385	
29309	0,052516	29309	-0,194931	29309	0,0574061	
29310	-0,0574916	29310	-0,302077	29310	-0,0631978	
29311	-0,167187	29311	-0,408285	29311	-0,183489	
29312	-0,273444	29312	-0,510433	29312	-0,300032	
29313	-0,378139	29313	-0,609144	29313	-0,416886	
29314	-0,484083	29314	-0,707856	29314	-0,532803	
29315	-0,585028	29315	-0,799383	29315	-0,642472	
29316	-0,682535	29316	-0,886849	29316	-0,750578	
29317	-0,775041	29317	-0,969316	29317	-0,85306	
29318	-0,865985	29318	-1,04679	29318	-0,95273	
29319	-0,948178	29319	-1,11645	29319	-1,04334	
29320	-1,02537	29320	-1,17892	29320	-1,12832	
29321	-1,09944	29321	-1,23827	29321	-1,20956	
29322	-1,16382	29322	-1,28607	29322	-1,28017	
29323	-1,22351	29323	-1,32824	29323	-1,34516	
29324	-1,2732	29324	-1,36135	29324	-1,40046	
29325	-1,3182	29325	-1,38728	29325	-1,44952	
29326	-1,35352	29326	-1,40446	29326	-1,48889	
29327	-1,38133	29327	-1,41289	29327	-1,51888	
29328	-1,39946	29328	-1,41289	29328	-1,54044	
29329	-1,41133	29329	-1,40571	29329	-1,552	
29330	-1,41415	29330	-1,38915	29330	-1,55512	
29331	-1,40696	29331	-1,36354	29331	-1,54794	
29332	-1,39477	29332	-1,33261	29332	-1,53388	
29333	-1,37071	29333	-1,29044	29333	-1,50795	
29334	-1,3407	29334	-1,24171	29334	-1,47389	
29335	-1,30101	29335	-1,18579	29335	-1,43171	
29336	-1,25539	29336	-1,12363	29336	-1,38078	
29337	-1,20038	29337	-1,05303	29337	-1,32079	
29338	-1,14038	29338	-0,977751	29338	-1,25424	
29339	-1,07381	29339	-0,898094	29339	-1,18082	
29340	-0,998806	29340	-0,810316	29340	-1,09864	
29341	-0,916613	29341	-0,715978	29341	-1,00866	
29342	-0,832232	29342	-0,621952	29342	-0,916174	
29343	-0,741914	29343	-0,521366	29343	-0,815879	
29344	-0,645344	29344	-0,417344	29344	-0,710272	
29345	-0,547525	29345	-0,31301	29345	-0,601854	
29346	-0,445643	29346	-0,205864	29346	-0,490623	
29347	-0,341574	29347	-0,0977812	29347	-0,374706	
29348	-0,234379	29348	0,0112388	29348	-0,257539	
29349	-0,125621	29349	0,120571	29349	-0,137872	
29350	-0,0162388	29350	0,229279	29350	-0,0182057	
29351	0,0925187	29351	0,336112	29351	0,102711	
29352	0,201901	29352	0,441696	29352	0,222377	
29353	0,308471	29353	0,542282	29353	0,33892	
29354	0,413166	29354	0,641931	29354	0,455149	
29355	0,517236	29355	0,737519	29355	0,569192	
29356	0,617243	29356	0,828421	29356	0,679173	
29357	0,712874	29357	0,913388	29357	0,784155	
29358	0,805693	29358	0,994606	29358	0,886012	
29359	0,892574	29359	1,06926	29359	0,982245	
29360	0,974767	29360	1,13736	29360	1,07223	
29361	1,05259	29361	1,19953	29361	1,1569	
29362	1,12165	29362	1,25513	29362	1,23408	
29363	1,18478	29363	1,30011	29363	1,3025	
29364	1,23947	29364	1,33853	29364	1,36405	
29365	1,28885	29365	1,37102	29365	1,41842	
29366	1,32979	29366	1,3932	29366	1,46341	
29367	1,36292	29367	1,40726	29367	1,49966	
29368	1,38823	29368	1,41476	29368	1,52715	
29369	1,40449	29369	1,41101	29369	1,54527	
29370	1,41386	29370	1,40195	29370	1,55558	
29371	1,4123	29371	1,38071	29371	1,55371	
29372	1,4048	29372	1,35447	29372	1,54558	
29373	1,38855	29373	1,31948	29373	1,52746	
29374	1,36229	29374	1,27606	29374	1,49841	
29375	1,32823	29375	1,22483	29375	1,46185	
29376	1,28948	29376	1,16766	29376	1,41811	
29377	1,23979	29377	1,10175	29377	1,36405	
29378	1,18322	29378	1,03022	29378	1,30156	
