2,503426e-02
7,357237e-02
1,219607e-01
1,700875e-01
2,177948e-01
2,650256e-01
3,116132e-01
3,576963e-01
4,028467e-01
4,470650e-01
4,904452e-01
5,325372e-01
5,735449e-01
6,133062e-01
6,516073e-01
6,885408e-01
7,239506e-01
7,576834e-01
7,897099e-01
8,200494e-01
8,484310e-01
8,750541e-01
8,997174e-01
9,222979e-01
9,428676e-01
9,612992e-01
9,775032e-01
9,916493e-01
1,003536e+00
1,013241e+00
1,020624e+00
1,025838e+00
1,028586e+00
1,029188e+00
1,027351e+00
1,023323e+00
1,016865e+00
1,008363e+00
9,974050e-01
9,842799e-01
9,690551e-01
9,514673e-01
9,319639e-01
9,102030e-01
8,865425e-01
8,608490e-01
8,332093e-01
8,037509e-01
7,724763e-01
7,394668e-01
7,047603e-01
6,685240e-01
6,308356e-01
5,916659e-01
5,512118e-01
5,094621e-01
4,666108e-01
4,227826e-01
3,778845e-01
3,322482e-01
2,857867e-01
2,386479e-01
1,910841e-01
1,430611e-01
9,470072e-02
4,602405e-02
-2,608500e-03
-5,126404e-02
-9,983135e-02
-1,481153e-01
-1,961998e-01
-2,437040e-01
-2,907452e-01
-3,371980e-01
-3,827635e-01
-4,275317e-01
-4,713884e-01
-5,141093e-01
-5,557620e-01
-5,960695e-01
-6,352386e-01
-6,727723e-01
-7,089272e-01
-7,435094e-01
-7,763561e-01
-8,075593e-01
-8,369214e-01
-8,643914e-01
-8,899402e-01
-9,135608e-01
-9,351080e-01
-9,544903e-01
-9,718295e-01
-9,869872e-01
-9,997929e-01
-1,010659e+00
-1,019017e+00
-1,025239e+00
-1,029102e+00
-1,030703e+00
-1,029913e+00
-1,026903e+00
-1,021604e+00
-1,013936e+00
-1,004097e+00
-9,919712e-01
-9,776337e-01
-9,611252e-01
-9,424202e-01
-9,216026e-01
-8,987897e-01
-8,740096e-01
-8,472100e-01
-8,184599e-01
-7,879968e-01
-7,556391e-01
-7,217187e-01
-6,860944e-01
-6,488789e-01
-6,103665e-01
-5,703002e-01
-5,291371e-01
-4,867598e-01
-4,431858e-01
-3,987581e-01
-3,533486e-01
-3,071400e-01
-2,603181e-01
-2,127953e-01
-1,649127e-01
-1,165256e-01
-6,791482e-02
-1,924436e-02
2,960877e-02
7,836684e-02
1,268782e-01
1,750932e-01
2,229118e-01
2,703401e-01
3,170781e-01
3,631388e-01
4,084265e-01
4,527493e-01
4,960959e-01
5,383265e-01
5,793106e-01
6,190874e-01
6,574258e-01
6,943313e-01
7,297107e-01
7,634155e-01
7,954718e-01
8,256771e-01
8,541183e-01
8,805749e-01
9,052047e-01
9,276913e-01
9,480417e-01
9,664305e-01
9,825556e-01
9,965140e-01
1,008294e+00
1,017806e+00
1,025024e+00
1,029970e+00
1,032614e+00
1,032883e+00
1,030961e+00
1,026681e+00
1,019974e+00
1,011165e+00
1,000084e+00
9,866119e-01
9,710858e-01
9,533880e-01
9,335471e-01
9,115768e-01
8,875535e-01
8,616133e-01
8,336859e-01
8,038976e-01
7,724117e-01
7,391499e-01
7,041706e-01
6,676436e-01
6,296302e-01
5,902075e-01
5,494875e-01
5,075800e-01
4,643471e-01
4,202064e-01
3,752064e-01
3,292053e-01
2,825773e-01
2,352434e-01
1,874379e-01
1,391440e-01
9,053445e-02
4,179751e-02
-7,099121e-03
-5,603552e-02
-1,046575e-01
-1,531515e-01
-2,013565e-01
-2,490092e-01
-2,961623e-01
-3,426200e-01
-3,883707e-01
-4,332284e-01
-4,771299e-01
-5,199589e-01
-5,616439e-01
-6,021347e-01
-6,411360e-01
-6,788014e-01
-7,148867e-01
-7,495280e-01
-7,823573e-01
-8,134536e-01
-8,427709e-01
-8,702037e-01
-8,957152e-01
-9,191494e-01
-9,406729e-01
-9,599589e-01
-9,770962e-01
-9,921545e-01
-1,004941e+00
-1,015383e+00
-1,023740e+00
-1,029629e+00
-1,033390e+00
-1,034800e+00
-1,033858e+00
-1,030574e+00
-1,025015e+00
-1,017212e+00
-1,007054e+00
-9,947306e-01
-9,801173e-01
-9,633143e-01
-9,443850e-01
-9,233747e-01
-9,002598e-01
-8,750746e-01
-8,479892e-01
-8,190826e-01
-7,882043e-01
-7,556198e-01
-7,213825e-01
-6,854252e-01
-6,481053e-01
-6,092611e-01
-5,689282e-01
-5,274718e-01
-4,847311e-01
-4,409514e-01
-3,962782e-01
-3,505872e-01
-3,040654e-01
-2,569478e-01
-2,092933e-01
-1,610795e-01
-1,125215e-01
-6,365969e-02
-1,475188e-02
3,417520e-02
8,312464e-02
1,318467e-01
1,802201e-01
2,282493e-01
2,757559e-01
3,226735e-01
3,688740e-01
4,142251e-01
4,585970e-01
5,020392e-01
5,444749e-01
5,854056e-01
6,252259e-01
6,635761e-01
7,005667e-01
7,358566e-01
7,695658e-01
8,016072e-01
8,318287e-01
8,601350e-01
8,866009e-01
9,109859e-01
9,335198e-01
9,537999e-01
9,720203e-01
9,880068e-01
1,001891e+00
1,013433e+00
1,022810e+00
1,029882e+00
1,034568e+00
1,036999e+00
1,037225e+00
1,034946e+00
1,030487e+00
1,023639e+00
1,014526e+00
1,003080e+00
9,894391e-01
9,737371e-01
9,556423e-01
9,355641e-01
9,133309e-01
8,890541e-01
8,627945e-01
8,345670e-01
8,045941e-01
7,727043e-01
7,390958e-01
7,038805e-01
6,671073e-01
6,287540e-01
5,889965e-01
5,480204e-01
5,057706e-01
4,624488e-01
4,179304e-01
3,725426e-01
3,263943e-01
2,793866e-01
2,318408e-01
1,837321e-01
1,352642e-01
8,646511e-02
3,744235e-02
-1,164194e-02
-6,074300e-02
-1,095663e-01
-1,582765e-01
-2,065903e-01
-2,543691e-01
-3,017595e-01
-3,483938e-01
-3,942755e-01
-4,392662e-01
-4,832336e-01
-5,261185e-01
-5,679036e-01
-6,083769e-01
-6,475187e-01
-6,851748e-01
-7,213316e-01
-7,558442e-01
-7,887623e-01
-8,197978e-01
-8,490952e-01
-8,764428e-01
-9,019444e-01
-9,252717e-01
-9,466592e-01
-9,658427e-01
-9,829073e-01
-9,977685e-01
-1,010441e+00
-1,020734e+00
-1,028908e+00
-1,034798e+00
-1,038260e+00
-1,039388e+00
-1,038246e+00
-1,034718e+00
-1,029002e+00
-1,020849e+00
-1,010507e+00
-9,979319e-01
-9,830595e-01
-9,659986e-01
-9,467704e-01
-9,254557e-01
-9,020301e-01
-8,765733e-01
-8,492760e-01
-8,199071e-01
-7,888238e-01
-7,559964e-01
-7,213645e-01
-6,851574e-01
-6,474709e-01
-6,082452e-01
-5,677513e-01
-5,260271e-01
-4,829788e-01
-4,388804e-01
-3,938598e-01
-3,478836e-01
-3,012289e-01
-2,537403e-01
-2,057627e-01
-1,573712e-01
-1,085311e-01
-5,943564e-02
-1,032277e-02
3,888889e-02
8,792098e-02
1,368512e-01
1,855844e-01
2,336552e-01
2,813495e-01
3,284317e-01
3,747118e-01
4,202064e-01
4,648194e-01
5,082635e-01
5,506824e-01
5,919157e-01
6,317385e-01
6,701818e-01
7,070836e-01
7,424705e-01
7,761939e-01
8,080794e-01
8,384263e-01
8,666693e-01
8,929420e-01
9,173971e-01
9,397254e-01
9,599751e-01
9,781016e-01
9,939496e-01
1,007693e+00
1,019091e+00
1,028304e+00
1,035159e+00
1,039694e+00
1,041978e+00
1,041862e+00
1,039457e+00
1,034691e+00
1,027703e+00
1,018314e+00
1,006575e+00
9,928982e-01
9,767172e-01
9,583496e-01
9,379333e-01
9,154218e-01
8,909288e-01
8,643069e-01
8,358116e-01
8,054529e-01
7,733419e-01
7,394307e-01
7,038705e-01
6,667513e-01
6,282215e-01
5,880961e-01
5,468336e-01
5,042109e-01
4,605182e-01
4,158127e-01
3,700988e-01
3,235950e-01
2,763481e-01
2,285146e-01
1,802182e-01
1,314111e-01
8,233364e-02
3,307041e-02
-1,623570e-02
-6,552628e-02
-1,146106e-01
-1,635289e-01
-2,120726e-01
-2,600801e-01
-3,075109e-01
-3,543620e-01
-4,003295e-01
-4,454501e-01
-4,895647e-01
-5,325540e-01
-5,744105e-01
-6,149473e-01
-6,541680e-01
-6,918769e-01
-7,280504e-01
-7,626649e-01
-7,954501e-01
-8,265968e-01
-8,558023e-01
-8,831250e-01
-9,085284e-01
-9,318675e-01
-9,530854e-01
-9,721924e-01
-9,891999e-01
-1,003925e+00
-1,016447e+00
-1,026617e+00
-1,034565e+00
-1,040174e+00
-1,043439e+00
-1,044513e+00
-1,043128e+00
-1,039443e+00
-1,033333e+00
-1,025027e+00
-1,014431e+00
-1,001569e+00
-9,863422e-01
-9,690508e-01
-9,495510e-01
-9,279206e-01
-9,042198e-01
-8,784113e-01
-8,508413e-01
-8,212002e-01
-7,897689e-01
-7,565991e-01
-7,216888e-01
-6,852077e-01
-6,471652e-01
-6,076735e-01
-5,668180e-01
-5,246993e-01
-4,813490e-01
-4,369075e-01
-3,916838e-01
-3,453926e-01
-2,982855e-01
-2,506875e-01
-2,023812e-01
-1,536436e-01
-1,045146e-01
-5,525260e-02
-5,824696e-03
4,360382e-02
9,296648e-02
1,421042e-01
1,908511e-01
2,392432e-01
2,871257e-01
3,343975e-01
3,808391e-01
4,265680e-01
4,711921e-01
5,148891e-01
5,573503e-01
5,985780e-01
6,385741e-01
6,769902e-01
7,140031e-01
7,494441e-01
7,831800e-01
8,151754e-01
8,452974e-01
8,735678e-01
8,999342e-01
9,241725e-01
9,465262e-01
9,665634e-01
9,846539e-01
1,000348e+00
1,014010e+00
1,025297e+00
1,034280e+00
1,040964e+00
1,045356e+00
1,047438e+00
1,047058e+00
1,044397e+00
1,039524e+00
1,032178e+00
1,022478e+00
1,010687e+00
9,964866e-01
9,801366e-01
9,615030e-01
9,408258e-01
9,179775e-01
8,930737e-01
8,662518e-01
8,374409e-01
8,067074e-01
7,742988e-01
7,400179e-01
7,041110e-01
6,667115e-01
6,277381e-01
5,874157e-01
5,457344e-01
5,029079e-01
4,588306e-01
4,137125e-01
3,678506e-01
3,209890e-01
2,734761e-01
2,253084e-01
1,767162e-01
1,276239e-01
7,823697e-02
2,877614e-02
-2,084998e-02
-7,039159e-02
-1,197505e-01
-1,689081e-01
-2,175829e-01
-2,657992e-01
-3,134916e-01
-3,605117e-01
-4,067141e-01
-4,518682e-01
-4,961350e-01
-5,392672e-01
-5,812611e-01
-6,218656e-01
-6,611298e-01
-6,989549e-01
-7,351706e-01
-7,698162e-01
-8,026455e-01
-8,336928e-01
-8,629517e-01
-8,902589e-01
-9,155579e-01
-9,387908e-01
-9,600596e-01
-9,790069e-01
-9,959156e-01
-1,010465e+00
-1,022877e+00
-1,032875e+00
-1,040675e+00
-1,046120e+00
-1,049250e+00
-1,050025e+00
-1,048468e+00
-1,044495e+00
-1,038207e+00
-1,029663e+00
-1,018751e+00
-1,005513e+00
-9,901139e-01
-9,725087e-01
-9,526541e-01
-9,307329e-01
-9,067438e-01
-8,807098e-01
-8,526482e-01
-8,228561e-01
-7,910297e-01
-7,575529e-01
-7,222872e-01
-6,854526e-01
-6,470024e-01
-6,072088e-01
-5,659960e-01
-5,235100e-01
-4,799173e-01
-4,351640e-01
-3,894345e-01
-3,429612e-01
-2,956179e-01
-2,475347e-01
-1,989755e-01
-1,499657e-01
-1,006602e-01
-5,106582e-02
-1,279395e-03
4,843247e-02
9,801509e-02
1,473057e-01
1,963477e-01
2,450014e-01
2,930567e-01
3,404981e-01
3,872025e-01
4,330078e-01
4,778358e-01
5,215856e-01
5,642630e-01
6,055969e-01
6,456012e-01
6,842645e-01
7,212415e-01
7,567339e-01
7,903860e-01
8,224516e-01
8,526047e-01
8,808552e-01
9,071831e-01
9,314469e-01
9,537235e-01
9,736967e-01
9,915853e-01
1,007236e+00
1,020724e+00
1,031761e+00
1,040714e+00
1,047207e+00
1,051356e+00
1,053216e+00
1,052706e+00
1,049834e+00
1,044602e+00
1,037116e+00
1,027151e+00
1,015011e+00
1,000603e+00
9,838778e-01
9,650846e-01
9,440283e-01
9,209408e-01
8,956499e-01
8,684042e-01
8,393752e-01
8,083435e-01
7,754551e-01
7,408754e-01
7,046969e-01
6,668053e-01
6,276244e-01
5,868615e-01
5,448651e-01
5,016291e-01
4,573518e-01
4,118304e-01
3,655373e-01
3,184072e-01
2,705650e-01
2,221357e-01
1,731558e-01
1,237621e-01
7,409804e-02
2,429359e-02
-2,549470e-02
-7,530909e-02
-1,250129e-01
-1,743016e-01
-2,233051e-01
-2,717469e-01
-3,196313e-01
-3,667931e-01
-4,131601e-01
-4,585926e-01
-5,029210e-01
-5,462452e-01
-5,882825e-01
-6,291169e-01
-6,683904e-01
-7,063175e-01
-7,425463e-01
-7,772036e-01
-8,101019e-01
-8,412455e-01
-8,704939e-01
-8,977191e-01
-9,230404e-01
-9,461994e-01
-9,672855e-01
-9,862248e-01
-1,002973e+00
-1,017453e+00
-1,029663e+00
-1,039569e+00
-1,047282e+00
-1,052492e+00
-1,055409e+00
-1,055995e+00
-1,054148e+00
-1,049988e+00
-1,043458e+00
-1,034551e+00
-1,023499e+00
-1,009971e+00
-9,942752e-01
-9,763593e-01
-9,561717e-01
-9,340113e-01
-9,096611e-01
-8,832257e-01
-8,549765e-01
-8,246705e-01
-7,925638e-01
-7,586341e-01
-7,231385e-01
-6,858316e-01
-6,471434e-01
-6,069857e-01
-5,653373e-01
-5,226077e-01
-4,786181e-01
-4,334937e-01
-3,875436e-01
-3,405484e-01
-2,928342e-01
-2,445559e-01
-1,956549e-01
-1,463276e-01
-9,664062e-02
-4,674111e-02
3,238566e-03
5,320208e-02
1,030842e-01
1,527725e-01
2,020419e-01
2,508714e-01
2,992057e-01
3,468609e-01
3,937262e-01
4,396652e-01
4,846447e-01
5,286195e-01
5,713876e-01
6,128508e-01
6,529575e-01
6,916544e-01
7,287749e-01
7,642631e-01
7,981443e-01
8,300857e-01
8,602662e-01
8,885427e-01
9,147762e-01
9,390213e-01
9,611619e-01
9,811575e-01
9,989373e-01
1,014539e+00
1,027832e+00
1,038757e+00
1,047503e+00
1,053856e+00
1,057830e+00
1,059440e+00
1,058721e+00
1,055594e+00
1,050117e+00
1,042391e+00
1,032305e+00
1,019721e+00
1,005045e+00
9,881386e-01
9,688731e-01
9,474937e-01
9,241228e-01
8,985119e-01
8,709984e-01
8,415326e-01
8,101485e-01
7,769458e-01
7,420355e-01
7,054823e-01
6,672397e-01
6,275051e-01
5,865166e-01
5,441959e-01
5,005436e-01
4,558294e-01
4,100564e-01
3,634234e-01
3,160069e-01
2,677372e-01
2,189015e-01
1,696134e-01
1,199077e-01
6,997527e-02
1,982969e-02
-3,036000e-02
-8,042977e-02
-1,303560e-01
-1,798342e-01
-2,291528e-01
-2,778350e-01
-3,258698e-01
-3,733280e-01
-4,198261e-01
-4,654873e-01
-5,100213e-01
-5,534748e-01
-5,957048e-01
-6,365963e-01
-6,760674e-01
-7,139994e-01
-7,502643e-01
-7,850217e-01
-8,178653e-01
-8,490940e-01
-8,782790e-01
-9,055197e-01
-9,307733e-01
-9,539199e-01
-9,749699e-01
-9,937476e-01
-1,010477e+00
-1,024802e+00
-1,036930e+00
-1,046687e+00
-1,054155e+00
-1,059309e+00
-1,061920e+00
-1,062301e+00
-1,060266e+00
-1,055817e+00
-1,049142e+00
-1,039879e+00
-1,028441e+00
-1,014805e+00
-9,987161e-01
-9,805529e-01
-9,600882e-01
-9,374617e-01
-9,127680e-01
-8,860709e-01
-8,574147e-01
-8,268111e-01
-7,942602e-01
-7,600421e-01
-7,240674e-01
-6,865723e-01
-6,474230e-01
-6,067881e-01
-5,649260e-01
-5,217646e-01
-4,773933e-01
-4,319366e-01
-3,855223e-01
-3,382531e-01
-2,902326e-01
-2,415261e-01
-1,922585e-01
-1,426212e-01
-9,265393e-02
-4,242198e-02
7,883286e-03
5,818793e-02
1,083913e-01
1,582989e-01
2,078797e-01
2,568919e-01
3,053604e-01
3,533765e-01
4,004395e-01
4,465710e-01
4,918333e-01
5,359156e-01
5,787638e-01
6,203886e-01
6,607004e-01
6,994470e-01
7,366153e-01
7,722246e-01
8,060817e-01
8,380796e-01
8,683284e-01
8,965602e-01
9,227732e-01
9,469711e-01
9,690234e-01
9,889656e-01
1,006652e+00
1,022150e+00
1,035244e+00
1,046200e+00
1,054689e+00
1,060896e+00
1,064689e+00
1,066079e+00
1,065147e+00
1,061818e+00
1,056104e+00
1,048014e+00
1,037615e+00
1,024825e+00
1,009823e+00
9,926130e-01
9,730598e-01
9,514071e-01
9,276304e-01
9,016921e-01
8,738878e-01
8,438900e-01
8,122314e-01
7,786663e-01
7,433143e-01
7,064175e-01
6,679101e-01
6,278108e-01
5,864483e-01
5,436037e-01
4,996290e-01
4,544506e-01
4,083756e-01
3,613592e-01
3,134400e-01
2,649286e-01
2,157567e-01
1,661182e-01
1,160633e-01
6,579409e-02
1,536393e-02
-3,513335e-02
-8,555357e-02
-1,356600e-01
-1,856627e-01
-2,350601e-01
-2,840903e-01
-3,324209e-01
-3,800102e-01
-4,267929e-01
-4,725237e-01
-5,173796e-01
-5,608728e-01
-6,032873e-01
-6,442982e-01
-6,838109e-01
-7,219629e-01
-7,583489e-01
-7,930783e-01
-8,260767e-01
-8,572817e-01
-8,864599e-01
-9,136938e-01
-9,389163e-01
-9,619846e-01
-9,829303e-01
-1,001805e+00
-1,018221e+00
-1,032610e+00
-1,044530e+00
-1,054115e+00
-1,061470e+00
-1,066331e+00
-1,068853e+00
-1,068973e+00
-1,066679e+00
-1,062038e+00
-1,054941e+00
-1,045574e+00
-1,033940e+00
-1,019828e+00
-1,003506e+00
-9,849503e-01
-9,642184e-01
-9,413086e-01
-9,162774e-01
-8,891734e-01
-8,600692e-01
-8,291866e-01
-7,962492e-01
-7,616477e-01
-7,253642e-01
-6,873769e-01
-6,479276e-01
-6,069931e-01
-5,645817e-01
-5,211109e-01
-4,762637e-01
-4,304080e-01
-3,837576e-01
-3,360354e-01
-2,876042e-01
-2,385379e-01
-1,889708e-01
-1,389980e-01
-8,862499e-02
-3,799909e-02
1,259946e-02
6,321728e-02
1,136648e-01
1,639024e-01
2,137124e-01
2,631366e-01
3,118462e-01
3,600096e-01
4,072820e-01
4,536677e-01
4,990865e-01
5,433968e-01
5,864091e-01
6,281662e-01
6,686073e-01
7,074341e-01
7,447565e-01
7,804348e-01
8,142918e-01
8,464488e-01
8,766963e-01
9,048710e-01
9,311387e-01
9,552788e-01
9,772236e-01
9,971496e-01
1,014657e+00
1,030105e+00
1,043084e+00
1,053847e+00
1,062281e+00
1,068260e+00
1,071822e+00
1,073048e+00
1,071883e+00
1,068302e+00
1,062300e+00
1,053943e+00
1,043297e+00
1,030187e+00
1,014846e+00
9,973379e-01
9,774790e-01
9,554273e-01
9,313618e-01
9,051351e-01
8,768554e-01
8,465706e-01
8,144310e-01
7,805597e-01
7,448174e-01
7,075627e-01
6,685849e-01
6,282010e-01
5,863345e-01
5,431359e-01
4,988019e-01
4,533110e-01
4,066768e-01
3,593037e-01
3,111229e-01
2,621697e-01
2,126157e-01
1,625988e-01
1,121798e-01
6,156942e-02
1,087082e-02
-3,991912e-02
-9,074509e-02
-1,412741e-01
-1,914203e-01
-2,411719e-01
-2,903276e-01
-3,390397e-01
-3,868496e-01
-4,338467e-01
-4,799211e-01
-5,248229e-01
-5,685454e-01
-6,110774e-01
-6,522977e-01
-6,918738e-01
-7,300357e-01
-7,666429e-01
-8,014482e-01
-8,344297e-01
-8,656901e-01
-8,948539e-01
-9,222177e-01
-9,473123e-01
-9,703799e-01
-9,912920e-01
-1,010031e+00
-1,026499e+00
-1,040628e+00
-1,052454e+00
-1,061872e+00
-1,069034e+00
-1,073736e+00
-1,076071e+00
-1,075914e+00
-1,073422e+00
-1,068560e+00
-1,061221e+00
-1,051575e+00
-1,039621e+00
-1,025216e+00
-1,008606e+00
-9,896932e-01
-9,684903e-01
-9,453438e-01
-9,199416e-01
-8,924685e-01
-8,631381e-01
-8,317243e-01
-7,985308e-01
-7,635143e-01
-7,267542e-01
-6,883562e-01
-6,485266e-01
-6,072088e-01
-5,643953e-01
-5,204684e-01
-4,753087e-01
-4,291007e-01
-3,819209e-01
-3,338072e-01
-2,850069e-01
-2,356927e-01
-1,856515e-01
-1,352685e-01
-8,449849e-02
-3,366878e-02
1,726842e-02
6,826030e-02
1,190558e-01
1,696426e-01
2,197751e-01
2,694304e-01
3,184582e-01
3,668291e-01
4,143650e-01
4,609576e-01
5,065460e-01
5,510533e-01
5,943235e-01
6,362148e-01
6,767335e-01
7,157461e-01
7,531002e-01
7,888835e-01
8,228630e-01
8,549286e-01
8,851743e-01
9,135086e-01
9,396396e-01
9,638232e-01
9,857910e-01
1,005561e+00
1,023086e+00
1,038307e+00
1,051213e+00
1,061810e+00
1,069991e+00
1,075883e+00
1,079323e+00
1,080256e+00
1,078788e+00
1,075054e+00
1,068792e+00
1,060213e+00
1,049218e+00
1,035881e+00
1,020317e+00
1,002316e+00
9,821281e-01
9,598614e-01
9,353230e-01
9,087260e-01
8,800200e-01
8,494463e-01
8,170171e-01
7,826381e-01
7,465106e-01
7,088067e-01
6,694586e-01
6,285521e-01
5,863420e-01
5,427786e-01
4,980432e-01
4,520795e-01
4,052097e-01
3,573334e-01
3,087288e-01
2,593991e-01
2,095095e-01
1,590557e-01
1,083298e-01
5,733107e-02
6,178876e-03
-4,500439e-02
-9,603728e-02
-1,468434e-01
-1,973879e-01
-2,474017e-01
-2,968427e-01
-3,457996e-01
-3,939232e-01
-4,410968e-01
-4,872954e-01
-5,325049e-01
-5,764554e-01
-6,191819e-01
-6,603984e-01
-7,002728e-01
-7,385565e-01
-7,751426e-01
-8,100640e-01
-8,430754e-01
-8,743681e-01
-9,036308e-01
-9,309032e-01
-9,560766e-01
-9,790399e-01
-1,000006e+00
-1,018497e+00
-1,034845e+00
-1,048946e+00
-1,060560e+00
-1,069934e+00
-1,076943e+00
-1,081448e+00
-1,083552e+00
-1,083275e+00
-1,080458e+00
-1,075347e+00
-1,067738e+00
-1,057773e+00
-1,045434e+00
-1,030888e+00
-1,013925e+00
-9,946244e-01
-9,732226e-01
-9,495051e-01
-9,238196e-01
-8,959438e-01
-8,661952e-01
-8,344950e-01
-8,007914e-01
-7,654002e-01
-7,282393e-01
-6,895194e-01
-6,492182e-01
-6,074430e-01
-5,643220e-01
-5,199278e-01
-4,743934e-01
-4,277094e-01
-3,801612e-01
-3,316815e-01
-2,824549e-01
-2,326393e-01
-1,822271e-01
-1,314384e-01
-8,040927e-02
-2,913405e-02
2,221077e-02
7,346176e-02
1,246258e-01
1,754089e-01
2,259266e-01
2,758802e-01
3,251236e-01
3,737648e-01
4,215449e-01
4,684593e-01
5,142423e-01
5,589192e-01
6,023335e-01
6,444113e-01
6,850754e-01
7,241724e-01
7,616782e-01
7,975820e-01
8,315913e-01
8,638272e-01
8,940549e-01
9,223631e-01
9,485774e-01
9,726156e-01
9,945380e-01
1,014263e+00
1,031681e+00
1,046820e+00
1,059682e+00
1,070128e+00
1,078152e+00
1,083767e+00
1,086961e+00
1,087726e+00
1,086085e+00
1,082079e+00
1,075607e+00
1,066640e+00
1,055414e+00
1,041798e+00
1,025795e+00
1,007501e+00
9,870145e-01
9,643365e-01
9,395209e-01
9,125095e-01
8,835159e-01
8,524941e-01
8,195722e-01
7,848695e-01
7,483436e-01
7,102140e-01
6,704360e-01
6,290939e-01
5,865116e-01
5,424934e-01
4,973125e-01
4,510573e-01
4,036339e-01
3,553692e-01
3,063788e-01
2,566526e-01
2,063045e-01
1,555525e-01
1,043518e-01
5,295043e-02
1,491281e-03
-5,004678e-02
-1,014537e-01
-1,525407e-01
-2,033412e-01
-2,536794e-01
-3,035603e-01
-3,526365e-01
-4,010522e-01
-4,485029e-01
-4,948991e-01
-5,404018e-01
-5,844574e-01
-6,272920e-01
-6,688819e-01
-7,087893e-01
-7,471699e-01
-7,838659e-01
-8,189067e-01
-8,520616e-01
-8,833176e-01
-9,125965e-01
-9,398732e-01
-9,650094e-01
-9,879677e-01
-1,008804e+00
-1,027335e+00
-1,043594e+00
-1,057515e+00
-1,069080e+00
-1,078201e+00
-1,085001e+00
-1,089290e+00
-1,091243e+00
-1,090732e+00
-1,087749e+00
-1,082301e+00
-1,074441e+00
-1,064285e+00
-1,051612e+00
-1,036595e+00
-1,019363e+00
-9,998656e-01
-9,780662e-01
-9,540827e-01
-9,279343e-01
-8,996994e-01
-8,695152e-01
-8,374272e-01
-8,032849e-01
-7,674121e-01
-7,300096e-01
-6,907242e-01
-6,499893e-01
-6,077916e-01
-5,642418e-01
-5,194034e-01
-4,734626e-01
-4,264431e-01
-3,783549e-01
-3,295682e-01
-2,799104e-01
-2,296592e-01
-1,789395e-01
-1,277245e-01
-7,627159e-02
-2,459558e-02
2,713324e-02
7,874214e-02
1,301566e-01
1,813553e-01
2,320726e-01
2,823679e-01
3,319592e-01
3,809267e-01
4,289528e-01
4,760077e-01
5,220690e-01
5,668957e-01
6,106076e-01
6,528656e-01
6,936813e-01
7,328958e-01
7,705500e-01
8,064732e-01
8,405893e-01
8,728078e-01
9,030746e-01
9,313698e-01
9,576052e-01
9,816527e-01
1,003555e+00
1,023228e+00
1,040409e+00
1,055610e+00
1,068187e+00
1,078603e+00
1,086430e+00
1,091805e+00
1,094948e+00
1,095463e+00
1,093581e+00
1,089262e+00
1,082521e+00
1,073375e+00
1,061882e+00
1,047866e+00
1,031540e+00
1,012996e+00
9,920755e-01
9,690073e-01
9,437748e-01
9,164259e-01
8,870123e-01
8,556084e-01
8,222447e-01
7,871424e-01
7,502438e-01
7,116451e-01
6,715221e-01
6,297271e-01
5,866968e-01
5,422069e-01
4,966023e-01
4,499246e-01
4,021657e-01
3,534442e-01
3,039561e-01
2,538863e-01
2,031336e-01
1,519125e-01
1,003614e-01
4,864373e-02
-3,293868e-03
-5,511155e-02
-1,068547e-01
-1,584207e-01
-2,095163e-01
-2,601876e-01
-3,102518e-01
-3,597002e-01
-4,083706e-01
-4,561109e-01
-5,027731e-01
-5,484026e-01
-5,927085e-01
-6,357537e-01
-6,774226e-01
-7,174977e-01
-7,560734e-01
-7,928112e-01
-8,279395e-01
-8,611230e-01
-8,924281e-01
-9,217175e-01
-9,490589e-01
-9,741764e-01
-9,971540e-01
-1,017837e+00
-1,036366e+00
-1,052483e+00
-1,066248e+00
-1,077639e+00
-1,086735e+00
-1,093273e+00
-1,097492e+00
-1,099202e+00
-1,098429e+00
-1,095124e+00
-1,089444e+00
-1,081362e+00
-1,070780e+00
-1,057931e+00
-1,042683e+00
-1,025015e+00
-1,005091e+00
-9,828619e-01
-9,585515e-01
-9,321372e-01
-9,035413e-01
-8,729041e-01
-8,403383e-01
-8,058536e-01
-7,696099e-01
-7,316935e-01
-6,919949e-01
-6,509058e-01
-6,082036e-01
-5,641878e-01
-5,190423e-01
-4,725684e-01
-4,250711e-01
-3,766610e-01
-3,273126e-01
-2,772659e-01
-2,266679e-01
-1,755064e-01
-1,238801e-01
-7,201833e-02
-2,004406e-02
3,208865e-02
8,410640e-02
1,358526e-01
1,873242e-01
2,385137e-01
2,890228e-01
3,389664e-01
3,881109e-01
4,364999e-01
4,837760e-01
5,300418e-01
5,751760e-01
6,189271e-01
6,613559e-01
7,023792e-01
7,416782e-01
7,794530e-01
8,155445e-01
8,497290e-01
8,820451e-01
9,123479e-01
9,406139e-01
9,668586e-01
9,909813e-01
1,012673e+00
1,032338e+00
1,049539e+00
1,064488e+00
1,076985e+00
1,087228e+00
1,094889e+00
1,100215e+00
1,103055e+00
1,103373e+00
1,101260e+00
1,096741e+00
1,089664e+00
1,080133e+00
1,068281e+00
1,053988e+00
1,037431e+00
1,018510e+00
9,972609e-01
9,738589e-01
9,481648e-01
9,204263e-01
8,906429e-01
8,587861e-01
8,250669e-01
7,895123e-01
7,521725e-01
7,132047e-01
6,725741e-01
6,304131e-01
5,868776e-01
5,421025e-01
4,960188e-01
4,487272e-01
4,006638e-01
3,514180e-01
3,015209e-01
2,509671e-01
1,998385e-01
1,482396e-01
9,627899e-02
4,418915e-02
-8,106357e-03
-6,042299e-02
-1,123799e-01
-1,642504e-01
-2,157337e-01
-2,667641e-01
-3,171639e-01
-3,668801e-01
-4,157680e-01
-4,637512e-01
-5,106489e-01
-5,564946e-01
-6,011007e-01
-6,442820e-01
-6,861056e-01
-7,263218e-01
-7,650609e-01
-8,019508e-01
-8,371308e-01
-8,704007e-01
-9,018487e-01
-9,310821e-01
-9,583701e-01
-9,835560e-01
-1,006499e+00
-1,027123e+00
-1,045439e+00
-1,061529e+00
-1,075255e+00
-1,086558e+00
-1,095441e+00
-1,101844e+00
-1,105748e+00
-1,107234e+00
-1,106221e+00
-1,102769e+00
-1,096726e+00
-1,088442e+00
-1,077516e+00
-1,064328e+00
-1,048739e+00
-1,030754e+00
-1,010516e+00
-9,879553e-01
-9,632124e-01
-9,364439e-01
-9,073670e-01
-8,763993e-01
-8,433886e-01
-8,084746e-01
-7,717909e-01
-7,333594e-01
-6,933793e-01
-6,517919e-01
-6,086528e-01
-5,642555e-01
-5,186422e-01
-4,716948e-01
-4,238017e-01
-3,749094e-01
-3,251186e-01
-2,746965e-01
-2,236046e-01
-1,720013e-01
-1,200059e-01
-6,782534e-02
-1,534529e-02
3,712421e-02
8,946383e-02
1,416568e-01
1,934074e-01
2,448821e-01
2,956969e-01
3,459767e-01
3,954841e-01
4,440669e-01
4,916568e-01
5,381314e-01
5,834452e-01
6,274771e-01
6,701054e-01
7,111672e-01
7,508154e-01
7,886412e-01
8,246848e-01
8,590303e-01
8,914209e-01
9,217604e-01
9,501016e-01
9,761679e-01
1,000318e+00
1,022124e+00
1,041588e+00
1,058749e+00
1,073562e+00
1,086001e+00
1,096049e+00
1,103494e+00
1,108659e+00
1,111238e+00
1,111343e+00
1,108976e+00
1,104166e+00
1,096848e+00
1,087125e+00
1,074922e+00
1,060282e+00
1,043381e+00
1,024178e+00
1,002467e+00
9,787485e-01
9,526367e-01
9,244950e-01
8,943376e-01
8,620892e-01
8,279414e-01
7,919450e-01
7,541944e-01
7,146581e-01
6,736398e-01
6,310755e-01
5,871162e-01
5,418204e-01
4,953272e-01
4,477125e-01
3,990377e-01
3,495234e-01
2,991194e-01
2,481691e-01
1,966105e-01
1,445574e-01
9,218915e-02
3,963764e-02
-1,296296e-02
-6,562881e-02
-1,180523e-01
-1,702347e-01
-2,220642e-01
-2,733898e-01
-3,241573e-01
-3,741401e-01
-4,233263e-01
-4,714947e-01
-5,187341e-01
-5,647775e-01
-6,095606e-01
-6,529787e-01
-6,949676e-01
-7,353819e-01
-7,741329e-01
-8,111744e-01
-8,464494e-01
-8,798448e-01
-9,112170e-01
-9,405847e-01
-9,678540e-01
-9,929542e-01
-1,015837e+00
-1,036482e+00
-1,054735e+00
-1,070772e+00
-1,084374e+00
-1,095405e+00
-1,104075e+00
-1,110432e+00
-1,114131e+00
-1,115418e+00
-1,114146e+00
-1,110443e+00
-1,104255e+00
-1,095502e+00
-1,084470e+00
-1,070777e+00
-1,054845e+00
-1,036543e+00
-1,015936e+00
-9,931089e-01
-9,679882e-01
-9,406705e-01
-9,112866e-01
-8,798355e-01
-8,464712e-01
-8,111322e-01
-7,740558e-01
-7,351862e-01
-6,946737e-01
-6,526829e-01
-6,090598e-01
-5,642039e-01
-5,181637e-01
-4,707273e-01
-4,224719e-01
-3,730434e-01
-3,228891e-01
-2,721172e-01
-2,205214e-01
-1,684788e-01
-1,160826e-01
-6,340928e-02
-1,066266e-02
4,228715e-02
9,495548e-02
1,474616e-01
1,996770e-01
2,514363e-01
3,026338e-01
3,531354e-01
4,028883e-01
4,517694e-01
4,995935e-01
5,463552e-01
5,918616e-01
6,360675e-01
6,789363e-01
7,201180e-01
7,598849e-01
7,978461e-01
8,341234e-01
8,685005e-01
9,008035e-01
9,312779e-01
9,596346e-01
9,857246e-01
1,009768e+00
1,031496e+00
1,050952e+00
1,067991e+00
1,082811e+00
1,095096e+00
1,104911e+00
1,112357e+00
1,117147e+00
1,119584e+00
1,119520e+00
1,116947e+00
1,111697e+00
1,104147e+00
1,094093e+00
1,081636e+00
1,066750e+00
1,049412e+00
1,029797e+00
1,007758e+00
9,835746e-01
9,572398e-01
9,286868e-01
8,980080e-01
8,653738e-01
8,307817e-01
7,944435e-01
7,561281e-01
7,163028e-01
6,747557e-01
6,317323e-01
5,873722e-01
5,415389e-01
4,945822e-01
4,465599e-01
3,974035e-01
3,473747e-01
2,966438e-01
2,452195e-01
1,932166e-01
1,408105e-01
8,798746e-02
3,500845e-02
-1,797740e-02
-7,087377e-02
-1,237018e-01
-1,763720e-01
-2,285047e-01
-2,800968e-01
-3,311726e-01
-3,814660e-01
-4,309461e-01
-4,794513e-01
-5,268722e-01
-5,731442e-01
-6,181411e-01
-6,617499e-01
-7,039507e-01
-7,444986e-01
-7,833751e-01
-8,205310e-01
-8,558961e-01
-8,893648e-01
-9,207457e-01
-9,501277e-01
-9,775150e-01
-1,002538e+00
-1,025394e+00
-1,046031e+00
-1,064142e+00
-1,080070e+00
-1,093462e+00
-1,104478e+00
-1,112997e+00
-1,119028e+00
-1,122553e+00
-1,123653e+00
-1,122200e+00
-1,118163e+00
-1,111686e+00
-1,102727e+00
-1,091299e+00
-1,077366e+00
-1,061054e+00
-1,042462e+00
-1,021446e+00
-9,981482e-01
-9,727591e-01
-9,450051e-01
-9,151633e-01
-8,833046e-01
-8,494948e-01
-8,137898e-01
-7,762759e-01
-7,368999e-01
-6,960823e-01
-6,534466e-01
-6,095314e-01
-5,641716e-01
-5,175983e-01
-4,697785e-01
-4,209949e-01
-3,712023e-01
-3,205808e-01
-2,693223e-01
-2,174108e-01
-1,648835e-01
-1,120661e-01
-5,903175e-02
-5,847066e-03
4,741405e-02
1,005061e-01
1,533454e-01
2,059217e-01
2,580221e-01
3,095173e-01
3,604098e-01
4,104006e-01
4,595856e-01
5,076999e-01
5,546287e-01
6,004675e-01
6,447505e-01
6,878187e-01
7,291869e-01
7,690929e-01
8,072418e-01
8,434849e-01
8,779938e-01
9,103695e-01
9,408488e-01
9,691719e-01
9,954173e-01
1,019311e+00
1,041042e+00
1,060427e+00
1,077363e+00
1,091939e+00
1,104147e+00
1,113818e+00
1,121122e+00
1,125716e+00
1,127946e+00
1,127636e+00
1,124746e+00
1,119363e+00
1,111564e+00
1,101097e+00
1,088354e+00
1,073052e+00
1,055490e+00
1,035444e+00
1,013076e+00
9,885195e-01
9,617522e-01
9,327778e-01
9,018095e-01
8,686124e-01
8,337369e-01
7,967761e-01
7,582227e-01
7,177842e-01
6,757947e-01
6,323530e-01
5,875040e-01
5,413128e-01
4,938105e-01
4,452413e-01
3,957736e-01
3,453168e-01
2,941695e-01
2,422555e-01
1,898625e-01
1,370158e-01
8,382803e-02
3,043457e-02
-2,297319e-02
-7,638840e-02
-1,295290e-01
-1,824956e-01
-2,349675e-01
-2,869449e-01
-3,383140e-01
-3,889796e-01
-4,386461e-01
-4,874440e-01
-5,351165e-01
-5,815258e-01
-6,268191e-01
-6,705702e-01
-7,128928e-01
-7,536277e-01
-7,926738e-01
-8,299080e-01
-8,653322e-01
-8,988506e-01
-9,303688e-01
-9,598452e-01
-9,870021e-01
-1,012180e+00
-1,034916e+00
-1,055425e+00
-1,073628e+00
-1,089337e+00
-1,102573e+00
-1,113504e+00
-1,121904e+00
-1,127779e+00
-1,131123e+00
-1,131916e+00
-1,130228e+00
-1,125940e+00
-1,119185e+00
-1,109913e+00
-1,098092e+00
-1,083911e+00
-1,067356e+00
-1,048329e+00
-1,026948e+00
-1,003279e+00
-9,773268e-01
-9,493155e-01
-9,190233e-01
-8,868377e-01
-8,525749e-01
-8,163945e-01
-7,784538e-01
-7,386963e-01
-6,972753e-01
-6,543364e-01
-6,098303e-01
-5,641325e-01
-5,170552e-01
-4,689353e-01
-4,195496e-01
-3,693121e-01
-3,183333e-01
-2,664864e-01
-2,140598e-01
-1,612491e-01
-1,080290e-01
-5,457096e-02
-9,270799e-04
5,269629e-02
1,062010e-01
1,594851e-01
2,122566e-01
2,647273e-01
3,165717e-01
3,676562e-01
4,180447e-01
4,673949e-01
5,158336e-01
5,629600e-01
6,090151e-01
6,535572e-01
6,967204e-01
7,384701e-01
7,782625e-01
8,165710e-01
8,529937e-01
8,874802e-01
9,200193e-01
9,504955e-01
9,788305e-01
1,005063e+00
1,028920e+00
1,050586e+00
1,069878e+00
1,086715e+00
1,101244e+00
1,113255e+00
1,122796e+00
1,129861e+00
1,134372e+00
1,136281e+00
1,135697e+00
1,132638e+00
1,126940e+00
1,118820e+00
1,108198e+00
1,094895e+00
1,079404e+00
1,061434e+00
1,041087e+00
1,018420e+00
9,934140e-01
9,661683e-01
9,368062e-01
9,054346e-01
8,719174e-01
8,364405e-01
7,991982e-01
7,599924e-01
7,192469e-01
6,768243e-01
6,328861e-01
5,875835e-01
5,409325e-01
4,930412e-01
4,439967e-01
3,939611e-01
3,431581e-01
2,915281e-01
2,391829e-01
1,863362e-01
1,330583e-01
7,950704e-02
2,562332e-02
-2,812308e-02
-8,179927e-02
-1,353388e-01
-1,886179e-01
-2,414993e-01
-2,937725e-01
-3,456119e-01
-3,963876e-01
-4,463871e-01
-4,954857e-01
-5,433552e-01
-5,900634e-01
-6,354642e-01
-6,795328e-01
-7,220337e-01
-7,627886e-01
-8,020565e-01
-8,393820e-01
-8,748931e-01
-9,084339e-01
-9,400323e-01
-9,694534e-01
-9,967327e-01
-1,021742e+00
-1,044552e+00
-1,064881e+00
-1,082939e+00
-1,098638e+00
-1,111817e+00
-1,122464e+00
-1,130737e+00
-1,136443e+00
-1,139488e+00
-1,140109e+00
-1,138158e+00
-1,133655e+00
-1,126598e+00
-1,116969e+00
-1,104971e+00
-1,090437e+00
-1,073444e+00
-1,054072e+00
-1,032331e+00
-1,008332e+00
-9,820653e-01
-9,534874e-01
-9,228832e-01
-8,901924e-01
-8,555469e-01
-8,189378e-01
-7,805031e-01
-7,403578e-01
-6,984224e-01
-6,550484e-01
-6,101988e-01
-5,638510e-01
-5,165096e-01
-4,677068e-01
-4,179900e-01
-3,673560e-01
-3,158360e-01
-2,636784e-01
-2,107957e-01
-1,576247e-01
-1,038870e-01
-4,997532e-02
4,046343e-03
5,801209e-02
1,118747e-01
1,654645e-01
2,187492e-01
2,714785e-01
3,236509e-01
3,750579e-01
4,257273e-01
4,753540e-01
5,239611e-01
5,714391e-01
6,176378e-01
6,624036e-01
7,057694e-01
7,474165e-01
7,876358e-01
8,259033e-01
8,624646e-01
8,970623e-01
9,295940e-01
9,601230e-01
9,885083e-01
1,014558e+00
1,038532e+00
1,060069e+00
1,079348e+00
1,096051e+00
1,110534e+00
1,122330e+00
1,131733e+00
1,138628e+00
1,142896e+00
1,144649e+00
1,143856e+00
1,140505e+00
1,134489e+00
1,126088e+00
1,115093e+00
1,101626e+00
1,085724e+00
1,067388e+00
1,046625e+00
1,023601e+00
9,981873e-01
9,706154e-01
9,408333e-01
9,089559e-01
8,749826e-01
8,392018e-01
8,012978e-01
7,619112e-01
7,205604e-01
6,778060e-01
6,333801e-01
5,875201e-01
5,405180e-01
4,920837e-01
4,426589e-01
3,922766e-01
3,409349e-01
2,888562e-01
2,360326e-01
1,828162e-01
1,291294e-01
7,517363e-02
2,095747e-02
-3,335810e-02
-8,740214e-02
-1,413635e-01
-1,949446e-01
-2,481057e-01
-3,007685e-01
-3,527085e-01
-4,039595e-01
-4,542443e-01
-5,034939e-01
-5,517020e-01
-5,985916e-01
-6,442112e-01
-6,884252e-01
-7,310156e-01
-7,719885e-01
-8,113540e-01
-8,488622e-01
-8,843777e-01
-9,180614e-01
-9,495647e-01
-9,790523e-01
-1,006381e+00
-1,031287e+00
-1,054058e+00
-1,074382e+00
-1,092374e+00
-1,107928e+00
-1,120933e+00
-1,131417e+00
-1,139606e+00
-1,144962e+00
-1,147941e+00
-1,148280e+00
-1,146124e+00
-1,141279e+00
-1,133995e+00
-1,124070e+00
-1,111742e+00
-1,096846e+00
-1,079467e+00
-1,059827e+00
-1,037762e+00
-1,013198e+00
-9,865590e-01
-9,576537e-01
-9,266692e-01
-8,935634e-01
-8,584201e-01
-8,213487e-01
-7,824262e-01
-7,418472e-01
-6,995638e-01
-6,556300e-01
-6,103808e-01
-5,635913e-01
-5,157112e-01
-4,665753e-01
-4,163117e-01
-3,652782e-01
-3,133605e-01
-2,607052e-01
-2,074136e-01
-1,537300e-01
-9,970894e-02
-4,538653e-02
9,036544e-03
6,347328e-02
1,176553e-01
1,715744e-01
2,251381e-01
2,782948e-01
3,307227e-01
3,824739e-01
4,334136e-01
4,833019e-01
5,321507e-01
5,798419e-01
6,262630e-01
6,712363e-01
7,147370e-01
7,566743e-01
7,968034e-01
8,353040e-01
8,719137e-01
9,066152e-01
9,391469e-01
9,697194e-01
9,981364e-01
1,024204e+00
1,048043e+00
1,069543e+00
1,088768e+00
1,105371e+00
1,119629e+00
1,131341e+00
1,140599e+00
1,147228e+00
1,151357e+00
1,152830e+00
1,151800e+00
1,148131e+00
1,141984e+00
1,133228e+00
1,121951e+00
1,108095e+00
1,091862e+00
1,073206e+00
1,052093e+00
1,028675e+00
1,002899e+00
9,748593e-01
9,446578e-01
9,123958e-01
8,780447e-01
8,417544e-01
8,035067e-01
7,635267e-01
7,218634e-01
6,785846e-01
6,337039e-01
5,875220e-01
5,398724e-01
4,911896e-01
4,412024e-01
3,903168e-01
3,385196e-01
2,860414e-01
2,329034e-01
1,791228e-01
1,250048e-01
7,056743e-02
1,598343e-02
-3,859312e-02
-9,304788e-02
-1,473094e-01
-2,012447e-01
-2,547736e-01
-3,076837e-01
-3,599624e-01
-4,114514e-01
-4,620462e-01
-5,115636e-01
-5,599817e-01
-6,071516e-01
-6,529414e-01
-6,973020e-01
-7,399968e-01
-7,812748e-01
-8,206204e-01
-8,582399e-01
-8,938542e-01
-9,275323e-01
-9,591052e-01
-9,886263e-01
-1,015852e+00
-1,040829e+00
-1,063597e+00
-1,083787e+00
-1,101693e+00
-1,117060e+00
-1,129984e+00
-1,140367e+00
-1,148215e+00
-1,153578e+00
-1,156152e+00
-1,156339e+00
-1,153821e+00
-1,148887e+00
-1,141189e+00
-1,131039e+00
-1,118268e+00
-1,103025e+00
-1,085419e+00
-1,065327e+00
-1,042849e+00
-1,017995e+00
-9,910018e-01
-9,616180e-01
-9,301370e-01
-8,966516e-01
-8,611696e-01
-8,236167e-01
-7,843314e-01
-7,432764e-01
-7,005083e-01
-6,561663e-01
-6,104194e-01
-5,632874e-01
-5,147487e-01
-4,652848e-01
-4,146638e-01
-3,630469e-01
-3,107035e-01
-2,576704e-01
-2,039650e-01
-1,497719e-01
-9,528418e-02
-4,067967e-02
1,411436e-02
6,888042e-02
1,234588e-01
1,777875e-01
2,316880e-01
2,851262e-01
3,379150e-01
3,898719e-01
4,410862e-01
4,912716e-01
5,404286e-01
5,883422e-01
6,348497e-01
6,799864e-01
7,237499e-01
7,656860e-01
8,061370e-01
8,446288e-01
8,813063e-01
9,160395e-01
9,487022e-01
9,791666e-01
1,007560e+00
1,033728e+00
1,057527e+00
1,078954e+00
1,097981e+00
1,114496e+00
1,128607e+00
1,140231e+00
1,149401e+00
1,155737e+00
1,159688e+00
1,161013e+00
1,159638e+00
1,155747e+00
1,149303e+00
1,140271e+00
1,128623e+00
1,114476e+00
1,097932e+00
1,078803e+00
1,057374e+00
1,033514e+00
1,007379e+00
9,790256e-01
9,484146e-01
9,156642e-01
8,808999e-01
8,441939e-01
8,055616e-01
7,651044e-01
7,230123e-01
6,791886e-01
6,338741e-01
5,871852e-01
5,391392e-01
4,899624e-01
4,396018e-01
3,883272e-01
3,360913e-01
2,831055e-01
2,295293e-01
1,754070e-01
1,208945e-01
6,609483e-02
1,114609e-02
-4,378713e-02
-9,870046e-02
-1,533398e-01
-2,076578e-01
-2,614210e-01
-3,146796e-01
-3,672349e-01
-4,190668e-01
-4,698729e-01
-5,196643e-01
-5,682621e-01
-6,156718e-01
-6,616871e-01
-7,061267e-01
-7,491185e-01
-7,903400e-01
-8,298875e-01
-8,674877e-01
-9,032909e-01
-9,369466e-01
-9,686015e-01
-9,981625e-01
-1,025310e+00
-1,050220e+00
-1,072918e+00
-1,093087e+00
-1,110881e+00
-1,126123e+00
-1,138906e+00
-1,149075e+00
-1,156704e+00
-1,161873e+00
-1,164363e+00
-1,164238e+00
-1,161507e+00
-1,156199e+00
-1,148270e+00
-1,137768e+00
-1,124748e+00
-1,109186e+00
-1,091143e+00
-1,070722e+00
-1,047895e+00
-1,022636e+00
-9,951992e-01
-9,654357e-01
-9,336030e-01
-8,996509e-01
-8,636818e-01
-8,257666e-01
-7,860445e-01
-7,445123e-01
-7,013012e-01
-6,565205e-01
-6,103622e-01
-5,627083e-01
-5,138371e-01
-4,638649e-01
-4,127755e-01
-3,607994e-01
-3,080099e-01
-2,544971e-01
-2,004071e-01
-1,458840e-01
-9,098556e-02
-3,589390e-02
1,925058e-02
7,437144e-02
1,293463e-01
1,840185e-01
2,381918e-01
2,919929e-01
3,449812e-01
3,973233e-01
4,487955e-01
4,992394e-01
5,485480e-01
5,966865e-01
6,434046e-01
6,887968e-01
7,326995e-01
7,747859e-01
8,152817e-01
8,538897e-01
8,905640e-01
9,255091e-01
9,580302e-01
9,886294e-01
1,016953e+00
1,043013e+00
1,066875e+00
1,088178e+00
1,107144e+00
1,123564e+00
1,137549e+00
1,149004e+00
1,157856e+00
1,164099e+00
1,167761e+00
1,168853e+00
1,167287e+00
1,163183e+00
1,156401e+00
1,147027e+00
1,135141e+00
1,120706e+00
1,103672e+00
1,084307e+00
1,062384e+00
1,038205e+00
1,011767e+00
9,830173e-01
9,518725e-01
9,188269e-01
8,835811e-01
8,463966e-01
8,073909e-01
7,665615e-01
7,239649e-01
6,797260e-01
6,339847e-01
5,867968e-01
5,383930e-01
4,886432e-01
4,378912e-01
3,861946e-01
3,335506e-01
2,801248e-01
2,260404e-01
1,715210e-01
1,166443e-01
6,150604e-02
6,161477e-03
-4,923279e-02
-1,043990e-01
-1,593819e-01
-2,140722e-01
-2,681529e-01
-3,217694e-01
-3,745658e-01
-4,266419e-01
-4,776804e-01
-5,277129e-01
-5,765275e-01
-6,241137e-01
-6,702421e-01
-7,150011e-01
-7,580879e-01
-7,993933e-01
-8,389992e-01
-8,767821e-01
-9,126076e-01
-9,463640e-01
-9,779867e-01
-1,007477e+00
-1,034632e+00
-1,059572e+00
-1,082040e+00
-1,102185e+00
-1,119802e+00
-1,135047e+00
-1,147569e+00
-1,157703e+00
-1,165123e+00
-1,169998e+00
-1,172288e+00
-1,171854e+00
-1,168909e+00
-1,163276e+00
-1,155055e+00
-1,144342e+00
-1,130927e+00
-1,115121e+00
-1,096713e+00
-1,075813e+00
-1,052660e+00
-1,027121e+00
-9,991697e-01
-9,690831e-01
-9,368024e-01
-9,024601e-01
-8,660163e-01
-8,276885e-01
-7,875904e-01
-7,455139e-01
-7,020027e-01
-6,567616e-01
-6,100633e-01
-5,620565e-01
-5,127069e-01
-4,622686e-01
-4,107766e-01
-3,582884e-01
-3,050926e-01
-2,512107e-01
-1,967311e-01
-1,417761e-01
-8,647754e-02
-3,105842e-02
2,447566e-02
7,996996e-02
1,352679e-01
1,901931e-01
2,447336e-01
2,987627e-01
3,521574e-01
4,047530e-01
4,564483e-01
5,071525e-01
5,567009e-01
6,049799e-01
6,519808e-01
6,975419e-01
7,414135e-01
7,837460e-01
8,243344e-01
8,630207e-01
8,998013e-01
9,346345e-01
9,673899e-01
9,978698e-01
1,026229e+00
1,052190e+00
1,076006e+00
1,097234e+00
1,116015e+00
1,132463e+00
1,146147e+00
1,157554e+00
1,166151e+00
1,172237e+00
1,175695e+00
1,176482e+00
1,174700e+00
1,170236e+00
1,163286e+00
1,153586e+00
1,141313e+00
1,126643e+00
1,109377e+00
1,089536e+00
1,067327e+00
1,042763e+00
1,015803e+00
9,865914e-01
9,551974e-01
9,216927e-01
8,860082e-01
8,484627e-01
8,089679e-01
7,676563e-01
7,246956e-01
6,800001e-01
6,338275e-01
5,862513e-01
5,374311e-01
4,871991e-01
4,359892e-01
3,838714e-01
3,307911e-01
2,770397e-01
2,226123e-01
1,676051e-01
1,123848e-01
5,679048e-02
1,087393e-03
-5,459830e-02
-1,102405e-01
-1,655235e-01
-2,205052e-01
-2,748780e-01
-3,287225e-01
-3,819128e-01
-4,342251e-01
-4,855364e-01
-5,357285e-01
-5,847917e-01
-6,324624e-01
-6,788785e-01
-7,236673e-01
-7,668728e-01
-8,083428e-01
-8,480277e-01
-8,857938e-01
-9,218250e-01
-9,554727e-01
-9,871655e-01
-1,016518e+00
-1,043710e+00
-1,068664e+00
-1,091059e+00
-1,111105e+00
-1,128615e+00
-1,143666e+00
-1,156136e+00
-1,165938e+00
-1,173299e+00
-1,177901e+00
-1,179871e+00
-1,179349e+00
-1,176061e+00
-1,170233e+00
-1,161680e+00
-1,150577e+00
-1,136909e+00
-1,120756e+00
-1,102005e+00
-1,080755e+00
-1,057205e+00
-1,031275e+00
-1,002933e+00
-9,724037e-01
-9,398378e-01
-9,050263e-01
-8,681252e-01
-8,293767e-01
-7,888680e-01
-7,463310e-01
-7,023221e-01
-6,567765e-01
-6,095501e-01
-5,611567e-01
-5,113728e-01
-4,605226e-01
-4,086676e-01
-3,557495e-01
-3,020988e-01
-2,477559e-01
-1,929010e-01
-1,375595e-01
-8,189247e-02
-2,609929e-02
2,978648e-02
8,556227e-02
1,411777e-01
1,965353e-01
2,512747e-01
3,057251e-01
3,593342e-01
4,121628e-01
4,641079e-01
5,149755e-01
5,647427e-01
6,132453e-01
6,603947e-01
7,061105e-01
7,501276e-01
7,925508e-01
8,332454e-01
8,719764e-01
9,088937e-01
9,437021e-01
9,764674e-01
1,006942e+00
1,035274e+00
1,061259e+00
1,084890e+00
1,106085e+00
1,124749e+00
1,141074e+00
1,154672e+00
1,165802e+00
1,174319e+00
1,180117e+00
1,183370e+00
1,183911e+00
1,181877e+00
1,177214e+00
1,169859e+00
1,159959e+00
1,147354e+00
1,132265e+00
1,114621e+00
1,094466e+00
1,071957e+00
1,046896e+00
1,019592e+00
9,900984e-01
9,582241e-01
9,242713e-01
8,882351e-01
8,502037e-01
8,103847e-01
7,685499e-01
7,252269e-01
6,800572e-01
6,334920e-01
5,855355e-01
5,362033e-01
4,856345e-01
4,340306e-01
3,814524e-01
3,279272e-01
2,736998e-01
2,188959e-01
1,635954e-01
1,079073e-01
5,202149e-02
-4,060635e-03
-6,011355e-02
-1,160080e-01
-1,716887e-01
-2,268755e-01
-2,816322e-01
-3,357328e-01
-3,891486e-01
-4,417026e-01
-4,931841e-01
-5,436740e-01
-5,928900e-01
-6,408222e-01
-6,873105e-01
-7,322558e-01
-7,755788e-01
-8,171364e-01
-8,569505e-01
-8,948278e-01
-9,306758e-01
-9,644968e-01
-9,960803e-01
-1,025531e+00
-1,052618e+00
-1,077339e+00
-1,099845e+00
-1,119722e+00
-1,137182e+00
-1,151993e+00
-1,164296e+00
-1,174010e+00
-1,181095e+00
-1,185656e+00
-1,187292e+00
-1,186454e+00
-1,182973e+00
-1,176805e+00
-1,167960e+00
-1,156597e+00
-1,142604e+00
-1,125991e+00
-1,106941e+00
-1,085466e+00
-1,061401e+00
-1,035137e+00
-1,006536e+00
-9,755615e-01
-9,424786e-01
-9,073043e-01
-8,700490e-01
-8,309358e-01
-7,898603e-01
-7,470046e-01
-7,025141e-01
-6,565348e-01
-6,089529e-01
-5,600445e-01
-5,099766e-01
-4,585522e-01
-4,063095e-01
-3,530801e-01
-2,989224e-01
-2,442135e-01
-1,889416e-01
-1,332982e-01
-7,729125e-02
-2,110039e-02
3,511036e-02
9,119869e-02
1,471833e-01
2,028373e-01
2,579873e-01
3,125595e-01
3,665197e-01
4,195683e-01
4,716569e-01
5,227705e-01
5,727160e-01
6,213877e-01
6,687676e-01
7,144723e-01
7,587316e-01
8,013407e-01
8,419197e-01
8,808204e-01
9,176966e-01
9,525808e-01
9,852691e-01
1,015849e+00
1,044042e+00
1,070041e+00
1,093557e+00
1,114653e+00
1,133217e+00
1,149347e+00
1,162787e+00
1,173779e+00
1,181995e+00
1,187783e+00
1,190693e+00
1,190994e+00
1,188727e+00
1,183843e+00
1,176120e+00
1,165910e+00
1,152992e+00
1,137584e+00
1,119678e+00
1,099127e+00
1,076154e+00
1,050861e+00
1,023172e+00
9,931797e-01
9,610128e-01
9,265797e-01
8,902297e-01
8,518168e-01
8,114602e-01
7,693204e-01
7,254612e-01
6,799839e-01
6,329495e-01
5,845015e-01
5,347424e-01
4,838456e-01
4,318142e-01
3,787830e-01
3,249633e-01
2,704184e-01
2,151521e-01
1,594727e-01
1,033955e-01
4,713940e-02
-9,249673e-03
-6,565863e-02
-1,218259e-01
-1,778869e-01
-2,332793e-01
-2,882709e-01
-3,426946e-01
-3,963733e-01
-4,491528e-01
-5,009158e-01
-5,514870e-01
-6,009205e-01
-6,490262e-01
-6,956480e-01
-7,407412e-01
-7,841052e-01
-8,258188e-01
-8,656068e-01
-9,035860e-01
-9,393942e-01
-9,732382e-01
-1,004896e+00
-1,034261e+00
-1,061246e+00
-1,086038e+00
-1,108299e+00
-1,128080e+00
-1,145361e+00
-1,160032e+00
-1,172269e+00
-1,181736e+00
-1,188625e+00
-1,192854e+00
-1,194475e+00
-1,193339e+00
-1,189523e+00
-1,183102e+00
-1,173937e+00
-1,162225e+00
-1,147965e+00
-1,131077e+00
-1,111676e+00
-1,089758e+00
-1,065471e+00
-1,038692e+00
-1,009622e+00
-9,783508e-01
-9,448752e-01
-9,092411e-01
-8,716589e-01
-8,320480e-01
-7,906270e-01
-7,473550e-01
-7,025035e-01
-6,560240e-01
-6,080650e-01
-5,588738e-01
-5,082144e-01
-4,565670e-01
-4,038607e-01
-3,501547e-01
-2,957279e-01
-2,406506e-01
-1,849562e-01
-1,289070e-01
-7,259558e-02
-1,605675e-02
4,058274e-02
9,697803e-02
1,532192e-01
2,090708e-01
2,645533e-01
3,193051e-01
3,735517e-01
4,268961e-01
4,792065e-01
5,305383e-01
5,806677e-01
6,294450e-01
6,769411e-01
7,227719e-01
7,671412e-01
8,097067e-01
8,505399e-01
8,894866e-01
9,262734e-01
9,612526e-01
9,939626e-01
1,024382e+00
1,052674e+00
1,078441e+00
1,101921e+00
1,122860e+00
1,141376e+00
1,157362e+00
1,170691e+00
1,181470e+00
1,189583e+00
1,194966e+00
1,197751e+00
1,197843e+00
1,195294e+00
1,190018e+00
1,182116e+00
1,171533e+00
1,158286e+00
1,142618e+00
1,124270e+00
1,103403e+00
1,080132e+00
1,054347e+00
1,026366e+00
9,961039e-01
9,633827e-01
9,287284e-01
8,918092e-01
8,530645e-01
8,123028e-01
7,697709e-01
7,255301e-01
6,796310e-01
6,321977e-01
5,833433e-01
5,331878e-01
4,819212e-01
4,294586e-01
3,761043e-01
3,217464e-01
2,668810e-01
2,112953e-01
1,551778e-01
9,887195e-02
4,221010e-02
-1,452446e-02
-7,121801e-02
-1,277214e-01
-1,839527e-01
-2,397458e-01
-2,950444e-01
-3,496949e-01
-4,035861e-01
-4,565098e-01
-5,084132e-01
-5,592467e-01
-6,088846e-01
-6,569977e-01
-7,037512e-01
-7,489476e-01
-7,924992e-01
-8,342166e-01
-8,741158e-01
-9,120031e-01
-9,479516e-01
-9,818025e-01
-1,013356e+00
-1,042626e+00
-1,069614e+00
-1,094220e+00
-1,116548e+00
-1,136131e+00
-1,153297e+00
-1,167852e+00
-1,179769e+00
-1,189102e+00
-1,195819e+00
-1,199809e+00
-1,201107e+00
-1,199765e+00
-1,195648e+00
-1,188946e+00
-1,179568e+00
-1,167584e+00
-1,152871e+00
-1,135658e+00
-1,116036e+00
-1,093680e+00
-1,068961e+00
-1,041986e+00
-1,012540e+00
-9,808518e-01
-9,469804e-01
-9,109958e-01
-8,729775e-01
-8,328719e-01
-7,911297e-01
-7,474700e-01
-7,021692e-01
-6,553510e-01
-6,069608e-01
-5,573142e-01
-5,063093e-01
-4,541679e-01
-4,011746e-01
-3,471212e-01
-2,922396e-01
-2,367726e-01
-1,808166e-01
-1,244611e-01
-6,775450e-02
-1,089195e-02
4,594389e-02
1,026666e-01
1,591893e-01
2,153193e-01
2,710130e-01
3,261470e-01
3,804942e-01
4,340480e-01
4,866548e-01
5,380953e-01
5,884211e-01
6,373215e-01
6,849698e-01
7,309764e-01
7,753781e-01
8,179883e-01
8,588911e-01
8,977756e-01
9,347644e-01
9,695957e-01
1,002260e+00
1,032701e+00
1,060833e+00
1,086723e+00
1,109963e+00
1,130842e+00
1,149181e+00
1,164950e+00
1,178246e+00
1,188700e+00
1,196587e+00
1,201852e+00
1,204427e+00
1,204194e+00
1,201356e+00
1,195816e+00
1,187665e+00
1,176822e+00
1,163240e+00
1,147220e+00
1,128586e+00
1,107373e+00
1,083774e+00
1,057652e+00
1,029218e+00
9,984968e-01
9,655301e-01
9,303974e-01
8,931303e-01
8,538984e-01
8,128869e-01
7,698324e-01
7,253027e-01
6,789065e-01
6,311146e-01
5,818837e-01
5,314094e-01
4,796247e-01
4,267960e-01
3,730720e-01
3,185389e-01
2,631248e-01
2,072626e-01
1,508717e-01
9,408246e-02
3,717019e-02
-1,980049e-02
-7,680285e-02
-1,335884e-01
-1,900974e-01
-2,461584e-01
-3,016626e-01
-3,564983e-01
-4,106399e-01
-4,638096e-01
-5,159361e-01
-5,668963e-01
-6,165721e-01
-6,648971e-01
-7,117494e-01
-7,570030e-01
-8,006099e-01
-8,424149e-01
-8,823259e-01
-9,202915e-01
-9,561935e-01
-9,899561e-01
-1,021488e+00
-1,050766e+00
-1,077741e+00
-1,102172e+00
-1,124324e+00
-1,143799e+00
-1,160805e+00
-1,175175e+00
-1,187010e+00
-1,196116e+00
-1,202593e+00
-1,206425e+00
-1,207417e+00
-1,205786e+00
-1,201469e+00
-1,194418e+00
-1,184849e+00
-1,172421e+00
-1,157529e+00
-1,139881e+00
-1,119811e+00
-1,097281e+00
-1,072151e+00
-1,044760e+00
-1,014968e+00
-9,827855e-01
-9,486973e-01
-9,123374e-01
-8,738722e-01
-8,334902e-01
-7,912646e-01
-7,472637e-01
-7,015006e-01
-6,543569e-01
-6,055802e-01
-5,555017e-01
-5,042401e-01
-4,516787e-01
-3,982231e-01
-3,438758e-01
-2,887288e-01
-2,328617e-01
-1,765764e-01
-1,198791e-01
-6,292337e-02
-5,747026e-03
5,141565e-02
1,083708e-01
1,652079e-01
2,216759e-01
2,775971e-01
3,328782e-01
3,875119e-01
4,411645e-01
4,939124e-01
5,455871e-01
5,959782e-01
6,451010e-01
6,927574e-01
7,388852e-01
7,833645e-01
8,261208e-01
8,668887e-01
9,058702e-01
9,428776e-01
9,776555e-01
1,010316e+00
1,040716e+00
1,068727e+00
1,094490e+00
1,117719e+00
1,138404e+00
1,156677e+00
1,172255e+00
1,185326e+00
1,195659e+00
1,203284e+00
1,208354e+00
1,210581e+00
1,210213e+00
1,207047e+00
1,201299e+00
1,192763e+00
1,181664e+00
1,167852e+00
1,151393e+00
1,132419e+00
1,110997e+00
1,086904e+00
1,060409e+00
1,031726e+00
1,000557e+00
9,672855e-01
9,317103e-01
8,941661e-01
8,545831e-01
8,130056e-01
7,697255e-01
7,245975e-01
6,780049e-01
6,298464e-01
5,801737e-01
5,293098e-01
4,772125e-01
4,240067e-01
3,699273e-01
3,150251e-01
2,594214e-01
2,030678e-01
1,464171e-01
8,934577e-02
3,210977e-02
-2,519768e-02
-8,239951e-02
-1,395044e-01
-1,962992e-01
-2,525373e-01
-3,083218e-01
-3,632991e-01
-4,175824e-01
-4,709243e-01
-5,232192e-01
-5,743061e-01
-6,241460e-01
-6,725679e-01
-7,195532e-01
-7,648099e-01
-8,084988e-01
-8,502876e-01
-8,902198e-01
-9,282792e-01
-9,641041e-01
-9,978648e-01
-1,029256e+00
-1,058563e+00
-1,085340e+00
-1,109769e+00
-1,131694e+00
-1,151100e+00
-1,167990e+00
-1,182180e+00
-1,193765e+00
-1,202712e+00
-1,208955e+00
-1,212484e+00
-1,213380e+00
-1,211462e+00
-1,206841e+00
-1,199492e+00
-1,189497e+00
-1,176904e+00
-1,161636e+00
-1,143747e+00
-1,123350e+00
-1,100372e+00
-1,075011e+00
-1,047183e+00
-1,017034e+00
-9,846129e-01
-9,499761e-01
-9,132290e-01
-8,744973e-01
-8,337363e-01
-7,911248e-01
-7,467144e-01
-7,007245e-01
-6,530613e-01
-6,040081e-01
-5,535537e-01
-5,017397e-01
-4,489969e-01
-3,951672e-01
-3,404670e-01
-2,850205e-01
-2,288819e-01
-1,721877e-01
-1,151157e-01
-5,787477e-02
-4,915015e-04
5,695638e-02
1,142154e-01
1,712737e-01
2,278243e-01
2,840357e-01
3,396431e-01
3,943774e-01
4,482152e-01
5,011190e-01
5,528882e-01
6,034625e-01
6,526009e-01
7,003474e-01
7,466019e-01
7,910552e-01
8,338239e-01
8,747682e-01
9,136012e-01
9,506552e-01
9,853722e-01
1,017978e+00
1,048316e+00
1,076316e+00
1,101877e+00
1,124959e+00
1,145641e+00
1,163654e+00
1,179103e+00
1,191910e+00
1,202063e+00
1,209544e+00
1,214308e+00
1,216442e+00
1,215722e+00
1,212350e+00
1,206298e+00
1,197518e+00
1,186021e+00
1,171871e+00
1,155212e+00
1,135884e+00
1,114008e+00
1,089646e+00
1,062867e+00
1,033673e+00
1,002328e+00
9,685804e-01
9,327443e-01
8,947458e-01
8,548224e-01
8,129180e-01
7,692284e-01
7,238319e-01
6,767789e-01
6,281793e-01
5,782767e-01
5,269977e-01
4,745667e-01
4,210583e-01
3,667135e-01
3,113435e-01
2,554018e-01
1,988052e-01
1,417413e-01
8,445499e-02
2,698722e-02
-3,062968e-02
-8,805271e-02
-1,453869e-01
-2,023930e-01
-2,588871e-01
-3,148120e-01
-3,700814e-01
-4,244460e-01
-4,779345e-01
-5,303537e-01
-5,815674e-01
-6,315713e-01
-6,800026e-01
-7,270084e-01
-7,724365e-01
-8,161398e-01
-8,579217e-01
-8,979235e-01
-9,358549e-01
-9,716823e-01
-1,005381e+00
-1,036832e+00
-1,065891e+00
-1,092623e+00
-1,116907e+00
-1,138740e+00
-1,158045e+00
-1,174723e+00
-1,188684e+00
-1,200157e+00
-1,208845e+00
-1,214903e+00
-1,218162e+00
-1,218678e+00
-1,216571e+00
-1,211693e+00
-1,204100e+00
-1,193808e+00
-1,180866e+00
-1,165291e+00
-1,147107e+00
-1,126348e+00
-1,103028e+00
-1,077323e+00
-1,049241e+00
-1,018732e+00
-9,859482e-01
-9,509479e-01
-9,138479e-01
-8,747508e-01
-8,335586e-01
-7,906799e-01
-7,459135e-01
-6,994812e-01
-6,514955e-01
-6,021191e-01
-5,512553e-01
-4,992356e-01
-4,461504e-01
-3,920032e-01
-3,368556e-01
-2,810954e-01
-2,247144e-01
-1,677468e-01
-1,104872e-01
-5,290631e-02
4,797576e-03
6,254123e-02
1,200861e-01
1,772114e-01
2,340765e-01
2,904152e-01
3,461171e-01
4,010627e-01
4,550602e-01
5,081547e-01
5,599867e-01
6,106319e-01
6,599187e-01
7,077422e-01
7,539682e-01
7,985638e-01
8,413256e-01
8,822035e-01
9,211844e-01
9,580352e-01
9,928212e-01
1,025292e+00
1,055529e+00
1,083412e+00
1,108917e+00
1,131850e+00
1,152325e+00
1,170222e+00
1,185451e+00
1,198063e+00
1,208139e+00
1,215310e+00
1,219811e+00
1,221709e+00
1,220766e+00
1,217079e+00
1,210786e+00
1,201628e+00
1,189967e+00
1,175453e+00
1,158447e+00
1,138801e+00
1,116639e+00
1,091921e+00
1,064803e+00
1,035392e+00
1,003585e+00
9,695181e-01
9,332383e-01
8,949807e-01
8,546248e-01
8,124569e-01
7,683541e-01
7,225780e-01
6,752510e-01
6,263593e-01
5,761236e-01
5,244520e-01
4,717203e-01
4,178620e-01
3,631158e-01
3,075886e-01
2,512759e-01
1,944556e-01
1,371904e-01
7,960522e-02
2,184851e-02
-3,601817e-02
-9,372517e-02
-1,512414e-01
-2,083736e-01
-2,651424e-01
-3,212214e-01
-3,765908e-01
-4,312481e-01
-4,848442e-01
-5,373565e-01
-5,886728e-01
-6,386512e-01
-6,872514e-01
-7,344088e-01
-7,797687e-01
-8,235235e-01
-8,652793e-01
-9,051823e-01
-9,431497e-01
-9,788485e-01
-1,012463e+00
-1,043849e+00
-1,072919e+00
-1,099447e+00
-1,123688e+00
-1,145362e+00
-1,164394e+00
-1,180917e+00
-1,194838e+00
-1,205951e+00
-1,214465e+00
-1,220279e+00
-1,223322e+00
-1,223624e+00
-1,221279e+00
-1,216134e+00
-1,208164e+00
-1,197665e+00
-1,184378e+00
-1,168492e+00
-1,150014e+00
-1,128857e+00
-1,105301e+00
-1,079174e+00
-1,050816e+00
-1,019986e+00
-9,867914e-01
-9,514636e-01
-9,140374e-01
-8,744731e-01
-8,330615e-01
-7,897472e-01
-7,446968e-01
-6,979060e-01
-6,496326e-01
-5,998810e-01
-5,487698e-01
-4,964115e-01
-4,429677e-01
-3,885397e-01
-3,331802e-01
-2,770695e-01
-2,204487e-01
-1,631903e-01
-1,055722e-01
-4,784031e-02
1,012891e-02
6,800802e-02
1,257511e-01
1,832052e-01
2,402287e-01
2,967594e-01
3,525936e-01
4,076908e-01
4,618318e-01
5,149395e-01
5,669777e-01
6,176689e-01
6,670564e-01
7,148718e-01
7,611631e-01
8,057300e-01
8,484838e-01
8,893666e-01
9,282711e-01
9,650896e-01
9,997612e-01
1,032122e+00
1,062440e+00
1,090092e+00
1,115462e+00
1,138311e+00
1,158552e+00
1,176336e+00
1,191480e+00
1,203933e+00
1,213513e+00
1,220572e+00
1,224960e+00
1,226403e+00
1,225198e+00
1,221409e+00
1,214751e+00
1,205389e+00
1,193297e+00
1,178588e+00
1,161273e+00
1,141278e+00
1,118845e+00
1,093824e+00
1,066349e+00
1,036484e+00
1,004365e+00
9,700064e-01
9,333570e-01
8,947322e-01
8,541488e-01
8,114969e-01
7,672363e-01
7,210600e-01
6,733968e-01
6,241305e-01
5,735226e-01
5,217285e-01
4,686290e-01
4,144606e-01
3,593957e-01
3,035453e-01
2,470351e-01
1,899134e-01
1,324189e-01
7,452679e-02
1,648114e-02
-4,144147e-02
-9,935786e-02
-1,570711e-01
-2,144158e-01
-2,712840e-01
-3,275519e-01
-3,831680e-01
-4,377961e-01
-4,914990e-01
-5,441679e-01
-5,955712e-01
-6,456006e-01
-6,942698e-01
-7,413961e-01
-7,867553e-01
-8,305107e-01
-8,722710e-01
-9,122230e-01
-9,500711e-01
-9,857593e-01
-1,019260e+00
-1,050558e+00
-1,079448e+00
-1,106052e+00
-1,129960e+00
-1,151461e+00
-1,170364e+00
-1,186727e+00
-1,200393e+00
-1,211277e+00
-1,219670e+00
-1,225155e+00
-1,227894e+00
-1,228044e+00
-1,225329e+00
-1,219911e+00
-1,211812e+00
-1,200879e+00
-1,187438e+00
-1,171129e+00
-1,152373e+00
-1,131008e+00
-1,107017e+00
-1,080720e+00
-1,051816e+00
-1,020657e+00
-9,872326e-01
-9,516276e-01
-9,138454e-01
-8,739300e-01
-8,321692e-01
-7,885548e-01
-7,431596e-01
-6,961103e-01
-6,473988e-01
-5,973881e-01
-5,459270e-01
-4,933463e-01
-4,395614e-01
-3,848146e-01
-3,291861e-01
-2,728305e-01
-2,159108e-01
-1,584735e-01
-1,007093e-01
-4,263511e-02
1,542420e-02
7,351769e-02
1,314571e-01
1,891784e-01
2,463317e-01
3,029091e-01
3,589129e-01
4,141388e-01
4,684314e-01
5,215769e-01
5,736885e-01
6,244057e-01
6,738504e-01
7,217640e-01
7,679801e-01
8,126247e-01
8,552704e-01
8,961607e-01
9,349974e-01
9,718022e-01
1,006315e+00
1,038700e+00
1,068761e+00
1,096402e+00
1,121564e+00
1,144275e+00
1,164402e+00
1,181860e+00
1,196835e+00
1,208966e+00
1,218543e+00
1,225347e+00
1,229369e+00
1,230766e+00
1,229282e+00
1,225093e+00
1,218161e+00
1,208606e+00
1,196149e+00
1,181109e+00
1,163469e+00
1,143270e+00
1,120469e+00
1,095139e+00
1,067336e+00
1,037251e+00
1,004691e+00
9,699828e-01
9,331824e-01
8,940779e-01
8,531739e-01
8,103144e-01
7,656276e-01
7,191605e-01
6,711767e-01
6,216717e-01
5,707587e-01
5,185745e-01
4,652226e-01
4,108834e-01
3,554643e-01
2,993872e-01
2,425898e-01
1,853327e-01
1,275201e-01
6,945519e-02
1,125607e-02
-4,697723e-02
-1,050962e-01
-1,629604e-01
-2,204406e-01
-2,773802e-01
-3,338084e-01
-3,894699e-01
-4,442664e-01
-4,980252e-01
-5,507339e-01
-6,022161e-01
-6,522834e-01
-7,009420e-01
-7,480976e-01
-7,934903e-01
-8,371252e-01
-8,789240e-01
-9,187169e-01
-9,564445e-01
-9,922371e-01
-1,025568e+00
-1,056769e+00
-1,085454e+00
-1,111874e+00
-1,135765e+00
-1,157035e+00
-1,175865e+00
-1,191918e+00
-1,205433e+00
-1,216157e+00
-1,224146e+00
-1,229554e+00
-1,232132e+00
-1,231843e+00
-1,229032e+00
-1,223213e+00
-1,214811e+00
-1,203666e+00
-1,189810e+00
-1,173338e+00
-1,154193e+00
-1,132535e+00
-1,108239e+00
-1,081528e+00
-1,052436e+00
-1,020934e+00
-9,872096e-01
-9,513008e-01
-9,131327e-01
-8,730626e-01
-8,309171e-01
-7,869560e-01
-7,411755e-01
-6,939063e-01
-6,449643e-01
-5,945316e-01
-5,429606e-01
-4,898841e-01
-4,359034e-01
-3,810000e-01
-3,250639e-01
-2,684555e-01
-2,112947e-01
-1,536778e-01
-9,564395e-02
-3,734728e-02
2,093076e-02
7,914106e-02
1,371830e-01
1,949739e-01
2,523509e-01
3,090295e-01
3,652192e-01
4,204419e-01
4,748066e-01
5,281062e-01
5,801370e-01
6,309903e-01
6,804058e-01
7,283139e-01
7,745454e-01
8,191074e-01
8,618221e-01
9,025614e-01
9,413266e-01
9,780681e-01
1,012521e+00
1,044774e+00
1,074641e+00
1,102082e+00
1,127180e+00
1,149654e+00
1,169647e+00
1,186944e+00
1,201705e+00
1,213730e+00
1,222939e+00
1,229524e+00
1,233321e+00
1,234400e+00
1,232742e+00
1,228296e+00
1,221039e+00
1,211189e+00
1,198510e+00
1,183208e+00
1,165228e+00
1,144701e+00
1,121516e+00
1,095916e+00
1,067953e+00
1,037410e+00
1,004646e+00
9,696125e-01
9,324094e-01
8,930961e-01
8,517609e-01
8,087461e-01
7,636324e-01
7,170379e-01
6,687390e-01
6,188836e-01
5,677109e-01
5,152793e-01
4,615988e-01
4,069800e-01
3,514447e-01
2,951134e-01
2,380595e-01
1,805233e-01
1,225771e-01
6,429970e-02
5,919766e-03
-5,246514e-02
-1,106866e-01
-1,686919e-01
-2,263896e-01
-2,833981e-01
-3,399326e-01
-3,956736e-01
-4,505074e-01
-5,043501e-01
-5,571446e-01
-6,086280e-01
-6,586642e-01
-7,073924e-01
-7,544722e-01
-7,998245e-01
-8,434855e-01
-8,851339e-01
-9,249530e-01
-9,625556e-01
-9,982128e-01
-1,031475e+00
-1,062463e+00
-1,091169e+00
-1,117233e+00
-1,141005e+00
-1,162143e+00
-1,180675e+00
-1,196629e+00
-1,209907e+00
-1,220353e+00
-1,228186e+00
-1,233338e+00
-1,235630e+00
-1,235169e+00
-1,231977e+00
-1,225969e+00
-1,217288e+00
-1,205839e+00
-1,191743e+00
-1,174893e+00
-1,155513e+00
-1,133590e+00
-1,108901e+00
-1,081938e+00
-1,052580e+00
-1,020805e+00
-9,866914e-01
-9,504489e-01
-9,120018e-01
-8,716291e-01
-8,291910e-01
-7,849732e-01
-7,389697e-01
-6,912630e-01
-6,421905e-01
-5,915267e-01
-5,395133e-01
-4,863404e-01
-4,321056e-01
-3,769139e-01
-3,207243e-01
-2,639643e-01
-2,066220e-01
-1,487547e-01
-9,054253e-02
-3,212282e-02
2,629378e-02
8,467931e-02
1,429070e-01
2,008731e-01
2,582613e-01
3,150742e-01
3,712284e-01
4,265959e-01
4,810432e-01
5,343193e-01
5,864570e-01
6,372742e-01
6,866636e-01
7,345636e-01
7,807187e-01
8,252714e-01
8,679171e-01
9,086222e-01
9,472476e-01
9,838319e-01
1,018302e+00
1,050295e+00
1,080102e+00
1,107383e+00
1,132250e+00
1,154653e+00
1,174374e+00
1,191477e+00
1,205947e+00
1,217748e+00
1,226847e+00
1,233115e+00
1,236717e+00
1,237532e+00
1,235643e+00
1,230850e+00
1,223414e+00
1,213195e+00
1,200207e+00
1,184669e+00
1,166460e+00
1,145495e+00
1,122138e+00
1,096190e+00
1,067792e+00
1,037134e+00
1,004022e+00
9,687196e-01
9,312201e-01
8,916036e-01
8,500981e-01
8,065409e-01
7,614010e-01
7,143530e-01
6,658577e-01
6,157768e-01
5,643990e-01
5,116064e-01
4,578228e-01
4,029647e-01
3,471305e-01
2,905793e-01
2,334265e-01
1,756301e-01
1,175055e-01
5,908519e-02
6,474647e-04
-5,793939e-02
-1,163802e-01
-1,744781e-01
-2,321720e-01
-2,893850e-01
-3,459089e-01
-4,016878e-01
-4,565962e-01
-5,105035e-01
-5,632501e-01
-6,147484e-01
-6,648281e-01
-7,134445e-01
-7,605665e-01
-8,058903e-01
-8,493779e-01
-8,910450e-01
-9,306515e-01
-9,683362e-01
-1,003658e+00
-1,036856e+00
-1,067667e+00
-1,096173e+00
-1,122304e+00
-1,145820e+00
-1,166766e+00
-1,185090e+00
-1,200802e+00
-1,213759e+00
-1,224057e+00
-1,231742e+00
-1,236454e+00
-1,238522e+00
-1,237857e+00
-1,234341e+00
-1,228099e+00
-1,219155e+00
-1,207457e+00
-1,193038e+00
-1,175878e+00
-1,156225e+00
-1,134037e+00
-1,109125e+00
-1,081828e+00
-1,052152e+00
-1,020095e+00
-9,857475e-01
-9,491670e-01
-9,104851e-01
-8,697638e-01
-8,270833e-01
-7,826723e-01
-7,363276e-01
-6,885128e-01
-6,389699e-01
-5,880955e-01
-5,359013e-01
-4,825165e-01
-4,280431e-01
-3,726209e-01
-3,163194e-01
-2,592748e-01
-2,017697e-01
-1,437614e-01
-8,541935e-02
-2,686046e-02
3,172390e-02
9,025235e-02
1,485472e-01
2,065847e-01
2,640724e-01
3,210157e-01
3,772165e-01
4,325884e-01
4,869997e-01
5,403217e-01
5,924072e-01
6,431996e-01
6,926617e-01
7,405063e-01
7,865987e-01
8,310973e-01
8,735808e-01
9,141834e-01
9,527753e-01
9,893384e-01
1,023423e+00
1,055440e+00
1,085015e+00
1,112160e+00
1,136844e+00
1,158924e+00
1,178572e+00
1,195461e+00
1,209717e+00
1,221274e+00
1,230103e+00
1,236162e+00
1,239512e+00
1,240071e+00
1,237791e+00
1,232890e+00
1,225018e+00
1,214674e+00
1,201373e+00
1,185541e+00
1,166991e+00
1,145901e+00
1,122188e+00
1,095951e+00
1,067308e+00
1,036304e+00
1,002885e+00
9,672855e-01
9,296176e-01
8,896127e-01
8,478960e-01
8,042145e-01
7,586316e-01
7,114437e-01
6,626229e-01
6,123326e-01
5,606584e-01
5,077968e-01
4,537453e-01
3,986046e-01
3,426126e-01
2,858991e-01
2,285339e-01
1,706709e-01
1,123357e-01
5,384644e-02
-4,838587e-03
-6,351616e-02
-1,219458e-01
-1,801194e-01
-2,379004e-01
-2,951420e-01
-3,517255e-01
-4,075405e-01
-4,625284e-01
-5,163630e-01
-5,691363e-01
-6,205762e-01
-6,706901e-01
-7,192338e-01
-7,662278e-01
-8,114292e-01
-8,549354e-01
-8,964030e-01
-9,360201e-01
-9,735252e-01
-1,008744e+00
-1,041777e+00
-1,072514e+00
-1,100881e+00
-1,126627e+00
-1,150018e+00
-1,170759e+00
-1,188891e+00
-1,204350e+00
-1,217147e+00
-1,227217e+00
-1,234572e+00
-1,239078e+00
-1,240894e+00
-1,239955e+00
-1,236217e+00
-1,229719e+00
-1,220441e+00
-1,208467e+00
-1,193771e+00
-1,176481e+00
-1,156394e+00
-1,133868e+00
-1,108714e+00
-1,081198e+00
-1,051202e+00
-1,018886e+00
-9,842848e-01
-9,473905e-01
-9,085215e-01
-8,674852e-01
-8,245543e-01
-7,798171e-01
-7,333668e-01
-6,851052e-01
-6,354828e-01
-5,843946e-01
-5,320463e-01
-4,784416e-01
-4,237370e-01
-3,681452e-01
-3,115529e-01
-2,545300e-01
-1,968516e-01
-1,386531e-01
-8,018868e-02
-2,152478e-02
3,714285e-02
9,572659e-02
1,541786e-01
2,122398e-01
2,697765e-01
3,267621e-01
3,829946e-01
4,383535e-01
4,927765e-01
5,460526e-01
5,981349e-01
6,489199e-01
6,982515e-01
7,460123e-01
7,921084e-01
8,364560e-01
8,788699e-01
9,193246e-01
9,577742e-01
9,940844e-01
1,028165e+00
1,059940e+00
1,089431e+00
1,116329e+00
1,140886e+00
1,162757e+00
1,182183e+00
1,198881e+00
1,212947e+00
1,224188e+00
1,232803e+00
1,238660e+00
1,241633e+00
1,242018e+00
1,239507e+00
1,234206e+00
1,226240e+00
1,215455e+00
1,202024e+00
1,185909e+00
1,167010e+00
1,145661e+00
1,121686e+00
1,095165e+00
1,066256e+00
1,034905e+00
1,001306e+00
9,654611e-01
9,274434e-01
8,873379e-01
8,453111e-01
8,013400e-01
7,554894e-01
7,081169e-01
6,590693e-01
6,085975e-01
5,567009e-01
5,036001e-01
4,493641e-01
3,941152e-01
3,380176e-01
2,811960e-01
2,235741e-01
1,656720e-01
1,071977e-01
4,849896e-02
-1,017302e-02
-6,894132e-02
-1,275164e-01
-1,858149e-01
-2,434809e-01
-3,008306e-01
-3,574204e-01
-4,132670e-01
-4,681232e-01
-5,220908e-01
-5,746814e-01
-6,261611e-01
-6,761072e-01
-7,246546e-01
-7,715237e-01
-8,167425e-01
-8,599983e-01
-9,014901e-01
-9,408836e-01
-9,781712e-01
-1,013352e+00
-1,046185e+00
-1,076787e+00
-1,104809e+00
-1,130476e+00
-1,153594e+00
-1,174129e+00
-1,192085e+00
-1,207281e+00
-1,219902e+00
-1,229649e+00
-1,236823e+00
-1,241122e+00
-1,242629e+00
-1,241449e+00
-1,237474e+00
-1,230640e+00
-1,221090e+00
-1,208843e+00
-1,193975e+00
-1,176294e+00
-1,156089e+00
-1,133216e+00
-1,107840e+00
-1,079963e+00
-1,049689e+00
-1,017128e+00
-9,822598e-01
-9,451518e-01
-9,060330e-01
-8,647394e-01
-8,216308e-01
-7,765997e-01
-7,298847e-01
-6,815423e-01
-6,317385e-01
-5,803495e-01
-5,277912e-01
-4,740877e-01
-4,192017e-01
-3,634768e-01
-3,069330e-01
-2,495467e-01
-1,917726e-01
-1,334995e-01
-7,486419e-02
-1,616984e-02
4,268047e-02
1,012624e-01
1,597268e-01
2,178445e-01
2,753701e-01
3,323874e-01
3,885987e-01
4,438929e-01
4,983421e-01
5,516312e-01
6,036757e-01
6,543357e-01
7,035586e-01
7,511621e-01
7,971837e-01
8,413896e-01
8,836383e-01
9,240246e-01
9,624096e-01
9,984787e-01
1,032428e+00
1,063975e+00
1,093257e+00
1,120024e+00
1,144289e+00
1,165997e+00
1,185237e+00
1,201665e+00
1,215428e+00
1,226465e+00
1,234893e+00
1,240414e+00
1,243263e+00
1,243311e+00
1,240576e+00
1,235067e+00
1,226785e+00
1,215745e+00
1,202003e+00
1,185574e+00
1,166442e+00
1,144771e+00
1,120594e+00
1,093765e+00
1,064716e+00
1,033122e+00
9,991318e-01
9,631130e-01
9,247958e-01
8,845368e-01
8,422502e-01
7,980325e-01
7,521054e-01
7,044608e-01
6,551988e-01
6,045605e-01
5,524657e-01
4,992419e-01
4,448629e-01
3,894320e-01
3,331361e-01
2,761536e-01
2,185398e-01
1,602873e-01
1,019260e-01
4,320926e-02
-1,566405e-02
-7,435840e-02
-1,329179e-01
-1,912525e-01
-2,490260e-01
-3,063626e-01
-3,629536e-01
-4,188742e-01
-4,736540e-01
-5,274252e-01
-5,800594e-01
-6,314812e-01
-6,813304e-01
-7,297722e-01
-7,765512e-01
-8,216482e-01
-8,647847e-01
-9,060330e-01
-9,452319e-01
-9,824158e-01
-1,017470e+00
-1,050093e+00
-1,080392e+00
-1,108259e+00
-1,133689e+00
-1,156738e+00
-1,176942e+00
-1,194718e+00
-1,209675e+00
-1,222044e+00
-1,231557e+00
-1,238406e+00
-1,242481e+00
-1,243780e+00
-1,242291e+00
-1,237995e+00
-1,230993e+00
-1,221136e+00
-1,208614e+00
-1,193389e+00
-1,175567e+00
-1,155058e+00
-1,131907e+00
-1,106323e+00
-1,078243e+00
-1,047690e+00
-1,014817e+00
-9,797973e-01
-9,424389e-01
-9,030697e-01
-8,615884e-01
-8,182978e-01
-7,730504e-01
-7,261732e-01
-6,776047e-01
-6,274976e-01
-5,761435e-01
-5,233900e-01
-4,694448e-01
-4,144513e-01
-3,585836e-01
-3,018962e-01
-2,445658e-01
-1,865475e-01
-1,282204e-01
-6,954715e-02
-1,075214e-02
4,805033e-02
1,068217e-01
1,652172e-01
2,232920e-01
2,808412e-01
3,377877e-01
3,940214e-01
4,492479e-01
5,036194e-01
5,568028e-01
6,087442e-01
6,593483e-01
7,084953e-01
7,560449e-01
8,019421e-01
8,459238e-01
8,881780e-01
9,283444e-01
9,664361e-01
1,002390e+00
1,036145e+00
1,067502e+00
1,096544e+00
1,123157e+00
1,147168e+00
1,168695e+00
1,187675e+00
1,203735e+00
1,217403e+00
1,228213e+00
1,236290e+00
1,241640e+00
1,244153e+00
1,243938e+00
1,240923e+00
1,235179e+00
1,226660e+00
1,215302e+00
1,201306e+00
1,184655e+00
1,165316e+00
1,143405e+00
1,118858e+00
1,091944e+00
1,062452e+00
1,030749e+00
9,965997e-01
9,602634e-01
9,217809e-01
8,812764e-01
8,387097e-01
7,942999e-01
7,481423e-01
7,004691e-01
6,509282e-01
6,001438e-01
5,479869e-01
4,945487e-01
4,400914e-01
3,844536e-01
3,281024e-01
2,709714e-01
2,133135e-01
1,551163e-01
9,651324e-02
3,783691e-02
-2,100532e-02
-7,985066e-02
-1,383667e-01
-1,965987e-01
-2,544418e-01
-3,117971e-01
-3,682862e-01
-4,240514e-01
-4,788865e-01
-5,325707e-01
-5,851682e-01
-6,363621e-01
-6,862144e-01
-7,344536e-01
-7,810897e-01
-8,260077e-01
-8,690784e-01
-9,101197e-01
-9,492435e-01
-9,862142e-01
-1,020997e+00
-1,053465e+00
-1,083584e+00
-1,111285e+00
-1,136407e+00
-1,159132e+00
-1,179165e+00
-1,196691e+00
-1,211374e+00
-1,223447e+00
-1,232798e+00
-1,239415e+00
-1,243246e+00
-1,244333e+00
-1,242593e+00
-1,237980e+00
-1,230671e+00
-1,220641e+00
-1,207838e+00
-1,192391e+00
-1,174298e+00
-1,153400e+00
-1,130128e+00
-1,104271e+00
-1,075923e+00
-1,045197e+00
-1,012092e+00
-9,767514e-01
-9,392227e-01
-8,995900e-01
-8,580143e-01
-8,144701e-01
-7,690631e-01
-7,219958e-01
-6,732794e-01
-6,230971e-01
-5,714758e-01
-5,186708e-01
-4,646423e-01
-4,094363e-01
-3,535486e-01
-2,967358e-01
-2,392512e-01
-1,812621e-01
-1,228400e-01
-6,421395e-02
