fs 4800
kfs 1 hz, no plot 1

Time - Plot 0	Amplitude - Plot 0	Time - Plot 1	Amplitude - Plot 1	Time - Plot 2	Amplitude - Plot 2	
29396	0,222215	29396	0,221469	29396	0,222065	
29397	0,110645	29397	0,1112	29397	0,111459	
29398	-0,000612698	29398	-0,000631546	29398	-0,0003963	
29399	-0,110308	29399	-0,110589	29399	-0,110065	
29400	-0,220628	29400	-0,221171	29400	-0,22067	
29401	-0,330323	29401	-0,330815	29401	-0,330026	
29402	-0,436893	29402	-0,437336	29402	-0,43657	
29403	-0,541275	29403	-0,541983	29403	-0,541239	
29404	-0,642532	29404	-0,642256	29404	-0,641847	
29405	-0,738788	29405	-0,739718	29405	-0,738392	
29406	-0,832545	29406	-0,832495	29406	-0,831501	
29407	-0,916613	29407	-0,917462	29407	-0,916486	
29408	-0,999744	29408	-1,00055	29408	-0,998972	
29409	-1,076	29409	-1,07646	29409	-1,07615	
29410	-1,14319	29410	-1,14331	29410	-1,14301	
29411	-1,20507	29411	-1,20579	29411	-1,2055	
29412	-1,26101	29412	-1,26077	29412	-1,26111	
29413	-1,30726	29413	-1,30731	29413	-1,30673	
29414	-1,34352	29414	-1,34417	29414	-1,34329	
29415	-1,37539	29415	-1,37603	29415	-1,37547	
29416	-1,39727	29416	-1,39727	29416	-1,39734	
29417	-1,40977	29417	-1,40946	29417	-1,4089	
29418	-1,41352	29418	-1,41414	29418	-1,41359	
29419	-1,40977	29419	-1,40977	29419	-1,4089	
29420	-1,39727	29420	-1,39696	29420	-1,3964	
29421	-1,37477	29421	-1,3751	29421	-1,37453	
29422	-1,34414	29422	-1,34417	29422	-1,34391	
29423	-1,30695	29423	-1,307	29423	-1,30611	
29424	-1,25945	29424	-1,25952	29424	-1,25924	
29425	-1,20507	29425	-1,20547	29425	-1,20487	
29426	-1,14319	29426	-1,14331	29426	-1,14332	
29427	-1,07537	29427	-1,07521	29427	-1,0749	
29428	-0,999431	29428	-1,00055	29428	-0,999597	
29429	-0,917863	29429	-0,917774	29429	-0,918049	
29430	-0,830982	29430	-0,830933	29430	-0,830251	
29431	-0,739101	29431	-0,740031	29431	-0,738705	
29432	-0,641594	29432	-0,641632	29432	-0,641222	
29433	-0,5394	29433	-0,541046	29433	-0,539365	
29434	-0,43908	29434	-0,439523	29434	-0,438132	
29435	-0,330635	29435	-0,330815	29435	-0,330339	
29436	-0,21969	29436	-0,220546	29436	-0,219733	
29437	-0,11062	29437	-0,111526	29437	-0,11069	
29438	1,23455E-5	29438	-6,7895E-6	29438	0,000541036	
29439	0,110332	29439	0,1112	29439	0,110834	
29440	0,221903	29440	0,221469	29440	0,221752	
29441	0,32941	29441	0,328928	29441	0,329546	
29442	0,436918	29442	0,436073	29442	0,436715	
29443	0,541612	29443	0,541033	29443	0,541697	
29444	0,642869	29444	0,642868	29444	0,642929	
29445	0,738501	29445	0,738143	29445	0,739475	
29446	0,832257	29446	0,831545	29446	0,832584	
29447	0,918201	29447	0,918698	29447	0,918819	
29448	0,999769	29448	0,999917	29448	1,00005	
29449	1,07509	29449	1,07457	29449	1,07442	
29450	1,14353	29450	1,14299	29450	1,14347	
29451	1,20666	29451	1,2064	29451	1,20689	
29452	1,25979	29452	1,25982	29452	1,26001	
29453	1,3051	29453	1,3048	29453	1,30531	
29454	1,34573	29454	1,34541	29454	1,34656	
29455	1,37636	29455	1,37602	29455	1,37655	
29456	1,3948	29456	1,39476	29456	1,39592	
29457	1,4098	29457	1,40913	29457	1,40967	
29458	1,41636	29458	1,41538	29458	1,41592	
29459	1,40949	29459	1,40882	29459	1,40967	
29460	1,3973	29460	1,39664	29460	1,3978	
29461	1,37542	29461	1,37508	29461	1,37593	
29462	1,34604	29462	1,34447	29462	1,34562	
29463	1,30667	29463	1,30605	29463	1,30688	
29464	1,2601	29464	1,25982	29464	1,26063	
29465	1,20478	29465	1,20484	29465	1,20471	
29466	1,14509	29466	1,14455	29466	1,14565	
29467	1,07477	29467	1,07489	29467	1,07535	
29468	0,999769	29468	1,00023	29468	1,00068	
29469	0,919451	29469	0,918698	29469	0,919444	
29470	0,830695	29470	0,83092	29470	0,831021	
29471	0,739126	29471	0,738456	29471	0,73885	
29472	0,641932	29472	0,641931	29472	0,642304	
29473	0,541925	29473	0,541657	29473	0,541384	
29474	0,436605	29474	0,436386	29474	0,43734	
29475	0,32941	29475	0,328303	29475	0,329546	
29476	0,22159	29476	0,221469	29476	0,222377	
29477	0,112833	29477	0,112449	29477	0,112084	
29478	-0,000612698	29478	-0,0012563	29478	-0,000708746	
29479	-0,11062	29479	-0,111526	29479	-0,110065	
29480	-0,220315	29480	-0,220233	29480	-0,220045	
29481	-0,330635	29481	-0,33144	29481	-0,330651	
29482	-0,43783	29482	-0,437024	29482	-0,436258	
29483	-0,540962	29483	-0,540734	29483	-0,540927	
29484	-0,641907	29484	-0,641944	29484	-0,641847	
29485	-0,739413	29485	-0,739406	29485	-0,739017	
29486	-0,83192	29486	-0,832182	29486	-0,832439	
29487	-0,918801	29487	-0,919024	29487	-0,919298	
29488	-0,999744	29488	-0,999929	29488	-1,00022	
29489	-1,07569	29489	-1,07552	29489	-1,07552	
29490	-1,14413	29490	-1,14519	29490	-1,14363	
29491	-1,20507	29491	-1,2061	29491	-1,20487	
29492	-1,25945	29492	-1,26045	29492	-1,25986	
29493	-1,30539	29493	-1,30637	29493	-1,30548	
29494	-1,34539	29494	-1,34573	29494	-1,34516	
29495	-1,37414	29495	-1,37478	29495	-1,37359	
29496	-1,39571	29496	-1,39665	29496	-1,39578	
29497	-1,4104	29497	-1,41133	29497	-1,40984	
29498	-1,41415	29498	-1,41508	29498	-1,4139	
29499	-1,40821	29499	-1,40883	29499	-1,40796	
29500	-1,39696	29500	-1,3979	29500	-1,3964	
29501	-1,37446	29501	-1,37541	29501	-1,37453	
29502	-1,34445	29502	-1,34479	29502	-1,34391	
29503	-1,30601	29503	-1,30668	29503	-1,30611	
29504	-1,25945	29504	-1,26014	29504	-1,25924	
29505	-1,20663	29505	-1,20547	29505	-1,20612	
29506	-1,14319	29506	-1,14331	29506	-1,14363	
29507	-1,07569	29507	-1,07521	29507	-1,0749	
29508	-0,999119	29508	-0,999929	29508	-0,999284	
29509	-0,917863	29509	-0,918399	29509	-0,918361	
29510	-0,83067	29510	-0,831245	29510	-0,830876	
29511	-0,737851	29511	-0,738781	29511	-0,737768	
29512	-0,640657	29512	-0,641632	29512	-0,640909	
29513	-0,542525	29513	-0,542608	29513	-0,541864	
29514	-0,436893	29514	-0,437649	29514	-0,436883	
29515	-0,329385	29515	-0,329566	29515	-0,329089	
29516	-0,221878	29516	-0,22242	29516	-0,221608	
29517	-0,110933	29517	-0,111526	29517	-0,110377	
29518	0,000324867	29518	-0,000319168	29518	0,000541036	
29519	0,110645	29519	0,110575	29519	0,109897	
29520	0,22159	29520	0,221782	29520	0,221752	
29521	0,329723	29521	0,330177	29521	0,330171	
29522	0,438168	29522	0,437635	29522	0,43859	
29523	0,541612	29523	0,541033	29523	0,542322	
29524	0,641932	29524	0,640994	29524	0,641992	
29525	0,738813	29525	0,738456	29525	0,739162	
29526	0,830382	29526	0,83092	29526	0,831646	
29527	0,918201	29527	0,918073	29527	0,919131	
29528	1,00039	29528	0,999917	29528	1,00037	
29529	1,0754	29529	1,07551	29529	1,07629	
29530	1,14478	29530	1,14424	29530	1,14503	
29531	1,20572	29531	1,20546	29531	1,20596	
29532	1,25885	29532	1,25919	29532	1,25938	
29533	1,3076	29533	1,3073	29533	1,30781	
29534	1,34511	29534	1,34478	29534	1,34562	
29535	1,37355	29535	1,37352	29535	1,37374	
29536	1,39792	29536	1,39757	29536	1,39811	
29537	1,41167	29537	1,41101	29537	1,41155	
29538	1,4123	29538	1,41226	29538	1,4128	
29539	1,41042	29539	1,40976	29539	1,41061	
29540	1,39667	29540	1,39695	29540	1,39717	
29541	1,37386	29541	1,37352	29541	1,37374	
29542	1,34573	29542	1,34541	29542	1,34624	
29543	1,30854	29543	1,3073	29543	1,30781	
29544	1,25947	29544	1,25825	29544	1,25907	
29545	1,20447	29545	1,20515	29545	1,20533	
29546	1,14384	29546	1,1433	29546	1,14409	
29547	1,07477	29547	1,07426	29547	1,07504	
29548	1,00071	29548	1,00023	29548	1,00068	
29549	0,916638	29549	0,917136	29549	0,917881	
29550	0,831945	29550	0,831545	29550	0,831334	
29551	0,738813	29551	0,739393	29551	0,739787	
29552	0,642557	29552	0,642243	29552	0,642304	
29553	0,5413	29553	0,54072	29553	0,541697	
29554	0,436918	29554	0,436386	29554	0,43734	
29555	0,330348	29555	0,330802	29555	0,331108	
29556	0,220653	29556	0,22022	29556	0,22144	
29557	0,110332	29557	0,110263	29557	0,110209	
29558	0,000324867	29558	-0,000319168	29558	0,00116593	
29559	-0,110308	29559	-0,110901	29559	-0,110377	
29560	-0,22219	29560	-0,222108	29560	-0,22192	
29561	-0,329698	29561	-0,329566	29561	-0,329089	
29562	-0,435955	29562	-0,436712	29562	-0,435945	
29563	-0,5419	29563	-0,542295	29563	-0,541864	
29564	-0,643469	29564	-0,643506	29564	-0,643097	
29565	-0,739101	29565	-0,739718	29565	-0,738392	
29566	-0,831295	29566	-0,832182	29566	-0,831501	
29567	-0,918488	29567	-0,919024	29567	-0,918049	
29568	-0,999119	29568	-0,999929	29568	-0,999284	
29569	-1,07537	29569	-1,07552	29569	-1,0749	
29570	-1,14288	29570	-1,14425	29570	-1,14332	
29571	-1,20538	29571	-1,20516	29571	-1,20519	
29572	-1,25914	29572	-1,25952	29572	-1,25893	
29573	-1,3057	29573	-1,30668	29573	-1,30548	
29574	-1,34508	29574	-1,34479	29574	-1,34422	
29575	-1,37414	29575	-1,3751	29575	-1,37484	
29576	-1,39665	29576	-1,39727	29576	-1,39671	
29577	-1,40946	29577	-1,40946	29577	-1,4089	
29578	-1,41415	29578	-1,41446	29578	-1,4139	
29579	-1,40946	29579	-1,40977	29579	-1,40952	
29580	-1,39571	29580	-1,39602	29580	-1,39546	
29581	-1,37446	29581	-1,37541	29581	-1,37422	
29582	-1,34602	29582	-1,34573	29582	-1,34547	
29583	-1,30539	29583	-1,30606	29583	-1,30579	
29584	-1,25914	29584	-1,25952	29584	-1,25861	
29585	-1,20695	29585	-1,20704	29585	-1,20644	
29586	-1,14413	29586	-1,14456	29586	-1,14363	
29587	-1,07506	29587	-1,07552	29587	-1,07521	
29588	-0,999119	29588	-0,999305	29588	-0,999909	
29589	-0,918176	29589	-0,918711	29589	-0,918049	
29590	-0,831607	29590	-0,831558	29590	-0,831189	
29591	-0,738788	29591	-0,739094	29591	-0,73808	
29592	-0,640969	29592	-0,641944	29592	-0,641222	
29593	-0,541587	29593	-0,542295	29593	-0,540927	
29594	-0,436268	29594	-0,437649	29594	-0,436258	
29595	-0,330948	29595	-0,331128	29595	-0,329714	
29596	-0,220315	29596	-0,221483	29596	-0,22067	
29597	-0,110308	29597	-0,111213	29597	-0,11069	
29598	-0,000612698	29598	-0,000943924	29598	-0,0003963	
29599	0,111583	29599	0,111512	29599	0,112084	
29600	0,221903	29600	0,221157	29600	0,222065	
29601	0,328785	29601	0,328928	29601	0,329234	
29602	0,43848	29602	0,437948	29602	0,438902	
29603	0,542862	29603	0,54197	29603	0,542634	
29604	0,641307	29604	0,641306	29604	0,641367	
29605	0,739439	29605	0,739393	29605	0,739787	
29606	0,83132	29606	0,831545	29606	0,831959	
29607	0,918513	29607	0,917449	29607	0,917881	
29608	0,999457	29608	0,999292	29608	0,99943	
29609	1,0754	29609	1,0752	29609	1,07535	
29610	1,14415	29610	1,1433	29610	1,14409	
29611	1,20572	29611	1,20546	29611	1,20627	
29612	1,25947	29612	1,25982	29612	1,26032	
29613	1,30698	29613	1,30636	29613	1,30719	
29614	1,34511	29614	1,34447	29614	1,34562	
29615	1,3748	29615	1,37477	29615	1,3753	
29616	1,39698	29616	1,39664	29616	1,39686	
29617	1,4098	29617	1,40976	29617	1,4103	
29618	1,41574	29618	1,41413	29618	1,55715	
29619	1,40886	29619	1,40882	29619	1,55058	
29620	1,39573	29620	1,39632	29620	1,53559	
29621	1,37417	29621	1,37571	29621	1,51122	
29622	1,34136	29622	1,34478	29622	1,47622	
29623	1,29885	29623	1,30417	29623	1,42967	
29624	1,25291	29624	1,26044	29624	1,37874	
29625	1,19603	29625	1,20671	29625	1,31594	
29626	1,12853	29626	1,14236	29626	1,24251	
29627	1,05759	29627	1,07489	29627	1,16346	
29628	0,979455	29628	1,00054	29628	1,07785	
29629	0,892887	29629	0,917449	29629	0,982245	
29630	0,801943	29630	0,830607	29630	0,882263	
29631	0,705061	29631	0,737206	29631	0,776031	
29632	0,605992	29632	0,642556	29632	0,665738	
29633	0,500359	29633	0,541345	29633	0,550758	
29634	0,391602	29634	0,436386	29634	0,430779	
29635	0,281594	29635	0,329552	29635	0,310175	
29636	0,169399	29636	0,221157	29636	0,186134	
29637	0,0550161	29637	0,110888	29637	0,0614679	
29638	-0,0590542	29638	-0,000943924	29638	-0,0644476	
29639	-0,173125	29639	-0,111838	29639	-0,190363	
29640	-0,284382	29640	-0,220546	29640	-0,312217	
29641	-0,395327	29641	-0,330503	29641	-0,434696	
29642	-0,505022	29642	-0,438274	29642	-0,554362	
29643	-0,607217	29643	-0,541046	29643	-0,668405	
29644	-0,707849	29644	-0,641007	29644	-0,77901	
29645	-0,80598	29645	-0,739718	29645	-0,886179	
29646	-0,896924	29646	-0,831558	29646	-0,986162	
29647	-0,98068	29647	-0,917774	29647	-1,07865	
29648	-1,05944	29648	-0,999929	29648	-1,16582	
29649	-1,13257	29649	-1,07521	29649	-1,24518	
29650	-1,19726	29650	-1,14487	29650	-1,3161	
29651	-1,2532	29651	-1,20547	29651	-1,37828	
29652	-1,30195	29652	-1,26014	29652	-1,43202	
29653	-1,3432	29653	-1,30731	29653	-1,47639	
29654	-1,37352	29654	-1,34479	29654	-1,51076	
29655	-1,39633	29655	-1,37541	29655	-1,53544	
29656	-1,4104	29656	-1,39696	29656	-1,55106	
29657	-1,41383	29657	-1,41039	29657	-1,55575	
29658	-1,40883	29658	-1,41446	29658	-1,5495	
29659	-1,39477	29659	-1,40914	29659	-1,53357	
29660	-1,37258	29660	-1,39727	29660	-1,50919	
29661	-1,34102	29661	-1,37634	29661	-1,47483	
29662	-1,29851	29662	-1,34448	29662	-1,42858	
29663	-1,24976	29663	-1,30637	29663	-1,37453	
29664	-1,19413	29664	-1,26139	29664	-1,31267	
29665	-1,12756	29665	-1,2061	29665	-1,23955	
29666	-1,05506	29666	-1,14331	29666	-1,16051	
29667	-0,976617	29667	-1,07615	29667	-1,07427	
29668	-0,890986	29668	-1,00024	29668	-0,979913	
29669	-0,799418	29669	-0,919024	29669	-0,879305	
29670	-0,702223	29670	-0,830933	29670	-0,772449	
29671	-0,600966	29671	-0,738781	29671	-0,661218	
29672	-0,496272	29672	-0,642569	29672	-0,546239	
29673	-0,387827	29673	-0,541671	29673	-0,426572	
29674	-0,277507	29674	-0,437649	29674	-0,305031	
29675	-0,164686	29675	-0,329878	29675	-0,180677	
29676	-0,0506161	29676	-0,221483	29676	-0,0560116	
29677	0,0634542	29677	-0,110901	29677	0,0699039	
29678	0,177837	29678	0,000930345	29678	0,195507	
29679	0,28847	29679	0,110575	29679	0,317986	
29680	0,39754	29680	0,22022	29680	0,43859	
29681	0,50786	29681	0,330802	29681	0,559506	
29682	0,61318	29682	0,437948	29682	0,674799	
29683	0,712562	29683	0,540408	29683	0,783842	
29684	0,808818	29684	0,642243	29684	0,890699	
29685	0,900075	29685	0,73908	29685	0,990369	
29686	0,983205	29686	0,829983	29686	1,08192	
29687	1,06196	29687	0,917761	29687	1,16846	
29688	1,13447	29688	0,999917	29688	1,24907	
29689	1,19885	29689	1,07457	29689	1,31906	
29690	1,25447	29690	1,14299	29690	1,38061	
29691	1,30385	29691	1,20577	29691	1,43435	
29692	1,34448	29692	1,25982	29692	1,47872	
29693	1,3748	29693	1,30636	29693	1,51278	
29694	1,3973	29694	1,34509	29694	1,53746	
29695	1,41011	29695	1,37415	29695	1,55058	
29696	1,41324	29696	1,3957	29696	1,5559	
29697	1,40855	29697	1,40913	29697	1,55027	
29698	1,39448	29698	1,41351	29698	1,5334	
29699	1,37136	29699	1,41007	29699	1,5084	
29700	1,33917	29700	1,39664	29700	1,47341	
29701	1,29698	29701	1,37415	29701	1,42748	
29702	1,24854	29702	1,34541	29702	1,37374	
29703	1,19072	29703	1,30636	29703	1,31063	
29704	1,12478	29704	1,25919	29704	1,23783	
29705	1,05259	29705	1,20546	29705	1,15784	
29706	0,974142	29706	1,14486	29706	1,07223	
29707	0,889449	29707	1,07645	29707	0,977559	
29708	0,794442	29708	0,998042	29708	0,874451	
29709	0,700686	29709	0,919323	29709	0,770407	
29710	0,598804	29710	0,831545	29710	0,658551	
29711	0,491921	29711	0,737519	29711	0,540759	
29712	0,383789	29712	0,641931	29712	0,422967	
29713	0,274094	29713	0,541345	29713	0,301426	
29714	0,161899	29714	0,437011	29714	0,177698	
29715	0,0478281	29715	0,329865	29715	0,0527194	
29716	-0,0665547	29716	0,220532	29716	-0,0728837	
29717	-0,179375	29717	0,1112	29717	-0,197862	
29718	-0,291883	29718	-6,7895E-6	29718	-0,321278	
29719	-0,403765	29719	-0,112463	29719	-0,443132	
29720	-0,510648	29720	-0,221171	29720	-0,561548	
29721	-0,615655	29721	-0,330815	29721	-0,676216	
29722	-0,714724	29722	-0,436712	29722	-0,786821	
29723	-0,811293	29723	-0,541046	29723	-0,892116	
29724	-0,903175	29724	-0,642569	29724	-0,993348	
29725	-0,985993	29725	-0,738469	29725	-1,08427	
29726	-1,06475	29726	-0,831245	29726	-1,17144	
29727	-1,13788	29727	-0,919336	29727	-1,25143	
29728	-1,20069	29728	-0,999929	29728	-1,32017	
29729	-1,25664	29729	-1,07552	29729	-1,38234	
29730	-1,30664	29730	-1,14581	29730	-1,43671	
29731	-1,34477	29731	-1,20516	29731	-1,47858	
29732	-1,37414	29732	-1,2592	29732	-1,51201	
29733	-1,39758	29733	-1,307	29733	-1,537	
29734	-1,41071	29734	-1,34542	29734	-1,55169	
29735	-1,41352	29735	-1,37478	29735	-1,55544	
29736	-1,40821	29736	-1,39634	29736	-1,54888	
29737	-1,39352	29737	-1,41039	29737	-1,532	
29738	-1,37071	29738	-1,41477	29738	-1,50732	
29739	-1,33602	29739	-1,40946	29739	-1,47014	
29740	-1,29476	29740	-1,39665	29740	-1,42483	
29741	-1,24664	29741	-1,37634	29741	-1,37109	
29742	-1,18819	29742	-1,34479	29742	-1,30673	
29743	-1,12319	29743	-1,30731	29743	-1,23518	
29744	-1,04912	29744	-1,25952	29744	-1,15394	
29745	-0,970367	29745	-1,20516	29745	-1,06708	
29746	-0,885673	29746	-1,1455	29746	-0,974289	
29747	-0,793792	29747	-1,07521	29747	-0,871807	
29748	-0,695035	29748	-0,999305	29748	-0,764325	
29749	-0,594716	29749	-0,919336	29749	-0,654345	
29750	-0,489396	29750	-0,830933	29750	-0,537178	
29751	-0,380014	29751	-0,738469	29751	-0,417511	
29752	-0,270006	29752	-0,642569	29752	-0,29722	
29753	-0,157186	29753	-0,541358	29753	-0,172866	
29754	-0,0428031	29754	-0,436712	29754	-0,0466382	
29755	0,0712673	29755	-0,330815	29755	0,0770902	
29756	0,1844	29756	-0,220233	29756	0,203631	
29757	0,296595	29757	-0,111526	29757	0,326422	
29758	0,406915	29758	-0,000631546	29758	0,447338	
29759	0,513485	29759	0,10995	29759	0,565755	
29760	0,618805	29760	0,221157	29760	0,681048	
29761	0,7185	29761	0,330177	29761	0,791653	
29762	0,814756	29762	0,437323	29762	0,89726	
29763	0,905075	29763	0,540095	29763	0,995368	
29764	0,990706	29764	0,642243	29764	1,0891	
29765	1,06821	29765	0,738768	29765	1,17534	
29766	1,13978	29766	0,831232	29766	1,25376	
29767	1,20291	29767	0,918386	29767	1,32406	
29768	1,25916	29768	0,999292	29768	1,38436	
29769	1,30698	29769	1,07551	29769	1,43779	
29770	1,34604	29770	1,14361	29770	1,48122	
29771	1,37698	29771	1,20577	29771	1,51465	
29772	1,39886	29772	1,26106	29772	1,53934	
29773	1,41199	29773	1,30698	29773	1,5534	
29774	1,41355	29774	1,34385	29774	1,55496	
29775	1,40855	29775	1,37508	29775	1,54996	
29776	1,39386	29776	1,39632	29776	1,53402	
29777	1,36761	29777	1,40788	29777	1,50528	
29778	1,33729	29778	1,41476	29778	1,47122	
29779	1,29666	29779	1,41038	29779	1,42592	
29780	1,2451	29780	1,39664	29780	1,36905	
29781	1,18728	29781	1,3754	29781	1,30563	
29782	1,12009	29782	1,34447	29782	1,23251	
29783	1,0479	29783	1,30667	29783	1,15222	
29784	0,967892	29784	1,26013	29784	1,06536	
29785	0,881323	29785	1,20546	29785	0,970372	
29786	0,791317	29786	1,14548	29786	0,870077	
29787	0,692873	29787	1,07582	29787	0,762283	
29788	0,590991	29788	0,999292	29788	0,650428	
29789	0,485046	29789	0,917449	29789	0,534511	
29790	0,376913	29790	0,830607	29790	0,414844	
29791	0,266593	29791	0,739393	29791	0,29424	
29792	0,155336	29792	0,642868	29792	0,169574	
29793	0,03814	29793	0,539783	29793	0,0436585	
29794	-0,0737427	29794	0,437635	29794	-0,0810072	
29795	-0,18625	29795	0,33049	29795	-0,205673	
29796	-0,299383	29796	0,220845	29796	-0,329401	
29797	-0,410641	29797	0,110263	29797	-0,451568	
29798	-0,516898	29798	-6,7895E-6	29798	-0,568735	
29799	-0,622218	29799	-0,111526	29799	-0,683715	
29800	-0,721912	29800	-0,221171	29800	-0,79432	
29801	-0,818169	29801	-0,330191	29801	-0,898677	
29802	-0,906612	29802	-0,437024	29802	-0,997722	
29803	-0,991931	29803	-0,540421	29803	-1,09114	
29804	-1,07037	29804	-0,642569	29804	-1,17707	
29805	-1,141	29805	-0,739094	29805	-1,25518	
29806	-1,20445	29806	-0,831245	29806	-1,32485	
29807	-1,25976	29807	-0,918399	29807	-1,38609	
29808	-1,30851	29808	-0,999305	29808	-1,43827	
29809	-1,34664	29809	-1,07552	29809	-1,4817	
29810	-1,37789	29810	-1,14456	29810	-1,51482	
29811	-1,39821	29811	-1,20579	29811	-1,53794	
29812	-1,41196	29812	-1,26108	29812	-1,55262	
29813	-1,41415	29813	-1,30668	29813	-1,55512	
29814	-1,40665	29814	-1,34448	29814	-1,54794	
29815	-1,39383	29815	-1,37666	29815	-1,53232	
29816	-1,36602	29816	-1,39602	29816	-1,50451	
29817	-1,33383	29817	-1,40914	29817	-1,46733	
29818	-1,2932	29818	-1,41539	29818	-1,42296	
29819	-1,24382	29819	-1,41039	29819	-1,36703	
29820	-1,18413	29820	-1,39665	29820	-1,30267	
29821	-1,1185	29821	-1,37541	29821	-1,23018	
29822	-1,04537	29822	-1,34604	29822	-1,14957	
29823	-0,964741	29823	-1,30668	29823	-1,06115	
29824	-0,878173	29824	-1,25983	29824	-0,965853	
29825	-0,786292	29825	-1,20516	29825	-0,864933	
29826	-0,689722	29826	-1,14425	29826	-0,758077	
29827	-0,587215	29827	-1,07552	29827	-0,645909	
29828	-0,480958	29828	-0,999617	29828	-0,529679	
29829	-0,373138	29829	-0,919336	29829	-0,41095	
29830	-0,262193	29830	-0,83062	29830	-0,287846	
29831	-0,14906	29831	-0,739406	29831	-0,16443	
29832	-0,0359276	29832	-0,641944	29832	-0,0382022	
29833	0,0781427	29833	-0,541671	29833	0,0861511	
29834	0,1894	29834	-0,439211	29834	0,209255	
29835	0,305346	29835	-0,329566	29835	0,335795	
29836	0,414416	29836	-0,220858	29836	0,456399	
29837	0,520673	29837	-0,111838	29837	0,572941	
29838	0,625681	29838	-0,000319168	29838	0,688859	
29839	0,726625	29839	0,111825	29839	0,799464	
29840	0,820694	29840	0,219908	29840	0,903509	
29841	0,911013	29841	0,329865	29841	1,00255	
29842	0,996331	29842	0,437948	29842	1,09504	
29843	1,07259	29843	0,541345	29843	1,18002	
29844	1,14384	29844	0,641618	29844	1,25907	
29845	1,20635	29845	0,738456	29845	1,32812	
29846	1,26198	29846	0,830607	29846	1,38905	
29847	1,31073	29847	0,91901	29847	1,44154	
29848	1,34823	29848	1,00023	29848	1,48372	
29849	1,37792	29849	1,07426	29849	1,51653	
29850	1,39761	29850	1,14236	29850	1,53871	
29851	1,41199	29851	1,20577	29851	1,55308	
29852	1,41386	29852	1,25982	29852	1,55621	
29853	1,40699	29853	1,30605	29853	1,54871	
29854	1,39355	29854	1,34572	29854	1,53277	
29855	1,36761	29855	1,37508	29855	1,50465	
29856	1,33229	29856	1,39508	29856	1,4656	
29857	1,29135	29857	1,40913	29857	1,42092	
29858	1,2426	29858	1,41507	29858	1,36593	
29859	1,18259	29859	1,40913	29859	1,3	
29860	1,11509	29860	1,39601	29860	1,22752	
29861	1,04321	29861	1,37571	29861	1,14878	
29862	0,962267	29862	1,34447	29862	1,05911	
29863	0,875073	29863	1,30605	29863	0,963186	
29864	0,783504	29864	1,25919	29864	0,861954	
29865	0,685997	29865	1,20515	29865	0,754785	
29866	0,58349	29866	1,14361	29866	0,642929	
29867	0,477858	29867	1,07426	29867	0,526387	
29868	0,37035	29868	0,999292	29868	0,407033	
29869	0,258155	29869	0,917761	29869	0,284866	
29870	0,146585	29870	0,831545	29870	0,161138	
29871	0,0328271	29871	0,738456	29871	0,0361598	
29872	-0,0831184	29872	0,641618	29872	-0,0903806	
29873	-0,193751	29873	0,54197	29873	-0,213172	
29874	-0,307509	29874	0,436698	29874	-0,337525	
29875	-0,418454	29875	0,328928	29875	-0,460316	
29876	-0,523774	29876	0,221782	29876	-0,576233	
29877	-0,628781	29877	0,1112	29877	-0,691526	
29878	-0,73035	29878	-0,00156868	29878	-0,802756	
29879	-0,824419	29879	-0,111213	29879	-0,906488	
29880	-0,912863	29880	-0,220233	29880	-1,00397	
29881	-0,997869	29881	-0,330815	29881	-1,09739	
29882	-1,07662	29882	-0,437961	29882	-1,18331	
29883	-1,146	29883	-0,541358	29883	-1,2608	
29884	-1,20945	29884	-0,642881	29884	-1,33016	
29885	-1,26445	29885	-0,739094	29885	-1,39015	
29886	-1,31195	29886	-0,832807	29886	-1,44264	
29887	-1,34914	29887	-0,918399	29887	-1,48357	
29888	-1,37852	29888	-0,999617	29888	-1,51576	
29889	-1,39946	29889	-1,07584	29889	-1,53919	
29890	-1,41133	29890	-1,14394	29890	-1,552	
29891	-1,41446	29891	-1,20579	29891	-1,55512	
29892	-1,40633	29892	-1,2592	29892	-1,54669	
29893	-1,39133	29893	-1,307	29893	-1,53013	
29894	-1,36664	29894	-1,34573	29894	-1,50357	
29895	-1,33164	29895	-1,37478	29895	-1,46514	
29896	-1,28914	29896	-1,39696	29896	-1,41796	
29897	-1,23914	29897	-1,41071	29897	-1,3636	
29898	-1,18069	29898	-1,41446	29898	-1,29798	
29899	-1,11256	29899	-1,40914	29899	-1,22393	
29900	-1,04006	29900	-1,39759	29900	-1,14363	
29901	-0,959741	29901	-1,37634	29901	-1,05584	
29902	-0,872235	29902	-1,34448	29902	-0,959291	
29903	-0,779729	29903	-1,30637	29903	-0,857747	
29904	-0,68316	29904	-1,26045	29904	-0,751515	
29905	-0,580965	29905	-1,20579	29905	-0,639035	
29906	-0,47502	29906	-1,14456	29906	-0,522805	
29907	-0,366575	29907	-1,07615	29907	-0,402514	
29908	-0,255318	29908	-1,00055	29908	-0,28066	
29909	-0,141247	29909	-0,917774	29909	-0,154744	
29910	-0,0274895	29910	-0,830933	29910	-0,0307035	
29911	0,0853307	29911	-0,739406	29911	0,0939623	
29912	0,199089	29912	-0,642256	29912	0,219253	
29913	0,311284	29913	-0,541358	29913	0,342981	
29914	0,422229	29914	-0,436712	29914	0,464835	
29915	0,529111	29915	-0,330815	29915	0,580752	
29916	0,631306	29916	-0,221795	29916	0,69542	
29917	0,733188	29917	-0,110589	29917	0,806338	
29918	0,827882	29918	-6,7895E-6	29918	0,910695	
29919	0,915701	29919	0,109638	29919	1,00787	
29920	1,00133	29920	0,222094	29920	1,1016	
29921	1,07977	29921	0,330802	29921	1,18658	
29922	1,14697	29922	0,435761	29922	1,2622	
29923	1,21135	29923	0,541345	29923	1,3325	
29924	1,26666	29924	0,642868	29924	1,39342	
29925	1,31135	29925	0,737206	29925	1,44248	
29926	1,35042	29926	0,830607	29926	1,48622	
29927	1,38042	29927	0,91901	29927	1,51965	
29928	1,39917	29928	0,998042	29928	1,53965	
29929	1,41105	29929	1,07426	29929	1,55246	

