Time - Plot 0	Amplitude - Plot 0	Time - Plot 1	Amplitude - Plot 1	Time - Plot 2	Amplitude - Plot 2	
27402	-0,739413	27402	-0,739718	27402	-0,738392	
27403	-0,830982	27403	-0,830933	27403	-0,830876	
27404	-0,918176	27404	-0,918399	27404	-0,918361	
27405	-1,00068	27405	-1,00087	27405	-1,00085	
27406	-1,076	27406	-1,07615	27406	-1,07521	
27407	-1,1435	27407	-1,14362	27407	-1,14363	
27408	-1,20538	27408	-1,20579	27408	-1,20519	
27409	-1,25914	27409	-1,25952	27409	-1,25955	
27410	-1,30695	27410	-1,307	27410	-1,30642	
27411	-1,34445	27411	-1,34479	27411	-1,34422	
27412	-1,37383	27412	-1,37447	27412	-1,37422	
27413	-1,39727	27413	-1,3979	27413	-1,39734	
27414	-1,4104	27414	-1,41071	27414	-1,40952	
27415	-1,41383	27415	-1,41352	27415	-1,41327	
27416	-1,4104	27416	-1,40977	27416	-1,40921	
27417	-1,39727	27417	-1,3979	27417	-1,3964	
27418	-1,37539	27418	-1,37541	27418	-1,37453	
27419	-1,3432	27419	-1,34417	27419	-1,34297	
27420	-1,30601	27420	-1,30637	27420	-1,30579	
27421	-1,25976	27421	-1,25952	27421	-1,25986	
27422	-1,20601	27422	-1,20579	27422	-1,2055	
27423	-1,14382	27423	-1,14456	27423	-1,14426	
27424	-1,07412	27424	-1,07428	27424	-1,0749	
27425	-0,998806	27425	-0,999617	27425	-0,999284	
27426	-0,919426	27426	-0,919961	27426	-0,919611	
27427	-0,830982	27427	-0,83062	27427	-0,831501	
27428	-0,738163	27428	-0,737844	27428	-0,737768	
27429	-0,641282	27429	-0,642256	27429	-0,642159	
27430	-0,542212	27430	-0,541983	27430	-0,541552	
27431	-0,43658	27431	-0,437336	27431	-0,43657	
27432	-0,329385	27432	-0,330503	27432	-0,330026	
27433	-0,22094	27433	-0,220858	27433	-0,22067	
27434	-0,11062	27434	-0,111213	27434	-0,10944	
27435	0,000324867	27435	0,000305589	27435	0,000853482	
27436	0,109707	27436	0,110263	27436	0,110522	
27437	0,22159	27437	0,221782	27437	0,221752	
27438	0,330348	27438	0,33049	27438	0,330484	
27439	0,435667	27439	0,436073	27439	0,43609	
27440	0,541612	27440	0,541033	27440	0,541697	
27441	0,642557	27441	0,642556	27441	0,642929	
27442	0,739126	27442	0,738456	27442	0,73885	
27443	0,830382	27443	0,830295	27443	0,831334	
27444	0,918201	27444	0,918386	27444	0,919131	
27445	0,999144	27445	0,999292	27445	0,99943	
27446	1,07602	27446	1,07582	27446	1,07629	
27447	1,14384	27447	1,14361	27447	1,1444	
27448	1,2051	27448	1,20515	27448	1,20502	
27449	1,25979	27449	1,26013	27449	1,26126	
27450	1,3076	27450	1,3073	27450	1,30656	
27451	1,34511	27451	1,34478	27451	1,34531	
27452	1,37448	27452	1,37446	27452	1,37405	
27453	1,39636	27453	1,39664	27453	1,39717	
27454	1,41011	27454	1,41007	27454	1,40998	
27455	1,41386	27455	1,41319	27455	1,41405	
27456	1,41042	27456	1,40976	27456	1,40998	
27457	1,39698	27457	1,39695	27457	1,39749	
27458	1,37386	27458	1,37321	27458	1,37405	
27459	1,34448	27459	1,34353	27459	1,34499	
27460	1,30635	27460	1,30605	27460	1,30625	
27461	1,26072	27461	1,26075	27461	1,26032	
27462	1,20572	27462	1,20577	27462	1,20627	
27463	1,14415	27463	1,14392	27463	1,14378	
27464	1,07477	27464	1,07426	27464	1,07442	
27465	0,999144	27465	0,998979	27465	1,00005	
27466	0,919139	27466	0,919323	27466	0,919444	
27467	0,832257	27467	0,831545	27467	0,832584	
27468	0,738188	27468	0,738143	27468	0,738225	
27469	0,641619	27469	0,641306	27469	0,641055	
27470	0,541925	27470	0,541345	27470	0,542322	
27471	0,436918	27471	0,436386	27471	0,43734	
27472	0,330348	27472	0,329865	27472	0,330796	
27473	0,220965	27473	0,220845	27473	0,221752	
27474	0,111583	27474	0,1112	27474	0,111772	
27475	0,000637388	27475	0,000305589	27475	0,000853482	
27476	-0,111245	27476	-0,111526	27476	-0,11069	
27477	-0,220315	27477	-0,221171	27477	-0,22067	
27478	-0,330635	27478	-0,331128	27478	-0,330026	
27479	-0,436893	27479	-0,437024	27479	-0,43657	
27480	-0,540337	27480	-0,541046	27480	-0,540302	
27481	-0,642219	27481	-0,642881	27481	-0,642784	
27482	-0,739101	27482	-0,739406	27482	-0,73808	
27483	-0,829732	27483	-0,83062	27483	-0,830251	
27484	-0,919113	27484	-0,919336	27484	-0,918361	
27485	-0,999744	27485	-0,999929	27485	-0,999597	
27486	-1,07537	27486	-1,07584	27486	-1,07521	
27487	-1,14257	27487	-1,14425	27487	-1,14332	
27488	-1,20538	27488	-1,20547	27488	-1,20519	
27489	-1,25976	27489	-1,26014	27489	-1,25893	
27490	-1,3057	27490	-1,30606	27490	-1,30579	
27491	-1,34445	27491	-1,34542	27491	-1,34422	
27492	-1,37446	27492	-1,37541	27492	-1,37359	
27493	-1,3954	27493	-1,39665	27493	-1,39609	
27494	-1,41102	27494	-1,41133	27494	-1,41046	
27495	-1,41415	27495	-1,41446	27495	-1,41359	
27496	-1,40821	27496	-1,40883	27496	-1,40796	
27497	-1,39727	27497	-1,39821	27497	-1,39671	
27498	-1,37508	27498	-1,37572	27498	-1,37484	
27499	-1,34445	27499	-1,34448	27499	-1,34391	
27500	-1,30539	27500	-1,30575	27500	-1,30517	
27501	-1,26007	27501	-1,26014	27501	-1,25924	
27502	-1,2057	27502	-1,2061	27502	-1,2055	
27503	-1,14319	27503	-1,14394	27503	-1,14301	
27504	-1,07475	27504	-1,07521	27504	-1,07427	
27505	-0,998494	27505	-0,999305	27505	-0,998659	
27506	-0,918176	27506	-0,918711	27506	-0,917736	
27507	-0,831295	27507	-0,83187	27507	-0,831814	
27508	-0,737538	27508	-0,737844	27508	-0,737143	
27509	-0,640657	27509	-0,641319	27509	-0,640597	
27510	-0,542212	27510	-0,543233	27510	-0,541552	
27511	-0,437518	27511	-0,437961	27511	-0,437195	
27512	-0,32876	27512	-0,329566	27512	-0,329089	
27513	-0,221253	27513	-0,221171	27513	-0,22067	
27514	-0,109995	27514	-0,111838	27514	-0,111002	
27515	-0,000612698	27515	-0,000631546	27515	-0,0003963	
27516	0,111583	27516	0,110888	27516	0,111772	
27517	0,221903	27517	0,221782	27517	0,222377	
27518	0,32941	27518	0,329865	27518	0,330171	
27519	0,436918	27519	0,436698	27519	0,437028	
27520	0,5413	27520	0,541345	27520	0,541697	
27521	0,642557	27521	0,642556	27521	0,642617	
27522	0,739439	27522	0,738456	27522	0,739162	
27523	0,83007	27523	0,82967	27523	0,830397	
27524	0,919451	27524	0,919323	27524	0,919444	
27525	1,00071	27525	1,00023	27525	1,00099	
27526	1,07352	27526	1,07364	27526	1,07348	
27527	1,14447	27527	1,14361	27527	1,1444	
27528	1,20666	27528	1,2064	27528	1,20658	
27529	1,26104	27529	1,26013	27529	1,26063	
27530	1,30667	27530	1,30574	27530	1,30688	
27531	1,34479	27531	1,34416	27531	1,34531	
27532	1,37542	27532	1,37571	27532	1,37561	
27533	1,39698	27533	1,39664	27533	1,39749	
27534	1,4098	27534	1,40976	27534	1,40998	
27535	1,41449	27535	1,41444	27535	1,41467	
27536	1,4098	27536	1,40882	27536	1,40936	
27537	1,3973	27537	1,39664	27537	1,39749	
27538	1,37417	27538	1,37415	27538	1,37468	
27539	1,34417	27539	1,34385	27539	1,34468	
27540	1,30667	27540	1,30667	27540	1,30688	
27541	1,26072	27541	1,26075	27541	1,26095	
27542	1,20478	27542	1,20452	27542	1,20533	
27543	1,14353	27543	1,14299	27543	1,14378	
27544	1,07571	27544	1,07551	27544	1,07567	
27545	0,999457	27545	0,999917	27545	0,999117	
27546	0,918826	27546	0,91901	27546	0,919756	
27547	0,83132	27547	0,83092	27547	0,831646	
27548	0,737876	27548	0,737831	27548	0,738538	
27549	0,642869	27549	0,642868	27549	0,642929	
27550	0,539737	27550	0,540095	27550	0,540447	
27551	0,436605	27551	0,436698	27551	0,437652	
27552	0,329723	27552	0,329552	27552	0,330171	
27553	0,22159	27553	0,221782	27553	0,222377	
27554	0,111583	27554	0,111825	27554	0,112084	
27555	-0,000612698	27555	-0,0012563	27555	-0,0003963	
27556	-0,11062	27556	-0,110901	27556	-0,109752	
27557	-0,22094	27557	-0,220858	27557	-0,220358	
27558	-0,33126	27558	-0,331128	27558	-0,330651	
27559	-0,436893	27559	-0,437649	27559	-0,436258	
27560	-0,541587	27560	-0,541983	27560	-0,541552	
27561	-0,641282	27561	-0,641632	27561	-0,641534	
27562	-0,739413	27562	-0,739094	27562	-0,738392	
27563	-0,83192	27563	-0,83187	27563	-0,831501	
27564	-0,917863	27564	-0,918086	27564	-0,917736	
27565	-0,999744	27565	-0,999929	27565	-0,999284	
27566	-1,07506	27566	-1,07584	27566	-1,07552	
27567	-1,1435	27567	-1,14394	27567	-1,14363	
27568	-1,20507	27568	-1,20579	27568	-1,20519	
27569	-1,26007	27569	-1,25983	27569	-1,25955	
27570	-1,3057	27570	-1,30606	27570	-1,30517	
27571	-1,34633	27571	-1,34636	27571	-1,34485	
27572	-1,37446	27572	-1,37572	27572	-1,37422	
27573	-1,39571	27573	-1,39571	27573	-1,39484	
27574	-1,41102	27574	-1,41102	27574	-1,41046	
27575	-1,41415	27575	-1,41383	27575	-1,41327	
27576	-1,4104	27576	-1,40946	27576	-1,40921	
27577	-1,39633	27577	-1,39665	27577	-1,39609	
27578	-1,37539	27578	-1,37603	27578	-1,37484	
27579	-1,3457	27579	-1,34573	27579	-1,34454	
27580	-1,3057	27580	-1,30637	27580	-1,30611	
27581	-1,25945	27581	-1,25983	27581	-1,25955	
27582	-1,20445	27582	-1,20516	27582	-1,20519	
27583	-1,1435	27583	-1,14425	27583	-1,14332	
27584	-1,076	27584	-1,07646	27584	-1,07552	
27585	-0,998806	27585	-0,999305	27585	-0,998659	
27586	-0,917238	27586	-0,917462	27586	-0,917111	
27587	-0,832232	27587	-0,832495	27587	-0,831501	
27588	-0,738788	27588	-0,739094	27588	-0,73808	
27589	-0,640969	27589	-0,641007	27589	-0,640285	
27590	-0,54065	27590	-0,541671	27590	-0,541239	
27591	-0,43783	27591	-0,437961	27591	-0,436883	
27592	-0,33126	27592	-0,330503	27592	-0,330026	
27593	-0,220628	27593	-0,220546	27593	-0,220983	
27594	-0,110933	27594	-0,111213	27594	-0,110065	
27595	1,23455E-5	27595	-0,000319168	27595	0,000541036	
27596	0,110332	27596	0,110263	27596	0,111147	
27597	0,220653	27597	0,221157	27597	0,220815	
27598	0,330973	27598	0,330802	27598	0,330796	
27599	0,438168	27599	0,437635	27599	0,437965	
27600	0,540987	27600	0,540095	27600	0,540759	
27601	0,641932	27601	0,641306	27601	0,641679	
27602	0,739751	27602	0,739393	27602	0,739475	
27603	0,830695	27603	0,830295	27603	0,830397	
27604	0,917263	27604	0,917136	27604	0,918194	
27605	0,999144	27605	0,999604	27605	0,999742	
27606	1,0754	27606	1,07489	27606	1,07535	
27607	1,14415	27607	1,14361	27607	1,1444	
27608	1,20572	27608	1,20546	27608	1,20627	
27609	1,25979	27609	1,25888	27609	1,26032	
27610	1,30729	27610	1,30636	27610	1,3075	
27611	1,34542	27611	1,34478	27611	1,34624	
27612	1,37511	27612	1,37477	27612	1,37561	
27613	1,39636	27613	1,39601	27613	1,39749	
27614	1,41105	27614	1,41069	27614	1,41092	
27615	1,41511	27615	1,41476	27615	1,41498	
27616	1,40855	27616	1,40882	27616	1,40905	
27617	1,39636	27617	1,39695	27617	1,39749	
27618	1,37636	27618	1,3754	27618	1,37655	
27619	1,34448	27619	1,34478	27619	1,34531	
27620	1,30698	27620	1,30636	27620	1,30688	
27621	1,25947	27621	1,25919	27621	1,2597	
27622	1,20603	27622	1,20577	27622	1,20564	
27623	1,14447	27623	1,14392	27623	1,14472	
27624	1,07571	27624	1,07489	27624	1,07535	
27625	0,999144	27625	0,999604	27625	0,999742	
27626	0,918826	27626	0,918698	27626	0,919131	
27627	0,830382	27627	0,83092	27627	0,831646	
27628	0,738813	27628	0,739393	27628	0,739162	
27629	0,641932	27629	0,641618	27629	0,641679	
27630	0,542237	27630	0,54197	27630	0,542009	
27631	0,436605	27631	0,436386	27631	0,436715	
27632	0,329723	27632	0,329552	27632	0,330484	
27633	0,22159	27633	0,221157	27633	0,221752	
27634	0,111895	27634	0,111512	27634	0,112397	
27635	-0,000612698	27635	-0,000943924	27635	-0,0003963	
27636	-0,111245	27636	-0,111213	27636	-0,11069	
27637	-0,221565	27637	-0,221171	27637	-0,220983	
27638	-0,329698	27638	-0,330503	27638	-0,329401	
27639	-0,437518	27639	-0,437649	27639	-0,436883	
27640	-0,542212	27640	-0,542608	27640	-0,541552	
27641	-0,641907	27641	-0,642569	27641	-0,641534	
27642	-0,739101	27642	-0,739406	27642	-0,738705	
27643	-0,83067	27643	-0,831245	27643	-0,830564	
27644	-0,919426	27644	-0,918399	27644	-0,917736	
27645	-1,00006	27645	-1,00024	27645	-1,00022	
27646	-1,07506	27646	-1,07521	27646	-1,0749	
27647	-1,14257	27647	-1,14331	27647	-1,14332	
27648	-1,20663	27648	-1,20704	27648	-1,20706	
27649	-1,26039	27649	-1,26045	27649	-1,26018	
27650	-1,30633	27650	-1,30606	27650	-1,30517	
27651	-1,34383	27651	-1,34448	27651	-1,34422	
27652	-1,37446	27652	-1,37541	27652	-1,37391	
27653	-1,39758	27653	-1,3979	27653	-1,39703	
27654	-1,41008	27654	-1,41008	27654	-1,40921	
27655	-1,41508	27655	-1,41477	27655	-1,41421	
27656	-1,41008	27656	-1,41008	27656	-1,4089	
27657	-1,39633	27657	-1,39696	27657	-1,39609	
27658	-1,37633	27658	-1,37634	27658	-1,37672	
27659	-1,34445	27659	-1,34511	27659	-1,34391	
27660	-1,30539	27660	-1,30668	27660	-1,30579	
27661	-1,26007	27661	-1,26014	27661	-1,25986	
27662	-1,2057	27662	-1,20672	27662	-1,20612	
27663	-1,14475	27663	-1,14519	27663	-1,14488	
27664	-1,07537	27664	-1,0749	27664	-1,07521	
27665	-0,999744	27665	-0,999929	27665	-0,999597	
27666	-0,918488	27666	-0,918711	27666	-0,918049	
27667	-0,830982	27667	-0,831558	27667	-0,830564	
27668	-0,739726	27668	-0,740031	27668	-0,739642	
27669	-0,640969	27669	-0,641632	27669	-0,641847	
27670	-0,540025	27670	-0,540734	27670	-0,540302	
27671	-0,438143	27671	-0,437961	27671	-0,438445	
27672	-0,330323	27672	-0,330815	27672	-0,329401	
27673	-0,221253	27673	-0,220858	27673	-0,22067	
27674	-0,110308	27674	-0,111526	27674	-0,11069	
27675	0,00094991	27675	-6,7895E-6	27675	0,000853482	
27676	0,109707	27676	0,10995	27676	0,110209	
27677	0,22159	27677	0,221157	27677	0,220815	
27678	0,330348	27678	0,329865	27678	0,330484	
27679	0,437543	27679	0,437323	27679	0,437965	
27680	0,5413	27680	0,540095	27680	0,540759	
27681	0,641619	27681	0,641618	27681	0,641679	
27682	0,739751	27682	0,739705	27682	0,739787	
27683	0,830695	27683	0,829983	27683	0,831021	
27684	0,917888	27684	0,917761	27684	0,917569	
27685	1,00071	27685	1,00085	27685	1,00068	
27686	1,07634	27686	1,0752	27686	1,07629	
27687	1,14322	27687	1,14299	27687	1,14378	
27688	1,20635	27688	1,20577	27688	1,20627	
27689	1,25947	27689	1,26013	27689	1,26063	
27690	1,30573	27690	1,30542	27690	1,30594	
27691	1,34542	27691	1,34509	27691	1,34562	
27692	1,37386	27692	1,37415	27692	1,37468	
27693	1,39761	27693	1,39664	27693	1,3978	
27694	1,4098	27694	1,40976	27694	1,4103	
27695	1,41574	27695	1,41413	27695	1,41498	
27696	1,40949	27696	1,40882	27696	1,40873	
27697	1,39511	27697	1,39539	27697	1,39624	
27698	1,3748	27698	1,37508	27698	1,3753	
27699	1,34542	27699	1,34447	27699	1,34531	
27700	1,30604	27700	1,30542	27700	1,30594	
27701	1,2601	27701	1,25982	27701	1,26032	
27702	1,20541	27702	1,20515	27702	1,20596	
27703	1,14384	27703	1,14299	27703	1,14315	
27704	1,07634	27704	1,07582	27704	1,07598	
27705	1,00039	27705	0,999917	27705	1,00068	
27706	0,918826	27706	0,917761	27706	0,918506	
27707	0,83132	27707	0,830607	27707	0,831959	
27708	0,738501	27708	0,738143	27708	0,73885	
27709	0,642557	27709	0,641931	27709	0,641992	
27710	0,54005	27710	0,540408	27710	0,540759	
27711	0,438168	27711	0,437011	27711	0,437965	
27712	0,329723	27712	0,329865	27712	0,330796	
27713	0,219715	27713	0,219908	27713	0,220503	
27714	0,110645	27714	0,1112	27714	0,111459	
27715	0,00188747	27715	0,0015551	27715	0,00210326	
27716	-0,110933	27716	-0,112151	27716	-0,11069	
27717	-0,221565	27717	-0,221795	27717	-0,220983	
27718	-0,329698	27718	-0,330191	27718	-0,329714	
27719	-0,437205	27719	-0,437649	27719	-0,436883	
27720	-0,54065	27720	-0,541358	27720	-0,540302	
27721	-0,642532	27721	-0,642569	27721	-0,641847	
27722	-0,739101	27722	-0,739406	27722	-0,738392	
27723	-0,830982	27723	-0,831558	27723	-0,831189	
27724	-0,918176	27724	-0,918711	27724	-0,918049	
27725	-0,999431	27725	-1,00024	27725	-0,999597	
27726	-1,076	27726	-1,07615	27726	-1,07552	
27727	-1,14319	27727	-1,14331	27727	-1,14301	
27728	-1,20538	27728	-1,20579	27728	-1,20487	
27729	-1,2607	27729	-1,26077	27729	-1,2608	
27730	-1,30601	27730	-1,30637	27730	-1,30548	
27731	-1,34539	27731	-1,34479	27731	-1,34454	
27732	-1,37414	27732	-1,37541	27732	-1,37484	
27733	-1,39665	27733	-1,39665	27733	-1,3964	
27734	-1,40946	27734	-1,41008	27734	-1,4089	
27735	-1,41352	27735	-1,41477	27735	-1,41421	
27736	-1,40883	27736	-1,40914	27736	-1,4089	
27737	-1,39727	27737	-1,39727	27737	-1,3964	
27738	-1,37446	27738	-1,37541	27738	-1,37453	
27739	-1,34602	27739	-1,34542	27739	-1,34485	
27740	-1,3057	27740	-1,30637	27740	-1,30548	
27741	-1,26007	27741	-1,26045	27741	-1,25955	
27742	-1,20601	27742	-1,20641	27742	-1,20612	
27743	-1,1435	27743	-1,14362	27743	-1,14363	
27744	-1,07412	27744	-1,07428	27744	-1,07458	
27745	-1,00037	27745	-1,00087	27745	-1,00085	
27746	-0,919426	27746	-0,919024	27746	-0,918361	
27747	-0,83067	27747	-0,831245	27747	-0,830564	
27748	-0,738788	27748	-0,739094	27748	-0,738392	
27749	-0,640969	27749	-0,641319	27749	-0,640285	
27750	-0,541275	27750	-0,541983	27750	-0,541239	
27751	-0,436893	27751	-0,437649	27751	-0,43657	
27752	-0,330635	27752	-0,330815	27752	-0,329714	
27753	-0,22219	27753	-0,221795	27753	-0,221295	
27754	-0,111558	27754	-0,111526	27754	-0,11069	
27755	0,000637388	27755	-6,7895E-6	27755	0,000541036	
27756	0,111583	27756	0,111825	27756	0,111772	
27757	0,221903	27757	0,221469	27757	0,22269	
27758	0,328785	27758	0,328615	27758	0,328921	
27759	0,436918	27759	0,437323	27759	0,437965	
27760	0,541925	27760	0,541657	27760	0,542634	
27761	0,641932	27761	0,641931	27761	0,641992	
27762	0,737563	27762	0,737519	27762	0,73885	
27763	0,831632	27763	0,831232	27763	0,831021	
27764	0,917888	27764	0,917136	27764	0,918194	
27765	0,999769	27765	0,999604	27765	1,00005	
27766	1,07509	27766	1,07489	27766	1,07567	
27767	1,14447	27767	1,14361	27767	1,1444	
27768	1,20603	27768	1,20609	27768	1,20627	
27769	1,2601	27769	1,25982	27769	1,26063	
27770	1,30635	27770	1,30605	27770	1,30656	
27771	1,34448	27771	1,34385	27771	1,34499	
27772	1,37605	27772	1,37602	27772	1,37624	
27773	1,39761	27773	1,39695	27773	1,39717	
27774	1,40792	27774	1,40757	27774	1,40811	
27775	1,41449	27775	1,41413	27775	1,41467	
27776	1,41011	27776	1,40976	27776	1,41061	
27777	1,39667	27777	1,3957	27777	1,39655	
27778	1,37448	27778	1,37477	27778	1,3753	
27779	1,34417	27779	1,34447	27779	1,34499	
27780	1,30667	27780	1,30667	27780	1,30656	
27781	1,25947	27781	1,25919	27781	1,2597	
27782	1,20572	27782	1,20577	27782	1,20627	
27783	1,14322	27783	1,14299	27783	1,14378	
27784	1,07634	27784	1,07551	27784	1,07535	
27785	0,999769	27785	0,999917	27785	1,00005	
27786	0,918513	27786	0,918386	27786	0,918819	
27787	0,830695	27787	0,83092	27787	0,831021	
27788	0,739439	27788	0,73908	27788	0,739787	
27789	0,643182	27789	0,642556	27789	0,643554	
27790	0,540362	27790	0,539783	27790	0,541072	
27791	0,43723	27791	0,436698	27791	0,437652	
27792	0,331598	27792	0,330802	27792	0,331108	
27793	0,22034	27793	0,219908	27793	0,220815	
27794	0,110645	27794	0,110263	27794	0,111459	
27795	1,23455E-5	27795	-0,000631546	27795	0,000228591	
27796	-0,109995	27796	-0,111213	27796	-0,110377	
27797	-0,22094	27797	-0,220546	27797	-0,220358	
27798	-0,329385	27798	-0,330191	27798	-0,329401	
27799	-0,43783	27799	-0,438274	27799	-0,43657	
27800	-0,540962	27800	-0,542295	27800	-0,541239	
27801	-0,640657	27801	-0,640695	27801	-0,640597	
27802	-0,737851	27802	-0,737844	27802	-0,73808	
27803	-0,832232	27803	-0,832182	27803	-0,831189	
27804	-0,917551	27804	-0,918711	27804	-0,918361	
27805	-0,999431	27805	-0,999617	27805	-0,998972	
27806	-1,07537	27806	-1,07615	27806	-1,07583	
27807	-1,14382	27807	-1,14425	27807	-1,14332	
27808	-1,2057	27808	-1,20579	27808	-1,2055	
27809	-1,25976	27809	-1,26014	27809	-1,25955	
27810	-1,30633	27810	-1,30731	27810	-1,30642	
27811	-1,3457	27811	-1,34604	27811	-1,34547	
27812	-1,37446	27812	-1,37478	27812	-1,37453	
27813	-1,39633	27813	-1,39727	27813	-1,39609	
27814	-1,41008	27814	-1,41008	27814	-1,4089	
27815	-1,41477	27815	-1,41508	27815	-1,41484	
27816	-1,41008	27816	-1,41039	27816	-1,40952	
27817	-1,39633	27817	-1,39634	27817	-1,39546	
27818	-1,37383	27818	-1,37478	27818	-1,37391	
27819	-1,34539	27819	-1,34636	27819	-1,34485	
27820	-1,30601	27820	-1,30637	27820	-1,30579	
27821	-1,25914	27821	-1,25889	27821	-1,25893	
27822	-1,20601	27822	-1,2061	27822	-1,20675	
27823	-1,14413	27823	-1,14519	27823	-1,14363	
27824	-1,07537	27824	-1,0749	27824	-1,07458	
27825	-0,999431	27825	-1,00024	27825	-0,999597	
27826	-0,919426	27826	-0,919024	27826	-0,918361	
27827	-0,831295	27827	-0,831558	27827	-0,831189	
27828	-0,738476	27828	-0,738469	27828	-0,738392	
27829	-0,641594	27829	-0,641632	27829	-0,642159	
27830	-0,540962	27830	-0,541046	27830	-0,540615	
27831	-0,437205	27831	-0,437336	27831	-0,437508	
27832	-0,330323	27832	-0,330191	27832	-0,330339	
27833	-0,21969	27833	-0,220233	27833	-0,219733	
27834	-0,111558	27834	-0,111213	27834	-0,110377	
27835	-0,000612698	27835	-0,000943924	27835	-8,38547E-5	
27836	0,110645	27836	0,110263	27836	0,111147	
27837	0,22284	27837	0,222719	27837	0,222377	
27838	0,329723	27838	0,328928	27838	0,329546	
27839	0,43723	27839	0,436698	27839	0,437028	
27840	0,542237	27840	0,541345	27840	0,542009	
27841	0,642244	27841	0,641931	27841	0,641992	
27842	0,739126	27842	0,73908	27842	0,73885	
27843	0,830382	27843	0,829983	27843	0,831334	
27844	0,919451	27844	0,918073	27844	0,918819	
27845	1,00008	27845	0,999917	27845	0,99943	
27846	1,07602	27846	1,07489	27846	1,07598	
27847	1,14478	27847	1,14361	27847	1,14409	
27848	1,20541	27848	1,20515	27848	1,20564	
27849	1,25979	27849	1,25982	27849	1,26126	
27850	1,3076	27850	1,30667	27850	1,30719	
27851	1,34448	27851	1,34447	27851	1,34499	
27852	1,3748	27852	1,37446	27852	1,37499	
27853	1,3973	27853	1,39695	27853	1,39749	
27854	1,40855	27854	1,4082	27854	1,40842	
27855	1,41324	27855	1,41288	27855	1,41373	
27856	1,40886	27856	1,4082	27856	1,40873	
27857	1,39698	27857	1,39664	27857	1,39717	
27858	1,37448	27858	1,37508	27858	1,3753	
27859	1,34417	27859	1,34447	27859	1,34624	
27860	1,30698	27860	1,30605	27860	1,3075	
27861	1,26135	27861	1,26013	27861	1,26095	
27862	1,20572	27862	1,20546	27862	1,20596	
27863	1,14322	27863	1,14267	27863	1,14315	
27864	1,0754	27864	1,07457	27864	1,07504	
27865	1,00039	27865	1,00054	27865	1,00068	
27866	0,918513	27866	0,918386	27866	0,919444	
27867	0,830695	27867	0,82967	27867	0,831021	
27868	0,739126	27868	0,73908	27868	0,7401	
27869	0,643494	27869	0,642868	27869	0,642929	
27870	0,54005	27870	0,539471	27870	0,540135	
27871	0,436918	27871	0,437011	27871	0,437652	
27872	0,32941	27872	0,329865	27872	0,329859	
27873	0,221278	27873	0,220532	27873	0,22144	
27874	0,111895	27874	0,110575	27874	0,111459	
27875	-0,000300176	27875	-0,000631546	27875	0,000228591	
27876	-0,11062	27876	-0,111526	27876	-0,110065	
27877	-0,220315	27877	-0,220858	27877	-0,220983	
27878	-0,33001	27878	-0,330191	27878	-0,329714	
27879	-0,437205	27879	-0,437961	27879	-0,436883	
27880	-0,542837	27880	-0,54292	27880	-0,542177	
27881	-0,641594	27881	-0,642256	27881	-0,641847	
27882	-0,738476	27882	-0,738157	27882	-0,737768	
27883	-0,83192	27883	-0,832182	27883	-0,832126	
27884	-0,918176	27884	-0,918086	27884	-0,918673	
27885	-0,997869	27885	-0,999617	27885	-0,998972	
27886	-1,076	27886	-1,07615	27886	-1,07646	
27887	-1,14413	27887	-1,14425	27887	-1,14395	
27888	-1,20538	27888	-1,20547	27888	-1,20519	
27889	-1,25882	27889	-1,2592	27889	-1,25924	
27890	-1,30726	27890	-1,307	27890	-1,30673	
27891	-1,34633	27891	-1,34636	27891	-1,34579	
27892	-1,37508	27892	-1,3751	27892	-1,37453	
27893	-1,39696	27893	-1,39727	27893	-1,3964	
27894	-1,40946	27894	-1,40977	27894	-1,40921	
27895	-1,41415	27895	-1,41477	27895	-1,41359	
27896	-1,41008	27896	-1,41071	27896	-1,40984	
27897	-1,39602	27897	-1,39602	27897	-1,39546	
27898	-1,37352	27898	-1,37447	27898	-1,37391	
27899	-1,3457	27899	-1,34604	27899	-1,34516	
27900	-1,30664	27900	-1,30637	27900	-1,30611	
27901	-1,26039	27901	-1,25952	27901	-1,25986	
27902	-1,2057	27902	-1,20579	27902	-1,2055	
27903	-1,14507	27903	-1,14487	27903	-1,14395	
27904	-1,07444	27904	-1,07521	27904	-1,0749	
27905	-0,999431	27905	-1,00024	27905	-0,999597	
27906	-0,918176	27906	-0,918399	27906	-0,918049	
27907	-0,832545	27907	-0,832495	27907	-0,831814	
27908	-0,737226	27908	-0,738781	27908	-0,738392	
27909	-0,641907	27909	-0,642256	27909	-0,641534	
27910	-0,540962	27910	-0,541671	27910	-0,540927	
27911	-0,436893	27911	-0,437649	27911	-0,436883	
27912	-0,330635	27912	-0,331128	27912	-0,330339	
27913	-0,220315	27913	-0,220546	27913	-0,219733	
27914	-0,111558	27914	-0,111526	27914	-0,110065	
27915	-0,00123774	27915	-0,0012563	27915	-0,00102119	
27916	0,11127	27916	0,110575	27916	0,111459	
27917	0,222215	27917	0,221469	27917	0,222065	
27918	0,329723	27918	0,328928	27918	0,329859	
27919	0,436605	27919	0,437011	27919	0,437028	
27920	0,541612	27920	0,541345	27920	0,541384	
27921	0,641619	27921	0,641306	27921	0,641367	
27922	0,737876	27922	0,738143	27922	0,738225	
27923	0,831007	27923	0,830295	27923	0,831959	
27924	0,919139	27924	0,918073	27924	0,919131	
27925	1,00008	27925	1,00023	27925	1,00005	
27926	1,07602	27926	1,07582	27926	1,0766	
27927	1,14384	27927	1,14361	27927	1,14378	
27928	1,2051	27928	1,20452	27928	1,20564	
27929	1,26072	27929	1,25982	27929	1,26063	
27930	1,30635	27930	1,30698	27930	1,30688	
27931	1,34417	27931	1,34416	27931	1,34437	
27932	1,37448	27932	1,37508	27932	1,37561	
27933	1,39698	27933	1,39601	27933	1,39686	
27934	1,40917	27934	1,40882	27934	1,40873	
27935	1,4148	27935	1,41351	27935	1,41436	
27936	1,40886	27936	1,40851	27936	1,40998	
27937	1,39698	27937	1,39632	27937	1,39686	
27938	1,37511	27938	1,37571	27938	1,37561	
27939	1,34511	27939	1,34447	27939	1,34562	
27940	1,30698	27940	1,30636	27940	1,30719	
27941	1,26135	27941	1,26013	27941	1,26001	
27942	1,20603	27942	1,20577	27942	1,20658	
27943	1,14478	27943	1,14455	27943	1,14378	
27944	1,07415	27944	1,07426	27944	1,07504	
27945	1,00071	27945	1,00023	27945	1,00162	
27946	0,919451	27946	0,918698	27946	0,919444	
27947	0,83007	27947	0,82967	27947	0,830397	
27948	0,739126	27948	0,738456	27948	0,739162	
27949	0,641932	27949	0,642243	27949	0,642304	
27950	0,54005	27950	0,539783	27950	0,540447	
27951	0,436292	27951	0,436386	27951	0,437028	
27952	0,32941	27952	0,329865	27952	0,330171	
27953	0,221278	27953	0,220845	27953	0,221752	
27954	0,11127	27954	0,110888	27954	0,111459	
27955	0,000324867	27955	-0,000319168	27955	0,000228591	
27956	-0,11062	27956	-0,111213	27956	-0,11069	
27957	-0,221565	27957	-0,222108	27957	-0,220983	
27958	-0,32876	27958	-0,329878	27958	-0,329089	
27959	-0,436268	27959	-0,436712	27959	-0,435633	
27960	-0,542212	27960	-0,542295	27960	-0,542177	
27961	-0,641594	27961	-0,641632	27961	-0,641222	
27962	-0,737538	27962	-0,738157	27962	-0,737455	
27963	-0,83192	27963	-0,832182	27963	-0,831189	
27964	-0,919113	27964	-0,919336	27964	-0,918361	
27965	-1,00037	27965	-1,00024	27965	-0,999597	
27966	-1,07444	27966	-1,07521	27966	-1,07521	
27967	-1,14413	27967	-1,14362	27967	-1,14363	
27968	-1,2057	27968	-1,20579	27968	-1,2055	
27969	-1,26007	27969	-1,26014	27969	-1,25986	
27970	-1,30633	27970	-1,307	27970	-1,30611	
27971	-1,34508	27971	-1,34479	27971	-1,34391	
27972	-1,37352	27972	-1,3751	27972	-1,37422	
27973	-1,39727	27973	-1,39727	27973	-1,3964	
27974	-1,40883	27974	-1,40977	27974	-1,40859	
27975	-1,41415	27975	-1,41446	27975	-1,4139	
27976	-1,41133	27976	-1,41071	27976	-1,41015	
27977	-1,39571	27977	-1,39665	27977	-1,39578	
27978	-1,37446	27978	-1,37478	27978	-1,37391	
27979	-1,3457	27979	-1,34604	27979	-1,34454	
27980	-1,30601	27980	-1,307	27980	-1,30579	
27981	-1,25976	27981	-1,25983	27981	-1,25955	
27982	-1,20538	27982	-1,20547	27982	-1,20487	
27983	-1,14382	27983	-1,14456	27983	-1,14363	
27984	-1,07506	27984	-1,07584	27984	-1,07521	
27985	-1,00006	27985	-1,00024	27985	-0,999909	
27986	-0,917551	27986	-0,918086	27986	-0,917736	
27987	-0,830357	27987	-0,830308	27987	-0,830251	
27988	-0,738163	27988	-0,738781	27988	-0,737455	
27989	-0,642844	27989	-0,643506	27989	-0,642784	
27990	-0,540337	27990	-0,541046	27990	-0,540302	
27991	-0,435643	27991	-0,436087	27991	-0,435945	
27992	-0,329073	27992	-0,330191	27992	-0,329714	
27993	-0,221565	27993	-0,221171	27993	-0,221295	
27994	-0,111245	27994	-0,111213	27994	-0,110377	
27995	0,000637388	27995	0,000305589	27995	0,000541036	
27996	0,110645	27996	0,110888	27996	0,111147	
27997	0,221903	27997	0,221469	27997	0,221752	
27998	0,330348	27998	0,33049	27998	0,330171	
27999	0,438168	27999	0,437323	27999	0,43734	
28000	0,541925	28000	0,541657	28000	0,542322	
28001	0,641932	28001	0,641306	28001	0,641992	
28002	0,738188	28002	0,738143	28002	0,738538	
28003	0,831945	28003	0,831545	28003	0,831334	
28004	0,919764	28004	0,91901	28004	0,920069	
28005	0,998207	28005	0,998355	28005	0,998805	
28006	1,07446	28006	1,07426	28006	1,07504	
28007	1,14509	28007	1,14455	28007	1,14503	
28008	1,20572	28008	1,20546	28008	1,20533	
28009	1,25916	28009	1,25919	28009	1,25938	
28010	1,30667	28010	1,30667	28010	1,30656	
28011	1,34479	28011	1,34447	28011	1,34499	
28012	1,37573	28012	1,37571	28012	1,37593	
28013	1,39605	28013	1,39508	28013	1,39655	
28014	1,41011	28014	1,40913	28014	1,40967	
28015	1,41386	28015	1,41351	28015	1,41405	
28016	1,41136	28016	1,41007	28016	1,41061	
28017	1,39698	28017	1,39664	28017	1,39749	
28018	1,37355	28018	1,37415	28018	1,37436	
28019	1,34573	28019	1,34509	28019	1,34593	
28020	1,30698	28020	1,30574	28020	1,30688	
28021	1,25822	28021	1,25825	28021	1,25938	
28022	1,20666	28022	1,20577	28022	1,20596	
28023	1,14603	28023	1,1458	28023	1,14597	
28024	1,07446	28024	1,07395	28024	1,07442	
28025	0,999457	28025	0,999604	28025	0,999742	
28026	0,918826	28026	0,91901	28026	0,918819	
28027	0,830382	28027	0,830607	28027	0,831021	
28028	0,738501	28028	0,738143	28028	0,738538	
28029	0,640994	28029	0,640994	28029	0,641055	
28030	0,5413	28030	0,541033	28030	0,541697	
28031	0,436605	28031	0,437011	28031	0,437028	
28032	0,330348	28032	0,33049	28032	0,330796	
28033	0,221903	28033	0,221782	28033	0,222377	
28034	0,11002	28034	0,109013	28034	0,109897	
28035	0,000637388	28035	0,000305589	28035	0,000853482	
28036	-0,109995	28036	-0,109964	28036	-0,109127	
28037	-0,221253	28037	-0,221483	28037	-0,221295	
28038	-0,330635	28038	-0,330503	28038	-0,329714	
28039	-0,43658	28039	-0,437024	28039	-0,43657	
28040	-0,5419	28040	-0,541671	28040	-0,541239	
28041	-0,641594	28041	-0,642256	28041	-0,641222	
28042	-0,739726	28042	-0,740031	28042	-0,739017	
28043	-0,83067	28043	-0,831245	28043	-0,830564	
28044	-0,918176	28044	-0,918711	28044	-0,918361	
28045	-0,999431	28045	-0,999617	28045	-0,998972	
28046	-1,07569	28046	-1,07552	28046	-1,0749	
28047	-1,14413	28047	-1,14456	28047	-1,14426	
28048	-1,20507	28048	-1,20579	28048	-1,20456	
28049	-1,25851	28049	-1,2592	28049	-1,25924	
28050	-1,30789	28050	-1,30825	28050	-1,30704	
28051	-1,34477	28051	-1,34511	28051	-1,34454	
28052	-1,37446	28052	-1,37447	28052	-1,37422	
28053	-1,39571	28053	-1,39634	28053	-1,39546	
28054	-1,40883	28054	-1,41008	28054	-1,40952	
28055	-1,41446	28055	-1,41446	28055	-1,4139	
28056	-1,40915	28056	-1,40977	28056	-1,40921	
28057	-1,39633	28057	-1,39634	28057	-1,3964	
28058	-1,37539	28058	-1,37634	28058	-1,37578	
28059	-1,34477	28059	-1,34479	28059	-1,34422	
28060	-1,30633	28060	-1,30668	28060	-1,30579	
28061	-1,25914	28061	-1,25889	28061	-1,25893	
28062	-1,20476	28062	-1,20579	28062	-1,20487	
28063	-1,14475	28063	-1,14519	28063	-1,14457	
28064	-1,07444	28064	-1,07552	28064	-1,07458	
28065	-0,999431	28065	-0,999617	28065	-0,998972	
28066	-0,918488	28066	-0,919024	28066	-0,918986	
28067	-0,831607	28067	-0,83187	28067	-0,831189	
28068	-0,737538	28068	-0,738157	28068	-0,737455	
28069	-0,642844	28069	-0,642569	28069	-0,642472	
28070	-0,541275	28070	-0,541671	28070	-0,540927	
28071	-0,437205	28071	-0,437336	28071	-0,436883	
28072	-0,33001	28072	-0,329878	28072	-0,329714	
28073	-0,221878	28073	-0,221795	28073	-0,22067	
28074	-0,11062	28074	-0,111213	28074	-0,111002	
28075	0,00094991	28075	0,000617967	28075	0,00116593	
28076	0,110645	28076	0,110575	28076	0,110834	
28077	0,220965	28077	0,221157	28077	0,221752	
28078	0,329723	28078	0,329865	28078	0,331108	
28079	0,435667	28079	0,436073	28079	0,436403	
28080	0,5413	28080	0,541033	28080	0,541697	
28081	0,642869	28081	0,642556	28081	0,642929	
28082	0,737876	28082	0,737831	28082	0,73885	
28083	0,830382	28083	0,830295	28083	0,831021	
28084	0,919139	28084	0,918698	28084	0,918819	
28085	1,00039	28085	0,999604	28085	0,999742	
28086	1,07477	28086	1,07457	28086	1,07567	
28087	1,14353	28087	1,14361	28087	1,14378	
28088	1,20603	28088	1,20577	28088	1,20627	
28089	1,2601	28089	1,25982	28089	1,26095	
28090	1,30635	28090	1,30667	28090	1,30656	
28091	1,34573	28091	1,34416	28091	1,34499	
28092	1,3748	28092	1,37508	28092	1,3753	
28093	1,39698	28093	1,39664	28093	1,39717	
28094	1,40886	28094	1,40882	28094	1,40936	
28095	1,4148	28095	1,41351	28095	1,41436	
28096	1,4098	28096	1,41007	28096	1,4103	
28097	1,39698	28097	1,39632	28097	1,39655	
28098	1,37448	28098	1,37383	28098	1,3753	
28099	1,34479	28099	1,34478	28099	1,34562	
28100	1,30667	28100	1,3073	28100	1,30719	
28101	1,2601	28101	1,26013	28101	1,26095	
28102	1,20478	28102	1,20546	28102	1,20533	
28103	1,14415	28103	1,14392	28103	1,1444	
28104	1,07571	28104	1,07457	28104	1,07567	
28105	0,999144	28105	0,998979	28105	0,999742	
28106	0,918513	28106	0,918073	28106	0,918506	
28107	0,831007	28107	0,830607	28107	0,831334	
28108	0,739126	28108	0,739393	28108	0,739475	
28109	0,642557	28109	0,642556	28109	0,642617	
28110	0,541612	28110	0,541033	28110	0,542009	
28111	0,436605	28111	0,436698	28111	0,437652	
28112	0,330348	28112	0,330177	28112	0,330796	
28113	0,221903	28113	0,221782	28113	0,222377	
28114	0,110645	28114	0,110263	28114	0,110209	
28115	-0,000612698	28115	-0,000943924	28115	-8,38547E-5	
28116	-0,10937	28116	-0,110276	28116	-0,10944	
28117	-0,22219	28117	-0,222108	28117	-0,22192	
28118	-0,329698	28118	-0,330815	28118	-0,330026	
28119	-0,436893	28119	-0,437336	28119	-0,436883	
28120	-0,541275	28120	-0,541358	28120	-0,540615	
28121	-0,641907	28121	-0,642256	28121	-0,641847	
28122	-0,738788	28122	-0,739406	28122	-0,739017	
28123	-0,830982	28123	-0,831245	28123	-0,831189	
28124	-0,918801	28124	-0,918711	28124	-0,918049	
28125	-0,999744	28125	-0,999929	28125	-0,999284	
28126	-1,0735	28126	-1,07459	28126	-1,07396	
28127	-1,14507	28127	-1,1455	28127	-1,14457	
28128	-1,20445	28128	-1,2061	28128	-1,20519	
28129	-1,25945	28129	-1,25952	28129	-1,25924	
28130	-1,30726	28130	-1,30762	28130	-1,30704	
28131	-1,34508	28131	-1,34573	28131	-1,34454	
28132	-1,37571	28132	-1,37572	28132	-1,37547	
28133	-1,39633	28133	-1,39727	28133	-1,3964	
28134	-1,40915	28134	-1,40977	28134	-1,40828	
28135	-1,41477	28135	-1,41508	28135	-1,41421	
28136	-1,40915	28136	-1,41008	28136	-1,40921	
28137	-1,3979	28137	-1,39759	28137	-1,39671	
28138	-1,37414	28138	-1,3751	28138	-1,37391	
28139	-1,34445	28139	-1,34479	28139	-1,34422	
28140	-1,30695	28140	-1,30731	28140	-1,30736	
28141	-1,25914	28141	-1,2592	28141	-1,25893	
28142	-1,20445	28142	-1,20516	28142	-1,20487	
28143	-1,14444	28143	-1,14519	28143	-1,14457	
28144	-1,07537	28144	-1,07552	28144	-1,07458	
28145	-1,00037	28145	-1,00055	28145	-1,00022	
28146	-0,918488	28146	-0,918711	28146	-0,918361	
28147	-0,83067	28147	-0,830933	28147	-0,830564	
28148	-0,738476	28148	-0,739406	28148	-0,73933	
28149	-0,640657	28149	-0,641007	28149	-0,640909	
28150	-0,541275	28150	-0,541358	28150	-0,540927	
28151	-0,43658	28151	-0,437024	28151	-0,436258	
28152	-0,329385	28152	-0,329878	28152	-0,329714	
28153	-0,221565	28153	-0,221795	28153	-0,221608	
28154	-0,109995	28154	-0,110589	28154	-0,10944	
28155	0,000637388	28155	-6,7895E-6	28155	0,00116593	
28156	0,109395	28156	0,109638	28156	0,110522	
28157	0,22159	28157	0,221782	28157	0,221752	
28158	0,330348	28158	0,329865	28158	0,331108	
28159	0,43723	28159	0,436698	28159	0,437028	
28160	0,540675	28160	0,540408	28160	0,541697	
28161	0,642244	28161	0,642243	28161	0,642304	
28162	0,739439	28162	0,738768	28162	0,739162	
28163	0,830695	28163	0,829983	28163	0,831021	
28164	0,918201	28164	0,918073	28164	0,918506	
28165	1,00071	28165	0,999604	28165	1,00037	
28166	1,07571	28166	1,07582	28166	1,07567	
28167	1,14447	28167	1,14392	28167	1,1444	
28168	1,20478	28168	1,20515	28168	1,20533	
28169	1,25854	28169	1,25825	28169	1,25845	
28170	1,30698	28170	1,3073	28170	1,3075	
28171	1,34542	28171	1,34509	28171	1,34531	
28172	1,37292	28172	1,37321	28172	1,37374	
28173	1,39698	28173	1,39632	28173	1,39686	
28174	1,4098	28174	1,40944	28174	1,40967	
28175	1,41417	28175	1,39164	28175	1,27251	
28176	1,40949	28176	1,36852	28176	1,26876	
28177	1,39605	28177	1,33572	28177	1,25689	
28178	1,37355	28178	1,29386	28178	1,23564	
28179	1,34323	28179	1,24545	28179	1,20971	
28180	1,30135	28180	1,18641	28180	1,17159	
28181	1,2551	28181	1,12206	28181	1,13034	
28182	1,19947	28182	1,05052	28182	1,07942	
28183	1,13603	28183	0,972115	28183	1,02286	
28184	1,06509	28184	0,886836	28184	0,959437	
28185	0,986018	28185	0,795309	28185	0,887887	
28186	0,904137	28186	0,700658	28186	0,813837	
28187	0,813819	28187	0,600697	28187	0,733226	
28188	0,716312	28188	0,494176	28188	0,645429	
28189	0,61818	28189	0,388904	28189	0,557007	
28190	0,515985	28190	0,279572	28190	0,464523	
28191	0,408166	28191	0,166178	28191	0,367352	
28192	0,299408	28192	0,054347	28192	0,269869	
28193	0,187838	28193	-0,0584215	28193	0,170511	
28194	0,0756426	28194	-0,171502	28194	0,0680293	
28195	-0,0362402	28195	-0,281772	28195	-0,0322657	
28196	-0,148748	28196	-0,391729	28196	-0,133811	
28197	-0,260631	28197	-0,497313	28197	-0,233793	
28198	-0,371888	28198	-0,603834	28198	-0,334713	
28199	-0,478771	28199	-0,702545	28199	-0,430321	
28200	-0,581903	28200	-0,797508	28200	-0,52343	
28201	-0,68441	28201	-0,889035	28201	-0,616226	
28202	-0,781916	28202	-0,974627	28202	-0,702461	
28203	-0,872235	28203	-1,0521	28203	-0,783697	
28204	-0,958178	28204	-1,12488	28204	-0,862433	
28205	-1,03787	28205	-1,18892	28205	-0,933671	
28206	-1,11225	28206	-1,24733	28206	-1,00022	
28207	-1,17788	28207	-1,29513	28207	-1,0599	
28208	-1,23601	28208	-1,33667	28208	-1,11239	
28209	-1,28695	28209	-1,36916	28209	-1,15863	
28210	-1,32945	28210	-1,39259	28210	-1,19612	
28211	-1,36508	28211	-1,40883	28211	-1,22799	
28212	-1,38821	28212	-1,41321	28212	-1,24893	
28213	-1,40477	28213	-1,41039	28213	-1,26424	
28214	-1,41415	28214	-1,39977	28214	-1,27267	
28215	-1,41258	28215	-1,37884	28215	-1,27111	
28216	-1,40133	28216	-1,34823	28216	-1,26111	
28217	-1,38258	28217	-1,3095	28217	-1,24362	
28218	-1,35383	28218	-1,26264	28218	-1,21768	
28219	-1,31789	28219	-1,20954	28219	-1,18581	
28220	-1,27132	28220	-1,1455	28220	-1,14457	
28221	-1,21913	28221	-1,07677	28221	-1,09677	
28222	-1,15788	28222	-0,999929	28222	-1,04209	
28223	-1,08944	28223	-0,9159	28223	-0,979913	
28224	-1,01443	28224	-0,828121	28224	-0,913049	
28225	-0,932239	28225	-0,733159	28225	-0,838063	
28226	-0,844108	28226	-0,634759	28226	-0,759014	
28227	-0,752539	28227	-0,533549	28227	-0,677153	
28228	-0,65347	28228	-0,425466	28228	-0,587794	
28229	-0,549713	28229	-0,316134	28229	-0,494997	
28230	-0,446581	28230	-0,206176	28230	-0,401889	
28231	-0,337823	28231	-0,0937203	28231	-0,303156	
28232	-0,227191	28232	0,0184235	28232	-0,204111	
28233	-0,113433	28233	0,132129	28233	-0,102254	
28234	-0,00123774	28234	0,244273	28234	-0,00102119	
28235	0,11127	28235	0,354543	28235	0,100524	
28236	0,222215	28236	0,461376	28236	0,200506	
28237	0,333785	28237	0,567272	28237	0,300801	
28238	0,443168	28238	0,669108	28238	0,398909	
28239	0,548488	28239	0,765633	28239	0,493268	
28240	0,649745	28240	0,857784	28240	0,585127	
28241	0,749127	28241	0,946187	28241	0,674486	
28242	0,842258	28242	1,02584	28242	0,758222	
28243	0,928827	28243	1,09925	28243	0,836021	
28244	1,01164	28244	1,16735	28244	0,91132	
28245	1,08821	28245	1,22795	28245	0,979433	
28246	1,15541	28246	1,27856	28246	1,04005	
28247	1,2176	28247	1,32385	28247	1,09598	
28248	1,27104	28248	1,35884	28248	1,14315	
28249	1,31635	28249	1,3857	28249	1,18471	
28250	1,35386	28250	1,40445	28250	1,21939	
28251	1,38105	28251	1,41226	28251	1,24282	
28252	1,40105	28252	1,41319	28252	1,26157	
28253	1,4123	28253	1,40413	28253	1,27157	
28254	1,41449	28254	1,38602	28254	1,27313	
28255	1,40636	28255	1,35915	28255	1,26657	
28256	1,38917	28256	1,3226	28256	1,25001	
28257	1,36573	28257	1,28074	28257	1,23001	
28258	1,33323	28258	1,22858	28258	1,19908	
28259	1,28698	28259	1,16579	28259	1,15815	
28260	1,23885	28260	1,10113	28260	1,11535	
28261	1,18072	28261	1,02647	28261	1,06286	
28262	1,11446	28262	0,945875	28262	1,00255	
28263	1,04196	28263	0,858409	28263	0,937878	
28264	0,960704	28264	0,765008	28264	0,864766	
28265	0,875698	28265	0,668483	28265	0,788216	
28266	0,784754	28266	0,568209	28266	0,706356	
28267	0,688185	28267	0,463563	28267	0,620121	
28268	0,586928	28268	0,354543	28268	0,528262	
28269	0,482233	28269	0,243961	28269	0,433903	
28270	0,376288	28270	0,132442	28270	0,338295	
28271	0,264718	28271	0,019673	28271	0,238312	
28272	0,15221	28272	-0,0937203	28272	0,13708	
28273	0,0412652	28273	-0,205239	28273	0,0374096	
28274	-0,0721801	28274	-0,317071	28274	-0,0647601	
28275	-0,185	28275	-0,426091	28275	-0,166617	
28276	-0,295633	28276	-0,531675	28276	-0,26535	
28277	-0,40439	28277	-0,633198	28277	-0,36377	
28278	-0,512835	28278	-0,73472	28278	-0,461566	
28279	-0,615655	28279	-0,827809	28279	-0,553737	
28280	-0,714099	28280	-0,915587	28280	-0,642159	
28281	-0,809418	28281	-0,99868	28281	-0,728707	
28282	-0,900674	28282	-1,07677	28282	-0,809942	
28283	-0,983805	28283	-1,14581	28283	-0,885242	
28284	-1,06069	28284	-1,20797	28284	-0,954917	
28285	-1,13194	28285	-1,26201	28285	-1,01834	
28286	-1,19726	28286	-1,30981	28286	-1,0774	
28287	-1,25257	28287	-1,34854	28287	-1,12739	
28288	-1,30164	28288	-1,37853	28288	-1,17144	
28289	-1,34008	28289	-1,39852	28289	-1,20675	
28290	-1,37102	28290	-1,40977	28290	-1,23424	
28291	-1,39571	28291	-1,41477	28291	-1,25611	
28292	-1,41008	28292	-1,40883	28292	-1,26892	
28293	-1,41352	28293	-1,39321	28293	-1,27142	
28294	-1,40977	28294	-1,36979	28294	-1,2683	
28295	-1,39727	28295	-1,3373	28295	-1,25643	
28296	-1,37539	28296	-1,297	28296	-1,23768	
28297	-1,3432	28297	-1,24733	28297	-1,20894	
28298	-1,30445	28298	-1,18986	28298	-1,17363	
28299	-1,25632	28299	-1,12519	28299	-1,13051	
28300	-1,20101	28300	-1,05335	28300	-1,08052	
28301	-1,13819	28301	-0,975252	28301	-1,02366	
28302	-1,06631	28302	-0,889348	28302	-0,959291	
28303	-0,987555	28303	-0,798133	28303	-0,888366	
28304	-0,905987	28304	-0,703795	28304	-0,815254	
28305	-0,816294	28305	-0,603834	28305	-0,734331	
28306	-0,72035	28306	-0,497938	28306	-0,648096	
28307	-0,621593	28307	-0,392979	28307	-0,559674	
28308	-0,518773	28308	-0,283022	28308	-0,466565	
28309	-0,412829	28309	-0,17119	28309	-0,370644	
28310	-0,302508	28310	-0,0590463	28310	-0,272224	
28311	-0,192188	28311	0,0537223	28311	-0,172554	
28312	-0,0787431	28312	0,167116	28312	-0,0706965	
28313	0,0334521	28313	0,27801	28313	0,0302234	
28314	0,146897	28314	0,387655	28314	0,131456	
28315	0,25878	28315	0,496675	28315	0,233313	
28316	0,368788	28316	0,59976	28316	0,332358	
28317	0,473483	28317	0,697534	28317	0,426717	
28318	0,580677	28318	0,796246	28318	0,522638	
28319	0,681622	28319	0,886211	28319	0,614184	
28320	0,777254	28320	0,970241	28320	0,700107	
28321	0,86976	28321	1,0499	28321	0,783217	
28322	0,956641	28322	1,12268	28322	0,861641	
28323	1,03665	28323	1,18734	28323	0,932879	
28324	1,10915	28324	1,24451	28324	0,998492	
28325	1,17541	28325	1,29418	28325	1,05817	
28326	1,2351	28326	1,33635	28326	1,11222	
28327	1,28604	28327	1,36884	28327	1,15815	
28328	1,32885	28328	1,39226	28328	1,19627	
28329	1,36386	28329	1,40788	28329	1,22752	
28330	1,38792	28330	1,41413	28330	1,24939	
28331	1,40636	28331	1,41163	28331	1,26563	
28332	1,41511	28332	1,39976	28332	1,27313	
28333	1,41199	28333	1,37789	28333	1,27032	
28334	1,40261	28334	1,34947	28334	1,26282	
28335	1,38386	28335	1,31105	28335	1,24564	
28336	1,35511	28336	1,26419	28336	1,21939	
28337	1,31917	28337	1,21015	28337	1,18721	
28338	1,27354	28338	1,14798	28338	1,14628	
28339	1,22103	28339	1,07832	28339	1,09879	
28340	1,15978	28340	1,00148	28340	1,0438	
28341	1,09134	28341	0,918386	28341	0,982245	
28342	1,01696	28342	0,830607	28342	0,915382	
28343	0,935702	28343	0,736894	28343	0,84227	
28344	0,848509	28344	0,63787	28344	0,764158	
28345	0,755377	28345	0,536035	28345	0,679485	
28346	0,655995	28346	0,428576	28346	0,591063	
28347	0,555988	28347	0,320493	28347	0,500454	
28348	0,448793	28348	0,208974	28348	0,404221	
28349	0,340036	28349	0,0965181	28349	0,306425	
28350	0,229403	28350	-0,0162505	28350	0,206755	
28351	0,118771	28351	-0,127457	28351	0,106773	
28352	0,00532521	28352	-0,24085	28352	0,00522772	
28353	-0,106245	28353	-0,350183	28353	-0,0956922	
28354	-0,220003	28354	-0,459203	28354	-0,197862	
28355	-0,329698	28355	-0,564162	28355	-0,296595	
28356	-0,438455	28356	-0,665685	28356	-0,39439	
28357	-0,5444	28357	-0,763459	28357	-0,489686	
28358	-0,64722	28358	-0,856236	28358	-0,581857	
28359	-0,745664	28359	-0,942764	28359	-0,670592	
28360	-0,837545	28360	-1,02242	28360	-0,754015	
28361	-0,926614	28361	-1,09802	28361	-0,833376	
28362	-1,00912	28362	-1,16674	28362	-0,908988	
28363	-1,08569	28363	-1,2264	28363	-0,976163	
28364	-1,15257	28364	-1,27763	28364	-1,03709	
28365	-1,2157	28365	-1,32387	28365	-1,09364	
28366	-1,26945	28366	-1,35854	28366	-1,14207	
28367	-1,31445	28367	-1,3854	28367	-1,18238	
28368	-1,35227	28368	-1,40383	28368	-1,21675	
28369	-1,38102	28369	-1,41321	28369	-1,24205	
28370	-1,40133	28370	-1,41383	28370	-1,26018	
28371	-1,41133	28371	-1,40415	28371	-1,26986	
28372	-1,41258	28372	-1,38634	28372	-1,27174	
28373	-1,40727	28373	-1,36073	28373	-1,2658	
28374	-1,38977	28374	-1,32511	28374	-1,25049	
28375	-1,36758	28375	-1,28294	28375	-1,22987	
28376	-1,33164	28376	-1,22984	28376	-1,198	
28377	-1,29039	28377	-1,16986	28377	-1,16051	
28378	-1,2407	28378	-1,10458	28378	-1,11708	
28379	-1,18163	28379	-1,02867	28379	-1,06334	
28380	-1,116	28380	-0,948387	28380	-1,00428	
28381	-1,04412	28381	-0,862483	28381	-0,939607	
28382	-0,964741	28382	-0,770644	28382	-0,868057	
28383	-0,87786	28383	-0,671932	28383	-0,790258	
28384	-0,787229	28384	-0,571659	28384	-0,708085	
28385	-0,690973	28385	-0,466075	28385	-0,62185	
28386	-0,590966	28386	-0,359242	28386	-0,531241	
28387	-0,485021	28387	-0,247723	28387	-0,43657	
28388	-0,378139	28388	-0,136204	28388	-0,339712	
28389	-0,269069	28389	-0,0231228	28389	-0,241917	
28390	-0,158124	28390	0,0887087	28390	-0,141622	
28391	-0,0443657	28391	0,201165	28391	-0,0397644	
28392	0,0693921	28392	0,313933	28392	0,0633426	
28393	0,181587	28393	0,422329	28393	0,16395	
28394	0,290345	28394	0,526038	28394	0,262683	
28395	0,402228	28395	0,630373	28395	0,362665	
28396	0,50911	28396	0,730022	28396	0,457961	
28397	0,61068	28397	0,822486	28397	0,549508	
28398	0,710999	28398	0,911826	28398	0,639805	
28399	0,808193	28399	0,997105	28399	0,726665	
28400	0,897887	28400	1,07364	28400	0,808213	
28401	0,981018	28401	1,14299	28401	0,883512	
28402	1,05946	28402	1,20515	28402	0,9535	
28403	1,13134	28403	1,26075	28403	1,01786	
28404	1,19541	28404	1,30792	28404	1,07629	
28405	1,25197	28405	1,34603	28405	1,12722	
28406	1,29979	28406	1,37696	28406	1,17065	
28407	1,34011	28407	1,39726	28407	1,20627	
28408	1,37261	28408	1,41069	28408	1,23533	
28409	1,39542	28409	1,41413	28409	1,25595	
28410	1,40824	28410	1,40726	28410	1,26782	
28411	1,41386	28411	1,39351	28411	1,27313	
28412	1,41136	28412	1,37071	28412	1,2697	
28413	1,39698	28413	1,33729	28413	1,2572	
28414	1,37667	28414	1,2973	28414	1,23814	
28415	1,34479	28415	1,24826	28415	1,21064	
28416	1,30573	28416	1,19172	28416	1,17534	
28417	1,2576	28417	1,12674	28417	1,13222	
28418	1,20228	28418	1,05552	28418	1,08285	
28419	1,1404	28419	0,976488	28419	1,02599	
28420	1,07009	28420	0,892458	28420	0,962874	
28421	0,991644	28421	0,801869	28421	0,893511	
28422	0,909138	28422	0,706593	28422	0,817899	
28423	0,818507	28423	0,60632	28423	0,737288	
28424	0,72475	28424	0,50261	28424	0,652615	
28425	0,625368	28425	0,395777	28425	0,56388	
28426	0,521611	28426	0,285507	28426	0,469834	
28427	0,415666	28427	0,174925	28427	0,374538	
28428	0,309096	28428	0,0637184	28428	0,277368	
28429	0,194713	28429	-0,0515492	28429	0,175198	
28430	0,082518	28430	-0,164005	28430	0,0745906	
28431	-0,0293647	28431	-0,274587	28431	-0,0266417	
28432	-0,14156	28432	-0,384232	28432	-0,127562	
28433	-0,25438	28433	-0,492315	28433	-0,228482	
28434	-0,364075	28434	-0,596024	28434	-0,327214	
28435	-0,472208	28435	-0,697235	28435	-0,42501	
28436	-0,577215	28436	-0,79251	28436	-0,519056	
28437	-0,676909	28437	-0,882788	28437	-0,609353	
28438	-0,775353	28438	-0,968379	28438	-0,698087	
28439	-0,867547	28439	-1,04866	28439	-0,779948	
28440	-0,953178	28440	-1,11926	28440	-0,857122	
28441	-1,03287	28441	-1,18486	28441	-0,929297	
28442	-1,10819	28442	-1,24421	28442	-0,997097	
28443	-1,17288	28443	-1,292	28443	-1,0549	
28444	-1,23163	28444	-1,33355	28444	-1,10833	
28445	-1,28508	28445	-1,36854	28445	-1,15613	
28446	-1,32758	28446	-1,39259	28446	-1,19394	
28447	-1,36196	28447	-1,40758	28447	-1,22518	
28448	-1,38852	28448	-1,41383	28448	-1,24862	
28449	-1,40446	28449	-1,41071	28449	-1,26393	
28450	-1,41383	28450	-1,4004	28450	-1,27174	
28451	-1,41165	28451	-1,37916	28451	-1,27017	
28452	-1,4029	28452	-1,35011	28452	-1,26268	
28453	-1,38383	28453	-1,31262	28453	-1,24549	
28454	-1,35602	28454	-1,26608	28454	-1,22018	
28455	-1,3207	28455	-1,21328	28455	-1,18894	
28456	-1,27508	28456	-1,15018	28456	-1,14801	
28457	-1,22132	28457	-1,0799	28457	-1,09958	
28458	-1,16319	28458	-1,00618	28458	-1,0474	
28459	-1,09381	28459	-0,922147	28459	-0,984287	
28460	-1,01943	28460	-0,83312	28460	-0,916486	
28461	-0,936927	28461	-0,740968	28461	-0,843999	
28462	-0,850358	28462	-0,641632	28462	-0,76495	
28463	-0,757852	28463	-0,538547	28463	-0,681527	
28464	-0,659095	28464	-0,433588	28464	-0,593105	
28465	-0,557838	28465	-0,323631	28465	-0,501871	
28466	-0,452831	28466	-0,213674	28466	-0,406575	
28467	-0,343761	28467	-0,100905	28467	-0,309717	
28468	-0,233129	28468	0,012176	28468	-0,21036	
28469	-0,121246	28469	0,125257	28469	-0,109127	
28470	-0,00811321	28470	0,237088	28470	-0,0072701	
28471	0,102832	28471	0,346108	28471	0,0924	
28472	0,215652	28472	0,455128	28472	0,194882	
28473	0,326597	28473	0,560712	28473	0,294552	
28474	0,434417	28474	0,660673	28474	0,39141	
28475	0,540987	28475	0,759697	28475	0,487644	
28476	0,644744	28476	0,853723	28476	0,580128	
28477	0,742564	28477	0,939315	28477	0,668237	
28478	0,836633	28478	1,02116	28478	0,753223	
28479	0,923514	28479	1,09519	28479	0,831646	
28480	1,00696	28480	1,16423	28480	0,906946	
28481	1,08321	28481	1,22389	28481	0,974747	
28482	1,15197	28482	1,27668	28482	1,03692	
28483	1,21228	28483	1,3201	28483	1,0916	
28484	1,26698	28484	1,35634	28484	1,14066	
28485	1,31385	28485	1,38445	28485	1,18252	
28486	1,35167	28486	1,40288	28486	1,21627	
28487	1,37917	28487	1,41194	28487	1,24126	
28488	1,40011	28488	1,41351	28488	1,26095	
28489	1,4123	28489	1,40538	28489	1,27188	
28490	1,41199	28490	1,38602	28490	1,27126	
28491	1,40667	28491	1,36103	28491	1,26626	
28492	1,39198	28492	1,32635	28492	1,25376	
28493	1,36667	28493	1,28262	28493	1,23033	
28494	1,33386	28494	1,23139	28494	1,20127	
28495	1,29166	28495	1,17266	28495	1,16253	
28496	1,2426	28496	1,10519	28496	1,11753	
28497	1,18447	28497	1,03147	28497	1,06567	
28498	1,11759	28498	0,950561	28498	1,00662	
28499	1,04602	28499	0,864657	28499	0,941315	
28500	0,965704	28500	0,772193	28500	0,87039	
28501	0,882886	28501	0,676605	28501	0,794153	
28502	0,791005	28502	0,574769	28502	0,71198	
28503	0,693185	28503	0,468248	28503	0,62387	
28504	0,595053	28504	0,362352	28504	0,536385	
28505	0,490671	28505	0,252395	28505	0,441714	
28506	0,381914	28506	0,139002	28506	0,342981	
28507	0,272531	28507	0,0268577	28507	0,245811	
28508	0,160961	28508	-0,0852861	28508	0,145828	
28509	0,0490782	28509	-0,198367	28509	0,0436585	
28510	-0,0640546	28510	-0,308637	28510	-0,0572614	
28511	-0,178437	28511	-0,419531	28511	-0,160368	
28512	-0,288445	28512	-0,524178	28512	-0,259101	
28513	-0,397515	28513	-0,627575	28513	-0,357521	
28514	-0,505335	28514	-0,726911	28514	-0,454067	
28515	-0,608154	28515	-0,821249	28515	-0,547176	
28516	-0,709411	28516	-0,911526	28516	-0,639035	
28517	-0,804105	28517	-0,994307	28517	-0,723395	
28518	-0,893799	28518	-1,07053	28518	-0,804006	
28519	-0,97943	28519	-1,14237	28519	-0,881492	
28520	-1,05694	28520	-1,20391	28520	-0,950543	
28521	-1,12725	28521	-1,2592	28521	-1,01553	
28522	-1,19257	28522	-1,307	28522	-1,07271	
28523	-1,24976	28523	-1,34573	28523	-1,12457	
28524	-1,29851	28524	-1,37572	28524	-1,16769	
28525	-1,33852	28525	-1,3979	28525	-1,20456	
28526	-1,37008	28526	-1,41008	28526	-1,23331	
28527	-1,39446	28527	-1,41477	28527	-1,25486	
28528	-1,40852	28528	-1,40852	28528	-1,26736	
28529	-1,41415	28529	-1,39509	28529	-1,27267	
28530	-1,40852	28530	-1,37072	28530	-1,26799	
28531	-1,39727	28531	-1,33948	28531	-1,25674	
28532	-1,37789	28532	-1,30137	28532	-1,24018	
28533	-1,34664	28533	-1,25108	28533	-1,21175	
28534	-1,3057	28534	-1,19298	28534	-1,17519	
28535	-1,26007	28535	-1,13019	28535	-1,13426	
28536	-1,20476	28536	-1,05834	28536	-1,08364	
28537	-1,141	28537	-0,979625	28537	-1,0274	
28538	-1,07162	28538	-0,89497	28538	-0,964603	
28539	-0,992868	28539	-0,804693	28539	-0,893365	
28540	-0,911925	28540	-0,70973	28540	-0,820253	
28541	-0,821919	28541	-0,610082	28541	-0,739642	
28542	-0,727538	28542	-0,506684	28542	-0,654345	
28543	-0,628156	28543	-0,399226	28543	-0,564673	
28544	-0,524399	28544	-0,289269	28544	-0,472814	
28545	-0,420954	28545	-0,179937	28545	-0,378143	
28546	-0,309384	28546	-0,0652939	28546	-0,279098	
28547	-0,198439	28547	0,0474747	28547	-0,178178	
28548	-0,0865561	28548	0,158994	28548	-0,0775703	
28549	0,0256391	28549	0,271138	28549	0,023662	
28550	0,137834	28550	0,379845	28550	0,124269	
28551	0,250967	28551	0,488241	28551	0,225502	
28552	0,360975	28552	0,592575	28552	0,32486	
28553	0,467545	28553	0,692224	28553	0,421718	
28554	0,574427	28554	0,789373	28554	0,516701	
28555	0,674747	28555	0,879963	28555	0,607623	
28556	0,771628	28556	0,96493	28556	0,694483	
28557	0,863822	28557	1,04459	28557	0,777906	
28558	0,950078	28558	1,11768	28558	0,855705	
28559	1,03165	28559	1,18391	28559	0,928817	
28560	1,1054	28560	1,2417	28560	0,995368	
28561	1,17009	28561	1,2898	28561	1,05317	
28562	1,23135	28562	1,33354	28562	1,10879	
28563	1,28323	28563	1,36665	28563	1,15534	
28564	1,32542	28564	1,39008	28564	1,19315	
28565	1,36104	28565	1,40632	28565	1,22564	
28566	1,38823	28566	1,41382	28566	1,24939	
28567	1,40511	28567	1,41132	28567	1,2647	
28568	1,41324	28568	1,40007	28568	1,27188	
28569	1,41261	28569	1,37946	28569	1,27188	
28570	1,40323	28570	1,35103	28570	1,26313	
28571	1,3848	28571	1,31417	28571	1,24657	
28572	1,35698	28572	1,26762	28572	1,22158	
28573	1,32167	28573	1,21358	28573	1,18908	
28574	1,27666	28574	1,15142	28574	1,14909	
28575	1,22541	28575	1,0827	28575	1,10254	
28576	1,16478	28576	1,0071	28576	1,04817	
28577	1,09571	28577	0,923696	28577	0,985682	
28578	1,02227	28578	0,836855	28578	0,920693	
28579	0,942265	28579	0,743766	28579	0,848206	
28580	0,852259	28580	0,64318	28580	0,767595	
28581	0,761003	28581	0,541657	28581	0,685734	
28582	0,664433	28582	0,437323	28582	0,597937	
28583	0,561614	28583	0,327053	28583	0,505766	
28584	0,455981	28584	0,216159	28584	0,410782	
28585	0,348786	28585	0,10464	28585	0,314236	
28586	0,238466	28586	-0,00781625	28586	0,214879	
28587	0,125959	28587	-0,12121	28587	0,113334	
28588	0,0134508	28588	-0,231791	28588	0,012414	
28589	-0,099057	28589	-0,342373	28589	-0,0891308	
28590	-0,21344	28590	-0,452643	28590	-0,190988	
28591	-0,321572	28591	-0,556352	28591	-0,289408	
28592	-0,430642	28592	-0,658813	28592	-0,387204	
28593	-0,539087	28593	-0,759086	28593	-0,485312	
28594	-0,640657	28594	-0,850613	28594	-0,576546	
28595	-0,738163	28595	-0,936829	28595	-0,664343	
28596	-0,833482	28596	-1,0193	28596	-0,749328	
28597	-0,922551	28597	-1,09458	28597	-0,829314	
28598	-1,00412	28598	-1,16174	28598	-0,903364	
28599	-1,07912	28599	-1,22234	28599	-0,971477	
28600	-1,14944	28600	-1,27482	28600	-1,03397	
28601	-1,21195	28601	-1,32043	28601	-1,08958	
28602	-1,26539	28602	-1,35667	28602	-1,13863	
28603	-1,31227	28603	-1,38384	28603	-1,1805	
28604	-1,34946	28604	-1,40321	28604	-1,21425	
28605	-1,37977	28605	-1,41258	28605	-1,24112	
28606	-1,40071	28606	-1,41477	28606	-1,26049	
28607	-1,41071	28607	-1,40477	28607	-1,26861	
28608	-1,41258	28608	-1,3879	28608	-1,27142	
28609	-1,40821	28609	-1,36354	28609	-1,26767	
28610	-1,39133	28610	-1,32793	28610	-1,25174	
28611	-1,36696	28611	-1,28388	28611	-1,22987	
28612	-1,33414	28612	-1,23359	28612	-1,2005	
28613	-1,29289	28613	-1,17455	28613	-1,16332	
28614	-1,24414	28614	-1,10801	28614	-1,11895	
28615	-1,18601	28615	-1,03429	28615	-1,06708	
28616	-1,12131	28616	-0,954635	28616	-1,00866	
28617	-1,04818	28617	-0,867793	28617	-0,943044	
28618	-0,969429	28618	-0,776891	28618	-0,873056	
28619	-0,884111	28619	-0,678805	28619	-0,79557	
28620	-0,792542	28620	-0,577907	28620	-0,713084	
28621	-0,69691	28621	-0,472947	28621	-0,627162	
28622	-0,598466	28622	-0,367051	28622	-0,538115	
28623	-0,491896	28623	-0,25522	28623	-0,442507	
28624	-0,383139	28624	-0,141514	28624	-0,345336	
28625	-0,276257	28625	-0,0321818	28625	-0,248166	
28626	-0,164374	28626	0,0818363	28626	-0,146933	
28627	-0,0512412	28627	0,194917	28627	-0,0457009	
28628	0,0600165	28628	0,304562	28628	0,0545941	
28629	0,174087	28629	0,414519	28629	0,157076	
28630	0,285657	28630	0,521353	28630	0,256746	
28631	0,395352	28631	0,624438	28631	0,355792	
28632	0,500672	28632	0,722524	28632	0,450775	
28633	0,605367	28633	0,817487	28633	0,544821	
28634	0,705374	28634	0,906828	28634	0,63543	
28635	0,801943	28635	0,991795	28635	0,721665	
28636	0,891012	28636	1,06802	28636	0,802276	
28637	0,97633	28637	1,13892	28637	0,878826	
28638	1,05509	28638	1,20203	28638	0,949126	
28639	1,12665	28639	1,25857	28639	1,01505	
28640	1,19197	28640	1,30542	28640	1,07317	
28641	1,24666	28641	1,34322	28641	1,12222	
28642	1,29666	28642	1,37477	28642	1,16753	
28643	1,33854	28643	1,39726	28643	1,20502	
28644	1,37073	28644	1,40976	28644	1,23408	
28645	1,39292	28645	1,41382	28645	1,2547	
28646	1,40824	28646	1,4082	28646	1,26845	
28647	1,41417	28647	1,39445	28647	1,27282	
28648	1,41167	28648	1,3729	28648	1,27063	
28649	1,3973	28649	1,33947	28649	1,25845	
28650	1,37792	28650	1,30011	28650	1,23939	
28651	1,34792	28651	1,25232	28651	1,21314	
28652	1,30823	28652	1,19515	28652	1,17784	
28653	1,26166	28653	1,13112	28653	1,13566	
28654	1,20603	28654	1,05927	28654	1,08504	
28655	1,1454	28655	0,983048	28655	1,03192	
28656	1,07415	28656	0,897456	28656	0,966935	
28657	0,996644	28657	0,806867	28657	0,896635	
28658	0,914451	28658	0,713153	28658	0,822898	
28659	0,825069	28659	0,613192	28659	0,743537	
28660	0,731938	28660	0,508858	28660	0,657614	
28661	0,631931	28661	0,402649	28661	0,569504	
28662	0,531299	28662	0,293941	28662	0,477645	
28663	0,421916	28663	0,18086	28663	0,37985	
28664	0,312846	28664	0,0687164	28664	0,282367	
28665	0,202526	28665	-0,0437398	28665	0,182384	
28666	0,0903311	28666	-0,156508	28666	0,081152	
28667	-0,0224892	28667	-0,268027	28667	-0,0194555	
28668	-0,134997	28668	-0,377672	28668	-0,121313	
28669	-0,24688	28669	-0,484505	28669	-0,222545	
28670	-0,3572	28670	-0,589152	28670	-0,320965	
28671	-0,464082	28671	-0,689738	28671	-0,417823	
28672	-0,570652	28672	-0,786888	28672	-0,513119	
28673	-0,672846	28673	-0,878414	28673	-0,605291	
28674	-0,766915	28674	-0,962132	28674	-0,690588	
28675	-0,859422	28675	-1,0421	28675	-0,774011	
28676	-0,94849	28676	-1,11707	28676	-0,853685	
28677	-1,02881	28677	-1,18142	28677	-0,924922	
28678	-1,10131	28678	-1,2389	28678	-0,990848	
28679	-1,16944	28679	-1,29107	28679	-1,0524	
28680	-1,22945	28680	-1,33167	28680	-1,10645	
28681	-1,28133	28681	-1,36541	28681	-1,15332	
28682	-1,32414	28682	-1,39009	28682	-1,19144	
28683	-1,36039	28683	-1,40696	28683	-1,22393	
28684	-1,38665	28684	-1,41383	28684	-1,24737	
28685	-1,40415	28685	-1,41133	28685	-1,26268	
28686	-1,41321	28686	-1,40165	28686	-1,27205	
28687	-1,41165	28687	-1,38041	28687	-1,27049	
28688	-1,40415	28688	-1,3526	28688	-1,26299	
28689	-1,3854	28689	-1,31606	28689	-1,24705	
28690	-1,35883	28690	-1,26951	28690	-1,22268	
28691	-1,32227	28691	-1,21578	28691	-1,18988	
28692	-1,27883	28692	-1,15456	28692	-1,15051	
28693	-1,22601	28693	-1,08552	28693	-1,10302	
28694	-1,16694	28694	-1,01086	28694	-1,05021	
28695	-1,09881	28695	-0,927458	28695	-0,988349	
28696	-1,0235	28696	-0,839679	28696	-0,921485	
28697	-0,94349	28697	-0,746278	28697	-0,848686	
28698	-0,855984	28698	-0,648192	28698	-0,770574	
28699	-0,764103	28699	-0,546356	28699	-0,687151	
28700	-0,666283	28700	-0,440148	28700	-0,599042	
28701	-0,565026	28701	-0,331753	28701	-0,507495	
28702	-0,460332	28702	-0,221171	28702	-0,414074	
28703	-0,351262	28703	-0,108714	28703	-0,315654	
28704	-0,240629	28704	0,00467889	28704	-0,215984	
28705	-0,130309	28705	0,116198	28705	-0,116626	
28706	-0,0165513	28706	0,229591	28706	-0,0138315	
28707	0,0981441	28707	0,340798	28707	0,0880258	
28708	0,208152	28708	0,447631	28708	0,187071	
28709	0,318159	28709	0,552591	28709	0,288303	
28710	0,427542	28710	0,654114	28710	0,384849	
28711	0,533487	28711	0,753762	28711	0,481082	
28712	0,637556	28712	0,846851	28712	0,573254	
28713	0,735688	28713	0,934005	28713	0,661988	
28714	0,829757	28714	1,01585	28714	0,746661	
28715	0,918201	28715	1,09051	28715	0,826647	
28716	1,00227	28716	1,16017	28716	0,902572	
28717	1,07821	28717	1,22077	28717	0,970997	
28718	1,14572	28718	1,272	28718	1,03192	
28719	1,20916	28719	1,31823	28719	1,08848	
28720	1,26573	28720	1,35634	28720	1,13878	
28721	1,31104	28721	1,38289	28721	1,17971	
28722	1,34854	28722	1,40195	28722	1,2147	
28723	1,37823	28723	1,41163	28723	1,24095	
28724	1,39886	28724	1,41226	28724	1,25938	
28725	1,41136	28725	1,4057	28725	1,27032	
28726	1,41355	28726	1,38914	28726	1,27282	
28727	1,40886	28727	1,36384	28727	1,26751	
28728	1,3923	28728	1,32885	28728	1,25376	
28729	1,36948	28729	1,28668	28729	1,23251	
28730	1,33573	28730	1,23483	28730	1,20283	
28731	1,29291	28731	1,17454	28731	1,16378	
28732	1,24604	28732	1,1105	28732	1,12128	
28733	1,19009	28733	1,03771	28733	1,07067	
28734	1,12072	28734	0,954622	28734	1,00912	
28735	1,05009	28735	0,870279	28735	0,945689	
28736	0,972267	28736	0,779377	28736	0,875701	
28737	0,887261	28737	0,682228	28737	0,798527	
28738	0,795692	28738	0,581017	28738	0,716979	
28739	0,700998	28739	0,47637	28739	0,631369	
28740	0,600054	28740	0,368912	28740	0,540759	
28741	0,496297	28741	0,25833	28741	0,446401	
28742	0,388477	28742	0,146811	28742	0,351105	
28743	0,280032	28743	0,0346672	28743	0,251747	
28744	0,169086	28744	-0,0781014	28744	0,151765	
28745	0,0559537	28745	-0,189933	28745	0,0508448	
28746	-0,0568666	28746	-0,302077	28746	-0,0510125	
28747	-0,169999	28747	-0,411409	28747	-0,153182	
28748	-0,280007	28748	-0,516368	28748	-0,251915	
28749	-0,390327	28749	-0,621015	28749	-0,35096	
28750	-0,499084	28750	-0,721913	28750	-0,449068	
28751	-0,601591	28751	-0,815314	28751	-0,541552	
28752	-0,701286	28752	-0,904654	28752	-0,630911	
28753	-0,797855	28753	-0,988684	28753	-0,718083	
28754	-0,888799	28754	-1,06584	28754	-0,799632	
28755	-0,973804	28755	-1,13706	28755	-0,875868	
28756	-1,05162	28756	-1,20016	28756	-0,945856	
28757	-1,12413	28757	-1,2567	28757	-1,01084	
28758	-1,18976	28758	-1,30481	28758	-1,0699	
28759	-1,24601	28759	-1,34292	28759	-1,12114	
28760	-1,29508	28760	-1,37447	28760	-1,16644	
28761	-1,33633	28761	-1,39665	28761	-1,20237	
28762	-1,36946	28762	-1,40977	28762	-1,23174	
28763	-1,39446	28763	-1,41508	28763	-1,25486	
28764	-1,40852	28764	-1,41039	28764	-1,26674	
28765	-1,41352	28765	-1,39509	28765	-1,27142	
28766	-1,41008	28766	-1,37291	28766	-1,26986	
28767	-1,39915	28767	-1,3423	28767	-1,2583	
28768	-1,37883	28768	-1,30231	28768	-1,2408	
28769	-1,34727	28769	-1,25296	28769	-1,21268	
28770	-1,30914	28770	-1,19735	28770	-1,17863	
28771	-1,26382	28771	-1,13425	28771	-1,13739	
28772	-1,20757	28772	-1,06272	28772	-1,08708	
28773	-1,14632	28773	-0,98556	28773	-1,03178	
28774	-1,076	28774	-0,900593	28774	-0,968352	
28775	-0,999744	28775	-0,810941	28775	-0,898989	
28776	-0,918488	28776	-0,717227	28776	-0,825877	
28777	-0,827232	28777	-0,616329	28777	-0,744641	
28778	-0,733163	28778	-0,511995	28778	-0,659344	
28779	-0,635344	28779	-0,407036	28779	-0,571547	
28780	-0,532212	28780	-0,297391	28780	-0,479375	
28781	-0,426579	28781	-0,18556	28781	-0,383142	
28782	-0,317509	28782	-0,0743528	28782	-0,284722	
28783	-0,206252	28783	0,0390405	28783	-0,185052	
28784	-0,0946817	28784	0,151497	28784	-0,0844441	
28785	0,0193887	28785	0,264578	28785	0,0177255	
28786	0,131584	28786	0,374535	28786	0,118958	
28787	0,242842	28787	0,481056	28787	0,219253	
28788	0,353162	28788	0,585703	28788	0,318298	
28789	0,461919	28789	0,686601	28789	0,415781	
28790	0,566301	28790	0,781876	28790	0,509827	
28791	0,668809	28791	0,873716	28791	0,601686	
28792	0,764753	28792	0,959307	28792	0,688546	
28793	0,858197	28793	1,04053	28793	0,772907	
28794	0,944453	28794	1,11331	28794	0,85133	
28795	1,02508	28795	1,17797	28795	0,923193	
28796	1,09978	28796	1,23764	28796	0,990056	
28797	1,16791	28797	1,28793	28797	1,05161	
28798	1,22666	28798	1,32979	28798	1,1041	
28799	1,27948	28799	1,36477	28799	1,15222	
28800	1,32385	28800	1,38945	28800	1,19096	
28801	1,35917	28801	1,40538	28801	1,22345	
