Time - Plot 0	Amplitude - Plot 0	Time - Plot 1	Amplitude - Plot 1	Time - Plot 2	Amplitude - Plot 2	
28197	-1,30726	28197	-1,30793	28197	-1,30673	
28198	-0,999744	28198	-0,999929	28198	-0,999597	
28199	-0,540337	28199	-0,540421	28199	-0,540302	
28200	-0,000925219	28200	-0,0012563	28200	-0,000708746	
28201	0,540675	28201	0,54072	28201	0,540759	
28202	0,999769	28202	1,00023	28202	1,00068	
28203	1,30792	28203	1,30667	28203	1,30719	
28204	1,41355	28204	1,41382	28204	1,41405	
28205	1,30573	28205	1,30574	28205	1,30625	
28206	1,00008	28206	1,00023	28206	1,00037	
28207	0,540987	28207	0,541345	28207	0,541697	
28208	0,000324867	28208	-0,000319168	28208	-8,38547E-5	
28209	-0,540962	28209	-0,541046	28209	-0,53999	
28210	-0,999119	28210	-0,999929	28210	-0,999284	
28211	-1,30664	28211	-1,30668	28211	-1,30579	
28212	-1,41321	28212	-1,41383	28212	-1,41327	
28213	-1,30664	28213	-1,307	28213	-1,30704	
28214	-0,999431	28214	-0,999617	28214	-0,999284	
28215	-0,539712	28215	-0,540109	28215	-0,53999	
28216	-0,00123774	28216	-0,0012563	28216	-8,38547E-5	
28217	0,5413	28217	0,541033	28217	0,542009	
28218	0,999769	28218	0,999917	28218	1,00005	
28219	1,30573	28219	1,30636	28219	1,30688	
28220	1,41386	28220	1,41382	28220	1,41467	
28221	1,30667	28221	1,30574	28221	1,30625	
28222	0,999457	28222	0,999604	28222	1,00037	
28223	0,540987	28223	0,541657	28223	0,542009	
28224	-0,000925219	28224	-0,000319168	28224	0,000228591	
28225	-0,54065	28225	-0,541046	28225	-0,541239	
28226	-0,999744	28226	-0,999617	28226	-0,999597	
28227	-1,30633	28227	-1,30668	28227	-1,30548	
28228	-1,41352	28228	-1,41446	28228	-1,41296	
28229	-1,30633	28229	-1,307	28229	-1,30611	
28230	-0,999119	28230	-0,999305	28230	-0,998659	
28231	-0,539712	28231	-0,540734	28231	-0,53999	
28232	-0,000612698	28232	-0,0012563	28232	-0,0003963	
28233	0,540362	28233	0,540408	28233	0,541072	
28234	1,00008	28234	0,999917	28234	1,00037	
28235	1,30604	28235	1,30542	28235	1,30625	
28236	1,4148	28236	1,41444	28236	1,4153	
28237	1,30635	28237	1,30636	28237	1,30656	
28238	0,999457	28238	0,999604	28238	1,00037	
28239	0,5413	28239	0,541345	28239	0,542009	
28240	-0,000300176	28240	-0,000319168	28240	-8,38547E-5	
28241	-0,540962	28241	-0,541671	28241	-0,540615	
28242	-0,999431	28242	-0,998992	28242	-0,998659	
28243	-1,30664	28243	-1,307	28243	-1,30611	
28244	-1,41321	28244	-1,41383	28244	-1,41296	
28245	-1,30601	28245	-1,307	28245	-1,30611	
28246	-0,999744	28246	-0,999617	28246	-0,999284	
28247	-0,540337	28247	-0,541046	28247	-0,540615	
28248	-0,00123774	28248	-0,0012563	28248	-0,0003963	
28249	0,541925	28249	0,54072	28249	0,542322	
28250	1,00164	28250	1,00054	28250	1,00068	
28251	1,30604	28251	1,3048	28251	1,30563	
28252	1,41449	28252	1,41351	28252	1,41436	
28253	1,30667	28253	1,30667	28253	1,30719	
28254	1,00008	28254	0,999917	28254	1,00005	
28255	0,540362	28255	0,539783	28255	0,541072	
28256	-0,000300176	28256	-0,000631546	28256	-8,38547E-5	
28257	-0,54065	28257	-0,540421	28257	-0,540302	
28258	-0,999119	28258	-0,999617	28258	-0,999284	
28259	-1,30633	28259	-1,30731	28259	-1,30579	
28260	-1,41321	28260	-1,41352	28260	-1,41327	
28261	-1,30726	28261	-1,30762	28261	-1,30704	
28262	-1,00037	28262	-1,00024	28262	-0,999597	
28263	-0,540025	28263	-0,541046	28263	-0,540615	
28264	-0,00123774	28264	-0,0012563	28264	-0,0003963	
28265	0,540987	28265	0,54072	28265	0,541072	
28266	1,00039	28266	0,999917	28266	1,00005	
28267	1,30542	28267	1,30511	28267	1,30563	
28268	1,41386	28268	1,41351	28268	1,41467	
28269	1,30573	28269	1,30542	28269	1,30594	
28270	1,00008	28270	0,999917	28270	0,999742	
28271	0,540987	28271	0,54072	28271	0,541697	
28272	-0,000300176	28272	-0,000943924	28272	0,000541036	
28273	-0,540337	28273	-0,540734	28273	-0,540615	
28274	-0,999431	28274	-1,00024	28274	-0,999284	
28275	-1,30539	28275	-1,30606	28275	-1,30517	
28276	-1,41383	28276	-1,41414	28276	-1,41359	
28277	-1,30695	28277	-1,30731	28277	-1,30704	
28278	-0,999744	28278	-1,00024	28278	-0,999284	
28279	-0,540025	28279	-0,540421	28279	-0,53999	
28280	-0,00123774	28280	-0,0012563	28280	-0,00133364	
28281	0,540362	28281	0,540408	28281	0,541384	
28282	1,00133	28282	1,00117	28282	1,0013	
28283	1,30604	28283	1,30574	28283	1,30656	
28284	1,41449	28284	1,41413	28284	1,41436	
28285	1,30729	28285	1,30667	28285	1,30719	
28286	0,999457	28286	0,999292	28286	1,00005	
28287	0,541612	28287	0,541345	28287	0,542009	
28288	1,23455E-5	28288	-0,000631546	28288	0,000228591	
28289	-0,540962	28289	-0,541046	28289	-0,53999	
28290	-0,999431	28290	-0,999929	28290	-0,999284	
28291	-1,3057	28291	-1,30637	28291	-1,30548	
28292	-1,41321	28292	-1,41352	28292	-1,41296	
28293	-1,30789	28293	-1,30762	28293	-1,30673	
28294	-0,999119	28294	-0,999305	28294	-0,998659	
28295	-0,540025	28295	-0,540734	28295	-0,540927	
28296	-0,000300176	28296	-0,000631546	28296	-8,38547E-5	
28297	0,540987	28297	0,541033	28297	0,541384	
28298	0,999769	28298	0,999292	28298	1,00037	
28299	1,30698	28299	1,30636	28299	1,30656	
28300	1,41324	28300	1,41351	28300	1,41436	
28301	1,30573	28301	1,30605	28301	1,30594	
28302	1,00071	28302	1,00054	28302	1,00068	
28303	0,540987	28303	0,541345	28303	0,541697	
28304	-0,000300176	28304	-0,000943924	28304	0,000541036	
28305	-0,540962	28305	-0,541046	28305	-0,540927	
28306	-0,999744	28306	-1,00024	28306	-0,999909	
28307	-1,30539	28307	-1,30606	28307	-1,30548	
28308	-1,41321	28308	-1,41446	28308	-1,41296	
28309	-1,30726	28309	-1,30762	28309	-1,30704	
28310	-0,999431	28310	-1,00024	28310	-0,999284	
28311	-0,540962	28311	-0,541358	28311	-0,540615	
28312	0,000324867	28312	-0,000631546	28312	0,000228591	
28313	0,540362	28313	0,540095	28313	0,540447	
28314	0,998207	28314	0,998042	28314	0,999117	
28315	1,30635	28315	1,30542	28315	1,30625	
28316	1,4148	28316	1,41444	28316	1,41467	
28317	1,30604	28317	1,30574	28317	1,30625	
28318	0,999457	28318	0,999917	28318	1,00005	
28319	0,541612	28319	0,541033	28319	0,541384	
28320	0,000637388	28320	-6,7895E-6	28320	0,000853482	
28321	-0,540025	28321	-0,541046	28321	-0,540302	
28322	-1,00068	28322	-1,00149	28322	-1,00116	
28323	-1,30633	28323	-1,30668	28323	-1,30579	
28324	-1,41321	28324	-1,41321	28324	-1,41296	
28325	-1,30633	28325	-1,307	28325	-1,30642	
28326	-1,00006	28326	-1,00024	28326	-0,999909	
28327	-0,540962	28327	-0,541358	28327	-0,540615	
28328	1,23455E-5	28328	-6,7895E-6	28328	-8,38547E-5	
28329	0,540362	28329	0,540408	28329	0,540759	
28330	0,999144	28330	0,998667	28330	0,99943	
28331	1,30667	28331	1,30574	28331	1,30594	
28332	1,41542	28332	1,41507	28332	1,4153	
28333	1,30573	28333	1,30574	28333	1,30625	
28334	0,999457	28334	0,998667	28334	0,99943	
28335	0,540675	28335	0,540095	28335	0,541384	
28336	0,00094991	28336	0,000617967	28336	0,00116593	
28337	-0,54065	28337	-0,541358	28337	-0,540615	
28338	-1,00068	28338	-1,00149	28338	-1,00085	
28339	-1,3057	28339	-1,30606	28339	-1,30579	
28340	-1,41321	28340	-1,41321	28340	-1,41359	
28341	-1,30695	28341	-1,30762	28341	-1,30736	
28342	-1,00006	28342	-1,00024	28342	-0,999909	
28343	-0,539712	28343	-0,540421	28343	-0,540302	
28344	-0,000925219	28344	-0,000943924	28344	-0,0003963	
28345	0,540675	28345	0,540408	28345	0,541072	
28346	0,999457	28346	0,999292	28346	1,00037	
28347	1,30729	28347	1,30636	28347	1,30656	
28348	1,4148	28348	1,41413	28348	1,41498	
28349	1,30698	28349	1,30667	28349	1,3075	
28350	0,999457	28350	0,999604	28350	0,999742	
28351	0,539737	28351	0,539471	28351	0,539822	
28352	0,00126243	28352	0,000617967	28352	0,00147837	
28353	-0,54065	28353	-0,540734	28353	-0,53999	
28354	-1,00068	28354	-1,00118	28354	-1,00053	
28355	-1,30601	28355	-1,30637	28355	-1,30579	
28356	-1,41258	28356	-1,41321	28356	-1,41296	
28357	-1,30601	28357	-1,307	28357	-1,30579	
28358	-0,999744	28358	-1,00024	28358	-0,999597	
28359	-0,5419	28359	-0,541358	28359	-0,540927	
28360	0,00126243	28360	0,000305589	28360	0,00116593	
28361	0,5413	28361	0,54072	28361	0,542009	
28362	0,999769	28362	0,999292	28362	1,00037	
28363	1,30698	28363	1,30605	28363	1,30625	
28364	1,4148	28364	1,41413	28364	1,41498	
28365	1,30729	28365	1,30574	28365	1,30719	
28366	0,999457	28366	0,998979	28366	0,999742	
28367	0,54005	28367	0,539783	28367	0,540447	
28368	0,000637388	28368	-6,7895E-6	28368	0,00116593	
28369	-0,540337	28369	-0,540109	28369	-0,539677	
28370	-1,00131	28370	-1,00118	28370	-1,00053	
28371	-1,30633	28371	-1,30637	28371	-1,30579	
28372	-1,41352	28372	-1,41414	28372	-1,41327	
28373	-1,3057	28373	-1,307	28373	-1,30642	
28374	-1,00068	28374	-1,00118	28374	-1,00053	
28375	-0,5419	28375	-0,541983	28375	-0,540927	
28376	0,00094991	28376	-6,7895E-6	28376	0,000853482	
28377	0,541612	28377	0,541345	28377	0,542322	
28378	1,00039	28378	0,999917	28378	1,00099	
28379	1,30698	28379	1,30667	28379	1,30688	
28380	1,41355	28380	1,41288	28380	1,41436	
28381	1,30792	28381	1,3073	28381	1,3075	
28382	0,999457	28382	0,998979	28382	0,99943	
28383	0,54005	28383	0,540095	28383	0,541384	
28384	1,23455E-5	28384	0,000305589	28384	0,000853482	
28385	-0,54065	28385	-0,541358	28385	-0,540615	
28386	-1,00068	28386	-1,00118	28386	-1,00085	
28387	-1,3057	28387	-1,30637	28387	-1,30579	
28388	-1,4129	28388	-1,41352	28388	-1,41327	
28389	-1,30633	28389	-1,30731	28389	-1,30579	
28390	-1,00037	28390	-1,00055	28390	-0,999597	
28391	-0,54065	28391	-0,541358	28391	-0,541239	
28392	-0,000300176	28392	-0,000943924	28392	0,000228591	
28393	0,540362	28393	0,540408	28393	0,540759	
28394	0,998832	28394	0,999292	28394	0,999117	
28395	1,30729	28395	1,30667	28395	1,30719	
28396	1,41574	28396	1,41507	28396	1,4153	
28397	1,30729	28397	1,30574	28397	1,30656	
28398	0,999457	28398	0,999292	28398	1,00005	
28399	0,541612	28399	0,541345	28399	0,541384	
28400	0,00126243	28400	0,000930345	28400	0,00116593	
28401	-0,541275	28401	-0,541358	28401	-0,541239	
28402	-1,00131	28402	-1,0018	28402	-1,00178	
28403	-1,3057	28403	-1,30606	28403	-1,30548	
28404	-1,41352	28404	-1,41352	28404	-1,41327	
28405	-1,30695	28405	-1,307	28405	-1,30673	
28406	-1,00068	28406	-1,00087	28406	-0,999597	
28407	-0,540337	28407	-0,540421	28407	-0,540615	
28408	0,000324867	28408	-0,000319168	28408	-8,38547E-5	
28409	0,539737	28409	0,540095	28409	0,541072	
28410	0,999457	28410	0,999917	28410	0,999117	
28411	1,30667	28411	1,30574	28411	1,30625	
28412	1,41511	28412	1,41444	28412	1,4153	
28413	1,30635	28413	1,30605	28413	1,30625	
28414	1,00008	28414	0,999917	28414	1,00068	
28415	0,539737	28415	0,540095	28415	0,540447	
28416	-0,000300176	28416	-6,7895E-6	28416	0,000541036	
28417	-0,540962	28417	-0,541358	28417	-0,540615	
28418	-1,00099	28418	-1,00055	28418	-1,00053	
28419	-1,30633	28419	-1,30637	28419	-1,30517	
28420	-1,41383	28420	-1,41352	28420	-1,41327	
28421	-1,30695	28421	-1,307	28421	-1,30642	
28422	-1,00068	28422	-1,00087	28422	-1,00022	
28423	-0,540962	28423	-0,541358	28423	-0,540927	
28424	0,000324867	28424	-0,000943924	28424	0,000228591	
28425	0,541612	28425	0,541345	28425	0,542322	
28426	0,999144	28426	0,999292	28426	0,99943	
28427	1,30667	28427	1,30542	28427	1,30656	
28428	1,4148	28428	1,41382	28428	1,41498	
28429	1,30667	28429	1,30698	28429	1,30719	
28430	0,999457	28430	0,999604	28430	1,00005	
28431	0,540362	28431	0,540095	28431	0,541072	
28432	0,00126243	28432	0,000305589	28432	0,00116593	
28433	-0,54065	28433	-0,540734	28433	-0,539677	
28434	-1,00068	28434	-1,00118	28434	-1,00053	
28435	-1,30726	28435	-1,30762	28435	-1,30673	
28436	-1,41227	28436	-1,41321	28436	-1,41327	
28437	-1,30664	28437	-1,30793	28437	-1,30642	
28438	-0,999744	28438	-1,00055	28438	-0,999597	
28439	-0,540962	28439	-0,541358	28439	-0,540615	
28440	0,00126243	28440	0,000617967	28440	0,00147837	
28441	0,5413	28441	0,541033	28441	0,541072	
28442	0,999769	28442	0,999917	28442	1,00068	
28443	1,30604	28443	1,30542	28443	1,30594	
28444	1,41449	28444	1,41476	28444	1,41436	
28445	1,30729	28445	1,30698	28445	1,30719	
28446	1,00039	28446	1,00023	28446	0,999742	
28447	0,540362	28447	0,539783	28447	0,539822	
28448	1,23455E-5	28448	-0,000319168	28448	0,000541036	
28449	-0,540337	28449	-0,541046	28449	-0,540615	
28450	-1,00037	28450	-1,00055	28450	-1,00022	
28451	-1,30664	28451	-1,307	28451	-1,30611	
28452	-1,41352	28452	-1,41383	28452	-1,41359	
28453	-1,30539	28453	-1,30606	28453	-1,30517	
28454	-0,999431	28454	-0,999929	28454	-0,998972	
28455	-0,540337	28455	-0,541046	28455	-0,540302	
28456	1,23455E-5	28456	-0,000319168	28456	0,000228591	
28457	0,5413	28457	0,54072	28457	0,541072	
28458	1,00071	28458	1,00054	28458	1,0013	
28459	1,30698	28459	1,30636	28459	1,30719	
28460	1,41355	28460	1,41351	28460	1,41342	
28461	1,30729	28461	1,30667	28461	1,30719	
28462	1,00039	28462	0,999917	28462	1,00005	
28463	0,540362	28463	0,540095	28463	0,541072	
28464	1,23455E-5	28464	-0,000631546	28464	0,000228591	
28465	-0,540025	28465	-0,540109	28465	-0,53999	
28466	-0,999119	28466	-0,999617	28466	-0,998972	
28467	-1,3057	28467	-1,30606	28467	-1,30579	
28468	-1,41415	28468	-1,41508	28468	-1,41421	
28469	-1,30633	28469	-1,30762	28469	-1,30642	
28470	-1,00006	28470	-0,999617	28470	-0,999909	
28471	-0,54065	28471	-0,540734	28471	-0,540615	
28472	-0,000300176	28472	-6,7895E-6	28472	0,000541036	
28473	0,540675	28473	0,539783	28473	0,540447	
28474	1,00071	28474	0,999917	28474	1,00099	
28475	1,30729	28475	1,30636	28475	1,30719	
28476	1,4123	28476	1,41226	28476	1,4128	
28477	1,30792	28477	1,30667	28477	1,3075	
28478	1,00102	28478	1,00085	28478	1,00068	
28479	0,540675	28479	0,540095	28479	0,540759	
28480	0,000324867	28480	-0,000631546	28480	0,000228591	
28481	-0,54065	28481	-0,541983	28481	-0,540927	
28482	-0,999431	28482	-0,999929	28482	-0,999284	
28483	-1,30633	28483	-1,30668	28483	-1,30579	
28484	-1,41446	28484	-1,41477	28484	-1,41452	
28485	-1,3057	28485	-1,30668	28485	-1,30548	
28486	-0,998806	28486	-0,999305	28486	-0,998972	
28487	-0,540962	28487	-0,541671	28487	-0,540615	
28488	0,00094991	28488	-0,000631546	28488	0,000853482	
28489	0,540987	28489	0,54072	28489	0,541697	
28490	1,00071	28490	1,00054	28490	1,00068	
28491	1,30667	28491	1,30667	28491	1,30688	
28492	1,41324	28492	1,41288	28492	1,41342	
28493	1,30604	28493	1,30605	28493	1,30625	
28494	1,00039	28494	1,00054	28494	1,00068	
28495	0,539737	28495	0,539158	28495	0,539822	
28496	1,23455E-5	28496	0,000305589	28496	-8,38547E-5	
28497	-0,54065	28497	-0,541358	28497	-0,540302	
28498	-0,999431	28498	-0,999929	28498	-0,998972	
28499	-1,30601	28499	-1,30668	28499	-1,30611	
28500	-1,41508	28500	-1,41539	28500	-1,41421	
28501	-1,3057	28501	-1,30637	28501	-1,30642	
28502	-0,999431	28502	-1,00024	28502	-0,999597	
28503	-0,540337	28503	-0,541046	28503	-0,540927	
28504	1,23455E-5	28504	-0,000319168	28504	0,000228591	
28505	0,5413	28505	0,54072	28505	0,541384	
28506	1,00039	28506	1,00023	28506	1,0013	
28507	1,30635	28507	1,30574	28507	1,30625	
28508	1,41292	28508	1,41257	28508	1,41311	
28509	1,30698	28509	1,30698	28509	1,3075	
28510	0,999457	28510	0,999917	28510	0,999742	
28511	0,541925	28511	0,541345	28511	0,541697	
28512	-0,000925219	28512	-0,000943924	28512	-8,38547E-5	
28513	-0,540962	28513	-0,541983	28513	-0,540927	
28514	-0,999431	28514	-0,999617	28514	-0,998972	
28515	-1,3057	28515	-1,30637	28515	-1,30611	
28516	-1,41383	28516	-1,41414	28516	-1,4139	
28517	-1,30601	28517	-1,30637	28517	-1,30548	
28518	-1,00037	28518	-0,999929	28518	-0,999597	
28519	-0,540962	28519	-0,540421	28519	-0,540927	
28520	0,000637388	28520	0,000305589	28520	0,00116593	
28521	0,540987	28521	0,541033	28521	0,541697	
28522	0,999769	28522	0,999292	28522	1,00005	
28523	1,30729	28523	1,30636	28523	1,3075	
28524	1,41292	28524	1,41257	28524	1,41342	
28525	1,30635	28525	1,30605	28525	1,30625	
28526	1,00102	28526	1,00085	28526	1,0013	
28527	0,54005	28527	0,540095	28527	0,541072	
28528	-0,000300176	28528	-0,000631546	28528	-8,38547E-5	
28529	-0,540025	28529	-0,540734	28529	-0,540615	
28530	-0,999119	28530	-0,999929	28530	-0,998972	
28531	-1,3057	28531	-1,30637	28531	-1,30579	
28532	-1,4154	28532	-1,41602	28532	-1,41452	
28533	-1,30601	28533	-1,30637	28533	-1,30579	
28534	-1,00006	28534	-0,999617	28534	-0,999597	
28535	-0,540337	28535	-0,540734	28535	-0,540302	
28536	1,23455E-5	28536	-0,000631546	28536	0,000228591	
28537	0,539737	28537	0,539783	28537	0,539822	
28538	1,00071	28538	1,00023	28538	1,00068	
28539	1,3076	28539	1,3073	28539	1,3075	
28540	1,41292	28540	1,41194	28540	1,41342	
28541	1,30604	28541	1,30636	28541	1,30594	
28542	1,00102	28542	1,00023	28542	1,00099	
28543	0,540675	28543	0,540408	28543	0,541072	
28544	1,23455E-5	28544	-0,000319168	28544	-8,38547E-5	
28545	-0,54065	28545	-0,541046	28545	-0,53999	
28546	-0,999431	28546	-0,999617	28546	-0,999284	
28547	-1,30539	28547	-1,30637	28547	-1,30486	
28548	-1,41446	28548	-1,41508	28548	-1,41359	
28549	-1,30601	28549	-1,30668	28549	-1,30579	
28550	-0,999744	28550	-0,999929	28550	-0,999284	
28551	-0,540025	28551	-0,541358	28551	-0,540302	
28552	0,000637388	28552	0,000617967	28552	0,00179082	
28553	0,5413	28553	0,540095	28553	0,540759	
28554	0,999457	28554	0,999292	28554	1,00005	
28555	1,30729	28555	1,30667	28555	1,3075	
28556	1,41417	28556	1,41351	28556	1,41373	
28557	1,30604	28557	1,30605	28557	1,30688	
28558	0,999769	28558	1,00023	28558	1,00037	
28559	0,541612	28559	0,540408	28559	0,541697	
28560	-0,000300176	28560	-0,000319168	28560	0,000853482	
28561	-0,540962	28561	-0,541983	28561	-0,540927	
28562	-0,999744	28562	-1,00055	28562	-1,00053	
28563	-1,30539	28563	-1,30668	28563	-1,30579	
28564	-1,41321	28564	-1,41414	28564	-1,41359	
28565	-1,30601	28565	-1,307	28565	-1,30611	
28566	-1,00037	28566	-1,00055	28566	-1,00053	
28567	-0,54065	28567	-0,541671	28567	-0,540615	
28568	0,00126243	28568	-6,7895E-6	28568	0,000541036	
28569	0,54005	28569	0,539783	28569	0,540447	
28570	1,00039	28570	1,00023	28570	1,00037	
28571	1,30792	28571	1,30698	28571	1,30719	
28572	1,41324	28572	1,41288	28572	1,41311	
28573	1,30635	28573	1,30605	28573	1,30656	
28574	0,999769	28574	0,999917	28574	0,999742	
28575	0,541925	28575	0,541657	28575	0,542322	
28576	0,000637388	28576	-6,7895E-6	28576	0,000228591	
28577	-0,542212	28577	-0,542295	28577	-0,541552	
28578	-1,00037	28578	-1,00024	28578	-0,999909	
28579	-1,30633	28579	-1,30668	28579	-1,30642	
28580	-1,41446	28580	-1,41446	28580	-1,4139	
28581	-1,3057	28581	-1,30668	28581	-1,30611	
28582	-1,00037	28582	-1,00055	28582	-0,999909	
28583	-0,539712	28583	-0,540421	28583	-0,53999	
28584	0,000637388	28584	0,000305589	28584	0,000541036	
28585	0,539737	28585	0,539158	28585	0,540135	
28586	1,00039	28586	0,999917	28586	0,999742	
28587	1,30729	28587	1,3073	28587	1,30781	
28588	1,41355	28588	1,41257	28588	1,4128	
28589	1,30698	28589	1,30636	28589	1,30688	
28590	1,00071	28590	1,00085	28590	1,00099	
28591	0,540675	28591	0,540095	28591	0,540759	
28592	-0,000300176	28592	-0,000319168	28592	0,000228591	
28593	-0,5419	28593	-0,541983	28593	-0,541239	
28594	-0,999119	28594	-0,999617	28594	-0,999597	
28595	-1,30664	28595	-1,307	28595	-1,30611	
28596	-1,41383	28596	-1,41446	28596	-1,41421	
28597	-1,30695	28597	-1,30637	28597	-1,30611	
28598	-1,00068	28598	-1,00055	28598	-1,00022	
28599	-0,540337	28599	-0,541046	28599	-0,539677	
28600	0,00126243	28600	0,000930345	28600	0,00147837	
28601	0,539737	28601	0,538846	28601	0,539822	
28602	0,999144	28602	0,999292	28602	0,999742	
28603	1,30823	28603	1,3073	28603	1,30781	
28604	1,41292	28604	1,41288	28604	1,4128	
28605	1,30729	28605	1,30605	28605	1,30688	
28606	0,999769	28606	1,00023	28606	1,00005	
28607	0,541612	28607	0,541033	28607	0,541697	
28608	0,000324867	28608	-6,7895E-6	28608	0,000541036	
28609	-0,541275	28609	-0,541983	28609	-0,541239	
28610	-0,999119	28610	-0,999305	28610	-0,998972	
28611	-1,30633	28611	-1,30668	28611	-1,30579	
28612	-1,41352	28612	-1,41352	28612	-1,41296	
28613	-1,3057	28613	-1,30637	28613	-1,30579	
28614	-0,999744	28614	-1,00055	28614	-1,00022	
28615	-0,54065	28615	-0,541358	28615	-0,541239	
28616	0,00126243	28616	0,000305589	28616	0,000853482	
28617	0,539425	28617	0,539783	28617	0,540135	
28618	0,999769	28618	0,999917	28618	1,00037	
28619	1,30698	28619	1,3073	28619	1,30781	
28620	1,41355	28620	1,41319	28620	1,41342	
28621	1,30667	28621	1,30636	28621	1,30688	
28622	0,999144	28622	0,998979	28622	1,00005	
28623	0,540675	28623	0,541345	28623	0,541072	
28624	0,000324867	28624	-6,7895E-6	28624	0,000853482	
28625	-0,5419	28625	-0,541671	28625	-0,541239	
28626	-1,00006	28626	-1,00055	28626	-0,999597	
28627	-1,30508	28627	-1,30575	28627	-1,30548	
28628	-1,41383	28628	-1,41414	28628	-1,41359	
28629	-1,3057	28629	-1,30668	28629	-1,30579	
28630	-0,999431	28630	-0,999617	28630	-0,998659	
28631	-0,540962	28631	-0,541046	28631	-0,540302	
28632	0,000324867	28632	-0,000319168	28632	0,000853482	
28633	0,540362	28633	0,539783	28633	0,540447	
28634	0,999457	28634	0,999917	28634	1,00037	
28635	1,30667	28635	1,30636	28635	1,30688	
28636	1,41324	28636	1,41288	28636	1,41311	
28637	1,30667	28637	1,30605	28637	1,30625	
28638	1,00133	28638	1,00023	28638	1,00099	
28639	0,5413	28639	0,540095	28639	0,541072	
28640	-0,000300176	28640	-0,000631546	28640	0,000541036	
28641	-0,541275	28641	-0,541358	28641	-0,541552	
28642	-0,999744	28642	-1,00055	28642	-0,999909	
28643	-1,30664	28643	-1,307	28643	-1,30642	
28644	-1,41352	28644	-1,41477	28644	-1,41359	
28645	-1,3057	28645	-1,30606	28645	-1,30611	
28646	-0,998806	28646	-0,999617	28646	-0,999597	
28647	-0,541587	28647	-0,541983	28647	-0,540615	
28648	0,000324867	28648	-6,7895E-6	28648	0,000228591	
28649	0,540675	28649	0,54072	28649	0,541072	
28650	1,00039	28650	1,00054	28650	1,00162	
28651	1,30729	28651	1,30667	28651	1,30656	
28652	1,41355	28652	1,41351	28652	1,41436	
28653	1,30448	28653	1,18828	28653	1,17409	
28654	0,987268	28654	0,796246	28654	0,889136	
28655	0,51411	28655	0,277385	28655	0,46296	
28656	-0,0371777	28656	-0,28146	28656	-0,0325782	
28657	-0,582215	28657	-0,797821	28657	-0,524367	
28658	-1,03881	28658	-1,19017	28658	-0,934608	
28659	-1,33008	28659	-1,39415	28659	-1,19706	
28660	-1,41071	28660	-1,37759	28660	-1,27017	
28661	-1,27164	28661	-1,1455	28661	-1,14457	
28662	-0,931927	28662	-0,733471	28662	-0,839	
28663	-0,446268	28663	-0,206489	28663	-0,400951	
28664	0,11127	28664	0,35423	28664	0,100836	
28665	0,650995	28665	0,858097	28665	0,586064	
28666	1,08696	28666	1,22764	28666	0,978808	
28667	1,35167	28667	1,40413	28667	1,2172	
28668	1,40636	28668	1,35853	28668	1,26595	
28669	1,23854	28669	1,10175	28669	1,11535	
28670	0,876323	28670	0,669732	28670	0,788529	
28671	0,374726	28671	0,131504	28671	0,337357	
28672	-0,184063	28672	-0,425154	28672	-0,165368	
28673	-0,713474	28673	-0,914338	28673	-0,641534	
28674	-1,13319	28674	-1,26358	28674	-1,01991	
28675	-1,37289	28675	-1,41071	28675	-1,23549	
28676	-1,39758	28676	-1,33792	28676	-1,25736	
28677	-1,20007	28677	-1,05272	28677	-1,07927	
28678	-0,816294	28678	-0,602897	28678	-0,733706	
28679	-0,303759	28679	-0,059671	28679	-0,272849	
28680	0,258468	28680	0,495425	28680	0,232063	
28681	0,777566	28681	0,970241	28681	0,700419	
28682	1,17603	28682	1,29449	28682	1,05879	
28683	1,38886	28683	1,41382	28683	1,25032	
28684	1,38292	28684	1,31105	28684	1,24501	
28685	1,16072	28685	1,00335	28685	1,04536	
28686	0,754752	28686	0,535097	28686	0,67886	
28687	0,229716	28687	-0,0162505	28687	0,206755	
28688	-0,329698	28688	-0,564162	28688	-0,296595	
28689	-0,837858	28689	-1,02242	28689	-0,75339	
28690	-1,2157	28690	-1,32293	28690	-1,09427	
28691	-1,40071	28691	-1,41352	28691	-1,26018	
28692	-1,36571	28692	-1,28169	28692	-1,22893	
28693	-1,11631	28693	-0,948075	28693	-1,0046	
28694	-0,690035	28694	-0,466388	28694	-0,620913	
28695	-0,157811	28695	0,0893334	28695	-0,140997	
28696	0,401915	28696	0,630685	28696	0,361103	
28697	0,896637	28697	1,07301	28697	0,807276	
28698	1,25104	28698	1,34509	28698	1,12597	
28699	1,40886	28699	1,40788	28699	1,26813	
28700	1,34354	28700	1,24763	28700	1,21002	
28701	1,07071	28701	0,892771	28701	0,963186	
28702	0,625056	28702	0,395464	28702	0,563256	
28703	0,0822055	28703	-0,164318	28703	0,0742782	
28704	-0,47127	28704	-0,696298	28704	-0,423447	
28705	-0,951928	28705	-1,11895	28705	-0,856184	
28706	-1,28476	28706	-1,36854	28706	-1,15613	
28707	-1,41352	28707	-1,40071	28707	-1,27205	
28708	-1,31914	28708	-1,21203	28708	-1,18769	
28709	-1,01912	28709	-0,834057	28709	-0,916486	
28710	-0,558151	28710	-0,324255	28710	-0,501559	
28711	-0,00967582	28711	0,236464	28711	-0,00820744	
28712	0,540987	28712	0,759073	28712	0,487019	
28713	1,00571	28713	1,16329	28713	0,906946	
28714	1,31323	28714	1,38445	28714	1,18284	
28715	1,41292	28715	1,38695	28715	1,27282	
28716	1,2926	28716	1,17204	28716	1,16284	
28717	0,966642	28717	0,772817	28717	0,870702	
28718	0,489734	28718	0,251145	28718	0,440777	
28719	-0,0659297	28719	-0,309574	28719	-0,0581987	
28720	-0,607529	28720	-0,820624	28720	-0,546863	
28721	-1,05569	28721	-1,20329	28721	-0,95023	
28722	-1,34008	28722	-1,39884	28722	-1,20612	
28723	-1,40977	28723	-1,37135	28723	-1,26861	
28724	-1,25851	28724	-1,12769	28724	-1,13207	
28725	-0,912238	28725	-0,711292	28725	-0,821815	
28726	-0,419079	28726	-0,178062	28726	-0,376581	
28727	0,138772	28727	0,38047	28727	0,124894	
28728	0,675372	28728	0,880588	28728	0,60731	
28729	1,10571	28729	1,2417	28729	0,994743	
28730	1,36011	28730	1,40632	28730	1,22502	
28731	1,40292	28731	1,35072	28731	1,26188	
28732	1,22416	28732	1,08332	28732	1,10254	
28733	0,853821	28733	0,644742	28733	0,768532	
28734	0,347224	28734	0,103703	28734	0,312362	
28735	-0,213127	28735	-0,452643	28735	-0,190988	
28736	-0,737538	28736	-0,936204	28736	-0,663406	
28737	-1,1485	28737	-1,27482	28737	-1,03334	
28738	-1,38102	28738	-1,41352	28738	-1,24205	
28739	-1,39165	28739	-1,32761	28739	-1,25236	
28740	-1,18476	28740	-1,03367	28740	-1,06646	
28741	-0,794417	28741	-0,578844	28741	-0,714334	
28742	-0,275944	28742	-0,0312446	28742	-0,248166	
28743	0,284719	28743	0,520728	28743	0,256434	
28744	0,801943	28744	0,990858	28744	0,720728	
28745	1,19135	28745	1,3048	28745	1,07223	
28746	1,39355	28746	1,41351	28746	1,25407	
28747	1,37605	28747	1,2998	28747	1,23876	
28748	1,14415	28748	0,981486	28748	1,02942	
28749	0,731313	28749	0,509482	28749	0,658551	
28750	0,202839	28750	-0,043115	28750	0,183009	
28751	-0,3572	28751	-0,589777	28751	-0,322215	
28752	-0,859734	28752	-1,04241	28752	-0,773386	
28753	-1,2282	28753	-1,33167	28753	-1,1052	
28754	-1,40477	28754	-1,41289	28754	-1,26424	
28755	-1,35946	28755	-1,26982	28755	-1,22237	
28756	-1,09913	28756	-0,928082	28756	-0,988974	
28757	-0,665346	28757	-0,439835	28757	-0,599042	
28758	-0,130309	28758	0,117135	28758	-0,116314	
28759	0,428479	28759	0,655051	28759	0,385162	
28760	0,919139	28760	1,09082	28760	0,826647	
28761	1,2651	28761	1,35572	28761	1,13753	
28762	1,41074	28762	1,40538	28762	1,27032	
28763	1,33636	28763	1,23545	28763	1,20252	
28764	1,05134	28764	0,870904	28764	0,946939	
28765	0,600991	28765	0,369849	28765	0,541697	
28766	0,0565787	28766	-0,190558	28766	0,0505323	
28767	-0,499084	28767	-0,721601	28767	-0,448756	
28768	-0,972867	28768	-1,13644	28768	-0,875244	
28769	-1,29351	28769	-1,37353	28769	-1,16488	
28770	-1,41446	28770	-1,39665	28770	-1,27267	
28771	-1,3107	28771	-1,19798	28771	-1,178	
28772	-0,999119	28772	-0,811253	28772	-0,899927	
28773	-0,531899	28773	-0,297703	28773	-0,479375	
28774	0,0190762	28774	0,263641	28774	0,0171006	
28775	0,565989	28775	0,782189	28775	0,509827	
28776	1,02571	28776	1,17891	28776	0,923818	
28777	1,32292	28777	1,38976	28777	1,19127	
28778	1,41292	28778	1,38133	28778	1,27188	
28779	1,2801	28779	1,15611	28779	1,15253	
28780	0,945703	28780	0,748452	28780	0,851643	
28781	0,464107	28781	0,225218	28781	0,417656	
28782	-0,092494	28782	-0,336438	28782	-0,0828819	
28783	-0,634094	28783	-0,844053	28783	-0,570609	
28784	-1,07537	28784	-1,21859	28784	-0,967102	
28785	-1,34664	28785	-1,40134	28785	-1,21143	
28786	-1,40852	28786	-1,3651	28786	-1,26736	
28787	-1,24726	28787	-1,11332	28787	-1,12208	
28788	-0,890361	28788	-0,686302	28788	-0,801194	
28789	-0,39189	28789	-0,151198	28789	-0,353147	
28790	0,165649	28790	0,407022	28790	0,149578	
28791	0,699436	28791	0,901205	28791	0,629494	
28792	1,12103	28792	1,25357	28792	1,0088	
28793	1,3698	28793	1,41007	28793	1,23251	
28794	1,39948	28794	1,34291	28794	1,26001	
28795	1,2101	28795	1,06458	28795	1,0891	
28796	0,830695	28796	0,61944	28796	0,748223	
28797	0,320972	28797	0,0771507	28797	0,289241	
28798	-0,239379	28798	-0,477946	28798	-0,215046	
28799	-0,763478	28799	-0,95932	28799	-0,686527	
28800	-1,16444	28800	-1,28607	28800	-1,04709	
28801	-1,38477	28801	-1,41352	28801	-1,24643	
28802	-1,38696	28802	-1,31856	28802	-1,24862	
28803	-1,17163	28803	-1,01617	28803	-1,05396	
28804	-0,769415	28804	-0,551667	28804	-0,691838	
28805	-0,248755	28805	-0,00344295	28805	-0,224107	
28806	0,312534	28806	0,546343	28806	0,28143	
28807	0,823194	28807	1,01085	28807	0,741662	
28808	1,20541	28808	1,31511	28808	1,08535	
28809	1,39855	28809	1,41351	28809	1,25907	
28810	1,37073	28810	1,28949	28810	1,23408	
28811	1,12759	28811	0,962119	28811	1,01536	
28812	0,706624	28812	0,483243	28812	0,636368	
28813	1,30698	28813	1,30667	28813	1,30688	
28814	1,00008	28814	0,999917	28814	1,00037	
28815	0,539737	28815	0,539471	28815	0,540447	
28816	0,00094991	28816	0,000305589	28816	0,000853482	
28817	-0,540025	28817	-0,540109	28817	-0,53999	
28818	-1,00131	28818	-1,00087	28818	-0,999909	
28819	-1,30539	28819	-1,30637	28819	-1,30579	
28820	-1,41352	28820	-1,41352	28820	-1,4139	
28821	-1,3057	28821	-1,307	28821	-1,30579	
28822	-1,00006	28822	-1,00055	28822	-1,00022	
28823	-0,541275	28823	-0,541358	28823	-0,540927	
28824	0,000637388	28824	-0,000319168	28824	0,000853482	
28825	0,540987	28825	0,541033	28825	0,542009	
28826	0,999144	28826	0,998979	28826	0,99943	
28827	1,30667	28827	1,30636	28827	1,30656	
28828	1,41355	28828	1,41382	28828	1,41405	
28829	1,30698	28829	1,30667	28829	1,30688	
28830	1,00071	28830	0,999917	28830	1,00068	
28831	0,540362	28831	0,540095	28831	0,540759	
28832	0,00126243	28832	0,000617967	28832	0,00147837	
28833	-0,54065	28833	-0,541358	28833	-0,540927	
28834	-1,00068	28834	-1,00055	28834	-1,00022	
28835	-1,30601	28835	-1,30637	28835	-1,30579	
28836	-1,41415	28836	-1,41414	28836	-1,4139	
28837	-1,30726	28837	-1,30731	28837	-1,30673	
28838	-0,999744	28838	-0,999617	28838	-0,999597	
28839	-0,540025	28839	-0,540421	28839	-0,539365	
28840	0,000324867	28840	-0,000319168	28840	-8,38547E-5	
28841	0,540362	28841	0,540095	28841	0,541384	
28842	0,999457	28842	0,999292	28842	1,00005	
28843	1,30729	28843	1,30667	28843	1,3075	
28844	1,41449	28844	1,41413	28844	1,41498	
28845	1,30667	28845	1,30667	28845	1,30719	
28846	0,998207	28846	0,999604	28846	0,99943	
28847	0,540987	28847	0,54072	28847	0,541072	
28848	-0,000300176	28848	-6,7895E-6	28848	0,00116593	
28849	-0,5394	28849	-0,540734	28849	-0,540302	
28850	-1,00099	28850	-1,00149	28850	-1,00085	
28851	-1,3057	28851	-1,30668	28851	-1,30611	
28852	-1,4129	28852	-1,41289	28852	-1,41296	
28853	-1,30664	28853	-1,30731	28853	-1,30673	
28854	-0,999431	28854	-0,999305	28854	-0,998347	
28855	-0,54065	28855	-0,540734	28855	-0,540615	
28856	-0,000612698	28856	-0,000631546	28856	-0,0003963	
28857	0,540675	28857	0,539783	28857	0,541072	
28858	0,998519	28858	0,998355	28858	0,998805	
28859	1,30698	28859	1,30636	28859	1,3075	
28860	1,41449	28860	1,41444	28860	1,41436	
28861	1,30635	28861	1,30636	28861	1,30656	
28862	0,999144	28862	0,999604	28862	0,999742	
28863	0,540675	28863	0,541033	28863	0,541384	
28864	0,00188747	28864	0,000305589	28864	0,00116593	
28865	-0,540962	28865	-0,541358	28865	-0,540615	
28866	-1,00068	28866	-1,00118	28866	-0,999909	
28867	-1,30695	28867	-1,30731	28867	-1,30642	
28868	-1,41352	28868	-1,41352	28868	-1,41359	
28869	-1,30633	28869	-1,30731	28869	-1,30611	
28870	-1,00037	28870	-1,00087	28870	-1,00053	
28871	-0,540337	28871	-0,540734	28871	-0,540302	
28872	1,23455E-5	28872	-0,000631546	28872	0,000228591	
28873	0,540675	28873	0,540095	28873	0,540759	
28874	0,999769	28874	0,999292	28874	1,00037	
28875	1,30698	28875	1,30636	28875	1,30625	
28876	1,4148	28876	1,41538	28876	1,41498	
28877	1,30698	28877	1,30667	28877	1,30656	
28878	0,999144	28878	0,999292	28878	0,999742	
28879	0,540675	28879	0,54072	28879	0,540135	
28880	0,00094991	28880	0,000930345	28880	0,00179082	
28881	-0,54065	28881	-0,541046	28881	-0,540302	
28882	-1,00099	28882	-1,0018	28882	-1,00053	
28883	-1,30633	28883	-1,307	28883	-1,30611	
28884	-1,4129	28884	-1,41352	28884	-1,41327	
28885	-1,30539	28885	-1,30637	28885	-1,30517	
28886	-0,998806	28886	-1,00024	28886	-0,999284	
28887	-0,541275	28887	-0,541046	28887	-0,540615	
28888	0,000637388	28888	0,000305589	28888	0,000853482	
28889	0,540675	28889	0,54072	28889	0,541384	
28890	0,999144	28890	0,999292	28890	0,999742	
28891	1,30698	28891	1,30605	28891	1,30625	
28892	1,41511	28892	1,41413	28892	1,41467	
28893	1,3076	28893	1,3073	28893	1,30781	
28894	1,00008	28894	0,999604	28894	1,00037	
28895	0,540362	28895	0,540408	28895	0,541384	
28896	0,00157495	28896	0,000305589	28896	0,000541036	
28897	-0,54065	28897	-0,541358	28897	-0,541239	
28898	-0,999431	28898	-1,00087	28898	-1,00053	
28899	-1,30633	28899	-1,30637	28899	-1,30517	
28900	-1,4129	28900	-1,41352	28900	-1,41296	
28901	-1,30633	28901	-1,30668	28901	-1,30704	
28902	-0,999744	28902	-1,00024	28902	-0,999284	
28903	-0,540962	28903	-0,541046	28903	-0,540927	
28904	-0,000612698	28904	-0,000943924	28904	-0,0003963	
28905	0,5413	28905	0,54072	28905	0,541697	
28906	0,999457	28906	0,999604	28906	1,00005	
28907	1,30667	28907	1,30605	28907	1,30625	
28908	1,41449	28908	1,41476	28908	1,41498	
28909	1,30635	28909	1,30574	28909	1,30625	
28910	0,999144	28910	0,999604	28910	1,00037	
28911	0,5413	28911	0,540095	28911	0,541072	
28912	1,23455E-5	28912	-6,7895E-6	28912	0,000228591	
28913	-0,54065	28913	-0,541046	28913	-0,540927	
28914	-1,00068	28914	-1,00024	28914	-0,999909	
28915	-1,3057	28915	-1,30637	28915	-1,30548	
28916	-1,41352	28916	-1,41383	28916	-1,41296	
28917	-1,30633	28917	-1,307	28917	-1,30673	
28918	-1,00006	28918	-0,999929	28918	-0,999597	
28919	-0,540962	28919	-0,541358	28919	-0,540615	
28920	0,00094991	28920	-6,7895E-6	28920	0,000541036	
28921	0,540675	28921	0,541033	28921	0,541384	
28922	1,00008	28922	0,999604	28922	1,00037	
28923	1,30604	28923	1,30605	28923	1,30625	
28924	1,41449	28924	1,41413	28924	1,41405	
28925	1,30573	28925	1,30542	28925	1,30688	
28926	0,999457	28926	0,999604	28926	1,00037	
28927	0,540675	28927	0,540408	28927	0,541384	
28928	-0,000300176	28928	-0,000319168	28928	0,000853482	
28929	-0,54065	28929	-0,541358	28929	-0,540615	
28930	-1,00006	28930	-1,00024	28930	-0,999284	
28931	-1,3057	28931	-1,30637	28931	-1,30548	
28932	-1,41352	28932	-1,41383	28932	-1,41359	
28933	-1,30695	28933	-1,30731	28933	-1,30642	
28934	-0,999744	28934	-0,999617	28934	-0,998972	
28935	-0,540025	28935	-0,540734	28935	-0,539677	
28936	1,23455E-5	28936	-0,000631546	28936	-0,0003963	
28937	0,540675	28937	0,541033	28937	0,541072	
28938	1,00039	28938	1,00085	28938	1,00037	
28939	1,30792	28939	1,30698	28939	1,30719	
28940	1,41386	28940	1,41351	28940	1,41373	
28941	1,30635	28941	1,30605	28941	1,30688	
28942	1,00071	28942	1,00023	28942	1,00037	
28943	0,540987	28943	0,54072	28943	0,541697	
28944	0,00094991	28944	-6,7895E-6	28944	0,000853482	
28945	-0,540962	28945	-0,541358	28945	-0,53999	
28946	-1,00006	28946	-1,00055	28946	-1,00022	
28947	-1,3057	28947	-1,307	28947	-1,30579	
28948	-1,41227	28948	-1,41352	28948	-1,41265	
28949	-1,30664	28949	-1,30668	28949	-1,30611	
28950	-1,00099	28950	-1,00087	28950	-1,00053	
28951	-0,539712	28951	-0,540734	28951	-0,540302	
28952	0,000637388	28952	-0,000319168	28952	0,000853482	
28953	0,54005	28953	0,540095	28953	0,540759	
28954	0,999144	28954	0,999292	28954	0,99943	
28955	1,30698	28955	1,30605	28955	1,30656	
28956	1,4148	28956	1,41444	28956	1,41498	
28957	1,30698	28957	1,30636	28957	1,30656	
28958	0,999457	28958	1,00023	28958	0,999742	
28959	0,540675	28959	0,54072	28959	0,541072	
28960	0,000637388	28960	-0,000631546	28960	0,000541036	
28961	-0,539712	28961	-0,540421	28961	-0,53999	
28962	-1,00037	28962	-1,00087	28962	-1,00022	
28963	-1,30601	28963	-1,307	28963	-1,30579	
28964	-1,41321	28964	-1,41352	28964	-1,41327	
28965	-1,30601	28965	-1,307	28965	-1,30611	
28966	-1,00006	28966	-1,00055	28966	-0,999597	
28967	-0,542525	28967	-0,542295	28967	-0,541552	
28968	1,23455E-5	28968	-0,000319168	28968	0,000541036	
28969	0,540987	28969	0,541033	28969	0,541072	
28970	0,999769	28970	0,999292	28970	0,999742	
28971	1,30635	28971	1,30667	28971	1,30656	
28972	1,41386	28972	1,41319	28972	1,41373	
28973	1,30792	28973	1,30698	28973	1,3075	
28974	1,00133	28974	1,00054	28974	1,00068	
28975	0,54005	28975	0,539471	28975	0,540447	
28976	1,23455E-5	28976	-6,7895E-6	28976	0,000853482	
28977	-0,540025	28977	-0,540421	28977	-0,53999	
28978	-1,00068	28978	-1,00055	28978	-1,00022	
28979	-1,30695	28979	-1,30731	28979	-1,30642	
28980	-1,41415	28980	-1,41446	28980	-1,41359	
28981	-1,30508	28981	-1,30544	28981	-1,30517	
28982	-0,999431	28982	-1,00055	28982	-0,999284	
28983	-0,541587	28983	-0,541983	28983	-0,541552	
28984	0,00157495	28984	0,00124272	28984	0,00147837	
28985	0,541925	28985	0,541345	28985	0,541697	
28986	1,00102	28986	1,00054	28986	1,0013	
28987	1,30667	28987	1,30636	28987	1,30625	
28988	1,41417	28988	1,41351	28988	1,41373	
28989	1,3076	28989	1,30698	28989	1,30781	
28990	0,999769	28990	0,999917	28990	1,00037	
28991	0,540987	28991	0,539783	28991	0,540135	
28992	-0,000612698	28992	-0,000319168	28992	0,000541036	
28993	-0,540962	28993	-0,541046	28993	-0,540615	
28994	-0,998806	28994	-0,999617	28994	-0,999284	
28995	-1,30664	28995	-1,30668	28995	-1,30579	
28996	-1,41508	28996	-1,41508	28996	-1,41452	
28997	-1,30508	28997	-1,30637	28997	-1,30548	
28998	-0,999119	28998	-0,999929	28998	-0,998972	
28999	-0,540962	28999	-0,540734	28999	-0,540927	
29000	0,000324867	29000	-0,000631546	29000	0,000228591	
29001	0,540675	29001	0,540095	29001	0,541384	
29002	1,00102	29002	1,00085	29002	1,00162	
29003	1,30667	29003	1,30605	29003	1,30656	
29004	1,41386	29004	1,41319	29004	1,41373	
29005	1,30729	29005	1,30667	29005	1,30719	
29006	1,00102	29006	1,00054	29006	1,00099	
29007	0,540362	29007	0,539783	29007	0,540447	
29008	-0,000612698	29008	-0,000943924	29008	-0,0003963	
29009	-0,540962	29009	-0,541358	29009	-0,541239	
29010	-0,999431	29010	-0,999929	29010	-0,999284	
29011	-1,30601	29011	-1,30668	29011	-1,30579	
29012	-1,41383	29012	-1,41446	29012	-1,4139	
29013	-1,3057	29013	-1,30637	29013	-1,30611	
29014	-1,00006	29014	-0,999929	29014	-0,999284	
29015	-0,540025	29015	-0,541046	29015	-0,540615	
29016	1,23455E-5	29016	-0,000319168	29016	0,000541036	
29017	0,540362	29017	0,539783	29017	0,540759	
29018	1,00071	29018	0,999917	29018	1,00037	
29019	1,30667	29019	1,30605	29019	1,30656	
29020	1,41449	29020	1,41382	29020	1,41405	
29021	1,30729	29021	1,30698	29021	1,3075	
29022	1,00102	29022	0,999917	29022	1,0013	
29023	0,540362	29023	0,540095	29023	0,540759	
29024	0,000637388	29024	-6,7895E-6	29024	0,000541036	
29025	-0,541587	29025	-0,540734	29025	-0,540927	
29026	-0,999431	29026	-0,999929	29026	-0,999597	
29027	-1,30633	29027	-1,30637	29027	-1,30579	
29028	-1,41477	29028	-1,41539	29028	-1,4139	
29029	-1,30726	29029	-1,30731	29029	-1,30673	
29030	-0,999431	29030	-0,999929	29030	-0,999284	
29031	-0,540962	29031	-0,541983	29031	-0,540302	
29032	0,000637388	29032	-0,000319168	29032	0,000228591	
29033	0,540362	29033	0,541033	29033	0,540759	
29034	1,00071	29034	0,999917	29034	1,00068	
29035	1,30698	29035	1,30667	29035	1,3075	
29036	1,41355	29036	1,41319	29036	1,41342	
29037	1,30667	29037	1,30636	29037	1,30719	
29038	1,00008	29038	0,999917	29038	0,999742	
29039	0,540675	29039	0,540095	29039	0,540447	
29040	-0,000925219	29040	-0,00156868	29040	-0,0003963	
29041	-0,540962	29041	-0,541983	29041	-0,541239	
29042	-0,999744	29042	-0,999617	29042	-0,999284	
29043	-1,30664	29043	-1,30731	29043	-1,30642	
29044	-1,41415	29044	-1,41446	29044	-1,41296	
29045	-1,30601	29045	-1,30731	29045	-1,30642	
29046	-0,999744	29046	-0,999929	29046	-0,999909	
29047	-0,54065	29047	-0,541358	29047	-0,540615	
29048	0,000637388	29048	0,000305589	29048	0,000853482	
29049	0,540675	29049	0,540408	29049	0,540759	
29050	1,00164	29050	1,00117	29050	1,00224	
29051	1,30729	29051	1,30667	29051	1,30719	
29052	1,41386	29052	1,41319	29052	1,41342	
29053	1,30698	29053	1,30667	29053	1,30656	
29054	1,00008	29054	1,00054	29054	1,00068	
29055	0,54005	29055	0,540408	29055	0,540759	
29056	0,000324867	29056	-6,7895E-6	29056	0,000228591	
29057	-0,541587	29057	-0,541671	29057	-0,541239	
29058	-0,999744	29058	-0,999617	29058	-0,999284	
29059	-1,30633	29059	-1,307	29059	-1,30579	
29060	-1,41477	29060	-1,41477	29060	-1,41421	
29061	-1,3057	29061	-1,30668	29061	-1,30611	
29062	-1,00006	29062	-1,00024	29062	-0,999909	
29063	-0,540962	29063	-0,540421	29063	-0,53999	
29064	-0,000300176	29064	-0,000943924	29064	0,000541036	
29065	0,540362	29065	0,540408	29065	0,540135	
29066	1,00039	29066	1,00117	29066	1,00037	
29067	1,3076	29067	1,30636	29067	1,30688	
29068	1,4123	29068	1,41194	29068	1,41311	
29069	1,30698	29069	1,30667	29069	1,30719	
29070	1,00039	29070	1,00023	29070	1,00099	
29071	0,54005	29071	0,540095	29071	0,540447	
29072	-0,000300176	29072	-6,7895E-6	29072	-8,38547E-5	
29073	-0,54065	29073	-0,540734	29073	-0,539677	
29074	-0,999119	29074	-1,00024	29074	-0,999909	
29075	-1,30601	29075	-1,30637	29075	-1,30642	
29076	-1,41446	29076	-1,41477	29076	-1,41421	
29077	-1,30601	29077	-1,30637	29077	-1,30611	
29078	-0,999431	29078	-0,999929	29078	-0,999284	
29079	-0,540962	29079	-0,541358	29079	-0,540615	
29080	0,00157495	29080	0,000930345	29080	0,00147837	
29081	0,54005	29081	0,539783	29081	0,540759	
29082	1,00008	29082	1,00085	29082	1,00037	
29083	1,30729	29083	1,30667	29083	1,30719	
29084	1,41136	29084	1,41194	29084	1,41217	
29085	1,30792	29085	1,30698	29085	1,30813	
29086	1,00102	29086	1,00085	29086	1,00068	
29087	0,540362	29087	0,539783	29087	0,541072	
29088	-0,000925219	29088	-0,0012563	29088	-8,38547E-5	
29089	-0,540337	29089	-0,540109	29089	-0,540615	
29090	-0,999119	29090	-0,999617	29090	-0,999284	
29091	-1,30601	29091	-1,307	29091	-1,30579	
29092	-1,41446	29092	-1,41539	29092	-1,41421	
29093	-1,30508	29093	-1,30606	29093	-1,30579	
29094	-1,00068	29094	-1,00118	29094	-0,999909	
29095	-0,540962	29095	-0,540734	29095	-0,540615	
29096	-0,000300176	29096	-0,000631546	29096	0,000228591	
29097	0,540362	29097	0,540095	29097	0,540135	
29098	1,00039	29098	1,00054	29098	1,00099	
29099	1,30698	29099	1,30605	29099	1,30688	
29100	1,41261	29100	1,41257	29100	1,41311	
29101	1,30698	29101	1,30667	29101	1,30688	
29102	1,00039	29102	1,00054	29102	1,00068	
29103	0,540675	29103	0,540408	29103	0,541072	
29104	-0,000300176	29104	-0,000319168	29104	0,000228591	
29105	-0,541275	29105	-0,541671	29105	-0,540927	
29106	-0,999744	29106	-1,00024	29106	-0,999597	
29107	-1,30633	29107	-1,30637	29107	-1,30611	
29108	-1,41383	29108	-1,41414	29108	-1,41359	
29109	-1,30633	29109	-1,30668	29109	-1,30611	
29110	-0,999431	29110	-0,999929	29110	-0,999597	
29111	-0,540962	29111	-0,541358	29111	-0,540927	
29112	0,000324867	29112	-0,000631546	29112	-8,38547E-5	
29113	0,54005	29113	0,540408	29113	0,540447	
29114	1,00008	29114	0,999917	29114	1,00037	
29115	1,30698	29115	1,30636	29115	1,3075	
29116	1,41324	29116	1,41257	29116	1,41311	
29117	1,30604	29117	1,30605	29117	1,30688	
29118	0,999457	29118	0,999917	29118	1,00037	
29119	0,540675	29119	0,54072	29119	0,540447	
29120	-0,000612698	29120	-0,000631546	29120	0,000228591	
29121	-0,54065	29121	-0,541046	29121	-0,540615	
29122	-1,00006	29122	-1,00024	29122	-1,00022	
29123	-1,30601	29123	-1,30668	29123	-1,30579	
29124	-1,41477	29124	-1,41477	29124	-1,41359	
29125	-1,30508	29125	-1,30637	29125	-1,30548	
29126	-1,00037	29126	-1,00055	29126	-0,999909	
29127	-0,54065	29127	-0,541358	29127	-0,540615	
29128	1,23455E-5	29128	-0,000319168	29128	0,000541036	
29129	0,540987	29129	0,54072	29129	0,541384	
29130	0,999769	29130	0,999604	29130	1,00068	
29131	1,30604	29131	1,30605	29131	1,30625	
29132	1,41386	29132	1,41319	29132	1,41373	
29133	1,30823	29133	1,3073	29133	1,30844	
29134	1,00071	29134	1,00023	29134	1,00068	
29135	0,539737	29135	0,539783	29135	0,540447	
29136	0,000324867	29136	-6,7895E-6	29136	0,000541036	
29137	-0,54065	29137	-0,541046	29137	-0,540615	
29138	-0,999744	29138	-1,00087	29138	-0,999909	
29139	-1,30726	29139	-1,307	29139	-1,30673	
29140	-1,41352	29140	-1,41414	29140	-1,41359	
29141	-1,3057	29141	-1,30606	29141	-1,30548	
29142	-1,00006	29142	-0,999929	29142	-0,999284	
29143	-0,5419	29143	-0,542295	29143	-0,541239	
29144	-0,000612698	29144	-0,000319168	29144	-8,38547E-5	
29145	0,5413	29145	0,541033	29145	0,541384	
29146	1,00039	29146	0,999917	29146	1,00099	
29147	1,30635	29147	1,30636	29147	1,30656	
29148	1,41386	29148	1,41351	29148	1,41373	
29149	1,30667	29149	1,30636	29149	1,30719	
29150	1,00102	29150	1,00117	29150	1,00099	
29151	0,54005	29151	0,539471	29151	0,540447	
29152	0,000637388	29152	-6,7895E-6	29152	0,000853482	
29153	-0,539712	29153	-0,540734	29153	-0,540302	
29154	-0,999431	29154	-1,00024	29154	-0,999909	
29155	-1,30633	29155	-1,307	29155	-1,30642	
29156	-1,41415	29156	-1,41446	29156	-1,4139	
29157	-1,30508	29157	-1,30637	29157	-1,30517	
29158	-0,998806	29158	-0,999617	29158	-0,998972	
29159	-0,542212	29159	-0,542608	29159	-0,541552	
29160	1,23455E-5	29160	-0,000631546	29160	0,000541036	
29161	0,540987	29161	0,541033	29161	0,541072	
29162	1,00071	29162	1,00085	29162	1,00068	
29163	1,30635	29163	1,30574	29163	1,30594	
29164	1,41449	29164	1,41351	29164	1,41436	
29165	1,3076	29165	1,30698	29165	1,30688	
29166	1,00039	29166	0,999917	29166	1,00037	
29167	0,539425	29167	0,539471	29167	0,540447	
29168	0,00126243	29168	0,000617967	29168	0,00147837	
29169	-0,54065	29169	-0,540734	29169	-0,53999	
29170	-0,999431	29170	-1,00055	29170	-0,999909	
29171	-1,3057	29171	-1,30637	29171	-1,30611	
29172	-1,41415	29172	-1,41414	29172	-1,4139	
29173	-1,30539	29173	-1,30606	29173	-1,30579	
29174	-1,00006	29174	-1,00055	29174	-0,999909	
29175	-0,540337	29175	-0,541046	29175	-0,540615	
29176	-0,000300176	29176	-0,000319168	29176	0,000853482	
29177	0,540987	29177	0,540408	29177	0,541384	
29178	1,00039	29178	1,00054	29178	1,00068	
29179	1,30729	29179	1,30667	29179	1,3075	
29180	1,41324	29180	1,41319	29180	1,41373	
29181	1,3076	29181	1,3073	29181	1,30781	
29182	1,00071	29182	0,999604	29182	1,00099	
29183	0,539737	29183	0,539158	29183	0,539822	
29184	1,23455E-5	29184	-0,000319168	29184	0,000228591	
29185	-0,541275	29185	-0,541046	29185	-0,540927	
29186	-0,999431	29186	-1,00024	29186	-1,00022	
29187	-1,3057	29187	-1,30668	29187	-1,30517	
29188	-1,41446	29188	-1,41539	29188	-1,41421	
29189	-1,30664	29189	-1,30668	29189	-1,30611	
29190	-0,999431	29190	-0,999929	29190	-0,999597	
29191	-0,540962	29191	-0,541358	29191	-0,540302	
29192	0,000637388	29192	-6,7895E-6	29192	0,00116593	
29193	0,54005	29193	0,541033	29193	0,540759	
29194	1,00102	29194	1,00054	29194	1,00099	
29195	1,30573	29195	1,30605	29195	1,30625	
29196	1,41324	29196	1,41226	29196	1,41342	
29197	1,30667	29197	1,30667	29197	1,30688	
29198	1,00071	29198	1,00085	29198	1,00099	
29199	0,539737	29199	0,539158	29199	0,540447	
