Time - Plot 0	Amplitude - Plot 0	Time - Plot 1	Amplitude - Plot 1	Time - Plot 2	Amplitude - Plot 2	
29001	-0,437518	29001	-0,438274	29001	-0,436883	
29002	-0,541275	29002	-0,541671	29002	-0,540927	
29003	-0,640657	29003	-0,641632	29003	-0,641222	
29004	-0,739413	29004	-0,740031	29004	-0,739642	
29005	-0,83067	29005	-0,83062	29005	-0,830876	
29006	-0,917238	29006	-0,918086	29006	-0,916799	
29007	-1,00099	29007	-1,00149	29007	-1,00116	
29008	-1,07537	29008	-1,07584	29008	-1,07458	
29009	-1,14319	29009	-1,14362	29009	-1,1427	
29010	-1,20507	29010	-1,20579	29010	-1,2055	
29011	-1,26007	29011	-1,26045	29011	-1,26018	
29012	-1,30633	29012	-1,307	29012	-1,30611	
29013	-1,34477	29013	-1,34479	29013	-1,34422	
29014	-1,37446	29014	-1,37478	29014	-1,37422	
29015	-1,39852	29015	-1,39821	29015	-1,39703	
29016	-1,40946	29016	-1,40977	29016	-1,40952	
29017	-1,41383	29017	-1,41446	29017	-1,4139	
29018	-1,40915	29018	-1,40946	29018	-1,40859	
29019	-1,39727	29019	-1,39602	29019	-1,3964	
29020	-1,37633	29020	-1,37697	29020	-1,37547	
29021	-1,34414	29021	-1,34355	29021	-1,34297	
29022	-1,30601	29022	-1,30668	29022	-1,30611	
29023	-1,2607	29023	-1,26108	29023	-1,26018	
29024	-1,20476	29024	-1,20547	29024	-1,20519	
29025	-1,14413	29025	-1,14425	29025	-1,14395	
29026	-1,07475	29026	-1,07584	29026	-1,07521	
29027	-1,00006	29027	-0,999305	29027	-0,999284	
29028	-0,918801	29028	-0,919024	29028	-0,918361	
29029	-0,830982	29029	-0,830933	29029	-0,830564	
29030	-0,738788	29030	-0,739718	29030	-0,738392	
29031	-0,642844	29031	-0,641632	29031	-0,641534	
29032	-0,540962	29032	-0,541358	29032	-0,541552	
29033	-0,437205	29033	-0,437961	29033	-0,436883	
29034	-0,329385	29034	-0,329566	29034	-0,328777	
29035	-0,220315	29035	-0,220858	29035	-0,220358	
29036	-0,111245	29036	-0,112151	29036	-0,111314	
29037	0,0022	29037	0,00124272	29037	0,00210326	
29038	0,111583	29038	0,111825	29038	0,111772	
29039	0,220965	29039	0,219908	29039	0,220815	
29040	0,330035	29040	0,330177	29040	0,330796	
29041	0,437855	29041	0,43826	29041	0,438277	
29042	0,540675	29042	0,540408	29042	0,541072	
29043	0,642869	29043	0,642243	29043	0,642304	
29044	0,739439	29044	0,73908	29044	0,739475	
29045	0,831632	29045	0,831545	29045	0,831646	
29046	0,918513	29046	0,918386	29046	0,918819	
29047	0,999144	29047	0,998355	29047	1,00005	
29048	1,07509	29048	1,07551	29048	1,07535	
29049	1,14478	29049	1,14455	29049	1,14534	
29050	1,20447	29050	1,20484	29050	1,20564	
29051	1,25947	29051	1,25888	29051	1,26001	
29052	1,30604	29052	1,30605	29052	1,30625	
29053	1,34698	29053	1,34603	29053	1,34687	
29054	1,37542	29054	1,37508	29054	1,37561	
29055	1,39605	29055	1,3957	29055	1,39655	
29056	1,41011	29056	1,41038	29056	1,4103	
29057	1,4148	29057	1,41444	29057	1,41436	
29058	1,40949	29058	1,40851	29058	1,40905	
29059	1,39761	29059	1,39695	29059	1,39749	
29060	1,37542	29060	1,37602	29060	1,37655	
29061	1,34448	29061	1,34385	29061	1,34499	
29062	1,30604	29062	1,30605	29062	1,30625	
29063	1,2601	29063	1,25982	29063	1,26063	
29064	1,20385	29064	1,2039	29064	1,20471	
29065	1,14509	29065	1,14455	29065	1,14534	
29066	1,07446	29066	1,07457	29066	1,07535	
29067	0,999769	29067	0,999604	29067	1,00005	
29068	0,918201	29068	0,918698	29068	0,919131	
29069	0,832257	29069	0,831857	29069	0,832271	
29070	0,738813	29070	0,73908	29070	0,739475	
29071	0,640994	29071	0,640369	29071	0,64043	
29072	0,540987	29072	0,541657	29072	0,542009	
29073	0,438168	29073	0,437635	29073	0,438277	
29074	0,329098	29074	0,328615	29074	0,329546	
29075	0,221903	29075	0,221782	29075	0,221752	
29076	0,111583	29076	0,1112	29076	0,111772	
29077	0,000324867	29077	-6,7895E-6	29077	0,000228591	
29078	-0,110933	29078	-0,111526	29078	-0,111002	
29079	-0,221253	29079	-0,221483	29079	-0,221295	
29080	-0,329385	29080	-0,329878	29080	-0,329714	
29081	-0,43658	29081	-0,437336	29081	-0,436258	
29082	-0,540962	29082	-0,540734	29082	-0,540927	
29083	-0,641282	29083	-0,642256	29083	-0,641534	
29084	-0,740351	29084	-0,739718	29084	-0,73933	
29085	-0,82942	29085	-0,829996	29085	-0,830251	
29086	-0,917863	29086	-0,917774	29086	-0,917736	
29087	-1,00099	29087	-1,00149	29087	-1,00053	
29088	-1,07475	29088	-1,07521	29088	-1,0749	
29089	-1,14257	29089	-1,14269	29089	-1,14301	
29090	-1,2057	29090	-1,20547	29090	-1,20487	
29091	-1,25976	29091	-1,26045	29091	-1,25986	
29092	-1,30601	29092	-1,30668	29092	-1,30548	
29093	-1,34383	29093	-1,34448	29093	-1,34391	
29094	-1,37446	29094	-1,37416	29094	-1,37391	
29095	-1,39696	29095	-1,39634	29095	-1,39609	
29096	-1,40946	29096	-1,41008	29096	-1,40859	
29097	-1,41446	29097	-1,41508	29097	-1,41452	
29098	-1,40883	29098	-1,40946	29098	-1,40952	
29099	-1,39602	29099	-1,39665	29099	-1,39546	
29100	-1,37602	29100	-1,37666	29100	-1,37547	
29101	-1,34508	29101	-1,34511	29101	-1,34422	
29102	-1,30601	29102	-1,307	29102	-1,30611	
29103	-1,26007	29103	-1,2592	29103	-1,26018	
29104	-1,2057	29104	-1,20641	29104	-1,20519	
29105	-1,14444	29105	-1,14456	29105	-1,14395	
29106	-1,0735	29106	-1,0749	29106	-1,07427	
29107	-0,999431	29107	-0,999305	29107	-0,998659	
29108	-0,918488	29108	-0,919024	29108	-0,918049	
29109	-0,830357	29109	-0,831558	29109	-0,831189	
29110	-0,739101	29110	-0,739094	29110	-0,738705	
29111	-0,642532	29111	-0,642569	29111	-0,642159	
29112	-0,540962	29112	-0,541046	29112	-0,541239	
29113	-0,43658	29113	-0,437024	29113	-0,436258	
29114	-0,329073	29114	-0,329878	29114	-0,329089	
29115	-0,22094	29115	-0,220858	29115	-0,220358	
29116	-0,111245	29116	-0,112151	29116	-0,111314	
29117	0,000324867	29117	-6,7895E-6	29117	0,000541036	
29118	0,11252	29118	0,112449	29118	0,111772	
29119	0,219715	29119	0,21897	29119	0,219253	
29120	0,329723	29120	0,329552	29120	0,330171	
29121	0,43723	29121	0,437011	29121	0,43734	
29122	0,541925	29122	0,54072	29122	0,541384	
29123	0,640994	29123	0,641306	29123	0,642304	
29124	0,738813	29124	0,738143	29124	0,739162	
29125	0,831945	29125	0,83092	29125	0,831646	
29126	0,919764	29126	0,91901	29126	0,919131	
29127	0,999769	29127	1,00023	29127	1,00037	
29128	1,07477	29128	1,07364	29128	1,07535	
29129	1,1429	29129	1,14299	29129	1,14315	
29130	1,20572	29130	1,20577	29130	1,20658	
29131	1,2601	29131	1,25982	29131	1,26032	
29132	1,30573	29132	1,30574	29132	1,30625	
29133	1,34573	29133	1,34541	29133	1,34593	
29134	1,3748	29134	1,37477	29134	1,37499	
29135	1,39511	29135	1,39476	29135	1,39592	
29136	1,41074	29136	1,41038	29136	1,41061	
29137	1,4148	29137	1,41382	29137	1,41498	
29138	1,40855	29138	1,40788	29138	1,40811	
29139	1,39698	29139	1,39664	29139	1,3978	
29140	1,37573	29140	1,3754	29140	1,37624	
29141	1,34479	29141	1,34416	29141	1,34406	
29142	1,30667	29142	1,30574	29142	1,30625	
29143	1,25947	29143	1,25919	29143	1,26001	
29144	1,20572	29144	1,20546	29144	1,20596	
29145	1,14353	29145	1,1433	29145	1,14378	
29146	1,07446	29146	1,07457	29146	1,07629	
29147	0,999769	29147	0,999917	29147	0,99943	
29148	0,918513	29148	0,918073	29148	0,918819	
29149	0,830695	29149	0,83092	29149	0,831959	
29150	0,739439	29150	0,73908	29150	0,740412	
29151	0,641932	29151	0,641618	29151	0,641992	
29152	0,541925	29152	0,542282	29152	0,542947	
29153	0,437855	29153	0,437323	29153	0,437652	
29154	0,329098	29154	0,328303	29154	0,328921	
29155	0,220965	29155	0,221157	29155	0,221752	
29156	0,112208	29156	0,112449	29156	0,112397	
29157	-0,000612698	29157	-0,000943924	29157	-0,0003963	
29158	-0,111558	29158	-0,112151	29158	-0,111002	
29159	-0,22094	29159	-0,220546	29159	-0,22067	
29160	-0,33001	29160	-0,330503	29160	-0,329714	
29161	-0,436893	29161	-0,437649	29161	-0,43657	
29162	-0,5419	29162	-0,542295	29162	-0,541552	
29163	-0,641907	29163	-0,642256	29163	-0,641222	
29164	-0,738476	29164	-0,738781	29164	-0,738392	
29165	-0,830982	29165	-0,832182	29165	-0,831814	
29166	-0,918801	29166	-0,918711	29166	-0,917736	
29167	-1,00037	29167	-1,00087	29167	-1,00085	
29168	-1,07412	29168	-1,07428	29168	-1,07427	
29169	-1,1435	29169	-1,14394	29169	-1,14332	
29170	-1,20632	29170	-1,20672	29170	-1,20644	
29171	-1,25976	29171	-1,25983	29171	-1,25955	
29172	-1,30508	29172	-1,30544	29172	-1,30517	
29173	-1,34602	29173	-1,34667	29173	-1,34579	
29174	-1,37508	29174	-1,37572	29174	-1,37422	
29175	-1,39665	29175	-1,39665	29175	-1,39578	
29176	-1,40946	29176	-1,40946	29176	-1,40859	
29177	-1,41383	29177	-1,41414	29177	-1,4139	
29178	-1,41008	29178	-1,40946	29178	-1,40952	
29179	-1,39633	29179	-1,39665	29179	-1,39578	
29180	-1,37508	29180	-1,37541	29180	-1,37453	
29181	-1,34414	29181	-1,34417	29181	-1,34391	
29182	-1,30601	29182	-1,30575	29182	-1,30517	
29183	-1,26007	29183	-1,26045	29183	-1,26018	
29184	-1,2057	29184	-1,20579	29184	-1,20519	
29185	-1,14288	29185	-1,14362	29185	-1,14301	
29186	-1,07537	29186	-1,07615	29186	-1,0749	
29187	-0,999431	29187	-1,00024	29187	-0,999284	
29188	-0,918801	29188	-0,918086	29188	-0,918049	
29189	-0,830045	29189	-0,831245	29189	-0,831189	
29190	-0,738476	29190	-0,739094	29190	-0,73808	
29191	-0,641594	29191	-0,642569	29191	-0,641222	
29192	-0,541587	29192	-0,541671	29192	-0,540615	
29193	-0,43783	29193	-0,438586	29193	-0,437195	
29194	-0,329385	29194	-0,329566	29194	-0,328777	
29195	-0,22094	29195	-0,220858	29195	-0,220358	
29196	-0,111558	29196	-0,112151	29196	-0,111002	
29197	0,00126243	29197	0,000305589	29197	0,00116593	
29198	0,111895	29198	0,111825	29198	0,112084	
29199	0,220653	29199	0,219908	29199	0,220815	
29200	0,329723	29200	0,329552	29200	0,330484	
29201	0,438168	29201	0,437635	29201	0,437965	
29202	0,539737	29202	0,539158	29202	0,540759	
29203	0,641619	29203	0,641306	29203	0,641679	
29204	0,738188	29204	0,738456	29204	0,739475	
29205	0,831945	29205	0,831232	29205	0,831646	
29206	0,918826	29206	0,918073	29206	0,919131	
29207	0,999457	29207	0,998355	29207	0,999117	
29208	1,07477	29208	1,07395	29208	1,07473	
29209	1,14384	29209	1,1433	29209	1,14378	
29210	1,20635	29210	1,20609	29210	1,20658	
29211	1,25947	29211	1,25888	29211	1,26032	
29212	1,30604	29212	1,30542	29212	1,30625	
29213	1,34604	29213	1,34572	29213	1,34624	
29214	1,37511	29214	1,3754	29214	1,37593	
29215	1,39636	29215	1,39539	29215	1,39655	
29216	1,4098	29216	1,40976	29216	1,40998	
29217	1,41542	29217	1,41413	29217	1,41498	
29218	1,40855	29218	1,40788	29218	1,40842	
29219	1,39605	29219	1,3957	29219	1,39624	
29220	1,37448	29220	1,37508	29220	1,37499	
29221	1,34479	29221	1,34416	29221	1,34499	
29222	1,30667	29222	1,30574	29222	1,30656	
29223	1,25916	29223	1,25919	29223	1,26001	
29224	1,20603	29224	1,20671	29224	1,20658	
29225	1,14415	29225	1,14392	29225	1,14472	
29226	1,07415	29226	1,07457	29226	1,07504	
29227	1,00008	29227	0,999604	29227	0,999742	
29228	0,918201	29228	0,917761	29228	0,918819	
29229	0,831632	29229	0,831232	29229	0,831959	
29230	0,739751	29230	0,738456	29230	0,739162	
29231	0,640369	29231	0,640369	29231	0,641055	
29232	0,540987	29232	0,541033	29232	0,541697	
29233	0,43723	29233	0,437323	29233	0,43734	
29234	0,33066	29234	0,329552	29234	0,330484	
29235	0,22034	29235	0,221157	29235	0,221752	
29236	0,110957	29236	0,110575	29236	0,110522	
29237	0,00094991	29237	0,000617967	29237	0,00116593	
29238	-0,110308	29238	-0,111213	29238	-0,109752	
29239	-0,221878	29239	-0,221171	29239	-0,220983	
29240	-0,329073	29240	-0,329878	29240	-0,329401	
29241	-0,437205	29241	-0,437336	29241	-0,436883	
29242	-0,540962	29242	-0,541983	29242	-0,540927	
29243	-0,640657	29243	-0,642256	29243	-0,641222	
29244	-0,737851	29244	-0,738781	29244	-0,738705	
29245	-0,83067	29245	-0,831558	29245	-0,831814	
29246	-0,918488	29246	-0,918711	29246	-0,918361	
29247	-1,00037	29247	-1,00087	29247	-0,999909	
29248	-1,07506	29248	-1,0749	29248	-1,07427	
29249	-1,14257	29249	-1,14362	29249	-1,14238	
29250	-1,20601	29250	-1,20672	29250	-1,20612	
29251	-1,26007	29251	-1,26014	29251	-1,25986	
29252	-1,30539	29252	-1,30575	29252	-1,30548	
29253	-1,34508	29253	-1,34448	29253	-1,34391	
29254	-1,37446	29254	-1,37541	29254	-1,37453	
29255	-1,3979	29255	-1,3979	29255	-1,3964	
29256	-1,40915	29256	-1,41008	29256	-1,40921	
29257	-1,41446	29257	-1,41383	29257	-1,4139	
29258	-1,40883	29258	-1,40914	29258	-1,40859	
29259	-1,39602	29259	-1,39634	29259	-1,39515	
29260	-1,37508	29260	-1,37541	29260	-1,37484	
29261	-1,34477	29261	-1,34417	29261	-1,34329	
29262	-1,30601	29262	-1,30668	29262	-1,30642	
29263	-1,26101	29263	-1,26108	29263	-1,2608	
29264	-1,20538	29264	-1,20579	29264	-1,20519	
29265	-1,14319	29265	-1,14362	29265	-1,14301	
29266	-1,07475	29266	-1,07521	29266	-1,07458	
29267	-1,00068	29267	-1,00087	29267	-0,999909	
29268	-0,918801	29268	-0,919336	29268	-0,918673	
29269	-0,83067	29269	-0,830933	29269	-0,830564	
29270	-0,737851	29270	-0,739094	29270	-0,738392	
29271	-0,642844	29271	-0,642569	29271	-0,642159	
29272	-0,541275	29272	-0,541983	29272	-0,541239	
29273	-0,437205	29273	-0,437649	29273	-0,436883	
29274	-0,329385	29274	-0,329878	29274	-0,329089	
29275	-0,220315	29275	-0,221795	29275	-0,220358	
29276	-0,11187	29276	-0,112151	29276	-0,111627	
29277	0,000637388	29277	0,000305589	29277	0,000853482	
29278	0,111895	29278	0,111512	29278	0,111772	
29279	0,22159	29279	0,219595	29279	0,221128	
29280	0,329723	29280	0,328928	29280	0,329859	
29281	0,43723	29281	0,437011	29281	0,437652	
29282	0,541612	29282	0,54072	29282	0,541384	
29283	0,642869	29283	0,641931	29283	0,641992	
29284	0,739751	29284	0,739705	29284	0,739787	
29285	0,830695	29285	0,829983	29285	0,830709	
29286	0,918513	29286	0,918073	29286	0,918194	
29287	0,999769	29287	0,999604	29287	1,00037	
29288	1,07509	29288	1,07426	29288	1,07535	
29289	1,1429	29289	1,1433	29289	1,14315	
29290	1,20728	29290	1,20702	29290	1,20721	
29291	1,2601	29291	1,25982	29291	1,26095	
29292	1,3051	29292	1,3048	29292	1,305	
29293	1,34511	29293	1,34416	29293	1,34499	
29294	1,37542	29294	1,37602	29294	1,37624	
29295	1,39698	29295	1,39664	29295	1,39655	
29296	1,41011	29296	1,40913	29296	1,4103	
29297	1,4148	29297	1,41413	29297	1,41467	
29298	1,40949	29298	1,40913	29298	1,40936	
29299	1,39792	29299	1,39726	29299	1,39811	
29300	1,37355	29300	1,37477	29300	1,37499	
29301	1,34542	29301	1,34478	29301	1,34531	
29302	1,30667	29302	1,30636	29302	1,30688	
29303	1,25979	29303	1,26013	29303	1,26095	
29304	1,20541	29304	1,20577	29304	1,20627	
29305	1,14384	29305	1,14361	29305	1,14409	
29306	1,07665	29306	1,07582	29306	1,07692	
29307	0,999769	29307	0,999604	29307	1,00005	
29308	0,917263	29308	0,917449	29308	0,917569	
29309	0,831007	29309	0,83092	29309	0,831646	
29310	0,739439	29310	0,739393	29310	0,739475	
29311	0,641619	29311	0,640994	29311	0,641055	
29312	0,54005	29312	0,540095	29312	0,540759	
29313	0,436292	29313	0,436386	29313	0,436403	
29314	0,33066	29314	0,331114	29314	0,330796	
29315	0,221903	29315	0,221157	29315	0,222065	
29316	0,111583	29316	0,110575	29316	0,111147	
29317	-0,000300176	29317	-0,000631546	29317	0,000541036	
29318	-0,11062	29318	-0,111213	29318	-0,111002	
29319	-0,220628	29319	-0,220233	29319	-0,220045	
29320	-0,330635	29320	-0,330503	29320	-0,330026	
29321	-0,43783	29321	-0,438274	29321	-0,438132	
29322	-0,540337	29322	-0,540421	29322	-0,540302	
29323	-0,641282	29323	-0,641944	29323	-0,641222	
29324	-0,738788	29324	-0,739094	29324	-0,73933	
29325	-0,831295	29325	-0,83062	29325	-0,831189	
29326	-0,917551	29326	-0,917774	29326	-0,917736	
29327	-1,00068	29327	-1,00118	29327	-1,00053	
29328	-1,07475	29328	-1,0749	29328	-1,07521	
29329	-1,14319	29329	-1,14331	29329	-1,14332	
29330	-1,20445	29330	-1,20516	29330	-1,20519	
29331	-1,26007	29331	-1,26045	29331	-1,26018	
29332	-1,30664	29332	-1,30668	29332	-1,30642	
29333	-1,34445	29333	-1,34479	29333	-1,34391	
29334	-1,37414	29334	-1,3751	29334	-1,37453	
29335	-1,39602	29335	-1,39696	29335	-1,3964	
29336	-1,40946	29336	-1,40977	29336	-1,40952	
29337	-1,41383	29337	-1,41446	29337	-1,4139	
29338	-1,40946	29338	-1,40946	29338	-1,4089	
29339	-1,39633	29339	-1,39571	29339	-1,39546	
29340	-1,37539	29340	-1,37666	29340	-1,37578	
29341	-1,34383	29341	-1,34355	29341	-1,34329	
29342	-1,30508	29342	-1,30575	29342	-1,30517	
29343	-1,26039	29343	-1,26077	29343	-1,25986	
29344	-1,2057	29344	-1,20641	29344	-1,20519	
29345	-1,1435	29345	-1,14362	29345	-1,1427	
29346	-1,07475	29346	-1,07615	29346	-1,07552	
29347	-0,999119	29347	-0,999929	29347	-0,999284	
29348	-0,918488	29348	-0,919336	29348	-0,918673	
29349	-0,830357	29349	-0,830933	29349	-0,830564	
29350	-0,738476	29350	-0,739406	29350	-0,738392	
29351	-0,642532	29351	-0,642569	29351	-0,641847	
29352	-0,541275	29352	-0,541983	29352	-0,541552	
29353	-0,43783	29353	-0,437336	29353	-0,437508	
29354	-0,32876	29354	-0,329254	29354	-0,328464	
29355	-0,220315	29355	-0,220546	29355	-0,220045	
29356	-0,11187	29356	-0,111838	29356	-0,111627	
29357	0,000637388	29357	0,000305589	29357	0,000853482	
29358	0,111583	29358	0,110888	29358	0,111772	
29359	0,219402	29359	0,219283	29359	0,219878	
29360	0,330973	29360	0,33049	29360	0,331108	
29361	0,437855	29361	0,437948	29361	0,438277	
29362	0,540987	29362	0,540095	29362	0,540759	
29363	0,641619	29363	0,641618	29363	0,641992	
29364	0,738813	29364	0,738768	29364	0,739162	
29365	0,830382	29365	0,82967	29365	0,831021	
29366	0,918826	29366	0,918698	29366	0,919131	
29367	0,999144	29367	0,998667	29367	0,999117	
29368	1,0754	29368	1,07489	29368	1,07535	
29369	1,14509	29369	1,14455	29369	1,14472	
29370	1,20572	29370	1,20515	29370	1,20596	
29371	1,25979	29371	1,25888	29371	1,26001	
29372	1,30698	29372	1,30667	29372	1,30625	
29373	1,34667	29373	1,34572	29373	1,34656	
29374	1,37605	29374	1,37571	29374	1,37624	
29375	1,3948	29375	1,39476	29375	1,3953	
29376	1,41074	29376	1,41007	29376	1,40998	
29377	1,41449	29377	1,41382	29377	1,41498	
29378	1,40886	29378	1,40913	29378	1,40905	
29379	1,39511	29379	1,39539	29379	1,39624	
29380	1,37448	29380	1,37446	29380	1,37593	
29381	1,34479	29381	1,34416	29381	1,34468	
29382	1,30635	29382	1,30574	29382	1,30625	
29383	1,25916	29383	1,25888	29383	1,2597	
29384	1,20541	29384	1,20515	29384	1,20596	
29385	1,14415	29385	1,14392	29385	1,14378	
29386	1,07477	29386	1,07426	29386	1,07535	
29387	1,00039	29387	0,999917	29387	0,999742	
29388	0,918826	29388	0,918698	29388	0,918819	
29389	0,832257	29389	0,831232	29389	0,832271	
29390	0,738501	29390	0,738456	29390	0,739162	
29391	0,641307	29391	0,640681	29391	0,641055	
29392	0,541612	29392	0,541345	29392	0,542009	
29393	0,437543	29393	0,437323	29393	0,437652	
29394	0,329098	29394	0,328303	29394	0,328921	
29395	0,220653	29395	0,220532	29395	0,22144	
29396	0,110645	29396	0,110888	29396	0,111459	
29397	-0,000612698	29397	-0,000319168	29397	-8,38547E-5	
29398	-0,110933	29398	-0,111213	29398	-0,110065	
29399	-0,221565	29399	-0,221483	29399	-0,220983	
29400	-0,33001	29400	-0,330191	29400	-0,329714	
29401	-0,43658	29401	-0,437649	29401	-0,43657	
29402	-0,540962	29402	-0,541046	29402	-0,541552	
29403	-0,641282	29403	-0,641944	29403	-0,641847	
29404	-0,739726	29404	-0,739406	29404	-0,738705	
29405	-0,83067	29405	-0,831245	29405	-0,830564	
29406	-0,917551	29406	-0,917462	29406	-0,917111	
29407	-1,00099	29407	-1,00149	29407	-1,00085	
29408	-1,07506	29408	-1,0749	29408	-1,0749	
29409	-1,14288	29409	-1,14362	29409	-1,1427	
29410	-1,20601	29410	-1,20547	29410	-1,20581	
29411	-1,25945	29411	-1,26077	29411	-1,25924	
29412	-1,30726	29412	-1,30668	29412	-1,30642	
29413	-1,34445	29413	-1,34511	29413	-1,34454	
29414	-1,37539	29414	-1,37572	29414	-1,37516	
29415	-1,39727	29415	-1,39696	29415	-1,39703	
29416	-1,4104	29416	-1,41039	29416	-1,40952	
29417	-1,41383	29417	-1,41446	29417	-1,41359	
29418	-1,40977	29418	-1,41008	29418	-1,40921	
29419	-1,39633	29419	-1,39727	29419	-1,39609	
29420	-1,37539	29420	-1,37634	29420	-1,37578	
29421	-1,34383	29421	-1,34479	29421	-1,34391	
29422	-1,30539	29422	-1,30575	29422	-1,30517	
29423	-1,26101	29423	-1,26139	29423	-1,26049	
29424	-1,20538	29424	-1,20516	29424	-1,20487	
29425	-1,1435	29425	-1,14394	29425	-1,14301	
29426	-1,07506	29426	-1,0749	29426	-1,07521	
29427	-1,00006	29427	-0,999929	29427	-0,999597	
29428	-0,919426	29428	-0,918711	29428	-0,918361	
29429	-0,83067	29429	-0,83062	29429	-0,830564	
29430	-0,739413	29430	-0,739094	29430	-0,738392	
29431	-0,642219	29431	-0,642569	29431	-0,641847	
29432	-0,54065	29432	-0,541983	29432	-0,541239	
29433	-0,438143	29433	-0,438274	29433	-0,437508	
29434	-0,32876	29434	-0,330191	29434	-0,329401	
29435	-0,220003	29435	-0,221171	29435	-0,220045	
29436	-0,112183	29436	-0,112463	29436	-0,111314	
29437	-0,000612698	29437	-0,000631546	29437	-8,38547E-5	
29438	0,111895	29438	0,111825	29438	0,111459	
29439	0,220653	29439	0,219908	29439	0,220815	
29440	0,33066	29440	0,329865	29440	0,331421	
29441	0,437543	29441	0,437323	29441	0,43734	
29442	0,54005	29442	0,540095	29442	0,540447	
29443	0,642557	29443	0,642243	29443	0,642304	
29444	0,738501	29444	0,738768	29444	0,739162	
29445	0,83132	29445	0,830607	29445	0,831334	
29446	0,918826	29446	0,918073	29446	0,918819	
29447	0,999457	29447	0,999604	29447	1,00005	
29448	1,07509	29448	1,07426	29448	1,07567	
29449	1,14322	29449	1,14267	29449	1,14284	
29450	1,20635	29450	1,20577	29450	1,20658	
29451	1,25947	29451	1,2595	29451	1,26032	
29452	1,30604	29452	1,30574	29452	1,30625	
29453	1,34448	29453	1,34416	29453	1,34531	
29454	1,37667	29454	1,37633	29454	1,37624	
29455	1,39636	29455	1,39539	29455	1,39686	
29456	1,4098	29456	1,40913	29456	1,40998	
29457	1,41417	29457	1,39258	29457	1,27376	
29458	1,40949	29458	1,36727	29458	1,26845	
29459	1,39636	29459	1,33635	29459	1,25751	
29460	1,3748	29460	1,29511	29460	1,23689	
29461	1,34167	29461	1,24451	29461	1,20752	
29462	1,30292	29462	1,18797	29462	1,17315	
29463	1,25572	29463	1,12299	29463	1,12972	
29464	1,19916	29464	1,0499	29464	1,07942	
29465	1,13447	29465	0,971178	29465	1,02161	
29466	1,06602	29466	0,88746	29466	0,959749	
29467	0,987268	29467	0,795933	29467	0,888824	
29468	0,902262	29468	0,699408	29468	0,81165	
29469	0,812256	29469	0,598823	29469	0,731976	
29470	0,719437	29470	0,496675	29470	0,647616	
29471	0,618805	29471	0,38828	29471	0,557007	
29472	0,514735	29472	0,277698	29472	0,463898	
29473	0,408166	29473	0,166803	29473	0,36704	
29474	0,299408	29474	0,0549718	29474	0,270182	
29475	0,188775	29475	-0,0574844	29475	0,170511	
29476	0,0756426	29476	-0,170253	29476	0,0689666	
29477	-0,0368652	29477	-0,282709	29477	-0,0332031	
29478	-0,14906	29478	-0,391104	29478	-0,133498	
29479	-0,261568	29479	-0,498875	29479	-0,23473	
29480	-0,371576	29480	-0,602897	29480	-0,334088	
29481	-0,480333	29481	-0,703795	29481	-0,431259	
29482	-0,58284	29482	-0,797508	29482	-0,52343	
29483	-0,683785	29483	-0,888723	29483	-0,615289	
29484	-0,781916	29484	-0,975252	29484	-0,703711	
29485	-0,87286	29485	-1,05335	29485	-0,785259	
29486	-0,957553	29486	-1,12426	29486	-0,861808	
29487	-1,03756	29487	-1,18954	29487	-0,933671	
29488	-1,111	29488	-1,2464	29488	-0,999597	
29489	-1,17819	29489	-1,29669	29489	-1,06052	
29490	-1,23632	29490	-1,33699	29490	-1,1127	
29491	-1,28633	29491	-1,36885	29491	-1,15738	
29492	-1,33039	29492	-1,39415	29492	-1,19706	
29493	-1,36321	29493	-1,40758	29493	-1,22706	
29494	-1,38915	29494	-1,41414	29494	-1,25112	
29495	-1,40508	29495	-1,41102	29495	-1,26424	
29496	-1,41258	29496	-1,39852	29496	-1,27049	
29497	-1,41227	29497	-1,37884	29497	-1,27174	
29498	-1,40258	29498	-1,34823	29498	-1,26143	
29499	-1,38039	29499	-1,30918	29499	-1,24268	
29500	-1,35539	29500	-1,26358	29500	-1,21956	
29501	-1,31789	29501	-1,20922	29501	-1,18581	
29502	-1,27289	29502	-1,14675	29502	-1,14613	
29503	-1,21726	29503	-1,07521	29503	-1,09614	
29504	-1,15819	29504	-0,999929	29504	-1,0424	
29505	-1,09037	29505	-0,917149	29505	-0,98085	
29506	-1,01443	29506	-0,828121	29506	-0,913362	
29507	-0,932552	29507	-0,734408	29507	-0,839	
29508	-0,843483	29508	-0,634135	29508	-0,759326	
29509	-0,750664	29509	-0,532299	29509	-0,675278	
29510	-0,65472	29510	-0,427653	29510	-0,588731	
29511	-0,55065	29511	-0,316446	29511	-0,49531	
29512	-0,444706	29512	-0,205239	29512	-0,400014	
29513	-0,337198	29513	-0,094345	29513	-0,304093	
29514	-0,226566	29514	0,0190483	29514	-0,204111	
29515	-0,114058	29515	0,132754	29515	-0,101316	
29516	-0,00186278	29516	0,243336	29516	-0,00164608	
29517	0,110645	29517	0,353293	29517	0,100211	
29518	0,222528	29518	0,461688	29518	0,200819	
29519	0,334098	29519	0,566648	29519	0,300489	
29520	0,442543	29520	0,668795	29520	0,398284	
29521	0,548488	29521	0,766257	29521	0,493893	
29522	0,649432	29522	0,85716	29522	0,584502	
29523	0,747564	29523	0,944938	29523	0,672924	
29524	0,842883	29524	1,02678	29524	0,758847	
29525	0,930077	29525	1,09988	29525	0,837583	
29526	1,01039	29526	1,16641	29526	0,909445	
29527	1,08728	29527	1,22795	29527	0,979121	
29528	1,15697	29528	1,28012	29528	1,0413	
29529	1,21666	29529	1,32229	29529	1,09535	
29530	1,27073	29530	1,35853	29530	1,14378	
29531	1,31792	29531	1,38695	29531	1,18565	
29532	1,35261	29532	1,40382	29532	1,21752	
29533	1,3823	29533	1,41351	29533	1,2447	
29534	1,40105	29534	1,41319	29534	1,26157	
29535	1,4123	29535	1,40413	29535	1,27095	
29536	1,41324	29536	1,38477	29536	1,27313	
29537	1,40605	29537	1,35915	29537	1,26626	
29538	1,39042	29538	1,32417	29538	1,25157	
29539	1,36448	29539	1,27981	29539	1,22845	
29540	1,3326	29540	1,22889	29540	1,19908	
29541	1,28854	29541	1,16735	29541	1,15909	
29542	1,2376	29542	1,10081	29542	1,11441	
29543	1,18103	29543	1,02678	29543	1,06317	
29544	1,11384	29544	0,944938	29544	1,00255	
29545	1,03946	29545	0,857784	29545	0,936003	
29546	0,961329	29546	0,766257	29546	0,866015	
29547	0,876323	29547	0,670045	29547	0,789154	
29548	0,783192	29548	0,56696	29548	0,705731	
29549	0,68756	29549	0,462626	29549	0,619496	
29550	0,586928	29550	0,35423	29550	0,528262	
29551	0,482546	29551	0,244273	29551	0,434528	
29552	0,374726	29552	0,132442	29552	0,33767	
29553	0,263781	29553	0,0187359	29553	0,237687	
29554	0,154085	29554	-0,0924708	29554	0,138642	
29555	0,0409527	29555	-0,205239	29555	0,0370972	
29556	-0,0712426	29556	-0,315821	29556	-0,0644476	
29557	-0,185	29557	-0,426091	29557	-0,165992	
29558	-0,295633	29558	-0,531675	29558	-0,265975	
29559	-0,40439	29559	-0,633822	29559	-0,36377	
29560	-0,510648	29560	-0,732534	29560	-0,460004	
29561	-0,616905	29561	-0,828434	29561	-0,555299	
29562	-0,715037	29562	-0,916212	29562	-0,643409	
29563	-0,809106	29563	-0,99868	29563	-0,727144	
29564	-0,899424	29564	-1,07584	29564	-0,810255	
29565	-0,983805	29565	-1,14519	29565	-0,885554	
29566	-1,06162	29566	-1,2086	29566	-0,954917	
29567	-1,13288	29567	-1,26326	29567	-1,01991	
29568	-1,19694	29568	-1,3095	29568	-1,0774	
29569	-1,25351	29569	-1,34854	29569	-1,1277	
29570	-1,30133	29570	-1,37759	29570	-1,17144	
29571	-1,3407	29571	-1,39852	29571	-1,20675	
29572	-1,37164	29572	-1,41039	29572	-1,23487	
29573	-1,39602	29573	-1,41446	29573	-1,25518	
29574	-1,41071	29574	-1,40883	29574	-1,26861	
29575	-1,41383	29575	-1,39321	29575	-1,2733	
29576	-1,40883	29576	-1,36979	29576	-1,2683	
29577	-1,3979	29577	-1,33823	29577	-1,2583	
29578	-1,37477	29578	-1,29638	29578	-1,23737	
29579	-1,34289	29579	-1,2464	29579	-1,20862	
29580	-1,30445	29580	-1,18954	29580	-1,17363	
29581	-1,25757	29581	-1,12582	29581	-1,13082	
29582	-1,20132	29582	-1,05335	29582	-1,08052	
29583	-1,13632	29583	-0,974627	29583	-1,02334	
29584	-1,06694	29584	-0,88966	29584	-0,959604	
29585	-0,990056	29585	-0,80032	29585	-0,890866	
29586	-0,905675	29586	-0,703483	29586	-0,814942	
29587	-0,816606	29587	-0,603834	29587	-0,734331	
29588	-0,721912	29588	-0,4995	29588	-0,649346	
29589	-0,622218	29589	-0,392666	29589	-0,559674	
29590	-0,519086	29590	-0,283022	29590	-0,466877	
29591	-0,411891	29591	-0,170565	29591	-0,369707	
29592	-0,302196	29592	-0,0590463	29592	-0,271599	
29593	-0,192813	29593	0,0530975	29593	-0,172866	
29594	-0,0793681	29594	0,167428	29594	-0,0703841	
29595	0,0343897	29595	0,278947	29595	0,0308483	
29596	0,14471	29596	0,38703	29596	0,130518	
29597	0,25753	29597	0,494488	29597	0,231751	
29598	0,368788	29598	0,600384	29598	0,331733	
29599	0,476608	29599	0,699408	29599	0,427967	
29600	0,580365	29600	0,795309	29600	0,522638	
29601	0,680372	29601	0,885586	29601	0,612934	
29602	0,777879	29602	0,970553	29602	0,700107	
29603	0,870698	29603	1,0499	29603	0,784155	
29604	0,955704	29604	1,12206	29604	0,860391	
29605	1,03633	29605	1,18672	29605	0,932254	
29606	1,10853	29606	1,24357	29606	0,99818	
29607	1,17697	29607	1,29543	29607	1,05942	
29608	1,2351	29608	1,33604	29608	1,11191	
29609	1,28416	29609	1,36665	29609	1,15628	
29610	1,32917	29610	1,39258	29610	1,19627	
29611	1,36354	29611	1,40851	29611	1,22814	
29612	1,38792	29612	1,41382	29612	1,24939	
29613	1,40511	29613	1,41132	29613	1,26501	
29614	1,41324	29614	1,39945	29614	1,27219	
29615	1,41261	29615	1,37883	29615	1,27157	
29616	1,40261	29616	1,34916	29616	1,26313	
29617	1,38261	29617	1,31011	29617	1,24501	
29618	1,35698	29618	1,26544	29618	1,22064	
29619	1,31917	29619	1,20983	29619	1,18783	
29620	1,27385	29620	1,14767	29620	1,14659	
29621	1,22072	29621	1,07801	29621	1,0991	
29622	1,15916	29622	1,00179	29622	1,0438	
29623	1,09259	29623	0,919323	29623	0,983183	
29624	1,01821	29624	0,831545	29624	0,916632	
29625	0,933827	29625	0,735644	29625	0,840395	
29626	0,846946	29626	0,637557	29626	0,762908	
29627	0,755377	29627	0,535722	29627	0,679485	
29628	0,655683	29628	0,428264	29628	0,591063	
29629	0,554426	29629	0,319869	29629	0,498892	
29630	0,450043	29630	0,210224	29630	0,404846	
29631	0,340661	29631	0,0974552	29631	0,306738	
29632	0,230341	29632	-0,0159381	29632	0,207692	
29633	0,11752	29633	-0,128707	29633	0,10646	
29634	0,00532521	29634	-0,24085	29634	0,00522772	
29635	-0,107183	29635	-0,34987	29635	-0,0960046	
29636	-0,219378	29636	-0,45889	29636	-0,197237	
29637	-0,329698	29637	-0,564162	29637	-0,296595	
29638	-0,439393	29638	-0,66631	29638	-0,395327	
29639	-0,543462	29639	-0,761897	29639	-0,488436	
29640	-0,646907	29640	-0,856548	29640	-0,582482	
29641	-0,747226	29641	-0,944014	29641	-0,671842	
29642	-0,83817	29642	-1,02336	29642	-0,753702	
29643	-0,926301	29643	-1,09802	29643	-0,833376	
29644	-1,00912	29644	-1,16611	29644	-0,908675	
29645	-1,08537	29645	-1,22609	29645	-0,976163	
29646	-1,15413	29646	-1,27857	29646	-1,03834	
29647	-1,21445	29647	-1,3223	29647	-1,09271	
29648	-1,26882	29648	-1,35854	29648	-1,14207	
29649	-1,3157	29649	-1,38572	29649	-1,18331	
29650	-1,35258	29650	-1,40415	29650	-1,21675	
29651	-1,38102	29651	-1,41321	29651	-1,24268	
29652	-1,40165	29652	-1,41414	29652	-1,26111	
29653	-1,41133	29653	-1,40446	29653	-1,27017	
29654	-1,41383	29654	-1,38728	29654	-1,27267	
29655	-1,40602	29655	-1,36104	29655	-1,26518	
29656	-1,38977	29656	-1,3248	29656	-1,2508	
29657	-1,36696	29657	-1,28263	29657	-1,23049	
29658	-1,33164	29658	-1,22984	29658	-1,19831	
29659	-1,28976	29659	-1,16986	29659	-1,16113	
29660	-1,24007	29660	-1,10458	29660	-1,11583	
29661	-1,18257	29661	-1,03023	29661	-1,06365	
29662	-1,116	29662	-0,949012	29662	-1,00428	
29663	-1,0435	29663	-0,862483	29663	-0,938357	
29664	-0,964116	29664	-0,770644	29664	-0,868057	
29665	-0,879423	29665	-0,673494	29665	-0,791196	
29666	-0,786917	29666	-0,571659	29666	-0,708085	
29667	-0,691285	29667	-0,4667	29667	-0,62185	
29668	-0,590341	29668	-0,357992	29668	-0,530616	
29669	-0,484708	29669	-0,247723	29669	-0,43657	
29670	-0,378764	29670	-0,136828	29670	-0,341274	
29671	-0,267506	29671	-0,0221857	29671	-0,240354	
29672	-0,155936	29672	0,0899582	29672	-0,140684	
29673	-0,0459283	29673	0,199603	29673	-0,0407018	
29674	0,0672045	29674	0,312059	29674	0,0620928	
29675	0,18065	29675	0,421392	29675	0,163325	
29676	0,291907	29676	0,526976	29676	0,262683	
29677	0,401603	29677	0,630998	29677	0,361728	
29678	0,50786	29678	0,729709	29678	0,457024	
29679	0,612867	29679	0,823735	29679	0,55107	
29680	0,711937	29680	0,913388	29680	0,641055	
29681	0,807256	29681	0,995543	29681	0,725727	
29682	0,897262	29682	1,0727	29682	0,807276	
29683	0,981018	29683	1,14299	29683	0,882887	
29684	1,06102	29684	1,2064	29684	0,955062	
29685	1,13072	29685	1,26106	29685	1,01755	
29686	1,19416	29686	1,30667	29686	1,07504	
29687	1,2526	29687	1,34634	29687	1,12753	
29688	1,3001	29688	1,37633	29688	1,17127	
29689	1,33948	29689	1,39726	29689	1,20596	
29690	1,37167	29690	1,41007	29690	1,23501	
29691	1,39605	29691	1,41507	29691	1,2572	
29692	1,40824	29692	1,40757	29692	1,26782	
29693	1,41511	29693	1,39351	29693	1,27344	
29694	1,40917	29694	1,36915	29694	1,26876	
29695	1,3973	29695	1,3376	29695	1,25751	
29696	1,37667	29696	1,29824	29696	1,23939	
29697	1,34448	29697	1,24732	29697	1,20971	
29698	1,30573	29698	1,1914	29698	1,17471	
29699	1,2576	29699	1,12705	29699	1,13253	
29700	1,20291	29700	1,05552	29700	1,08317	
29701	1,13947	29701	0,976176	29701	1,02505	
29702	1,06821	29702	0,890584	29702	0,961311	
29703	0,992894	29703	0,802493	29703	0,894448	
29704	0,909763	29704	0,707843	29704	0,819149	
29705	0,817569	29705	0,604445	29705	0,735413	
29706	0,724125	29706	0,503235	29706	0,652615	
29707	0,625681	29707	0,395777	29707	0,564193	
29708	0,521923	29708	0,28457	29708	0,469209	
29709	0,415666	29709	0,174925	29709	0,374538	
29710	0,306283	29710	0,060907	29710	0,275806	
29711	0,195963	29711	-0,0499873	29711	0,176135	
29712	0,0834556	29712	-0,163381	29712	0,075528	
29713	-0,0293647	29713	-0,2749	29713	-0,0266417	
29714	-0,142185	29714	-0,384857	29714	-0,127874	
29715	-0,255005	29715	-0,49294	29715	-0,229419	
29716	-0,363138	29716	-0,595712	29716	-0,327214	
29717	-0,471583	29717	-0,69661	29717	-0,424385	
29718	-0,577215	29718	-0,793135	29718	-0,519681	
29719	-0,678159	29719	-0,883412	29719	-0,609665	
29720	-0,774103	29720	-0,967754	29720	-0,69715	
29721	-0,868172	29721	-1,04835	29721	-0,780885	
29722	-0,953178	29722	-1,12019	29722	-0,857434	
29723	-1,03318	29723	-1,18486	29723	-0,929297	
29724	-1,106	29724	-1,24233	29724	-0,995847	
29725	-1,17382	29725	-1,29356	29725	-1,05646	
29726	-1,2332	29726	-1,33511	29726	-1,10927	
29727	-1,2832	29727	-1,3676	29727	-1,15551	
29728	-1,32633	29728	-1,39196	29728	-1,19425	
29729	-1,36164	29729	-1,40727	29729	-1,22518	
29730	-1,3879	29730	-1,41446	29730	-1,24893	
29731	-1,40508	29731	-1,41164	29731	-1,26424	
29732	-1,41196	29732	-1,39977	29732	-1,2708	
29733	-1,41133	29733	-1,37884	29733	-1,26986	
29734	-1,40321	29734	-1,35167	29734	-1,26299	
29735	-1,38414	29735	-1,31262	29735	-1,24487	
29736	-1,35571	29736	-1,26639	29736	-1,22018	
29737	-1,31977	29737	-1,21203	29737	-1,18738	
29738	-1,27508	29738	-1,15018	29738	-1,14738	
29739	-1,2232	29739	-1,08146	29739	-1,10052	
29740	-1,16132	29740	-1,00462	29740	-1,04553	
29741	-1,09413	29741	-0,92246	29741	-0,983974	
29742	-1,01912	29742	-0,834057	29742	-0,916486	
29743	-0,937864	29743	-0,740343	29743	-0,843687	
29744	-0,850358	29744	-0,641944	29744	-0,765263	
29745	-0,756915	29745	-0,538235	29745	-0,680278	
29746	-0,65972	29746	-0,432963	29746	-0,59373	
29747	-0,560026	29747	-0,325505	29747	-0,503434	
29748	-0,452206	29748	-0,213049	29748	-0,406575	
29749	-0,343449	29749	-0,100593	29749	-0,309092	
29750	-0,234379	29750	0,0103017	29750	-0,211297	
29751	-0,122184	29751	0,12432	29751	-0,109752	
29752	-0,00842574	29752	0,236151	29752	-0,00789499	
29753	0,103144	29753	0,346421	29753	0,0933374	
29754	0,215652	29754	0,454816	29754	0,194257	
29755	0,325347	29755	0,559463	29755	0,293303	
29756	0,43598	29756	0,661923	29756	0,392035	
29757	0,541612	29757	0,759697	29757	0,487644	
29758	0,644119	29758	0,852161	29758	0,579503	
29759	0,741314	29759	0,939003	29759	0,667612	
29760	0,834758	29760	1,02053	29760	0,751348	
29761	0,924764	29761	1,09582	29761	0,831959	
29762	1,00664	29762	1,16329	29762	0,905696	
29763	1,08134	29763	1,22233	29763	0,973497	
29764	1,15197	29764	1,277	29764	1,03724	
29765	1,21447	29765	1,32104	29765	1,09285	
29766	1,26666	29766	1,35634	29766	1,14034	
29767	1,31292	29767	1,38414	29767	1,18252	
29768	1,35167	29768	1,4032	29768	1,21595	
29769	1,38011	29769	1,41194	29769	1,24189	
29770	1,40042	29770	1,41288	29770	1,26032	
29771	1,41074	29771	1,40445	29771	1,27032	
29772	1,41449	29772	1,38758	29772	1,27313	
29773	1,40667	29773	1,36071	29773	1,26688	
29774	1,39136	29774	1,32541	29774	1,25282	
29775	1,36698	29775	1,28293	29775	1,23001	
29776	1,33417	29776	1,2317	29776	1,20033	
29777	1,2926	29777	1,17266	29777	1,16315	
29778	1,24197	29778	1,10519	29778	1,11753	
29779	1,18291	29779	1,03022	29779	1,06442	
29780	1,11915	29780	0,951498	29780	1,00724	
29781	1,04508	29781	0,863407	29781	0,94069	
29782	0,965079	29782	0,770943	29782	0,868515	
29783	0,882261	29783	0,676917	29783	0,79384	
29784	0,79038	29784	0,574145	29784	0,711042	
29785	0,692873	29785	0,468873	29785	0,62387	
29786	0,594428	29786	0,36204	29786	0,535135	
29787	0,489734	29787	0,252395	29787	0,441402	
29788	0,382851	29788	0,140251	29788	0,344231	
29789	0,273156	29789	0,0271701	29789	0,246123	
29790	0,159711	29790	-0,0862232	29790	0,143954	
29791	0,0478281	29791	-0,198367	29791	0,0433461	
29792	-0,0649921	29792	-0,308949	29792	-0,0578863	
29793	-0,176875	29793	-0,417657	29793	-0,158806	
29794	-0,288758	29794	-0,524178	29794	-0,258789	
29795	-0,399078	29795	-0,628824	29795	-0,358146	
29796	-0,504397	29796	-0,725974	29796	-0,453442	
29797	-0,607842	29797	-0,821249	29797	-0,546239	
29798	-0,709724	29798	-0,910902	29798	-0,63841	
29799	-0,80348	29799	-0,993994	29799	-0,72277	
29800	-0,893174	29800	-1,0699	29800	-0,803694	
29801	-0,978492	29801	-1,14206	29801	-0,880555	
29802	-1,05694	29802	-1,20485	29802	-0,951168	
29803	-1,1285	29803	-1,26014	29803	-1,01553	
29804	-1,19257	29804	-1,30606	29804	-1,07333	
29805	-1,24882	29805	-1,34542	29805	-1,12364	
29806	-1,29945	29806	-1,37697	29806	-1,168	
29807	-1,33758	29807	-1,39696	29807	-1,20425	
29808	-1,37133	29808	-1,41071	29808	-1,23362	
29809	-1,39352	29809	-1,41383	29809	-1,25424	
29810	-1,40821	29810	-1,40883	29810	-1,26736	
29811	-1,41477	29811	-1,39602	29811	-1,2733	
29812	-1,41071	29812	-1,37072	29812	-1,2683	
29813	-1,39696	29813	-1,33886	29813	-1,25705	
29814	-1,37633	29814	-1,29981	29814	-1,23893	
29815	-1,3457	29815	-1,24952	29815	-1,21081	
29816	-1,30726	29816	-1,19392	29816	-1,17644	
29817	-1,26039	29817	-1,12957	29817	-1,13426	
29818	-1,20413	29818	-1,05803	29818	-1,08427	
29819	-1,14225	29819	-0,980562	29819	-1,02803	
29820	-1,07131	29820	-0,895283	29820	-0,964603	
29821	-0,994118	29821	-0,804693	29821	-0,894615	
29822	-0,911925	29822	-0,710667	29822	-0,819941	
29823	-0,821919	29823	-0,610082	29823	-0,739017	
29824	-0,72785	29824	-0,506684	29824	-0,65497	
29825	-0,627531	29825	-0,398289	29825	-0,563735	
29826	-0,525649	29826	-0,290206	29826	-0,472814	
29827	-0,420954	29827	-0,179624	29827	-0,378455	
29828	-0,310947	29828	-0,0665434	29828	-0,279098	
29829	-0,197814	29829	0,0490366	29829	-0,177553	
29830	-0,0871812	29830	0,158681	29830	-0,0781952	
29831	0,0259516	29831	0,270513	29831	0,0233496	
29832	0,139397	29832	0,381095	29832	0,125832	
29833	0,250967	29833	0,487616	29833	0,225502	
29834	0,360037	29834	0,592575	29834	0,324547	
29835	0,468795	29835	0,693473	29835	0,42203	
29836	0,573802	29836	0,789061	29836	0,516389	
29837	0,675372	29837	0,880276	29837	0,608248	
29838	0,772253	29838	0,965867	29838	0,695108	
29839	0,864135	29839	1,04427	29839	0,778218	
29840	0,950391	29840	1,11737	29840	0,85508	
29841	1,03133	29841	1,18391	29841	0,928817	
29842	1,10509	29842	1,24107	29842	0,994743	
29843	1,17041	29843	1,2898	29843	1,05348	
29844	1,23166	29844	1,33322	29844	1,10816	
29845	1,28354	29845	1,36759	29845	1,15565	
29846	1,3251	29846	1,38976	29846	1,19252	
29847	1,36073	29847	1,40663	29847	1,22564	
29848	1,38823	29848	1,41413	29848	1,2497	
29849	1,40417	29849	1,41007	29849	1,26376	
29850	1,41417	29850	1,4007	29850	1,27251	
29851	1,4123	29851	1,37977	29851	1,27219	
29852	1,40417	29852	1,35134	29852	1,26313	
29853	1,38511	29853	1,31448	29853	1,24657	
29854	1,35761	29854	1,26762	29854	1,22252	
29855	1,32135	29855	1,21296	29855	1,1894	
29856	1,27698	29856	1,15173	29856	1,14909	
29857	1,2251	29857	1,08395	29857	1,10316	
29858	1,16416	29858	1,00679	29858	1,04786	
29859	1,09571	29859	0,924633	29859	0,986932	
29860	1,02352	29860	0,837167	29860	0,921006	
29861	0,94164	29861	0,744079	29861	0,847894	
29862	0,852571	29862	0,64318	29862	0,76697	
29863	0,760377	29863	0,54197	29863	0,684797	
29864	0,664121	29864	0,437011	29864	0,597625	
29865	0,560676	29865	0,326429	29865	0,505141	
29866	0,455669	29866	0,216159	29866	0,411407	
29867	0,348161	29867	0,103703	29867	0,313611	
29868	0,238466	29868	-0,00812863	29868	0,214566	
29869	0,125646	29869	-0,121834	29869	0,113021	
29870	0,0128257	29870	-0,233353	29870	0,0117891	
29871	-0,100307	29871	-0,344248	29871	-0,0897557	
29872	-0,211877	29872	-0,452018	29872	-0,190363	
29873	-0,32251	29873	-0,556665	29873	-0,289408	
29874	-0,430955	29874	-0,659437	29874	-0,387829	
29875	-0,537837	29875	-0,757524	29875	-0,483437	
29876	-0,640344	29876	-0,849988	29876	-0,576233	
29877	-0,738163	29877	-0,936204	29877	-0,66403	
29878	-0,833482	29878	-1,01961	29878	-0,749328	
29879	-0,920676	29879	-1,09427	29879	-0,828377	
29880	-1,00412	29880	-1,16205	29880	-0,903364	
29881	-1,07881	29881	-1,22172	29881	-0,971164	
29882	-1,14913	29882	-1,27545	29882	-1,03428	
29883	-1,21101	29883	-1,3198	29883	-1,08927	
29884	-1,26507	29884	-1,35573	29884	-1,13895	
29885	-1,31133	29885	-1,38322	29885	-1,17988	
29886	-1,35008	29886	-1,4029	29886	-1,21425	
29887	-1,37852	29887	-1,41289	29887	-1,24049	
29888	-1,40102	29888	-1,41477	29888	-1,26049	
29889	-1,41102	29889	-1,4054	29889	-1,26955	
29890	-1,41321	29890	-1,3879	29890	-1,27174	
29891	-1,40727	29891	-1,36323	29891	-1,26674	
29892	-1,3929	29892	-1,32824	29892	-1,25236	
29893	-1,36696	29893	-1,28419	29893	-1,23049	
29894	-1,33445	29894	-1,2339	29894	-1,20081	
29895	-1,29226	29895	-1,17455	29895	-1,16332	
29896	-1,24476	29896	-1,10864	29896	-1,11989	
29897	-1,18538	29897	-1,03367	29897	-1,06646	
29898	-1,121	29898	-0,954635	29898	-1,00835	
29899	-1,04787	29899	-0,867481	29899	-0,943044	
29900	-0,969117	29900	-0,775642	29900	-0,872119	
29901	-0,885361	29901	-0,680679	29901	-0,79682	
29902	-0,79348	29902	-0,577594	29902	-0,712772	
29903	-0,696598	29903	-0,472635	29903	-0,626537	
29904	-0,597529	29904	-0,366427	29904	-0,537803	
29905	-0,492834	29905	-0,255845	29905	-0,443132	
29906	-0,384702	29906	-0,143076	29906	-0,345961	
29907	-0,275944	29907	-0,0312446	29907	-0,24879	
29908	-0,164686	29908	0,081524	29908	-0,147871	
29909	-0,0518662	29909	0,194293	29909	-0,0460133	
29910	0,0606415	29910	0,305187	29910	0,0549066	
29911	0,173774	29911	0,414207	29911	0,157389	
29912	0,284094	29912	0,520416	29912	0,255809	
29913	0,394102	29913	0,6235	29913	0,354854	
