% Whispering-gallery mode biosensor data
   2.8048999638485839e+00
   6.4709990965639008e-01
   3.6705999946207157e+00
   3.7354999449235038e+00
   2.3873999452916905e+00
   0.0000000000000000e+00
   4.1800999497354496e+00
   2.4423000013484852e+00
   3.2436998935736483e+00
   4.7052999434527010e+00
   3.4646999438336934e+00
   4.9239999952988001e+00
   5.5298999086517142e+00
   6.0899999425600981e+00
   8.2936999206140172e+00
   8.6030999000286101e+00
   9.6543999461573549e+00
   8.1151999893336324e+00
   1.0878199987018888e+01
   8.8342999333690386e+00
   6.0854999901494011e+00
   5.3246999414113816e+00
   1.0410299978502735e+01
   9.2494999535119860e+00
   1.0280799983775069e+01
   1.0379899890722299e+01
   1.1259199936830555e+01
   1.0929999916697852e+01
   1.1121799957436451e+01
   1.1707799899340898e+01
   1.3957899909655680e+01
   1.4278199955697346e+01
   1.2893099892608006e+01
   1.2248399912095920e+01
   1.4598599932469369e+01
   1.3861100001122395e+01
   1.3755399891124398e+01
   1.2027599950670265e+01
   1.4881799984323152e+01
   1.3917599972046446e+01
   1.6148299891938223e+01
   1.6224199953285279e+01
   1.5295499906642362e+01
   1.8543299916018441e+01
   1.5780199987602828e+01
   1.6821599956529099e+01
   1.8098499936058943e+01
   1.4255099927140691e+01
   1.5913599895611696e+01
   1.4829099995949946e+01
   1.5308099932553887e+01
   1.4330499993775447e+01
   1.7247299979317177e+01
   1.7186599961860338e+01
   1.8295199993190181e+01
   1.5327200003412145e+01
   1.7397999954482657e+01
   1.7006399957608664e+01
   1.7534699964016909e+01
   1.8233799892186653e+01
   1.7848699940259394e+01
   1.7757999899004062e+01
   1.8319499986318988e+01
   1.7017499999383290e+01
   1.7267499970330391e+01
   2.0799200001420104e+01
   1.6408899909947650e+01
   1.7626399994696840e+01
   1.8794399920807336e+01
   1.8962399963129428e+01
   1.8831199895430473e+01
   2.0135699969614507e+01
   1.9434999899203831e+01
   2.2414899945033540e+01
   2.1221799897830351e+01
   1.8179399944528996e+01
   1.9344399902365694e+01
   1.9746199996006908e+01
   1.8289199942955747e+01
   2.1070599927952571e+01
   2.0522499994513055e+01
   1.9105699948340771e+01
   2.0094299998163478e+01
   2.0690099972853204e+01
   1.9860899897139461e+01
   1.9631699956335069e+01
   2.0928599951730575e+01
   1.9197799929315806e+01
   1.8779899960463808e+01
   1.9226899894420058e+01
   1.8348799926570791e+01
   1.8861900002775656e+01
   2.1091699977660028e+01
   1.8725999893831613e+01
   2.2195799942892336e+01
   2.0752199930029747e+01
   2.2139199927551090e+01
   2.0034899989695987e+01
   2.1367599970290030e+01
   2.0948199903614295e+01
   2.5117499944826704e+01
   2.0968900003026647e+01
   2.0692899965979450e+01
   2.0480699959080084e+01
   2.3703799911345413e+01
   2.4531500002922257e+01
   2.0732999928441131e+01
   2.2037599933355523e+01
   2.1699699914279336e+01
   2.4962999987110379e+01
   2.2094999962973816e+01
   2.2061899926484330e+01
   2.3849799958952644e+01
   2.2161099991535593e+01
   2.0489799908318673e+01
   1.9638399976429355e+01
   1.9168699964211555e+01
   1.9319199964229483e+01
   1.9121199898108898e+01
   2.0296999991842313e+01
   1.9823599927804025e+01
   2.1575599930656608e+01
   2.0969799948034051e+01
   1.9422799937274249e+01
   2.0133699990765308e+01
   1.9688099996528763e+01
   2.1434499899442017e+01
   2.1913699924880348e+01
   2.2126999965621508e+01
   2.0707599901470530e+01
   1.6627199897811806e+01
   2.0543699974950869e+01
   2.0607299916264310e+01
   2.1466999896802008e+01
   1.8293299945071340e+01
   1.8438199958836776e+01
   2.1323900000425056e+01
   2.1710099986194109e+01
   2.0907799921587866e+01
   2.1310099896254542e+01
   2.0694799900411454e+01
   2.1517799950743211e+01
   2.2842599946670816e+01
   2.1325699890439864e+01
   2.1401299932222173e+01
   2.2761999957765511e+01
   2.0573599954332167e+01
   2.0827100001952203e+01
   2.4583099957453669e+01
   2.3630199962099141e+01
   2.2959799935051706e+01
   2.2115299998404225e+01
   2.4754599962761858e+01
   2.4945699919953768e+01
   2.4032099986470712e+01
   2.3752099991725117e+01
   2.3934499949973542e+01
   2.4181599997064041e+01
   2.5868999955491745e+01
   2.8799299911952403e+01
   2.6082599902110815e+01
   3.0100799904175801e+01
   2.8767599928869458e+01
   3.0662399922221084e+01
   3.2471399890710018e+01
   3.2881499919312773e+01
   3.0514199920617102e+01
   3.0698899990966311e+01
   3.3075099963753019e+01
   3.1430699891643599e+01
   2.9146299993954017e+01
   3.1494799941356177e+01
   3.3981000001404027e+01
   3.3010299944180588e+01
   3.2850099955794576e+01
   3.0552099929082033e+01
   2.9178299996601709e+01
   2.9726699949605973e+01
   3.1172399985734955e+01
   3.2665299954715010e+01
   2.9616599931614473e+01
   3.1127199918046244e+01
   3.2053999916570319e+01
   3.3813399909377040e+01
   3.2871299936232390e+01
   3.1682999974691484e+01
   3.3802899906731909e+01
   4.3863699943358370e+01
   4.5218899913379573e+01
   4.6881299908818619e+01
   4.5494999994843965e+01
   4.4986799935031740e+01
   4.6732499981771980e+01
   4.5000099930803117e+01
   4.5019399976808927e+01
   4.5285099986358546e+01
   4.7164799980237149e+01
   4.6852499963279115e+01
   4.8714299964558450e+01
   4.8770199896353006e+01
   4.6725099991817842e+01
   4.8608099973534991e+01
   4.6868599952176737e+01
   4.7842999947533826e+01
   4.8807499979375280e+01
   4.7119499981818080e+01
   4.8895299983087170e+01
   4.8273199922732601e+01
   4.7351499915748718e+01
   4.5688499994867016e+01
   4.6426699896073842e+01
   4.7681099999863363e+01
   4.8778699920148938e+01
   4.8666799898455793e+01
   5.2342599929033895e+01
   4.9458099965704605e+01
   4.9627099997451296e+01
   4.9616899900684075e+01
   4.8777399911159591e+01
   4.6774299903518113e+01
   4.6320799924615130e+01
   4.7062699991329282e+01
   4.7268499997699109e+01
   4.7299099946940260e+01
   4.6049899992794963e+01
   4.6789399902991136e+01
   4.5887900000707305e+01
   4.6004999944670999e+01
   4.7896299975036527e+01
   4.8830399919097545e+01
   4.9099199941338156e+01
   4.9075499987338844e+01
   4.7388199959641497e+01
   4.8070999923766067e+01
   4.7744799985594000e+01
   4.9342699981025362e+01
   4.6558500002902292e+01
   4.8000299898376397e+01
   5.0577599949974683e+01
   4.9658599891699851e+01
   4.7131099904618168e+01
   4.5958499981679779e+01
   4.7818799998822215e+01
   4.6902599933673628e+01
   4.5960599891259335e+01
   4.5965099957356870e+01
   4.5250499965732160e+01
   4.5574999944619776e+01
   4.5402899900182092e+01
   4.6726400000807189e+01
   4.9372999910701765e+01
   4.5754499979011598e+01
   4.5981399921402044e+01
   4.7089199938454840e+01
   4.6458199904009234e+01
   4.5086099930813361e+01
   4.5740299924545980e+01
   4.4720500000039465e+01
   4.4545999912770640e+01
   4.3893299903174920e+01
   4.3380699935369194e+01
   4.6374899966394878e+01
   4.4489999936558888e+01
   4.5870699977967888e+01
   4.6081599975877907e+01
   4.7360899998238892e+01
   4.5293399921320088e+01
   4.7058099994501390e+01
   4.6599399979641021e+01
   4.6161099930941418e+01
   4.6011999984330032e+01
   4.6150399953148735e+01
   4.7720299903630803e+01
   4.7944599941729393e+01
   4.6600399969065620e+01
   4.5182599933468737e+01
   4.6409999981733563e+01
   4.7807699957047589e+01
   4.7424799959117081e+01
   4.6761999897171336e+01
   4.8909799943430698e+01
   5.1167499918847170e+01
   5.0376399940432748e+01
   5.0970799975402770e+01
   4.8251999942294788e+01
   4.9345199954586860e+01
   4.9091299956671719e+01
   4.9546499894859153e+01
   5.0277199989068322e+01
   4.8749699999461882e+01
   4.8464599899489258e+01
   4.8193999987233838e+01
   4.8933599941847206e+01
   4.9208799964617356e+01
   5.0650499929361104e+01
   4.9923500000659260e+01
   5.2202899951225845e+01
   5.1510699904611101e+01
   5.1646899919433054e+01
   5.0600299914549396e+01
   5.2418599921111309e+01
   5.2872999958708533e+01
   5.3725999919151946e+01
   5.1577299927885178e+01
   5.0587199893925572e+01
   5.4441499969470897e+01
   5.0453099902370013e+01
   4.8038299951258523e+01
   5.0493599928813637e+01
   5.2322099918455933e+01
   5.1990199949614180e+01
   5.3477099982046639e+01
   5.4478299944094033e+01
   5.8452099892747356e+01
   6.4055899997583765e+01
   6.6090399968743441e+01
   6.6230899960828538e+01
   6.4995799903044826e+01
   6.6791299900614831e+01
   6.7404799892756273e+01
   6.5607399960754265e+01
   6.6515199932837277e+01
   6.7939999894406355e+01
   6.5787199901023996e+01
   6.6821199993682967e+01
   6.6402099946571980e+01
   6.6623799966691877e+01
   6.7549899995356100e+01
   6.7089799927089189e+01
   6.5404099927945936e+01
   6.9566799993481254e+01
   6.8105599893897306e+01
   6.7825599899151712e+01
   6.5965299995696114e+01
   6.7757299916593183e+01
   6.6932499976246618e+01
   6.6148799987786333e+01
   6.5113399955407658e+01
   6.4367899994977051e+01
   6.4455599954271747e+01
   6.6796900000554160e+01
   6.6209199985678424e+01
   6.6010299974550435e+01
   6.6470999968260003e+01
   6.7204099991613475e+01
   6.7287799993209774e+01
   6.6731399897435040e+01
   6.4787599967530696e+01
   6.4657699908821087e+01
   6.7020499955106061e+01
   6.5393399950153253e+01
   6.3770499991733232e+01
   6.4218999909826380e+01
   6.4079200001287973e+01
   6.4264499997079838e+01
   6.4602099996591278e+01
   6.3750399931450374e+01
   6.2050799897406250e+01
   6.2899599925003713e+01
   6.3585399971088918e+01
   6.1081399962858995e+01
   6.0310599906188145e+01
   6.3900699956320750e+01
   6.0408699937397614e+01
   6.0486699908324226e+01
   6.2183499949242105e+01
   6.1879699956080003e+01
   6.4962599935824983e+01
   6.3901299995450245e+01
   6.4936699914142082e+01
   6.8507699893416429e+01
   6.9142599954830075e+01
   7.1744699994269467e+01
   7.2191199933513417e+01
   7.0693899942853022e+01
   7.1670499892206863e+01
   6.9688799953837588e+01
   6.9961399958629045e+01
   6.9497200001933379e+01
   7.0396199930655712e+01
   7.1775399987927813e+01
   7.1239899966712983e+01
   7.3662399927343358e+01
   7.4184299933222064e+01
   7.3616199983916886e+01
   7.0637699991493719e+01
   7.3446899932605447e+01
   7.4478199962868530e+01
   7.3526299956938601e+01
   7.3092499974336533e+01
   7.6369699968381610e+01
   7.7535499940495356e+01
   7.7429899988601392e+01
   7.7770899906681734e+01
   7.5141299930692185e+01
   7.8798599929541524e+01
   8.1287799957863172e+01
   7.9847799952403875e+01
   7.8213799952209229e+01
   7.8760699921076593e+01
   7.7889899898764270e+01
   7.8305999977601459e+01
   7.7732999898216804e+01
   8.2176299997627211e+01
   8.0481999930270831e+01
   7.8581399975519162e+01
   7.8746199960733065e+01
   8.0470199918636354e+01
   8.3149899978707253e+01
   8.2953499941140763e+01
   8.2675299950096814e+01
   8.2003199963764928e+01
   8.3975400002600509e+01
   8.2235599961677508e+01
   8.3550899944384582e+01
   8.1576899901847355e+01
   8.2175199963785417e+01
   8.1192599964197143e+01
   8.3160399981352384e+01
   8.3178499949099205e+01
   8.3109299907846435e+01
   8.0546899994260457e+01
   8.3904999996775587e+01
   8.3741200000986282e+01
   8.3093699913661112e+01
   8.5443099919757515e+01
   8.4490199924402987e+01
   8.4411499983616523e+01
   8.5655799921369180e+01
   8.4069399918007548e+01
   8.3214199889880547e+01
   8.4040999922763149e+01
   8.3727599985650158e+01
   8.2573599911484052e+01
   8.2829899952230335e+01
   8.2489899909887754e+01
   8.3071299968651147e+01
   8.6881899960644660e+01
   8.4859999901709671e+01
   8.3196499986115668e+01
   8.2836799947472173e+01
   8.4312099943417707e+01
   8.3671799984585959e+01
   8.4253899899522366e+01
   8.1070499959423614e+01
   8.2490399904600054e+01
   8.3687699998336029e+01
   8.4562099914364808e+01
   8.5563599895976949e+01
   8.8556199898448540e+01
   8.7392499949601188e+01
   8.5591199990631139e+01
   8.8369699938084523e+01
   8.7101699932645715e+01
   8.5663999925600365e+01
   8.3835099985662964e+01
   8.8136799945459643e+01
   8.7745999962862697e+01
   8.7637099909443350e+01
   8.7749299950701243e+01
   8.6573399926237471e+01
   8.6480599975402583e+01
   8.5235499909686041e+01
   8.5232699916559795e+01
   8.4662799963552970e+01
   8.8831299990488333e+01
   8.6864199943192943e+01
   8.5849999891252082e+01
   8.5203399976307992e+01
   8.4734699953514792e+01
   8.9121599899044668e+01
   8.8765999976203602e+01
   8.7174599912032136e+01
   8.6894799892434094e+01
   8.4303399944474222e+01
   8.4976099969935603e+01
   8.3043499898849404e+01
   8.7030899976525689e+01
   8.6403999944195675e+01
   8.5581500002263056e+01
   8.7446399902546545e+01
   8.9329499928680889e+01
   8.4345399955054745e+01
   8.6916199961706297e+01
   8.9092599978357612e+01
   8.6861999989196192e+01
   8.8371199922221422e+01
   9.0639499944700219e+01
   9.0346099909766053e+01
   8.9759399998001754e+01
   8.8132799987761246e+01
   8.7860799908412446e+01
   9.2238299998825823e+01
   8.8238799889950315e+01
   9.0606499952627928e+01
   9.0575299964257283e+01
   9.0462099933574791e+01
   9.1081499931533472e+01
   9.1851399929510080e+01
   8.7946399958127586e+01
   8.9644499894347973e+01
   9.2106799911562121e+01
   8.9244999912807543e+01
   9.0070900000682741e+01
   8.9185699948757247e+01
   8.6603199974888412e+01
   8.7798699951235903e+01
   8.9008700001613761e+01
   8.9224099951934477e+01
   8.6983299979692674e+01
   8.6474399950020597e+01
   8.7460999907307269e+01
   8.9552099893808190e+01
   8.8981099906959571e+01
   8.8502699895798287e+01
   9.0423899905545113e+01
   8.8317099994128512e+01
   8.7861299903124745e+01
   9.1531099997155252e+01
   9.0781399990191858e+01
   9.1045999965899682e+01
   9.1955399966536788e+01
   9.0288499905000208e+01
   9.0324799998597882e+01
   9.0695799940476718e+01
   9.3606599989470851e+01
   9.3579399958798604e+01
   9.3450799909078341e+01
   9.7165799957110721e+01
   9.6932699989338289e+01
   9.5493899948451144e+01
   9.6365799890918424e+01
   9.4009099939285079e+01
   9.4911399969532795e+01
   9.4668299993827532e+01
   9.5857099950080737e+01
   9.7879199984163279e+01
   9.6695799925328174e+01
   9.8110699923381617e+01
   9.8117199968328350e+01
   1.0093319997395156e+02
   9.9122899996473279e+01
   1.0179519995290320e+02
   9.9755099995491037e+01
   9.9294299957364274e+01
   9.9456199905034737e+01
   9.9922199979118886e+01
   1.0008990000187623e+02
   1.0070459995858982e+02
   9.8871099908137694e+01
   9.9676699960582482e+01
   1.0085759993216925e+02
   1.0062009994271648e+02
   9.8357599995324563e+01
   9.9516299997048918e+01
   1.0049159993741341e+02
   9.9952699997629679e+01
   1.0144619989205239e+02
   9.8391099982109154e+01
   1.0267979996569920e+02
   1.0123299989572843e+02
   9.9540399901343335e+01
   1.0130799989838124e+02
   9.9313999953665189e+01
   1.0247969998999906e+02
   1.0278069999003492e+02
   1.0408449998067226e+02
   1.0172859992962913e+02
   1.0218539989637065e+02
   1.0300049996203597e+02
   1.0147619991585088e+02
   1.0145219994228682e+02
   1.0295969991602760e+02
   1.0295429990492266e+02
   1.0141819996078993e+02
   1.0316659995623922e+02
   1.0220619992651336e+02
   1.0484689994427754e+02
   1.0308149990123638e+02
   1.0035509990302671e+02
   1.0352109995892533e+02
   1.0506859996439744e+02
   1.0379409991401189e+02
   1.0294089997842093e+02
   1.0245879991543916e+02
   1.0342079997371911e+02
   1.0283939991495572e+02
   1.0278679997099971e+02
   1.0263259991916129e+02
   1.0112729989941727e+02
   1.0141589996237599e+02
   1.0003589989082684e+02
   1.0220189994925022e+02
   1.0239899995667656e+02
   1.0201449993019196e+02
   1.0393659999863303e+02
   1.0169349991429044e+02
   1.0269699998843862e+02
   1.0474579994479427e+02
   1.0398219990293001e+02
   1.0590569991109078e+02
   1.0556479992374079e+02
   1.0263039996516454e+02
   1.0459489999448124e+02
   1.0556519998772274e+02
   1.0297859989805147e+02
   1.0327179995783808e+02
   1.0361349995946512e+02
   1.0271119992921740e+02
   1.0378509989550366e+02
   1.0426960000131658e+02
   1.0311559992715047e+02
   1.0582029995021003e+02
   1.0340259996155510e+02
   1.0357339999700343e+02
   1.0379719992670289e+02
   1.0110029995757941e+02
   1.0351669993724499e+02
   1.0198149993811967e+02
   1.0223899994343810e+02
   1.0173609996400046e+02
   1.0121339994384471e+02
   1.0169979998408962e+02
   1.0142699989046378e+02
   1.0347489990181202e+02
   1.0327319989755779e+02
   1.0346849990128248e+02
   1.0262929993132275e+02
   1.0326419999273639e+02
   1.0322059995360178e+02
   1.0271879989431909e+02
   1.0373569989496900e+02
   1.0293759999058238e+02
   1.0211139999682928e+02
   1.0194129993124079e+02
   1.0147239993330004e+02
   1.0255969993977487e+02
   1.0017699992204143e+02
   1.0107689990945801e+02
   9.9782999996023136e+01
   1.0485829989193007e+02
   1.0427079996588873e+02
   1.0418069996376289e+02
   1.0506439991786465e+02
   1.0306939998372400e+02
   1.0362369994254550e+02
   1.0612169990054099e+02
   1.0667979995560017e+02
   1.0785959989334515e+02
   1.0507549995963927e+02
   1.0454639993895398e+02
   1.0535229989727668e+02
   1.0591649993330066e+02
   1.0506779995012039e+02
   1.0624549997828581e+02
   1.0664779995295248e+02
   1.0647479996350739e+02
   1.0615919995871081e+02
   1.0676009992494073e+02
   1.0518130000036763e+02
   1.0534789998928318e+02
   1.0172849999889877e+02
   1.0201049997249356e+02
   1.0314319990811782e+02
   1.0182899995925254e+02
   1.0360080000282323e+02
   1.0260389990435215e+02
   1.0521019999032433e+02
   1.0529859991947887e+02
   1.0385399991719169e+02
   1.0191689989369479e+02
   1.0509829996863118e+02
   1.0486819996913255e+02
   1.0657149994131032e+02
   1.0614939992592554e+02
   1.0726419998263736e+02
   1.0990169994329335e+02
   1.0836249998646963e+02
   1.0771419999855425e+02
   1.0762449994672352e+02
   1.0664159992757050e+02
   1.0714179995829909e+02
   1.0665739989690337e+02
   1.0914019992469548e+02
   1.0923809998075740e+02
   1.0858299992833054e+02
   1.1167699994985014e+02
   1.1043609993066639e+02
   1.0862309989079222e+02
   1.1099599998942722e+02
   1.0709309992762428e+02
   1.0964379998767981e+02
   1.1163469991970487e+02
   1.0775839996313152e+02
   1.1182069999904343e+02
   1.1208619991975866e+02
   1.0748439990493353e+02
   1.1003319991687022e+02
   1.1021699992852518e+02
   1.1058909990424581e+02
   1.0985149992848164e+02
   1.1023069998827850e+02
   1.0985129995333409e+02
   1.1060289989472949e+02
   1.1201029997209844e+02
   1.1172269989856431e+02
   1.1301519998596632e+02
   1.1142929997731699e+02
   1.1278489989763330e+02
   1.1311449998174794e+02
   1.1320819999127707e+02
   1.1140309993606934e+02
   1.1233509997055080e+02
   1.1293239992937742e+02
   1.1323249998440588e+02
   1.1340039998231077e+02
   1.1320229998545983e+02
   1.1425899992900668e+02
   1.1463389989785355e+02
   1.1517109999203967e+02
   1.1407869999402465e+02
   1.1395249998713552e+02
   1.1273589996108058e+02
   1.1460739995072800e+02
   1.1223339993193804e+02
   1.1210209993350873e+02
   1.1457759990207705e+02
   1.1818999996648927e+02
   1.1859699998240103e+02
   1.1707559997375938e+02
   1.1589609994189232e+02
   1.1746010000024398e+02
   1.1593639999318839e+02
   1.1806729992258624e+02
   1.1662800000067364e+02
   1.1482499996873230e+02
   1.1584549997678550e+02
   1.1612379989855981e+02
   1.1795079990406521e+02
   1.1774899996908061e+02
   1.1710109993146034e+02
   1.1896879993855691e+02
   1.1832289999347267e+02
   1.2044879997574753e+02
   1.2019279995456600e+02
   1.1937849990317773e+02
   1.1963179997565021e+02
   1.2017649999052082e+02
   1.1835879990940157e+02
   1.1986719994183659e+02
   1.2027929994928854e+02
   1.2073329992290383e+02
   1.2130149991662620e+02
   1.2066130000221165e+02
   1.2101179993351252e+02
   1.2094909993720648e+02
   1.2082929993084690e+02
   1.2112819990761636e+02
   1.2088559992662340e+02
   1.2134579992562067e+02
   1.2040149999847927e+02
   1.2253239992787712e+02
   1.2358109995602717e+02
   1.2229459991885960e+02
   1.2185269997644355e+02
   1.2179909992937610e+02
   1.1911889998827974e+02
   1.2031029996251164e+02
   1.2040519993661292e+02
   1.2219999996432307e+02
   1.2393069994232064e+02
   1.2401929996030958e+02
   1.2487939989114238e+02
   1.2772399998084438e+02
   1.2543430000278022e+02
   1.2668889996803046e+02
   1.2543009995624743e+02
   1.2497969999003544e+02
   1.2466839996250201e+02
   1.2400859998251690e+02
   1.2410789997829852e+02
   1.2686879995271738e+02
   1.2804419998246885e+02
   1.2738809994061739e+02
   1.3736839991906891e+02
   1.3812479994612659e+02
   1.3850429991180135e+02
   1.3750519997302035e+02
   1.3481139990290103e+02
   1.3470799990500382e+02
   1.3677249989996199e+02
   1.3457929992455320e+02
   1.3681339999038755e+02
   1.3622649998978886e+02
   1.3579239998762205e+02
   1.3752139989264833e+02
   1.3768999997409992e+02
   1.3855119993877452e+02
   1.3894589994833950e+02
   1.3736919993334595e+02
   1.3799369992284483e+02
   1.4052419999188714e+02
   1.3670039993485261e+02
   1.3677079994067753e+02
   1.3677459992322838e+02
   1.3402189995304070e+02
   1.3841369991496322e+02
   1.3661799994224566e+02
   1.3720249990001321e+02
   1.3827019995460432e+02
   1.3961299998754839e+02
   1.4129159990261542e+02
   1.4051189998554037e+02
   1.3917359990500699e+02
   1.4221739991171489e+02
   1.3950979996479873e+02
   1.4125429993327998e+02
   1.4025099994796619e+02
   1.4266709990806703e+02
   1.4120809998985351e+02
   1.4089889998558647e+02
   1.4207909998731338e+02
   1.4278969990755286e+02
   1.4382249992195284e+02
   1.4130949989521469e+02
   1.4215669989425805e+02
   1.4317649993245141e+02
   1.3953010000022914e+02
   1.3950369998383394e+02
   1.4035619994956505e+02
   1.3971399994261446e+02
   1.4075539991154074e+02
   1.4023749997704726e+02
   1.4392289995157626e+02
   1.4039109998975619e+02
   1.4371279996794328e+02
   1.4096859990786470e+02
   1.4021049992152257e+02
   1.4084209999509767e+02
   1.3888639989545482e+02
   1.3959429998067208e+02
   1.3920999992933503e+02
   1.3789459990221076e+02
   1.4228589998310781e+02
   1.4112849999037280e+02
   1.4226859991595120e+02
   1.4090489992213406e+02
   1.4133359991319594e+02
   1.4590339992537338e+02
   1.4599759992961481e+02
   1.4687709995087062e+02
   1.4845379996586416e+02
   1.4709329991546838e+02
   1.4703439990171319e+02
   1.4480959998763865e+02
   1.4554809990841022e+02
   1.4521799994327012e+02
   1.4671579992864281e+02
   1.4701309999054502e+02
   1.4909889989667136e+02
   1.4796019991081266e+02
   1.4824339996266644e+02
   1.4783859990075143e+02
   1.4962569991894270e+02
   1.4720609999585577e+02
   1.4547649993801315e+02
   1.4698309996674652e+02
   1.4858869997169677e+02
   1.5051519994813134e+02
   1.4831269993464957e+02
   1.4587399994070438e+02
   1.4625859989791934e+02
   1.4478099990355986e+02
   1.4457569989190233e+02
   1.4693829996303975e+02
   1.4488839997284231e+02
   1.4709099991705443e+02
   1.4488599993001117e+02
   1.4516589999402640e+02
   1.4695269999265292e+02
   1.4656199994078634e+02
   1.4558019995547511e+02
   1.4695759989535873e+02
   1.5051359991957725e+02
   1.4628069993705139e+02
   1.4797149992773484e+02
   1.4622449998569209e+02
   1.4983399989887403e+02
   1.4780579999751353e+02
   1.4877039996008534e+02
   1.5190130000064528e+02
   1.5370569997230632e+02
   1.5001609995124454e+02
   1.5522339992912748e+02
   1.5034709997507889e+02
   1.5149199998631957e+02
   1.5038099991215859e+02
   1.5154659990912478e+02
   1.5087759993548389e+02
   1.5077909995397931e+02
   1.5096269999048673e+02
   1.5119949989639281e+02
   1.5005089994701848e+02
   1.5062459999626299e+02
   1.5146979990277032e+02
   1.4758869997422153e+02
   1.4879829996061744e+02
   1.5169049993346562e+02
   1.5250479998485389e+02
   1.5214899997317843e+02
   1.5085349991750263e+02
   1.5609169997787831e+02
   1.5366449997600284e+02
   1.5260819998275110e+02
   1.5290089993413858e+02
   1.5539979995082831e+02
   1.5489359998355212e+02
   1.5380499996808794e+02
   1.5252279990818352e+02
   1.5151219997733278e+02
   1.5224419996684446e+02
   1.5335679995587270e+02
   1.5391189992897125e+02
   1.5478199998142372e+02
   1.5331849999711267e+02
   1.5226779999011342e+02
   1.5213079996101442e+02
   1.5796589991623478e+02
   1.5414199992846989e+02
   1.5457339998192765e+02
   1.5461739997135737e+02
   1.5342489996328368e+02
   1.5291149998120090e+02
   1.5192329999536014e+02
   1.5450909995706752e+02
   1.5433419991950359e+02
   1.5459749999990891e+02
   1.5571009998893715e+02
   1.5684249990499666e+02
   1.5747989993997180e+02
   1.5645579992451530e+02
   1.5696169998591358e+02
   1.5519159990162734e+02
   1.5388129997973010e+02
   1.5436949990998983e+02
   1.5646599990759569e+02
   1.5673629991397320e+02
   1.5388079998501780e+02
   1.5800609992311365e+02
   1.5554359993075195e+02
   1.5550259990959603e+02
   1.5387269991151697e+02
   1.5397749996282073e+02
   1.5499919993544609e+02
   1.5612089998739975e+02
   1.5886019991739886e+02
   1.5888829989307851e+02
   1.5794929993262485e+02
   1.5897729997504939e+02
   1.5783669994107186e+02
   1.5645479993509070e+02
   1.5883649996339955e+02
   1.5720879991931724e+02
   1.5799519997017342e+02
   1.5804659994955728e+02
   1.6116709991820244e+02
   1.5877669989095011e+02
   1.5800459993897675e+02
   1.5676879991133319e+02
   1.5781259992309060e+02
   1.5668879996155738e+02
   1.5788229995905567e+02
   1.6070959998160106e+02
   1.5950269994391419e+02
   1.5970319998359628e+02
   1.6201489995637530e+02
   1.5988079996986926e+02
   1.6030939991651394e+02
   1.5934539999307162e+02
   1.5913079994334112e+02
   1.6148579993569001e+02
   1.6156789990873222e+02
   1.6133929989337048e+02
   1.5985869993073720e+02
   1.6066079990650906e+02
   1.6008499994768499e+02
   1.6236459998708597e+02
   1.5953150000314054e+02
   1.6199659989979409e+02
   1.6330629989624867e+02
   1.6152589989815169e+02
   1.6140939999331749e+02
   1.6185519996270159e+02
   1.6082009994988766e+02
   1.6197189995637018e+02
   1.6016159997889190e+02
   1.6096829995149164e+02
   1.5898159995231254e+02
   1.5971919992807670e+02
   1.5932049996081332e+02
   1.6352199997982098e+02
   1.6317239999352751e+02
   1.5975209998941864e+02
   1.6165869999440474e+02
   1.6191919996799697e+02
   1.6367329999411595e+02
   1.6322969997872860e+02
   1.6109379998852091e+02
   1.6214669994951691e+02
   1.6246369989403320e+02
   1.5963229998305906e+02
   1.6153729995949107e+02
   1.6400109996084211e+02
   1.6162689996690460e+02
   1.6156329991190432e+02
   1.5955779997511854e+02
   1.6126179991715617e+02
   1.6018569999687315e+02
   1.6061479993823014e+02
   1.6193639999073639e+02
   1.5980579996721644e+02
   1.6135699991082220e+02
   1.5925519994652859e+02
   1.6156519996002316e+02
   1.6455259992653737e+02
   1.6397639990373136e+02
   1.6179589999865129e+02
   1.6185810000024503e+02
   1.6241919990989118e+02
   1.6273759990781400e+02
   1.6348309998193145e+02
   1.6379189992221654e+02
   1.6303969994169165e+02
   1.6583199999331555e+02
   1.6333899998244306e+02
   1.6167959995527781e+02
   1.6259289998288295e+02
   1.6165389990874246e+02
   1.6151419993093441e+02
   1.6321309999511868e+02
   1.6184879996217205e+02
   1.6271119989141880e+02
   1.6223769989665016e+02
   1.6482280000218452e+02
   1.6602609991878126e+02
   1.6323539989571145e+02
   1.6171499999018124e+02
   1.6510489990650967e+02
   1.6656679997595347e+02
   1.6560829999434645e+02
   1.6415269999470183e+02
   1.6457529989111208e+02
   1.6670479999447707e+02
   1.6475789993819490e+02
   1.6693819998181425e+02
   1.6755469994222949e+02
   1.6588649998539040e+02
   1.6707309998764686e+02
   1.6728529999454622e+02
   1.6776409995600261e+02
   1.6491159999532101e+02
   1.6580569990765071e+02
   1.6531709991340904e+02
   1.6556409991608234e+02
   1.6597389992512035e+02
   1.6526379999959318e+02
   1.6704709992154676e+02
   1.6283339994060952e+02
   1.6433029998097481e+02
   1.6409429997565894e+02
   1.6356619994439825e+02
   1.6478999998525978e+02
   1.6604719996848871e+02
   1.6753529996549332e+02
   1.6715699996439071e+02
   1.6636839995953778e+02
   1.6662939992784231e+02
   1.6458139998576371e+02
   1.6681529996276367e+02
   1.6788729999461793e+02
   1.6568549995099602e+02
   1.6429259994765744e+02
   1.6748919995279721e+02
   1.6970459989806841e+02
   1.6799729996819224e+02
   1.6850049996719463e+02
   1.6708059990833135e+02
   1.6931889990701166e+02
   1.6876909990060085e+02
   1.6824309989260655e+02
   1.6772269998455158e+02
   1.6902859999845532e+02
   1.7053809995104530e+02
   1.6736850000143022e+02
   1.6746049993798806e+02
   1.6786949993274902e+02
   1.6767590000199561e+02
   1.6957399998318579e+02
   1.7004659991926019e+02
   1.6897359989798133e+02
   1.7118389996539918e+02
   1.6897669991067232e+02
   1.6882659997463634e+02
   1.6920959990329720e+02
   1.6977169991605479e+02
   1.6848269990532572e+02
   1.6934199993556831e+02
   1.7037909992723144e+02
   1.7089649998069945e+02
   1.7087129992887640e+02
   1.6955909995886032e+02
   1.6867489989635942e+02
   1.7177149993585772e+02
   1.6824239992274670e+02
   1.7163420000088081e+02
   1.7099079991567123e+02
   1.7004249991714460e+02
   1.6957239995463169e+02
   1.7157339993900678e+02
   1.7093779990773328e+02
   1.7216669994013500e+02
   1.7423489998691366e+02
   1.7137729992100503e+02
   1.7358579998472123e+02
   1.7332369998257491e+02
   1.7014059994835407e+02
   1.7245530000309373e+02
   1.7125569991094380e+02
   1.7007499991450459e+02
   1.7157879995011172e+02
   1.6964889994142140e+02
   1.7002919992137322e+02
   1.6884009994555527e+02
   1.6958479989170883e+02
   1.7187809999086312e+02
   1.6929299999901559e+02
   1.7082309989291389e+02
   1.7282969997722830e+02
   1.7021899998326262e+02
   1.6942039997047686e+02
   1.7042809997747099e+02
   1.7121759992733132e+02
   1.7150769997442694e+02
   1.7149159998552932e+02
   1.7371359990647761e+02
   1.7046639993623103e+02
   1.7094229997383081e+02
   1.7226599993591662e+02
   1.7318799996246526e+02
   1.7413619991657470e+02
   1.7495629992936301e+02
   1.7252219993224571e+02
   1.6917599998578225e+02
   1.7132669995589822e+02
   1.7271849992539501e+02
   1.7347099992548465e+02
   1.7609739995805285e+02
   1.7555409999658877e+02
   1.7431929995836981e+02
   1.7810519989325257e+02
   1.7607609993319784e+02
   1.7960539992145641e+02
   1.7969689997698879e+02
   1.7847559990968875e+02
   1.7654449993642629e+02
   1.7793719996461732e+02
   1.7692090000309690e+02
   1.7561159995693743e+02
   1.7812669989325514e+02
   1.7554439989453385e+02
   1.7610089992103894e+02
   1.7669079988991143e+02
   1.7609999997603154e+02
   1.7452709994358884e+02
   1.7351239989693568e+02
   1.7456189993936277e+02
   1.7590199990991096e+02
   1.7535239999233454e+02
   1.7490129994257586e+02
   1.7655709996233782e+02
   1.7705959999148035e+02
   1.7594509995433327e+02
   1.7834339996625204e+02
   1.7776369998045993e+02
   1.7846919990915922e+02
   1.7800849991544965e+02
   1.7829639989486168e+02
   1.8020309994426498e+02
   1.8008289998761029e+02
   1.7780039991066587e+02
   1.7984579994845262e+02
   1.8181199993705377e+02
   1.7959589990823588e+02
   1.8001539990564197e+02
   1.7948869992778782e+02
   1.7930559999967954e+02
   1.7871229999855132e+02
   1.7864659992028464e+02
   1.7844109993347956e+02
   1.7968659994949121e+02
   1.7812239991599199e+02
   1.8180859990479803e+02
   1.7943000000286702e+02
   1.8190699995557225e+02
   1.8179559992859140e+02
   1.8313429995941988e+02
   1.8103309992056893e+02
   1.8306639992715645e+02
   1.8279839991919289e+02
   1.8037839993212401e+02
   1.8031069998869498e+02
   1.8456319992310455e+02
   1.8464789991412545e+02
   1.8354769997586118e+02
   1.8344819989124517e+02
   1.8505469995488966e+02
   1.8230779994610202e+02
   1.8408579990136786e+02
   1.8250919993079151e+02
   1.8041979990357504e+02
   1.8191259994182474e+02
   1.8317169997317251e+02
   1.8340759993407119e+02
   1.8358949989760731e+02
   1.8180729989580868e+02
   1.8319209993933327e+02
   1.8174349997934769e+02
   1.8231819990432996e+02
   1.8141369992008549e+02
   1.8218169998363010e+02
   1.8242119995193207e+02
   1.8135860000256798e+02
   1.8461859997387364e+02
   1.8288669991761708e+02
   1.8181859991273086e+02
   1.8313849989226583e+02
   1.8300479996469221e+02
   1.8360199999278848e+02
   1.8175109994444938e+02
   1.8194689994288638e+02
   1.8448119999447954e+02
   1.8466339997758041e+02
   1.8465729999661562e+02
   1.8506069989143725e+02
   1.8587519991797308e+02
   1.8511060000037105e+02
   1.8856389999655221e+02
   1.8739879999429832e+02
   1.8584219992590079e+02
   1.8581279994123179e+02
   1.8611849998251273e+02
   1.8695409994506917e+02
   1.8664359993181279e+02
   1.8775309990815003e+02
   1.8584369991003769e+02
   1.8597019993649155e+02
   1.8631299997196038e+02
   1.8543479995969392e+02
   1.8767749998005456e+02
   1.8602179989102297e+02
   1.8637239998042787e+02
   1.8502989996704855e+02
   1.8740189989330247e+02
   1.8586799990316649e+02
   1.8897639995429927e+02
   1.8742620000011811e+02
   1.8684249994294078e+02
   1.8995429991264245e+02
   1.9006659999831754e+02
   1.9025209996925696e+02
   1.8914249994850252e+02
   1.8859309989238682e+02
   1.8732079990968487e+02
   1.9061399996189721e+02
   1.8718989997523749e+02
   1.8748819991287746e+02
   1.8585879990951071e+02
   1.8450109996592801e+02
   1.8419609989450692e+02
   1.9080559991380142e+02
   1.8817159991613153e+02
   2.0428539994554740e+02
   2.0441799995296606e+02
   2.0405979989845946e+02
   2.0660639995639940e+02
   2.0589769997059193e+02
   2.0485989989538211e+02
   2.0697119998658309e+02
   2.0688399990831385e+02
   2.0665279998866026e+02
   2.0653489991673268e+02
   2.0603309997113683e+02
   2.0649849989240465e+02
   2.0592289990872814e+02
   2.0658749997437553e+02
   2.0726089996969677e+02
   2.0580949990289810e+02
   2.0579939996423491e+02
   2.0396819991219672e+02
   2.0737139993798337e+02
   2.0615279993307922e+02
   2.0512089997737348e+02
   2.0623579996481567e+02
   2.0746869995491579e+02
   2.0472409994454210e+02
   2.0629869993626926e+02
   2.0606609996320913e+02
   2.0710469993900915e+02
   2.0529619996523252e+02
   2.0740469994962041e+02
   2.0710740000140504e+02
   2.0744119990467880e+02
   2.0961799998531205e+02
   2.0895489990380156e+02
   2.0940989998052828e+02
   2.0994529995732591e+02
   2.1128779997070524e+02
   2.0945399990068836e+02
   2.1263639996504935e+02
   2.1168889998079976e+02
   2.1243009996396722e+02
   2.1143039998605673e+02
   2.1030879997852026e+02
   2.1153729994694004e+02
   2.1123919998444762e+02
   2.1165199996175943e+02
   2.1069739989343361e+02
   2.1224169995548436e+02
   2.1253229999729228e+02
   2.1114409992151195e+02
   2.1367869999266986e+02
   2.1354149998842331e+02
   2.1354959994823730e+02
   2.1310129989160487e+02
   2.1229319997928542e+02
   2.1414789989648852e+02
   2.1388449999903969e+02
   2.1172149990889011e+02
   2.1365039992815582e+02
   2.1402349989330105e+02
   2.1262179996028863e+02
   2.1419609993245103e+02
   2.1319099994343560e+02
   2.1425499994620623e+02
   2.1576669996647979e+02
   2.1411939997051377e+02
   2.1493669999017584e+02
   2.1430089998375479e+02
   2.1436239990180184e+02
   2.1196379998400516e+02
   2.1407179997368075e+02
   2.1468419993198040e+02
   2.1390889992289885e+02
   2.1269169997140125e+02
   2.1549539997067768e+02
   2.1354179989430122e+02
   2.1457919990552909e+02
   2.1492399991984712e+02
   2.1322469990536774e+02
   2.1526129989979381e+02
   2.1272799995131209e+02
   2.1371089997046511e+02
   2.1438739997847733e+02
   2.1288599998570135e+02
   2.1398199999111966e+02
   2.1308289990429330e+02
   2.1244659990315995e+02
   2.1227479999197385e+02
   2.1279649990901817e+02
   2.1111169996856916e+02
   2.1148149994587584e+02
   2.1325479997358343e+02
   2.1304409995082096e+02
   2.1423389989649877e+02
   2.1421889994144294e+02
   2.1428639990972442e+02
   2.1421599990389950e+02
   2.1469690000230912e+02
   2.1196099999087892e+02
   2.1190369989199098e+02
   2.1217309995336109e+02
   2.1183549995384965e+02
   2.1302129994182906e+02
   2.1229229992059118e+02
   2.1117049993790715e+02
   2.1286729997882503e+02
   2.1419329993932479e+02
   2.1374229993398330e+02
   2.1490959989023395e+02
   2.1140439991995663e+02
   2.1407049996469141e+02
   2.1385689990438550e+02
   2.1094059991355607e+02
   2.1066939996217116e+02
   2.0996799992190063e+02
   2.1206239989624009e+02
   2.0982109992928599e+02
   2.0665149997967092e+02
   2.0963429994935723e+02
   2.1085569994738762e+02
   2.0805629992537433e+02
   2.1037499993781239e+02
   2.1035669999491802e+02
   2.1182309990308568e+02
   2.1027169998433237e+02
   2.1406619998742826e+02
   2.1223029989414499e+02
   2.1110029990722978e+02
   2.1230259994808875e+02
   2.1361349990911549e+02
   2.1247749998565268e+02
   2.1368319994508056e+02
   2.1408569989489479e+02
   2.1217289997821354e+02
   2.1273199990901048e+02
   2.1167180000247754e+02
   2.1191219991578691e+02
   2.1268859995871026e+02
   2.1144979996279289e+02
   2.1233589995972579e+02
   2.1334439998099697e+02
   2.1181179999985034e+02
   2.1113869991040701e+02
   2.1550579992890562e+02
   2.1537899999657384e+02
   2.1398469993982872e+02
   2.1556209992468212e+02
   2.1635749999404652e+02
   2.1484289993622951e+02
   2.1555429998443287e+02
   2.1599759998025547e+02
   2.1577899997282657e+02
   2.1674119989256724e+02
   2.1599729996069073e+02
   2.1775289997094660e+02
   2.1417749996999191e+02
   2.1549470000081783e+02
   2.1842019998530304e+02
   2.1657589991264103e+02
   2.1544349999658152e+02
   2.1407849999377504e+02
   2.1554519992150745e+02
   2.1431169989227783e+02
   2.1330379991013615e+02
   2.1841139994194236e+02
   2.1829289994457213e+02
   2.1604329992896965e+02
   2.1796829992126732e+02
   2.1885719991132646e+02
   2.1710519990847388e+02
   2.1860350000224571e+02
   2.1777579991066887e+02
   2.1653179999248096e+02
   2.1883249996790255e+02
   2.1901049990447063e+02
   2.1900509989336570e+02
   2.1795079999264999e+02
   2.1932629999810160e+02
   2.1971499995743216e+02
   2.1918389995789767e+02
   2.1743789989159268e+02
   2.2086199999193923e+02
   2.1995800000240706e+02
   2.2093929999300599e+02
   2.1995129998231278e+02
   2.1753329997409310e+02
   2.1879079997688677e+02
   2.2054499993373611e+02
   2.2122999996554427e+02
   2.1884449995468458e+02
   2.2165049995237496e+02
   2.1962959999655141e+02
   2.2171469993281789e+02
   2.1977189999233815e+02
   2.2304159995201189e+02
   2.2239609995722276e+02
   2.2459749993686273e+02
   2.2185019997777999e+02
   2.2218379990590620e+02
   2.2383039993201237e+02
   2.2534129993800889e+02
   2.2693209996305086e+02
   2.2590279991163698e+02
   2.2743329998320405e+02
   2.2626789996138541e+02
   2.2343269995417359e+02
   2.2601149998990877e+02
   2.2619549997671129e+02
   2.2491599997920275e+02
   2.2485679994588281e+02
   2.2780079996209679e+02
   2.2780379993037059e+02
   2.2510559995225776e+02
   2.2457399995801097e+02
   2.2239039992655307e+02
   2.2173709999151470e+02
   2.2285269994881673e+02
   2.2286429998530366e+02
   2.2491359993637161e+02
   2.2137439998459740e+02
