4.161418e-02
1.203507e-01
1.975727e-01
2.734695e-01
3.480239e-01
4.207541e-01
4.909716e-01
5.583149e-01
6.225433e-01
6.833124e-01
7.402608e-01
7.927690e-01
8.408886e-01
8.842927e-01
9.226197e-01
9.556977e-01
9.832855e-01
1.005349e+00
1.021750e+00
1.032266e+00
1.036930e+00
1.035725e+00
1.028738e+00
1.015744e+00
9.970365e-01
9.726669e-01
9.428072e-01
9.075608e-01
8.671169e-01
8.218542e-01
7.718415e-01
7.174918e-01
6.589600e-01
5.967280e-01
5.312434e-01
4.626436e-01
3.913247e-01
3.178029e-01
2.426977e-01
1.661641e-01
8.830535e-02
1.036052e-02
-6.756711e-02
-1.457013e-01
-2.224586e-01
-2.979596e-01
-3.720321e-01
-4.439362e-01
-5.133276e-01
-5.797416e-01
-6.427652e-01
-7.023296e-01
-7.577119e-01
-8.088433e-01
-8.553452e-01
-8.971659e-01
-9.337375e-01
-9.649739e-01
-9.907892e-01
-1.011046e+00
-1.025433e+00
-1.034021e+00
-1.036723e+00
-1.033539e+00
-1.024590e+00
-1.009634e+00
-9.890337e-01
-9.628227e-01
-9.311732e-01
-8.941369e-01
-8.520580e-01
-8.051603e-01
-7.537019e-01
-6.979410e-01
-6.381013e-01
-5.747679e-01
-5.081301e-01
-4.386527e-01
-3.665249e-01
-2.924351e-01
-2.168653e-01
-1.398842e-01
-6.162960e-02
1.559241e-02
9.424286e-02
1.720500e-01
2.483771e-01
3.233446e-01
3.968148e-01
4.678927e-01
5.362171e-01
6.014608e-01
6.634691e-01
7.217255e-01
7.756621e-01
8.253823e-01
8.703352e-01
9.104521e-01
9.452683e-01
9.746977e-01
9.986542e-01
1.016931e+00
1.029495e+00
1.036069e+00
1.036826e+00
1.031715e+00
1.020718e+00
1.003921e+00
9.814096e-01
9.533226e-01
9.199521e-01
8.811776e-01
8.373778e-01
7.889828e-01
7.360443e-01
6.789066e-01
6.178277e-01
5.534445e-01
4.858602e-01
4.154017e-01
3.425683e-01
2.679106e-01
1.918417e-01
1.144132e-01
3.572830e-02
-4.123555e-02
-1.197827e-01
-1.970392e-01
-2.729876e-01
-3.475593e-01
-4.202550e-01
-4.904725e-01
-5.578675e-01
-6.220786e-01
-6.828305e-01
-7.397617e-01
-7.923043e-01
-8.403723e-01
-8.838108e-01
-9.221895e-01
-9.551641e-01
-9.828209e-01
-1.004936e+00
-1.021372e+00
-1.031870e+00
-1.036465e+00
-1.035295e+00
-1.028238e+00
-1.015279e+00
-9.965202e-01
-9.721678e-01
-9.423081e-01
-9.070961e-01
-8.666695e-01
-8.213379e-01
-7.713768e-01
-7.169755e-01
-6.584093e-01
-5.962117e-01
-5.306582e-01
-4.621446e-01
-3.908084e-01
-3.173210e-01
-2.421986e-01
-1.657511e-01
-8.787510e-02
-1.001632e-02
6.798015e-02
1.462520e-01
2.230093e-01
2.985275e-01
3.724796e-01
4.444697e-01
5.137406e-01
5.800858e-01
6.432299e-01
7.026566e-01
7.582110e-01
8.092736e-01
8.558787e-01
8.975961e-01
9.342366e-01
9.654730e-01
9.912539e-01
1.011476e+00
1.025950e+00
1.034555e+00
1.037171e+00
1.034073e+00
1.025055e+00
1.010185e+00
9.895328e-01
9.632701e-01
9.317239e-01
8.947220e-01
8.525227e-01
8.057111e-01
7.542355e-01
6.984401e-01
6.386520e-01
5.752325e-01
5.086636e-01
4.391001e-01
3.670412e-01
2.929858e-01
2.173644e-01
1.404177e-01
6.199101e-02
-1.521379e-02
-9.367493e-02
-1.713272e-01
-2.478608e-01
-3.227938e-01
-3.962640e-01
-4.673764e-01
-5.357352e-01
-6.010994e-01
-6.629700e-01
-7.212780e-01
-7.753179e-01
-8.248316e-01
-8.698706e-01
-9.099358e-01
-9.447864e-01
-9.743363e-01
-9.981723e-01
-1.016450e+00
-1.028944e+00
-1.035536e+00
-1.036344e+00
-1.031233e+00
-1.020253e+00
-1.003490e+00
-9.809794e-01
-9.528752e-01
-9.194703e-01
-8.806785e-01
-8.369647e-01
-7.884665e-01
-7.355796e-01
-6.784075e-01
-6.173974e-01
-5.528937e-01
-4.852922e-01
-4.148338e-01
-3.420692e-01
-2.673943e-01
-1.913770e-01
-1.139829e-01
-3.536689e-02
4.164860e-02
1.202991e-01
1.975211e-01
2.734007e-01
3.480067e-01
4.207025e-01
4.909372e-01
5.583149e-01
6.224917e-01
6.832952e-01
7.402092e-01
7.927518e-01
8.408542e-01
8.842238e-01
9.226541e-01
9.556632e-01
9.832855e-01
1.005401e+00
1.021733e+00
1.032300e+00
1.036964e+00
1.035777e+00
1.028720e+00
1.015778e+00
9.970193e-01
9.726497e-01
9.428933e-01
9.076125e-01
8.670997e-01
8.218370e-01
7.718759e-01
7.174918e-01
6.589944e-01
5.967797e-01
5.313122e-01
4.627125e-01
3.913075e-01
3.178201e-01
2.426977e-01
1.662502e-01
8.830535e-02
1.032610e-02
-6.754990e-02
-1.456496e-01
-2.224930e-01
-2.979768e-01
-3.719633e-01
-4.439018e-01
-5.131727e-01
-5.796211e-01
-6.428169e-01
-7.023296e-01
-7.577463e-01
-8.088433e-01
-8.553624e-01
-8.971315e-01
-9.337031e-01
-9.650083e-01
-9.907892e-01
-1.011063e+00
-1.025416e+00
-1.034004e+00
-1.036689e+00
-1.033591e+00
-1.024538e+00
-1.009652e+00
-9.890509e-01
-9.628571e-01
-9.311904e-01
-8.941885e-01
-8.521269e-01
-8.052120e-01
-7.538568e-01
-6.979926e-01
-6.381701e-01
-5.747851e-01
-5.081301e-01
-4.386871e-01
-3.665937e-01
-2.924523e-01
-2.169169e-01
-1.399186e-01
-6.161239e-02
1.562683e-02
9.420844e-02
1.719640e-01
2.482738e-01
3.232929e-01
3.966771e-01
4.678239e-01
5.361999e-01
6.014092e-01
6.634002e-01
7.217599e-01
7.756965e-01
8.253479e-01
8.703008e-01
9.103317e-01
9.452339e-01
9.746805e-01
9.986370e-01
1.016914e+00
1.029443e+00
1.036035e+00
1.036740e+00
1.031732e+00
1.020735e+00
1.003903e+00
9.814441e-01
9.533743e-01
9.200382e-01
8.811776e-01
8.375327e-01
7.890516e-01
7.361820e-01
6.789066e-01
6.179310e-01
5.534445e-01
4.859290e-01
4.154190e-01
3.425855e-01
2.679451e-01
1.919450e-01
1.144476e-01
3.579714e-02
-4.118392e-02
-1.197139e-01
-1.970048e-01
-2.728844e-01
-3.474732e-01
-4.202206e-01
-4.903864e-01
-5.579019e-01
-6.221302e-01
-6.828305e-01
-7.397273e-01
-7.923560e-01
-8.403551e-01
-8.837764e-01
-9.221550e-01
-9.551813e-01
-9.827864e-01
-1.004884e+00
-1.021251e+00
-1.031801e+00
-1.036413e+00
-1.035243e+00
-1.028135e+00
-1.015279e+00
-9.965718e-01
-9.721678e-01
-9.423081e-01
-9.071650e-01
-8.666867e-01
-8.213207e-01
-7.713940e-01
-7.170615e-01
-6.584953e-01
-5.963322e-01
-5.307271e-01
-4.621962e-01
-3.908256e-01
-3.174587e-01
-2.423535e-01
-1.657855e-01
-8.792673e-02
-1.005074e-02
6.799736e-02
1.462003e-01
2.230437e-01
2.984587e-01
3.724280e-01
4.444009e-01
5.137234e-01
5.801030e-01
6.431439e-01
7.027082e-01
7.581938e-01
8.092391e-01
8.558099e-01
8.975789e-01
9.342538e-01
9.654558e-01
9.912711e-01
1.011424e+00
1.025932e+00
1.034555e+00
1.037188e+00
1.034056e+00
1.025089e+00
1.010151e+00
9.895845e-01
9.633562e-01
9.317755e-01
8.946876e-01
8.525399e-01
8.056766e-01
7.543387e-01
6.983885e-01
6.386864e-01
5.753874e-01
5.087841e-01
4.392722e-01
3.671617e-01
2.930203e-01
2.174160e-01
1.404866e-01
6.209427e-02
-1.507610e-02
-9.362330e-02
-1.713788e-01
-2.477575e-01
-3.227422e-01
-3.961780e-01
-4.673592e-01
-5.356664e-01
-6.010822e-01
-6.630560e-01
-7.212436e-01
-7.752835e-01
-8.248316e-01
-8.698533e-01
-9.099014e-01
-9.447520e-01
-9.742158e-01
-9.981723e-01
-1.016501e+00
-1.028927e+00
-1.035553e+00
-1.036327e+00
-1.031216e+00
-1.020236e+00
-1.003387e+00
-9.808761e-01
-9.528580e-01
-9.194703e-01
-8.807130e-01
-8.369991e-01
-7.885525e-01
-7.356141e-01
-6.785279e-01
-6.174491e-01
-5.529454e-01
-4.852922e-01
-4.149199e-01
-3.420692e-01
-2.674804e-01
-1.914803e-01
-1.140173e-01
-3.545294e-02
4.157976e-02
1.202646e-01
1.975211e-01
2.733663e-01
3.479723e-01
4.206681e-01
4.909199e-01
5.581945e-01
6.224228e-01
6.832780e-01
7.401920e-01
7.927346e-01
8.408370e-01
8.842238e-01
9.226369e-01
9.556460e-01
9.832683e-01
1.005366e+00
1.021802e+00
1.032352e+00
1.036964e+00
1.035845e+00
1.028686e+00
1.015761e+00
9.970193e-01
9.726841e-01
9.429105e-01
9.076469e-01
8.670997e-01
8.218370e-01
7.719103e-01
7.175778e-01
6.589600e-01
5.967969e-01
5.313122e-01
4.627985e-01
3.913936e-01
3.178717e-01
2.428354e-01
1.662674e-01
8.837420e-02
1.053262e-02
-6.741221e-02
-1.455808e-01
-2.224242e-01
-2.978907e-01
-3.719117e-01
-4.439190e-01
-5.131899e-01
-5.796900e-01
-6.427652e-01
-7.022436e-01
-7.577635e-01
-8.088089e-01
-8.553280e-01
-8.970970e-01
-9.337547e-01
-9.649911e-01
-9.908064e-01
-1.010994e+00
-1.025519e+00
-1.033935e+00
-1.036723e+00
-1.033625e+00
-1.024590e+00
-1.009686e+00
-9.890165e-01
-9.628743e-01
-9.312076e-01
-8.941885e-01
-8.520925e-01
-8.052120e-01
-7.538568e-01
-6.980099e-01
-6.382045e-01
-5.748195e-01
-5.082162e-01
-4.387215e-01
-3.666281e-01
-2.925384e-01
-2.170030e-01
-1.399875e-01
-6.171565e-02
1.550636e-02
9.413960e-02
1.719295e-01
2.482222e-01
3.232757e-01
3.966427e-01
4.677379e-01
5.360278e-01
6.014436e-01
6.634174e-01
7.217083e-01
7.756277e-01
8.253134e-01
8.702492e-01
9.103489e-01
9.452511e-01
9.746805e-01
9.986026e-01
1.016914e+00
1.029512e+00
1.036035e+00
1.036809e+00
1.031715e+00
1.020821e+00
1.003903e+00
9.814096e-01
9.533399e-01
9.199866e-01
8.812809e-01
8.374466e-01
7.890344e-01
7.361132e-01
6.789926e-01
6.179137e-01
5.535133e-01
4.859290e-01
4.154534e-01
3.426027e-01
2.679451e-01
1.919622e-01
1.145164e-01
3.581435e-02
-4.114950e-02
-1.196967e-01
-1.969703e-01
-2.728499e-01
-3.474216e-01
-4.201862e-01
-4.903692e-01
-5.578159e-01
-6.220098e-01
-6.828133e-01
-7.396929e-01
-7.923043e-01
-8.403895e-01
-8.837420e-01
-9.221206e-01
-9.551813e-01
-9.827692e-01
-1.004867e+00
-1.021389e+00
-1.031835e+00
-1.036465e+00
-1.035243e+00
-1.028238e+00
-1.015314e+00
-9.965718e-01
-9.722366e-01
-9.423770e-01
-9.071478e-01
-8.667383e-01
-8.213551e-01
-7.714456e-01
-7.170615e-01
-6.585814e-01
-5.963322e-01
-5.307959e-01
-4.622306e-01
-3.908773e-01
-3.173726e-01
-2.423019e-01
-1.658371e-01
-8.794394e-02
-1.010237e-02
6.789410e-02
1.461487e-01
2.229233e-01
2.984415e-01
3.724280e-01
4.443664e-01
5.136890e-01
5.799825e-01
6.431094e-01
7.026222e-01
7.581938e-01
8.092908e-01
8.558099e-01
8.975789e-01
9.342538e-01
9.654042e-01
9.912022e-01
1.011424e+00
1.025881e+00
1.034451e+00
1.037205e+00
1.034142e+00
1.025055e+00
1.010151e+00
9.895500e-01
9.633562e-01
9.317411e-01
8.946876e-01
8.526088e-01
8.057627e-01
7.542355e-01
6.985434e-01
6.387036e-01
5.753186e-01
5.087669e-01
4.392378e-01
3.671444e-01
2.929858e-01
2.174160e-01
1.405382e-01
6.207706e-02
-1.512773e-02
-9.357166e-02
-1.713272e-01
-2.476543e-01
-3.227250e-01
-3.961264e-01
-4.673076e-01
-5.356836e-01
-6.009789e-01
-6.630216e-01
-7.211919e-01
-7.752663e-01
-8.248316e-01
-8.698706e-01
-9.099014e-01
-9.447520e-01
-9.741642e-01
-9.981379e-01
-1.016484e+00
-1.028961e+00
-1.035536e+00
-1.036293e+00
-1.031199e+00
-1.020236e+00
-1.003490e+00
-9.809278e-01
-9.529096e-01
-9.195391e-01
-8.807818e-01
-8.369991e-01
-7.886214e-01
-7.356485e-01
-6.784763e-01
-6.174835e-01
-5.529626e-01
-4.853783e-01
-4.149199e-01
-3.421553e-01
-2.675664e-01
-1.914631e-01
-1.140173e-01
-3.552178e-02
4.152813e-02
1.201442e-01
1.974522e-01
2.733490e-01
3.479379e-01
4.206336e-01
4.908339e-01
5.582289e-01
6.224056e-01
6.832435e-01
7.401059e-01
7.926830e-01
8.407854e-01
8.842066e-01
9.226025e-01
9.556804e-01
9.832339e-01
1.005315e+00
1.021750e+00
1.032335e+00
1.036964e+00
1.035759e+00
1.028720e+00
1.015761e+00
9.970537e-01
9.726669e-01
9.428761e-01
9.075780e-01
8.671514e-01
8.218542e-01
7.719619e-01
7.175950e-01
6.590460e-01
5.968313e-01
5.312950e-01
4.627641e-01
3.914108e-01
3.179406e-01
2.428354e-01
1.663018e-01
8.839141e-02
1.048099e-02
-6.737779e-02
-1.455119e-01
-2.223725e-01
-2.978563e-01
-3.718600e-01
-4.437813e-01
-5.131727e-01
-5.796039e-01
-6.426964e-01
-7.022091e-01
-7.576947e-01
-8.088089e-01
-8.553280e-01
-8.970970e-01
-9.337719e-01
-9.649911e-01
-9.908064e-01
-1.011028e+00
-1.025468e+00
-1.034004e+00
-1.036723e+00
-1.033574e+00
-1.024538e+00
-1.009686e+00
-9.891198e-01
-9.628571e-01
-9.312248e-01
-8.942057e-01
-8.521269e-01
-8.052464e-01
-7.538396e-01
-6.979926e-01
-6.382390e-01
-5.748711e-01
-5.082162e-01
-4.387387e-01
-3.666281e-01
-2.926072e-01
-2.169685e-01
-1.400907e-01
-6.173286e-02
1.548915e-02
9.405355e-02
1.718091e-01
2.481706e-01
3.231897e-01
3.966427e-01
4.677723e-01
5.360278e-01
6.013920e-01
6.633142e-01
7.216566e-01
7.756277e-01
8.252962e-01
8.702148e-01
9.103833e-01
9.451650e-01
9.746116e-01
9.985682e-01
1.016966e+00
1.029443e+00
1.036069e+00
1.036740e+00
1.031732e+00
1.020786e+00
1.003938e+00
9.814268e-01
9.534431e-01
9.199866e-01
8.812121e-01
8.374810e-01
7.890000e-01
7.361820e-01
6.789926e-01
6.179137e-01
5.534961e-01
4.859634e-01
4.155394e-01
3.427060e-01
2.680311e-01
1.920138e-01
1.145336e-01
3.586598e-02
-4.104624e-02
-1.196451e-01
-1.969015e-01
-2.728672e-01
-3.474044e-01
-4.201345e-01
-4.903176e-01
-5.577642e-01
-6.219581e-01
-6.827789e-01
-7.396412e-01
-7.922527e-01
-8.402691e-01
-8.836903e-01
-9.221206e-01
-9.550953e-01
-9.827864e-01
-1.004867e+00
-1.021303e+00
-1.031835e+00
-1.036465e+00
-1.035260e+00
-1.028256e+00
-1.015365e+00
-9.965202e-01
-9.722366e-01
-9.423770e-01
-9.071478e-01
-8.667039e-01
-8.213379e-01
-7.714628e-01
-7.171303e-01
-6.584781e-01
-5.962806e-01
-5.308131e-01
-4.621790e-01
-3.909117e-01
-3.174243e-01
-2.423019e-01
-1.658888e-01
-8.794394e-02
-1.008516e-02
6.782526e-02
1.460971e-01
2.228716e-01
2.983726e-01
3.723763e-01
4.443320e-01
5.136202e-01
5.799653e-01
6.430578e-01
7.026566e-01
7.581422e-01
8.092219e-01
8.557754e-01
8.974929e-01
9.341677e-01
9.653181e-01
9.912366e-01
1.011441e+00
1.025950e+00
1.034486e+00
1.037205e+00
1.034056e+00
1.025089e+00
1.010219e+00
9.895845e-01
9.633390e-01
9.317583e-01
8.946876e-01
8.526604e-01
8.057283e-01
7.543043e-01
6.984573e-01
6.387897e-01
5.754046e-01
5.088701e-01
4.393583e-01
3.671617e-01
2.931063e-01
2.174676e-01
1.404866e-01
6.207706e-02
-1.505889e-02
-9.355445e-02
-1.712583e-01
-2.476543e-01
-3.227250e-01
-3.961091e-01
-4.672215e-01
-5.356492e-01
-6.010306e-01
-6.629700e-01
-7.211231e-01
-7.752319e-01
-8.247627e-01
-8.698017e-01
-9.099014e-01
-9.447348e-01
-9.741469e-01
-9.981207e-01
-1.016450e+00
-1.028944e+00
-1.035570e+00
-1.036327e+00
-1.031233e+00
-1.020305e+00
-1.003439e+00
-9.809966e-01
-9.529440e-01
-9.195219e-01
-8.807302e-01
-8.370336e-01
-7.886214e-01
-7.357173e-01
-6.784935e-01
-6.174663e-01
-5.529970e-01
-4.853611e-01
-4.149715e-01
-3.421725e-01
-2.675148e-01
-1.914459e-01
-1.140690e-01
-3.547015e-02
4.149371e-02
1.201958e-01
1.974694e-01
2.734007e-01
3.479035e-01
4.206508e-01
4.908683e-01
5.581945e-01
6.224572e-01
6.832263e-01
7.400715e-01
7.926830e-01
8.408198e-01
8.841378e-01
9.226713e-01
9.555600e-01
9.831995e-01
1.005263e+00
1.021699e+00
1.032283e+00
1.036930e+00
1.035811e+00
1.028720e+00
1.015796e+00
9.970537e-01
9.727529e-01
9.428244e-01
9.076985e-01
8.671514e-01
8.219230e-01
7.719275e-01
7.175778e-01
6.590633e-01
5.968657e-01
5.313638e-01
4.627641e-01
3.914624e-01
3.179922e-01
2.429043e-01
1.663362e-01
8.846025e-02
1.044657e-02
-6.741221e-02
-1.454947e-01
-2.224070e-01
-2.978219e-01
-3.718772e-01
-4.438846e-01
-5.131383e-01
-5.795351e-01
-6.426964e-01
-7.022436e-01
-7.576431e-01
-8.087401e-01
-8.553624e-01
-8.970798e-01
-9.337031e-01
-9.649223e-01
-9.907720e-01
-1.010959e+00
-1.025485e+00
-1.034056e+00
-1.036654e+00
-1.033625e+00
-1.024607e+00
-1.009703e+00
-9.890682e-01
-9.628915e-01
-9.311732e-01
-8.942402e-01
-8.521441e-01
-8.053152e-01
-7.538568e-01
-6.980443e-01
-6.382734e-01
-5.749400e-01
-5.082162e-01
-4.387904e-01
-3.666626e-01
-2.925900e-01
-2.169685e-01
-1.400907e-01
-6.176728e-02
1.547194e-02
9.405355e-02
1.718263e-01
2.481534e-01
3.232241e-01
3.966255e-01
4.677034e-01
5.360622e-01
6.013232e-01
6.633314e-01
7.216566e-01
7.755589e-01
8.252446e-01
8.701976e-01
9.103833e-01
9.451650e-01
9.746460e-01
9.985854e-01
1.016845e+00
1.029529e+00
1.036052e+00
1.036792e+00
1.031732e+00
1.020718e+00
1.003972e+00
9.814957e-01
9.534259e-01
9.199866e-01
8.812637e-01
8.374810e-01
7.891033e-01
7.361992e-01
6.789754e-01
6.180170e-01
5.535822e-01
4.859978e-01
4.155222e-01
3.426716e-01
2.680483e-01
1.920310e-01
1.145853e-01
3.588319e-02
-4.109787e-02
-1.196106e-01
-1.968671e-01
-2.727983e-01
-3.473700e-01
-4.200485e-01
-4.903348e-01
-5.577642e-01
-6.219926e-01
-6.827617e-01
-7.396240e-01
-7.922183e-01
-8.402863e-01
-8.837075e-01
-9.220862e-01
-9.551986e-01
-9.828037e-01
-1.004850e+00
-1.021217e+00
-1.031853e+00
-1.036448e+00
-1.035295e+00
-1.028238e+00
-1.015314e+00
-9.965546e-01
-9.722366e-01
-9.424458e-01
-9.072166e-01
-8.667899e-01
-8.214239e-01
-7.715145e-01
-7.171131e-01
-6.586330e-01
-5.963666e-01
-5.307787e-01
-4.622822e-01
-3.909461e-01
-3.174759e-01
-2.423880e-01
-1.659060e-01
-8.801278e-02
-1.013679e-02
6.782526e-02
1.460799e-01
2.228028e-01
2.983038e-01
3.723591e-01
4.443148e-01
5.136029e-01
5.798621e-01
6.430750e-01
7.026050e-01
7.580733e-01
8.092564e-01
8.557582e-01
8.975101e-01
9.341333e-01
9.653870e-01
9.912194e-01
1.011424e+00
1.025881e+00
1.034520e+00
1.037153e+00
1.034073e+00
1.025089e+00
1.010168e+00
9.895500e-01
9.633906e-01
9.317411e-01
8.947048e-01
8.526260e-01
8.057455e-01
7.543904e-01
6.985262e-01
6.387725e-01
5.753530e-01
5.088013e-01
4.392550e-01
3.671617e-01
2.931063e-01
2.175537e-01
1.405726e-01
6.216311e-02
-1.502447e-02
-9.352003e-02
-1.713272e-01
-2.476543e-01
-3.226045e-01
-3.961091e-01
-4.671699e-01
-5.355975e-01
-6.009962e-01
-6.629355e-01
-7.211231e-01
-7.751802e-01
-8.247627e-01
-8.697329e-01
-9.098326e-01
-9.446831e-01
-9.741469e-01
-9.981723e-01
-1.016467e+00
-1.028927e+00
-1.035536e+00
-1.036327e+00
-1.031250e+00
-1.020253e+00
-1.003456e+00
-9.809794e-01
-9.529612e-01
-9.195047e-01
-8.807990e-01
-8.370680e-01
-7.886042e-01
-7.357517e-01
-6.785968e-01
-6.175351e-01
-5.530314e-01
-4.854471e-01
-4.149887e-01
-3.422241e-01
-2.675664e-01
-1.915147e-01
-1.141034e-01
-3.552178e-02
4.149371e-02
1.200753e-01
1.974006e-01
2.732974e-01
3.479035e-01
4.205992e-01
4.908167e-01
5.581773e-01
6.223023e-01
6.832091e-01
7.400199e-01
7.926486e-01
8.407338e-01
8.841894e-01
9.225509e-01
9.555772e-01
9.832683e-01
1.005332e+00
1.021716e+00
1.032352e+00
1.036895e+00
1.035725e+00
1.028755e+00
1.015796e+00
9.970709e-01
9.726841e-01
9.429105e-01
9.077157e-01
8.672202e-01
8.219058e-01
7.720136e-01
7.176983e-01
6.590633e-01
5.968657e-01
5.314155e-01
4.628330e-01
3.914968e-01
3.179750e-01
2.429043e-01
1.663362e-01
8.844304e-02
1.053262e-02
-6.737779e-02
-1.455292e-01
-2.223381e-01
-2.978391e-01
-3.717912e-01
-4.437641e-01
-5.130522e-01
-5.795007e-01
-6.426620e-01
-7.021919e-01
-7.576259e-01
-8.087401e-01
-8.552763e-01
-8.970282e-01
-9.336342e-01
-9.649911e-01
-9.907720e-01
-1.010942e+00
-1.025399e+00
-1.034056e+00
-1.036723e+00
-1.033591e+00
-1.024573e+00
-1.009686e+00
-9.891370e-01
-9.628915e-01
-9.313281e-01
-8.942746e-01
-8.521957e-01
-8.052808e-01
-7.539257e-01
-6.980959e-01
-6.383250e-01
-5.749400e-01
-5.082678e-01
-4.388420e-01
-3.667314e-01
-2.926588e-01
-2.170890e-01
-1.401080e-01
-6.181891e-02
1.550636e-02
9.401913e-02
1.718263e-01
2.481362e-01
3.231553e-01
3.965394e-01
4.677379e-01
5.360450e-01
6.013059e-01
6.633314e-01
7.215878e-01
7.756105e-01
8.252446e-01
8.701803e-01
9.103833e-01
9.451650e-01
9.746633e-01
9.986026e-01
1.016914e+00
1.029409e+00
1.036052e+00
1.036809e+00
1.031715e+00
1.020786e+00
1.003972e+00
9.814613e-01
9.533915e-01
9.200554e-01
8.812465e-01
8.375499e-01
7.891377e-01
7.361992e-01
6.790098e-01
6.180514e-01
5.535994e-01
4.859978e-01
4.155394e-01
3.427404e-01
2.681516e-01
1.920654e-01
1.146369e-01
3.586598e-02
-4.099461e-02
-1.196106e-01
-1.968499e-01
-2.727811e-01
-3.473183e-01
-4.200485e-01
-4.903348e-01
-5.577298e-01
-6.220270e-01
-6.827272e-01
-7.396757e-01
-7.922011e-01
-8.402691e-01
-8.837075e-01
-9.220174e-01
-9.550437e-01
-9.828037e-01
-1.004850e+00
-1.021251e+00
-1.031818e+00
-1.036465e+00
-1.035226e+00
-1.028290e+00
-1.015296e+00
-9.965890e-01
-9.722882e-01
-9.424458e-01
-9.072338e-01
-8.667899e-01
-8.214584e-01
-7.714973e-01
-7.172164e-01
-6.586674e-01
-5.963666e-01
-5.308475e-01
-4.622994e-01
-3.910494e-01
-3.175103e-01
-2.424568e-01
-1.659404e-01
-8.801278e-02
-1.013679e-02
6.772200e-02
1.460282e-01
2.228544e-01
2.983210e-01
3.723419e-01
4.443320e-01
5.135685e-01
5.799137e-01
6.430062e-01
7.025878e-01
7.580905e-01
8.092047e-01
8.557582e-01
8.975101e-01
9.341677e-01
9.653870e-01
9.912194e-01
1.011459e+00
1.025915e+00
1.034503e+00
1.037188e+00
1.034090e+00
1.025123e+00
1.010168e+00
9.895845e-01
9.634250e-01
9.317927e-01
8.947220e-01
8.525743e-01
8.058315e-01
7.543731e-01
6.985434e-01
6.388241e-01
5.754907e-01
5.089390e-01
4.393411e-01
3.672649e-01
2.931407e-01
2.175709e-01
1.406415e-01
6.224917e-02
-1.495563e-02
-9.348561e-02
-1.712067e-01
-2.476026e-01
-3.226562e-01
-3.961091e-01
-4.671871e-01
-5.355631e-01
-6.009101e-01
-6.628667e-01
-7.211231e-01
-7.750942e-01
-8.247455e-01
-8.697157e-01
-9.097981e-01
-9.446831e-01
-9.741642e-01
-9.981207e-01
-1.016398e+00
-1.028944e+00
-1.035501e+00
-1.036310e+00
-1.031250e+00
-1.020270e+00
-1.003439e+00
-9.809794e-01
-9.529096e-01
-9.195391e-01
-8.808162e-01
-8.371024e-01
-7.886214e-01
-7.358034e-01
-6.785796e-01
-6.175695e-01
-5.531347e-01
-4.854471e-01
-4.150747e-01
-3.422585e-01
-2.676525e-01
-1.916352e-01
-1.141894e-01
-3.557341e-02
4.147650e-02
1.200409e-01
1.973662e-01
2.733146e-01
3.478002e-01
4.205476e-01
4.906790e-01
5.581084e-01
6.224056e-01
6.831231e-01
7.400371e-01
7.926486e-01
8.407682e-01
8.841378e-01
9.225337e-01
9.555600e-01
9.831823e-01
1.005349e+00
1.021750e+00
1.032300e+00
1.036947e+00
1.035725e+00
1.028772e+00
1.015813e+00
9.971225e-01
9.727185e-01
9.429449e-01
9.076985e-01
8.672374e-01
8.219230e-01
7.719619e-01
7.176294e-01
6.590805e-01
5.969001e-01
5.314671e-01
4.629018e-01
3.915829e-01
3.180611e-01
2.429731e-01
1.664395e-01
8.854630e-02
1.065309e-02
-6.734337e-02
-1.453915e-01
-2.222521e-01
-2.976842e-01
-3.717912e-01
-4.437985e-01
-5.130866e-01
-5.795523e-01
-6.426103e-01
-7.021059e-01
-7.575914e-01
-8.086884e-01
-8.552419e-01
-8.970282e-01
-9.336170e-01
-9.649395e-01
-9.907375e-01
-1.010977e+00
-1.025450e+00
-1.033987e+00
-1.036671e+00
-1.033642e+00
-1.024607e+00
-1.009703e+00
-9.891542e-01
-9.628743e-01
-9.312936e-01
-8.943090e-01
-8.521957e-01
-8.053497e-01
-7.539429e-01
-6.981131e-01
-6.382906e-01
-5.749572e-01
-5.083538e-01
-4.388936e-01
-3.667486e-01
-2.926933e-01
-2.171234e-01
-1.401080e-01
-6.190496e-02
1.533426e-02
9.393308e-02
1.717230e-01
2.480501e-01
3.231208e-01
3.965222e-01
4.676346e-01
5.359762e-01
6.012887e-01
6.633314e-01
7.215706e-01
7.755933e-01
8.251758e-01
8.701803e-01
9.102972e-01
9.451478e-01
9.746116e-01
9.985854e-01
1.016914e+00
1.029409e+00
1.036052e+00
1.036809e+00
1.031767e+00
1.020804e+00
1.004007e+00
9.815301e-01
9.534775e-01
9.200554e-01
8.812809e-01
8.375499e-01
7.891549e-01
7.362853e-01
6.791131e-01
6.180686e-01
5.536166e-01
4.860839e-01
4.155911e-01
3.428093e-01
2.682376e-01
1.921171e-01
1.146197e-01
3.595203e-02
-4.099461e-02
-1.195074e-01
-1.967810e-01
-2.726778e-01
-3.472495e-01
-4.199796e-01
-4.902143e-01
-5.576954e-01
-6.219237e-01
-6.827617e-01
-7.395724e-01
-7.922183e-01
-8.402863e-01
-8.836731e-01
-9.220690e-01
-9.550609e-01
-9.827692e-01
-1.004833e+00
-1.021251e+00
-1.031749e+00
-1.036431e+00
-1.035329e+00
-1.028204e+00
-1.015331e+00
-9.966578e-01
-9.723399e-01
-9.424114e-01
-9.071994e-01
-8.667899e-01
-8.214412e-01
-7.715833e-01
-7.171648e-01
-6.586330e-01
-5.964527e-01
-5.309336e-01
-4.623167e-01
-3.910321e-01
-3.175792e-01
-2.424912e-01
-1.660437e-01
-8.811604e-02
-1.024005e-02
6.772200e-02
1.459422e-01
2.227856e-01
2.982349e-01
3.722387e-01
4.442632e-01
5.135169e-01
5.798277e-01
6.429717e-01
7.024501e-01
7.577808e-01
8.088261e-01
8.552419e-01
8.968389e-01
9.334105e-01
9.644060e-01
9.901008e-01
1.010133e+00
1.024504e+00
1.032920e+00
1.035484e+00
1.032162e+00
1.023127e+00
1.008206e+00
9.875020e-01
9.611877e-01
9.295382e-01
8.924675e-01
8.504231e-01
8.035598e-01
7.521014e-01
6.964609e-01
6.366900e-01
5.735287e-01
5.072180e-01
4.377577e-01
3.658709e-01
2.920737e-01
2.167276e-01
1.400907e-01
6.200822e-02
-1.478353e-02
-9.302094e-02
-1.703978e-01
-2.463635e-01
-3.209524e-01
-3.939751e-01
-4.647089e-01
-5.326546e-01
-5.975885e-01
-6.590805e-01
-7.169066e-01
-7.705335e-01
-8.197374e-01
-8.643633e-01
-9.040844e-01
-9.385907e-01
-9.677276e-01
-9.913571e-01
-1.009479e+00
-1.021733e+00
-1.028152e+00
-1.028841e+00
-1.023678e+00
-1.012663e+00
-9.957801e-01
-9.733897e-01
-9.454232e-01
-9.122248e-01
-8.736396e-01
-8.301839e-01
-7.820471e-01
-7.294700e-01
-6.727798e-01
-6.121139e-01
-5.481437e-01
-4.810929e-01
-4.112541e-01
-3.390919e-01
-2.651226e-01
-1.897937e-01
-1.131224e-01
-3.522921e-02
4.090856e-02
1.187157e-01
1.952493e-01
2.703201e-01
3.440828e-01
4.159697e-01
4.853783e-01
5.519472e-01
6.153666e-01
6.754645e-01
7.315353e-01
7.834583e-01
8.309067e-01
8.737084e-01
9.115536e-01
9.439947e-01
9.712384e-01
9.929577e-01
1.009015e+00
1.019255e+00
1.023729e+00
1.022456e+00
1.015383e+00
1.002527e+00
9.838191e-01
9.596732e-01
9.302094e-01
8.952900e-01
8.553280e-01
8.105299e-01
7.611884e-01
7.074754e-01
6.497526e-01
5.883295e-01
5.236881e-01
4.560522e-01
3.857314e-01
3.132938e-01
2.393245e-01
1.638924e-01
8.704901e-02
1.049820e-02
-6.620750e-02
-1.431369e-01
-2.186724e-01
-2.929686e-01
-3.657332e-01
-4.364670e-01
-5.045676e-01
-5.698285e-01
-6.318368e-01
-6.902653e-01
-7.447355e-01
-7.948170e-01
-8.404584e-01
-8.814186e-01
-9.173190e-01
-9.479359e-01
-9.731488e-01
-9.928372e-01
-1.006932e+00
-1.015210e+00
-1.017723e+00
-1.014522e+00
-1.005590e+00
-9.909096e-01
-9.704640e-01
-9.445971e-01
-9.134811e-01
-8.771332e-01
-8.357600e-01
-7.896540e-01
-7.390733e-01
-6.843450e-01
-6.255895e-01
-5.634092e-01
-4.980622e-01
-4.299960e-01
-3.592966e-01
-2.867386e-01
-2.126144e-01
-1.372166e-01
-6.063141e-02
1.497284e-02
9.186786e-02
1.679540e-01
2.425945e-01
3.160819e-01
3.877622e-01
4.573257e-01
5.241011e-01
5.878304e-01
6.484102e-01
7.052209e-01
7.580389e-01
8.063995e-01
8.502338e-01
8.892664e-01
9.232737e-01
9.519114e-01
9.751796e-01
9.929749e-01
1.005091e+00
1.011338e+00
1.011992e+00
1.006915e+00
9.960383e-01
9.795165e-01
9.574359e-01
9.300029e-01
8.972864e-01
8.593379e-01
8.165535e-01
7.693116e-01
7.176467e-01
6.618513e-01
6.022353e-01
5.393838e-01
4.734516e-01
4.048519e-01
3.338428e-01
2.610954e-01
1.870573e-01
1.115907e-01
3.503990e-02
-3.984153e-02
-1.162719e-01
-1.914287e-01
-2.652775e-01
-3.378355e-01
-4.084660e-01
-4.767216e-01
-5.422751e-01
-6.046447e-01
-6.636412e-01
-7.188169e-01
-7.698107e-01
-8.164330e-01
-8.585119e-01
-8.956514e-01
-9.276795e-01
-9.543897e-01
-9.757819e-01
-9.915292e-01
-1.001597e+00
-1.006003e+00
-1.004781e+00
-9.977937e-01
-9.851787e-01
-9.668670e-01
-9.430482e-01
-9.140146e-01
-8.797664e-01
-8.404240e-01
-7.963832e-01
-7.478677e-01
-6.951013e-01
-6.383250e-01
-5.779517e-01
-5.143086e-01
-4.479290e-01
-3.787613e-01
-3.074940e-01
-2.348499e-01
-1.607257e-01
-8.527637e-02
-9.964685e-03
6.536421e-02
1.411233e-01
2.154541e-01
2.883563e-01
3.599162e-01
4.294797e-01
4.963756e-01
5.605006e-01
6.214418e-01
6.789238e-01
7.324130e-01
7.817029e-01
8.266042e-01
8.668244e-01
9.020708e-01
9.322230e-01
9.569884e-01
9.764187e-01
9.901696e-01
9.984649e-01
1.000857e+00
9.977077e-01
9.888616e-01
9.744567e-01
9.544413e-01
9.290391e-01
8.983534e-01
8.625390e-01
8.218714e-01
7.765915e-01
7.269401e-01
6.730207e-01
6.153666e-01
5.542534e-01
4.901111e-01
4.230603e-01
3.535828e-01
2.822295e-01
2.093961e-01
1.353579e-01
5.982253e-02
-1.440491e-02
-8.990590e-02
-1.646324e-01
-2.381198e-01
-3.102648e-01
-3.807405e-01
-4.490648e-01
-5.147388e-01
-5.775043e-01
-6.369998e-01
-6.928296e-01
-7.446666e-01
-7.922355e-01
-8.353298e-01
-8.737256e-01
-9.070789e-01
-9.352348e-01
-9.582103e-01
-9.756442e-01
-9.875192e-01
-9.936805e-01
-9.943345e-01
-9.893091e-01
-9.786388e-01
-9.623924e-01
-9.406732e-01
-9.137048e-01
-8.815563e-01
-8.443307e-01
-8.022690e-01
-7.558016e-01
-7.050488e-01
-6.500968e-01
-5.915478e-01
-5.297289e-01
-4.648982e-01
-3.974688e-01
-3.277160e-01
-2.562249e-01
-1.834948e-01
-1.093878e-01
-3.417939e-02
3.942849e-02
1.146713e-01
1.885029e-01
2.610954e-01
3.323799e-01
4.018401e-01
4.689081e-01
5.332225e-01
5.944735e-01
6.525406e-01
7.068042e-01
7.569547e-01
8.027337e-01
8.441069e-01
8.806269e-01
9.121387e-01
9.383842e-01
9.593118e-01
9.748354e-01
9.848000e-01
9.890854e-01
9.878290e-01
9.810482e-01
9.685536e-01
9.505862e-01
9.272665e-01
8.986804e-01
8.649312e-01
8.263461e-01
7.830281e-01
7.353559e-01
6.834328e-01
6.277063e-01
5.684173e-01
5.058928e-01
4.405974e-01
3.726173e-01
3.026235e-01
2.311153e-01
1.582647e-01
8.412328e-02
1.006795e-02
-6.397018e-02
-1.382320e-01
-2.112892e-01
-2.830039e-01
-3.533247e-01
-4.216490e-01
-4.875123e-01
-5.505015e-01
-6.104273e-01
-6.668595e-01
-7.194537e-01
-7.678659e-01
-8.119756e-01
-8.515073e-01
-8.861342e-01
-9.157184e-01
-9.400708e-01
-9.592085e-01
-9.727357e-01
-9.807729e-01
-9.831479e-01
-9.801533e-01
-9.714105e-01
-9.572121e-01
-9.375237e-01
-9.126206e-01
-8.824684e-01
-8.473425e-01
-8.072944e-01
-7.628061e-01
-7.140325e-01
-6.610768e-01
-6.044210e-01
-5.443575e-01
-4.811446e-01
-4.153673e-01
-3.471462e-01
-2.770148e-01
-2.054549e-01
-1.326387e-01
-5.861782e-02
1.438770e-02
8.856351e-02
1.621714e-01
2.342992e-01
3.051534e-01
3.745104e-01
4.415956e-01
5.061509e-01
5.676945e-01
6.262090e-01
6.810923e-01
7.320860e-01
7.787427e-01
8.212002e-01
8.588561e-01
8.916070e-01
9.193326e-01
9.418263e-01
9.589160e-01
9.707049e-01
9.767629e-01
9.773308e-01
9.724431e-01
9.619449e-01
9.460083e-01
9.247366e-01
8.980952e-01
8.664802e-01
8.299430e-01
7.886042e-01
7.429284e-01
6.930017e-01
6.391339e-01
5.816003e-01
5.208484e-01
4.572397e-01
3.908945e-01
3.223120e-01
2.520601e-01
1.806035e-01
1.077012e-01
3.376634e-02
-3.844751e-02
-1.123480e-01
-1.848888e-01
-2.562077e-01
-3.262359e-01
-3.944226e-01
-4.603547e-01
-5.235848e-01
-5.838548e-01
-6.408893e-01
-6.941204e-01
-7.433414e-01
-7.884321e-01
-8.290997e-01
-8.649312e-01
-8.958063e-01
-9.216904e-01
-9.422565e-01
-9.575047e-01
-9.672973e-01
-9.714450e-01
-9.702230e-01
-9.635971e-01
-9.512746e-01
-9.335826e-01
-9.106931e-01
-8.826577e-01
-8.495626e-01
-8.115797e-01
-7.690362e-01
-7.221901e-01
-6.712653e-01
-6.163993e-01
-5.580740e-01
-4.966509e-01
-4.324570e-01
-3.657332e-01
-2.970130e-01
-2.267783e-01
-1.552185e-01
-8.243669e-02
-9.672113e-03
6.305804e-02
1.362185e-01
2.078644e-01
2.782884e-01
3.474044e-01
4.145584e-01
4.791826e-01
5.410532e-01
5.998947e-01
6.554319e-01
7.070108e-01
7.546829e-01
7.979493e-01
8.368615e-01
8.708687e-01
8.998679e-01
9.238933e-01
9.425663e-01
9.559558e-01
9.638208e-01
9.661959e-01
9.631497e-01
9.546478e-01
9.407076e-01
9.213634e-01
8.968389e-01
8.672890e-01
8.327482e-01
7.933886e-01
7.497092e-01
7.016756e-01
6.497353e-01
5.940433e-01
5.350296e-01
4.730730e-01
4.083628e-01
3.412776e-01
2.724025e-01
2.021334e-01
1.305391e-01
5.777452e-02
-1.380255e-02
-8.673923e-02
-1.589187e-01
-2.298245e-01
-2.994741e-01
-3.674886e-01
-4.335240e-01
-4.968402e-01
-5.575233e-01
-6.148848e-01
-6.688042e-01
-7.189202e-01
-7.647509e-01
-8.063478e-01
-8.434185e-01
-8.756188e-01
-9.027592e-01
-9.248398e-01
-9.416542e-01
-9.531505e-01
-9.591569e-01
-9.597937e-01
-9.549060e-01
-9.447004e-01
-9.289531e-01
-9.080255e-01
-8.820037e-01
-8.509050e-01
-8.149357e-01
-7.744058e-01
-7.295905e-01
-6.805243e-01
-6.275342e-01
-5.709472e-01
-5.113656e-01
-4.489099e-01
-3.837178e-01
-3.163056e-01
-2.473789e-01
-1.770926e-01
-1.055499e-01
-3.294026e-02
3.796562e-02
1.105409e-01
1.818942e-01
2.519568e-01
3.207286e-01
3.877106e-01
4.524552e-01
5.145323e-01
5.737180e-01
6.296167e-01
6.820216e-01
7.304338e-01
7.746467e-01
8.145915e-01
8.497863e-01
8.801278e-01
9.055644e-01
9.257003e-01
9.407248e-01
9.503625e-01
9.544585e-01
9.532710e-01
9.466967e-01
9.346152e-01
9.172674e-01
8.946360e-01
8.671858e-01
8.346586e-01
7.973813e-01
7.555951e-01
7.096095e-01
6.595107e-01
6.056945e-01
5.484535e-01
4.881147e-01
4.251083e-01
3.595203e-01
2.919360e-01
2.229749e-01
1.526542e-01
8.109430e-02
9.706533e-03
-6.164681e-02
-1.333788e-01
-2.039060e-01
-2.730909e-01
-3.408989e-01
-4.068483e-01
-4.703710e-01
-5.311573e-01
-5.889490e-01
-6.434536e-01
-6.941548e-01
-7.408632e-01
-7.834927e-01
-8.216133e-01
-8.551387e-01
-8.835871e-01
-9.071134e-01
-9.255110e-01
-9.385907e-01
-9.463181e-01
-9.486587e-01
-9.456813e-01
-9.372828e-01
-9.235835e-01
-9.046179e-01
-8.805581e-01
-8.514729e-01
-8.175689e-01
-7.789837e-01
-7.360443e-01
-6.888713e-01
-6.378603e-01
-5.830976e-01
-5.251682e-01
-4.642958e-01
-4.007731e-01
-3.348754e-01
-2.672739e-01
-1.982611e-01
-1.279404e-01
-5.660423e-02
1.380255e-02
8.534521e-02
1.563371e-01
2.259006e-01
2.943110e-01
3.611897e-01
4.259516e-01
4.881319e-01
5.475930e-01
6.039735e-01
6.569636e-01
7.060814e-01
7.512065e-01
7.920634e-01
8.284285e-01
8.600436e-01
8.867537e-01
9.084902e-01
9.249259e-01
9.361985e-01
9.420844e-01
9.427212e-01
9.379712e-01
9.279032e-01
9.124829e-01
8.918824e-01
8.663253e-01
8.358116e-01
8.005652e-01
7.606893e-01
7.165968e-01
6.683567e-01
6.164509e-01
5.610169e-01
5.024163e-01
4.410449e-01
3.770231e-01
3.108328e-01
2.430764e-01
1.740980e-01
1.037429e-01
3.249279e-02
-3.707069e-02
-1.083208e-01
-1.783317e-01
-2.471208e-01
-3.146362e-01
-3.804651e-01
-4.441255e-01
-5.050151e-01
-5.631338e-01
-6.181375e-01
-6.694754e-01
-7.170443e-01
-7.604828e-01
-7.996703e-01
-8.342111e-01
-8.639675e-01
-8.888534e-01
-9.087827e-01
-9.234458e-01
-9.328426e-01
-9.369386e-01
-9.357855e-01
-9.292973e-01
-9.174911e-01
-9.004702e-01
-8.782863e-01
-8.512492e-01
-8.193587e-01
-7.827527e-01
-7.416720e-01
-6.964954e-01
-6.472743e-01
-5.944735e-01
-5.381963e-01
-4.790449e-01
-4.171916e-01
-3.528084e-01
-2.865148e-01
-2.187756e-01
-1.496940e-01
-7.949375e-02
-9.379540e-03
6.075188e-02
1.311759e-01
2.003779e-01
2.682720e-01
3.348926e-01
3.996372e-01
4.619552e-01
5.216573e-01
5.783648e-01
6.320261e-01
6.819011e-01
7.279555e-01
7.698107e-01
8.074493e-01
8.403723e-01
8.685454e-01
8.917619e-01
9.100219e-01
9.230844e-01
9.307945e-01
9.332040e-01
9.304159e-01
9.223271e-01
9.089548e-01
8.904195e-01
8.668416e-01
8.383415e-01
8.050743e-01
7.672291e-01
7.250814e-01
6.787689e-01
6.286013e-01
5.747679e-01
5.178022e-01
4.579108e-01
3.953519e-01
3.303835e-01
2.637458e-01
1.956796e-01
1.264087e-01
5.593303e-02
-1.340672e-02
-8.403723e-02
-1.539966e-01
-2.227512e-01
-2.902838e-01
-3.563709e-01
-4.203755e-01
-4.818674e-01
-5.407262e-01
-5.965387e-01
-6.489781e-01
-6.975452e-01
-7.422056e-01
-7.827355e-01
-8.188080e-01
-8.501821e-01
-8.767374e-01
-8.983018e-01
-9.148235e-01
-9.260962e-01
-9.319993e-01
-9.326877e-01
-9.280581e-01
-9.183000e-01
-9.031378e-01
-8.829675e-01
-8.577546e-01
-8.276712e-01
-7.927690e-01
-7.534094e-01
-7.098849e-01
-6.622643e-01
-6.108060e-01
-5.558711e-01
-4.978212e-01
-4.371382e-01
-3.737187e-01
-3.081480e-01
-2.409939e-01
-1.726352e-01
-1.029340e-01
-3.218301e-02
3.689859e-02
1.076840e-01
1.772475e-01
2.456063e-01
3.126399e-01
3.781417e-01
4.413203e-01
5.019345e-01
5.597950e-01
6.145233e-01
6.656547e-01
7.130171e-01
7.563523e-01
7.954194e-01
8.299774e-01
8.597166e-01
8.846025e-01
9.045318e-01
9.192637e-01
9.287637e-01
9.330147e-01
9.319648e-01
9.256315e-01
9.139630e-01
8.971315e-01
8.752401e-01
8.484783e-01
8.166912e-01
7.802917e-01
7.395896e-01
6.945850e-01
6.457598e-01
5.930623e-01
5.370948e-01
4.782016e-01
4.164860e-01
3.522921e-01
2.861534e-01
2.184486e-01
1.497112e-01
7.951096e-02
9.568852e-03
-6.044210e-02
-1.307800e-01
-1.999477e-01
-2.679451e-01
-3.345312e-01
-3.993274e-01
-4.617315e-01
-5.214164e-01
-5.782271e-01
-6.318368e-01
-6.816946e-01
-7.278007e-01
-7.696730e-01
-8.073116e-01
-8.402347e-01
-8.684077e-01
-8.916242e-01
-9.098842e-01
-9.229295e-01
-9.305708e-01
-9.330663e-01
-9.302094e-01
-9.221722e-01
-9.088344e-01
-8.902818e-01
-8.667039e-01
-8.382211e-01
-8.049366e-01
-7.670570e-01
-7.248233e-01
-6.785796e-01
-6.283947e-01
-5.745097e-01
-5.175785e-01
-4.576871e-01
-3.951282e-01
-3.301942e-01
-2.635393e-01
-1.955247e-01
-1.263226e-01
-5.588140e-02
1.347556e-02
8.414049e-02
1.542031e-01
2.228888e-01
2.904215e-01
3.565258e-01
4.205820e-01
4.819879e-01
5.408122e-01
5.965904e-01
6.490297e-01
6.976657e-01
7.423605e-01
7.828215e-01
8.189457e-01
8.503026e-01
8.768407e-01
8.984050e-01
9.149784e-01
9.262855e-01
9.322058e-01
9.328426e-01
9.282991e-01
9.184376e-01
9.033788e-01
8.830880e-01
8.578579e-01
8.278261e-01
7.929411e-01
7.536503e-01
7.099881e-01
6.624192e-01
6.110641e-01
5.560948e-01
4.981310e-01
4.373103e-01
3.739425e-01
3.084061e-01
2.411832e-01
1.727040e-01
1.029856e-01
3.230348e-02
-3.674370e-02
-1.074947e-01
-1.769033e-01
-2.453309e-01
-3.124505e-01
-3.779008e-01
-4.411998e-01
-5.018140e-01
-5.596746e-01
-6.143340e-01
-6.655343e-01
-7.129139e-01
-7.561458e-01
-7.952301e-01
-8.297881e-01
-8.595100e-01
-8.844131e-01
-9.042737e-01
-9.191433e-01
-9.286605e-01
-9.328081e-01
-9.317755e-01
-9.254594e-01
-9.138425e-01
-8.969594e-01
-8.751369e-01
-8.482718e-01
-8.165879e-01
-7.802056e-01
-7.394519e-01
-6.944646e-01
-6.455877e-01
-5.928902e-01
-5.369055e-01
-4.779263e-01
-4.162623e-01
-3.520855e-01
-2.859985e-01
-2.183798e-01
-1.495047e-01
-7.947654e-02
-9.413960e-03
6.052815e-02
1.310554e-01
2.001370e-01
2.680655e-01
3.346517e-01
3.994307e-01
4.617659e-01
5.215368e-01
5.783304e-01
6.319056e-01
6.819184e-01
7.279039e-01
7.698107e-01
8.074149e-01
8.404068e-01
8.685110e-01
8.918307e-01
9.100219e-01
9.230155e-01
9.307773e-01
9.332040e-01
9.304159e-01
9.223616e-01
9.090065e-01
8.903507e-01
8.668588e-01
8.383932e-01
8.050571e-01
7.671603e-01
7.250814e-01
6.787001e-01
6.286013e-01
5.747679e-01
5.177850e-01
4.578936e-01
3.953003e-01
3.304352e-01
2.637458e-01
1.958000e-01
1.264431e-01
5.595025e-02
-1.338951e-02
-8.396839e-02
-1.539105e-01
-2.226479e-01
-2.901634e-01
-3.563020e-01
-4.203066e-01
-4.818502e-01
-5.406745e-01
-5.964355e-01
-6.488748e-01
-6.975108e-01
-7.421711e-01
-7.826322e-01
-8.187908e-01
-8.501993e-01
-8.766858e-01
-8.982673e-01
-9.147375e-01
-9.260962e-01
-9.320165e-01
-9.326705e-01
-9.281442e-01
-9.182655e-01
-9.031722e-01
-8.829331e-01
-8.577546e-01
-8.276024e-01
-7.928379e-01
-7.534782e-01
-7.099193e-01
-6.622988e-01
-6.108748e-01
-5.559227e-01
-4.978729e-01
-4.371382e-01
-3.737359e-01
-3.081996e-01
-2.410800e-01
-1.726007e-01
-1.029168e-01
-3.226906e-02
3.688138e-02
1.076324e-01
1.771786e-01
2.455374e-01
3.126399e-01
3.780385e-01
4.412686e-01
5.019000e-01
5.597434e-01
6.144545e-01
6.656892e-01
7.129311e-01
7.564039e-01
7.953333e-01
8.299258e-01
8.596477e-01
8.845508e-01
9.045146e-01
9.192637e-01
9.287982e-01
9.329802e-01
9.319648e-01
9.256143e-01
9.139802e-01
8.971659e-01
8.752746e-01
8.484439e-01
8.167600e-01
7.803261e-01
7.395896e-01
6.946539e-01
6.456910e-01
5.931139e-01
5.371292e-01
4.781844e-01
4.164688e-01
3.522921e-01
2.861534e-01
2.185002e-01
1.497284e-01
7.949375e-02
9.620482e-03
-6.045931e-02
-1.307456e-01
-1.998789e-01
-2.678590e-01
-3.344623e-01
-3.992242e-01
-4.616455e-01
-5.213647e-01
-5.782099e-01
-6.318024e-01
-6.817290e-01
-7.277146e-01
-7.696558e-01
-8.072428e-01
-8.402691e-01
-8.684077e-01
-8.916242e-01
-9.098326e-01
-9.228607e-01
-9.305880e-01
-9.331007e-01
-9.302438e-01
-9.221722e-01
-9.088000e-01
-8.902302e-01
-8.666695e-01
-8.382383e-01
-8.049710e-01
-7.670915e-01
-7.249093e-01
-6.786312e-01
-6.284120e-01
-5.745613e-01
-5.175096e-01
-4.576871e-01
-3.951454e-01
-3.302803e-01
-2.636253e-01
-1.956279e-01
-1.263570e-01
-5.588140e-02
1.350998e-02
8.408886e-02
1.542031e-01
2.228372e-01
2.903355e-01
3.564913e-01
4.205132e-01
4.820051e-01
5.407434e-01
5.965731e-01
6.489609e-01
6.976657e-01
7.423088e-01
7.828215e-01
8.189457e-01
8.502510e-01
8.768579e-01
8.984222e-01
9.149784e-01
9.262338e-01
9.321541e-01
9.328598e-01
9.283335e-01
9.185065e-01
9.033960e-01
8.830880e-01
8.579267e-01
8.278089e-01
7.928895e-01
7.536675e-01
7.100226e-01
6.625053e-01
6.110469e-01
5.561293e-01
4.981482e-01
4.373447e-01
3.739252e-01
3.084234e-01
2.412521e-01
1.728245e-01
1.031233e-01
3.237232e-02
-3.669207e-02
-1.074603e-01
-1.769377e-01
-2.453309e-01
-3.124333e-01
-3.778492e-01
-4.411137e-01
-5.017796e-01
-5.596401e-01
-6.142996e-01
-6.654826e-01
-7.128966e-01
-7.560770e-01
-7.951957e-01
-8.297365e-01
-8.595100e-01
-8.844476e-01
-9.043597e-01
-9.191088e-01
-9.285916e-01
-9.327909e-01
-9.317583e-01
-9.254422e-01
-9.138253e-01
-8.969938e-01
-8.751024e-01
-8.482890e-01
-8.165707e-01
-7.801884e-01
-7.394175e-01
-6.945162e-01
-6.455705e-01
-5.929418e-01
-5.369227e-01
-4.779091e-01
-4.162967e-01
-3.521372e-01
-2.859985e-01
-2.184314e-01
-1.495908e-01
-7.947654e-02
-9.517221e-03
6.052815e-02
1.309866e-01
2.000682e-01
2.679967e-01
3.346344e-01
3.993963e-01
4.617659e-01
5.214852e-01
5.783132e-01
6.318712e-01
6.818667e-01
7.278867e-01
7.697590e-01
8.074665e-01
8.403379e-01
8.685110e-01
8.917275e-01
9.100735e-01
9.230500e-01
9.307945e-01
9.332040e-01
9.304675e-01
9.223788e-01
9.089721e-01
8.904023e-01
8.668416e-01
8.384276e-01
8.051431e-01
7.672119e-01
7.250470e-01
6.787861e-01
6.286357e-01
5.747851e-01
5.177678e-01
4.578248e-01
3.953519e-01
3.304352e-01
2.637286e-01
1.957656e-01
1.265291e-01
5.593303e-02
-1.335509e-02
-8.395118e-02
-1.539105e-01
-2.225963e-01
-2.901634e-01
-3.562848e-01
-4.203239e-01
-4.818158e-01
-5.406745e-01
-5.964699e-01
-6.487716e-01
-6.974591e-01
-7.421023e-01
-7.826494e-01
-8.187047e-01
-8.501305e-01
-8.765997e-01
-8.981813e-01
-9.147719e-01
-9.260790e-01
-9.320165e-01
-9.327049e-01
-9.281614e-01
-9.183000e-01
-9.032583e-01
-8.830191e-01
-8.577890e-01
-8.277229e-01
-7.928207e-01
-7.535298e-01
-7.099193e-01
-6.623160e-01
-6.108920e-01
-5.559399e-01
-4.979073e-01
-4.371382e-01
-3.738048e-01
-3.082168e-01
-2.410972e-01
-1.726696e-01
-1.029512e-01
-3.228627e-02
3.679533e-02
1.076496e-01
1.771442e-01
2.454858e-01
3.126054e-01
3.780901e-01
4.412514e-01
5.018312e-01
5.597090e-01
6.144029e-01
6.656892e-01
7.129139e-01
7.562663e-01
7.953678e-01
8.299086e-01
8.596133e-01
8.846025e-01
9.044974e-01
9.192465e-01
9.287637e-01
9.329630e-01
9.319820e-01
9.256315e-01
9.140663e-01
8.971659e-01
8.752573e-01
8.484267e-01
8.167772e-01
7.803949e-01
7.395552e-01
6.946539e-01
6.457770e-01
5.931655e-01
5.371637e-01
4.782188e-01
4.165376e-01
3.523437e-01
2.861362e-01
2.185691e-01
1.497801e-01
7.951096e-02
9.603272e-03
-6.040768e-02
-1.307973e-01
-1.998789e-01
-2.678418e-01
-3.344623e-01
-3.992070e-01
-4.616110e-01
-5.214164e-01
-5.781583e-01
-6.318024e-01
-6.816774e-01
-7.276802e-01
-7.696386e-01
-8.072084e-01
-8.401658e-01
-8.683216e-01
-8.915554e-01
-9.098498e-01
-9.228607e-01
-9.305880e-01
-9.330663e-01
-9.302782e-01
-9.221550e-01
-9.087827e-01
-8.902474e-01
-8.667039e-01
-8.382899e-01
-8.049710e-01
-7.671087e-01
-7.249266e-01
-6.787001e-01
-6.285152e-01
-5.746130e-01
-5.176473e-01
-4.577043e-01
-3.951798e-01
-3.302458e-01
-2.635909e-01
-1.956624e-01
-1.263570e-01
-5.588140e-02
1.338951e-02
8.405444e-02
1.541687e-01
2.228716e-01
2.904215e-01
3.564397e-01
4.204615e-01
4.819707e-01
5.407606e-01
5.965387e-01
6.489781e-01
6.975796e-01
7.423605e-01
7.828043e-01
8.189285e-01
8.503026e-01
8.767890e-01
8.984222e-01
9.149096e-01
9.261822e-01
9.321714e-01
9.328942e-01
9.283335e-01
9.184549e-01
9.033788e-01
8.830880e-01
8.578751e-01
8.278605e-01
7.929928e-01
7.536503e-01
7.100226e-01
6.624881e-01
6.110985e-01
5.561293e-01
4.981826e-01
4.373791e-01
3.739941e-01
3.084406e-01
2.412521e-01
1.728245e-01
1.031061e-01
3.240674e-02
-3.672649e-02
-1.074086e-01
-1.769549e-01
-2.452621e-01
-3.123817e-01
-3.778320e-01
-4.410965e-01
-5.016419e-01
-5.595713e-01
-6.142996e-01
-6.654999e-01
-7.127590e-01
-7.561630e-01
-7.951784e-01
-8.297192e-01
-8.595445e-01
-8.844476e-01
-9.043081e-01
-9.190916e-01
-9.285916e-01
-9.328081e-01
-9.317583e-01
-9.253906e-01
-9.138597e-01
-8.969938e-01
-8.751713e-01
-8.482890e-01
-8.165707e-01
-7.801712e-01
-7.394519e-01
-6.945162e-01
-6.456049e-01
-5.929762e-01
-5.368711e-01
-4.779951e-01
-4.163483e-01
-3.521716e-01
-2.860846e-01
-2.183798e-01
-1.496424e-01
-7.956259e-02
-9.465591e-03
6.042489e-02
1.309349e-01
2.000854e-01
2.679623e-01
3.346517e-01
3.993619e-01
4.617659e-01
5.214680e-01
5.783132e-01
6.318712e-01
6.818839e-01
7.279211e-01
7.697762e-01
8.073805e-01
8.403551e-01
8.685110e-01
8.917103e-01
9.100391e-01
9.229983e-01
9.307601e-01
9.332040e-01
9.303987e-01
9.223616e-01
9.089893e-01
8.904539e-01
8.668588e-01
8.384620e-01
8.051603e-01
7.672463e-01
7.250987e-01
6.787689e-01
6.286873e-01
5.748195e-01
5.178022e-01
4.578936e-01
3.953863e-01
3.304696e-01
2.638146e-01
1.958345e-01
1.265119e-01
5.598467e-02
-1.333788e-02
-8.388234e-02
-1.539105e-01
-2.225791e-01
-2.901806e-01
-3.562504e-01
-4.203066e-01
-4.817813e-01
-5.406573e-01
-5.964527e-01
-6.488576e-01
-6.974936e-01
-7.421367e-01
-7.826839e-01
-8.188080e-01
-8.501821e-01
-8.767202e-01
-8.982845e-01
-9.147719e-01
-9.260445e-01
-9.320337e-01
-9.327049e-01
-9.281442e-01
-9.183516e-01
-9.032239e-01
-8.829847e-01
-8.577890e-01
-8.277229e-01
-7.928207e-01
-7.535471e-01
-7.099365e-01
-6.623332e-01
-6.108920e-01
-5.560260e-01
-4.979417e-01
-4.372242e-01
-3.737704e-01
-3.082513e-01
-2.410972e-01
-1.726868e-01
-1.030028e-01
-3.233790e-02
3.676091e-02
1.075463e-01
1.770926e-01
2.454686e-01
3.125538e-01
3.779868e-01
4.411826e-01
5.018140e-01
5.596746e-01
6.144889e-01
6.657752e-01
7.132064e-01
7.567481e-01
7.959357e-01
8.306486e-01
8.605599e-01
8.856179e-01
9.056677e-01
9.206405e-01
9.302610e-01
9.346496e-01
9.337375e-01
9.275762e-01
9.160626e-01
8.993516e-01
8.774775e-01
8.507156e-01
8.191006e-01
7.827011e-01
7.418958e-01
6.969256e-01
6.479627e-01
5.952480e-01
5.391945e-01
4.800431e-01
4.182070e-01
3.537549e-01
2.874097e-01
2.195673e-01
1.505029e-01
7.990679e-02
9.723743e-03
-6.068304e-02
-1.313996e-01
-2.008770e-01
-2.692358e-01
-3.362006e-01
-4.015131e-01
-4.642786e-01
-5.244798e-01
-5.817896e-01
-6.357779e-01
-6.861348e-01
-7.325679e-01
-7.748532e-01
-8.128533e-01
-8.461377e-01
-8.746378e-01
-8.982157e-01
-9.166994e-01
-9.299512e-01
-9.378679e-01
-9.404494e-01
-9.378507e-01
-9.296931e-01
-9.164929e-01
-8.979231e-01
-8.743108e-01
-8.457591e-01
-8.122509e-01
-7.742509e-01
-7.317074e-01
-6.851194e-01
-6.345043e-01
-5.803268e-01
-5.227760e-01
-4.622994e-01
-3.992070e-01
-3.336879e-01
-2.664133e-01
-1.977104e-01
-1.277338e-01
-5.655260e-02
1.359603e-02
8.501821e-02
1.558725e-01
2.254187e-01
2.937431e-01
3.606390e-01
4.255213e-01
4.878393e-01
5.474209e-01
6.039735e-01
6.571701e-01
7.064773e-01
7.519121e-01
7.929928e-01
8.297020e-01
8.616441e-01
8.886468e-01
9.106586e-01
9.274902e-01
9.391243e-01
9.453716e-01
9.461804e-01
9.416714e-01
9.318616e-01
9.166478e-01
8.962710e-01
8.707827e-01
8.403723e-01
8.051603e-01
7.653877e-01
7.212092e-01
6.729863e-01
6.208567e-01
5.651130e-01
5.063058e-01
4.445386e-01
3.802070e-01
3.135692e-01
2.453825e-01
1.758018e-01
1.049304e-01
3.299189e-02
-3.727722e-02
-1.092845e-01
-1.800011e-01
-2.495818e-01
-3.179578e-01
-3.846644e-01
-4.490820e-01
-5.108837e-01
-5.699662e-01
-6.256927e-01
-6.779600e-01
-7.263206e-01
-7.706195e-01
-8.104267e-01
-8.458107e-01
-8.762900e-01
-9.018298e-01
-9.222067e-01
-9.374549e-01
-9.472991e-01
-9.516877e-01
-9.508100e-01
-9.444766e-01
-9.328081e-01
-9.157356e-01
-8.935345e-01
-8.662564e-01
-8.340390e-01
-7.970371e-01
-7.554746e-01
-7.096611e-01
-6.598033e-01
-6.061248e-01
-5.489698e-01
-4.887170e-01
-4.257451e-01
-3.602087e-01
-2.926244e-01
-2.234740e-01
-1.530672e-01
-8.140408e-02
-9.723743e-03
6.197380e-02
1.340844e-01
2.048354e-01
2.744161e-01
3.427921e-01
4.091028e-01
4.730558e-01
5.343756e-01
5.926320e-01
6.476013e-01
6.989392e-01
7.462672e-01
7.892926e-01
8.280154e-01
8.619539e-01
8.908842e-01
9.149440e-01
9.337375e-01
9.472991e-01
9.553879e-01
9.580382e-01
9.552502e-01
9.471786e-01
9.335482e-01
9.146514e-01
8.905228e-01
8.614720e-01
8.274131e-01
7.886214e-01
7.453894e-01
6.979066e-01
6.464138e-01
5.912380e-01
5.326890e-01
4.711971e-01
4.068999e-01
3.401417e-01
2.715936e-01
2.016687e-01
1.303326e-01
5.782615e-02
-1.361324e-02
-8.642945e-02
-1.584368e-01
-2.292910e-01
-2.989406e-01
-3.669379e-01
-4.330422e-01
-4.964444e-01
-5.573168e-01
-6.148503e-01
-6.690279e-01
-7.192644e-01
-7.654565e-01
-8.072944e-01
-8.447609e-01
-8.771505e-01
-9.046867e-01
-9.271288e-01
-9.442701e-01
-9.560591e-01
-9.623236e-01
-9.632185e-01
-9.586406e-01
-9.486243e-01
-9.331179e-01
-9.124485e-01
-8.864956e-01
-8.555173e-01
-8.195997e-01
-7.791042e-01
-7.342028e-01
-6.850334e-01
-6.319228e-01
-5.751293e-01
-5.151691e-01
-4.524036e-01
-3.869361e-01
-3.191281e-01
-2.496851e-01
-1.788825e-01
-1.067547e-01
-3.349098e-02
3.820657e-02
1.114874e-01
1.835636e-01
2.544351e-01
3.240330e-01
3.919099e-01
4.575150e-01
5.204526e-01
5.805505e-01
6.373096e-01
6.905062e-01
7.397789e-01
7.847835e-01
8.255028e-01
8.614032e-01
8.924503e-01
9.184893e-01
9.393308e-01
9.547511e-01
9.648018e-01
9.692765e-01
9.683643e-01
9.619277e-01
9.499839e-01
9.326532e-01
9.100047e-01
8.822447e-01
8.494765e-01
8.117002e-01
7.693804e-01
7.228441e-01
6.719881e-01
6.173630e-01
5.591755e-01
4.979073e-01
4.337650e-01
3.670584e-01
2.982349e-01
2.278798e-01
1.561650e-01
8.314231e-02
1.013679e-02
-6.285152e-02
-1.361496e-01
-2.082430e-01
-2.791144e-01
-3.486435e-01
-4.162106e-01
-4.813511e-01
-5.436863e-01
-6.031302e-01
-6.590977e-01
-7.113822e-01
-7.594674e-01
-8.033189e-01
-8.427473e-01
-8.773054e-01
-9.067864e-01
-9.312076e-01
-9.503797e-01
-9.641478e-01
-9.723915e-01
-9.750763e-01
-9.721850e-01
-9.639929e-01
-9.501388e-01
-9.308634e-01
-9.063905e-01
-8.767890e-01
-8.420934e-01
-8.025788e-01
-7.586241e-01
-7.102291e-01
-6.577725e-01
-6.015641e-01
-5.419825e-01
-4.793547e-01
-4.138872e-01
-3.460792e-01
-2.762059e-01
-2.050247e-01
-1.324666e-01
-5.870387e-02
1.404349e-02
8.818488e-02
1.616207e-01
2.336452e-01
3.046199e-01
3.739252e-01
4.411309e-01
5.057551e-01
5.674363e-01
6.261230e-01
6.812299e-01
7.324818e-01
7.793795e-01
8.220951e-01
8.600780e-01
8.931903e-01
9.212429e-01
9.440292e-01
9.615319e-01
9.735274e-01
9.799296e-01
9.807901e-01
9.761605e-01
9.659377e-01
9.501732e-01
9.290563e-01
9.027420e-01
8.711785e-01
8.346586e-01
7.933197e-01
7.476268e-01
6.976484e-01
6.436085e-01
5.858340e-01
5.249100e-01
4.609054e-01
3.941816e-01
3.252205e-01
2.544523e-01
1.823589e-01
1.089059e-01
3.431707e-02
-3.856798e-02
-1.131568e-01
-1.864377e-01
-2.585483e-01
-3.293853e-01
-3.985874e-01
-4.653973e-01
-5.294707e-01
-5.906184e-01
-6.484274e-01
-7.025705e-01
-7.526865e-01
-7.985000e-01
-8.398905e-01
-8.765137e-01
-9.081115e-01
-9.344947e-01
-9.557321e-01
-9.714450e-01
-9.816850e-01
-9.863317e-01
-9.853336e-01
-9.787421e-01
-9.666261e-01
-9.489857e-01
-9.259241e-01
-8.977166e-01
-8.642773e-01
-8.258986e-01
-7.829248e-01
-7.354248e-01
-6.837254e-01
-6.280505e-01
-5.688132e-01
-5.063747e-01
-4.411654e-01
-3.732196e-01
-3.032087e-01
-2.316144e-01
-1.586605e-01
-8.443307e-02
-1.008516e-02
6.422833e-02
1.389549e-01
2.122702e-01
2.844152e-01
3.551662e-01
4.239380e-01
4.902143e-01
5.536854e-01
6.140759e-01
6.710932e-01
7.242554e-01
7.732355e-01
8.178959e-01
8.580128e-01
8.931043e-01
9.232049e-01
9.480563e-01
9.674866e-01
9.815817e-01
9.899115e-01
9.926135e-01
9.898598e-01
9.814268e-01
9.673489e-01
9.477982e-01
9.227574e-01
8.926568e-01
8.573588e-01
8.171558e-01
7.723061e-01
7.231711e-01
6.697852e-01
6.126130e-01
5.519816e-01
4.881835e-01
4.215802e-01
3.525502e-01
2.815411e-01
2.090174e-01
1.352203e-01
6.002905e-02
-1.404349e-02
-8.945844e-02
-1.640301e-01
-2.374486e-01
-3.095592e-01
-3.801553e-01
-4.486002e-01
-5.143430e-01
-5.772633e-01
-6.369310e-01
-6.929673e-01
-7.450452e-01
-7.928551e-01
-8.362935e-01
-8.749476e-01
-9.086279e-01
-9.371451e-01
-9.603272e-01
-9.781397e-01
-9.903073e-01
-9.968472e-01
-9.977593e-01
-9.930093e-01
-9.826660e-01
-9.665917e-01
-9.450790e-01
-9.182655e-01
-8.861514e-01
-8.490291e-01
-8.069846e-01
-7.604655e-01
-7.096439e-01
-6.545886e-01
-5.958503e-01
-5.337044e-01
-4.686500e-01
-4.007559e-01
-3.306245e-01
-2.586344e-01
-1.852846e-01
-1.105581e-01
-3.469569e-02
3.958338e-02
1.154974e-01
1.901379e-01
2.636081e-01
3.355810e-01
4.058845e-01
4.738991e-01
5.390224e-01
6.012027e-01
6.600959e-01
7.152717e-01
7.661965e-01
8.128533e-01
8.549149e-01
8.922266e-01
9.244268e-01
9.512918e-01
9.728218e-01
9.888788e-01
9.992049e-01
1.003921e+00
1.002957e+00
9.963136e-01
9.839567e-01
9.660065e-01
9.425491e-01
9.137909e-01
8.797664e-01
8.407165e-01
7.969683e-01
7.487110e-01
6.960135e-01
6.395297e-01
5.792253e-01
5.157714e-01
4.493058e-01
3.802242e-01
3.089225e-01
2.361235e-01
1.618444e-01
8.618850e-02
1.061867e-02
-6.503721e-02
-1.409512e-01
-2.156089e-01
-2.889931e-01
-3.609144e-01
-4.309425e-01
-4.984236e-01
-5.630305e-01
-6.244192e-01
-6.824691e-01
-7.364918e-01
-7.863841e-01
-8.317673e-01
-8.725553e-01
-9.083869e-01
-9.389177e-01
-9.642167e-01
-9.840772e-01
-9.983100e-01
-1.006777e+00
-1.009600e+00
-1.006709e+00
-9.981035e-01
-9.838018e-01
-9.638553e-01
-9.384531e-01
-9.077673e-01
-8.719530e-01
-8.310272e-01
-7.854375e-01
-7.353903e-01
-6.811439e-01
-6.229391e-01
-5.611718e-01
-4.962379e-01
-4.285503e-01
-3.582640e-01
-2.860329e-01
-2.123218e-01
-1.371650e-01
-6.080351e-02
1.461143e-02
9.133434e-02
1.673344e-01
2.419921e-01
3.153246e-01
3.871599e-01
4.567061e-01
5.236365e-01
5.875378e-01
6.482208e-01
7.053070e-01
7.583315e-01
8.069846e-01
8.511631e-01
8.904711e-01
9.248054e-01
9.537185e-01
9.773652e-01
9.954703e-01
1.007879e+00
1.014470e+00
1.015469e+00
1.010615e+00
1.000100e+00
9.837502e-01
9.618245e-01
9.345464e-01
9.019675e-01
8.640535e-01
8.214067e-01
7.740444e-01
7.222762e-01
6.663259e-01
6.065378e-01
5.434109e-01
4.772207e-01
4.081563e-01
3.367341e-01
2.635565e-01
1.889332e-01
1.128987e-01
3.567667e-02
-3.982432e-02
-1.170635e-01
-1.930120e-01
-2.676181e-01
-3.409334e-01
-4.124760e-01
-4.816437e-01
-5.479544e-01
-6.113050e-01
-6.710932e-01
-7.271811e-01
-7.790353e-01
-8.264493e-01
-8.692854e-01
-9.071822e-01
-9.398815e-01
-9.672629e-01
-9.892403e-01
-1.005504e+00
-1.016088e+00
-1.020752e+00
-1.019926e+00
-1.013059e+00
-1.000530e+00
-9.822013e-01
-9.583308e-01
-9.291252e-01
-8.945327e-01
-8.547945e-01
-8.102373e-01
-7.611539e-01
-7.076475e-01
-6.500968e-01
-5.887425e-01
-5.242044e-01
-4.565857e-01
-3.863338e-01
-3.137929e-01
-2.397204e-01
-1.642366e-01
-8.739322e-02
-1.041215e-02
6.653450e-02
1.438598e-01
2.197910e-01
2.943971e-01
3.676263e-01
4.387387e-01
5.073729e-01
5.730124e-01
6.355025e-01
6.945506e-01
7.495371e-01
8.002382e-01
8.464647e-01
8.879068e-01
9.243752e-01
9.553879e-01
9.811515e-01
1.001270e+00
1.015830e+00
1.024504e+00
1.027344e+00
1.024418e+00
1.015675e+00
1.001081e+00
9.808417e-01
9.550092e-01
9.238072e-01
8.872872e-01
8.456214e-01
7.993261e-01
7.484012e-01
6.932599e-01
6.339880e-01
5.712570e-01
5.053593e-01
4.363637e-01
3.648899e-01
2.913509e-01
2.163834e-01
1.400047e-01
6.211148e-02
-1.447375e-02
-9.255627e-02
-1.697094e-01
-2.456063e-01
-3.202467e-01
-3.932695e-01
-4.640549e-01
-5.321211e-01
-5.972099e-01
-6.588739e-01
-7.168894e-01
-7.708261e-01
-8.202537e-01
-8.651550e-01
-9.052030e-01
-9.400020e-01
-9.695518e-01
-9.935944e-01
-1.011923e+00
-1.024659e+00
-1.031319e+00
-1.032300e+00
-1.027430e+00
-1.016656e+00
-1.000014e+00
-9.778471e-01
-9.500355e-01
-9.168715e-01
-8.784068e-01
-8.349511e-01
-7.868143e-01
-7.342200e-01
-6.772716e-01
-6.164337e-01
-5.522570e-01
-4.848275e-01
-4.146273e-01
-3.420176e-01
-2.675320e-01
-1.917040e-01
-1.144304e-01
-3.595203e-02
4.101182e-02
1.195418e-01
1.967638e-01
2.727123e-01
3.472667e-01
4.199796e-01
4.902660e-01
5.577126e-01
6.220098e-01
6.828821e-01
7.397273e-01
7.923560e-01
8.405100e-01
8.838968e-01
9.223788e-01
9.554223e-01
9.830446e-01
1.005263e+00
1.021630e+00
1.032248e+00
1.036930e+00
1.035725e+00
1.028824e+00
1.015864e+00
9.972258e-01
9.728906e-01
9.430654e-01
9.078878e-01
8.674611e-01
8.221640e-01
7.722545e-01
7.179736e-01
6.594247e-01
5.972616e-01
5.318113e-01
4.632632e-01
3.919099e-01
3.184053e-01
2.433345e-01
1.668181e-01
8.887329e-02
1.103172e-02
-6.689591e-02
-1.450301e-01
-2.219079e-01
-2.973744e-01
-3.713609e-01
-4.433338e-01
-5.127424e-01
-5.791565e-01
-6.423694e-01
-7.018994e-01
-7.573333e-01
-8.084991e-01
-8.550526e-01
-8.968389e-01
-9.334793e-01
-9.647158e-01
-9.905999e-01
-1.010856e+00
-1.025347e+00
-1.033987e+00
-1.036654e+00
-1.033608e+00
-1.024607e+00
-1.009772e+00
-9.892575e-01
-9.630120e-01
-9.315002e-01
-8.944467e-01
-8.524195e-01
-8.055045e-01
-7.541322e-01
-6.983713e-01
-6.386520e-01
-5.752670e-01
-5.086808e-01
-4.392206e-01
-3.671617e-01
-2.930719e-01
-2.175021e-01
-1.406070e-01
-6.221475e-02
1.500726e-02
9.360609e-02
1.713616e-01
2.477231e-01
3.227078e-01
3.961952e-01
4.673076e-01
5.355975e-01
6.009789e-01
6.629700e-01
7.212780e-01
7.753007e-01
8.249692e-01
8.699566e-01
9.101768e-01
9.449929e-01
9.745084e-01
9.984477e-01
1.016845e+00
1.029409e+00
1.036000e+00
1.036809e+00
1.031835e+00
1.020838e+00
1.004058e+00
9.816162e-01
9.536152e-01
9.202275e-01
8.814358e-01
8.377908e-01
7.893786e-01
7.365434e-01
6.793885e-01
6.183784e-01
5.539091e-01
4.864109e-01
4.159180e-01
3.431018e-01
2.685302e-01
1.925645e-01
1.151016e-01
3.641671e-02
-4.051273e-02
-1.191288e-01
-1.964024e-01
-2.723336e-01
-3.469225e-01
-4.196182e-01
-4.898529e-01
-5.574028e-01
-6.216311e-01
-6.824347e-01
-7.393487e-01
-7.919601e-01
-8.400626e-01
-8.833977e-01
-9.218625e-01
-9.549576e-01
-9.826316e-01
-1.004729e+00
-1.021165e+00
-1.031732e+00
-1.036431e+00
-1.035277e+00
-1.028290e+00
-1.015417e+00
-9.967783e-01
-9.723743e-01
-9.425663e-01
-9.073887e-01
-8.670137e-01
-8.217337e-01
-7.717382e-01
-7.174573e-01
-6.589600e-01
-5.968141e-01
-5.312089e-01
-4.626609e-01
-3.913591e-01
-3.179234e-01
-2.428526e-01
-1.663535e-01
-8.849467e-02
-1.058425e-02
6.734337e-02
1.455980e-01
2.223725e-01
2.978735e-01
3.718944e-01
4.439018e-01
5.132071e-01
5.795351e-01
6.426448e-01
7.022952e-01
7.577808e-01
8.089810e-01
8.555173e-01
8.972519e-01
9.339956e-01
9.652493e-01
9.910473e-01
1.011304e+00
1.025881e+00
1.034469e+00
1.037239e+00
1.034124e+00
1.025192e+00
1.010288e+00
9.897566e-01
9.635455e-01
9.319648e-01
8.950146e-01
8.528841e-01
8.060725e-01
7.546657e-01
6.988359e-01
6.390823e-01
5.757144e-01
5.092832e-01
4.397713e-01
3.676435e-01
2.935710e-01
2.180184e-01
1.410717e-01
6.259337e-02
-1.454259e-02
-9.303815e-02
-1.707593e-01
-2.472068e-01
-3.222087e-01
-3.956273e-01
-4.668429e-01
-5.351673e-01
-6.005487e-01
-6.625053e-01
-7.207273e-01
-7.748532e-01
-8.244529e-01
-8.694747e-01
-9.096432e-01
-9.444938e-01
-9.739921e-01
-9.980174e-01
-1.016346e+00
-1.028944e+00
-1.035536e+00
-1.036310e+00
-1.031250e+00
-1.020339e+00
-1.003576e+00
-9.811343e-01
-9.531505e-01
-9.197972e-01
-8.810572e-01
-8.373433e-01
-7.888795e-01
-7.360960e-01
-6.789066e-01
-6.179137e-01
-5.534101e-01
-4.858257e-01
-4.154706e-01
-3.426716e-01
-2.680655e-01
-1.919966e-01
-1.145853e-01
-3.600366e-02
4.096019e-02
1.196967e-01
1.969359e-01
2.728499e-01
3.474216e-01
4.201173e-01
4.904036e-01
5.577470e-01
6.220442e-01
6.828133e-01
7.397961e-01
7.923388e-01
8.404928e-01
8.838108e-01
9.223271e-01
9.553879e-01
9.830618e-01
1.005177e+00
1.021630e+00
1.032266e+00
1.036912e+00
1.035811e+00
1.028755e+00
1.015916e+00
9.971914e-01
9.728734e-01
9.430654e-01
9.079394e-01
8.674956e-01
8.222845e-01
7.723233e-01
7.179909e-01
6.594247e-01
5.972616e-01
5.318285e-01
4.632460e-01
3.919099e-01
3.184569e-01
2.433517e-01
1.668525e-01
8.883887e-02
1.099730e-02
-6.689591e-02
-1.449440e-01
-2.218390e-01
-2.973572e-01
-3.713609e-01
-4.433338e-01
-5.126736e-01
-5.791737e-01
-6.422661e-01
-7.017617e-01
-7.572989e-01
-8.084131e-01
-8.550182e-01
-8.968045e-01
-9.334621e-01
-9.646986e-01
-9.905999e-01
-1.010822e+00
-1.025347e+00
-1.033987e+00
-1.036723e+00
-1.033608e+00
-1.024624e+00
-1.009755e+00
-9.892231e-01
-9.631152e-01
-9.314829e-01
-8.945327e-01
-8.524539e-01
-8.056078e-01
-7.542010e-01
-6.984057e-01
-6.386520e-01
-5.753186e-01
-5.086636e-01
-4.392378e-01
-3.671789e-01
-2.930547e-01
-2.175193e-01
-1.405726e-01
-6.228359e-02
1.495563e-02
9.352003e-02
1.713272e-01
2.476715e-01
3.227766e-01
3.961091e-01
4.672732e-01
5.356664e-01
6.009617e-01
6.629528e-01
7.212608e-01
7.753179e-01
8.249865e-01
8.699394e-01
9.101251e-01
9.449757e-01
9.744567e-01
9.984649e-01
1.016794e+00
1.029443e+00
1.036017e+00
1.036861e+00
1.031784e+00
1.020838e+00
1.004093e+00
9.816334e-01
9.536496e-01
9.202619e-01
8.814874e-01
8.379113e-01
7.894130e-01
7.365950e-01
6.794573e-01
6.184301e-01
5.540296e-01
4.864109e-01
4.159525e-01
3.431363e-01
2.685646e-01
1.925473e-01
1.150327e-01
3.639950e-02
-4.051273e-02
-1.190427e-01
-1.964024e-01
-2.722820e-01
-3.469397e-01
-4.195838e-01
-4.899218e-01
-5.573512e-01
-6.216139e-01
-6.824002e-01
-7.392798e-01
-7.918569e-01
-8.399765e-01
-8.834322e-01
-9.218108e-01
-9.549232e-01
-9.825455e-01
-1.004729e+00
-1.021096e+00
-1.031784e+00
-1.036431e+00
-1.035295e+00
-1.028256e+00
-1.015417e+00
-9.967095e-01
-9.724604e-01
-9.426696e-01
-9.073887e-01
-8.670309e-01
-8.217165e-01
-7.718759e-01
-7.174918e-01
-6.590805e-01
-5.968313e-01
-5.313122e-01
-4.627125e-01
-3.914108e-01
-3.179750e-01
-2.428354e-01
-1.663879e-01
-8.847746e-02
-1.060146e-02
6.727453e-02
1.455464e-01
2.224242e-01
2.978391e-01
3.718428e-01
4.437985e-01
5.131555e-01
5.795007e-01
6.426620e-01
7.022436e-01
7.577808e-01
8.088777e-01
8.555345e-01
8.972691e-01
9.339956e-01
9.652321e-01
9.910817e-01
1.011304e+00
1.025812e+00
1.034520e+00
1.037188e+00
1.034176e+00
1.025141e+00
1.010271e+00
9.897394e-01
9.635799e-01
9.319476e-01
8.950318e-01
8.529874e-01
8.060381e-01
7.547173e-01
6.988187e-01
6.391855e-01
5.758349e-01
5.093348e-01
4.398402e-01
3.677468e-01
2.936226e-01
2.180012e-01
1.410717e-01
6.269663e-02
-1.449096e-02
-9.307257e-02
-1.707420e-01
-2.471208e-01
-3.222087e-01
-3.955584e-01
-4.667569e-01
-5.351845e-01
-6.004799e-01
-6.625053e-01
-7.207445e-01
-7.748877e-01
-8.244529e-01
-8.694919e-01
-9.095572e-01
-9.445110e-01
-9.739921e-01
-9.979830e-01
-1.016329e+00
-1.028858e+00
-1.035536e+00
-1.036310e+00
-1.031285e+00
-1.020356e+00
-1.003611e+00
-9.811515e-01
-9.531333e-01
-9.197800e-01
-8.810227e-01
-8.373778e-01
-7.889828e-01
-7.360960e-01
-6.789754e-01
-6.179998e-01
-5.534617e-01
-4.859118e-01
-4.155394e-01
-3.426888e-01
-2.681344e-01
-1.920654e-01
-1.146541e-01
-3.600366e-02
4.094298e-02
1.196623e-01
1.968671e-01
2.727811e-01
3.473872e-01
4.200657e-01
4.903520e-01
5.576954e-01
6.219753e-01
6.827961e-01
7.396929e-01
7.923043e-01
8.404756e-01
8.838968e-01
9.223099e-01
9.554395e-01
9.830618e-01
1.005194e+00
1.021647e+00
1.032248e+00
1.036895e+00
1.035863e+00
1.028806e+00
1.015882e+00
9.972774e-01
9.729078e-01
9.430998e-01
9.079050e-01
8.674956e-01
8.222328e-01
7.723406e-01
7.180253e-01
6.595107e-01
5.972788e-01
5.318113e-01
4.633148e-01
3.919787e-01
3.185257e-01
2.434206e-01
1.669042e-01
8.904539e-02
1.104893e-02
-6.686149e-02
-1.449784e-01
-2.217874e-01
-2.972884e-01
-3.713437e-01
-4.432478e-01
-5.126392e-01
-5.790704e-01
-6.422145e-01
-7.017789e-01
-7.572989e-01
-8.083786e-01
-8.550010e-01
-8.967873e-01
-9.334277e-01
-9.647158e-01
-9.905482e-01
-1.010787e+00
-1.025382e+00
-1.034004e+00
-1.036723e+00
-1.033677e+00
-1.024642e+00
-1.009806e+00
-9.892575e-01
-9.630636e-01
-9.315174e-01
-8.945844e-01
-8.524711e-01
-8.056250e-01
-7.542527e-01
-6.984573e-01
-6.386692e-01
-5.753530e-01
-5.087497e-01
-4.392722e-01
-3.671789e-01
-2.931235e-01
-2.176225e-01
-1.406243e-01
-6.233522e-02
1.488679e-02
9.352003e-02
1.712583e-01
2.476887e-01
3.226562e-01
3.960747e-01
4.672560e-01
5.355975e-01
6.008929e-01
6.628667e-01
7.211919e-01
7.752147e-01
8.249865e-01
8.698878e-01
9.101079e-01
9.450101e-01
9.744223e-01
9.984649e-01
1.016811e+00
1.029340e+00
1.036069e+00
1.036826e+00
1.031835e+00
1.020821e+00
1.004075e+00
9.816678e-01
9.536152e-01
9.202963e-01
8.815218e-01
8.378597e-01
7.894475e-01
7.365778e-01
6.794401e-01
6.184645e-01
5.540124e-01
4.864797e-01
4.160385e-01
3.432395e-01
2.687023e-01
1.925817e-01
1.151188e-01
3.646834e-02
-4.047831e-02
-1.190427e-01
-1.962819e-01
-2.722820e-01
-3.468192e-01
-4.196010e-01
-4.899045e-01
-5.572996e-01
-6.215451e-01
-6.823142e-01
-7.392798e-01
-7.918225e-01
-8.399249e-01
-8.833461e-01
-9.217764e-01
-9.549404e-01
-9.825627e-01
-1.004712e+00
-1.021165e+00
-1.031784e+00
-1.036431e+00
-1.035277e+00
-1.028325e+00
-1.015486e+00
-9.967267e-01
-9.724604e-01
-9.426179e-01
-9.074748e-01
-8.670653e-01
-8.217509e-01
-7.718587e-01
-7.175090e-01
-6.590633e-01
-5.968313e-01
-5.312950e-01
-4.627813e-01
-3.914796e-01
-3.179922e-01
-2.429731e-01
-1.664051e-01
-8.858072e-02
-1.070472e-02
6.727453e-02
1.455292e-01
2.223037e-01
2.977531e-01
3.717740e-01
4.438501e-01
5.131038e-01
5.794662e-01
6.426792e-01
7.022263e-01
7.577463e-01
8.089466e-01
8.554829e-01
8.972347e-01
9.339784e-01
9.651805e-01
9.910817e-01
1.011269e+00
1.025812e+00
1.034503e+00
1.037171e+00
1.034159e+00
1.025175e+00
1.010288e+00
9.897221e-01
9.635971e-01
9.320165e-01
8.949974e-01
8.529530e-01
8.061757e-01
7.547173e-01
6.989048e-01
6.391511e-01
5.758693e-01
5.093692e-01
4.398230e-01
3.677812e-01
2.936915e-01
2.180872e-01
1.411750e-01
6.271384e-02
-1.447375e-02
-9.290047e-02
-1.707248e-01
-2.470863e-01
-3.221399e-01
-3.955584e-01
-4.667397e-01
-5.351501e-01
-6.004971e-01
-6.624709e-01
-7.207617e-01
-7.748532e-01
-8.243669e-01
-8.694403e-01
-9.095916e-01
-9.444594e-01
-9.739576e-01
-9.979830e-01
-1.016329e+00
-1.028927e+00
-1.035518e+00
-1.036362e+00
-1.031267e+00
-1.020356e+00
-1.003645e+00
-9.811343e-01
-9.531678e-01
-9.197972e-01
-8.810744e-01
-8.373778e-01
-7.889828e-01
-7.361648e-01
-6.790443e-01
-6.179310e-01
-5.535305e-01
-4.859290e-01
-4.155222e-01
-3.427576e-01
-2.681172e-01
-1.921515e-01
-1.146713e-01
-3.614135e-02
4.096019e-02
1.195934e-01
1.968327e-01
2.727639e-01
3.473011e-01
4.200657e-01
4.903348e-01
5.576610e-01
6.219409e-01
6.827444e-01
7.397101e-01
7.923388e-01
8.404584e-01
8.838796e-01
9.222927e-01
9.554223e-01
9.830446e-01
1.005160e+00
1.021664e+00
1.032231e+00
1.036930e+00
1.035811e+00
1.028772e+00
1.015864e+00
9.971741e-01
9.729594e-01
9.430826e-01
9.079050e-01
8.675300e-01
8.222500e-01
7.723922e-01
7.180597e-01
6.595451e-01
5.972960e-01
5.318973e-01
4.632976e-01
3.920303e-01
3.185429e-01
2.434722e-01
1.669730e-01
8.907981e-02
1.111777e-02
-6.675823e-02
-1.449096e-01
-2.217530e-01
-2.972368e-01
-3.713265e-01
-4.432478e-01
-5.126048e-01
-5.790532e-01
-6.422145e-01
-7.017789e-01
-7.572645e-01
-8.083786e-01
-8.550182e-01
-8.967873e-01
-9.334277e-01
-9.647502e-01
-9.905999e-01
-1.010856e+00
-1.025330e+00
-1.033969e+00
-1.036689e+00
-1.033660e+00
-1.024659e+00
-1.009858e+00
-9.892575e-01
-9.631497e-01
-9.315346e-01
-8.946188e-01
-8.524711e-01
-8.056078e-01
-7.542699e-01
-6.985090e-01
-6.387036e-01
-5.754046e-01
-5.088013e-01
-4.393067e-01
-3.672133e-01
-2.931752e-01
-2.176053e-01
-1.406415e-01
-6.235243e-02
1.486958e-02
9.339956e-02
1.712067e-01
2.475682e-01
3.225873e-01
3.960231e-01
4.672043e-01
5.354943e-01
6.008585e-01
6.629011e-01
7.211575e-01
7.752491e-01
8.249176e-01
8.699910e-01
9.100735e-01
9.449757e-01
9.743879e-01
9.984477e-01
1.016777e+00
1.029409e+00
1.036035e+00
1.036844e+00
1.031801e+00
1.020873e+00
1.004127e+00
9.816506e-01
9.536669e-01
9.203308e-01
8.815907e-01
8.378597e-01
7.894819e-01
7.366295e-01
6.794401e-01
6.184989e-01
5.540296e-01
4.865486e-01
4.160729e-01
3.432395e-01
2.686679e-01
1.925990e-01
1.152221e-01
3.651997e-02
-4.040947e-02
-1.189567e-01
-1.962991e-01
-2.722476e-01
-3.467504e-01
-4.194978e-01
-4.897669e-01
-5.572651e-01
-6.214418e-01
-6.823314e-01
-7.391766e-01
-7.918569e-01
-8.399593e-01
-8.834150e-01
-9.218108e-01
-9.549576e-01
-9.826143e-01
-1.004695e+00
-1.021217e+00
-1.031784e+00
-1.036413e+00
-1.035329e+00
-1.028273e+00
-1.015469e+00
-9.967439e-01
-9.724431e-01
-9.426179e-01
-9.074576e-01
-8.670309e-01
-8.217337e-01
-7.718931e-01
-7.175606e-01
-6.590288e-01
-5.968657e-01
-5.313122e-01
-4.627813e-01
-3.914968e-01
-3.180611e-01
-2.430419e-01
-1.664911e-01
-8.858072e-02
-1.068751e-02
6.720569e-02
1.454431e-01
2.222004e-01
2.977358e-01
3.717223e-01
4.437469e-01
5.130866e-01
5.794146e-01
6.425243e-01
7.021747e-01
7.576603e-01
8.088605e-01
8.554140e-01
8.972003e-01
9.338752e-01
9.651460e-01
9.910301e-01
1.011321e+00
1.025829e+00
1.034451e+00
1.037239e+00
1.034176e+00
1.025210e+00
1.010306e+00
9.898426e-01
9.636660e-01
9.320337e-01
8.950146e-01
8.530046e-01
8.061413e-01
7.547518e-01
6.990080e-01
6.392716e-01
5.758693e-01
5.093692e-01
4.398746e-01
3.677984e-01
2.936742e-01
2.180872e-01
1.412094e-01
6.273105e-02
-1.445654e-02
-9.291768e-02
-1.706904e-01
-2.470863e-01
-3.220538e-01
-3.955928e-01
-4.666880e-01
-5.350984e-01
-6.004799e-01
-6.624364e-01
-7.207101e-01
-7.747672e-01
-8.243497e-01
-8.694403e-01
-9.095572e-01
-9.444078e-01
-9.739232e-01
-9.979314e-01
-1.016329e+00
-1.028875e+00
-1.035536e+00
-1.036327e+00
-1.031267e+00
-1.020391e+00
-1.003611e+00
-9.811859e-01
-9.531505e-01
-9.197972e-01
-8.811088e-01
-8.374294e-01
-7.890516e-01
-7.362164e-01
-6.790098e-01
-6.179998e-01
-5.535133e-01
-4.859978e-01
-4.155566e-01
-3.427576e-01
-2.681688e-01
-1.921171e-01
-1.147230e-01
