4,136004e-02
1,199458e-01
1,971943e-01
2,731621e-01
3,477117e-01
4,204507e-01
4,906818e-01
5,580248e-01
6,223059e-01
6,830619e-01
7,399539e-01
7,925430e-01
8,406638e-01
8,840514e-01
9,224183e-01
9,555098e-01
9,831399e-01
1,005254e+00
1,021612e+00
1,032194e+00
1,036867e+00
1,035695e+00
1,028689e+00
1,015755e+00
9,970402e-01
9,727027e-01
9,428487e-01
9,076850e-01
8,672612e-01
8,219631e-01
7,720247e-01
7,176680e-01
6,591771e-01
5,969270e-01
5,314360e-01
4,628451e-01
3,915227e-01
3,180230e-01
2,429313e-01
1,664092e-01
8,857726e-02
1,066617e-02
-6,729483e-02
-1,455020e-01
-2,222564e-01
-2,977802e-01
-3,718410e-01
-4,437624e-01
-5,131467e-01
-5,794880e-01
-6,425763e-01
-7,021275e-01
-7,575840e-01
-8,087238e-01
-8,552474e-01
-8,970721e-01
-9,336697e-01
-9,649401e-01
-9,907648e-01
-1,011008e+00
-1,025467e+00
-1,034077e+00
-1,036772e+00
-1,033631e+00
-1,024676e+00
-1,009777e+00
-9,891554e-01
-9,629831e-01
-9,313323e-01
-8,943475e-01
-8,522560e-01
-8,054054e-01
-7,539489e-01
-6,981980e-01
-6,383594e-01
-5,750456e-01
-5,085047e-01
-4,389758e-01
-3,668754e-01
-2,927922e-01
-2,172047e-01
-1,402248e-01
-6,195744e-02
1,530304e-02
9,386645e-02
1,716605e-01
2,480036e-01
3,230093e-01
3,964556e-01
4,675939e-01
5,359145e-01
6,012231e-01
6,631805e-01
7,214770e-01
7,754654e-01
8,251232e-01
8,701339e-01
9,102375e-01
9,450828e-01
9,745271e-01
9,985325e-01
1,016813e+00
1,029352e+00
1,035956e+00
1,036762e+00
1,031681e+00
1,020719e+00
1,003934e+00
9,814239e-01
9,534168e-01
9,199656e-01
8,812648e-01
8,374831e-01
7,892056e-01
7,361966e-01
6,791015e-01
6,180563e-01
5,536238e-01
4,860570e-01
4,156227e-01
3,427754e-01
2,681345e-01
1,920875e-01
1,146738e-01
3,605707e-02
-4,096072e-02
-1,195517e-01
-1,967984e-01
-2,727662e-01
-3,473795e-01
-4,200668e-01
-4,903101e-01
-5,576204e-01
-6,219289e-01
-6,826626e-01
-7,396200e-01
-7,921591e-01
-8,402679e-01
-8,836658e-01
-9,221119e-01
-9,551380e-01
-9,827888e-01
-1,004925e+00
-1,021367e+00
-1,031868e+00
-1,036481e+00
-1,035366e+00
-1,028309e+00
-1,015362e+00
-9,966495e-01
-9,722947e-01
-9,424924e-01
-9,072374e-01
-8,668619e-01
-8,215569e-01
-7,716134e-01
-7,172050e-01
-6,587296e-01
-5,965294e-01
-5,310332e-01
-4,624974e-01
-3,911510e-01
-3,176530e-01
-2,425578e-01
-1,660512e-01
-8,818827e-02
-1,028063e-02
6,768553e-02
1,458273e-01
2,226333e-01
2,981898e-01
3,721594e-01
4,441290e-01
5,134221e-01
5,797995e-01
6,429859e-01
7,024786e-01
7,579764e-01
8,090353e-01
8,556742e-01
8,974267e-01
9,340449e-01
9,653136e-01
9,911090e-01
1,011357e+00
1,025867e+00
1,034424e+00
1,037127e+00
1,034025e+00
1,025021e+00
1,010190e+00
9,895496e-01
9,633257e-01
9,317746e-01
8,947812e-01
8,526295e-01
8,057943e-01
7,543826e-01
6,986180e-01
6,388051e-01
5,754518e-01
5,088730e-01
4,393217e-01
3,672661e-01
2,932036e-01
2,176126e-01
1,406362e-01
6,234470e-02
-1,495192e-02
-9,340690e-02
-1,711562e-01
-2,476318e-01
-3,226066e-01
-3,960667e-01
-4,672083e-01
-5,355187e-01
-6,008599e-01
-6,628294e-01
-7,210846e-01
-7,751624e-01
-8,247084e-01
-8,697552e-01
-9,098588e-01
-9,447420e-01
-9,743051e-01
-9,981486e-01
-1,016462e+00
-1,028960e+00
-1,035595e+00
-1,036386e+00
-1,031349e+00
-1,020347e+00
-1,003593e+00
-9,810624e-01
-9,530347e-01
-9,196128e-01
-8,808741e-01
-8,371664e-01
-7,887237e-01
-7,358093e-01
-6,786677e-01
-6,176656e-01
-5,532055e-01
-4,856680e-01
-4,151993e-01
-3,423881e-01
-2,677438e-01
-1,917261e-01
-1,142814e-01
-3,569218e-02
4,136864e-02
1,198925e-01
1,971856e-01
2,730571e-01
3,476618e-01
4,204162e-01
4,906371e-01
5,579939e-01
6,222198e-01
6,830585e-01
7,399057e-01
7,925344e-01
8,406053e-01
8,840342e-01
9,224114e-01
9,555063e-01
9,831244e-01
1,005252e+00
1,021662e+00
1,032201e+00
1,036896e+00
1,035707e+00
1,028708e+00
1,015796e+00
9,970746e-01
9,727027e-01
9,429313e-01
9,076850e-01
8,672268e-01
8,219545e-01
7,720213e-01
7,176577e-01
6,591891e-01
5,969391e-01
5,314618e-01
4,628916e-01
3,915296e-01
3,180506e-01
2,429536e-01
1,664832e-01
8,857381e-02
1,064896e-02
-6,728278e-02
-1,454228e-01
-2,222719e-01
-2,977716e-01
-3,717584e-01
-4,437469e-01
-5,130211e-01
-5,793968e-01
-6,425849e-01
-7,021395e-01
-7,575702e-01
-8,087496e-01
-8,552577e-01
-8,970618e-01
-9,336645e-01
-9,649229e-01
-9,907665e-01
-1,011027e+00
-1,025447e+00
-1,034044e+00
-1,036744e+00
-1,033645e+00
-1,024648e+00
-1,009767e+00
-9,891916e-01
-9,629883e-01
-9,313805e-01
-8,943837e-01
-8,523145e-01
-8,054484e-01
-7,540470e-01
-6,982204e-01
-6,384299e-01
-5,750611e-01
-5,085219e-01
-4,390153e-01
-3,668702e-01
-2,927733e-01
-2,172632e-01
-1,402575e-01
-6,196260e-02
1,528583e-02
9,385785e-02
1,715710e-01
2,479227e-01
3,229646e-01
3,963644e-01
4,675336e-01
5,358818e-01
6,011594e-01
6,631633e-01
7,214409e-01
7,754430e-01
8,250974e-01
8,700874e-01
9,101703e-01
9,450346e-01
9,745254e-01
9,984998e-01
1,016827e+00
1,029330e+00
1,035954e+00
1,036724e+00
1,031684e+00
1,020756e+00
1,003928e+00
9,814652e-01
9,534202e-01
9,200775e-01
8,812751e-01
8,376414e-01
7,891987e-01
7,363050e-01
6,790929e-01
6,181182e-01
5,536307e-01
4,860897e-01
4,156021e-01
3,427668e-01
2,681397e-01
1,921323e-01
1,146911e-01
3,610354e-02
-4,089704e-02
-1,195190e-01
-1,967984e-01
-2,726802e-01
-3,472952e-01
-4,200255e-01
-4,902292e-01
-5,576496e-01
-6,219444e-01
-6,826557e-01
-7,395821e-01
-7,921781e-01
-8,402524e-01
-8,836658e-01
-9,220706e-01
-9,551139e-01
-9,827802e-01
-1,004844e+00
-1,021259e+00
-1,031817e+00
-1,036476e+00
-1,035333e+00
-1,028256e+00
-1,015414e+00
-9,966839e-01
-9,723137e-01
-9,424821e-01
-9,073476e-01
-8,669015e-01
-8,215569e-01
-7,716306e-01
-7,172859e-01
-6,587760e-01
-5,966034e-01
-5,310487e-01
-4,625577e-01
-3,911768e-01
-3,177356e-01
-2,426300e-01
-1,660787e-01
-8,820720e-02
-1,030817e-02
6,764767e-02
1,458221e-01
2,226351e-01
2,981365e-01
3,720957e-01
4,441100e-01
5,134152e-01
5,797978e-01
6,428723e-01
7,024407e-01
7,579196e-01
8,090078e-01
8,556329e-01
8,973802e-01
9,340294e-01
9,652981e-01
9,911279e-01
1,011302e+00
1,025830e+00
1,034445e+00
1,037121e+00
1,034013e+00
1,025071e+00
1,010156e+00
9,895685e-01
9,633515e-01
9,317798e-01
8,947812e-01
8,526811e-01
8,057943e-01
7,544463e-01
6,986163e-01
6,388413e-01
5,755568e-01
5,089522e-01
4,394319e-01
3,673367e-01
2,932001e-01
2,176367e-01
1,406895e-01
6,239978e-02
-1,487791e-02
-9,340001e-02
-1,711510e-01
-2,475526e-01
-3,225721e-01
-3,959668e-01
-4,671928e-01
-5,354791e-01
-6,008565e-01
-6,628432e-01
-7,210674e-01
-7,751332e-01
-8,247119e-01
-8,697277e-01
-9,098450e-01
-9,447093e-01
-9,741639e-01
-9,981504e-01
-1,016465e+00
-1,028970e+00
-1,035588e+00
-1,036374e+00
-1,031290e+00
-1,020352e+00
-1,003503e+00
-9,810229e-01
-9,530553e-01
-9,196558e-01
-8,809051e-01
-8,372283e-01
-7,887581e-01
-7,358678e-01
-6,787779e-01
-6,177138e-01
-5,532658e-01
-4,856697e-01
-4,152492e-01
-3,424225e-01
-2,678075e-01
-1,917536e-01
-1,143382e-01
-3,574554e-02
4,128775e-02
1,198615e-01
1,971667e-01
2,730313e-01
3,476377e-01
4,203646e-01
4,906199e-01
5,579130e-01
6,221837e-01
6,830017e-01
7,398971e-01
7,924930e-01
8,405932e-01
8,840273e-01
9,224252e-01
9,554736e-01
9,831261e-01
1,005219e+00
1,021658e+00
1,032232e+00
1,036886e+00
1,035744e+00
1,028677e+00
1,015827e+00
9,970454e-01
9,727233e-01
9,429486e-01
9,077056e-01
8,672647e-01
8,219649e-01
7,720798e-01
7,177025e-01
6,591736e-01
5,969597e-01
5,314876e-01
4,629398e-01
3,916019e-01
3,180902e-01
2,430345e-01
1,664918e-01
8,864438e-02
1,074707e-02
-6,722770e-02
-1,453866e-01
-2,222168e-01
-2,977114e-01
-3,717653e-01
-4,436901e-01
-5,130107e-01
-5,793968e-01
-6,425642e-01
-7,021017e-01
-7,575720e-01
-8,086739e-01
-8,552250e-01
-8,970050e-01
-9,336524e-01
-9,649246e-01
-9,907751e-01
-1,010999e+00
-1,025498e+00
-1,033992e+00
-1,036760e+00
-1,033681e+00
-1,024663e+00
-1,009791e+00
-9,891589e-01
-9,630279e-01
-9,314132e-01
-8,943785e-01
-8,522835e-01
-8,054381e-01
-7,540693e-01
-6,982634e-01
-6,384712e-01
-5,751076e-01
-5,085907e-01
-4,390463e-01
-3,669511e-01
-2,928507e-01
-2,172891e-01
-1,403040e-01
-6,205726e-02
1,525829e-02
9,379761e-02
1,715555e-01
2,478951e-01
3,229387e-01
3,963472e-01
4,674665e-01
5,357854e-01
6,011697e-01
6,631323e-01
7,213755e-01
7,753914e-01
8,250355e-01
8,700668e-01
9,101290e-01
9,450432e-01
9,745116e-01
9,984894e-01
1,016815e+00
1,029385e+00
1,035984e+00
1,036756e+00
1,031679e+00
1,020811e+00
1,003966e+00
9,814411e-01
9,534030e-01
9,200327e-01
8,813595e-01
8,376018e-01
7,892159e-01
7,362585e-01
6,791893e-01
6,181251e-01
5,537081e-01
4,861069e-01
4,156761e-01
3,427891e-01
2,681621e-01
1,921839e-01
1,147341e-01
3,613108e-02
-4,093146e-02
-1,194863e-01
-1,967829e-01
-2,726733e-01
-3,472539e-01
-4,200066e-01
-4,902446e-01
-5,576083e-01
-6,218446e-01
-6,826334e-01
-7,395494e-01
-7,921402e-01
-8,402369e-01
-8,836125e-01
-9,220207e-01
-9,551173e-01
-9,827199e-01
-1,004863e+00
-1,021345e+00
-1,031853e+00
-1,036519e+00
-1,035343e+00
-1,028321e+00
-1,015416e+00
-9,967235e-01
-9,723808e-01
-9,425338e-01
-9,073115e-01
-8,669291e-01
-8,216103e-01
-7,716943e-01
-7,173152e-01
-6,588483e-01
-5,965948e-01
-5,311400e-01
-4,625766e-01
-3,912043e-01
-3,176943e-01
-2,426421e-01
-1,661235e-01
-8,822958e-02
-1,039767e-02
6,761497e-02
1,457343e-01
2,225748e-01
2,980780e-01
3,721147e-01
4,440498e-01
5,133911e-01
5,797272e-01
6,428620e-01
7,023960e-01
7,578938e-01
8,090302e-01
8,555830e-01
8,973888e-01
9,339984e-01
9,652671e-01
9,910763e-01
1,011316e+00
1,025815e+00
1,034349e+00
1,037137e+00
1,034070e+00
1,025058e+00
1,010190e+00
9,895651e-01
9,633601e-01
9,317781e-01
8,948226e-01
8,527207e-01
8,058443e-01
7,544205e-01
6,986937e-01
6,388878e-01
5,754897e-01
5,089574e-01
4,394439e-01
3,673625e-01
2,931984e-01
2,176591e-01
1,407360e-01
6,239462e-02
-1,490545e-02
-9,336731e-02
-1,711338e-01
-2,474924e-01
-3,225360e-01
-3,959772e-01
-4,671292e-01
-5,354894e-01
-6,007945e-01
-6,628570e-01
-7,210450e-01
-7,751297e-01
-8,247119e-01
-8,697518e-01
-9,098123e-01
-9,446577e-01
-9,741244e-01
-9,980987e-01
-1,016484e+00
-1,028961e+00
-1,035591e+00
-1,036343e+00
-1,031326e+00
-1,020357e+00
-1,003572e+00
-9,810642e-01
-9,530898e-01
-9,197126e-01
-8,809343e-01
-8,372318e-01
-7,888493e-01
-7,359281e-01
-6,787452e-01
-6,177671e-01
-5,533071e-01
-4,857472e-01
-4,152888e-01
-3,424931e-01
-2,678850e-01
-1,917863e-01
-1,143296e-01
-3,581094e-02
4,126021e-02
1,197737e-01
1,970996e-01
2,730193e-01
3,476188e-01
4,203388e-01
4,905579e-01
5,579526e-01
6,221716e-01
6,830172e-01
7,398283e-01
7,924862e-01
8,405640e-01
8,840066e-01
9,223546e-01
9,554839e-01
9,830952e-01
1,005228e+00
1,021624e+00
1,032197e+00
1,036867e+00
1,035693e+00
1,028707e+00
1,015772e+00
9,970660e-01
9,727319e-01
9,429313e-01
9,076729e-01
8,672871e-01
8,219804e-01
7,721073e-01
7,177541e-01
6,592580e-01
5,970131e-01
5,314584e-01
4,629467e-01
3,916157e-01
3,181418e-01
2,430122e-01
1,665417e-01
8,867709e-02
1,073674e-02
-6,716057e-02
-1,453006e-01
-2,221738e-01
-2,976494e-01
-3,717033e-01
-4,436849e-01
-5,130021e-01
-5,793830e-01
-6,425108e-01
-7,020345e-01
-7,575565e-01
-8,086722e-01
-8,552147e-01
-8,970274e-01
-9,336542e-01
-9,649401e-01
-9,907510e-01
-1,010983e+00
-1,025466e+00
-1,034034e+00
-1,036769e+00
-1,033641e+00
-1,024665e+00
-1,009779e+00
-9,892277e-01
-9,630003e-01
-9,314201e-01
-8,944009e-01
-8,523386e-01
-8,054639e-01
-7,540728e-01
-6,982737e-01
-6,385108e-01
-5,751455e-01
-5,086097e-01
-4,391066e-01
-3,669528e-01
-2,929024e-01
-2,173097e-01
-1,403711e-01
-6,205726e-02
1,520665e-02
9,373564e-02
1,714540e-01
2,478383e-01
3,228768e-01
3,963093e-01
4,674734e-01
5,357424e-01
6,011422e-01
6,630790e-01
7,213548e-01
7,754120e-01
8,250578e-01
8,700478e-01
9,101514e-01
9,450071e-01
9,744996e-01
9,984567e-01
1,016837e+00
1,029343e+00
1,035991e+00
1,036708e+00
1,031691e+00
1,020770e+00
1,003949e+00
9,814721e-01
9,534633e-01
9,200620e-01
8,813078e-01
8,376276e-01
7,892004e-01
7,363171e-01
6,792082e-01
6,181251e-01
5,537081e-01
4,861586e-01
4,157243e-01
3,428907e-01
2,682499e-01
1,922149e-01
1,148098e-01
3,618788e-02
-4,081786e-02
-1,194415e-01
-1,967072e-01
-2,726268e-01
-3,472332e-01
-4,199464e-01
-4,901758e-01
-5,575429e-01
-6,217964e-01
-6,826041e-01
-7,394617e-01
-7,921041e-01
-8,402060e-01
-8,836004e-01
-9,220723e-01
-9,550829e-01
-9,827544e-01
-1,004863e+00
-1,021297e+00
-1,031860e+00
-1,036503e+00
-1,035376e+00
-1,028333e+00
-1,015455e+00
-9,966581e-01
-9,723550e-01
-9,425475e-01
-9,073304e-01
-8,668946e-01
-8,215948e-01
-7,717132e-01
-7,173789e-01
-6,587537e-01
-5,966052e-01
-5,311296e-01
-4,625749e-01
-3,912405e-01
-3,177700e-01
-2,426593e-01
-1,661716e-01
-8,826744e-02
-1,037185e-02
6,753751e-02
1,457205e-01
2,225232e-01
2,980504e-01
3,720493e-01
4,440309e-01
5,133378e-01
5,797169e-01
6,427983e-01
7,024080e-01
7,578611e-01
8,089803e-01
8,555589e-01
8,972976e-01
9,339691e-01
9,651725e-01
9,911262e-01
1,011304e+00
1,025853e+00
1,034402e+00
1,037127e+00
1,034011e+00
1,025064e+00
1,010245e+00
9,895978e-01
9,634152e-01
9,318142e-01
8,948088e-01
8,527534e-01
8,058787e-01
7,544755e-01
6,986972e-01
6,389411e-01
5,756239e-01
5,090830e-01
4,395506e-01
3,673590e-01
2,933155e-01
2,177039e-01
1,407343e-01
6,243592e-02
-1,481767e-02
-9,332084e-02
-1,710598e-01
-2,474855e-01
-3,225463e-01
-3,959376e-01
-4,670569e-01
-5,354481e-01
-6,008100e-01
-6,627606e-01
-7,209796e-01
-7,750729e-01
-8,246585e-01
-8,697036e-01
-9,098227e-01
-9,446680e-01
-9,741278e-01
-9,981521e-01
-1,016447e+00
-1,028970e+00
-1,035610e+00
-1,036378e+00
-1,031345e+00
-1,020388e+00
-1,003565e+00
-9,810986e-01
-9,531018e-01
-9,196678e-01
-8,809447e-01
-8,372473e-01
-7,888510e-01
-7,359418e-01
-6,787693e-01
-6,177465e-01
-5,533467e-01
-4,857610e-01
-4,153215e-01
-3,425224e-01
-2,678471e-01
-1,918069e-01
-1,144208e-01
-3,580578e-02
4,123955e-02
1,197961e-01
1,970669e-01
2,730296e-01
3,475723e-01
4,202958e-01
4,905648e-01
5,578992e-01
6,221888e-01
6,829294e-01
7,398334e-01
7,924724e-01
8,405605e-01
8,839653e-01
9,223976e-01
9,554254e-01
9,830590e-01
1,005173e+00
1,021589e+00
1,032164e+00
1,036860e+00
1,035743e+00
1,028700e+00
1,015784e+00
9,971022e-01
9,727663e-01
9,429055e-01
9,077383e-01
8,673060e-01
8,220423e-01
7,721056e-01
7,177438e-01
6,592425e-01
5,970561e-01
5,315548e-01
4,629467e-01
3,916880e-01
3,182003e-01
2,431034e-01
1,665710e-01
8,873044e-02
1,075223e-02
-6,720360e-02
-1,452765e-01
-2,221996e-01
-2,976356e-01
-3,716844e-01
-4,437038e-01
-5,130193e-01
-5,793503e-01
-6,424988e-01
-7,020431e-01
-7,575306e-01
-8,086343e-01
-8,552698e-01
-8,969826e-01
-9,336318e-01
-9,649109e-01
-9,907303e-01
-1,010954e+00
-1,025476e+00
-1,034068e+00
-1,036703e+00
-1,033700e+00
-1,024722e+00
-1,009803e+00
-9,892019e-01
-9,629986e-01
-9,313874e-01
-8,944267e-01
-8,523988e-01
-8,055172e-01
-7,541089e-01
-6,983047e-01
-6,385504e-01
-5,751919e-01
-5,086424e-01
-4,391083e-01
-3,670217e-01
-2,929161e-01
-2,173373e-01
-1,404090e-01
-6,209857e-02
1,518256e-02
9,371499e-02
1,714213e-01
2,477936e-01
3,228802e-01
3,963007e-01
4,674028e-01
5,357923e-01
6,010751e-01
6,630755e-01
7,213324e-01
7,753724e-01
8,250286e-01
8,700306e-01
9,101411e-01
9,449933e-01
9,744961e-01
9,984825e-01
1,016753e+00
1,029392e+00
1,035979e+00
1,036724e+00
1,031720e+00
1,020751e+00
1,003983e+00
9,815013e-01
9,534702e-01
9,200620e-01
8,813354e-01
8,376087e-01
7,892830e-01
7,363515e-01
6,792254e-01
6,181957e-01
5,537598e-01
4,861999e-01
4,157415e-01
3,428821e-01
2,682671e-01
1,922665e-01
1,148477e-01
3,623435e-02
-4,083335e-02
-1,193744e-01
-1,966607e-01
-2,726131e-01
-3,471455e-01
-4,198878e-01
-4,901551e-01
-5,575429e-01
-6,217964e-01
-6,826058e-01
-7,394341e-01
-7,920782e-01
-8,401836e-01
-8,836194e-01
-9,219880e-01
-9,551277e-01
-9,827406e-01
-1,004858e+00
-1,021243e+00
-1,031839e+00
-1,036485e+00
-1,035347e+00
-1,028312e+00
-1,015410e+00
-9,967046e-01
-9,723911e-01
-9,425992e-01
-9,073717e-01
-8,669445e-01
-8,216172e-01
-7,717493e-01
-7,173686e-01
-6,588896e-01
-5,966637e-01
-5,311709e-01
-4,626558e-01
-3,913145e-01
-3,178165e-01
-2,427264e-01
-1,662216e-01
-8,833113e-02
-1,045791e-02
6,752030e-02
1,456672e-01
2,224578e-01
2,979437e-01
3,720028e-01
4,439947e-01
5,132758e-01
5,796136e-01
6,427948e-01
7,023530e-01
7,578439e-01
8,089906e-01
8,555211e-01
8,973269e-01
9,339537e-01
9,652568e-01
9,910797e-01
1,011323e+00
1,025813e+00
1,034421e+00
1,037097e+00
1,034044e+00
1,025063e+00
1,010207e+00
9,895806e-01
9,634065e-01
9,318022e-01
8,948071e-01
8,527293e-01
8,058752e-01
7,545255e-01
6,987385e-01
6,389514e-01
5,755740e-01
5,090193e-01
4,395179e-01
3,673763e-01
2,933189e-01
2,177934e-01
1,408066e-01
6,249617e-02
-1,475570e-02
-9,330363e-02
-1,710598e-01
-2,474476e-01
-3,224430e-01
-3,959238e-01
-4,670276e-01
-5,353775e-01
-6,007722e-01
-6,627261e-01
-7,209813e-01
-7,750420e-01
-8,246688e-01
-8,696416e-01
-9,097814e-01
-9,446353e-01
-9,741089e-01
-9,981176e-01
-1,016450e+00
-1,028961e+00
-1,035586e+00
-1,036388e+00
-1,031328e+00
-1,020393e+00
-1,003594e+00
-9,811158e-01
-9,531276e-01
-9,196954e-01
-8,809825e-01
-8,372765e-01
-7,888304e-01
-7,359797e-01
-6,788227e-01
-6,178342e-01
-5,533759e-01
-4,858453e-01
-4,153542e-01
-3,425568e-01
-2,679211e-01
-1,918500e-01
-1,144484e-01
-3,584881e-02
4,118620e-02
1,196790e-01
1,970290e-01
2,729607e-01
3,475310e-01
4,202854e-01
4,905200e-01
5,578923e-01
6,220942e-01
6,829173e-01
7,397818e-01
7,924104e-01
8,405227e-01
8,839550e-01
9,223202e-01
9,554323e-01
9,831330e-01
1,005199e+00
1,021612e+00
1,032233e+00
1,036868e+00
1,035705e+00
1,028708e+00
1,015836e+00
9,970918e-01
9,727508e-01
9,429520e-01
9,077659e-01
8,673284e-01
8,220423e-01
7,721314e-01
7,177937e-01
6,592821e-01
5,970716e-01
5,315840e-01
4,630327e-01
3,917086e-01
3,181952e-01
2,431344e-01
1,665864e-01
8,874765e-02
1,081419e-02
-6,711238e-02
-1,452748e-01
-2,221170e-01
-2,975892e-01
-3,716310e-01
-4,435765e-01
-5,129350e-01
-5,792883e-01
-6,424523e-01
-7,019949e-01
-7,574807e-01
-8,086068e-01
-8,551665e-01
-8,969241e-01
-9,335750e-01
-9,649453e-01
-9,907338e-01
-1,010946e+00
-1,025443e+00
-1,034070e+00
-1,036784e+00
-1,033664e+00
-1,024689e+00
-1,009810e+00
-9,892449e-01
-9,630485e-01
-9,314665e-01
-8,944783e-01
-8,523971e-01
-8,055190e-01
-7,541313e-01
-6,983632e-01
-6,385797e-01
-5,752040e-01
-5,086854e-01
-4,391427e-01
-3,670441e-01
-2,929764e-01
-2,174285e-01
-1,404210e-01
-6,214504e-02
1,517567e-02
9,367196e-02
1,714230e-01
2,477678e-01
3,227907e-01
3,962319e-01
4,674183e-01
5,357493e-01
6,010510e-01
6,630721e-01
7,212739e-01
7,753810e-01
8,249787e-01
8,699842e-01
9,101153e-01
9,450002e-01
9,745013e-01
9,984877e-01
1,016780e+00
1,029300e+00
1,035954e+00
1,036748e+00
1,031688e+00
1,020799e+00
1,003983e+00
9,815168e-01
9,534495e-01
9,201085e-01
8,813491e-01
8,376603e-01
7,893037e-01
7,363618e-01
6,792581e-01
6,182232e-01
5,537649e-01
4,861981e-01
4,157518e-01
3,429182e-01
2,683514e-01
1,923336e-01
1,148873e-01
3,623435e-02
-4,077828e-02
-1,193658e-01
-1,966349e-01
-2,725459e-01
-3,471283e-01
-4,198913e-01
-4,901844e-01
-5,575274e-01
-6,217792e-01
-6,825404e-01
-7,394978e-01
-7,920696e-01
-8,401406e-01
-8,835677e-01
-9,219501e-01
-9,550209e-01
-9,827182e-01
-1,004842e+00
-1,021269e+00
-1,031830e+00
-1,036516e+00
-1,035314e+00
-1,028347e+00
-1,015409e+00
-9,966942e-01
-9,723842e-01
-9,426026e-01
-9,073958e-01
-8,669686e-01
-8,216809e-01
-7,717597e-01
-7,174236e-01
-6,589292e-01
-5,966998e-01
-5,311985e-01
-4,626575e-01
-3,913472e-01
-3,178544e-01
-2,427712e-01
-1,662302e-01
-8,835867e-02
-1,045275e-02
6,745317e-02
1,456362e-01
2,224733e-01
2,979575e-01
3,720166e-01
4,439672e-01
5,132741e-01
5,796154e-01
6,427742e-01
7,023616e-01
7,578095e-01
8,089596e-01
8,555400e-01
8,973217e-01
9,339640e-01
9,652362e-01
9,910935e-01
1,011307e+00
1,025825e+00
1,034440e+00
1,037121e+00
1,034056e+00
1,025073e+00
1,010181e+00
9,896219e-01
9,634410e-01
9,318469e-01
8,948363e-01
8,527104e-01
8,059303e-01
7,545306e-01
6,987522e-01
6,389704e-01
5,756498e-01
5,091054e-01
4,395558e-01
3,674451e-01
2,933327e-01
2,178157e-01
1,408324e-01
6,258739e-02
-1,475398e-02
-9,325715e-02
-1,709875e-01
-2,474046e-01
-3,224000e-01
-3,958842e-01
-4,670293e-01
-5,353586e-01
-6,006792e-01
-6,626693e-01
-7,209383e-01
-7,749559e-01
-8,246017e-01
-8,696038e-01
-9,097383e-01
-9,446284e-01
-9,741089e-01
-9,980936e-01
-1,016417e+00
-1,028965e+00
-1,035567e+00
-1,036385e+00
-1,031297e+00
-1,020343e+00
-1,003588e+00
-9,811072e-01
-9,530967e-01
-9,197057e-01
-8,809894e-01
-8,372731e-01
-7,888837e-01
-7,360193e-01
-6,788708e-01
-6,178360e-01
-5,534258e-01
-4,858608e-01
-4,153938e-01
-3,425533e-01
-2,679383e-01
-1,919274e-01
-1,144880e-01
-3,589011e-02
4,116038e-02
1,197049e-01
1,969912e-01
2,729315e-01
3,474415e-01
4,202217e-01
4,904443e-01
5,578304e-01
6,220976e-01
6,828588e-01
7,397784e-01
7,924001e-01
8,405175e-01
8,839309e-01
9,223099e-01
9,554013e-01
9,830607e-01
1,005195e+00
1,021614e+00
1,032218e+00
1,036898e+00
1,035689e+00
1,028727e+00
1,015839e+00
9,971314e-01
9,727646e-01
9,429847e-01
9,077521e-01
8,674024e-01
8,220354e-01
7,721400e-01
7,177937e-01
6,593062e-01
5,970923e-01
5,316408e-01
4,630586e-01
3,917534e-01
3,182606e-01
2,431516e-01
1,666708e-01
8,880445e-02
1,091574e-02
-6,710894e-02
-1,451939e-01
-2,220757e-01
-2,975255e-01
-3,715914e-01
-4,435868e-01
-5,128954e-01
-5,792952e-01
-6,423886e-01
-7,019399e-01
-7,574153e-01
-8,086033e-01
-8,551252e-01
-8,969517e-01
-9,336060e-01
-9,648713e-01
-9,907097e-01
-1,010939e+00
-1,025435e+00
-1,034003e+00
-1,036731e+00
-1,033708e+00
-1,024698e+00
-1,009827e+00
-9,892587e-01
-9,630537e-01
-9,314786e-01
-8,944904e-01
-8,524126e-01
-8,055413e-01
-7,541485e-01
-6,983495e-01
-6,385969e-01
-5,752315e-01
-5,087508e-01
-4,392064e-01
-3,671095e-01
-2,929712e-01
-2,173958e-01
-1,404279e-01
-6,218635e-02
1,507068e-02
9,363409e-02
1,713472e-01
2,477041e-01
3,227976e-01
3,962164e-01
4,673495e-01
5,356873e-01
6,010217e-01
6,630446e-01
7,212636e-01
7,753139e-01
8,249287e-01
8,699756e-01
9,100688e-01
9,449606e-01
9,744462e-01
9,984343e-01
1,016760e+00
1,029307e+00
1,035991e+00
1,036744e+00
1,031724e+00
1,020798e+00
1,003992e+00
9,815461e-01
9,535132e-01
9,201016e-01
8,814077e-01
8,376810e-01
7,893123e-01
7,364341e-01
6,793046e-01
6,182663e-01
5,537787e-01
4,862412e-01
4,157690e-01
3,429716e-01
2,683979e-01
1,923061e-01
1,148873e-01
3,625673e-02
-4,074385e-02
-1,193038e-01
-1,965850e-01
-2,724685e-01
-3,471024e-01
-4,198414e-01
-4,900794e-01
-5,574861e-01
-6,217327e-01
-6,825352e-01
-7,394255e-01
-7,920386e-01
-8,401664e-01
-8,835488e-01
-9,219966e-01
-9,550123e-01
-9,827199e-01
-1,004813e+00
-1,021266e+00
-1,031803e+00
-1,036502e+00
-1,035364e+00
-1,028297e+00
-1,015414e+00
-9,967682e-01
-9,724548e-01
-9,426112e-01
-9,074027e-01
-8,669583e-01
-8,216981e-01
-7,717855e-01
-7,174288e-01
-6,588914e-01
-5,967515e-01
-5,312398e-01
-4,626919e-01
-3,913730e-01
-3,179026e-01
-2,427729e-01
-1,663179e-01
-8,843784e-02
-1,053020e-02
6,742219e-02
1,455656e-01
2,224371e-01
2,979282e-01
3,719512e-01
4,439603e-01
5,132345e-01
5,795878e-01
6,427449e-01
7,021963e-01
7,575152e-01
8,085586e-01
8,550236e-01
8,966728e-01
9,331757e-01
9,642620e-01
9,899661e-01
1,010023e+00
1,024416e+00
1,032830e+00
1,035450e+00
1,032161e+00
1,023159e+00
1,008164e+00
9,875203e-01
9,612447e-01
9,295870e-01
8,925764e-01
8,505279e-01
8,036721e-01
7,522604e-01
6,966489e-01
6,368671e-01
5,737461e-01
5,073790e-01
4,379671e-01
3,660750e-01
2,922604e-01
2,169431e-01
1,403246e-01
6,229307e-02
-1,458014e-02
-9,279071e-02
-1,701837e-01
-2,461791e-01
-3,207718e-01
-3,937999e-01
-4,645629e-01
-5,324928e-01
-5,974313e-01
-6,589413e-01
-7,167627e-01
-7,704068e-01
-8,196017e-01
-8,642492e-01
-9,039965e-01
-9,385234e-01
-9,676837e-01
-9,913362e-01
-1,009455e+00
-1,021767e+00
-1,028194e+00
-1,028894e+00
-1,023756e+00
-1,012736e+00
-9,958904e-01
-9,735013e-01
-9,455837e-01
-9,124027e-01
-8,738293e-01
-8,303728e-01
-7,822606e-01
-7,297542e-01
-6,730102e-01
-6,124435e-01
-5,484843e-01
-4,814597e-01
-4,116193e-01
-3,394225e-01
-2,654805e-01
-1,901064e-01
-1,134208e-01
-3,556137e-02
4,063197e-02
1,184122e-01
1,949016e-01
2,699883e-01
3,437874e-01
4,156933e-01
4,850949e-01
5,516634e-01
6,150855e-01
6,751737e-01
7,312946e-01
7,832417e-01
8,306741e-01
8,734954e-01
9,113287e-01
9,438419e-01
9,710813e-01
9,928044e-01
1,008873e+00
1,019200e+00
1,023662e+00
1,022416e+00
1,015326e+00
1,002527e+00
9,838576e-01
9,597198e-01
9,302428e-01
8,953664e-01
8,554298e-01
8,106274e-01
7,613603e-01
7,076508e-01
6,499119e-01
5,885122e-01
5,238817e-01
4,562358e-01
3,859168e-01
3,134826e-01
2,395181e-01
1,641062e-01
8,740341e-02
1,071264e-02
-6,599533e-02
-1,429253e-01
-2,184870e-01
-2,927612e-01
-3,655828e-01
-4,362769e-01
-5,044754e-01
-5,696549e-01
-6,316416e-01
-6,901067e-01
-7,446132e-01
-7,947082e-01
-8,403678e-01
-8,813474e-01
-9,172496e-01
-9,478866e-01
-9,731278e-01
-9,928508e-01
-1,006939e+00
-1,015238e+00
-1,017780e+00
-1,014593e+00
-1,005705e+00
-9,910247e-01
-9,706114e-01
-9,447954e-01
-9,136540e-01
-8,773198e-01
-8,359460e-01
-7,898906e-01
-7,393429e-01
-6,845852e-01
-6,258722e-01
-5,637375e-01
-4,984564e-01
-4,303268e-01
-3,596309e-01
-2,870228e-01
-2,129396e-01
-1,375294e-01
-6,092128e-02
1,469718e-02
9,155490e-02
1,675865e-01
2,423047e-01
3,157356e-01
3,874728e-01
4,570258e-01
5,238232e-01
5,876154e-01
6,481873e-01
7,049846e-01
7,577802e-01
8,061541e-01
8,500546e-01
8,890824e-01
9,230741e-01
9,517404e-01
9,750469e-01
9,928353e-01
1,004968e+00
1,011273e+00
1,011930e+00
1,006865e+00
9,960660e-01
9,795185e-01
9,574736e-01
9,300621e-01
8,973234e-01
8,594505e-01
8,167118e-01
7,695084e-01
7,178057e-01
6,620600e-01
6,024400e-01
5,395617e-01
4,736576e-01
4,050254e-01
3,340266e-01
2,613066e-01
1,872441e-01
1,118236e-01
3,535311e-02
-3,961648e-02
-1,160818e-01
-1,912407e-01
-2,650743e-01
-3,376376e-01
-4,083198e-01
-4,765991e-01
-5,420953e-01
-6,044348e-01
-6,634594e-01
-7,186887e-01
-7,696822e-01
-8,163263e-01
-8,584333e-01
-8,955816e-01
-9,276404e-01
-9,543497e-01
-9,757474e-01
-9,915531e-01
-1,001650e+00
-1,006047e+00
-1,004822e+00
-9,978939e-01
-9,852621e-01
-9,669728e-01
-9,432222e-01
-9,141996e-01
-8,799171e-01
-8,405984e-01
-7,965636e-01
-7,481106e-01
-6,953168e-01
-6,385745e-01
-5,782247e-01
-5,146872e-01
-4,482495e-01
-3,790683e-01
-3,078250e-01
-2,351102e-01
-1,610391e-01
-8,560305e-02
-1,025309e-02
6,513130e-02
1,407291e-01
2,150808e-01
2,880504e-01
3,596086e-01
4,291667e-01
4,961276e-01
5,602280e-01
6,211888e-01
6,786454e-01
7,321707e-01
7,814912e-01
8,263780e-01
8,666227e-01
9,019345e-01
9,320414e-01
9,568695e-01
9,762844e-01
9,900987e-01
9,983397e-01
1,000792e+00
9,976547e-01
9,888542e-01
9,744497e-01
9,544564e-01
9,290844e-01
8,984422e-01
8,626571e-01
8,219941e-01
7,767666e-01
7,270709e-01
6,732512e-01
6,155692e-01
5,544396e-01
4,903014e-01
4,233009e-01
3,537996e-01
2,824221e-01
2,096418e-01
1,355811e-01
6,012438e-02
-1,418083e-02
-8,972873e-02
-1,644074e-01
-2,379639e-01
-3,100419e-01
-3,805812e-01
-4,489276e-01
-5,146183e-01
-5,773021e-01
-6,367896e-01
-6,926455e-01
-7,445460e-01
-7,921333e-01
-8,352541e-01
-8,736692e-01
-9,070171e-01
-9,352256e-01
-9,581483e-01
-9,756218e-01
-9,875152e-01
-9,937458e-01
-9,943569e-01
-9,893723e-01
-9,787302e-01
-9,624892e-01
-9,408298e-01
-9,138726e-01
-8,816916e-01
-8,445003e-01
-8,024690e-01
-7,560160e-01
-7,052962e-01
-6,504076e-01
-5,918633e-01
-5,300505e-01
-4,652944e-01
-3,977758e-01
-3,280386e-01
-2,565458e-01
-1,837880e-01
-1,096704e-01
-3,444260e-02
3,913627e-02
1,143244e-01
1,881907e-01
2,607885e-01
3,320662e-01
4,015555e-01
4,686352e-01
5,329265e-01
5,942626e-01
6,523147e-01
7,065785e-01
7,567114e-01
8,025275e-01
8,439117e-01
8,804558e-01
9,119552e-01
9,382325e-01
9,591810e-01
9,747216e-01
9,846838e-01
9,890522e-01
9,877837e-01
9,810125e-01
9,685477e-01
9,505820e-01
9,273013e-01
8,987434e-01
8,650547e-01
8,264227e-01
7,831746e-01
7,355081e-01
6,836402e-01
6,278705e-01
5,685998e-01
5,060623e-01
4,408088e-01
3,728100e-01
3,028164e-01
2,313047e-01
1,585158e-01
8,446535e-02
1,030989e-02
-6,376124e-02
-1,380337e-01
-2,110687e-01
-2,828197e-01
-3,531696e-01
-4,214834e-01
-4,873341e-01
-5,503139e-01
-6,102301e-01
-6,666780e-01
-7,192928e-01
-7,677579e-01
-8,118598e-01
-8,514436e-01
-8,860910e-01
-9,156816e-01
-9,400673e-01
-9,591776e-01
-9,727508e-01
-9,807836e-01
-9,832036e-01
-9,802053e-01
-9,715150e-01
-9,573256e-01
-9,376662e-01
-9,127452e-01
-8,826503e-01
-8,475244e-01
-8,075173e-01
-7,630384e-01
-7,142808e-01
-6,613492e-01
-6,047068e-01
-5,446272e-01
-4,815045e-01
-4,157122e-01
-3,474398e-01
-2,773222e-01
-2,057623e-01
-1,329562e-01
-5,888340e-02
1,409993e-02
8,827777e-02
1,617534e-01
2,339932e-01
3,048216e-01
3,741921e-01
4,413527e-01
5,058627e-01
5,674586e-01
6,259427e-01
6,808881e-01
7,318058e-01
7,785325e-01
8,209683e-01
8,586880e-01
8,914835e-01
9,191704e-01
9,416921e-01
9,588506e-01
9,705581e-01
9,766751e-01
9,772827e-01
9,723997e-01
9,619280e-01
9,459916e-01
9,247040e-01
8,981169e-01
8,665762e-01
8,300407e-01
7,887615e-01
7,430400e-01
6,932031e-01
6,393060e-01
5,817720e-01
5,210504e-01
4,574372e-01
3,910873e-01
3,225102e-01
2,522687e-01
1,807931e-01
1,079819e-01
3,404156e-02
-3,823437e-02
-1,121110e-01
-1,847002e-01
-2,560054e-01
-3,260524e-01
-3,942663e-01
-4,602289e-01
-5,234291e-01
-5,837118e-01
-6,406778e-01
-6,939949e-01
-7,432586e-01
-7,883398e-01
-8,289649e-01
-8,648481e-01
-8,957864e-01
-9,216334e-01
-9,422377e-01
-9,575235e-01
-9,673119e-01
-9,715064e-01
-9,703068e-01
-9,636544e-01
-9,514030e-01
-9,337092e-01
-9,108450e-01
-8,827898e-01
-8,497482e-01
-8,117669e-01
-7,692519e-01
-7,224202e-01
-6,715197e-01
-6,166415e-01
-5,583966e-01
-4,970261e-01
-4,328277e-01
-3,660768e-01
-2,973138e-01
-2,270895e-01
-1,555175e-01
-8,273900e-02
-9,944997e-03
6,277328e-02
1,358151e-01
2,075403e-01
2,779883e-01
3,471196e-01
4,142647e-01
4,789296e-01
5,408130e-01
5,996121e-01
6,551581e-01
7,068315e-01
7,544411e-01
7,977805e-01
8,366380e-01
8,706864e-01
8,997296e-01
9,237143e-01
9,424425e-01
9,558695e-01
9,637215e-01
9,661570e-01
9,630881e-01
9,546337e-01
9,406869e-01
9,213666e-01
8,968622e-01
8,673232e-01
8,327877e-01
7,935017e-01
7,498542e-01
7,018865e-01
6,498844e-01
5,942058e-01
5,352174e-01
4,732239e-01
4,085607e-01
3,414845e-01
2,725924e-01
2,023475e-01
1,307755e-01
5,806412e-02
-1,360768e-02
-8,653938e-02
-1,587189e-01
-2,296145e-01
-2,993086e-01
-3,673332e-01
-4,333613e-01
-4,967042e-01
-5,573037e-01
-6,147223e-01
-6,686281e-01
-7,187197e-01
-7,646305e-01
-8,062453e-01
-8,433110e-01
-8,755608e-01
-9,027262e-01
-9,248520e-01
-9,417007e-01
-9,532068e-01
-9,591759e-01
-9,598334e-01
-9,549727e-01
-9,447816e-01
-9,290896e-01
-9,081703e-01
-8,821581e-01
-8,510632e-01
-8,151318e-01
-7,746151e-01
-7,297680e-01
-6,807297e-01
-6,278154e-01
-5,712642e-01
-5,116906e-01
-4,491652e-01
-3,840132e-01
-3,166220e-01
-2,476903e-01
-1,774161e-01
-1,058631e-01
-3,329457e-02
3,770080e-02
1,102074e-01
1,815194e-01
2,516043e-01
3,203914e-01
3,874298e-01
4,521876e-01
5,142792e-01
5,734243e-01
6,294178e-01
6,817814e-01
7,301776e-01
7,744275e-01
8,143555e-01
8,496036e-01
8,799808e-01
9,053648e-01
9,255990e-01
9,406026e-01
9,502481e-01
9,543962e-01
9,532154e-01
9,466164e-01
9,346215e-01
9,173047e-01
8,947210e-01
8,672561e-01
8,347223e-01
7,974707e-01
7,557182e-01
7,097678e-01
6,596125e-01
6,058324e-01
5,486100e-01
4,883083e-01
4,253130e-01
3,597204e-01
2,921502e-01
2,231876e-01
1,528824e-01
8,138271e-02
9,951882e-03
-6,145141e-02
-1,331886e-01
-2,036917e-01
-2,728867e-01
-3,407341e-01
-4,066967e-01
-4,702307e-01
-5,309937e-01
-5,887772e-01
-6,432837e-01
-6,940207e-01
-7,407835e-01
-7,833759e-01
-8,215552e-01
-8,550374e-01
-8,835522e-01
-9,070671e-01
-9,254923e-01
-9,386232e-01
-9,463531e-01
-9,487059e-01
-9,457455e-01
-9,373771e-01
-9,236954e-01
-9,047176e-01
-8,806882e-01
-8,516260e-01
-8,177308e-01
-7,791470e-01
-7,362224e-01
-6,891239e-01
-6,380857e-01
-5,833796e-01
-5,254704e-01
-4,646747e-01
-4,010994e-01
-3,352039e-01
-2,675648e-01
-1,985764e-01
-1,282677e-01
-5,688339e-02
1,349408e-02
8,509186e-02
1,559409e-01
2,255852e-01
2,939764e-01
3,608805e-01
4,256572e-01
4,878625e-01
5,473122e-01
6,037378e-01
6,567588e-01
7,058538e-01
7,509764e-01
7,918424e-01
8,282024e-01
8,598722e-01
8,866056e-01
9,082856e-01
9,248021e-01
9,360948e-01
9,420432e-01
9,426387e-01
9,378900e-01
9,278744e-01
9,124802e-01
8,919034e-01
8,663731e-01
8,358634e-01
8,006187e-01
7,607871e-01
7,167145e-01
6,685592e-01
6,166122e-01
5,611436e-01
5,025700e-01
4,412116e-01
3,771595e-01
3,110213e-01
2,432738e-01
1,743128e-01
1,040386e-01
3,278338e-02
-3,686430e-02
-1,080817e-01
-1,781356e-01
-2,469227e-01
-3,144327e-01
-3,803178e-01
-4,439483e-01
-5,048678e-01
-5,629664e-01
-6,179909e-01
-6,693269e-01
-7,168969e-01
-7,603499e-01
-7,995430e-01
-8,341388e-01
-8,639359e-01
-8,888225e-01
-9,087727e-01
-9,234630e-01
-9,328969e-01
-9,369950e-01
-9,358332e-01
-9,293856e-01
-9,175697e-01
-9,005713e-01
-8,784025e-01
-8,514023e-01
-8,195036e-01
-7,829009e-01
-7,418730e-01
-6,967075e-01
-6,475109e-01
-5,946998e-01
-5,385049e-01
-4,793478e-01
-4,174765e-01
-3,530767e-01
-2,867922e-01
-2,190068e-01
-1,500201e-01
-7,982332e-02
-9,676493e-03
6,045140e-02
1,308203e-01
2,000015e-01
2,679349e-01
3,345929e-01
3,993610e-01
4,616782e-01
5,213912e-01
5,781248e-01
6,317758e-01
6,816712e-01
7,277060e-01
7,695961e-01
8,072660e-01
8,401870e-01
8,683576e-01
8,916057e-01
9,098674e-01
9,229415e-01
9,306989e-01
9,331688e-01
9,303753e-01
9,222892e-01
9,089311e-01
8,904507e-01
8,668688e-01
8,384211e-01
8,051369e-01
7,673586e-01
7,251672e-01
6,789259e-01
6,287121e-01
5,749200e-01
5,179523e-01
4,580585e-01
3,955073e-01
3,305946e-01
2,639263e-01
1,958638e-01
1,266292e-01
5,618975e-02
-1,318082e-02
-8,384917e-02
-1,537688e-01
-2,225903e-01
-2,901295e-01
-3,562041e-01
-4,202286e-01
-4,817420e-01
-5,405548e-01
-5,963453e-01
-6,488052e-01
-6,973977e-01
-7,421123e-01
-7,825980e-01
-8,187635e-01
-8,501200e-01
-8,766761e-01
-8,982615e-01
-9,147917e-01
-9,260878e-01
-9,320139e-01
-9,327592e-01
-9,281774e-01
-9,183838e-01
-9,032512e-01
-8,830634e-01
-8,578808e-01
-8,278083e-01
-7,929612e-01
-7,536029e-01
-7,100931e-01
-6,625093e-01
-6,110614e-01
-5,561419e-01
-4,981518e-01
-4,373940e-01
-3,739839e-01
-3,084567e-01
-2,412548e-01
-1,728877e-01
-1,032262e-01
-3,245291e-02
3,662506e-02
1,073485e-01
1,768550e-01
2,452635e-01
3,123311e-01
3,778273e-01
4,410377e-01
5,016544e-01
5,595429e-01
6,142645e-01
6,654800e-01
7,128109e-01
7,561193e-01
7,952005e-01
8,297928e-01
8,595624e-01
8,844352e-01
9,043562e-01
9,191412e-01
9,286920e-01
9,329020e-01
9,319244e-01
9,255870e-01
9,139501e-01
8,971685e-01
8,753009e-01
8,485124e-01
8,167875e-01
7,803983e-01
7,396923e-01
6,947298e-01
6,458534e-01
5,932230e-01
5,372639e-01
4,783255e-01
4,166417e-01
3,524622e-01
2,862913e-01
2,186643e-01
1,498738e-01
7,981988e-02
9,752225e-03
-6,025174e-02
-1,306086e-01
-1,997537e-01
-2,677490e-01
-3,343313e-01
-3,991459e-01
-4,615560e-01
-5,212466e-01
-5,780697e-01
-6,316777e-01
-6,815714e-01
-7,276578e-01
-7,695652e-01
-8,072006e-01
-8,401974e-01
-8,683645e-01
-8,916022e-01
-9,098502e-01
-9,229278e-01
-9,306283e-01
-9,331120e-01
-9,303013e-01
-9,222754e-01
-9,089190e-01
-8,903871e-01
-8,668258e-01
-8,383901e-01
-8,051162e-01
-7,672226e-01
-7,250588e-01
-6,787848e-01
-6,286209e-01
-5,747840e-01
-5,178421e-01
-4,580241e-01
-3,954212e-01
-3,304965e-01
-2,638299e-01
-1,958104e-01
-1,265741e-01
-5,613467e-02
1,320320e-02
8,388703e-02
1,538359e-01
2,225903e-01
2,901382e-01
3,562109e-01
4,202665e-01
4,817575e-01
5,405634e-01
5,963556e-01
6,488155e-01
6,974476e-01
7,421261e-01
7,826186e-01
8,187394e-01
8,501424e-01
8,766778e-01
8,982821e-01
9,148468e-01
9,261619e-01
9,320810e-01
9,328280e-01
9,282634e-01
9,184320e-01
9,033717e-01
8,831306e-01
8,579462e-01
8,278961e-01
7,930490e-01
7,537372e-01
7,101534e-01
6,625575e-01
6,111991e-01
5,562434e-01
4,983049e-01
4,374835e-01
3,740717e-01
3,085393e-01
2,413684e-01
1,729325e-01
1,032469e-01
3,256995e-02
-3,653556e-02
-1,072848e-01
-1,767913e-01
-2,451740e-01
-3,123035e-01
-3,777602e-01
-4,410154e-01
-5,016372e-01
-5,594638e-01
-6,141509e-01
-6,653750e-01
-7,127644e-01
-7,560470e-01
-7,951368e-01
-8,297154e-01
-8,594884e-01
-8,843646e-01
-9,043252e-01
-9,191566e-01
-9,286834e-01
-9,328418e-01
-9,318659e-01
-9,255457e-01
-9,139604e-01
-8,970566e-01
-8,752613e-01
-8,484177e-01
-8,167376e-01
-7,803759e-01
-7,396424e-01
-6,946627e-01
-6,458362e-01
-5,931404e-01
-5,372140e-01
-4,782893e-01
-4,165246e-01
-3,523693e-01
-2,862810e-01
-2,186557e-01
-1,498135e-01
-7,974931e-02
-9,666166e-03
6,029305e-02
1,306774e-01
1,998001e-01
2,677404e-01
3,343743e-01
3,991441e-01
4,615319e-01
5,212432e-01
5,780870e-01
6,316812e-01
6,816764e-01
7,276595e-01
7,695961e-01
8,072246e-01
8,401939e-01
8,684041e-01
8,916797e-01
9,098674e-01
9,228933e-01
9,307161e-01
9,331361e-01
9,303925e-01
9,223133e-01
9,090085e-01
8,904318e-01
8,668929e-01
8,384521e-01
8,051231e-01
7,672984e-01
7,251982e-01
6,788777e-01
6,287345e-01
5,749217e-01
5,179402e-01
4,580620e-01
3,954746e-01
3,306187e-01
2,639245e-01
1,959653e-01
1,266533e-01
5,620352e-02
-1,318426e-02
-8,378376e-02
-1,537378e-01
-2,224750e-01
-2,900194e-01
-3,561386e-01
-4,201649e-01
-4,817609e-01
-5,405032e-01
-5,962988e-01
-6,487192e-01
-6,973701e-01
-7,420383e-01
-7,825326e-01
-8,186860e-01
-8,500959e-01
-8,766279e-01
-8,982477e-01
-9,147418e-01
-9,260758e-01
-9,320517e-01
-9,327178e-01
-9,282307e-01
-9,183615e-01
-9,032977e-01
-8,830703e-01
-8,579083e-01
-8,278066e-01
-7,930524e-01
-7,536614e-01
-7,101396e-01
-6,625385e-01
-6,111027e-01
-5,561866e-01
-4,982103e-01
-4,374508e-01
-3,740028e-01
-3,085015e-01
-2,413650e-01
-1,729221e-01
-1,032297e-01
-3,250971e-02
3,659064e-02
1,073158e-01
1,768843e-01
2,452376e-01
3,123259e-01
3,777688e-01
4,410240e-01
5,016595e-01
5,594810e-01
6,142439e-01
6,654594e-01
7,127592e-01
7,561227e-01
7,951660e-01
8,297360e-01
8,594970e-01
8,844146e-01
9,043527e-01
9,191480e-01
9,287109e-01
9,329192e-01
9,318779e-01
9,255921e-01
9,139656e-01
8,972012e-01
8,753061e-01
8,484952e-01
8,168099e-01
7,804499e-01
7,396871e-01
6,948400e-01
6,458551e-01
5,932661e-01
5,372794e-01
4,783564e-01
4,166314e-01
3,524742e-01
2,863206e-01
2,187228e-01
1,499374e-01
7,980439e-02
9,814187e-03
-6,026551e-02
-1,305552e-01
-1,996986e-01
-2,676956e-01
-3,342968e-01
-3,990994e-01
-4,615147e-01
-5,212311e-01
-5,780525e-01
-6,316278e-01
-6,816127e-01
-7,276320e-01
-7,695462e-01
-8,071661e-01
-8,402008e-01
-8,683576e-01
-8,915833e-01
-9,098347e-01
-9,228985e-01
-9,306335e-01
-9,331172e-01
-9,303030e-01
-9,222548e-01
-9,089087e-01
-8,903785e-01
-8,668069e-01
-8,383918e-01
-8,051403e-01
-7,672829e-01
-7,251122e-01
-6,788691e-01
-6,286708e-01
-5,748529e-01
-5,178490e-01
-4,580000e-01
-3,954539e-01
-3,305653e-01
-2,639022e-01
-1,958999e-01
-1,266068e-01
-5,615188e-02
1,322557e-02
8,386121e-02
1,538032e-01
2,225318e-01
2,900538e-01
3,561868e-01
4,202458e-01
4,817609e-01
5,405204e-01
5,963556e-01
6,487656e-01
6,974476e-01
7,421088e-01
7,826203e-01
8,187497e-01
8,501131e-01
8,766537e-01
8,983028e-01
9,148227e-01
9,261240e-01
9,320965e-01
9,327815e-01
9,282772e-01
9,184888e-01
9,033596e-01
8,831443e-01
8,579582e-01
8,278857e-01
7,930180e-01
7,537974e-01
7,102015e-01
6,626521e-01
6,111922e-01
5,563157e-01
4,982929e-01
4,375162e-01
3,741009e-01
3,085737e-01
2,414287e-01
1,730065e-01
1,033829e-01
3,263191e-02
-3,651318e-02
-1,072590e-01
-1,767569e-01
-2,451464e-01
-3,122829e-01
-3,776775e-01
-4,410136e-01
-5,016716e-01
-5,594638e-01
-6,141544e-01
-6,653819e-01
-7,127334e-01
-7,560229e-01
-7,951230e-01
-8,297016e-01
-8,594815e-01
-8,843922e-01
-9,043149e-01
-9,191050e-01
-9,286369e-01
-9,328555e-01
-9,318211e-01
-9,255440e-01
-9,139518e-01
-8,970980e-01
-8,752355e-01
-8,484195e-01
-8,167703e-01
-7,803931e-01
-7,396148e-01
-6,947367e-01
-6,458327e-01
-5,931938e-01
-5,372381e-01
-4,782446e-01
-4,165952e-01
-3,524106e-01
-2,862861e-01
-2,187142e-01
-1,498411e-01
-7,972865e-02
-9,757388e-03
6,025346e-02
1,306361e-01
1,997313e-01
2,676853e-01
3,343209e-01
3,991355e-01
4,614906e-01
5,212449e-01
5,780732e-01
6,316915e-01
6,816265e-01
7,276612e-01
7,695789e-01
8,072522e-01
8,401784e-01
8,683559e-01
8,916143e-01
9,098846e-01
9,229587e-01
9,306920e-01
9,331654e-01
9,304166e-01
9,223546e-01
9,089621e-01
8,904284e-01
8,669084e-01
8,384745e-01
8,052264e-01
7,673431e-01
7,251913e-01
6,789552e-01
6,288033e-01
5,749441e-01
5,179385e-01
4,580447e-01
3,955296e-01
3,305963e-01
2,639503e-01
1,959584e-01
1,267324e-01
5,622934e-02
-1,315500e-02
-8,376827e-02
-1,537361e-01
-2,224268e-01
-2,900159e-01
-3,561386e-01
-4,202045e-01
-4,817007e-01
-5,405118e-01
-5,962695e-01
-6,486865e-01
-6,973305e-01
-7,420503e-01
-7,825429e-01
-8,186740e-01
-8,500494e-01
-8,765746e-01
-8,982098e-01
-9,147590e-01
-9,260758e-01
-9,320242e-01
-9,327850e-01
-9,282273e-01
-9,183959e-01
-9,033596e-01
-8,831495e-01
-8,579152e-01
-8,278634e-01
-7,930473e-01
-7,537199e-01
-7,101688e-01
-6,625695e-01
-6,111526e-01
-5,562124e-01
-4,982464e-01
-4,374387e-01
-3,740699e-01
-3,085015e-01
-2,413753e-01
-1,729428e-01
-1,032280e-01
-3,257856e-02
3,653556e-02
1,073003e-01
1,768051e-01
2,451894e-01
3,122795e-01
3,777825e-01
4,409827e-01
5,015666e-01
5,594620e-01
6,141871e-01
6,654508e-01
7,127265e-01
7,560229e-01
7,951712e-01
8,297274e-01
8,594626e-01
8,844404e-01
9,043390e-01
9,191360e-01
9,286972e-01
9,328882e-01
9,319244e-01
9,256128e-01
9,140413e-01
8,971771e-01
8,753026e-01
8,484866e-01
8,168202e-01
7,805067e-01
7,396871e-01
6,948159e-01
6,459205e-01
5,933039e-01
5,373259e-01
4,783754e-01
4,167088e-01
3,525156e-01
2,863068e-01
2,187744e-01
1,499633e-01
7,984569e-02
9,827957e-03
-6,022248e-02
-1,305552e-01
-1,997141e-01
-2,676440e-01
-3,342882e-01
-3,990546e-01
-4,614923e-01
-5,212277e-01
-5,779923e-01
-6,316226e-01
-6,815955e-01
-7,275803e-01
-7,695531e-01
-8,071386e-01
-8,401543e-01
-8,682957e-01
-8,915747e-01
-9,098382e-01
-9,228761e-01
-9,306524e-01
-9,331154e-01
-9,303547e-01
-9,222341e-01
-9,088984e-01
-8,903578e-01
-8,668430e-01
-8,384297e-01
-8,051334e-01
-7,672984e-01
-7,251552e-01
-6,789156e-01
-6,287156e-01
-5,748959e-01
-5,179092e-01
-4,580361e-01
-3,954746e-01
-3,305653e-01
-2,638626e-01
-1,959343e-01
-1,266619e-01
-5,617770e-02
1,312919e-02
8,380442e-02
1,537860e-01
2,225043e-01
2,900779e-01
3,561507e-01
4,201615e-01
4,817386e-01
5,405015e-01
5,963040e-01
6,487501e-01
6,974252e-01
7,421123e-01
7,826100e-01
8,187170e-01
8,501251e-01
8,766658e-01
8,982856e-01
9,147883e-01
9,260965e-01
9,320913e-01
9,328555e-01
9,282910e-01
9,184269e-01
9,033631e-01
8,831667e-01
8,579428e-01
8,279012e-01
7,931109e-01
7,537785e-01
7,102256e-01
6,626263e-01
6,112473e-01
5,563278e-01
4,983721e-01
4,375627e-01
3,741594e-01
3,085910e-01
2,414528e-01
1,730443e-01
1,033760e-01
3,266117e-02
-3,651490e-02
-1,072108e-01
-1,767414e-01
-2,450948e-01
-3,122072e-01
-3,776913e-01
-4,409379e-01
-5,015614e-01
-5,594035e-01
-6,141509e-01
-6,653441e-01
-7,126422e-01
-7,560608e-01
-7,951127e-01
-8,296586e-01
-8,595417e-01
-8,843750e-01
-9,042925e-01
-9,190826e-01
-9,286300e-01
-9,328435e-01
-9,318538e-01
-9,254958e-01
-9,139535e-01
-8,971272e-01
-8,752493e-01
-8,484126e-01
-8,167480e-01
-7,803862e-01
-7,396820e-01
-6,947350e-01
-6,458568e-01
-5,932368e-01
-5,372570e-01
-4,783530e-01
-4,166486e-01
-3,524622e-01
-2,863619e-01
-2,186987e-01
-1,499495e-01
-7,984569e-02
-9,784927e-03
6,018634e-02
1,305552e-01
1,997244e-01
2,676388e-01
3,343313e-01
3,991063e-01
4,614940e-01
5,212277e-01
5,780784e-01
6,316794e-01
6,816471e-01
7,276664e-01
7,695428e-01
8,071971e-01
8,401905e-01
8,683594e-01
8,915833e-01
9,098812e-01
9,229105e-01
9,307023e-01
9,331740e-01
9,303736e-01
9,223477e-01
9,089827e-01
8,905041e-01
8,669101e-01
8,385072e-01
8,052315e-01
7,673466e-01
7,251999e-01
6,789190e-01
6,287930e-01
5,749871e-01
5,179729e-01
4,580723e-01
3,955451e-01
3,306875e-01
2,640226e-01
1,960066e-01
1,267479e-01
5,628442e-02
-1,309821e-02
-8,369598e-02
-1,537361e-01
-2,223907e-01
-2,900056e-01
-3,560836e-01
-4,201512e-01
-4,816663e-01
-5,404584e-01
-5,962850e-01
-6,486951e-01
-6,973770e-01
-7,420693e-01
-7,825825e-01
-8,187222e-01
-8,501234e-01
-8,766520e-01
-8,982339e-01
-9,147883e-01
-9,260586e-01
-9,320500e-01
-9,327867e-01
-9,282238e-01
-9,184200e-01
-9,033149e-01
-8,831013e-01
-8,579101e-01
-8,278548e-01
-7,930249e-01
-7,537148e-01
-7,101482e-01
-6,626160e-01
-6,111612e-01
-5,563105e-01
-4,982998e-01
-4,375282e-01
-3,740975e-01
-3,085410e-01
-2,414407e-01
-1,729652e-01
-1,032899e-01
-3,259749e-02
3,648220e-02
1,072383e-01
1,767672e-01
2,451533e-01
3,122726e-01
3,777068e-01
4,409207e-01
5,015425e-01
5,594104e-01
6,142817e-01
6,655506e-01
7,130019e-01
7,565048e-01
7,957478e-01
8,304503e-01
8,603834e-01
8,854645e-01
9,055369e-01
9,205629e-01
9,301791e-01
9,345871e-01
9,336955e-01
9,275336e-01
9,160310e-01
8,993372e-01
8,775419e-01
8,507603e-01
8,191542e-01
7,828028e-01
7,420211e-01
6,970534e-01
6,481288e-01
5,954227e-01
5,393913e-01
4,802308e-01
4,183904e-01
3,539613e-01
2,876080e-01
2,197831e-01
1,507378e-01
8,027083e-02
9,920901e-03
-6,045829e-02
-1,311817e-01
-2,007003e-01
-2,690691e-01
-3,360507e-01
-4,013593e-01
-4,641532e-01
-5,243034e-01
-5,815947e-01
-6,356244e-01
-6,860120e-01
-7,324530e-01
-7,747425e-01
-8,127565e-01
-8,460872e-01
-8,746124e-01
-8,981875e-01
-9,166971e-01
-9,299760e-01
-9,379261e-01
-9,405320e-01
-9,379158e-01
-9,298211e-01
-9,166024e-01
-8,980240e-01
-8,744420e-01
-8,459117e-01
-8,124175e-01
-7,743810e-01
-7,319504e-01
-6,853545e-01
-6,347380e-01
-5,805620e-01
-5,230831e-01
-4,626265e-01
-3,995331e-01
-3,339939e-01
-2,667404e-01
-1,980256e-01
-1,280354e-01
-5,683692e-02
1,333401e-02
8,474074e-02
1,555192e-01
2,250809e-01
2,934463e-01
3,603487e-01
4,252356e-01
4,875562e-01
5,471607e-01
6,037154e-01
6,569154e-01
7,062807e-01
7,516700e-01
7,927891e-01
8,295002e-01
8,614574e-01
8,885058e-01
9,105232e-01
9,273873e-01
9,390139e-01
9,452722e-01
9,461173e-01
9,416646e-01
9,318297e-01
9,166678e-01
8,963062e-01
8,708241e-01
8,404641e-01
8,052745e-01
7,654877e-01
7,213376e-01
6,731273e-01
6,209754e-01
5,652693e-01
5,064461e-01
4,447228e-01
3,803987e-01
3,137648e-01
2,455991e-01
1,760220e-01
1,052280e-01
3,326359e-02
-3,706224e-02
-1,090525e-01
-1,798327e-01
-2,493805e-01
-3,177907e-01
-3,844659e-01
-4,489173e-01
-5,107698e-01
-5,697409e-01
-6,255658e-01
-6,778467e-01
-7,261931e-01
-7,704619e-01
-8,103589e-01
-8,457533e-01
-8,762579e-01
-9,017692e-01
-9,222307e-01
-9,374494e-01
-9,473118e-01
-9,517713e-01
-9,508677e-01
-9,445630e-01
-9,329227e-01
-9,158468e-01
-8,936780e-01
-8,663989e-01
-8,341715e-01
-7,971764e-01
-7,556580e-01
-7,099055e-01
-6,600325e-01
-6,063471e-01
-5,492365e-01
-4,890415e-01
-4,260307e-01
-3,604984e-01
-2,928714e-01
-2,238192e-01
-1,533798e-01
-8,169252e-02
-1,000352e-02
6,168549e-02
1,337067e-01
2,044990e-01
2,741294e-01
3,424501e-01
4,088413e-01
4,728005e-01
5,340901e-01
5,923676e-01
6,473784e-01
6,986834e-01
7,460039e-01
7,890903e-01
8,277980e-01
8,617672e-01
8,907657e-01
9,148124e-01
9,335974e-01
9,471775e-01
9,552998e-01
9,579504e-01
9,552309e-01
9,471173e-01
9,335509e-01
9,146523e-01
8,906108e-01
8,615297e-01
8,274830e-01
7,887546e-01
7,455185e-01
6,980913e-01
6,465746e-01
5,913986e-01
5,328439e-01
4,713254e-01
4,070530e-01
3,403227e-01
2,717525e-01
2,018759e-01
1,305793e-01
5,812436e-02
-1,339253e-02
-8,621235e-02
-1,582473e-01
-2,290861e-01
-2,987303e-01
-3,668151e-01
-4,328931e-01
-4,963411e-01
-5,571023e-01
-6,146828e-01
-6,688415e-01
-7,191397e-01
-7,653310e-01
-8,072246e-01
-8,446174e-01
-8,771133e-01
-9,046419e-01
-9,271016e-01
-9,442601e-01
-9,560864e-01
-9,623532e-01
-9,632602e-01
-9,587301e-01
-9,487283e-01
-9,332566e-01
-9,125456e-01
-8,866452e-01
-8,556742e-01
-8,198031e-01
-7,793053e-01
-7,344134e-01
-6,852736e-01
-6,321958e-01
-5,754174e-01
-5,155495e-01
-4,527194e-01
-3,872094e-01
-3,194533e-01
-2,499916e-01
-1,791476e-01
-1,070129e-01
-3,377822e-02
3,789013e-02
1,110989e-01
1,831959e-01
2,540621e-01
3,236926e-01
3,915864e-01
4,571979e-01
5,201691e-01
5,802384e-01
6,370667e-01
6,902806e-01
7,395030e-01
7,845584e-01
8,252644e-01
8,612440e-01
8,923113e-01
9,182978e-01
9,391740e-01
9,546406e-01
9,647215e-01
9,691983e-01
9,682947e-01
9,619177e-01
9,499572e-01
9,326593e-01
9,100206e-01
8,822855e-01
8,495279e-01
8,118202e-01
7,695273e-01
7,229624e-01
6,721789e-01
6,175244e-01
5,593312e-01
4,980829e-01
4,339189e-01
3,672041e-01
2,983602e-01
2,280671e-01
1,563712e-01
8,342748e-02
1,039767e-02
-6,262698e-02
-1,359150e-01
-2,080498e-01
-2,789178e-01
-3,484759e-01
-4,160410e-01
-4,811843e-01
-5,435549e-01
-6,029288e-01
-6,589688e-01
-7,112239e-01
-7,593379e-01
-8,032539e-01
-8,426552e-01
-8,772148e-01
-9,067331e-01
-9,311705e-01
-9,503824e-01
-9,641656e-01
-9,723928e-01
-9,751261e-01
-9,722879e-01
-9,640744e-01
-9,502705e-01
-9,309984e-01
-9,065352e-01
-8,769515e-01
-8,422421e-01
-8,027633e-01
-7,588181e-01
-7,104649e-01
-6,580428e-01
-6,018410e-01
-5,423087e-01
-4,796645e-01
-4,142045e-01
-3,463365e-01
-2,765184e-01
-2,053268e-01
-1,327772e-01
-5,895569e-02
1,380045e-02
8,791460e-02
1,612491e-01
2,333546e-01
3,042863e-01
3,736121e-01
4,408329e-01
5,054547e-01
5,671592e-01
6,258739e-01
6,809810e-01
7,322189e-01
7,791608e-01
8,218943e-01
8,599393e-01
8,930342e-01
9,210448e-01
9,439038e-01
9,614083e-01
9,734049e-01
9,798748e-01
9,807612e-01
9,761605e-01
9,659281e-01
9,502223e-01
9,290758e-01
9,027693e-01
8,712647e-01
8,347378e-01
7,934810e-01
7,477750e-01
6,978194e-01
6,437639e-01
5,860096e-01
5,250384e-01
4,610775e-01
3,943506e-01
3,253639e-01
2,546577e-01
1,825573e-01
1,091695e-01
3,457169e-02
-3,835657e-02
-1,129647e-01
-1,862751e-01
-2,584047e-01
-3,292400e-01
-3,983971e-01
-4,652410e-01
-5,292639e-01
-5,904141e-01
-6,482544e-01
-7,024218e-01
-7,525461e-01
-7,984001e-01
-8,397826e-01
-8,764352e-01
-9,080516e-01
-9,344752e-01
-9,556939e-01
-9,714858e-01
-9,817044e-01
-9,863499e-01
-9,853654e-01
-9,788421e-01
-9,667319e-01
-9,490966e-01
-9,260844e-01
-8,978604e-01
-8,644764e-01
-8,261164e-01
-7,830954e-01
-7,356269e-01
-6,839621e-01
-6,282990e-01
-5,691230e-01
-5,067474e-01
-4,414749e-01
-3,735346e-01
-3,034997e-01
-2,319157e-01
-1,589461e-01
-8,468566e-02
-1,034431e-02
6,395573e-02
1,385725e-01
2,119465e-01
2,841106e-01
3,548340e-01
4,236521e-01
4,899211e-01
5,534086e-01
6,138153e-01
6,708794e-01
7,239762e-01
7,730092e-01
8,176602e-01
8,577982e-01
8,929379e-01
9,230069e-01
9,478866e-01
9,673911e-01
9,814377e-01
9,898370e-01
9,925617e-01
9,897974e-01
9,813774e-01
9,673446e-01
9,477920e-01
9,228056e-01
8,927141e-01
8,574694e-01
8,172488e-01
7,724619e-01
7,233221e-01
6,699723e-01
6,127826e-01
5,521591e-01
4,883565e-01
4,218121e-01
3,526980e-01
2,817233e-01
2,092305e-01
1,354451e-01
6,027928e-02
-1,383831e-02
-8,926917e-02
-1,638687e-01
-2,372290e-01
-3,094034e-01
-3,800097e-01
-4,484509e-01
-5,142156e-01
-5,770525e-01
-6,367173e-01
-6,928004e-01
-7,449006e-01
-7,927220e-01
-8,361904e-01
-8,748413e-01
-9,085696e-01
-9,370948e-01
-9,603084e-01
-9,781347e-01
-9,903310e-01
-9,968818e-01
-9,978182e-01
-9,930849e-01
-9,827699e-01
-9,666888e-01
-9,452515e-01
-9,183924e-01
-8,863612e-01
-8,492301e-01
-8,072367e-01
-7,606821e-01
-7,098625e-01
-6,548380e-01
-5,960957e-01
-5,340470e-01
-4,689898e-01
-4,010839e-01
-3,309009e-01
-2,589331e-01
-1,855935e-01
-1,108425e-01
-3,498305e-02
3,928429e-02
1,151799e-01
1,898431e-01
2,632722e-01
3,352762e-01
4,056209e-01
4,736232e-01
5,387923e-01
6,009580e-01
6,598759e-01
7,149761e-01
7,659524e-01
8,126223e-01
8,547465e-01
8,920532e-01
9,242445e-01
9,511414e-01
9,726717e-01
9,887596e-01
9,991555e-01
1,003865e+00
1,002903e+00
9,962898e-01
9,839558e-01
9,659866e-01
9,425837e-01
9,138537e-01
8,798551e-01
8,408221e-01
7,970817e-01
7,488456e-01
6,962100e-01
6,396847e-01
5,793951e-01
5,159522e-01
4,495111e-01
3,803884e-01
3,091245e-01
2,362892e-01
1,620477e-01
8,652044e-02
1,085206e-02
-6,481288e-02
-1,407549e-01
-2,154009e-01
-2,888318e-01
-3,607325e-01
-4,307778e-01
-4,982619e-01
-5,628407e-01
-6,242870e-01
-6,822891e-01
-7,363773e-01
-7,862417e-01
-8,316620e-01
-8,724386e-01
-9,082943e-01
-9,388573e-01
-9,641828e-01
-9,840143e-01
-9,983225e-01
-1,006808e+00
-1,009658e+00
-1,006765e+00
-9,981899e-01
-9,838972e-01
-9,639883e-01
-9,386198e-01
-9,079431e-01
-8,721081e-01
-8,312214e-01
-7,856686e-01
-7,356320e-01
-6,813872e-01
-6,231837e-01
-5,615016e-01
-4,966251e-01
-4,289120e-01
-3,585776e-01
-2,863275e-01
-2,126126e-01
-1,374709e-01
-6,109168e-02
1,432713e-02
9,099380e-02
1,669961e-01
2,416455e-01
3,150093e-01
3,868256e-01
4,564406e-01
5,233464e-01
5,873194e-01
6,480100e-01
7,051017e-01
7,580866e-01
8,067530e-01
8,509720e-01
8,902855e-01
9,245990e-01
9,535562e-01
9,772122e-01
9,953534e-01
1,007791e+00
1,014434e+00
1,015395e+00
1,010596e+00
1,000087e+00
9,837217e-01
9,618575e-01
9,345974e-01
9,020343e-01
8,642130e-01
8,215001e-01
7,742106e-01
7,224151e-01
6,665145e-01
6,067120e-01
5,435996e-01
4,774046e-01
4,083421e-01
3,369130e-01
2,637490e-01
1,891563e-01
1,131454e-01
3,597617e-02
-3,960099e-02
-1,168666e-01
-1,928138e-01
-2,674564e-01
-3,407668e-01
-4,123387e-01
-4,815062e-01
-5,477890e-01
-6,111010e-01
-6,709327e-01
-7,270399e-01
-7,788991e-01
-8,263608e-01
-8,691752e-01
-9,071566e-01
-9,398435e-01
-9,672172e-01
-9,891950e-01
-1,005507e+00
-1,016120e+00
-1,020808e+00
-1,019961e+00
-1,013144e+00
-1,000625e+00
-9,822948e-01
-9,584736e-01
-9,292806e-01
-8,947262e-01
-8,550064e-01
-8,104725e-01
-7,613861e-01
-7,078745e-01
-6,503853e-01
-5,890423e-01
-5,245203e-01
-4,569346e-01
-3,866277e-01
-3,141073e-01
-2,400534e-01
-1,645331e-01
-8,767191e-02
-1,071264e-02
6,625007e-02
1,434864e-01
2,194027e-01
2,940366e-01
3,672954e-01
4,384525e-01
5,071140e-01
5,727496e-01
6,352647e-01
6,942892e-01
7,492982e-01
7,999940e-01
8,462232e-01
8,877055e-01
9,241722e-01
9,552567e-01
9,810177e-01
1,001188e+00
1,015737e+00
1,024431e+00
1,027280e+00
1,024362e+00
1,015657e+00
1,001085e+00
9,808559e-01
9,550657e-01
9,238899e-01
8,873733e-01
8,457413e-01
7,994742e-01
7,485650e-01
6,934475e-01
6,342010e-01
5,714501e-01
5,055563e-01
4,365713e-01
3,650905e-01
2,915650e-01
2,166144e-01
1,402489e-01
6,245658e-02
-1,425828e-02
-9,232427e-02
-1,695228e-01
-2,454218e-01
-3,200540e-01
-3,931131e-01
-4,638899e-01
-5,319575e-01
-5,969821e-01
-6,587261e-01
-7,167472e-01
-7,706650e-01
-8,201576e-01
-8,650564e-01
-9,051376e-01
-9,400019e-01
-9,694754e-01
-9,935548e-01
-1,011958e+00
-1,024632e+00
-1,031371e+00
-1,032378e+00
-1,027493e+00
-1,016713e+00
-1,000143e+00
-9,779488e-01
-9,502137e-01
-9,170534e-01
-8,786090e-01
-8,351560e-01
-7,870421e-01
-7,344565e-01
-6,775387e-01
-6,167189e-01
-5,525412e-01
-4,851878e-01
-4,149635e-01
-3,423399e-01
-2,678660e-01
-1,920238e-01
-1,147582e-01
-3,627394e-02
4,069910e-02
1,191937e-01
1,964163e-01
2,723618e-01
3,469510e-01
4,196847e-01
4,899744e-01
5,574345e-01
6,217706e-01
6,826058e-01
7,394634e-01
7,921092e-01
8,402610e-01
8,836848e-01
9,221446e-01
9,552653e-01
9,829265e-01
1,005138e+00
1,021546e+00
1,032144e+00
1,036884e+00
1,035708e+00
1,028789e+00
1,015880e+00
9,972502e-01
9,729109e-01
9,431431e-01
9,079965e-01
8,676038e-01
8,222850e-01
7,724034e-01
7,181379e-01
6,596108e-01
5,974778e-01
5,319971e-01
4,634613e-01
3,921062e-01
3,186289e-01
2,435268e-01
1,670460e-01
8,914525e-02
1,130473e-02
-6,668381e-02
-1,448221e-01
-2,216953e-01
-2,972019e-01
-3,711870e-01
-4,431875e-01
-5,125684e-01
-5,789407e-01
-6,421253e-01
-7,017264e-01
-7,571864e-01
-8,083675e-01
-8,549324e-01
-8,967761e-01
-9,333926e-01
-9,647112e-01
-9,905548e-01
-1,010848e+00
-1,025350e+00
-1,034015e+00
-1,036724e+00
-1,033696e+00
-1,024703e+00
-1,009918e+00
-9,893723e-01
-9,631742e-01
-9,317075e-01
-8,946608e-01
-8,526587e-01
-8,057668e-01
-7,543929e-01
-6,986524e-01
-6,389325e-01
-5,755775e-01
-5,091088e-01
-4,395575e-01
-3,674709e-01
-2,933843e-01
-2,178295e-01
-1,409184e-01
-6,252371e-02
1,471095e-02
9,326920e-02
1,709996e-01
2,473599e-01
3,223931e-01
3,958790e-01
4,670087e-01
5,353569e-01
6,007429e-01
6,627089e-01
7,210140e-01
7,750695e-01
8,247497e-01
8,697570e-01
9,099431e-01
9,448229e-01
9,743584e-01
9,983397e-01
1,016732e+00
1,029287e+00
1,035944e+00
1,036756e+00
1,031763e+00
1,020853e+00
1,004085e+00
9,816425e-01
9,536612e-01
9,202943e-01
8,815471e-01
8,379237e-01
7,895860e-01
7,366906e-01
6,795783e-01
6,185847e-01
5,541350e-01
4,866078e-01
4,161477e-01
3,433244e-01
2,687542e-01
1,927519e-01
1,153503e-01
3,673349e-02
-4,028430e-02
-1,188770e-01
-1,962132e-01
-2,721569e-01
-3,467307e-01
-4,194575e-01
-4,897472e-01
-5,571333e-01
-6,214608e-01
-6,822375e-01
-7,391622e-01
-7,918028e-01
-8,399581e-01
-8,833233e-01
-9,217969e-01
-9,549005e-01
-9,826029e-01
-1,004703e+00
-1,021180e+00
-1,031760e+00
-1,036486e+00
-1,035371e+00
-1,028350e+00
-1,015527e+00
-9,968233e-01
-9,725202e-01
-9,427351e-01
-9,075817e-01
-8,672113e-01
-8,219528e-01
-7,719972e-01
-7,177489e-01
-6,592545e-01
-5,970957e-01
-5,315548e-01
-4,630310e-01
-3,917207e-01
-3,182451e-01
-2,431894e-01
-1,666794e-01
-8,882167e-02
-1,088304e-02
6,703493e-02
1,451990e-01
2,220034e-01
2,975375e-01
3,715742e-01
4,435765e-01
5,129144e-01
5,792763e-01
6,424127e-01
7,020552e-01
7,575134e-01
8,086963e-01
8,552921e-01
8,970618e-01
9,337901e-01
9,650778e-01
9,909145e-01
1,011212e+00
1,025796e+00
1,034361e+00
1,037151e+00
1,034063e+00
1,025145e+00
1,010288e+00
9,897441e-01
9,635873e-01
9,319915e-01
8,951358e-01
8,530012e-01
8,062040e-01
7,548146e-01
6,990397e-01
6,392888e-01
5,759510e-01
5,094565e-01
4,399672e-01
3,678582e-01
2,937544e-01
2,182633e-01
1,412627e-01
6,296261e-02
-1,429787e-02
-9,281653e-02
-1,705572e-01
-2,469864e-01
-3,219955e-01
-3,954711e-01
-4,666335e-01
-5,349713e-01
-6,003384e-01
-6,623286e-01
-7,205923e-01
-7,746822e-01
-8,243625e-01
-8,693663e-01
-9,095249e-01
-9,444512e-01
-9,739488e-01
-9,979851e-01
-1,016307e+00
-1,028944e+00
-1,035553e+00
-1,036395e+00
-1,031369e+00
-1,020438e+00
-1,003667e+00
-9,812810e-01
-9,533256e-01
-9,199536e-01
-8,812235e-01
-8,375467e-01
-7,891488e-01
-7,363222e-01
-6,791910e-01
-6,181819e-01
-5,537408e-01
-4,862016e-01
-4,157949e-01
-3,429699e-01
-2,683944e-01
-1,923216e-01
-1,149079e-01
-3,633246e-02
4,068017e-02
1,192832e-01
1,965523e-01
2,724943e-01
3,470783e-01
4,198242e-01
4,901121e-01
5,574482e-01
6,217895e-01
6,825542e-01
7,394978e-01
7,920834e-01
8,402318e-01
8,836521e-01
9,221326e-01
9,552137e-01
9,829540e-01
1,005080e+00
1,021541e+00
1,032161e+00
1,036858e+00
1,035774e+00
1,028741e+00
1,015925e+00
9,972106e-01
9,729126e-01
9,431362e-01
9,080137e-01
8,675848e-01
8,223625e-01
7,724585e-01
7,181396e-01
6,596556e-01
5,974864e-01
5,320006e-01
4,634303e-01
3,921372e-01
3,186736e-01
2,435784e-01
1,671149e-01
8,917967e-02
1,128752e-02
-6,667520e-02
-1,447429e-01
-2,216454e-01
-2,971434e-01
-3,711835e-01
-4,431823e-01
-5,125443e-01
-5,789045e-01
-6,420324e-01
-7,016111e-01
-7,571313e-01
-8,082694e-01
-8,548773e-01
-8,967124e-01
-9,333908e-01
-9,646613e-01
-9,905685e-01
-1,010839e+00
-1,025361e+00
-1,034023e+00
-1,036772e+00
-1,033708e+00
-1,024748e+00
-1,009903e+00
-9,893585e-01
-9,632396e-01
-9,316645e-01
-8,947244e-01
-8,526415e-01
-8,058374e-01
-7,544463e-01
-6,987092e-01
-6,389170e-01
-5,755861e-01
-5,090916e-01
-4,395765e-01
-3,674967e-01
-2,933929e-01
-2,178485e-01
-1,409064e-01
-6,263902e-02
1,467997e-02
9,317798e-02
1,709428e-01
2,473031e-01
3,224362e-01
3,957895e-01
4,669777e-01
5,353465e-01
6,006740e-01
6,627021e-01
7,209779e-01
7,750471e-01
8,247342e-01
8,697415e-01
9,099070e-01
9,447816e-01
9,742861e-01
9,983483e-01
1,016727e+00
1,029323e+00
1,035966e+00
1,036779e+00
1,031782e+00
1,020841e+00
1,004088e+00
9,816597e-01
9,537008e-01
9,203150e-01
8,816211e-01
8,379839e-01
7,896101e-01
7,367198e-01
6,796505e-01
6,186208e-01
5,541746e-01
4,866388e-01
4,161856e-01
3,434088e-01
2,687559e-01
1,927743e-01
1,153313e-01
3,675415e-02
-4,029807e-02
-1,188425e-01
-1,961788e-01
-2,720761e-01
-3,467410e-01
-4,194197e-01
-4,897696e-01
-5,571281e-01
-6,214109e-01
-6,822237e-01
-7,390864e-01
-7,917323e-01
-8,398411e-01
-8,833474e-01
-9,217350e-01
-9,548764e-01
-9,825186e-01
-1,004729e+00
-1,021147e+00
-1,031767e+00
-1,036455e+00
-1,035388e+00
-1,028343e+00
-1,015510e+00
-9,968646e-01
-9,725770e-01
-9,428195e-01
-9,075817e-01
-8,672044e-01
-8,219322e-01
-7,721073e-01
-7,177507e-01
-6,593303e-01
-5,970905e-01
-5,316271e-01
-4,630930e-01
-3,917585e-01
-3,183466e-01
-2,431929e-01
-1,667310e-01
-8,881306e-02
-1,088821e-02
6,696780e-02
1,451646e-01
2,220344e-01
2,975117e-01
3,715398e-01
4,435007e-01
5,128438e-01
5,792212e-01
6,424145e-01
7,019932e-01
7,574945e-01
8,086463e-01
8,552835e-01
8,970807e-01
9,337592e-01
9,650675e-01
9,909506e-01
1,011202e+00
1,025720e+00
1,034392e+00
1,037109e+00
1,034111e+00
1,025151e+00
1,010281e+00
9,897699e-01
9,635976e-01
9,320156e-01
8,951065e-01
8,530787e-01
8,061696e-01
7,548886e-01
6,990431e-01
6,393456e-01
5,760250e-01
5,095167e-01
4,400119e-01
3,678874e-01
2,938060e-01
2,182598e-01
1,413040e-01
6,304006e-02
-1,424623e-02
-9,281481e-02
-1,705400e-01
-2,469433e-01
-3,220127e-01
-3,954040e-01
-4,665921e-01
-5,349920e-01
-6,002902e-01
-6,623251e-01
-7,205527e-01
-7,746754e-01
-8,243367e-01
-8,693972e-01
-9,095077e-01
-9,444357e-01
-9,739333e-01
-9,979369e-01
-1,016307e+00
-1,028877e+00
-1,035560e+00
-1,036380e+00
-1,031380e+00
-1,020422e+00
-1,003713e+00
-9,812914e-01
-9,533015e-01
-9,199398e-01
-8,812252e-01
-8,375949e-01
-7,891935e-01
-7,363377e-01
-6,792306e-01
-6,182577e-01
-5,537976e-01
-4,862653e-01
-4,158431e-01
-3,430163e-01
-2,684237e-01
-1,923732e-01
-1,149716e-01
-3,632385e-02
4,062337e-02
1,192401e-01
1,964903e-01
2,724427e-01
3,470112e-01
4,197880e-01
4,900467e-01
5,574035e-01
6,217190e-01
6,825094e-01
7,394341e-01
7,920679e-01
8,402232e-01
8,837037e-01
9,221222e-01
9,552447e-01
9,829368e-01
1,005087e+00
1,021553e+00
1,032147e+00
1,036839e+00
1,035758e+00
1,028774e+00
1,015915e+00
9,972691e-01
9,729436e-01
9,431310e-01
9,079724e-01
8,676365e-01
8,223539e-01
7,724722e-01
7,181723e-01
6,596969e-01
5,974933e-01
5,320040e-01
4,634682e-01
3,921699e-01
3,187098e-01
2,436197e-01
1,671303e-01
8,928466e-02
1,136497e-02
-6,660463e-02
-1,447636e-01
-2,215731e-01
-2,970883e-01
-3,711611e-01
-4,430980e-01
-5,124668e-01
-5,788615e-01
-6,420272e-01
-7,015956e-01
-7,571365e-01
-8,082729e-01
-8,548687e-01
-8,966728e-01
-9,333839e-01
-9,647009e-01
-9,905324e-01
-1,010818e+00
-1,025410e+00
-1,034030e+00
-1,036751e+00
-1,033748e+00
-1,024731e+00
-1,009947e+00
-9,893809e-01
-9,632086e-01
-9,316628e-01
-8,947778e-01
-8,527069e-01
-8,058202e-01
-7,544583e-01
-6,987230e-01
-6,389549e-01
-5,756377e-01
-5,091226e-01
-4,396195e-01
-3,675329e-01
-2,934394e-01
-2,178966e-01
-1,409219e-01
-6,265279e-02
1,460252e-02
9,315388e-02
1,708877e-01
2,473065e-01
3,223140e-01
3,957620e-01
4,669364e-01
5,353104e-01
6,005949e-01
6,626315e-01
7,209452e-01
7,750161e-01
8,247050e-01
8,697036e-01
9,098950e-01
9,447902e-01
9,742620e-01
9,983053e-01
1,016720e+00
1,029275e+00
1,035954e+00
1,036781e+00
1,031799e+00
1,020854e+00
1,004094e+00
9,816976e-01
9,536991e-01
9,203167e-01
8,816280e-01
8,379633e-01
7,896273e-01
7,367181e-01
6,796488e-01
6,186225e-01
5,542124e-01
4,866543e-01
4,162458e-01
3,434191e-01
2,688712e-01
1,927777e-01
1,153554e-01
3,677652e-02
-4,022061e-02
-1,188288e-01
-1,960961e-01
-2,720726e-01
-3,466377e-01
-4,194111e-01
-4,897248e-01
-5,570352e-01
-6,213609e-01
-6,821566e-01
-7,391002e-01
-7,916669e-01
-8,398411e-01
-8,832648e-01
-9,217264e-01
-9,548781e-01
-9,825668e-01
-1,004717e+00
-1,021168e+00
-1,031789e+00
-1,036481e+00
-1,035350e+00
-1,028405e+00
-1,015584e+00
-9,968767e-01
-9,725787e-01
-9,427764e-01
-9,076695e-01
-8,672389e-01
-8,219700e-01
-7,720712e-01
-7,177455e-01
-6,593182e-01
-5,971336e-01
-5,316167e-01
-4,631205e-01
-3,918136e-01
-3,183225e-01
-2,432893e-01
-1,667173e-01
-8,889395e-02
-1,097771e-02
6,698157e-02
1,451474e-01
2,219672e-01
2,974549e-01
3,714675e-01
4,435248e-01
5,128283e-01
5,791816e-01
6,424059e-01
7,019622e-01
7,574756e-01
8,086360e-01
8,552491e-01
8,970446e-01
9,337368e-01
9,650210e-01
9,909111e-01
1,011166e+00
1,025739e+00
1,034374e+00
1,037113e+00
1,034114e+00
1,025132e+00
1,010340e+00
9,897493e-01
9,636337e-01
9,320948e-01
8,951289e-01
8,530701e-01
8,062866e-01
7,548680e-01
6,991085e-01
6,393508e-01
5,760474e-01
5,095305e-01
4,400222e-01
3,679270e-01
2,938645e-01
2,183028e-01
1,413591e-01
6,307621e-02
-1,424796e-02
-9,272875e-02
-1,705056e-01
-2,468934e-01
-3,219611e-01
-3,953902e-01
-4,665801e-01
-5,349610e-01
-6,002816e-01
-6,622545e-01
-7,205304e-01
-7,746891e-01
-8,242609e-01
-8,693284e-01
-9,094939e-01
-9,444081e-01
-9,739092e-01
-9,979438e-01
-1,016311e+00
-1,028930e+00
-1,035545e+00
-1,036405e+00
-1,031362e+00
-1,020481e+00
-1,003739e+00
-9,812724e-01
-9,533290e-01
-9,199312e-01
-8,812700e-01
-8,375794e-01
-7,892572e-01
-7,363653e-01
-6,792805e-01
-6,182284e-01
-5,538372e-01
-4,863083e-01
-4,158465e-01
-3,430628e-01
-2,684375e-01
-1,924524e-01
-1,150026e-01
-3,644778e-02
4,064230e-02
1,192160e-01
1,964972e-01
2,724547e-01
3,469923e-01
4,197536e-01
4,900278e-01
5,573932e-01
6,216983e-01
6,825232e-01
7,394083e-01
7,920782e-01
8,402128e-01
8,836779e-01
9,220947e-01
9,552137e-01
9,829162e-01
1,005057e+00
1,021538e+00
1,032156e+00
1,036855e+00
1,035770e+00
1,028799e+00
1,015873e+00
9,972536e-01
9,729815e-01
9,431482e-01
9,079862e-01
8,676743e-01
8,223521e-01
7,725308e-01
7,182016e-01
6,597330e-01
5,975312e-01
5,320866e-01
4,635026e-01
3,922405e-01
3,187425e-01
2,436318e-01
1,671940e-01
8,932769e-02
1,136325e-02
-6,653923e-02
-1,447050e-01
-2,215662e-01
-2,970453e-01
-3,711783e-01
-4,431135e-01
-5,124514e-01
-5,788443e-01
-6,420100e-01
-7,016163e-01
-7,570969e-01
-8,082488e-01
-8,548653e-01
-8,967004e-01
-9,333598e-01
-9,646957e-01
-9,905582e-01
-1,010863e+00
-1,025343e+00
-1,034020e+00
-1,036765e+00
-1,033712e+00
-1,024753e+00
-1,009973e+00
-9,894274e-01
-9,632981e-01
-9,317213e-01
-8,947348e-01
-8,526604e-01
-8,058374e-01
-7,544824e-01
-6,987350e-01
-6,389927e-01
-5,756980e-01
-5,091725e-01
-4,396315e-01
-3,675604e-01
-2,934927e-01
-2,179311e-01
-1,409770e-01
-6,265968e-02
1,458187e-02
9,309708e-02
1,708412e-01
2,472394e-01
3,222658e-01
3,957138e-01
4,668744e-01
5,352450e-01
6,006069e-01
6,626642e-01
7,208935e-01
7,750230e-01
8,246465e-01
8,697604e-01
9,098674e-01
9,447765e-01
9,742879e-01
9,983190e-01
1,016681e+00
1,029257e+00
1,035954e+00
1,036767e+00
1,031767e+00
1,020892e+00
1,004147e+00
9,816752e-01
9,537301e-01
9,203804e-01
8,816916e-01
8,379874e-01
7,896548e-01
7,367990e-01
6,796712e-01
6,186690e-01
5,542090e-01
4,867128e-01
4,162665e-01
3,434380e-01
2,688609e-01
1,928293e-01
1,154639e-01
3,682472e-02
-4,020340e-02
-1,187565e-01
-1,961288e-01
-2,720623e-01
-3,465792e-01
-4,193422e-01
-4,896388e-01
-5,570128e-01
-6,212955e-01
-6,821445e-01
-7,390228e-01
-7,917202e-01
-8,398652e-01
-8,833113e-01
-9,217246e-01
-9,548901e-01
-9,825599e-01
-1,004679e+00
-1,021152e+00
-1,031803e+00
-1,036471e+00
-1,035390e+00
-1,028366e+00
-1,015553e+00
-9,968922e-01
-9,725839e-01
-9,428281e-01
-9,076385e-01
-8,672406e-01
-8,219821e-01
-7,721280e-01
-7,178195e-01
-6,593303e-01
-5,971491e-01
-5,316839e-01
-4,631653e-01
-3,918601e-01
-3,183656e-01
-2,433082e-01
-1,667878e-01
-8,889912e-02
-1,099664e-02
6,689723e-02
1,450768e-01
2,218795e-01
2,974102e-01
3,714348e-01
4,434767e-01
5,127853e-01
5,791920e-01
6,423060e-01
7,019433e-01
7,574050e-01
8,086188e-01
8,552061e-01
8,970291e-01
9,336869e-01
9,650159e-01
9,908887e-01
1,011181e+00
1,025722e+00
1,034333e+00
1,037133e+00
1,034096e+00
1,025175e+00
1,010345e+00
9,898474e-01
9,636871e-01
9,320931e-01
8,951083e-01
8,531028e-01
8,062866e-01
7,549144e-01
6,991860e-01
6,394076e-01
5,760680e-01
5,095443e-01
4,400515e-01
3,679821e-01
2,939007e-01
2,183304e-01
1,414176e-01
6,307621e-02
-1,422214e-02
-9,271842e-02
-1,704471e-01
-2,468521e-01
-3,218819e-01
-3,953920e-01
-4,665457e-01
-5,348784e-01
-6,002730e-01
-6,622477e-01
-7,205390e-01
-7,746254e-01
-8,242644e-01
-8,693215e-01
-9,094956e-01
-9,443617e-01
-9,739040e-01
-9,979128e-01
-1,016321e+00
-1,028927e+00
-1,035541e+00
-1,036395e+00
-1,031352e+00
-1,020488e+00
-1,003706e+00
-9,813034e-01
-9,533325e-01
-9,199742e-01
-8,813009e-01
-8,376311e-01
-7,892675e-01
-7,364066e-01
-6,792805e-01
-6,182904e-01
-5,538734e-01
-4,863617e-01
-4,159257e-01
-3,430886e-01
-2,685132e-01
-1,924180e-01
-1,150611e-01
