4.349915e-01
9.529557e-01
9.547958e-01
4.388766e-01
-3.154163e-01
-8.992133e-01
-9.958299e-01
-5.523539e-01
1.912535e-01
8.318939e-01
1.022230e+00
6.584723e-01
-6.274376e-02
-7.503707e-01
-1.031728e+00
-7.537033e-01
-6.642391e-02
6.575411e-01
1.025837e+00
8.383215e-01
1.959584e-01
-5.531246e-01
-1.002926e+00
-9.091711e-01
-3.220786e-01
4.404093e-01
9.649244e-01
9.668535e-01
4.445141e-01
-3.194202e-01
-9.107364e-01
-1.008700e+00
-5.595657e-01
1.937144e-01
8.427427e-01
1.035642e+00
6.671737e-01
-6.351008e-02
-7.603478e-01
-1.045528e+00
-7.638334e-01
-6.739221e-02
6.664207e-01
1.039757e+00
8.497585e-01
1.986821e-01
-5.607048e-01
-1.016766e+00
-9.217799e-01
-3.265756e-01
4.465057e-01
9.784183e-01
9.804737e-01
4.508126e-01
-3.238860e-01
-9.236600e-01
-1.023088e+00
-5.675794e-01
1.964173e-01
8.548466e-01
1.050570e+00
6.768434e-01
-6.440859e-02
-7.713674e-01
-1.060813e+00
-7.750520e-01
-6.840656e-02
6.761706e-01
1.055112e+00
8.623598e-01
2.016539e-01
-5.689962e-01
-1.031938e+00
-9.355945e-01
-3.315047e-01
4.531725e-01
9.931255e-01
9.952611e-01
4.576516e-01
-3.287735e-01
-9.376514e-01
-1.038655e+00
-5.762689e-01
1.993920e-01
8.678830e-01
1.066684e+00
6.872482e-01
-6.537244e-02
-7.832529e-01
-1.077190e+00
-7.870504e-01
-6.948773e-02
6.866304e-01
1.071478e+00
8.757676e-01
2.048395e-01
-5.778491e-01
-1.048032e+00
-9.502275e-01
-3.367294e-01
4.602402e-01
1.008684e+00
1.010900e+00
4.648679e-01
-3.339165e-01
-9.523943e-01
-1.055041e+00
-5.853876e-01
2.025123e-01
8.815715e-01
1.083534e+00
6.981787e-01
-6.638084e-02
-7.956270e-01
-1.094229e+00
-7.995626e-01
-7.063277e-02
6.974941e-01
1.088492e+00
8.897219e-01
2.081261e-01
-5.870123e-01
-1.064683e+00
-9.653536e-01
-3.421546e-01
4.675366e-01
1.024699e+00
1.026969e+00
4.723158e-01
-3.391932e-01
-9.675159e-01
-1.071781e+00
-5.947513e-01
2.056474e-01
8.955495e-01
1.100750e+00
7.092727e-01
-6.737142e-02
-8.082135e-01
-1.111582e+00
-8.122471e-01
-7.182829e-02
7.084974e-01
1.105673e+00
9.037786e-01
2.114839e-01
-5.962127e-01
-1.081471e+00
-9.805910e-01
-3.475723e-01
4.748138e-01
1.040777e+00
1.043108e+00
4.797399e-01
-3.444387e-01
-9.826538e-01
-1.088560e+00
-6.040572e-01
2.088241e-01
9.094399e-01
1.117864e+00
7.203146e-01
-6.837537e-02
-8.206841e-01
-1.128774e+00
-8.248291e-01
-7.297036e-02
7.193508e-01
1.122653e+00
9.176646e-01
2.147572e-01
-6.053151e-01
-1.097955e+00
-9.955388e-01
-3.528861e-01
4.819780e-01
1.056511e+00
1.058886e+00
4.870052e-01
-3.495951e-01
-9.973863e-01
-1.104904e+00
-6.131269e-01
2.118998e-01
9.229665e-01
1.134473e+00
7.310224e-01
-6.936149e-02
-8.327850e-01
-1.145394e+00
-8.369611e-01
-7.407381e-02
7.298194e-01
1.139008e+00
9.310352e-01
2.178923e-01
-6.140328e-01
-1.113783e+00
-1.009890e+00
-3.579786e-01
4.888185e-01
1.071555e+00
1.073940e+00
4.939318e-01
-3.544990e-01
-1.011401e+00
-1.120429e+00
-6.217584e-01
2.148106e-01
9.357520e-01
1.150185e+00
7.411569e-01
-7.027039e-02
-8.441714e-01
-1.161037e+00
-8.484159e-01
-7.511340e-02
7.396451e-01
1.154323e+00
9.435459e-01
2.208744e-01
-6.221609e-01
-1.128526e+00
-1.023219e+00
-3.627696e-01
4.951838e-01
1.085495e+00
1.087889e+00
5.003862e-01
-3.590271e-01
-1.024346e+00
-1.134725e+00
-6.297143e-01
2.174586e-01
9.474979e-01
1.164588e+00
7.504241e-01
-7.107830e-02
-8.545763e-01
-1.175287e+00
-8.588015e-01
-7.613369e-02
7.485618e-01
1.168227e+00
9.548686e-01
2.235462e-01
-6.294796e-01
-1.141826e+00
-1.035268e+00
-3.670394e-01
5.008540e-01
1.098011e+00
1.100405e+00
5.061277e-01
-3.630325e-01
-1.035887e+00
-1.147466e+00
-6.367701e-01
2.198452e-01
9.578908e-01
1.177339e+00
7.586131e-01
-7.180602e-02
-8.636979e-01
-1.187851e+00
-8.679246e-01
-7.696981e-02
7.563305e-01
1.180347e+00
9.647417e-01
2.258659e-01
-6.358523e-01
-1.153359e+00
-1.045674e+00
-3.707329e-01
5.057772e-01
1.108759e+00
1.111119e+00
5.110702e-01
-3.664914e-01
-1.045727e+00
-1.158339e+00
-6.427775e-01
2.218383e-01
9.667110e-01
1.188139e+00
7.655442e-01
-7.242680e-02
-8.713879e-01
-1.198369e+00
-8.755923e-01
-7.766485e-02
7.628220e-01
1.190428e+00
9.729663e-01
2.277996e-01
-6.411186e-01
-1.162854e+00
-1.054250e+00
-3.737700e-01
5.097930e-01
1.117532e+00
1.119869e+00
5.150682e-01
-3.692567e-01
-1.053646e+00
-1.167065e+00
-6.476309e-01
2.234303e-01
9.737208e-01
1.196704e+00
7.710437e-01
-7.287977e-02
-8.774176e-01
-1.206602e+00
-8.815952e-01
-7.823069e-02
7.678506e-01
1.198203e+00
9.792633e-01
2.293263e-01
-6.451047e-01
-1.170049e+00
-1.060717e+00
-3.761165e-01
5.127885e-01
1.124086e+00
1.126362e+00
5.180800e-01
-3.712527e-01
-1.059468e+00
-1.173438e+00
-6.511328e-01
2.245130e-01
9.787480e-01
1.202801e+00
7.749392e-01
-7.317085e-02
-8.816487e-01
-1.212347e+00
-8.857491e-01
-7.867771e-02
7.712293e-01
1.203494e+00
9.835137e-01
2.303392e-01
-6.477126e-01
-1.174807e+00
-1.064975e+00
-3.776180e-01
5.146583e-01
1.128237e+00
1.130470e+00
5.199469e-01
-3.725017e-01
-1.062977e+00
-1.177304e+00
-6.532447e-01
2.251709e-01
9.816380e-01
1.206329e+00
7.771639e-01
-7.332233e-02
-8.839343e-01
-1.215472e+00
-8.879739e-01
-7.890494e-02
7.729818e-01
1.206139e+00
9.856300e-01
2.308367e-01
-6.489467e-01
-1.176959e+00
-1.066852e+00
-3.782892e-01
5.154484e-01
1.129891e+00
1.132058e+00
5.206642e-01
-3.729250e-01
-1.064167e+00
-1.178556e+00
-6.538952e-01
2.253343e-01
9.823954e-01
1.207174e+00
7.776673e-01
-7.331936e-02
-8.842774e-01
-1.215867e+00
-8.882471e-01
-7.895692e-02
7.729907e-01
1.206101e+00
9.855840e-01
2.308456e-01
-6.487165e-01
-1.176503e+00
-1.066400e+00
-3.781140e-01
5.150727e-01
1.129043e+00
1.131167e+00
5.202662e-01
-3.725151e-01
-1.062971e+00
-1.177152e+00
-6.531273e-01
2.249867e-01
9.809222e-01
1.205294e+00
7.764570e-01
-7.314412e-02
-8.826437e-01
-1.213562e+00
-8.865051e-01
-7.887523e-02
7.712872e-01
1.203387e+00
9.832806e-01
2.303555e-01
-6.470487e-01
-1.173411e+00
-1.063527e+00
-3.771427e-01
5.135474e-01
1.125676e+00
1.127723e+00
5.186682e-01
-3.712260e-01
-1.059435e+00
-1.173168e+00
-6.508833e-01
2.241061e-01
9.773163e-01
1.200778e+00
7.735119e-01
-7.278620e-02
-8.790809e-01
-1.208585e+00
-8.828190e-01
-7.857672e-02
7.678685e-01
1.198039e+00
9.788549e-01
2.293322e-01
-6.439344e-01
-1.167786e+00
-1.058369e+00
-3.752997e-01
5.108890e-01
1.119868e+00
1.121859e+00
5.159548e-01
-3.691824e-01
-1.053615e+00
-1.166644e+00
-6.472551e-01
2.227873e-01
9.715956e-01
1.193732e+00
7.689274e-01
-7.230651e-02
-8.736275e-01
-1.201054e+00
-8.772705e-01
-7.811188e-02
7.628814e-01
1.190174e+00
9.723871e-01
2.278323e-01
-6.395399e-01
-1.159733e+00
-1.051040e+00
-3.726918e-01
5.072163e-01
1.111820e+00
1.113730e+00
5.121960e-01
-3.664038e-01
-1.045677e+00
-1.157819e+00
-6.423275e-01
2.210259e-01
9.639769e-01
1.184291e+00
7.628220e-01
-7.169166e-02
-8.664855e-01
-1.191215e+00
-8.700498e-01
-7.749555e-02
7.564047e-01
1.180041e+00
9.640778e-01
2.258942e-01
-6.339038e-01
-1.149499e+00
-1.041720e+00
-3.693829e-01
5.025991e-01
1.101653e+00
1.103502e+00
5.075223e-01
-3.629479e-01
-1.035817e+00
-1.146847e+00
-6.362503e-01
2.188621e-01
9.546042e-01
1.172712e+00
7.553785e-01
-7.093425e-02
-8.578183e-01
-1.179221e+00
-8.612593e-01
-7.678566e-02
7.486241e-01
1.167847e+00
9.540710e-01
2.236204e-01
-6.271925e-01
-1.137311e+00
-1.030632e+00
-3.654934e-01
4.970966e-01
1.089681e+00
1.091469e+00
5.019738e-01
-3.588489e-01
-1.024261e+00
-1.134027e+00
-6.291158e-01
2.163240e-01
9.437256e-01
1.159320e+00
7.467187e-01
-7.003129e-02
-8.477625e-01
-1.165426e+00
-8.511664e-01
-7.590201e-02
7.396673e-01
1.153894e+00
9.426608e-01
2.209516e-01
-6.195248e-01
-1.123441e+00
-1.018024e+00
-3.610335e-01
4.909408e-01
1.076138e+00
1.077871e+00
4.957214e-01
-3.543074e-01
-1.011290e+00
-1.119636e+00
-6.211213e-01
2.135037e-01
9.315580e-01
1.144376e+00
7.370609e-01
-6.908080e-02
-8.366923e-01
-1.150148e+00
-8.399938e-01
-7.493816e-02
7.298491e-01
1.138538e+00
9.300921e-01
2.180274e-01
-6.111739e-01
-1.108251e+00
-1.004257e+00
-3.561564e-01
4.842102e-01
1.061424e+00
1.063109e+00
4.889314e-01
-3.493886e-01
-9.972527e-01
-1.104091e+00
-6.124853e-01
2.104934e-01
9.184754e-01
1.128280e+00
7.267422e-01
-6.807092e-02
-8.247875e-01
-1.133781e+00
-8.280593e-01
-7.389708e-02
7.193582e-01
1.122155e+00
9.167393e-01
2.149131e-01
-6.022780e-01
-1.092138e+00
-9.896711e-01
-3.510134e-01
4.771113e-01
1.045839e+00
1.047509e+00
4.817983e-01
-3.441818e-01
-9.824860e-01
-1.087727e+00
-6.034483e-01
2.073345e-01
9.047603e-01
1.111432e+00
7.158859e-01
-6.697489e-02
-8.123674e-01
-1.116699e+00
-8.155575e-01
-7.285452e-02
7.084648e-01
1.105165e+00
9.028385e-01
2.117231e-01
-5.930910e-01
-1.075488e+00
-9.745792e-01
-3.456788e-01
4.697435e-01
1.029808e+00
1.031439e+00
4.744217e-01
-3.388219e-01
-9.673214e-01
-1.070991e+00
-5.941692e-01
2.040672e-01
8.907763e-01
1.094235e+00
7.048173e-01
-6.591896e-02
-7.997156e-01
-1.099360e+00
-8.029190e-01
-7.173622e-02
6.973708e-01
1.087969e+00
8.888026e-01
2.084498e-01
-5.837703e-01
-1.058678e+00
-9.593626e-01
-3.403234e-01
4.623921e-01
1.013681e+00
1.015333e+00
4.670391e-01
-3.334859e-01
-9.521716e-01
-1.054209e+00
-5.848931e-01
2.008549e-01
8.767879e-01
1.077123e+00
6.938080e-01
-6.484522e-02
-7.871989e-01
-1.082174e+00
-7.903860e-01
-7.063871e-02
6.864640e-01
1.070966e+00
8.749300e-01
2.052212e-01
-5.746278e-01
-1.042170e+00
-9.444444e-01
-3.350304e-01
4.551700e-01
9.979091e-01
9.995739e-01
4.598110e-01
-3.282879e-01
-9.373871e-01
-1.037896e+00
-5.758427e-01
1.977198e-01
8.632257e-01
1.060515e+00
6.831671e-01
-6.382196e-02
-7.750520e-01
-1.065554e+00
-7.783238e-01
-6.957981e-02
6.759508e-01
1.054595e+00
8.616410e-01
2.021054e-01
-5.658656e-01
-1.026318e+00
-9.301486e-01
-3.300196e-01
4.482715e-01
9.828528e-01
9.845474e-01
4.529720e-01
-3.233454e-01
-9.233482e-01
-1.022399e+00
-5.673121e-01
1.947480e-01
8.504105e-01
1.044827e+00
6.731083e-01
-6.281653e-02
-7.636403e-01
-1.049923e+00
-7.669195e-01
-6.863081e-02
6.660836e-01
1.039270e+00
8.491644e-01
1.992643e-01
-5.576558e-01
-1.011566e+00
-9.168121e-01
-3.253295e-01
4.418350e-01
9.689060e-01
9.706243e-01
4.465859e-01
-3.187177e-01
-9.103830e-01
-1.008113e+00
-5.594290e-01
1.919961e-01
8.386067e-01
1.030433e+00
6.638826e-01
-6.192991e-02
-7.531790e-01
-1.035652e+00
-7.565622e-01
-6.772340e-02
6.570897e-01
1.025375e+00
8.378626e-01
1.966356e-01
-5.502569e-01
-9.982536e-01
-9.048167e-01
-3.210984e-01
4.360905e-01
9.563492e-01
9.581284e-01
4.408934e-01
-3.146410e-01
-8.987975e-01
-9.953769e-01
-5.524252e-01
1.895798e-01
8.281707e-01
1.017687e+00
6.557144e-01
-6.114724e-02
-7.439787e-01
-1.023091e+00
-7.474479e-01
-6.693776e-02
6.492437e-01
1.013227e+00
8.280088e-01
1.943649e-01
-5.438441e-01
-9.866978e-01
-8.944520e-01
-3.174465e-01
4.311049e-01
9.455568e-01
9.474325e-01
4.360044e-01
-3.111451e-01
-8.889199e-01
-9.845429e-01
-5.464683e-01
1.875243e-01
8.193193e-01
1.006893e+00
6.488680e-01
-6.047151e-02
-7.362604e-01
-1.012561e+00
-7.398827e-01
-6.626203e-02
6.427195e-01
1.003153e+00
8.198836e-01
1.925174e-01
-5.385436e-01
-9.771752e-01
-8.859080e-01
-3.144955e-01
4.270639e-01
9.367678e-01
9.387163e-01
4.320881e-01
-3.083099e-01
-8.809566e-01
-9.758089e-01
-5.417010e-01
1.858476e-01
8.122649e-01
9.983487e-01
6.434339e-01
-5.991161e-02
-7.301877e-01
-1.004331e+00
-7.339362e-01
-6.579718e-02
6.376612e-01
9.953680e-01
8.136001e-01
1.910872e-01
-5.344610e-01
-9.699619e-01
-8.794641e-01
-3.122574e-01
4.239718e-01
9.302035e-01
9.322381e-01
4.291638e-01
-3.061921e-01
-8.751141e-01
-9.694703e-01
-5.382511e-01
1.846551e-01
8.071977e-01
9.922507e-01
6.395770e-01
-5.953588e-02
-7.258868e-01
-9.985923e-01
-7.298105e-01
-6.544669e-02
6.341652e-01
9.900646e-01
8.093853e-01
1.901248e-01
-5.317774e-01
-9.651783e-01
-8.752389e-01
-3.108064e-01
4.220040e-01
9.260036e-01
9.281674e-01
4.273446e-01
-3.048882e-01
-8.715201e-01
-9.656432e-01
-5.362016e-01
1.839378e-01
8.042348e-01
9.887295e-01
6.373864e-01
-5.932647e-02
-7.235448e-01
-9.954705e-01
-7.276422e-01
-6.528333e-02
6.323741e-01
9.874033e-01
8.073180e-01
1.896778e-01
-5.305002e-01
-9.629982e-01
-8.733973e-01
-3.101886e-01
4.211857e-01
9.243090e-01
9.265887e-01
4.266777e-01
-3.044115e-01
-8.702874e-01
-9.644090e-01
-5.356075e-01
1.837254e-01
8.034536e-01
9.878978e-01
6.369884e-01
-5.926261e-02
-7.231601e-01
-9.950636e-01
-7.274610e-01
-6.528630e-02
6.323043e-01
9.874285e-01
8.074546e-01
1.897758e-01
-5.306710e-01
-9.634437e-01
-8.739290e-01
-3.104500e-01
4.215006e-01
9.251407e-01
9.275318e-01
4.272168e-01
-3.047337e-01
-8.714577e-01
-9.658214e-01
-5.364600e-01
1.839689e-01
8.048705e-01
9.897617e-01
6.382538e-01
-5.933538e-02
-7.247373e-01
-9.973878e-01
-7.292313e-01
-6.551352e-02
6.339320e-01
9.901359e-01
8.097729e-01
1.903639e-01
-5.322586e-01
-9.665149e-01
-8.768057e-01
-3.115327e-01
4.229263e-01
9.284808e-01
9.310040e-01
4.288639e-01
-3.059100e-01
-8.749612e-01
-9.698208e-01
-5.387664e-01
1.847620e-01
8.084244e-01
9.943166e-01
6.412656e-01
-5.959231e-02
-7.282393e-01
-1.002348e+00
-7.329738e-01
-6.587292e-02
6.372810e-01
9.954794e-01
8.142283e-01
1.914495e-01
-5.352645e-01
-9.721168e-01
-8.820096e-01
-3.134277e-01
4.254807e-01
9.342267e-01
9.368777e-01
4.316321e-01
-3.078911e-01
-8.807398e-01
-9.763480e-01
-5.424406e-01
1.860110e-01
8.140797e-01
1.001369e+00
6.458962e-01
-6.001260e-02
-7.336154e-01
-1.009863e+00
-7.385609e-01
-6.639569e-02
6.422131e-01
1.003318e+00
8.207480e-01
1.930045e-01
-5.396233e-01
-9.801380e-01
-8.893936e-01
-3.160965e-01
4.290955e-01
9.422747e-01
9.450622e-01
4.354786e-01
-3.106119e-01
-8.886377e-01
-9.852246e-01
-5.474544e-01
1.876981e-01
8.216569e-01
1.010807e+00
6.520714e-01
-6.056953e-02
-7.406995e-01
-1.019732e+00
-7.458588e-01
-6.713380e-02
6.486319e-01
1.013451e+00
8.291360e-01
1.950495e-01
-5.452045e-01
-9.903572e-01
-8.987425e-01
-3.195019e-01
4.336445e-01
9.523869e-01
9.553037e-01
4.402444e-01
-3.139594e-01
-8.984589e-01
-9.961997e-01
-5.536385e-01
1.897535e-01
8.309924e-01
1.022374e+00
6.596114e-01
-6.122001e-02
-7.493415e-01
-1.031711e+00
-7.546983e-01
-6.795211e-02
6.563337e-01
1.025641e+00
8.391591e-01
1.974510e-01
-5.518118e-01
-1.002537e+00
-9.098869e-01
-3.234969e-01
4.390058e-01
9.643541e-01
9.673837e-01
4.458626e-01
-3.179484e-01
-9.099538e-01
-1.009061e+00
-5.608161e-01
1.921966e-01
8.418131e-01
1.035793e+00
6.683380e-01
-6.201159e-02
-7.592681e-01
-1.045503e+00
-7.648343e-01
-6.890259e-02
6.652029e-01
1.039557e+00
8.506377e-01
2.001658e-01
-5.593860e-01
-1.016357e+00
-9.224987e-01
-3.280295e-01
4.451141e-01
9.778257e-01
9.809979e-01
4.521804e-01
-3.224202e-01
-9.228774e-01
-1.023458e+00
-5.688596e-01
1.949262e-01
8.539035e-01
1.050746e+00
6.780181e-01
-6.288633e-02
-7.703026e-01
-1.060775e+00
-7.761065e-01
-6.993772e-02
6.749677e-01
1.054895e+00
8.632494e-01
2.031628e-01
-5.676804e-01
-1.031521e+00
-9.363430e-01
-3.329735e-01
4.517616e-01
9.925374e-01
9.958017e-01
4.590714e-01
-3.272929e-01
-9.368807e-01
-1.039034e+00
-5.776011e-01
1.978757e-01
8.669459e-01
1.066846e+00
6.884734e-01
-6.381454e-02
-7.821628e-01
-1.077138e+00
-7.881197e-01
-7.108276e-02
6.854022e-01
1.071266e+00
8.766913e-01
2.063989e-01
-5.765140e-01
-1.047618e+00
-9.509864e-01
-3.382502e-01
4.588100e-01
1.008079e+00
1.011445e+00
4.663084e-01
-3.323750e-01
-9.516042e-01
-1.055400e+00
-5.867435e-01
2.009321e-01
8.806165e-01
1.083696e+00
6.993758e-01
-6.476799e-02
-7.944924e-01
-1.094214e+00
-8.006378e-01
-7.225750e-02
6.962258e-01
1.088255e+00
8.906278e-01
2.097107e-01
-5.856297e-01
-1.064250e+00
-9.661140e-01
-3.436605e-01
4.660411e-01
1.024076e+00
1.027526e+00
4.737504e-01
-3.376338e-01
-9.666961e-01
-1.072195e+00
-5.960805e-01
2.040865e-01
8.945560e-01
1.100912e+00
7.104994e-01
-6.576154e-02
-8.070833e-01
-1.111553e+00
-8.133535e-01
-7.343372e-02
7.072128e-01
1.105455e+00
9.047083e-01
2.130463e-01
-5.948375e-01
-1.081017e+00
-9.813365e-01
-3.490961e-01
4.733405e-01
1.040143e+00
1.043679e+00
4.812058e-01
-3.428912e-01
-9.818118e-01
-1.088973e+00
-6.054220e-01
2.072276e-01
9.084523e-01
1.118041e+00
7.215562e-01
-6.675361e-02
-8.195495e-01
-1.128758e+00
-8.259578e-01
-7.460697e-02
7.180661e-01
1.122439e+00
9.186269e-01
2.163403e-01
-6.039161e-01
-1.097523e+00
-9.963408e-01
-3.544841e-01
4.804929e-01
1.055884e+00
1.059469e+00
4.885275e-01
-3.480253e-01
-9.965547e-01
-1.105314e+00
-6.145377e-01
2.102884e-01
9.219640e-01
1.134654e+00
7.323145e-01
-6.767439e-02
-8.316147e-01
-1.145362e+00
-8.381166e-01
-7.577874e-02
7.285348e-01
1.138768e+00
9.319946e-01
2.195527e-01
-6.126056e-01
-1.113320e+00
-1.010668e+00
-3.596033e-01
4.872695e-01
1.070911e+00
1.074531e+00
4.954719e-01
-3.528668e-01
-1.010556e+00
-1.120817e+00
-6.231738e-01
2.131280e-01
9.347436e-01
1.150359e+00
7.424356e-01
-6.856844e-02
-8.429715e-01
-1.161000e+00
-8.495313e-01
-7.683615e-02
7.382936e-01
1.154099e+00
9.445023e-01
2.225170e-01
-6.206891e-01
-1.128055e+00
-1.024030e+00
-3.643662e-01
4.936185e-01
1.084835e+00
1.088486e+00
5.019055e-01
-3.573801e-01
-1.023461e+00
-1.135135e+00
-6.311073e-01
2.157982e-01
9.464553e-01
1.164766e+00
7.517177e-01
-6.938377e-02
-8.533614e-01
-1.175278e+00
-8.599420e-01
-7.781040e-02
7.472044e-01
1.167991e+00
9.558428e-01
2.251932e-01
-6.280227e-01
-1.141364e+00
-1.036090e+00
-3.686433e-01
4.993080e-01
1.097361e+00
1.101007e+00
5.076648e-01
-3.614063e-01
-1.035005e+00
-1.147892e+00
-6.381795e-01
2.181477e-01
9.568616e-01
1.177538e+00
7.599601e-01
-7.010257e-02
-8.624994e-01
-1.187823e+00
-8.691424e-01
-7.867771e-02
7.550013e-01
1.180111e+00
9.657560e-01
2.275456e-01
-6.343820e-01
-1.152894e+00
-1.046532e+00
-3.724067e-01
5.042223e-01
1.108116e+00
1.111767e+00
5.126534e-01
-3.648399e-01
-1.044856e+00
-1.158763e+00
-6.442552e-01
2.201423e-01
9.656699e-01
1.188319e+00
7.669031e-01
-7.064762e-02
-8.701879e-01
-1.198354e+00
-8.767879e-01
-7.944701e-02
7.614883e-01
1.190202e+00
9.739495e-01
2.295387e-01
-6.396438e-01
-1.162377e+00
-1.055079e+00
-3.754675e-01
5.081861e-01
1.116878e+00
1.120487e+00
5.166781e-01
-3.675636e-01
-1.052786e+00
-1.167489e+00
-6.490893e-01
2.216794e-01
9.726500e-01
1.196897e+00
7.723832e-01
-7.110355e-02
-8.761804e-01
-1.206589e+00
-8.827789e-01
-8.001136e-02
7.664591e-01
1.197980e+00
9.802687e-01
2.310446e-01
-6.435824e-01
-1.169589e+00
-1.061548e+00
-3.777620e-01
5.111534e-01
1.123388e+00
1.126991e+00
5.196469e-01
-3.695998e-01
-1.058574e+00
-1.173846e+00
-6.525793e-01
2.228051e-01
9.776801e-01
1.203014e+00
7.762832e-01
-7.141840e-02
-8.803982e-01
-1.212325e+00
-8.869402e-01
-8.041977e-02
7.698763e-01
1.203259e+00
9.845310e-01
2.320530e-01
-6.462185e-01
-1.174325e+00
-1.065820e+00
-3.792769e-01
5.130826e-01
1.127559e+00
1.131109e+00
5.215226e-01
-3.708354e-01
-1.062110e+00
-1.177723e+00
-6.547016e-01
2.234541e-01
9.805925e-01
1.206527e+00
7.785421e-01
-7.156840e-02
-8.827135e-01
-1.215436e+00
-8.891709e-01
-8.065442e-02
7.716258e-01
1.205901e+00
9.866800e-01
2.325624e-01
-6.474645e-01
-1.176509e+00
-1.067724e+00
-3.799853e-01
5.138549e-01
1.129233e+00
1.132714e+00
5.222889e-01
-3.712586e-01
-1.063299e+00
-1.178984e+00
-6.553951e-01
2.235670e-01
9.813395e-01
1.207369e+00
7.790426e-01
-7.152978e-02
-8.830551e-01
-1.215837e+00
-8.894382e-01
-8.075838e-02
7.716422e-01
1.205882e+00
9.865865e-01
2.325891e-01
-6.471942e-01
-1.176050e+00
-1.067236e+00
-3.798130e-01
5.134435e-01
1.128382e+00
1.131794e+00
5.218448e-01
-3.707879e-01
-1.062117e+00
-1.177586e+00
-6.546050e-01
2.232269e-01
9.798514e-01
1.205508e+00
7.778055e-01
-7.135751e-02
-8.813977e-01
-1.213511e+00
-8.876872e-01
-8.063066e-02
7.699075e-01
1.203148e+00
9.842845e-01
2.320708e-01
-6.455190e-01
-1.172954e+00
-1.064375e+00
-3.787808e-01
5.119286e-01
1.125002e+00
1.128352e+00
5.202483e-01
-3.695611e-01
-1.058556e+00
-1.173576e+00
-6.523462e-01
2.223878e-01
9.762485e-01
1.200992e+00
7.748545e-01
-7.104860e-02
-8.778319e-01
-1.208552e+00
-8.840100e-01
-8.031878e-02
7.665289e-01
1.197806e+00
9.798573e-01
2.310461e-01
-6.424537e-01
-1.167319e+00
-1.059217e+00
-3.769393e-01
5.093133e-01
1.119219e+00
1.122492e+00
5.175291e-01
-3.675384e-01
-1.052753e+00
-1.167076e+00
-6.487403e-01
2.210823e-01
9.705723e-01
1.193951e+00
7.702848e-01
-7.057485e-02
-8.724260e-01
-1.201053e+00
-8.784883e-01
-7.983611e-02
7.615477e-01
1.189953e+00
9.734074e-01
2.295713e-01
-6.380637e-01
-1.159285e+00
-1.051889e+00
-3.743774e-01
5.056584e-01
1.111159e+00
1.114348e+00
5.137895e-01
-3.647761e-01
-1.044821e+00
-1.158238e+00
-6.438067e-01
2.192972e-01
9.629491e-01
1.184499e+00
7.641809e-01
-6.993178e-02
-8.652915e-01
-1.191176e+00
-8.712216e-01
-7.925246e-02
7.550963e-01
1.179809e+00
9.650848e-01
2.276199e-01
-6.323979e-01
-1.149058e+00
-1.042546e+00
-3.710388e-01
5.010174e-01
1.101023e+00
1.104139e+00
5.090623e-01
-3.612934e-01
-1.034979e+00
-1.147258e+00
-6.376894e-01
2.171408e-01
9.535602e-01
1.172949e+00
7.566884e-01
-6.919516e-02
-8.565975e-01
-1.179202e+00
-8.624281e-01
-7.847871e-02
7.472756e-01
1.167615e+00
9.550690e-01
2.252778e-01
-6.257118e-01
-1.136865e+00
-1.031448e+00
-3.670929e-01
4.955699e-01
1.089031e+00
1.092062e+00
5.034619e-01
-3.572940e-01
-1.023433e+00
-1.134427e+00
-6.304925e-01
2.147111e-01
9.427172e-01
1.159531e+00
7.479766e-01
-6.840359e-02
-8.466427e-01
-1.165403e+00
-8.522832e-01
-7.753713e-02
7.384065e-01
1.153687e+00
9.436157e-01
2.225586e-01
-6.181407e-01
-1.123002e+00
-1.018842e+00
-3.625840e-01
4.894631e-01
1.075525e+00
1.078468e+00
4.971902e-01
-3.527658e-01
-1.010490e+00
-1.120037e+00
-6.225099e-01
2.119072e-01
9.305986e-01
1.144575e+00
7.383367e-01
-6.748578e-02
-8.355711e-01
-1.150145e+00
-8.411225e-01
-7.654507e-02
7.286061e-01
1.138340e+00
9.310486e-01
2.196536e-01
-6.098091e-01
-1.107849e+00
-1.005064e+00
-3.577128e-01
4.827577e-01
1.060801e+00
1.063697e+00
4.904076e-01
-3.478619e-01
-9.964730e-01
-1.104478e+00
-6.138665e-01
2.088820e-01
9.175309e-01
1.128477e+00
7.279675e-01
-6.644618e-02
-8.236707e-01
-1.133767e+00
-8.291404e-01
-7.551439e-02
7.181003e-01
1.121966e+00
9.176646e-01
2.165170e-01
-6.008998e-01
-1.091729e+00
-9.904270e-01
-3.525178e-01
4.756558e-01
1.045236e+00
1.048077e+00
4.832151e-01
-3.426521e-01
-9.816841e-01
-1.088110e+00
-6.047656e-01
2.057439e-01
9.038142e-01
1.111615e+00
7.170919e-01
-6.541996e-02
-8.112506e-01
-1.116700e+00
-8.166564e-01
-7.442133e-02
7.072172e-01
1.104951e+00
9.037489e-01
2.132572e-01
-5.917306e-01
-1.075073e+00
-9.753218e-01
-3.471624e-01
4.683490e-01
1.029195e+00
1.032006e+00
4.758459e-01
-3.373531e-01
-9.665536e-01
-1.071361e+00
-5.954598e-01
2.025420e-01
8.898228e-01
1.094440e+00
7.060069e-01
-6.437443e-02
-7.986314e-01
-1.099361e+00
-8.039809e-01
-7.327927e-02
6.961902e-01
1.087752e+00
8.896936e-01
2.099617e-01
-5.824871e-01
-1.058280e+00
-9.601200e-01
-3.417551e-01
4.609961e-01
1.013103e+00
1.015901e+00
4.684322e-01
-3.320408e-01
-9.514082e-01
-1.054589e+00
-5.862222e-01
1.993475e-01
8.758834e-01
1.077322e+00
6.950169e-01
-6.333335e-02
-7.861296e-01
-1.082162e+00
-7.914568e-01
-7.219215e-02
6.852997e-01
1.070767e+00
8.758389e-01
2.067568e-01
-5.733506e-01
-1.041772e+00
-9.451825e-01
-3.364873e-01
4.538036e-01
9.973477e-01
1.000125e+00
4.612129e-01
-3.268147e-01
-9.366549e-01
-1.038260e+00
-5.771630e-01
1.962138e-01
8.623405e-01
1.060709e+00
6.843061e-01
-6.228485e-02
-7.740169e-01
-1.065532e+00
-7.793470e-01
-7.110355e-02
6.747642e-01
1.054403e+00
8.624935e-01
2.036187e-01
-5.645691e-01
-1.025950e+00
-9.308585e-01
-3.314096e-01
4.468889e-01
9.822989e-01
9.850954e-01
4.543190e-01
-3.218944e-01
-9.225982e-01
-1.022748e+00
-5.685566e-01
1.932569e-01
8.495164e-01
1.045006e+00
6.742295e-01
-6.133437e-02
-7.625814e-01
-1.049896e+00
-7.679397e-01
-7.009812e-02
6.649252e-01
1.039080e+00
8.500318e-01
2.006930e-01
-5.564157e-01
-1.011180e+00
-9.175250e-01
-3.267048e-01
4.405102e-01
9.683327e-01
9.711471e-01
4.479106e-01
-3.173247e-01
-9.096464e-01
-1.008477e+00
-5.606513e-01
1.905525e-01
8.377468e-01
1.030601e+00
6.649816e-01
-6.047448e-02
-7.521558e-01
-1.035628e+00
-7.575839e-01
-6.917882e-02
6.559728e-01
1.025186e+00
8.387166e-01
1.980688e-01
-5.490301e-01
-9.978660e-01
-9.055355e-01
-3.224677e-01
4.347717e-01
9.557982e-01
9.586928e-01
4.422345e-01
-3.132643e-01
-8.980906e-01
-9.957274e-01
-5.536667e-01
1.881600e-01
8.273182e-01
1.017847e+00
6.568446e-01
-5.970667e-02
-7.429777e-01
-1.023054e+00
-7.484578e-01
-6.840359e-02
6.481388e-01
1.013041e+00
8.288672e-01
1.958039e-01
-5.426263e-01
-9.863162e-01
-8.951173e-01
-3.188232e-01
4.298203e-01
9.450221e-01
9.479478e-01
4.373365e-01
-3.097416e-01
-8.882055e-01
-9.848741e-01
-5.476772e-01
1.860719e-01
8.184757e-01
1.007074e+00
6.499581e-01
-5.902499e-02
-7.352639e-01
-1.012544e+00
-7.408525e-01
-6.772637e-02
6.415909e-01
1.002956e+00
8.206990e-01
1.939134e-01
-5.372991e-01
-9.768069e-01
-8.865853e-01
-3.158336e-01
4.257377e-01
9.362183e-01
9.392227e-01
4.333876e-01
-3.069243e-01
-8.802393e-01
-9.761609e-01
-5.429070e-01
1.844501e-01
8.114110e-01
9.985180e-01
6.445091e-01
-5.851262e-02
-7.291734e-01
-1.004297e+00
-7.348897e-01
-6.720509e-02
6.365399e-01
9.951601e-01
8.144080e-01
1.924654e-01
-5.332670e-01
-9.695788e-01
-8.801190e-01
-3.135628e-01
4.226976e-01
9.296525e-01
9.327698e-01
4.304366e-01
-3.048496e-01
-8.744042e-01
-9.697986e-01
-5.394303e-01
1.832724e-01
8.063571e-01
9.924111e-01
6.406478e-01
-5.813391e-02
-7.249007e-01
-9.985581e-01
-7.308041e-01
-6.684568e-02
6.330825e-01
9.898656e-01
8.102095e-01
1.915015e-01
-5.305848e-01
-9.648174e-01
-8.759369e-01
-3.121193e-01
4.207357e-01
9.254719e-01
9.286887e-01
4.286530e-01
-3.035516e-01
-8.708266e-01
-9.659432e-01
-5.373838e-01
1.825610e-01
8.034076e-01
9.888973e-01
6.384810e-01
-5.793194e-02
-7.225497e-01
-9.954438e-01
-7.286194e-01
-6.670608e-02
6.312974e-01
9.871969e-01
8.081214e-01
1.910857e-01
-5.292972e-01
-9.626358e-01
-8.740716e-01
-3.115564e-01
4.198640e-01
9.237759e-01
9.271189e-01
4.279639e-01
-3.030452e-01
-8.695969e-01
-9.647239e-01
-5.367853e-01
1.823115e-01
8.026190e-01
9.880657e-01
6.380310e-01
-5.783243e-02
-7.221458e-01
-9.950339e-01
-7.283996e-01
-6.670905e-02
6.312009e-01
9.872206e-01
8.082358e-01
1.911570e-01
-5.294413e-01
-9.630650e-01
-8.745720e-01
-3.117703e-01
4.201862e-01
9.245897e-01
9.280427e-01
4.284703e-01
-3.034016e-01
-8.707404e-01
-9.661140e-01
-5.376288e-01
1.825863e-01
8.040106e-01
9.899295e-01
6.393201e-01
-5.793045e-02
-7.237349e-01
-9.973403e-01
-7.301714e-01
-6.690212e-02
6.328538e-01
9.899369e-01
8.105644e-01
1.917406e-01
-5.310660e-01
-9.661169e-01
-8.774532e-01
-3.128530e-01
4.216417e-01
9.279342e-01
9.315223e-01
4.301366e-01
-3.045793e-01
-8.742498e-01
-9.701416e-01
-5.399248e-01
1.833719e-01
8.075927e-01
9.944606e-01
6.423141e-01
-5.819332e-02
-7.272487e-01
-1.002320e+00
-7.339525e-01
-6.726746e-02
6.361761e-01
9.952715e-01
8.150466e-01
1.928396e-01
-5.340749e-01
-9.717307e-01
-8.826779e-01
-3.147925e-01
4.241902e-01
9.336743e-01
9.374109e-01
4.329346e-01
-3.065441e-01
-8.800240e-01
-9.766732e-01
-5.436659e-01
1.846046e-01
8.132377e-01
1.001533e+00
6.469908e-01
-5.855866e-02
-7.326204e-01
-1.009832e+00
-7.395426e-01
-6.785557e-02
6.411112e-01
1.003101e+00
8.215544e-01
1.944421e-01
-5.384026e-01
-9.797519e-01
-8.900456e-01
-3.174687e-01
4.277500e-01
9.417103e-01
9.455939e-01
4.367529e-01
-3.092278e-01
-8.879159e-01
-9.855350e-01
-5.486618e-01
1.862531e-01
8.208074e-01
1.010960e+00
6.531600e-01
-5.910370e-02
-7.396688e-01
-1.019684e+00
-7.468182e-01
-6.855358e-02
6.474913e-01
1.013230e+00
8.299320e-01
1.964604e-01
-5.439332e-01
-9.899651e-01
-8.994138e-01
-3.208519e-01
4.322960e-01
9.518092e-01
9.558205e-01
4.415454e-01
-3.125871e-01
-8.977252e-01
-9.965160e-01
-5.548340e-01
1.883308e-01
8.300998e-01
1.022531e+00
6.606911e-01
-5.976904e-02
-7.482989e-01
-1.031675e+00
-7.556859e-01
-6.939417e-02
6.552065e-01
1.025406e+00
8.399938e-01
1.988648e-01
-5.505702e-01
-1.002136e+00
-9.105760e-01
-3.248632e-01
4.376722e-01
9.637674e-01
9.679228e-01
4.471636e-01
-3.165524e-01
-9.092201e-01
-1.009383e+00
-5.620235e-01
1.907545e-01
8.409339e-01
1.035958e+00
6.694519e-01
-6.054428e-02
-7.582255e-01
-1.045467e+00
-7.658695e-01
-7.036099e-02
6.640594e-01
1.039331e+00
8.515035e-01
2.016108e-01
-5.581236e-01
-1.015961e+00
-9.232086e-01
-3.294448e-01
4.437731e-01
9.772509e-01
9.815400e-01
4.535423e-01
-3.210093e-01
-9.221259e-01
-1.023779e+00
-5.701220e-01
1.934560e-01
8.530198e-01
1.050901e+00
6.791602e-01
-6.135071e-02
-7.692511e-01
-1.060732e+00
-7.771119e-01
-7.144959e-02
6.738063e-01
1.054653e+00
8.641093e-01
2.046702e-01
-5.664121e-01
-1.031109e+00
-9.370232e-01
-3.344170e-01
4.503611e-01
9.919433e-01
9.963363e-01
4.604110e-01
-3.258226e-01
-9.361188e-01
-1.039366e+00
-5.788605e-01
1.963416e-01
8.660415e-01
1.067008e+00
6.896140e-01
-6.227446e-02
-7.810683e-01
-1.077110e+00
-7.891325e-01
-7.259314e-02
6.841933e-01
1.071034e+00
8.775468e-01
2.079018e-01
-5.751803e-01
-1.047186e+00
-9.516844e-01
-3.396907e-01
4.573917e-01
1.007466e+00
1.011975e+00
4.676584e-01
-3.309240e-01
-9.508216e-01
-1.055746e+00
-5.880148e-01
1.994113e-01
8.796616e-01
1.083871e+00
7.005475e-01
-6.323088e-02
-7.934157e-01
-1.094178e+00
-8.016730e-01
-7.377827e-02
6.950288e-01
1.088012e+00
8.914951e-01
2.112300e-01
-5.843124e-01
-1.063821e+00
-9.668372e-01
-3.451144e-01
4.646228e-01
1.023467e+00
1.028085e+00
4.751286e-01
-3.361591e-01
-9.659149e-01
-1.072555e+00
-5.973889e-01
2.025494e-01
8.936188e-01
1.101069e+00
7.116979e-01
-6.420067e-02
-8.059947e-01
-1.111508e+00
-8.144094e-01
-7.497825e-02
7.059861e-01
1.105207e+00
9.056231e-01
2.146265e-01
-5.935127e-01
-1.080594e+00
-9.820910e-01
-3.506198e-01
4.718955e-01
1.039525e+00
1.044257e+00
4.826211e-01
-3.413882e-01
-9.810232e-01
-1.089325e+00
-6.067616e-01
2.056652e-01
9.075137e-01
1.118191e+00
7.227755e-01
-6.512739e-02
-8.184356e-01
-1.128703e+00
-8.270256e-01
-7.621240e-02
7.168231e-01
1.122186e+00
9.195418e-01
2.179353e-01
-6.025290e-01
-1.097079e+00
-9.970759e-01
-3.559885e-01
4.789944e-01
1.055265e+00
1.060025e+00
4.899443e-01
-3.464644e-01
-9.957512e-01
-1.105660e+00
-6.158803e-01
2.086607e-01
9.209734e-01
1.134816e+00
7.335204e-01
-6.607045e-02
-8.304785e-01
-1.145328e+00
-8.391992e-01
-7.737822e-02
7.272412e-01
1.138535e+00
9.329139e-01
2.211239e-01
-6.112081e-01
-1.112869e+00
-1.011418e+00
-3.611182e-01
4.857993e-01
1.070268e+00
1.075088e+00
4.969080e-01
-3.513178e-01
-1.009725e+00
-1.121193e+00
-6.245208e-01
2.115300e-01
9.337515e-01
1.150531e+00
7.436579e-01
-6.693628e-02
-8.418294e-01
-1.160960e+00
-8.506407e-01
-7.845197e-02
7.370238e-01
1.153833e+00
9.454350e-01
2.241135e-01
-6.192991e-01
-1.127625e+00
-1.024800e+00
-3.659092e-01
4.921140e-01
1.084201e+00
1.089092e+00
5.033654e-01
-3.558074e-01
-1.022642e+00
-1.135509e+00
-6.325330e-01
2.141765e-01
9.454736e-01
1.164942e+00
7.529919e-01
-6.774270e-02
-8.522075e-01
-1.175234e+00
-8.610811e-01
-7.946038e-02
7.459168e-01
1.167726e+00
9.568066e-01
2.268446e-01
-6.266089e-01
-1.140917e+00
-1.036849e+00
-3.702473e-01
4.977976e-01
1.096706e+00
1.101595e+00
5.091930e-01
-3.598172e-01
-1.034180e+00
-1.148262e+00
-6.396112e-01
2.164606e-01
9.558636e-01
1.177706e+00
7.611973e-01
-6.839467e-02
-8.613410e-01
-1.187798e+00
-8.702488e-01
-8.036779e-02
7.536959e-01
1.179863e+00
9.667184e-01
2.292238e-01
-6.329325e-01
-1.152438e+00
-1.047285e+00
-3.739898e-01
5.026466e-01
1.107469e+00
1.112349e+00
5.141593e-01
-3.632122e-01
-1.044005e+00
-1.159130e+00
-6.456527e-01
2.184447e-01
9.646437e-01
1.188506e+00
7.681477e-01
-6.897388e-02
-8.689894e-01
-1.198308e+00
-8.779314e-01
-8.109996e-02
7.601398e-01
1.189945e+00
9.749163e-01
2.311961e-01
-6.381647e-01
-1.161916e+00
-1.055862e+00
-3.770521e-01
5.066386e-01
1.116212e+00
1.121077e+00
5.181692e-01
-3.659582e-01
-1.051911e+00
-1.167872e+00
-6.504794e-01
2.200071e-01
9.716416e-01
1.197063e+00
7.736412e-01
-6.941496e-02
-8.750012e-01
-1.206543e+00
-8.839195e-01
-8.169401e-02
7.651432e-01
1.197721e+00
9.812623e-01
2.326946e-01
-6.421582e-01
-1.169122e+00
-1.062337e+00
-3.793823e-01
5.096207e-01
1.122745e+00
1.127605e+00
5.211557e-01
-3.679765e-01
-1.057724e+00
-1.174271e+00
-6.540451e-01
2.211388e-01
9.766658e-01
1.203191e+00
7.775901e-01
-6.971644e-02
-8.792205e-01
-1.212282e+00
-8.881209e-01
-8.210985e-02
7.685501e-01
1.203010e+00
9.855424e-01
2.337564e-01
-6.447898e-01
-1.173858e+00
-1.066602e+00
-3.809179e-01
5.115202e-01
1.126907e+00
1.131712e+00
5.230953e-01
-3.692121e-01
-1.061266e+00
-1.178125e+00
-6.561689e-01
2.217328e-01
9.795752e-01
1.206712e+00
7.798178e-01
-6.982040e-02
-8.815373e-01
-1.215408e+00
-8.903412e-01
-8.238608e-02
7.702595e-01
1.205659e+00
9.876558e-01
2.342703e-01
-6.459764e-01
-1.176036e+00
-1.068511e+00
-3.815892e-01
5.122509e-01
1.128586e+00
1.133326e+00
5.238052e-01
-3.695923e-01
-1.062435e+00
-1.179373e+00
-6.568194e-01
2.218813e-01
9.802969e-01
1.207549e+00
7.803198e-01
-6.982485e-02
-8.818477e-01
-1.215812e+00
-8.905936e-01
-8.244549e-02
7.702729e-01
1.205612e+00
9.875726e-01
2.342540e-01
-6.457448e-01
-1.175566e+00
-1.068027e+00
-3.814333e-01
5.118811e-01
1.127715e+00
1.132399e+00
5.233552e-01
-3.691735e-01
-1.061245e+00
-1.177988e+00
-6.560293e-01
2.215457e-01
9.788519e-01
1.205694e+00
7.790901e-01
-6.965258e-02
-8.802274e-01
-1.213495e+00
-8.888441e-01
-8.230885e-02
7.685769e-01
1.202890e+00
9.853018e-01
2.337327e-01
-6.440814e-01
-1.172508e+00
-1.065193e+00
-3.804056e-01
5.103886e-01
1.124368e+00
1.128972e+00
5.218062e-01
-3.679527e-01
-1.057709e+00
-1.173988e+00
-6.538031e-01
2.207244e-01
9.752460e-01
1.201179e+00
7.761555e-01
-6.935258e-02
-8.766631e-01
-1.208535e+00
-8.851744e-01
-8.204747e-02
7.652012e-01
1.197554e+00
9.808598e-01
2.327272e-01
-6.410369e-01
-1.166871e+00
-1.060022e+00
-3.785967e-01
5.077777e-01
1.118585e+00
1.123101e+00
5.190944e-01
-3.658854e-01
-1.051919e+00
-1.167489e+00
-6.501630e-01
2.193715e-01
9.695535e-01
1.194120e+00
7.715560e-01
-6.884764e-02
-8.712691e-01
-1.201017e+00
-8.796349e-01
-8.155292e-02
7.601963e-01
1.189714e+00
9.743832e-01
2.312169e-01
-6.366008e-01
-1.158836e+00
-1.052667e+00
-3.759650e-01
5.040782e-01
1.110538e+00
1.114952e+00
5.152925e-01
-3.631439e-01
-1.043975e+00
-1.158622e+00
-6.452205e-01
2.176368e-01
9.619303e-01
1.184685e+00
7.654269e-01
-6.826250e-02
-8.641212e-01
-1.191156e+00
-8.723503e-01
-8.090541e-02
7.537478e-01
1.179561e+00
9.660471e-01
2.292461e-01
-6.310034e-01
-1.148607e+00
-1.043324e+00
-3.726116e-01
4.994922e-01
1.100382e+00
1.104739e+00
5.105326e-01
-3.597088e-01
-1.034134e+00
-1.147665e+00
-6.390973e-01
2.155220e-01
9.525829e-01
1.173126e+00
7.579359e-01
-6.754073e-02
-8.554644e-01
-1.179184e+00
-8.635568e-01
-8.011532e-02
7.459925e-01
1.167386e+00
9.560373e-01
2.268818e-01
-6.243307e-01
-1.136406e+00
-1.032232e+00
-3.686508e-01
4.940714e-01
1.088417e+00
1.092680e+00
5.050168e-01
-3.556945e-01
-1.022601e+00
-1.134829e+00
-6.319524e-01
2.130493e-01
9.417162e-01
1.159712e+00
7.492731e-01
-6.671945e-02
-8.454947e-01
-1.165387e+00
-8.534520e-01
-7.924503e-02
7.371025e-01
1.153438e+00
9.445885e-01
2.242278e-01
-6.167402e-01
-1.122568e+00
-1.019619e+00
-3.641820e-01
4.879364e-01
1.074906e+00
1.079082e+00
4.987229e-01
-3.511500e-01
-1.009674e+00
-1.120443e+00
-6.239223e-01
2.102379e-01
9.296095e-01
1.144754e+00
7.395856e-01
-6.578085e-02
-8.344424e-01
-1.150119e+00
-8.422497e-01
-7.822326e-02
7.272843e-01
1.138095e+00
9.320080e-01
2.212709e-01
-6.083863e-01
-1.107412e+00
-1.005811e+00
-3.592662e-01
4.812280e-01
1.060179e+00
1.064281e+00
4.918734e-01
-3.462565e-01
-9.956472e-01
-1.104865e+00
-6.152610e-01
2.072751e-01
9.165388e-01
1.128652e+00
7.291912e-01
-6.480363e-02
-8.225286e-01
-1.133744e+00
-8.302424e-01
-7.714654e-02
7.168320e-01
1.121729e+00
9.186017e-01
2.180853e-01
-5.995364e-01
-1.091297e+00
-9.911829e-01
-3.540460e-01
4.741648e-01
1.044619e+00
1.048666e+00
4.846631e-01
-3.411150e-01
-9.809044e-01
-1.088506e+00
-6.061349e-01
2.041637e-01
9.028519e-01
1.111807e+00
7.183141e-01
-6.381156e-02
-8.101531e-01
-1.116681e+00
-8.177718e-01
-7.600596e-02
7.059638e-01
1.104727e+00
9.047142e-01
2.148106e-01
-5.903880e-01
-1.074656e+00
-9.760807e-01
-3.486654e-01
4.668876e-01
1.028613e+00
1.032593e+00
4.772984e-01
-3.358338e-01
-9.657694e-01
-1.071732e+00
-5.968469e-01
2.009945e-01
8.888694e-01
1.094615e+00
7.072440e-01
-6.279128e-02
-7.975577e-01
-1.099333e+00
-8.050799e-01
-7.488024e-02
6.949590e-01
1.087526e+00
8.906308e-01
2.115344e-01
-5.811401e-01
-1.057862e+00
-9.608447e-01
-3.432937e-01
4.595288e-01
1.012521e+00
1.016470e+00
4.698416e-01
-3.305156e-01
-9.506448e-01
-1.054965e+00
-5.875396e-01
1.977866e-01
8.749567e-01
1.077484e+00
6.962080e-01
-6.173387e-02
-7.850410e-01
-1.082144e+00
-7.925023e-01
-7.373372e-02
6.840537e-01
1.070545e+00
8.767389e-01
2.082657e-01
-5.720170e-01
-1.041374e+00
-9.458999e-01
-3.379724e-01
4.523497e-01
9.967670e-01
1.000676e+00
4.625748e-01
-3.253518e-01
-9.358752e-01
-1.038630e+00
-5.784506e-01
1.947005e-01
8.614019e-01
1.060861e+00
6.854839e-01
-6.075665e-02
-7.729417e-01
-1.065512e+00
-7.803525e-01
-7.261838e-02
6.735761e-01
1.054190e+00
8.633742e-01
2.051187e-01
-5.632948e-01
-1.025525e+00
-9.315743e-01
-3.328814e-01
4.455003e-01
9.817152e-01
9.856375e-01
4.556556e-01
-3.204494e-01
-9.218511e-01
-1.023115e+00
-5.698383e-01
1.917703e-01
8.485971e-01
1.045156e+00
6.753672e-01
-5.984033e-02
-7.615552e-01
-1.049877e+00
-7.689541e-01
-7.158770e-02
6.637386e-01
1.038881e+00
8.509110e-01
2.021662e-01
-5.551400e-01
-1.010778e+00
-9.182557e-01
-3.281899e-01
4.391410e-01
9.677684e-01
9.716921e-01
4.492814e-01
-3.159093e-01
-9.089038e-01
-1.008817e+00
-5.619448e-01
1.890926e-01
8.368542e-01
1.030751e+00
6.661504e-01
-5.894777e-02
-7.511489e-01
-1.035606e+00
-7.585790e-01
-7.068771e-02
6.548115e-01
1.024970e+00
8.395794e-01
1.995539e-01
-5.477841e-01
-9.974665e-01
-9.062127e-01
-3.239112e-01
4.333861e-01
9.552517e-01
9.591932e-01
4.435577e-01
-3.118223e-01
-8.973525e-01
-9.960750e-01
-5.548934e-01
1.866763e-01
8.264360e-01
1.018012e+00
6.579674e-01
-5.819926e-02
-7.419485e-01
-1.023043e+00
-7.494528e-01
-6.985901e-02
6.469641e-01
1.012842e+00
8.297137e-01
1.972386e-01
-5.413595e-01
-9.859226e-01
-8.958124e-01
-3.202103e-01
4.284510e-01
9.444608e-01
9.484572e-01
4.386241e-01
-3.083545e-01
-8.874645e-01
-9.852142e-01
-5.488861e-01
1.846477e-01
8.175698e-01
1.007224e+00
6.510526e-01
-5.757699e-02
-7.342466e-01
-1.012509e+00
-7.418341e-01
-6.917288e-02
6.404562e-01
1.002740e+00
8.215306e-01
1.953332e-01
-5.360768e-01
-9.764059e-01
-8.872952e-01
-3.172237e-01
4.244159e-01
9.356688e-01
9.397618e-01
4.346588e-01
-3.055417e-01
-8.795086e-01
-9.764920e-01
-5.441144e-01
1.830422e-01
8.105437e-01
9.986665e-01
6.456230e-01
-5.706759e-02
-7.281724e-01
-1.004273e+00
-7.358832e-01
-6.863081e-02
6.354083e-01
9.949537e-01
8.152634e-01
1.938748e-01
-5.320507e-01
-9.691763e-01
-8.808140e-01
-3.149767e-01
4.213922e-01
9.291030e-01
9.332584e-01
4.317465e-01
-3.034625e-01
-8.736780e-01
-9.701327e-01
-5.406614e-01
1.818571e-01
8.054868e-01
9.925507e-01
6.417646e-01
-5.666661e-02
-7.239190e-01
-9.985210e-01
-7.317605e-01
-6.830854e-02
6.319524e-01
9.896637e-01
8.110308e-01
1.929317e-01
-5.293284e-01
-9.644194e-01
-8.766007e-01
-3.135317e-01
4.193976e-01
9.249283e-01
9.291714e-01
4.299183e-01
-3.021541e-01
-8.701092e-01
-9.662907e-01
-5.386060e-01
1.811383e-01
8.025061e-01
9.890340e-01
6.395666e-01
-5.645869e-02
-7.215591e-01
-9.954126e-01
-7.295670e-01
-6.811547e-02
6.301301e-01
9.870008e-01
8.089382e-01
1.924743e-01
-5.280571e-01
-9.622214e-01
-8.747087e-01
-3.128856e-01
4.185645e-01
9.232160e-01
9.275867e-01
4.292307e-01
-3.016744e-01
-8.688706e-01
-9.650461e-01
-5.379927e-01
1.809126e-01
8.017368e-01
9.882023e-01
6.391211e-01
-5.640522e-02
-7.211656e-01
-9.949849e-01
-7.293635e-01
-6.813775e-02
6.300603e-01
9.870157e-01
8.090541e-01
1.925396e-01
-5.282250e-01
-9.626610e-01
-8.752611e-01
-3.131381e-01
4.188912e-01
9.240447e-01
9.285506e-01
4.297460e-01
-3.020278e-01
-8.700246e-01
-9.664600e-01
-5.388763e-01
1.811828e-01
8.031403e-01
9.900721e-01
6.404191e-01
-5.651512e-02
-7.227383e-01
-9.973091e-01
-7.311754e-01
-6.832487e-02
6.317296e-01
9.897335e-01
8.114139e-01
1.931693e-01
-5.298408e-01
-9.657367e-01
-8.781423e-01
-3.142430e-01
4.203348e-01
9.273743e-01
9.320065e-01
4.314242e-01
-3.031996e-01
-8.735221e-01
-9.704654e-01
-5.411738e-01
1.819284e-01
8.067061e-01
9.945958e-01
6.434265e-01
-5.671413e-02
-7.262625e-01
-1.002269e+00
-7.348852e-01
-6.874962e-02
6.350489e-01
9.950666e-01
8.158678e-01
1.942654e-01
-5.328066e-01
-9.713282e-01
-8.833358e-01
-3.161544e-01
4.228431e-01
9.331218e-01
9.378920e-01
4.342103e-01
-3.051199e-01
-8.792992e-01
-9.769925e-01
-5.448777e-01
1.831551e-01
8.123273e-01
1.001659e+00
6.480853e-01
-5.712997e-02
-7.315867e-01
-1.009766e+00
-7.405049e-01
-6.931100e-02
6.399349e-01
1.002895e+00
8.223846e-01
1.958485e-01
-5.371357e-01
-9.793286e-01
-8.906902e-01
-3.188351e-01
4.264312e-01
9.411370e-01
9.460692e-01
4.380420e-01
-3.078154e-01
-8.871719e-01
-9.858602e-01
-5.498752e-01
1.848288e-01
8.198911e-01
1.011094e+00
6.542560e-01
-5.763640e-02
-7.386604e-01
-1.019647e+00
-7.478014e-01
-7.001792e-02
6.463210e-01
1.013011e+00
8.307875e-01
1.978727e-01
-5.426753e-01
-9.895419e-01
-9.000985e-01
-3.222434e-01
4.309564e-01
9.512552e-01
9.563299e-01
4.428553e-01
-3.111762e-01
-8.969841e-01
-9.968621e-01
-5.561053e-01
1.868947e-01
8.291939e-01
1.022668e+00
6.618361e-01
-5.828688e-02
-7.472623e-01
-1.031620e+00
-7.566854e-01
-7.087484e-02
6.540348e-01
1.025185e+00
8.408626e-01
2.003484e-01
-5.493049e-01
-1.001710e+00
-9.112518e-01
-3.263157e-01
4.363266e-01
9.631823e-01
9.684174e-01
4.485166e-01
-3.151178e-01
-9.084761e-01
-1.009701e+00
-5.633141e-01
1.892783e-01
8.400146e-01
1.036089e+00
6.705895e-01
-5.901163e-02
-7.571859e-01
-1.045408e+00
-7.668630e-01
-7.189364e-02
6.628594e-01
1.039105e+00
8.523456e-01
2.031063e-01
-5.567885e-01
-1.015538e+00
-9.238977e-01
-3.308958e-01
4.423548e-01
9.766628e-01
9.820316e-01
4.548804e-01
-3.195271e-01
-9.213373e-01
-1.024119e+00
-5.713962e-01
1.919382e-01
8.520605e-01
1.051047e+00
6.803156e-01
-5.983884e-02
-7.681699e-01
-1.060674e+00
-7.781173e-01
-7.297481e-02
6.725662e-01
1.054436e+00
8.649647e-01
2.061523e-01
-5.650740e-01
-1.030670e+00
-9.376975e-01
-3.358546e-01
4.489651e-01
9.913300e-01
9.968472e-01
4.617758e-01
-3.243538e-01
-9.353257e-01
-1.039698e+00
-5.801377e-01
1.948475e-01
8.650791e-01
1.067158e+00
6.907635e-01
-6.072547e-02
-7.799990e-01
-1.077046e+00
-7.901469e-01
-7.414213e-02
6.829666e-01
1.070795e+00
8.784482e-01
2.093959e-01
-5.738585e-01
-1.046754e+00
-9.523899e-01
-3.411506e-01
4.559704e-01
1.006869e+00
1.012518e+00
4.690500e-01
-3.294211e-01
-9.500389e-01
-1.056098e+00
-5.893529e-01
1.978846e-01
8.787037e-01
1.084017e+00
7.017490e-01
-6.168189e-02
-7.923285e-01
-1.094102e+00
-8.027259e-01
-7.538518e-02
6.937783e-01
1.087780e+00
8.924055e-01
2.127968e-01
-5.829505e-01
-1.063363e+00
-9.675441e-01
-3.466411e-01
4.631882e-01
1.022846e+00
1.028622e+00
4.765751e-01
-3.345834e-01
-9.651219e-01
-1.072890e+00
-5.987315e-01
2.009529e-01
8.926446e-01
1.101234e+00
7.129172e-01
-6.258930e-02
-8.048705e-01
-1.111438e+00
-8.154802e-01
-7.663417e-02
7.046940e-01
1.104978e+00
9.065231e-01
2.161755e-01
-5.921019e-01
-1.080141e+00
-9.828157e-01
-3.521346e-01
4.704059e-01
1.038897e+00
1.044768e+00
4.840661e-01
-3.397917e-01
-9.802078e-01
-1.089669e+00
-6.081101e-01
2.040449e-01
9.064964e-01
1.118359e+00
7.239829e-01
-6.352642e-02
-8.172906e-01
-1.128645e+00
-8.281038e-01
-7.783267e-02
7.155236e-01
1.121941e+00
9.204551e-01
2.195170e-01
-6.011315e-01
-1.096606e+00
-9.977992e-01
-3.575346e-01
4.775152e-01
1.054613e+00
1.060599e+00
4.913848e-01
-3.448902e-01
-9.949166e-01
-1.106028e+00
-6.172035e-01
2.070390e-01
9.199725e-01
1.134985e+00
7.347308e-01
-6.442789e-02
-8.293276e-01
-1.145270e+00
-8.403131e-01
-7.900741e-02
7.259432e-01
1.138288e+00
9.338644e-01
2.227249e-01
-6.097913e-01
-1.112414e+00
-1.012186e+00
-3.626894e-01
4.843008e-01
1.069625e+00
1.075668e+00
4.984169e-01
-3.497317e-01
-1.008893e+00
-1.121560e+00
-6.259138e-01
2.098993e-01
9.327238e-01
1.150702e+00
7.449321e-01
-6.528630e-02
-8.406621e-01
-1.160902e+00
-8.517634e-01
-8.016730e-02
7.357050e-01
1.153592e+00
9.464003e-01
2.257590e-01
-6.178585e-01
-1.127151e+00
-1.025562e+00
-3.675131e-01
4.905962e-01
1.083545e+00
1.089634e+00
5.049010e-01
-3.541663e-01
-1.021806e+00
-1.135882e+00
-6.339291e-01
2.124820e-01
9.444340e-01
1.165120e+00
7.542647e-01
-6.602441e-02
-8.510060e-01
-1.175176e+00
-8.622098e-01
-8.119798e-02
7.445593e-01
1.167484e+00
9.577542e-01
2.284961e-01
-6.251252e-01
-1.140450e+00
-1.037636e+00
-3.718349e-01
4.962130e-01
1.096024e+00
1.102165e+00
5.106960e-01
-3.581643e-01
-1.033312e+00
-1.148638e+00
-6.410265e-01
2.148062e-01
9.548047e-01
1.177865e+00
7.624982e-01
-6.670460e-02
-8.601217e-01
-1.187734e+00
-8.713939e-01
-8.206678e-02
7.523295e-01
1.179609e+00
9.676778e-01
2.308783e-01
-6.314771e-01
-1.151966e+00
-1.048063e+00
-3.756026e-01
5.011035e-01
1.106781e+00
1.112931e+00
5.156756e-01
-3.615652e-01
-1.043149e+00
-1.159516e+00
-6.470591e-01
2.167666e-01
9.635996e-01
1.188687e+00
7.694590e-01
-6.727489e-02
-8.677835e-01
-1.198244e+00
-8.791136e-01
-8.283162e-02
7.588032e-01
1.189700e+00
9.759232e-01
2.328312e-01
-6.366840e-01
-1.161455e+00
-1.056665e+00
-3.786739e-01
5.050703e-01
1.115536e+00
1.121684e+00
5.197568e-01
-3.643112e-01
-1.051071e+00
-1.168250e+00
-6.519675e-01
2.183155e-01
9.705886e-01
1.197254e+00
7.749971e-01
-6.765360e-02
-8.738057e-01
-1.206494e+00
-8.851135e-01
-8.346726e-02
7.637814e-01
1.197464e+00
9.822484e-01
2.344069e-01
-6.406612e-01
-1.168659e+00
-1.063148e+00
-3.810456e-01
5.080005e-01
1.122073e+00
1.128188e+00
5.227582e-01
-3.662746e-01
-1.056858e+00
-1.174626e+00
-6.554902e-01
2.193878e-01
9.755920e-01
1.203372e+00
7.789089e-01
-6.796547e-02
-8.779878e-01
-1.212236e+00
-8.892689e-01
-8.390240e-02
7.671586e-01
1.202759e+00
9.865152e-01
2.354391e-01
-6.432527e-01
-1.173396e+00
-1.067407e+00
-3.825516e-01
5.099074e-01
1.126209e+00
1.132307e+00
5.246413e-01
-3.674953e-01
-1.060383e+00
-1.178502e+00
-6.576199e-01
2.200279e-01
9.784925e-01
1.206895e+00
7.811544e-01
-6.810953e-02
-8.802928e-01
-1.215356e+00
-8.914966e-01
-8.412814e-02
7.688947e-01
1.205419e+00
9.886434e-01
2.359529e-01
-6.444794e-01
-1.175560e+00
-1.069344e+00
-3.832422e-01
5.106886e-01
1.127889e+00
1.133929e+00
5.253735e-01
-3.679186e-01
-1.061580e+00
-1.179759e+00
-6.582807e-01
2.201630e-01
9.792351e-01
1.207748e+00
7.816920e-01
-6.810953e-02
-8.806314e-01
-1.215766e+00
-8.917698e-01
-8.416972e-02
7.689244e-01
1.205379e+00
9.885676e-01
2.359619e-01
-6.442671e-01
-1.175112e+00
-1.068858e+00
-3.831085e-01
5.103084e-01
1.127037e+00
1.133008e+00
5.249547e-01
-3.675206e-01
-1.060396e+00
-1.178372e+00
-6.575025e-01
2.198452e-01
9.777960e-01
1.205888e+00
7.804312e-01
-6.789864e-02
-8.790096e-01
-1.213459e+00
-8.900293e-01
-8.409844e-02
7.672284e-01
1.202654e+00
9.862805e-01
2.354584e-01
-6.426067e-01
-1.172042e+00
-1.065993e+00
-3.820867e-01
5.087757e-01
1.123680e+00
1.129564e+00
5.233627e-01
-3.662582e-01
-1.056869e+00
-1.174363e+00
-6.552540e-01
2.189690e-01
9.741648e-01
1.201370e+00
7.774683e-01
-6.760756e-02
-8.754260e-01
-1.208490e+00
-8.863372e-01
-8.376577e-02
7.638304e-01
1.197313e+00
9.818385e-01
2.344129e-01
-6.395221e-01
-1.166400e+00
-1.060812e+00
-3.802199e-01
5.061752e-01
1.117906e+00
1.123698e+00
5.206137e-01
-3.642518e-01
-1.051051e+00
-1.167858e+00
-6.515887e-01
2.176888e-01
9.685006e-01
1.194323e+00
7.728644e-01
-6.714717e-02
-8.700335e-01
-1.200983e+00
-8.807754e-01
-8.326973e-02
7.588582e-01
1.189464e+00
9.753589e-01
2.328965e-01
-6.351439e-01
-1.158383e+00
-1.053483e+00
-3.775690e-01
5.025456e-01
1.109852e+00
1.115568e+00
5.168266e-01
-3.615043e-01
-1.043148e+00
-1.159011e+00
-6.466418e-01
2.159661e-01
9.609026e-01
1.184885e+00
7.667739e-01
-6.657688e-02
-8.629271e-01
-1.191116e+00
-8.735384e-01
-8.260885e-02
7.524290e-01
1.179337e+00
9.670362e-01
2.309421e-01
-6.295613e-01
-1.148154e+00
-1.044129e+00
-3.742512e-01
4.979655e-01
1.099730e+00
1.105329e+00
5.121113e-01
-3.581004e-01
-1.033313e+00
-1.148025e+00
-6.405379e-01
2.138097e-01
9.515597e-01
1.173319e+00
7.592517e-01
-6.582986e-02
-8.542926e-01
-1.179139e+00
-8.647019e-01
-8.184698e-02
7.446856e-01
1.167150e+00
9.569849e-01
2.285659e-01
-6.228485e-01
-1.135982e+00
-1.033010e+00
-3.702755e-01
4.925091e-01
1.087764e+00
1.093271e+00
5.065153e-01
-3.540623e-01
-1.021788e+00
-1.135189e+00
-6.333439e-01
2.113503e-01
9.406900e-01
1.159897e+00
7.505459e-01
-6.503531e-02
-8.442992e-01
-1.165349e+00
-8.545584e-01
-8.089501e-02
7.357897e-01
1.153219e+00
9.455434e-01
2.258689e-01
-6.152758e-01
-1.122124e+00
-1.020382e+00
-3.657607e-01
4.864186e-01
1.074249e+00
1.079661e+00
5.002110e-01
-3.495683e-01
-1.008849e+00
-1.120814e+00
-6.252871e-01
2.086310e-01
9.286085e-01
1.144953e+00
7.408539e-01
-6.414572e-02
-8.332572e-01
-1.150080e+00
-8.433531e-01
-7.985839e-02
7.260220e-01
1.137872e+00
9.329718e-01
2.228764e-01
-6.069799e-01
-1.106964e+00
-1.006593e+00
-3.608137e-01
4.797563e-01
1.059551e+00
1.064872e+00
4.933378e-01
-3.446956e-01
-9.948482e-01
-1.105232e+00
-6.166303e-01
2.056697e-01
9.155691e-01
1.128849e+00
7.304655e-01
-6.320860e-02
-8.213955e-01
-1.133712e+00
-8.313577e-01
-7.874751e-02
7.155860e-01
1.121503e+00
9.195403e-01
2.197234e-01
-5.981523e-01
-1.090880e+00
-9.919567e-01
-3.556247e-01
4.727182e-01
1.044000e+00
1.049243e+00
4.861512e-01
-3.395838e-01
-9.801143e-01
-1.088864e+00
-6.074893e-01
2.025420e-01
9.018940e-01
1.111980e+00
7.195512e-01
-6.220762e-02
-8.090392e-01
-1.116650e+00
-8.188485e-01
-7.762624e-02
7.047103e-01
1.104516e+00
9.056009e-01
2.164086e-01
-5.889950e-01
-1.074245e+00
-9.768232e-01
-3.502069e-01
4.654233e-01
1.027995e+00
1.033151e+00
4.787226e-01
-3.342997e-01
-9.649823e-01
-1.072085e+00
-5.981582e-01
1.993950e-01
8.879130e-01
1.094789e+00
7.084217e-01
-6.119328e-02
-7.964349e-01
-1.099308e+00
-8.061269e-01
-7.646487e-02
6.937174e-01
1.087321e+00
8.915129e-01
2.130612e-01
-5.797768e-01
-1.057454e+00
-9.615799e-01
-3.447550e-01
4.581358e-01
1.011917e+00
1.017014e+00
4.712554e-01
-3.290453e-01
-9.498711e-01
-1.055308e+00
-5.888153e-01
1.962406e-01
8.740062e-01
1.077668e+00
6.973783e-01
-6.020270e-02
-7.839554e-01
-1.082095e+00
-7.935508e-01
-7.526934e-02
6.828581e-01
1.070324e+00
8.776433e-01
2.097805e-01
-5.706967e-01
-1.040963e+00
-9.466201e-01
-3.394175e-01
4.509730e-01
9.961670e-01
1.001240e+00
4.639931e-01
-3.239038e-01
-9.351208e-01
-1.038970e+00
-5.797426e-01
1.931901e-01
8.605004e-01
1.061052e+00
6.866690e-01
-5.924479e-02
-7.718709e-01
-1.065482e+00
-7.814232e-01
-7.418371e-02
6.724058e-01
1.053970e+00
8.642742e-01
2.066395e-01
-5.619953e-01
-1.025149e+00
-9.322797e-01
-3.343324e-01
4.441369e-01
9.811227e-01
9.861766e-01
4.570442e-01
-3.189821e-01
-9.211071e-01
-1.023459e+00
-5.711096e-01
1.902466e-01
8.477046e-01
1.045334e+00
6.765493e-01
-5.829876e-02
-7.604933e-01
-1.049846e+00
-7.699862e-01
-7.313521e-02
6.625624e-01
1.038664e+00
8.517679e-01
2.036618e-01
-5.538316e-01
-1.010399e+00
-9.189121e-01
-3.295874e-01
4.377449e-01
9.671922e-01
9.722164e-01
4.506121e-01
-3.144703e-01
-9.081479e-01
-1.009149e+00
-5.631730e-01
1.875941e-01
8.359468e-01
1.030928e+00
6.672673e-01
-5.748046e-02
-7.500885e-01
-1.035576e+00
-7.595770e-01
-7.215948e-02
6.536412e-01
1.024754e+00
8.404245e-01
2.009900e-01
-5.464846e-01
-9.970848e-01
-9.068900e-01
-3.252954e-01
4.320569e-01
9.546577e-01
9.597398e-01
4.448587e-01
-3.104263e-01
-8.966218e-01
-9.964076e-01
-5.561187e-01
1.852150e-01
8.255242e-01
1.018178e+00
6.590708e-01
-5.675423e-02
-7.409371e-01
-1.023012e+00
-7.504627e-01
-7.130850e-02
6.458354e-01
1.012619e+00
8.305587e-01
1.986480e-01
-5.401268e-01
-9.855380e-01
-8.964866e-01
-3.215840e-01
4.271114e-01
9.438890e-01
9.489889e-01
4.399771e-01
-3.069778e-01
-8.867486e-01
-9.855394e-01
-5.501440e-01
1.832086e-01
8.167055e-01
1.007381e+00
6.521783e-01
-5.613641e-02
-7.332337e-01
-1.012477e+00
-7.428173e-01
-7.064168e-02
6.393379e-01
1.002535e+00
8.223683e-01
1.967826e-01
-5.348412e-01
-9.760391e-01
-8.879338e-01
-3.185989e-01
4.231016e-01
9.351119e-01
9.402653e-01
4.359821e-01
-3.041456e-01
-8.788032e-01
-9.768143e-01
-5.453426e-01
1.815868e-01
8.096778e-01
9.988269e-01
6.467086e-01
-5.560771e-02
-7.271477e-01
-1.004254e+00
-7.368441e-01
-7.008921e-02
6.342588e-01
9.947354e-01
8.160802e-01
1.953124e-01
-5.307838e-01
-9.688154e-01
-8.814645e-01
-3.163415e-01
4.200466e-01
9.285357e-01
9.337693e-01
4.330341e-01
-3.020813e-01
-8.729547e-01
-9.704476e-01
-5.418466e-01
1.804284e-01
8.046076e-01
9.927067e-01
6.428294e-01
-5.524979e-02
-7.228987e-01
-9.985031e-01
-7.327125e-01
-6.973723e-02
6.308177e-01
9.894439e-01
8.118387e-01
1.943337e-01
-5.281076e-01
-9.640407e-01
-8.772364e-01
-3.148475e-01
4.180922e-01
9.243625e-01
9.296867e-01
4.311955e-01
-3.007967e-01
-8.693815e-01
-9.666026e-01
-5.397763e-01
1.797215e-01
8.016611e-01
9.891884e-01
6.406166e-01
-5.505227e-02
-7.205567e-01
-9.953784e-01
-7.305293e-01
-6.953674e-02
6.290192e-01
9.867677e-01
8.097640e-01
1.938584e-01
-5.268304e-01
-9.618531e-01
-8.753666e-01
-3.142579e-01
4.172754e-01
9.226546e-01
9.281035e-01
4.305465e-01
-3.003318e-01
-8.681593e-01
-9.653551e-01
-5.391956e-01
1.794972e-01
8.008784e-01
9.883553e-01
6.401933e-01
-5.496316e-02
-7.201705e-01
-9.949730e-01
-7.303199e-01
-6.958426e-02
6.289643e-01
9.867944e-01
8.098947e-01
1.939654e-01
-5.270235e-01
-9.623016e-01
-8.758745e-01
-3.144970e-01
4.175442e-01
9.234907e-01
9.290436e-01
4.310500e-01
-3.006526e-01
-8.693102e-01
-9.667734e-01
-5.400392e-01
1.797497e-01
8.022848e-01
9.902146e-01
6.414795e-01
-5.506267e-02
-7.217091e-01
-9.972839e-01
-7.321095e-01
-6.976693e-02
6.305786e-01
9.895077e-01
8.122159e-01
1.945564e-01
-5.285784e-01
-9.653491e-01
-8.787705e-01
-3.155945e-01
4.189937e-01
9.267907e-01
9.325010e-01
4.327014e-01
-3.018140e-01
-8.727884e-01
-9.707773e-01
-5.423530e-01
1.805190e-01
8.058239e-01
9.947487e-01
6.444869e-01
-5.528692e-02
-7.252140e-01
-1.002241e+00
-7.358535e-01
-7.015901e-02
6.338964e-01
9.948349e-01
8.166876e-01
1.956807e-01
-5.315695e-01
-9.709480e-01
-8.839655e-01
-3.175148e-01
4.215318e-01
9.325471e-01
9.383940e-01
4.354890e-01
-3.037595e-01
-8.785596e-01
-9.772999e-01
-5.460554e-01
1.817457e-01
8.114585e-01
1.001809e+00
6.491769e-01
-5.565523e-02
-7.305635e-01
-1.009749e+00
-7.414777e-01
-7.072336e-02
6.388122e-01
1.002666e+00
8.232207e-01
1.972519e-01
-5.359075e-01
-9.789380e-01
-8.913674e-01
-3.202266e-01
4.250976e-01
9.405623e-01
9.465875e-01
4.393786e-01
-3.064327e-01
-8.864249e-01
-9.861691e-01
-5.511049e-01
1.834061e-01
8.190119e-01
1.011232e+00
6.553743e-01
-5.617206e-02
-7.376297e-01
-1.019611e+00
-7.487816e-01
-7.150305e-02
6.451878e-01
1.012774e+00
8.316191e-01
1.993504e-01
-5.414396e-01
-9.891498e-01
-9.007415e-01
-3.236543e-01
4.295856e-01
9.506760e-01
9.568423e-01
4.441845e-01
-3.097372e-01
-8.962297e-01
-9.971665e-01
-5.573068e-01
1.853976e-01
8.282776e-01
1.022815e+00
6.629336e-01
-5.678245e-02
-7.461915e-01
-1.031586e+00
-7.576478e-01
-7.236294e-02
6.528496e-01
1.024949e+00
8.416883e-01
2.017846e-01
-5.480024e-01
-1.001306e+00
-9.118948e-01
-3.277161e-01
4.349262e-01
9.625838e-01
9.689223e-01
4.498339e-01
-3.136742e-01
-9.076979e-01
-1.010032e+00
-5.645468e-01
1.877738e-01
8.390864e-01
1.036251e+00
6.716959e-01
-5.751907e-02
-7.561092e-01
-1.045384e+00
-7.678165e-01
-7.338471e-02
6.616639e-01
1.038866e+00
8.531892e-01
2.045751e-01
-5.555261e-01
-1.015122e+00
-9.245793e-01
-3.322948e-01
4.409781e-01
9.760554e-01
9.825647e-01
4.562140e-01
-3.180940e-01
-9.205710e-01
-1.024448e+00
-5.726600e-01
1.904397e-01
8.511412e-01
1.051190e+00
6.814636e-01
-5.832995e-02
-7.671021e-01
-1.060637e+00
-7.791272e-01
-7.447777e-02
6.713781e-01
1.054191e+00
8.658335e-01
2.076434e-01
-5.637909e-01
-1.030266e+00
-9.384089e-01
-3.373234e-01
4.475572e-01
9.907329e-01
9.973938e-01
4.631748e-01
-3.228954e-01
-9.345460e-01
-1.040027e+00
-5.814283e-01
1.932822e-01
8.641450e-01
1.067297e+00
6.919323e-01
-5.916014e-02
-7.789134e-01
-1.077016e+00
-7.911850e-01
-7.571042e-02
6.817636e-01
1.070550e+00
8.793259e-01
2.109448e-01
-5.725160e-01
-1.046335e+00
-9.530760e-01
-3.426491e-01
4.545002e-01
1.006250e+00
1.013047e+00
4.704549e-01
-3.279077e-01
-9.492518e-01
-1.056423e+00
-5.906435e-01
1.963133e-01
8.777428e-01
1.084161e+00
7.029029e-01
-6.007795e-02
-7.911998e-01
-1.094080e+00
-8.037373e-01
-7.693566e-02
6.925056e-01
1.087526e+00
8.932817e-01
2.143220e-01
-5.815827e-01
-1.062927e+00
-9.682436e-01
-3.481337e-01
4.617001e-01
1.022224e+00
1.029162e+00
4.779652e-01
-3.330864e-01
-9.642962e-01
-1.073242e+00
-6.000221e-01
1.993994e-01
8.916570e-01
1.101384e+00
7.140800e-01
-6.099130e-02
-8.037106e-01
-1.111413e+00
-8.165064e-01
-7.818019e-02
7.034539e-01
1.104723e+00
9.074454e-01
2.177274e-01
-5.907415e-01
-1.079686e+00
-9.835316e-01
-3.536435e-01
4.689208e-01
1.038254e+00
1.045340e+00
4.854859e-01
-3.382813e-01
-9.793806e-01
-1.090030e+00
-6.094571e-01
2.024707e-01
9.055266e-01
1.118509e+00
7.252289e-01
-6.191802e-02
-8.161545e-01
-1.128605e+00
-8.291687e-01
-7.943067e-02
7.142508e-01
1.121687e+00
9.213789e-01
2.211239e-01
-5.997458e-01
-1.096174e+00
-9.985477e-01
-3.590910e-01
4.760078e-01
1.053982e+00
1.061147e+00
4.928700e-01
-3.433516e-01
-9.940908e-01
-1.106384e+00
-6.186085e-01
2.054053e-01
9.189938e-01
1.135138e+00
7.360020e-01
-6.277197e-02
-8.281855e-01
-1.145231e+00
-8.413690e-01
-8.068561e-02
7.246586e-01
1.138031e+00
9.347837e-01
2.243808e-01
-6.083596e-01
-1.111957e+00
-1.012930e+00
-3.642711e-01
4.827622e-01
1.068987e+00
1.076236e+00
4.998798e-01
-3.481129e-01
-1.008042e+00
-1.121929e+00
-6.272787e-01
2.082345e-01
9.317094e-01
1.150860e+00
7.461796e-01
-6.359325e-02
-8.394636e-01
-1.160869e+00
-8.528431e-01
-8.181728e-02
7.343892e-01
1.153335e+00
9.473434e-01
2.273867e-01
-6.164090e-01
-1.126682e+00
-1.026305e+00
-3.690904e-01
4.890369e-01
1.082878e+00
1.090223e+00
5.063921e-01
-3.525668e-01
-1.020943e+00
-1.136259e+00
-6.353058e-01
2.108453e-01
9.434034e-01
1.165291e+00
7.555166e-01
-6.435809e-02
-8.498313e-01
-1.175144e+00
-8.632925e-01
-8.283311e-02
7.432346e-01
1.167224e+00
9.587388e-01
2.301164e-01
-6.237084e-01
-1.139978e+00
-1.038389e+00
-3.734344e-01
4.946774e-01
1.095366e+00
1.102762e+00
5.121841e-01
-3.565455e-01
-1.032452e+00
-1.149015e+00
-6.424597e-01
2.131503e-01
9.537770e-01
1.178045e+00
7.638022e-01
-6.501303e-02
-8.589381e-01
-1.187698e+00
-8.725211e-01
-8.375240e-02
7.509914e-01
1.179347e+00
9.686624e-01
2.325683e-01
-6.300261e-01
-1.151498e+00
-1.048846e+00
-3.772363e-01
4.995441e-01
1.106133e+00
1.113532e+00
5.172261e-01
-3.599078e-01
-1.042297e+00
-1.159901e+00
-6.485220e-01
2.150334e-01
9.625704e-01
1.188843e+00
7.707719e-01
-6.551946e-02
-8.665954e-01
-1.198222e+00
-8.802141e-01
-8.455289e-02
7.573953e-01
1.189443e+00
9.768826e-01
2.345495e-01
-6.351944e-01
-1.160988e+00
-1.057435e+00
-3.803417e-01
5.034827e-01
1.114866e+00
1.122272e+00
5.212656e-01
-3.626375e-01
-1.050183e+00
-1.168650e+00
-6.533694e-01
2.165765e-01
9.695357e-01
1.197411e+00
7.762787e-01
-6.595164e-02
-8.725671e-01
-1.206463e+00
-8.862199e-01
-8.516476e-02
7.624017e-01
1.197208e+00
9.832271e-01
2.360970e-01
-6.391671e-01
-1.168163e+00
-1.063942e+00
-3.826689e-01
5.064337e-01
1.121386e+00
1.128794e+00
5.242923e-01
-3.646216e-01
-1.055975e+00
-1.175039e+00
-6.569040e-01
2.176844e-01
9.745435e-01
1.203545e+00
7.802069e-01
-6.622490e-02
-8.767656e-01
-1.212200e+00
-8.904110e-01
-8.560733e-02
7.657952e-01
1.202496e+00
9.875325e-01
2.371203e-01
-6.417928e-01
-1.172918e+00
-1.068221e+00
-3.841912e-01
5.083272e-01
1.125553e+00
1.132918e+00
5.262245e-01
-3.658468e-01
-1.059506e+00
-1.178912e+00
-6.590916e-01
2.183304e-01
9.774529e-01
1.207078e+00
7.824910e-01
-6.638084e-02
-8.790898e-01
-1.215326e+00
-8.926639e-01
-8.590138e-02
7.675447e-01
1.205162e+00
9.896562e-01
2.376950e-01
-6.430195e-01
-1.175094e+00
-1.070118e+00
-3.849204e-01
5.090965e-01
1.127224e+00
1.134544e+00
5.269492e-01
-3.662255e-01
-1.060712e+00
-1.180158e+00
-6.597466e-01
2.184462e-01
9.782014e-01
1.207918e+00
7.830004e-01
-6.632886e-02
-8.794433e-01
-1.215739e+00
-8.929075e-01
-8.594148e-02
7.675194e-01
1.205117e+00
9.895716e-01
2.376742e-01
-6.427626e-01
-1.174650e+00
-1.069644e+00
-3.847510e-01
5.086955e-01
1.126371e+00
1.133607e+00
5.264948e-01
-3.658216e-01
-1.059508e+00
-1.178780e+00
-6.589401e-01
2.181032e-01
9.767267e-01
1.206066e+00
7.817425e-01
-6.618183e-02
-8.777829e-01
-1.213415e+00
-8.911639e-01
-8.581079e-02
7.658516e-01
1.202397e+00
9.872756e-01
2.371485e-01
-6.411022e-01
-1.171562e+00
-1.066772e+00
-3.837070e-01
5.072223e-01
1.123016e+00
1.130188e+00
5.248894e-01
-3.646053e-01
-1.055987e+00
-1.174791e+00
-6.566694e-01
2.172656e-01
9.731238e-01
1.201553e+00
7.787752e-01
-6.586847e-02
-8.742453e-01
-1.208462e+00
-8.875090e-01
-8.546773e-02
7.624626e-01
1.197061e+00
9.828395e-01
2.360896e-01
-6.380518e-01
-1.165950e+00
-1.061623e+00
-3.818476e-01
5.046159e-01
1.117241e+00
1.124320e+00
5.221939e-01
-3.626182e-01
-1.050198e+00
-1.168280e+00
-6.530338e-01
2.159824e-01
9.674684e-01
1.194485e+00
7.741907e-01
-6.543333e-02
-8.688484e-01
-1.200959e+00
-8.819413e-01
-8.500882e-02
7.575364e-01
1.189225e+00
9.763717e-01
2.345822e-01
-6.336944e-01
-1.157930e+00
-1.054267e+00
-3.792486e-01
5.009877e-01
1.109199e+00
1.116160e+00
5.183890e-01
-3.598246e-01
-1.042301e+00
-1.159414e+00
-6.480868e-01
2.142641e-01
9.598898e-01
1.185067e+00
7.680422e-01
-6.485413e-02
-8.617791e-01
-1.191093e+00
-8.746567e-01
-8.434794e-02
7.510776e-01
1.179095e+00
9.680030e-01
2.325817e-01
-6.280851e-01
-1.147710e+00
-1.044896e+00
-3.758625e-01
4.963972e-01
1.099073e+00
1.105912e+00
5.136247e-01
-3.564400e-01
-1.032447e+00
-1.148436e+00
-6.419131e-01
2.121567e-01
9.505216e-01
1.173497e+00
7.605364e-01
-6.415314e-02
-8.531119e-01
-1.179116e+00
-8.658142e-01
-8.351329e-02
7.433401e-01
1.166914e+00
9.579680e-01
2.301877e-01
-6.214347e-01
-1.135535e+00
-1.033773e+00
-3.718482e-01
4.910076e-01
1.087121e+00
1.093860e+00
5.080109e-01
-3.524703e-01
-1.020948e+00
-1.135604e+00
-6.347102e-01
2.097345e-01
9.396935e-01
1.160072e+00
7.518172e-01
-6.337197e-02
-8.431601e-01
-1.165331e+00
-8.556871e-01
-8.257024e-02
7.345035e-01
1.152977e+00
9.465236e-01
2.274625e-01
-6.138872e-01
-1.121695e+00
-1.021175e+00
-3.673245e-01
4.849097e-01
1.073621e+00
1.080245e+00
5.017273e-01
-3.480015e-01
-1.008027e+00
-1.121212e+00
-6.266920e-01
2.070152e-01
9.276194e-01
1.145117e+00
7.421222e-01
-6.249574e-02
-8.321226e-01
-1.150056e+00
-8.444670e-01
-8.153956e-02
7.247566e-01
1.137639e+00
9.339104e-01
2.244907e-01
-6.055913e-01
-1.106545e+00
-1.007357e+00
-3.623895e-01
4.782296e-01
1.058926e+00
1.065441e+00
4.948363e-01
-3.431273e-01
-9.940522e-01
-1.105614e+00
-6.179728e-01
2.040345e-01
9.145978e-01
1.129034e+00
7.316922e-01
-6.154971e-02
-8.202638e-01
-1.133692e+00
-8.324345e-01
-8.038561e-02
7.142939e-01
1.121277e+00
9.204640e-01
2.212784e-01
-5.967682e-01
-1.090459e+00
-9.926978e-01
-3.571336e-01
4.712079e-01
1.043373e+00
1.049807e+00
4.875888e-01
-3.380274e-01
-9.793123e-01
-1.089242e+00
-6.088155e-01
2.009692e-01
9.009123e-01
1.112169e+00
7.207572e-01
-6.059626e-02
-8.079150e-01
-1.116630e+00
-8.198925e-01
-7.923167e-02
7.034866e-01
1.104286e+00
9.065142e-01
2.179606e-01
-5.876480e-01
-1.073826e+00
-9.775598e-01
-3.516891e-01
4.639768e-01
1.027383e+00
1.033723e+00
4.801320e-01
-3.327849e-01
-9.642041e-01
-1.072473e+00
-5.994548e-01
1.978594e-01
8.869610e-01
1.094976e+00
7.096529e-01
-5.963687e-02
-7.953597e-01
-1.099278e+00
-8.072095e-01
-7.801089e-02
6.925100e-01
1.087096e+00
8.924307e-01
2.145879e-01
-5.784461e-01
-1.057040e+00
-9.623105e-01
-3.462684e-01
4.567264e-01
1.011309e+00
1.017577e+00
4.726856e-01
-3.275617e-01
-9.491122e-01
-1.055670e+00
-5.901326e-01
1.947391e-01
8.730780e-01
1.077834e+00
6.985812e-01
-5.862252e-02
-7.828920e-01
-1.082089e+00
-7.945859e-01
-7.685100e-02
6.816611e-01
1.070112e+00
8.785269e-01
2.113132e-01
-5.693913e-01
-1.040553e+00
-9.473389e-01
-3.408863e-01
4.495324e-01
9.955774e-01
1.001773e+00
4.653654e-01
-3.223964e-01
-9.343886e-01
-1.039332e+00
-5.810139e-01
1.916515e-01
8.595871e-01
1.061214e+00
6.878259e-01
-5.768392e-02
-7.708046e-01
-1.065457e+00
-7.824287e-01
-7.567924e-02
6.712029e-01
1.053760e+00
8.651370e-01
2.081142e-01
-5.606914e-01
-1.024756e+00
-9.329763e-01
-3.357477e-01
4.427290e-01
9.805316e-01
9.867142e-01
4.584061e-01
-3.175549e-01
-9.203541e-01
-1.023808e+00
-5.723422e-01
1.887615e-01
8.467778e-01
1.045510e+00
6.776840e-01
-5.680324e-02
-7.594299e-01
-1.049828e+00
-7.709724e-01
-7.461291e-02
6.613995e-01
1.038447e+00
8.526174e-01
2.051216e-01
-5.525870e-01
-1.009998e+00
-9.196457e-01
-3.309790e-01
4.364202e-01
9.666115e-01
9.727569e-01
4.519606e-01
-3.130490e-01
-9.074276e-01
-1.009498e+00
-5.643938e-01
1.861283e-01
8.350498e-01
1.031094e+00
6.684153e-01
-5.602503e-02
-7.490578e-01
-1.035544e+00
-7.605750e-01
-7.363273e-02
6.524947e-01
1.024551e+00
8.412799e-01
2.024261e-01
-5.452327e-01
-9.966957e-01
-9.075776e-01
-3.267018e-01
4.307218e-01
9.541022e-01
9.602507e-01
4.462072e-01
-3.090495e-01
-8.958955e-01
-9.967418e-01
-5.573543e-01
1.837922e-01
8.246494e-01
1.018325e+00
6.602070e-01
-5.525870e-02
-7.399183e-01
-1.022993e+00
-7.514162e-01
-7.278769e-02
6.447111e-01
1.012417e+00
8.313934e-01
2.001123e-01
-5.388496e-01
-9.851548e-01
-8.971564e-01
-3.229919e-01
4.257733e-01
9.433321e-01
9.494954e-01
4.412617e-01
-3.055580e-01
-8.860239e-01
-9.858781e-01
-5.513232e-01
1.817546e-01
8.158159e-01
1.007545e+00
6.532729e-01
-5.464980e-02
-7.322001e-01
-1.012447e+00
-7.437648e-01
-7.206889e-02
6.381884e-01
1.002321e+00
8.231866e-01
1.981653e-01
-5.336041e-01
-9.756440e-01
-8.885887e-01
-3.199459e-01
4.217575e-01
9.345401e-01
9.407658e-01
4.372712e-01
-3.027808e-01
-8.780740e-01
-9.771396e-01
-5.465114e-01
1.801581e-01
8.088090e-01
9.989769e-01
6.477913e-01
-5.417010e-02
-7.261556e-01
-1.004221e+00
-7.377812e-01
-7.152384e-02
6.331434e-01
9.945275e-01
8.168911e-01
1.967069e-01
-5.295749e-01
-9.684204e-01
-8.821299e-01
-3.176573e-01
4.187575e-01
9.279847e-01
9.342743e-01
4.342994e-01
-3.007358e-01
-8.722523e-01
-9.707802e-01
-5.430094e-01
1.790056e-01
8.037418e-01
9.928641e-01
6.439314e-01
-5.384634e-02
-7.219052e-01
-9.984660e-01
-7.336704e-01
-7.114811e-02
6.297172e-01
9.892359e-01
8.126718e-01
1.957535e-01
-5.268987e-01
-9.636516e-01
-8.779106e-01
-3.162108e-01
4.168061e-01
9.238041e-01
9.301991e-01
4.324891e-01
-2.994556e-01
-8.686627e-01
-9.669219e-01
-5.409718e-01
1.782839e-01
8.008057e-01
9.893444e-01
6.417245e-01
-5.359684e-02
-7.195646e-01
-9.953368e-01
-7.314605e-01
-7.099514e-02
6.279232e-01
9.865657e-01
8.105748e-01
1.952960e-01
-5.255948e-01
-9.614640e-01
-8.760111e-01
-3.155797e-01
4.159507e-01
9.221007e-01
9.285877e-01
4.318148e-01
-2.989655e-01
-8.674598e-01
-9.656788e-01
-5.403407e-01
1.780715e-01
7.999859e-01
9.884978e-01
6.412715e-01
-5.352853e-02
-7.191399e-01
-9.949373e-01
-7.312511e-01
-7.098920e-02
6.278341e-01
9.865746e-01
8.106862e-01
1.953406e-01
-5.257819e-01
-9.619021e-01
-8.765339e-01
-3.158247e-01
4.162566e-01
9.229190e-01
9.295293e-01
4.323049e-01
-2.992848e-01
-8.685781e-01
-9.670927e-01
-5.411961e-01
1.783477e-01
8.014057e-01
9.903750e-01
6.425443e-01
-5.362952e-02
-7.207082e-01
-9.972378e-01
-7.330451e-01
-7.119860e-02
6.294603e-01
9.892849e-01
8.130357e-01
1.959391e-01
-5.273695e-01
-9.649570e-01
-8.794507e-01
-3.169118e-01
4.176749e-01
9.262353e-01
9.329970e-01
4.339742e-01
-3.004521e-01
-8.720770e-01
-9.711055e-01
-5.435456e-01
1.791185e-01
8.049640e-01
9.948824e-01
6.455859e-01
-5.388050e-02
-7.242220e-01
-1.002213e+00
-7.368174e-01
-7.158622e-02
6.327677e-01
9.946151e-01
8.175149e-01
1.970916e-01
-5.303428e-01
-9.705471e-01
-8.846338e-01
-3.188662e-01
4.202189e-01
9.319782e-01
9.388841e-01
4.368138e-01
-3.023798e-01
-8.778304e-01
-9.776296e-01
-5.472510e-01
1.802873e-01
8.105778e-01
1.001950e+00
6.502610e-01
-5.423693e-02
-7.295655e-01
-1.009704e+00
-7.424118e-01
-7.218621e-02
6.376850e-01
1.002439e+00
8.240420e-01
1.987059e-01
-5.346155e-01
-9.785475e-01
-8.920179e-01
-3.215796e-01
4.237684e-01
9.399994e-01
9.470716e-01
4.406766e-01
-3.050159e-01
-8.857061e-01
-9.864929e-01
-5.522826e-01
1.819195e-01
8.181134e-01
1.011385e+00
6.564466e-01
-5.472406e-02
-7.365812e-01
-1.019570e+00
-7.497439e-01
-7.294511e-02
6.440161e-01
1.012557e+00
8.324241e-01
2.007687e-01
-5.401535e-01
-9.887384e-01
-9.014173e-01
-3.250102e-01
4.282550e-01
9.500760e-01
9.573398e-01
4.454810e-01
-3.083471e-01
-8.954723e-01
-9.975066e-01
-5.585038e-01
