4,347740e-01
9,528664e-01
9,548721e-01
4,391106e-01
-3,151804e-01
-8,990949e-01
-9,958803e-01
-5,525697e-01
1,910068e-01
8,317511e-01
1,022250e+00
6,586429e-01
-6,248915e-02
-7,502024e-01
-1,031726e+00
-7,538501e-01
-6,668766e-02
6,573497e-01
1,025806e+00
8,384497e-01
1,962312e-01
-5,529127e-01
-1,002867e+00
-9,092794e-01
-3,222962e-01
4,401869e-01
9,648309e-01
9,669346e-01
4,447239e-01
-3,191711e-01
-9,106081e-01
-1,008752e+00
-5,597597e-01
1,934623e-01
8,425962e-01
1,035673e+00
6,673487e-01
-6,327600e-02
-7,601701e-01
-1,045519e+00
-7,639960e-01
-6,762297e-02
6,662189e-01
1,039727e+00
8,498946e-01
1,989272e-01
-5,604857e-01
-1,016698e+00
-9,218898e-01
-3,268094e-01
4,462991e-01
9,783261e-01
9,805620e-01
4,510380e-01
-3,236576e-01
-9,235273e-01
-1,023139e+00
-5,677945e-01
1,961866e-01
8,546870e-01
1,050602e+00
6,770388e-01
-6,416083e-02
-7,712112e-01
-1,060807e+00
-7,752167e-01
-6,865626e-02
6,759892e-01
1,055078e+00
8,625005e-01
2,019128e-01
-5,687996e-01
-1,031876e+00
-9,357086e-01
-3,317532e-01
4,529547e-01
9,930357e-01
9,953473e-01
4,578851e-01
-3,285390e-01
-9,375332e-01
-1,038716e+00
-5,764884e-01
1,991529e-01
8,677382e-01
1,066712e+00
6,874549e-01
-6,511544e-02
-7,830793e-01
-1,077183e+00
-7,872199e-01
-6,975785e-02
6,864424e-01
1,071440e+00
8,759230e-01
2,051018e-01
-5,776301e-01
-1,047971e+00
-9,503277e-01
-3,369821e-01
4,600036e-01
1,008589e+00
1,010982e+00
4,651137e-01
-3,336714e-01
-9,522651e-01
-1,055093e+00
-5,856099e-01
2,022483e-01
8,814161e-01
1,083565e+00
6,983609e-01
-6,610272e-02
-7,954476e-01
-1,094223e+00
-7,997204e-01
-7,091585e-02
6,972935e-01
1,088455e+00
8,898591e-01
2,084006e-01
-5,867768e-01
-1,064623e+00
-9,654649e-01
-3,423772e-01
4,672827e-01
1,024600e+00
1,027057e+00
4,725368e-01
-3,389314e-01
-9,673874e-01
-1,071845e+00
-5,949512e-01
2,054076e-01
8,953863e-01
1,100776e+00
7,094659e-01
-6,711968e-02
-8,080253e-01
-1,111581e+00
-8,124213e-01
-7,207980e-02
7,082841e-01
1,105641e+00
9,039303e-01
2,117321e-01
-5,959963e-01
-1,081399e+00
-9,807089e-01
-3,478153e-01
4,745900e-01
1,040670e+00
1,043206e+00
4,799807e-01
-3,441958e-01
-9,825083e-01
-1,088620e+00
-6,042775e-01
2,085758e-01
9,092987e-01
1,117894e+00
7,205203e-01
-6,811289e-02
-8,205140e-01
-1,128763e+00
-8,250079e-01
-7,323483e-02
7,191589e-01
1,122615e+00
9,178189e-01
2,150235e-01
-6,050881e-01
-1,097891e+00
-9,956665e-01
-3,531422e-01
4,817400e-01
1,056416e+00
1,058990e+00
4,872613e-01
-3,493371e-01
-9,972639e-01
-1,104967e+00
-6,133649e-01
2,116386e-01
9,228162e-01
1,134496e+00
7,312304e-01
-6,908383e-02
-8,326032e-01
-1,145390e+00
-8,371491e-01
-7,435423e-02
7,296211e-01
1,138975e+00
9,311776e-01
2,181664e-01
-6,137925e-01
-1,113719e+00
-1,009999e+00
-3,582493e-01
4,885737e-01
1,071456e+00
1,074035e+00
4,941944e-01
-3,542304e-01
-1,011270e+00
-1,120484e+00
-6,219742e-01
2,145395e-01
9,355928e-01
1,150215e+00
7,413585e-01
-6,998351e-02
-8,439724e-01
-1,161032e+00
-8,485852e-01
-7,541277e-02
7,394299e-01
1,154286e+00
9,436944e-01
2,211164e-01
-6,219104e-01
-1,128455e+00
-1,023338e+00
-3,630119e-01
4,949264e-01
1,085391e+00
1,087982e+00
5,006228e-01
-3,587451e-01
-1,024205e+00
-1,134781e+00
-6,299318e-01
2,172044e-01
9,473258e-01
1,164618e+00
7,506314e-01
-7,081342e-02
-8,543663e-01
-1,175280e+00
-8,589834e-01
-7,640004e-02
7,483332e-01
1,168193e+00
9,550191e-01
2,238095e-01
-6,292548e-01
-1,141750e+00
-1,035393e+00
-3,672936e-01
5,006214e-01
1,097899e+00
1,100503e+00
5,063787e-01
-3,627803e-01
-1,035741e+00
-1,147531e+00
-6,369941e-01
2,195724e-01
9,577330e-01
1,177375e+00
7,588265e-01
-7,152900e-02
-8,635190e-01
-1,187849e+00
-8,681257e-01
-7,724627e-02
7,561200e-01
1,180316e+00
9,649037e-01
2,261477e-01
-6,356164e-01
-1,153292e+00
-1,045807e+00
-3,710051e-01
5,055280e-01
1,108656e+00
1,111226e+00
5,113329e-01
-3,662202e-01
-1,045593e+00
-1,158399e+00
-6,430202e-01
2,215603e-01
9,665501e-01
1,188170e+00
7,657641e-01
-7,213324e-02
-8,711959e-01
-1,198369e+00
-8,757938e-01
-7,796335e-02
7,626078e-01
1,190391e+00
9,731121e-01
2,280867e-01
-6,408705e-01
-1,162787e+00
-1,054371e+00
-3,740530e-01
5,095246e-01
1,117429e+00
1,119965e+00
5,153429e-01
-3,689712e-01
-1,053503e+00
-1,167125e+00
-6,478482e-01
2,231340e-01
9,735516e-01
1,196736e+00
7,712424e-01
-7,257714e-02
-8,772146e-01
-1,206601e+00
-8,817649e-01
-7,853789e-02
7,676229e-01
1,198169e+00
9,794277e-01
2,295921e-01
-6,448478e-01
-1,169976e+00
-1,060847e+00
-3,763676e-01
5,125147e-01
1,123973e+00
1,126462e+00
5,183165e-01
-3,709992e-01
-1,059324e+00
-1,173505e+00
-6,513638e-01
2,242489e-01
9,785726e-01
1,202832e+00
7,751499e-01
-7,289634e-02
-8,814383e-01
-1,212348e+00
-8,859248e-01
-7,895656e-02
7,710301e-01
1,203454e+00
9,836782e-01
2,306061e-01
-6,474800e-01
-1,174730e+00
-1,065105e+00
-3,778819e-01
5,144090e-01
1,128124e+00
1,130572e+00
5,202035e-01
-3,722418e-01
-1,062853e+00
-1,177371e+00
-6,534823e-01
2,248932e-01
9,814809e-01
1,206364e+00
7,773857e-01
-7,303292e-02
-8,837395e-01
-1,215465e+00
-8,881681e-01
-7,920300e-02
7,727701e-01
1,206104e+00
9,858027e-01
2,311272e-01
-6,487078e-01
-1,176888e+00
-1,066992e+00
-3,785663e-01
5,151899e-01
1,129792e+00
1,132167e+00
5,209325e-01
-3,726456e-01
-1,064032e+00
-1,178606e+00
-6,541489e-01
2,250447e-01
9,822262e-01
1,207206e+00
7,778965e-01
-7,301956e-02
-8,840750e-01
-1,215859e+00
-8,884205e-01
-7,926239e-02
7,727701e-01
1,206059e+00
9,857373e-01
2,311331e-01
-6,484673e-01
-1,176429e+00
-1,066526e+00
-3,783970e-01
5,148025e-01
1,128941e+00
1,131258e+00
5,204989e-01
-3,722240e-01
-1,062837e+00
-1,177209e+00
-6,533502e-01
2,246839e-01
9,807520e-01
1,205320e+00
7,766627e-01
-7,283992e-02
-8,824360e-01
-1,213563e+00
-8,866805e-01
-7,914510e-02
7,710627e-01
1,203347e+00
9,834377e-01
2,306179e-01
-6,467852e-01
-1,173335e+00
-1,063658e+00
-3,773890e-01
5,132688e-01
1,125568e+00
1,127818e+00
5,189134e-01
-3,709710e-01
-1,059288e+00
-1,173232e+00
-6,511173e-01
2,238392e-01
9,771414e-01
1,200805e+00
7,737262e-01
-7,251034e-02
-8,788699e-01
-1,208585e+00
-8,830031e-01
-7,885115e-02
7,676630e-01
1,197999e+00
9,790209e-01
2,296084e-01
-6,437002e-01
-1,167713e+00
-1,058500e+00
-3,755644e-01
5,106440e-01
1,119773e+00
1,121968e+00
5,162114e-01
-3,689133e-01
-1,053484e+00
-1,166714e+00
-6,474844e-01
2,225089e-01
9,714405e-01
1,193767e+00
7,691431e-01
-7,201299e-02
-8,734362e-01
-1,201047e+00
-8,774640e-01
-7,840279e-02
7,626732e-01
1,190141e+00
9,725599e-01
2,281178e-01
-6,392968e-01
-1,159668e+00
-1,051176e+00
-3,729678e-01
5,069637e-01
1,111719e+00
1,113827e+00
5,124612e-01
-3,661326e-01
-1,045544e+00
-1,157881e+00
-6,425704e-01
2,207378e-01
9,638140e-01
1,184317e+00
7,630473e-01
-7,139984e-02
-8,662937e-01
-1,191207e+00
-8,702205e-01
-7,778816e-02
7,561809e-01
1,180012e+00
9,642267e-01
2,261863e-01
-6,336567e-01
-1,149432e+00
-1,041840e+00
-3,696690e-01
5,023346e-01
1,101551e+00
1,103597e+00
5,077594e-01
-3,626690e-01
-1,035680e+00
-1,146912e+00
-6,364626e-01
2,185658e-01
9,544282e-01
1,172745e+00
7,555767e-01
-7,062932e-02
-8,576117e-01
-1,179216e+00
-8,614420e-01
-7,704437e-02
7,483941e-01
1,167810e+00
9,542218e-01
2,238689e-01
-6,269388e-01
-1,137231e+00
-1,030755e+00
-3,657377e-01
4,968682e-01
1,089572e+00
1,091566e+00
5,022129e-01
-3,586041e-01
-1,024119e+00
-1,134092e+00
-6,293305e-01
2,160612e-01
9,435504e-01
1,159353e+00
7,469213e-01
-6,976230e-02
-8,475934e-01
-1,165418e+00
-8,513466e-01
-7,616993e-02
7,394730e-01
1,153860e+00
9,428140e-01
2,212114e-01
-6,193004e-01
-1,123365e+00
-1,018154e+00
-3,612912e-01
4,907026e-01
1,076048e+00
1,077968e+00
4,959760e-01
-3,540567e-01
-1,011163e+00
-1,119702e+00
-6,213551e-01
2,132479e-01
9,314121e-01
1,144414e+00
7,372743e-01
-6,880472e-02
-8,365063e-01
-1,150146e+00
-8,401748e-01
-7,521086e-02
7,296389e-01
1,138505e+00
9,302497e-01
2,182867e-01
-6,109405e-01
-1,108186e+00
-1,004387e+00
-3,564172e-01
4,839654e-01
1,061324e+00
1,063190e+00
4,891868e-01
-3,491248e-01
-9,971259e-01
-1,104148e+00
-6,127235e-01
2,102237e-01
9,183133e-01
1,128314e+00
7,269205e-01
-6,778331e-02
-8,245996e-01
-1,133779e+00
-8,282221e-01
-7,418202e-02
7,191515e-01
1,122121e+00
9,168821e-01
2,151868e-01
-6,020373e-01
-1,092069e+00
-9,897815e-01
-3,512478e-01
4,768541e-01
1,045743e+00
1,047596e+00
4,820265e-01
-3,439108e-01
-9,823509e-01
-1,087786e+00
-6,036496e-01
2,070526e-01
9,046014e-01
1,111462e+00
7,160769e-01
-6,673071e-02
-8,121749e-01
-1,116700e+00
-8,157261e-01
-7,309973e-02
7,082470e-01
1,105131e+00
9,029816e-01
2,119667e-01
-5,928430e-01
-1,075419e+00
-9,746947e-01
-3,459121e-01
4,695215e-01
1,029704e+00
1,031532e+00
4,746479e-01
-3,385825e-01
-9,671959e-01
-1,071048e+00
-5,943766e-01
2,038220e-01
8,906044e-01
1,094271e+00
7,050105e-01
-6,565881e-02
-7,995496e-01
-1,099358e+00
-8,030919e-01
-7,199369e-02
6,971821e-01
1,087931e+00
8,889490e-01
2,087005e-01
-5,835537e-01
-1,058620e+00
-9,594774e-01
-3,405600e-01
4,621608e-01
1,013593e+00
1,015428e+00
4,672664e-01
-3,332497e-01
-9,520513e-01
-1,054273e+00
-5,851022e-01
2,006004e-01
8,766415e-01
1,077148e+00
6,940124e-01
-6,458246e-02
-7,870224e-01
-1,082168e+00
-7,905647e-01
-7,090101e-02
6,862716e-01
1,070938e+00
8,750856e-01
2,054833e-01
-5,744159e-01
-1,042102e+00
-9,445510e-01
-3,352911e-01
4,549366e-01
9,978236e-01
9,996586e-01
4,600526e-01
-3,280447e-01
-9,372704e-01
-1,037946e+00
-5,760653e-01
1,974664e-01
8,630736e-01
1,060546e+00
6,833440e-01
-6,355214e-02
-7,748753e-01
-1,065552e+00
-7,784755e-01
-6,985287e-02
6,757486e-01
1,054561e+00
8,617745e-01
2,023819e-01
-5,656477e-01
-1,026251e+00
-9,302586e-01
-3,302404e-01
4,480317e-01
9,827607e-01
9,846283e-01
4,531759e-01
-3,230890e-01
-9,232230e-01
-1,022456e+00
-5,675124e-01
1,944942e-01
8,502568e-01
1,044861e+00
6,732871e-01
-6,257823e-02
-7,634600e-01
-1,049925e+00
-7,670855e-01
-6,886114e-02
6,658789e-01
1,039240e+00
8,492993e-01
1,995047e-01
-5,574630e-01
-1,011506e+00
-9,169282e-01
-3,255549e-01
4,416359e-01
9,688156e-01
9,707130e-01
4,468083e-01
-3,184985e-01
-9,102563e-01
-1,008171e+00
-5,596335e-01
1,917625e-01
8,384734e-01
1,030465e+00
6,640632e-01
-6,168894e-02
-7,530172e-01
-1,035646e+00
-7,567273e-01
-6,796294e-02
6,569088e-01
1,025347e+00
8,380087e-01
1,968799e-01
-5,500622e-01
-9,981903e-01
-9,049235e-01
-3,213357e-01
4,358741e-01
9,562736e-01
9,582184e-01
4,411208e-01
-3,144144e-01
-8,986866e-01
-9,954438e-01
-5,526306e-01
1,893410e-01
8,280351e-01
1,017716e+00
6,558993e-01
-6,089764e-02
-7,438140e-01
-1,023092e+00
-7,476087e-01
-6,718946e-02
6,490641e-01
1,013192e+00
8,281568e-01
1,946189e-01
-5,436382e-01
-9,866370e-01
-8,945505e-01
-3,176879e-01
4,308873e-01
9,454730e-01
9,475069e-01
4,362364e-01
-3,109077e-01
-8,888020e-01
-9,845942e-01
-5,466476e-01
1,872685e-01
8,191734e-01
1,006920e+00
6,490388e-01
-6,021768e-02
-7,360881e-01
-1,012564e+00
-7,400312e-01
-6,651841e-02
6,425258e-01
1,003121e+00
8,200107e-01
1,927393e-01
-5,383322e-01
-9,771087e-01
-8,860154e-01
-3,147098e-01
4,268298e-01
9,366810e-01
9,387966e-01
4,322917e-01
-3,080661e-01
-8,808356e-01
-9,758631e-01
-5,418834e-01
1,856250e-01
8,121155e-01
9,983730e-01
6,436111e-01
-5,968619e-02
-7,300160e-01
-1,004328e+00
-7,340868e-01
-6,602255e-02
6,374647e-01
9,953369e-01
8,137396e-01
1,913186e-01
-5,342822e-01
-9,698979e-01
-8,795707e-01
-3,124769e-01
4,237685e-01
9,301101e-01
9,323222e-01
4,293730e-01
-3,059713e-01
-8,749951e-01
-9,695238e-01
-5,384391e-01
1,844240e-01
8,070633e-01
9,922801e-01
6,397570e-01
-5,930167e-02
-7,257432e-01
-9,985897e-01
-7,299699e-01
-6,568257e-02
6,339892e-01
9,900368e-01
8,095218e-01
1,903625e-01
-5,315801e-01
-9,651293e-01
-8,753514e-01
-3,110324e-01
4,217910e-01
9,259265e-01
9,282558e-01
4,275632e-01
-3,046604e-01
-8,714157e-01
-9,656965e-01
-5,363903e-01
1,836965e-01
8,040926e-01
9,887496e-01
6,375716e-01
-5,908343e-02
-7,233886e-01
-9,954631e-01
-7,278069e-01
-6,552668e-02
6,321943e-01
9,873749e-01
8,074389e-01
1,899230e-01
-5,302915e-01
-9,629440e-01
-8,734941e-01
-3,104252e-01
4,209611e-01
9,242221e-01
9,266673e-01
4,268981e-01
-3,041779e-01
-8,701804e-01
-9,644672e-01
-5,357757e-01
1,834768e-01
8,033117e-01
9,879242e-01
6,371545e-01
-5,900772e-02
-7,229893e-01
-9,950593e-01
-7,276109e-01
-6,554153e-02
6,321112e-01
9,873972e-01
8,075770e-01
1,899972e-01
-5,304593e-01
-9,633894e-01
-8,740316e-01
-3,106657e-01
4,212699e-01
9,250520e-01
9,276160e-01
4,274118e-01
-3,045208e-01
-8,713385e-01
-9,658776e-01
-5,366338e-01
1,837455e-01
8,047206e-01
9,897904e-01
6,384238e-01
-5,910718e-02
-7,245644e-01
-9,973857e-01
-7,293865e-01
-6,573750e-02
6,337666e-01
9,901066e-01
8,099078e-01
1,905955e-01
-5,320641e-01
-9,664566e-01
-8,769147e-01
-3,117539e-01
4,227174e-01
9,283924e-01
9,310870e-01
4,290701e-01
-3,056878e-01
-8,748585e-01
-9,698816e-01
-5,389543e-01
1,845324e-01
8,082926e-01
9,943437e-01
6,414450e-01
-5,935660e-02
-7,280845e-01
-1,002341e+00
-7,331307e-01
-6,610865e-02
6,371010e-01
9,954468e-01
8,143706e-01
1,916897e-01
-5,350720e-01
-9,720670e-01
-8,821153e-01
-3,136602e-01
4,252680e-01
9,341423e-01
9,369705e-01
4,318508e-01
-3,076534e-01
-8,806262e-01
-9,763976e-01
-5,426465e-01
1,857661e-01
8,139386e-01
1,001399e+00
6,460859e-01
-5,976190e-02
-7,334529e-01
-1,009859e+00
-7,387292e-01
-6,664460e-02
6,420270e-01
1,003287e+00
8,208732e-01
1,932619e-01
-5,394189e-01
-9,800735e-01
-8,894968e-01
-3,163384e-01
4,288697e-01
9,421890e-01
9,451389e-01
4,356737e-01
-3,103673e-01
-8,885229e-01
-9,852756e-01
-5,476348e-01
1,874437e-01
8,215131e-01
1,010835e+00
6,522471e-01
-6,030676e-02
-7,405286e-01
-1,019729e+00
-7,460098e-01
-6,736167e-02
6,484376e-01
1,013415e+00
8,292688e-01
1,952766e-01
-5,449833e-01
-9,902936e-01
-8,988500e-01
-3,197159e-01
4,334096e-01
9,522948e-01
9,553902e-01
4,404586e-01
-3,137478e-01
-8,983363e-01
-9,962574e-01
-5,538301e-01
1,895311e-01
8,308425e-01
1,022403e+00
6,597890e-01
-6,098523e-02
-7,491557e-01
-1,031707e+00
-7,548581e-01
-6,819009e-02
6,561576e-01
1,025604e+00
8,392989e-01
1,976861e-01
-5,516210e-01
-1,002468e+00
-9,099980e-01
-3,237244e-01
4,387958e-01
9,642564e-01
9,674706e-01
4,460824e-01
-3,177221e-01
-9,098436e-01
-1,009123e+00
-5,610187e-01
1,919644e-01
8,416802e-01
1,035821e+00
6,685230e-01
-6,176169e-02
-7,591056e-01
-1,045498e+00
-7,650085e-01
-6,914619e-02
6,650119e-01
1,039533e+00
8,507809e-01
2,004222e-01
-5,591792e-01
-1,016306e+00
-9,226217e-01
-3,282703e-01
4,448961e-01
9,777367e-01
9,810801e-01
4,524068e-01
-3,221819e-01
-9,227553e-01
-1,023508e+00
-5,690817e-01
1,946738e-01
8,537546e-01
1,050774e+00
6,782146e-01
-6,262425e-02
-7,701319e-01
-1,060769e+00
-7,762530e-01
-7,020472e-02
6,747658e-01
1,054866e+00
8,633809e-01
2,034375e-01
-5,674679e-01
-1,031450e+00
-9,364524e-01
-3,332289e-01
4,515250e-01
9,924404e-01
9,958862e-01
4,592836e-01
-3,270366e-01
-9,367493e-01
-1,039093e+00
-5,777919e-01
1,976089e-01
8,667911e-01
1,066878e+00
6,886604e-01
-6,354768e-02
-7,819777e-01
-1,077135e+00
-7,882769e-01
-7,132561e-02
6,851983e-01
1,071231e+00
8,768301e-01
2,066280e-01
-5,762776e-01
-1,047551e+00
-9,511041e-01
-3,384756e-01
4,585591e-01
1,007980e+00
1,011534e+00
4,665226e-01
-3,321481e-01
-9,514738e-01
-1,055461e+00
-5,869416e-01
2,006835e-01
8,804481e-01
1,083734e+00
6,995605e-01
-6,451863e-02
-7,943253e-01
-1,094208e+00
-8,008071e-01
-7,250588e-02
6,960360e-01
1,088222e+00
8,907781e-01
2,099594e-01
-5,854051e-01
-1,064186e+00
-9,662383e-01
-3,438989e-01
4,658130e-01
1,023983e+00
1,027623e+00
4,739828e-01
-3,373903e-01
-9,665813e-01
-1,072252e+00
-5,962947e-01
2,038339e-01
8,944035e-01
1,100942e+00
7,106996e-01
-6,549699e-02
-8,069089e-01
-1,111549e+00
-8,135273e-01
-7,370100e-02
7,070147e-01
1,105420e+00
9,048656e-01
2,133013e-01
-5,946127e-01
-1,080950e+00
-9,814661e-01
-3,493490e-01
4,730950e-01
1,040049e+00
1,043764e+00
4,814475e-01
-3,426266e-01
-9,816843e-01
-1,089031e+00
-6,056523e-01
2,069531e-01
9,082936e-01
1,118070e+00
7,217704e-01
-6,647090e-02
-8,193649e-01
-1,128751e+00
-8,261199e-01
-7,488424e-02
7,178554e-01
1,122409e+00
9,187691e-01
2,166150e-01
-6,036703e-01
-1,097454e+00
-9,964593e-01
-3,547114e-01
4,802420e-01
1,055783e+00
1,059563e+00
4,887518e-01
-3,477515e-01
-9,964192e-01
-1,105375e+00
-6,147397e-01
2,100040e-01
9,218007e-01
1,134689e+00
7,325072e-01
-6,742254e-02
-8,314155e-01
-1,145364e+00
-8,382864e-01
-7,603631e-02
7,283087e-01
1,138727e+00
9,321455e-01
2,197936e-01
-6,123509e-01
-1,113245e+00
-1,010798e+00
-3,598422e-01
4,870445e-01
1,070799e+00
1,074632e+00
4,957102e-01
-3,526181e-01
-1,010419e+00
-1,120878e+00
-6,234054e-01
2,128827e-01
9,345699e-01
1,150392e+00
7,426382e-01
-6,829698e-02
-8,427862e-01
-1,161001e+00
-8,497120e-01
-7,710524e-02
7,380938e-01
1,154058e+00
9,446609e-01
2,227732e-01
-6,204614e-01
-1,127979e+00
-1,024158e+00
-3,646168e-01
4,933809e-01
1,084738e+00
1,088589e+00
5,021476e-01
-3,571165e-01
-1,023335e+00
-1,135200e+00
-6,313362e-01
2,155208e-01
9,463014e-01
1,164799e+00
7,519319e-01
-6,910313e-02
-8,531726e-01
-1,175274e+00
-8,601400e-01
-7,809399e-02
7,469941e-01
1,167954e+00
9,560108e-01
2,254633e-01
-6,277821e-01
-1,141288e+00
-1,036206e+00
-3,689088e-01
4,990491e-01
1,097252e+00
1,101094e+00
5,079287e-01
-3,611324e-01
-1,034869e+00
-1,147959e+00
-6,384223e-01
2,178576e-01
9,566908e-01
1,177571e+00
7,601523e-01
-6,980981e-02
-8,623001e-01
-1,187816e+00
-8,693164e-01
-7,896992e-02
7,547794e-01
1,180080e+00
9,658999e-01
2,278372e-01
-6,341288e-01
-1,152822e+00
-1,046656e+00
-3,726471e-01
5,039528e-01
1,108006e+00
1,111866e+00
5,128888e-01
-3,645485e-01
-1,044717e+00
-1,158823e+00
-6,444647e-01
2,198381e-01
9,654960e-01
1,188355e+00
7,671062e-01
-7,038436e-02
-8,699741e-01
-1,198345e+00
-8,769637e-01
-7,971223e-02
7,612553e-01
1,190165e+00
9,741098e-01
2,298014e-01
-6,393740e-01
-1,162303e+00
-1,055209e+00
-3,757173e-01
5,079405e-01
1,116767e+00
1,120591e+00
5,169240e-01
-3,673069e-01
-1,052637e+00
-1,167560e+00
-6,493194e-01
2,214088e-01
9,724945e-01
1,196935e+00
7,725978e-01
-7,082678e-02
-8,759942e-01
-1,206584e+00
-8,829645e-01
-8,029568e-02
7,662481e-01
1,197942e+00
9,804373e-01
2,313113e-01
-6,433468e-01
-1,169518e+00
-1,061698e+00
-3,780214e-01
5,109038e-01
1,123296e+00
1,127094e+00
5,199006e-01
-3,693245e-01
-1,058441e+00
-1,173916e+00
-6,528276e-01
2,225208e-01
9,775185e-01
1,203046e+00
7,765083e-01
-7,112519e-02
-8,802076e-01
-1,212322e+00
-8,871348e-01
-8,071435e-02
7,696583e-01
1,203222e+00
9,847144e-01
2,323386e-01
-6,459687e-01
-1,174251e+00
-1,065945e+00
-3,795491e-01
5,128131e-01
1,127455e+00
1,131206e+00
5,217891e-01
-3,705493e-01
-1,061970e+00
-1,177780e+00
-6,549565e-01
2,231577e-01
9,804194e-01
1,206560e+00
7,787397e-01
-7,126771e-02
-8,825058e-01
-1,215429e+00
-8,893439e-01
-8,095783e-02
7,713894e-01
1,205862e+00
9,868300e-01
2,328686e-01
-6,472039e-01
-1,176429e+00
-1,067852e+00
-3,802291e-01
5,135732e-01
1,129126e+00
1,132814e+00
5,225240e-01
-3,709665e-01
-1,063157e+00
-1,179042e+00
-6,556320e-01
2,233017e-01
9,811617e-01
1,207402e+00
7,792519e-01
-7,126177e-02
-8,828443e-01
-1,215837e+00
-8,896216e-01
-8,102909e-02
7,714042e-01
1,205841e+00
9,867424e-01
2,328627e-01
-6,469619e-01
-1,175972e+00
-1,067377e+00
-3,800583e-01
5,131916e-01
1,128270e+00
1,131895e+00
5,220949e-01
-3,705256e-01
-1,061964e+00
-1,177653e+00
-6,548407e-01
2,229528e-01
9,796905e-01
1,205538e+00
7,780256e-01
-7,108213e-02
-8,812023e-01
-1,213520e+00
-8,878742e-01
-8,091329e-02
7,696924e-01
1,203104e+00
9,844561e-01
2,323431e-01
-6,452753e-01
-1,172889e+00
-1,064519e+00
-3,790473e-01
5,116744e-01
1,124904e+00
1,128464e+00
5,205034e-01
-3,692889e-01
-1,058417e+00
-1,173647e+00
-6,525930e-01
2,221066e-01
9,760888e-01
1,201022e+00
7,750801e-01
-7,075848e-02
-8,776332e-01
-1,208551e+00
-8,842086e-01
-8,061191e-02
7,663045e-01
1,197772e+00
9,800379e-01
2,313320e-01
-6,422037e-01
-1,167244e+00
-1,059346e+00
-3,772182e-01
5,090481e-01
1,119114e+00
1,122588e+00
5,177940e-01
-3,672550e-01
-1,052612e+00
-1,167145e+00
-6,489587e-01
2,207868e-01
9,703968e-01
1,193981e+00
7,704808e-01
-7,027747e-02
-8,722173e-01
-1,201052e+00
-8,786680e-01
-8,014574e-02
7,613162e-01
1,189920e+00
9,735635e-01
2,298222e-01
-6,378032e-01
-1,159211e+00
-1,052011e+00
-3,746187e-01
5,053870e-01
1,111053e+00
1,114449e+00
5,140275e-01
-3,644817e-01
-1,044683e+00
-1,158307e+00
-6,440253e-01
2,190334e-01
9,627732e-01
1,184538e+00
7,643879e-01
-6,966729e-02
-8,650852e-01
-1,191167e+00
-8,714023e-01
-7,952071e-02
7,548596e-01
1,179771e+00
9,652437e-01
2,278788e-01
-6,321691e-01
-1,148980e+00
-1,042677e+00
-3,712916e-01
5,007743e-01
1,100911e+00
1,104238e+00
5,093079e-01
-3,610359e-01
-1,034826e+00
-1,147326e+00
-6,379116e-01
2,168718e-01
9,534083e-01
1,172987e+00
7,568965e-01
-6,892201e-02
-8,564151e-01
-1,179198e+00
-8,626252e-01
-7,875316e-02
7,470698e-01
1,167584e+00
9,552343e-01
2,255524e-01
-6,254750e-01
-1,136787e+00
-1,031575e+00
-3,673544e-01
4,953242e-01
1,088929e+00
1,092167e+00
5,037109e-01
-3,570304e-01
-1,023301e+00
-1,134483e+00
-6,307231e-01
2,144282e-01
9,425601e-01
1,159564e+00
7,481892e-01
-6,812180e-02
-8,464518e-01
-1,165402e+00
-8,524778e-01
-7,782231e-02
7,381888e-01
1,153654e+00
9,437582e-01
2,228311e-01
-6,178989e-01
-1,122939e+00
-1,018957e+00
-3,628486e-01
4,892091e-01
1,075423e+00
1,078563e+00
4,974576e-01
-3,524978e-01
-1,010357e+00
-1,120095e+00
-6,227254e-01
2,116311e-01
9,304308e-01
1,144605e+00
7,385303e-01
-6,719837e-02
-8,353676e-01
-1,150135e+00
-8,412942e-01
-7,683503e-02
7,283873e-01
1,138306e+00
9,311983e-01
2,198930e-01
-6,095583e-01
-1,107781e+00
-1,005187e+00
-3,579449e-01
4,824971e-01
1,060699e+00
1,063791e+00
4,906358e-01
-3,475867e-01
-9,963346e-01
-1,104546e+00
-6,140790e-01
2,086366e-01
9,173632e-01
1,128510e+00
7,281617e-01
-6,619328e-02
-8,234802e-01
-1,133763e+00
-8,293118e-01
-7,577056e-02
7,179104e-01
1,121933e+00
9,178160e-01
2,167620e-01
-6,006744e-01
-1,091656e+00
-9,905505e-01
-3,527576e-01
4,754199e-01
1,045133e+00
1,048166e+00
4,834488e-01
-3,424069e-01
-9,815567e-01
-1,088172e+00
-6,049827e-01
2,054967e-01
9,036601e-01
1,111649e+00
7,172943e-01
-6,516147e-02
-8,110777e-01
-1,116691e+00
-8,168351e-01
-7,467788e-02
7,070177e-01
1,104917e+00
9,039051e-01
2,135107e-01
-5,915024e-01
-1,075012e+00
-9,754549e-01
-3,474056e-01
4,681052e-01
1,029109e+00
1,032111e+00
4,760776e-01
-3,371068e-01
-9,664284e-01
-1,071416e+00
-5,956801e-01
2,022810e-01
8,896691e-01
1,094469e+00
7,062101e-01
-6,411035e-02
-7,984495e-01
-1,099354e+00
-8,041668e-01
-7,354660e-02
6,959885e-01
1,087720e+00
8,898294e-01
2,102222e-01
-5,822502e-01
-1,058218e+00
-9,602286e-01
-3,420090e-01
4,607519e-01
1,013008e+00
1,015991e+00
4,686753e-01
-3,317844e-01
-9,512867e-01
-1,054650e+00
-5,864072e-01
1,990801e-01
8,757270e-01
1,077352e+00
6,951927e-01
-6,305627e-02
-7,859372e-01
-1,082159e+00
-7,916143e-01
-7,242274e-02
6,850928e-01
1,070732e+00
8,759823e-01
2,069813e-01
-5,731139e-01
-1,041703e+00
-9,452978e-01
-3,367104e-01
4,535544e-01
9,972432e-01
1,000217e+00
4,614229e-01
-3,265927e-01
-9,365177e-01
-1,038314e+00
-5,773643e-01
1,959847e-01
8,621843e-01
1,060739e+00
6,844990e-01
-6,205119e-02
-7,738286e-01
-1,065533e+00
-7,795073e-01
-7,134491e-02
6,745832e-01
1,054374e+00
8,626371e-01
2,038606e-01
-5,643739e-01
-1,025880e+00
-9,309771e-01
-3,316389e-01
4,466732e-01
9,821950e-01
9,851895e-01
4,545358e-01
-3,216682e-01
-9,224807e-01
-1,022808e+00
-5,687684e-01
1,930199e-01
8,493780e-01
1,045039e+00
6,744244e-01
-6,109064e-02
-7,624148e-01
-1,049894e+00
-7,681113e-01
-7,033982e-02
6,647387e-01
1,039053e+00
8,501796e-01
2,009523e-01
-5,562145e-01
-1,011120e+00
-9,176527e-01
-3,269401e-01
4,402908e-01
9,682441e-01
9,712460e-01
4,481445e-01
-3,170956e-01
-9,095273e-01
-1,008532e+00
-5,608643e-01
1,903179e-01
8,376005e-01
1,030625e+00
6,651767e-01
-6,021917e-02
-7,519839e-01
-1,035625e+00
-7,577368e-01
-6,943420e-02
6,557805e-01
1,025151e+00
8,388550e-01
1,983215e-01
-5,488181e-01
-9,977999e-01
-9,056436e-01
-3,227149e-01
4,345394e-01
9,557109e-01
9,587752e-01
4,424332e-01
-3,130248e-01
-8,979636e-01
-9,957853e-01
-5,538495e-01
1,879084e-01
8,271680e-01
1,017876e+00
6,570157e-01
-5,944716e-02
-7,427971e-01
-1,023056e+00
-7,486138e-01
-6,862212e-02
6,479462e-01
1,013004e+00
8,290015e-01
1,960322e-01
-5,424030e-01
-9,862466e-01
-8,952290e-01
-3,190404e-01
4,295793e-01
9,449266e-01
9,480339e-01
4,375413e-01
-3,095270e-01
-8,880805e-01
-9,849327e-01
-5,478709e-01
1,858552e-01
8,183197e-01
1,007104e+00
6,501345e-01
-5,879690e-02
-7,350845e-01
-1,012545e+00
-7,410051e-01
-6,795404e-02
6,414138e-01
1,002920e+00
8,208361e-01
1,941438e-01
-5,371044e-01
-9,767361e-01
-8,866924e-01
-3,160578e-01
4,255293e-01
9,361377e-01
9,393148e-01
4,335967e-01
-3,067062e-01
-8,801289e-01
-9,762180e-01
-5,431008e-01
1,842221e-01
8,112767e-01
9,985496e-01
6,446978e-01
-5,828025e-02
-7,290079e-01
-1,004295e+00
-7,350548e-01
-6,744036e-02
6,363572e-01
9,951261e-01
8,145502e-01
1,927052e-01
-5,330722e-01
-9,695194e-01
-8,802358e-01
-3,137997e-01
4,224754e-01
9,295638e-01
9,328463e-01
4,306497e-01
-3,046129e-01
-8,742854e-01
-9,698504e-01
-5,396312e-01
1,830225e-01
8,062171e-01
9,924374e-01
6,408408e-01
-5,789128e-02
-7,247367e-01
-9,985541e-01
-7,309498e-01
-6,709444e-02
6,328936e-01
9,898364e-01
8,103324e-01
1,917402e-01
-5,303776e-01
-9,647626e-01
-8,760343e-01
-3,123582e-01
4,205098e-01
9,253861e-01
9,287680e-01
4,288415e-01
-3,033138e-01
-8,707119e-01
-9,660038e-01
-5,375557e-01
1,823128e-01
8,032597e-01
9,889263e-01
6,386554e-01
-5,767898e-02
-7,223835e-01
-9,954438e-01
-7,287719e-01
-6,691629e-02
6,310987e-01
9,871581e-01
8,082555e-01
1,913037e-01
-5,290845e-01
-9,625669e-01
-8,741726e-01
-3,117643e-01
4,196635e-01
9,236802e-01
9,272092e-01
4,281600e-01
-3,028373e-01
-8,694767e-01
-9,647864e-01
-5,369619e-01
1,820887e-01
8,024610e-01
9,880934e-01
6,382130e-01
-5,760623e-02
-7,219901e-01
-9,950236e-01
-7,285536e-01
-6,693262e-02
6,310304e-01
9,871834e-01
8,083727e-01
1,913928e-01
-5,292537e-01
-9,629974e-01
-8,746878e-01
-3,119825e-01
4,199783e-01
9,245057e-01
9,281296e-01
4,286796e-01
-3,031787e-01
-8,706303e-01
-9,661804e-01
-5,378170e-01
1,823544e-01
8,038714e-01
9,899581e-01
6,394972e-01
-5,769680e-02
-7,235787e-01
-9,973337e-01
-7,303396e-01
-6,714195e-02
6,326724e-01
9,899047e-01
8,107066e-01
1,919792e-01
-5,308586e-01
-9,660617e-01
-8,775650e-01
-3,130827e-01
4,214258e-01
9,278490e-01
9,315992e-01
4,303528e-01
-3,043501e-01
-8,741340e-01
-9,701963e-01
-5,401212e-01
1,831309e-01
8,074523e-01
9,944818e-01
6,425095e-01
-5,794621e-02
-7,270764e-01
-1,002318e+00
-7,340972e-01
-6,751756e-02
6,359905e-01
9,952389e-01
8,151812e-01
1,930867e-01
-5,338665e-01
-9,716646e-01
-8,827760e-01
-3,149978e-01
4,239630e-01
9,335841e-01
9,374946e-01
4,331276e-01
-3,063054e-01
-8,799017e-01
-9,767287e-01
-5,438476e-01
1,843557e-01
8,130894e-01
1,001557e+00
6,471623e-01
-5,834112e-02
-7,324389e-01
-1,009828e+00
-7,396957e-01
-6,807578e-02
6,409135e-01
1,003070e+00
8,216868e-01
1,946708e-01
-5,381882e-01
-9,796831e-01
-8,901560e-01
-3,176835e-01
4,275498e-01
9,416159e-01
9,456764e-01
4,369594e-01
-3,090133e-01
-8,877836e-01
-9,855874e-01
-5,488567e-01
1,860318e-01
8,206505e-01
1,010988e+00
6,533442e-01
-5,887113e-02
-7,395086e-01
-1,019685e+00
-7,469792e-01
-6,878542e-02
6,473152e-01
1,013194e+00
8,300794e-01
1,967033e-01
-5,437407e-01
-9,898928e-01
-8,995314e-01
-3,210773e-01
4,320898e-01
9,517247e-01
9,559158e-01
4,417666e-01
-3,123567e-01
-8,975999e-01
-9,965751e-01
-5,550371e-01
1,881029e-01
8,299621e-01
1,022554e+00
6,608817e-01
-5,952585e-02
-7,481254e-01
-1,031670e+00
-7,558588e-01
-6,964353e-02
6,550204e-01
1,025375e+00
8,401451e-01
1,991158e-01
-5,503591e-01
-1,002068e+00
-9,106824e-01
-3,251051e-01
4,374478e-01
9,636774e-01
9,680065e-01
4,474007e-01
-3,163147e-01
-9,091042e-01
-1,009439e+00
-5,622435e-01
1,905109e-01
8,407865e-01
1,035986e+00
6,696187e-01
-6,028449e-02
-7,580515e-01
-1,045459e+00
-7,660299e-01
-7,061596e-02
6,638583e-01
1,039299e+00
8,516361e-01
2,018757e-01
-5,579054e-01
-1,015893e+00
-9,233209e-01
-3,296570e-01
4,435333e-01
9,771533e-01
9,816324e-01
4,537430e-01
-3,207611e-01
-9,219996e-01
-1,023840e+00
-5,703258e-01
1,932040e-01
8,528638e-01
1,050929e+00
6,793444e-01
-6,112181e-02
-7,690659e-01
-1,060723e+00
-7,772729e-01
-7,168192e-02
6,735974e-01
1,054615e+00
8,642524e-01
2,049028e-01
-5,661822e-01
-1,031036e+00
-9,371442e-01
-3,346453e-01
4,501472e-01
9,918377e-01
9,964326e-01
4,606257e-01
-3,255935e-01
-9,359773e-01
-1,039427e+00
-5,790598e-01
1,961065e-01
8,658751e-01
1,067037e+00
6,898065e-01
-6,203337e-02
-7,808984e-01
-1,077102e+00
-7,893058e-01
-7,284141e-02
6,840017e-01
1,070999e+00
8,777001e-01
2,081408e-01
-5,749741e-01
-1,047119e+00
-9,518078e-01
-3,399290e-01
4,571606e-01
1,007371e+00
1,012072e+00
4,678885e-01
-3,306828e-01
-9,506929e-01
-1,055816e+00
-5,882288e-01
1,991618e-01
8,795143e-01
1,083899e+00
7,007422e-01
-6,297165e-02
-7,932356e-01
-1,094174e+00
-8,018582e-01
-7,404098e-02
6,948245e-01
1,087977e+00
8,916555e-01
2,114782e-01
-5,840852e-01
-1,063757e+00
-9,669465e-01
-3,453657e-01
4,643833e-01
1,023370e+00
1,028174e+00
4,753754e-01
-3,359042e-01
-9,657855e-01
-1,072610e+00
-5,976131e-01
2,022854e-01
8,934578e-01
1,101097e+00
7,118813e-01
-6,393072e-02
-8,057984e-01
-1,111505e+00
-8,145755e-01
-7,525391e-02
7,057736e-01
1,105172e+00
9,057668e-01
2,148498e-01
-5,932676e-01
-1,080520e+00
-9,822040e-01
-3,508469e-01
4,716431e-01
1,039424e+00
1,044346e+00
4,828445e-01
-3,411271e-01
-9,808841e-01
-1,089386e+00
-6,069677e-01
2,053928e-01
9,073435e-01
1,118226e+00
7,229640e-01
-6,488533e-02
-8,182321e-01
-1,128700e+00
-8,271992e-01
-7,646536e-02
7,166039e-01
1,122146e+00
9,196925e-01
2,181768e-01
-6,023089e-01
-1,097002e+00
-9,972031e-01
-3,562257e-01
4,787663e-01
1,055158e+00
1,060126e+00
4,901785e-01
-3,462238e-01
-9,956012e-01
-1,105733e+00
-6,161025e-01
2,084050e-01
9,208208e-01
1,134851e+00
7,337275e-01
-6,580579e-02
-8,302946e-01
-1,145328e+00
-8,393835e-01
-7,764415e-02
7,270423e-01
1,138491e+00
9,330808e-01
2,213821e-01
-6,109747e-01
-1,112799e+00
-1,011552e+00
-3,613729e-01
4,855540e-01
1,070165e+00
1,075199e+00
4,971607e-01
-3,510637e-01
-1,009594e+00
-1,121261e+00
-6,247549e-01
2,112674e-01
9,335886e-01
1,150558e+00
7,438734e-01
-6,666539e-02
-8,416327e-01
-1,160957e+00
-8,508358e-01
-7,872941e-02
7,368051e-01
1,153796e+00
9,456081e-01
2,243796e-01
-6,190540e-01
-1,127550e+00
-1,024919e+00
-3,661771e-01
4,918576e-01
1,084099e+00
1,089180e+00
5,036247e-01
-3,555413e-01
-1,022501e+00
-1,135573e+00
-6,327377e-01
2,138952e-01
9,453037e-01
1,164976e+00
7,531864e-01
-6,744630e-02
-8,520087e-01
-1,175228e+00
-8,612609e-01
-7,974786e-02
7,456906e-01
1,167686e+00
9,569520e-01
2,270875e-01
-6,263628e-01
-1,140833e+00
-1,036979e+00
-3,704944e-01
4,975289e-01
1,096595e+00
1,101695e+00
5,094237e-01
-3,595349e-01
-1,034032e+00
-1,148330e+00
-6,398327e-01
2,162067e-01
9,556842e-01
1,177742e+00
7,613964e-01
-6,813219e-02
-8,611272e-01
-1,187787e+00
-8,704373e-01
-8,062379e-02
7,534626e-01
1,179822e+00
9,668752e-01
2,294852e-01
-6,327051e-01
-1,152356e+00
-1,047419e+00
-3,742431e-01
5,024163e-01
1,107354e+00
1,112451e+00
5,144016e-01
-3,629555e-01
-1,043848e+00
-1,159206e+00
-6,458811e-01
2,181798e-01
9,644835e-01
1,188544e+00
7,683593e-01
-6,869486e-02
-8,688042e-01
-1,198299e+00
-8,781232e-01
-8,137946e-02
7,599281e-01
1,189904e+00
9,750941e-01
2,314686e-01
-6,379265e-01
-1,161850e+00
-1,056000e+00
-3,773177e-01
5,063876e-01
1,116106e+00
1,121191e+00
5,184294e-01
-3,656902e-01
-1,051770e+00
-1,167925e+00
-6,507239e-01
2,197297e-01
9,714761e-01
1,197095e+00
7,738672e-01
-6,912689e-02
-8,748050e-01
-1,206540e+00
-8,841166e-01
-8,198518e-02
7,649238e-01
1,197688e+00
9,814156e-01
2,329770e-01
-6,419067e-01
-1,169048e+00
-1,062468e+00
-3,796486e-01
5,093435e-01
1,122637e+00
1,127700e+00
5,214268e-01
-3,676944e-01
-1,057578e+00
-1,174338e+00
-6,542647e-01
2,208373e-01
9,764882e-01
1,203221e+00
7,778014e-01
-6,941936e-02
-8,790110e-01
-1,212284e+00
-8,882928e-01
-8,241424e-02
7,683192e-01
1,202964e+00
9,857017e-01
2,340073e-01
-6,445256e-01
-1,173782e+00
-1,066737e+00
-3,811629e-01
5,112394e-01
1,126793e+00
1,131818e+00
5,233301e-01
-3,689133e-01
-1,061116e+00
-1,178186e+00
-6,564026e-01
2,214801e-01
9,793951e-01
1,206751e+00
7,800343e-01
-6,955446e-02
-8,813106e-01
-1,215405e+00
-8,905331e-01
-8,265623e-02
7,700473e-01
1,205614e+00
9,878232e-01
2,345388e-01
-6,457445e-01
-1,175954e+00
-1,068646e+00
-3,818488e-01
5,120039e-01
1,128469e+00
1,133430e+00
5,240576e-01
-3,693305e-01
-1,062301e+00
-1,179437e+00
-6,570662e-01
2,216137e-01
9,801299e-01
1,207589e+00
7,805406e-01
-6,955149e-02
-8,816566e-01
-1,215804e+00
-8,907914e-01
-8,272601e-02
7,700562e-01
1,205577e+00
9,877490e-01
2,345373e-01
-6,455010e-01
-1,175493e+00
-1,068165e+00
-3,817018e-01
5,116239e-01
1,127609e+00
1,132511e+00
5,236166e-01
-3,689044e-01
-1,061103e+00
-1,178051e+00
-6,562823e-01
2,212633e-01
9,786824e-01
1,205727e+00
7,793202e-01
-6,936740e-02
-8,800235e-01
-1,213499e+00
-8,890470e-01
-8,260278e-02
7,683474e-01
1,202853e+00
9,854612e-01
2,340207e-01
-6,438308e-01
-1,172428e+00
-1,065326e+00
-3,806804e-01
5,101155e-01
1,124252e+00
1,129071e+00
5,220281e-01
-3,676692e-01
-1,057566e+00
-1,174051e+00
-6,540242e-01
2,204305e-01
9,750704e-01
1,201208e+00
7,763658e-01
-6,905711e-02
-8,764485e-01
-1,208533e+00
-8,853518e-01
-8,230289e-02
7,649624e-01
1,197507e+00
9,810266e-01
2,329829e-01
-6,407740e-01
-1,166791e+00
-1,060157e+00
-3,788394e-01
5,075026e-01
1,118473e+00
1,123201e+00
5,193320e-01
-3,656382e-01
-1,051766e+00
-1,167553e+00
-6,503928e-01
2,191106e-01
9,693783e-01
1,194153e+00
7,717665e-01
-6,858203e-02
-8,710460e-01
-1,201015e+00
-8,798171e-01
-8,182336e-02
7,599934e-01
1,189671e+00
9,745507e-01
2,314835e-01
-6,363780e-01
-1,158761e+00
-1,052805e+00
-3,762146e-01
5,038430e-01
1,110422e+00
1,115061e+00
5,155418e-01
-3,628813e-01
-1,043838e+00
-1,158693e+00
-6,454505e-01
2,173736e-01
9,617652e-01
1,184717e+00
7,656439e-01
-6,798818e-02
-8,639243e-01
-1,191149e+00
-8,725440e-01
-8,118200e-02
7,535368e-01
1,179528e+00
9,662176e-01
2,295193e-01
-6,307706e-01
-1,148535e+00
-1,043467e+00
-3,728802e-01
4,992451e-01
1,100277e+00
1,104832e+00
5,107895e-01
-3,594399e-01
-1,033996e+00
-1,147724e+00
-6,393369e-01
2,152417e-01
9,524136e-01
1,173150e+00
7,581614e-01
-6,725478e-02
-8,552645e-01
-1,179179e+00
-8,637268e-01
-8,040109e-02
7,457722e-01
1,167346e+00
9,561919e-01
2,271603e-01
-6,240824e-01
-1,136337e+00
-1,032351e+00
-3,689266e-01
4,938173e-01
1,088301e+00
1,092773e+00
5,052474e-01
-3,554151e-01
-1,022452e+00
-1,134897e+00
-6,321587e-01
2,127594e-01
9,415461e-01
1,159739e+00
7,494689e-01
-6,642785e-02
-8,452863e-01
-1,165381e+00
-8,536269e-01
-7,949696e-02
7,368809e-01
1,153401e+00
9,447529e-01
2,244716e-01
-6,164826e-01
-1,122493e+00
-1,019744e+00
-3,644223e-01
4,876710e-01
1,074798e+00
1,079185e+00
4,989512e-01
-3,509123e-01
-1,009528e+00
-1,120508e+00
-6,241507e-01
2,099980e-01
9,294302e-01
1,144785e+00
7,397922e-01
-6,552223e-02
-8,342274e-01
-1,150109e+00
-8,424284e-01
-7,848148e-02
7,270883e-01
1,138050e+00
9,321708e-01
2,215172e-01
-6,081628e-01
-1,107337e+00
-1,005945e+00
-3,595112e-01
4,809962e-01
1,060084e+00
1,064382e+00
4,921160e-01
-3,460100e-01
-9,955151e-01
-1,104933e+00
-6,154879e-01
2,070273e-01
9,163789e-01
1,128684e+00
7,294043e-01
-6,453793e-02
-8,223549e-01
-1,133735e+00
-8,304283e-01
-7,741404e-02
7,166217e-01
1,121694e+00
9,187617e-01
2,183416e-01
-5,993070e-01
-1,091227e+00
-9,913106e-01
-3,543002e-01
4,739264e-01
1,044519e+00
1,048755e+00
4,849126e-01
-3,408643e-01
-9,807743e-01
-1,088568e+00
-6,063679e-01
2,039081e-01
9,026892e-01
1,111834e+00
7,185295e-01
-6,354620e-02
-8,099598e-01
-1,116670e+00
-8,179396e-01
-7,627385e-02
7,057513e-01
1,104684e+00
9,048612e-01
2,150740e-01
-5,901499e-01
-1,074589e+00
-9,761972e-01
-3,489214e-01
4,666384e-01
1,028503e+00
1,032685e+00
4,775058e-01
-3,355761e-01
-9,656326e-01
-1,071787e+00
-5,970460e-01
2,007251e-01
8,887070e-01
1,094636e+00
7,074304e-01
-6,251142e-02
-7,973673e-01
-1,099326e+00
-8,052491e-01
-7,511881e-02
6,947429e-01
1,087486e+00
8,907736e-01
2,117618e-01
-5,808948e-01
-1,057793e+00
-9,609679e-01
-3,435174e-01
4,593148e-01
1,012412e+00
1,016558e+00
4,700560e-01
-3,302939e-01
-9,505088e-01
-1,055031e+00
-5,877433e-01
1,975510e-01
8,747887e-01
1,077509e+00
6,963982e-01
-6,149594e-02
-7,848712e-01
-1,082137e+00
-7,926833e-01
-7,398159e-02
6,838680e-01
1,070509e+00
8,768939e-01
2,085030e-01
-5,718089e-01
-1,041293e+00
-9,460252e-01
-3,382098e-01
4,521307e-01
9,966627e-01
1,000769e+00
4,628036e-01
-3,251244e-01
-9,357457e-01
-1,038692e+00
-5,786619e-01
1,944541e-01
8,612534e-01
1,060892e+00
6,856867e-01
-6,051164e-02
-7,727641e-01
-1,065507e+00
-7,805302e-01
-7,287258e-02
6,733807e-01
1,054153e+00
8,635294e-01
2,053645e-01
-5,630868e-01
-1,025458e+00
-9,317046e-01
-3,331265e-01
4,452732e-01
9,816190e-01
9,857225e-01
4,558853e-01
-3,202133e-01
-9,217220e-01
-1,023174e+00
-5,700719e-01
1,915368e-01
8,484471e-01
1,045186e+00
6,755735e-01
-5,958969e-02
-7,613771e-01
-1,049870e+00
-7,691149e-01
-7,184374e-02
6,635451e-01
1,038845e+00
8,510422e-01
2,024280e-01
-5,549303e-01
-1,010710e+00
-9,183697e-01
-3,284010e-01
4,389057e-01
9,676769e-01
9,717819e-01
4,494896e-01
-3,156763e-01
-9,087761e-01
-1,008877e+00
-5,621425e-01
1,888467e-01
8,367023e-01
1,030781e+00
6,663228e-01
-5,872712e-02
-7,509640e-01
-1,035603e+00
-7,587404e-01
-7,091140e-02
6,546106e-01
1,024931e+00
8,397250e-01
1,997824e-01
-5,475621e-01
-9,973931e-01
-9,063280e-01
-3,241371e-01
4,331840e-01
9,551557e-01
9,592859e-01
4,437708e-01
-3,116084e-01
-8,972198e-01
-9,961327e-01
-5,550980e-01
1,864520e-01
8,262728e-01
1,018038e+00
6,581559e-01
-5,796848e-02
-7,417860e-01
-1,023038e+00
-7,496159e-01
-7,009486e-02
6,467926e-01
1,012798e+00
8,298596e-01
1,974693e-01
-5,411634e-01
-9,858472e-01
-8,959267e-01
-3,204419e-01
4,282372e-01
9,443640e-01
9,485461e-01
4,388448e-01
-3,081285e-01
-8,873441e-01
-9,852682e-01
-5,490912e-01
1,844151e-01
8,174215e-01
1,007249e+00
6,512420e-01
-5,733158e-02
-7,340823e-01
-1,012507e+00
-7,419983e-01
-6,941490e-02
6,402736e-01
1,002708e+00
8,216794e-01
1,955750e-01
-5,358796e-01
-9,763367e-01
-8,873961e-01
-3,174608e-01
4,242005e-01
9,355780e-01
9,398463e-01
4,348794e-01
-3,053151e-01
-8,793925e-01
-9,765446e-01
-5,443226e-01
1,828043e-01
8,103963e-01
9,986921e-01
6,457890e-01
-5,683275e-02
-7,280028e-01
-1,004267e+00
-7,360287e-01
-6,887747e-02
6,352215e-01
9,949212e-01
8,153950e-01
1,941245e-01
-5,318459e-01
-9,691037e-01
-8,809202e-01
-3,151864e-01
4,211615e-01
9,290115e-01
9,333421e-01
4,319428e-01
-3,032277e-01
-8,735550e-01
-9,701860e-01
-5,408382e-01
1,816106e-01
8,053382e-01
9,925770e-01
6,419379e-01
-5,645268e-02
-7,237405e-01
-9,985125e-01
-7,319222e-01
-6,853007e-02
6,317564e-01
9,896271e-01
8,111668e-01
1,931550e-01
-5,291454e-01
-9,643499e-01
-8,767098e-01
-3,137492e-01
4,192033e-01
9,248264e-01
9,292594e-01
4,301257e-01
-3,019480e-01
-8,699800e-01
-9,663541e-01
-5,387969e-01
1,809158e-01
8,023689e-01
9,890629e-01
6,397525e-01
-5,623741e-02
-7,214037e-01
-9,954007e-01
-7,297383e-01
-6,834598e-02
6,299511e-01
9,869636e-01
8,090824e-01
1,927067e-01
-5,278686e-01
-9,621645e-01
-8,748199e-01
-3,131138e-01
4,183630e-01
9,231279e-01
9,276798e-01
4,294398e-01
-3,014521e-01
-8,687582e-01
-9,651115e-01
-5,381867e-01
1,806857e-01
8,015940e-01
9,882211e-01
6,393190e-01
-5,617654e-02
-7,210014e-01
-9,949791e-01
-7,295290e-01
-6,837715e-02
6,298783e-01
9,869785e-01
8,092041e-01
1,927794e-01
-5,280319e-01
-9,626010e-01
-8,753558e-01
-3,133722e-01
4,186807e-01
9,239534e-01
9,286344e-01
4,299698e-01
-3,017981e-01
-8,699043e-01
-9,665145e-01
-5,390493e-01
1,809351e-01
8,029969e-01
9,901006e-01
6,405854e-01
-5,627750e-02
-7,225721e-01
-9,972981e-01
-7,313254e-01
-6,857609e-02
6,315381e-01
9,896998e-01
8,115409e-01
1,933941e-01
-5,296383e-01
-9,656712e-01
-8,782479e-01
-3,144530e-01
4,201060e-01
9,272789e-01
9,320906e-01
4,316207e-01
-3,029635e-01
-8,734036e-01
-9,705244e-01
-5,413534e-01
1,817175e-01
8,065496e-01
9,946183e-01
6,436096e-01
-5,650316e-02
-7,260802e-01
-1,002260e+00
-7,350429e-01
-6,896952e-02
6,348488e-01
9,950340e-01
8,160067e-01
1,944942e-01
-5,326209e-01
-9,712608e-01
-8,834455e-01
-3,163800e-01
4,226417e-01
9,330200e-01
9,379816e-01
4,344192e-01
-3,049083e-01
-8,791669e-01
-9,770479e-01
-5,450724e-01
1,829319e-01
8,121912e-01
1,001688e+00
6,482728e-01
-5,689955e-02
-7,314278e-01
-1,009763e+00
-7,406681e-01
-6,954555e-02
6,397615e-01
1,002854e+00
8,225286e-01
1,960901e-01
-5,369456e-01
-9,792659e-01
-8,908063e-01
-3,190642e-01
4,262196e-01
9,410473e-01
9,461603e-01
4,382673e-01
-3,075925e-01
-8,870532e-01
-9,859096e-01
-5,500815e-01
1,845947e-01
8,197509e-01
1,011120e+00
6,544518e-01
-5,739393e-02
-7,384872e-01
-1,019639e+00
-7,479695e-01
-7,026114e-02
6,461394e-01
1,012979e+00
8,309226e-01
1,981300e-01
-5,424773e-01
-9,894712e-01
-9,002054e-01
-3,224877e-01
4,307329e-01
9,511561e-01
9,564131e-01
4,430938e-01
-3,109418e-01
-8,968606e-01
-9,969121e-01
-5,562887e-01
1,866509e-01
8,290446e-01
1,022693e+00
6,620100e-01
-5,802935e-02
-7,470802e-01
-1,031612e+00
-7,568416e-01
-7,113261e-02
6,538401e-01
1,025150e+00
8,410062e-01
2,005707e-01
-5,490912e-01
-1,001636e+00
-9,113638e-01
-3,265348e-01
4,360923e-01
9,630865e-01
9,685068e-01
4,487339e-01
-3,148746e-01
-9,083411e-01
-1,009761e+00
-5,635114e-01
1,890649e-01
8,398615e-01
1,036119e+00
6,707737e-01
-5,877611e-02
-7,570049e-01
-1,045397e+00
-7,670305e-01
-7,211988e-02
6,626543e-01
1,039068e+00
8,524942e-01
2,033484e-01
-5,566019e-01
-1,015468e+00
-9,240172e-01
-3,311267e-01
4,421392e-01
9,765579e-01
9,821312e-01
4,550999e-01
-3,193047e-01
-9,212232e-01
-1,024173e+00
-5,716174e-01
1,917120e-01
8,519167e-01
1,051075e+00
6,805143e-01
-5,959711e-02
-7,680044e-01
-1,060666e+00
-7,782869e-01
-7,322444e-02
6,723786e-01
1,054401e+00
8,651164e-01
2,063934e-01
-5,648579e-01
-1,030595e+00
-9,378242e-01
-3,361002e-01
4,487443e-01
9,912408e-01
9,969433e-01
4,620079e-01
-3,241178e-01
-9,351979e-01
-1,039748e+00
-5,803544e-01
1,945996e-01
8,649249e-01
1,067185e+00
6,909764e-01
-6,047452e-02
-7,798190e-01
-1,077031e+00
-7,903361e-01
-7,440471e-02
6,827650e-01
1,070757e+00
8,785834e-01
2,096477e-01
-5,736335e-01
-1,046682e+00
-9,524997e-01
-3,414062e-01
4,557294e-01
1,006767e+00
1,012605e+00
4,692959e-01
-3,291759e-01
-9,499046e-01
-1,056157e+00
-5,895457e-01
1,976178e-01
8,785463e-01
1,084047e+00
7,019329e-01
-6,140686e-02
-7,921340e-01
-1,094095e+00
-8,028900e-01
-7,561765e-02
6,935656e-01
1,087734e+00
8,925566e-01
2,130252e-01
-5,827149e-01
-1,063291e+00
-9,676666e-01
-3,468682e-01
4,629372e-01
1,022744e+00
1,028710e+00
4,767962e-01
-3,343677e-01
-9,649824e-01
-1,072944e+00
-5,989374e-01
2,007207e-01
8,924676e-01
1,101265e+00
7,131017e-01
-6,234514e-02
-8,046731e-01
-1,111437e+00
-8,156593e-01
-7,688106e-02
7,045057e-01
1,104935e+00
9,066784e-01
2,164220e-01
-5,918810e-01
-1,080061e+00
-9,829403e-01
-3,523776e-01
4,701807e-01
1,038786e+00
1,044862e+00
4,843009e-01
-3,395549e-01
-9,800720e-01
-1,089735e+00
-6,083306e-01
2,037953e-01
9,063428e-01
1,118390e+00
7,241963e-01
-6,326115e-02
-8,171097e-01
-1,128631e+00
-8,282860e-01
-7,809696e-02
7,153242e-01
1,121904e+00
9,206160e-01
2,197758e-01
-6,009000e-01
-1,096535e+00
-9,979335e-01
-3,577950e-01
4,772816e-01
1,054511e+00
1,060685e+00
4,916424e-01
-3,446427e-01
-9,947742e-01
-1,106085e+00
-6,174461e-01
2,067749e-01
9,198098e-01
1,135019e+00
7,349523e-01
-6,415341e-02
-8,291366e-01
-1,145258e+00
-8,404821e-01
-7,929060e-02
7,257314e-01
1,138245e+00
9,340132e-01
2,229989e-01
-6,095539e-01
-1,112335e+00
-1,012308e+00
-3,629585e-01
4,840545e-01
1,069520e+00
1,075763e+00
4,986468e-01
-3,494603e-01
-1,008750e+00
-1,121623e+00
-6,261252e-01
2,096239e-01
9,325568e-01
1,150725e+00
7,451294e-01
-6,499816e-02
-8,404702e-01
-1,160896e+00
-8,519389e-01
-8,041891e-02
7,354883e-01
1,153548e+00
9,465523e-01
2,260082e-01
-6,176124e-01
-1,127073e+00
-1,025691e+00
-3,677568e-01
4,903389e-01
1,083431e+00
1,089736e+00
5,051405e-01
-3,539216e-01
-1,021661e+00
-1,135947e+00
-6,341466e-01
2,122324e-01
9,442571e-01
1,165149e+00
7,544766e-01
-6,575977e-02
-8,508255e-01
-1,175163e+00
-8,624025e-01
-8,145666e-02
7,443663e-01
1,167439e+00
9,579200e-01
2,287622e-01
-6,249049e-01
-1,140364e+00
-1,037769e+00
-3,720933e-01
4,959775e-01
1,095920e+00
1,102270e+00
5,109484e-01
-3,579063e-01
-1,033175e+00
-1,148703e+00
-6,412624e-01
2,145336e-01
9,546375e-01
1,177908e+00
7,627207e-01
-6,643379e-02
-8,599306e-01
-1,187717e+00
-8,715983e-01
-8,233852e-02
7,521160e-01
1,179572e+00
9,678492e-01
2,311509e-01
-6,312397e-01
-1,151886e+00
-1,048209e+00
-3,758747e-01
5,008515e-01
1,106669e+00
1,113026e+00
5,159382e-01
-3,613001e-01
-1,043005e+00
-1,159583e+00
-6,473018e-01
2,164858e-01
9,634280e-01
1,188715e+00
7,696895e-01
-6,698013e-02
-8,675913e-01
-1,198234e+00
-8,792901e-01
-8,312686e-02
7,585786e-01
1,189656e+00
9,760754e-01
2,331225e-01
-6,364359e-01
-1,161378e+00
-1,056788e+00
-3,789552e-01
5,048050e-01
1,115419e+00
1,121783e+00
5,199957e-01
-3,640259e-01
-1,050920e+00
-1,168311e+00
-6,521907e-01
2,180209e-01
9,704131e-01
1,197285e+00
7,752078e-01
-6,739582e-02
-8,735980e-01
-1,206487e+00
-8,852924e-01
-8,373703e-02
7,635521e-01
1,197416e+00
9,824163e-01
2,346665e-01
-6,404013e-01
-1,168576e+00
-1,063285e+00
-3,812950e-01
5,077639e-01
1,121960e+00
1,128291e+00
5,230079e-01
-3,660301e-01
-1,056704e+00
-1,174692e+00
-6,557226e-01
2,191270e-01
9,754088e-01
1,203400e+00
7,791302e-01
-6,769720e-02
-8,777980e-01
-1,212231e+00
-8,894582e-01
-8,418242e-02
7,669504e-01
1,202710e+00
9,866890e-01
2,357176e-01
-6,430261e-01
-1,173316e+00
-1,067552e+00
-3,828108e-01
5,096612e-01
1,126107e+00
1,132416e+00
5,249023e-01
-3,672327e-01
-1,060244e+00
-1,178572e+00
-6,578753e-01
2,197565e-01
9,783306e-01
1,206923e+00
7,813838e-01
-6,782487e-02
-8,800977e-01
-1,215346e+00
-8,916941e-01
-8,441847e-02
7,686770e-01
1,205375e+00
9,888209e-01
2,362402e-01
-6,442406e-01
-1,175481e+00
-1,069474e+00
-3,835219e-01
5,104288e-01
1,127783e+00
1,134024e+00
5,256476e-01
-3,676484e-01
-1,061434e+00
-1,179814e+00
-6,585449e-01
2,198797e-01
9,790655e-01
1,207774e+00
7,818931e-01
-6,781448e-02
-8,804288e-01
-1,215760e+00
-8,919554e-01
-8,446895e-02
7,686992e-01
1,205333e+00
9,887274e-01
2,362669e-01
-6,440104e-01
-1,175034e+00
-1,068984e+00
-3,833542e-01
5,100398e-01
1,126925e+00
1,133107e+00
5,251948e-01
-3,672386e-01
-1,060249e+00
-1,178435e+00
-6,577357e-01
2,195501e-01
9,776165e-01
1,205912e+00
7,806415e-01
-6,763633e-02
-8,788016e-01
-1,213451e+00
-8,902154e-01
-8,436651e-02
7,669949e-01
1,202609e+00
9,864500e-01
2,357221e-01
-6,423462e-01
-1,171956e+00
-1,066125e+00
-3,823432e-01
5,085403e-01
1,123562e+00
1,129667e+00
5,236181e-01
-3,660094e-01
-1,056714e+00
-1,174430e+00
-6,554955e-01
2,187098e-01
9,740029e-01
1,201401e+00
7,776931e-01
-6,733347e-02
-8,752415e-01
-1,208481e+00
-8,865350e-01
-8,404880e-02
7,636203e-01
1,197269e+00
9,820110e-01
2,346917e-01
-6,392908e-01
-1,166331e+00
-1,060954e+00
-3,804800e-01
5,059259e-01
1,117797e+00
1,123803e+00
5,208775e-01
-3,639903e-01
-1,050915e+00
-1,167928e+00
-6,518344e-01
2,174211e-01
9,683376e-01
1,194349e+00
7,730893e-01
-6,686433e-02
-8,698464e-01
-1,200970e+00
-8,809766e-01
-8,355443e-02
7,586394e-01
1,189426e+00
9,755350e-01
2,331774e-01
-6,349053e-01
-1,158307e+00
-1,053607e+00
-3,778448e-01
5,022886e-01
1,109745e+00
1,115662e+00
5,170932e-01
-3,612289e-01
-1,043001e+00
-1,159074e+00
-6,468936e-01
2,156871e-01
9,607260e-01
1,184915e+00
7,669756e-01
-6,627790e-02
-8,627321e-01
-1,191106e+00
-8,737138e-01
-8,290416e-02
7,522066e-01
1,179293e+00
9,671915e-01
2,311880e-01
-6,293097e-01
-1,148070e+00
-1,044255e+00
-3,744940e-01
4,977056e-01
1,099609e+00
1,105426e+00
5,123439e-01
-3,578172e-01
-1,033168e+00
-1,148092e+00
-6,407591e-01
2,135582e-01
9,513862e-01
1,173347e+00
7,594560e-01
-6,557568e-02
-8,540872e-01
-1,179128e+00
-8,648922e-01
-8,210841e-02
7,444569e-01
1,167104e+00
9,571495e-01
2,288230e-01
-6,226319e-01
-1,135901e+00
-1,033137e+00
-3,705256e-01
4,922822e-01
1,087645e+00
1,093363e+00
5,067662e-01
-3,538177e-01
-1,021640e+00
-1,135250e+00
-6,335765e-01
2,110907e-01
9,405411e-01
1,159926e+00
7,507591e-01
-6,477695e-02
-8,441150e-01
-1,165345e+00
-8,547508e-01
-8,116270e-02
7,355892e-01
1,153177e+00
9,457090e-01
2,261299e-01
-6,150529e-01
-1,122052e+00
-1,020518e+00
-3,660183e-01
4,861790e-01
1,074146e+00
1,079770e+00
5,004610e-01
-3,493148e-01
-1,008718e+00
-1,120867e+00
-6,255254e-01
2,083679e-01
9,284429e-01
1,144978e+00
7,410734e-01
-6,387578e-02
-8,330664e-01
-1,150073e+00
-8,435493e-01
-8,013831e-02
7,258145e-01
1,137832e+00
9,331120e-01
2,231444e-01
-6,067465e-01
-1,106891e+00
-1,006712e+00
-3,610849e-01
4,795056e-01
1,059443e+00
1,064964e+00
4,936021e-01
-3,444378e-01
-9,947059e-01
-1,105289e+00
-6,168330e-01
2,054046e-01
9,154064e-01
1,128876e+00
7,306544e-01
-6,292711e-02
-8,212058e-01
-1,133702e+00
-8,315269e-01
-7,902930e-02
7,153657e-01
1,121461e+00
9,196881e-01
2,199598e-01
-5,979130e-01
-1,090807e+00
-9,920752e-01
-3,558575e-01
4,724685e-01
1,043896e+00
1,049337e+00
4,863809e-01
-3,393189e-01
-9,799741e-01
-1,088920e+00
-6,077055e-01
2,023137e-01
9,017242e-01
1,112007e+00
7,197454e-01
-6,196211e-02
-8,088448e-01
-1,116645e+00
-8,190308e-01
-7,786982e-02
7,045176e-01
1,104471e+00
9,057549e-01
2,166536e-01
-5,887840e-01
-1,074160e+00
-9,769439e-01
-3,504476e-01
4,651998e-01
1,027886e+00
1,033245e+00
4,789504e-01
-3,340752e-01
-9,648577e-01
-1,072144e+00
-5,983777e-01
1,991529e-01
8,877628e-01
1,094811e+00
7,086270e-01
-6,094069e-02
-7,962612e-01
-1,099299e+00
-8,063165e-01
-7,672072e-02
6,935240e-01
1,087276e+00
8,916688e-01
2,133102e-01
-5,795601e-01
-1,057384e+00
-9,617058e-01
-3,450020e-01
4,579074e-01
1,011813e+00
1,017112e+00
4,714976e-01
-3,288048e-01
-9,497442e-01
-1,055360e+00
-5,890320e-01
1,959877e-01
8,738593e-01
1,077693e+00
6,975830e-01
-5,994896e-02
-7,837785e-01
-1,082088e+00
-7,937388e-01
-7,553599e-02
6,826714e-01
1,070285e+00
8,777817e-01
2,100337e-01
-5,704802e-01
-1,040888e+00
-9,467275e-01
-3,396737e-01
4,507411e-01
9,960569e-01
1,001327e+00
4,642051e-01
-3,236561e-01
-9,349915e-01
-1,039028e+00
-5,799327e-01
1,929368e-01
8,603389e-01
1,061079e+00
6,868521e-01
-5,897951e-02
-7,716982e-01
-1,065470e+00
-7,815828e-01
-7,441659e-02
6,722078e-01
1,053930e+00
8,644142e-01
2,068625e-01
-5,617610e-01
-1,025071e+00
-9,323935e-01
-3,345621e-01
4,438955e-01
9,810252e-01
9,862644e-01
4,572571e-01
-3,187717e-01
-9,209767e-01
-1,023508e+00
-5,713249e-01
1,900284e-01
8,475474e-01
1,045363e+00
6,767433e-01
-5,806795e-02
-7,603111e-01
-1,049836e+00
-7,701586e-01
-7,336399e-02
6,623856e-01
1,038621e+00
8,519107e-01
2,039081e-01
-5,536490e-01
-1,010327e+00
-9,190304e-01
-3,298173e-01
4,375354e-01
9,670875e-01
9,723119e-01
4,508331e-01
-3,142496e-01
-9,080338e-01
-1,009206e+00
-5,633941e-01
1,873680e-01
8,358056e-01
1,030950e+00
6,674600e-01
-5,723805e-02
-7,499262e-01
-1,035567e+00
-7,597544e-01
-7,239899e-02
6,534615e-01
1,024718e+00
8,405756e-01
2,012403e-01
-5,462972e-01
-9,970190e-01
-9,070124e-01
-3,255416e-01
4,318374e-01
9,545692e-01
9,598159e-01
4,450921e-01
-3,102025e-01
-8,964983e-01
-9,964578e-01
-5,563377e-01
1,849777e-01
8,253805e-01
1,018200e+00
6,592708e-01
-5,650761e-02
-7,407631e-01
-1,023003e+00
-7,506106e-01
-7,155869e-02
6,456495e-01
1,012581e+00
8,306955e-01
1,989079e-01
-5,399311e-01
-9,854627e-01
-8,965859e-01
-3,218404e-01
4,268966e-01
9,437909e-01
9,490672e-01
4,401780e-01
-3,067463e-01
-8,866226e-01
-9,855919e-01
-5,503294e-01
1,829616e-01
8,165530e-01
1,007407e+00
6,523495e-01
-5,588111e-02
-7,330609e-01
-1,012469e+00
-7,429678e-01
-7,086241e-02
6,391453e-01
1,002491e+00
8,225034e-01
1,970106e-01
-5,346370e-01
-9,759671e-01
-8,880389e-01
-3,188177e-01
4,228718e-01
9,350138e-01
9,403466e-01
4,361874e-01
-3,039389e-01
-8,786784e-01
-9,768682e-01
-5,455371e-01
1,813657e-01
8,095263e-01
9,988525e-01
6,468876e-01
-5,538079e-02
-7,269992e-01
-1,004239e+00
-7,370026e-01
-7,032201e-02
6,340887e-01
9,946941e-01
8,162160e-01
1,955468e-01
-5,306003e-01
-9,687414e-01
-8,815734e-01
-3,165685e-01
4,198417e-01
9,284488e-01
9,338543e-01
4,332463e-01
-3,018649e-01
-8,728468e-01
-9,705022e-01
-5,420452e-01
1,801987e-01
8,044682e-01
9,927344e-01
6,430217e-01
-5,501854e-02
-7,227384e-01
-9,984902e-01
-7,328753e-01
-6,997757e-02
6,306429e-01
9,893999e-01
8,119759e-01
1,945817e-01
-5,279220e-01
-9,639788e-01
-8,773497e-01
-3,150780e-01
4,178864e-01
9,242770e-01
9,297657e-01
4,314173e-01
-3,005718e-01
-8,692704e-01
-9,666451e-01
-5,399801e-01
1,794802e-01
8,015197e-01
9,892099e-01
6,408155e-01
-5,481069e-02
-7,204001e-01
-9,953696e-01
-7,306811e-01
-6,978012e-02
6,288391e-01
9,867306e-01
8,098900e-01
1,941082e-01
-5,266364e-01
-9,617845e-01
-8,754657e-01
-3,144693e-01
4,170595e-01
9,225623e-01
9,281801e-01
4,307462e-01
-3,000967e-01
-8,680471e-01
-9,654070e-01
-5,393670e-01
1,792486e-01
8,007314e-01
9,883770e-01
6,403716e-01
-5,474982e-02
-7,199992e-01
-9,949583e-01
-7,304732e-01
-6,980090e-02
6,287767e-01
9,867513e-01
8,100207e-01
1,941868e-01
-5,268234e-01
-9,622358e-01
-8,759779e-01
-3,147172e-01
4,173490e-01
9,233981e-01
9,291288e-01
4,312555e-01
-3,004500e-01
-8,691872e-01
-9,668173e-01
-5,402325e-01
1,795381e-01
8,021314e-01
9,902387e-01
6,416588e-01
-5,483890e-02
-7,215640e-01
-9,972654e-01
-7,322667e-01
-6,999687e-02
6,304083e-01
9,894623e-01
8,123545e-01
1,947911e-01
-5,284031e-01
-9,652823e-01
-8,788788e-01
-3,158247e-01
4,187921e-01
9,267029e-01
9,325865e-01
4,329227e-01
-3,015947e-01
-8,726761e-01
-9,708288e-01
-5,425485e-01
1,802878e-01
8,056826e-01
9,947713e-01
6,446859e-01
-5,505269e-02
-7,250603e-01
-1,002230e+00
-7,360213e-01
-7,039624e-02
6,337235e-01
9,947965e-01
8,168321e-01
1,959253e-01
-5,313768e-01
-9,708867e-01
-8,840839e-01
-3,177503e-01
4,213174e-01
9,324588e-01
9,384700e-01
4,357167e-01
-3,035351e-01
-8,784364e-01
-9,773492e-01
-5,462660e-01
1,815037e-01
8,113153e-01
1,001829e+00
6,493417e-01
-5,540900e-02
-7,303990e-01
-1,009742e+00
-7,416257e-01
-7,097524e-02
6,386287e-01
1,002626e+00
8,233496e-01
1,975168e-01
-5,357029e-01
-9,788680e-01
-8,914744e-01
-3,204449e-01
4,248790e-01
9,404668e-01
9,466621e-01
4,395782e-01
-3,061925e-01
-8,863049e-01
-9,862184e-01
-5,512974e-01
1,831502e-01
8,188631e-01
1,011258e+00
6,555489e-01
-5,594791e-02
-7,374599e-01
-1,019603e+00
-7,489404e-01
-7,172646e-02
6,449918e-01
1,012731e+00
8,317511e-01
1,995849e-01
-5,412228e-01
-9,890777e-01
-9,008482e-01
-3,238847e-01
4,293878e-01
9,505771e-01
9,569283e-01
4,444018e-01
-3,095300e-01
-8,961034e-01
-9,972224e-01
-5,575076e-01
1,851752e-01
8,281479e-01
1,022838e+00
6,631190e-01
-5,654918e-02
-7,460335e-01
-1,031575e+00
-7,578110e-01
-7,260238e-02
6,526717e-01
1,024906e+00
8,418390e-01
2,020316e-01
-5,478115e-01
-1,001241e+00
-9,120156e-01
-3,279511e-01
4,347102e-01
9,624956e-01
9,690116e-01
4,500611e-01
-3,134494e-01
-9,075810e-01
-1,010085e+00
-5,647555e-01
1,875387e-01
8,389485e-01
1,036269e+00
6,718946e-01
-5,727516e-02
-7,559419e-01
-1,045373e+00
-7,680029e-01
-7,362974e-02
6,614770e-01
1,038829e+00
8,533374e-01
2,048331e-01
-5,553237e-01
-1,015056e+00
-9,246823e-01
-3,325445e-01
4,407541e-01
9,759582e-01
9,826434e-01
4,564524e-01
-3,178542e-01
-9,204556e-01
-1,024496e+00
-5,728674e-01
1,902051e-01
8,509902e-01
1,051211e+00
6,816470e-01
-5,806498e-02
-7,669311e-01
-1,060625e+00
-7,792801e-01
-7,474172e-02
6,711834e-01
1,054152e+00
8,659701e-01
2,079062e-01
-5,635678e-01
-1,030190e+00
-9,385235e-01
-3,375551e-01
4,473309e-01
9,906336e-01
9,974762e-01
4,633886e-01
-3,226421e-01
-9,344111e-01
-1,040080e+00
-5,816267e-01
1,930541e-01
8,639807e-01
1,067322e+00
6,921225e-01
-5,892458e-02
-7,787308e-01
-1,077004e+00
-7,913560e-01
-7,594278e-02
6,815550e-01
1,070511e+00
8,794682e-01
2,111828e-01
-5,723166e-01
-1,046259e+00
-9,531960e-01
-3,428745e-01
4,542849e-01
1,006140e+00
1,013142e+00
4,706840e-01
-3,276854e-01
-9,491133e-01
-1,056484e+00
-5,908447e-01
1,960738e-01
8,776006e-01
1,084187e+00
7,031013e-01
-5,982723e-02
-7,910279e-01
-1,094069e+00
-8,039174e-01
-7,719283e-02
6,923215e-01
1,087481e+00
8,934385e-01
2,145707e-01
-5,813713e-01
-1,062856e+00
-9,683703e-01
-3,483795e-01
4,614719e-01
1,022131e+00
1,029258e+00
4,782066e-01
-3,328489e-01
-9,641718e-01
-1,073300e+00
-6,002453e-01
1,991425e-01
8,915011e-01
1,101403e+00
7,142894e-01
-6,072097e-02
-8,035329e-01
-1,111403e+00
-8,166926e-01
-7,844733e-02
7,032527e-01
1,104682e+00
9,075884e-01
2,179898e-01
-5,905181e-01
-1,079616e+00
-9,836440e-01
-3,539023e-01
4,686768e-01
1,038159e+00
1,045422e+00
4,857380e-01
-3,380347e-01
-9,792481e-01
-1,090079e+00
-6,096563e-01
2,022127e-01
9,053615e-01
1,118531e+00
7,254181e-01
-6,163401e-02
-8,159710e-01
-1,128592e+00
-8,293356e-01
-7,971668e-02
7,140340e-01
1,121647e+00
9,215231e-01
2,213628e-01
-5,995089e-01
-1,096095e+00
-9,986654e-01
-3,593241e-01
4,757495e-01
1,053875e+00
1,061236e+00
4,931092e-01
-3,430868e-01
-9,939518e-01
-1,106446e+00
-6,188328e-01
2,051671e-01
9,188181e-01
1,135160e+00
7,362024e-01
-6,251587e-02
-8,279935e-01
-1,145223e+00
-8,415421e-01
-8,094298e-02
7,244338e-01
1,137984e+00
9,349381e-01
2,246260e-01
-6,081450e-01
-1,111877e+00
-1,013056e+00
-3,645203e-01
4,825357e-01
1,068870e+00
1,076333e+00
5,001210e-01
-3,478703e-01
-1,007921e+00
-1,121982e+00
-6,275059e-01
2,079701e-01
9,315546e-01
1,150885e+00
7,463943e-01
-6,332648e-02
-8,392825e-01
-1,160862e+00
-8,530286e-01
-8,208465e-02
7,341937e-01
1,153298e+00
9,474965e-01
2,276546e-01
-6,161857e-01
-1,126607e+00
-1,026437e+00
-3,693557e-01
4,887978e-01
1,082781e+00
1,090318e+00
5,066385e-01
-3,523078e-01
-1,020810e+00
-1,136306e+00
-6,355392e-01
2,105667e-01
9,432460e-01
1,165313e+00
7,557400e-01
-6,407027e-02
-8,496452e-01
-1,175135e+00
-8,634952e-01
-8,311795e-02
7,430302e-01
1,167179e+00
9,588821e-01
2,304056e-01
-6,234722e-01
-1,139897e+00
-1,038511e+00
-3,737086e-01
4,944275e-01
1,095262e+00
1,102855e+00
5,124523e-01
-3,562762e-01
-1,032311e+00
-1,149066e+00
-6,426713e-01
2,128634e-01
9,536102e-01
1,178073e+00
7,640063e-01
-6,471163e-02
-8,587415e-01
-1,187681e+00
-8,726984e-01
-8,405474e-02
7,507635e-01
1,179308e+00
9,688201e-01
2,328196e-01
-6,297759e-01
-1,151418e+00
-1,048964e+00
-3,774810e-01
4,992748e-01
1,106021e+00
1,113634e+00
5,174673e-01
-3,596641e-01
-1,042141e+00
-1,159965e+00
-6,487464e-01
2,147815e-01
9,623932e-01
1,188872e+00
7,709811e-01
-6,525351e-02
-8,663902e-01
-1,198210e+00
-8,803991e-01
-8,482971e-02
7,571994e-01
1,189396e+00
9,770449e-01
2,348135e-01
-6,349736e-01
-1,160908e+00
-1,057572e+00
-3,805943e-01
5,032373e-01
1,114745e+00
1,122373e+00
5,215248e-01
-3,623839e-01
-1,050050e+00
-1,168711e+00
-6,536100e-01
2,163047e-01
9,693753e-01
1,197438e+00
7,764994e-01
-6,567218e-02
-8,723792e-01
-1,206453e+00
-8,864133e-01
-8,545326e-02
7,621936e-01
1,197162e+00
9,833991e-01
2,363827e-01
-6,389316e-01
-1,168092e+00
-1,064079e+00
-3,829474e-01
5,061813e-01
1,121280e+00
1,128895e+00
5,245520e-01
-3,643555e-01
-1,055838e+00
-1,175090e+00
-6,571553e-01
2,174033e-01
9,743785e-01
1,203564e+00
7,804411e-01
-6,593792e-02
-8,765717e-01
-1,212198e+00
-8,906118e-01
-8,590755e-02
7,655830e-01
1,202453e+00
9,876822e-01
2,374205e-01
-6,415504e-01
-1,172841e+00
-1,068343e+00
-3,844810e-01
5,080623e-01
1,125443e+00
1,133016e+00
5,264641e-01
-3,655684e-01
-1,059364e+00
-1,178965e+00
-6,593198e-01
2,180387e-01
9,772824e-01
1,207102e+00
7,826977e-01
-6,607748e-02
-8,788863e-01
-1,215318e+00
-8,928447e-01
-8,616439e-02
7,673081e-01
1,205112e+00
9,898171e-01
2,379624e-01
-6,427663e-01
-1,175010e+00
-1,070249e+00
-3,851743e-01
5,088165e-01
1,127112e+00
1,134642e+00
5,271975e-01
-3,659812e-01
-1,060564e+00
-1,180214e+00
-6,599894e-01
2,181857e-01
9,780203e-01
1,207940e+00
7,832159e-01
-6,605818e-02
-8,792262e-01
-1,215724e+00
-8,930941e-01
-8,621932e-02
7,673171e-01
1,205077e+00
9,897339e-01
2,379520e-01
-6,425362e-01
-1,174563e+00
-1,069780e+00
-3,850170e-01
5,084468e-01
1,126254e+00
1,133706e+00
5,267536e-01
-3,655655e-01
-1,059377e+00
-1,178837e+00
-6,591847e-01
2,178324e-01
9,765668e-01
1,206092e+00
7,819732e-01
-6,589784e-02
-8,775946e-01
-1,213414e+00
-8,913600e-01
-8,610352e-02
7,656335e-01
1,202355e+00
9,874491e-01
2,374353e-01
-6,408690e-01
-1,171490e+00
-1,066915e+00
-3,839822e-01
5,069681e-01
1,122909e+00
1,130276e+00
5,251547e-01
-3,643332e-01
-1,055853e+00
-1,174845e+00
-6,569251e-01
2,169817e-01
9,729637e-01
1,201582e+00
7,790084e-01
-6,557271e-02
-8,740523e-01
-1,208448e+00
-8,876752e-01
-8,577245e-02
7,622456e-01
1,197017e+00
9,829938e-01
2,363842e-01
-6,378077e-01
-1,165874e+00
-1,061747e+00
-3,821338e-01
5,043522e-01
1,117134e+00
1,124413e+00
5,224289e-01
-3,623349e-01
-1,050056e+00
-1,168332e+00
-6,532567e-01
2,156916e-01
9,672954e-01
1,194511e+00
7,744017e-01
-6,512732e-02
-8,686498e-01
-1,200945e+00
-8,821212e-01
-8,527659e-02
7,572988e-01
1,189184e+00
9,765297e-01
2,348446e-01
-6,334459e-01
-1,157851e+00
-1,054394e+00
-3,794986e-01
5,007090e-01
1,109081e+00
1,116261e+00
5,186343e-01
-3,595735e-01
-1,042148e+00
-1,159478e+00
-6,483114e-01
2,140006e-01
9,597105e-01
1,185097e+00
7,682553e-01
-6,458246e-02
-8,615756e-01
-1,191080e+00
-8,748481e-01
-8,462484e-02
7,508749e-01
1,179053e+00
9,681639e-01
2,328508e-01
-6,278667e-01
-1,147629e+00
-1,045030e+00
-3,761256e-01
4,961556e-01
1,098969e+00
1,106011e+00
5,138761e-01
-3,561856e-01
-1,032319e+00
-1,148498e+00
-6,421502e-01
2,118850e-01
9,503707e-01
1,173527e+00
7,607506e-01
-6,387430e-02
-8,529292e-01
-1,179100e+00
-8,660131e-01
-8,379493e-02
7,431356e-01
1,166873e+00
9,581308e-01
2,304665e-01
-6,212096e-01
-1,135457e+00
-1,033906e+00
-3,721290e-01
4,907590e-01
1,087020e+00
1,093945e+00
5,082731e-01
-3,522024e-01
-1,020814e+00
-1,135660e+00
-6,349498e-01
2,094517e-01
9,395375e-01
1,160094e+00
7,520344e-01
-6,308151e-02
-8,429674e-01
-1,165323e+00
-8,558568e-01
-8,285962e-02
7,342932e-01
1,152934e+00
9,466651e-01
2,277467e-01
-6,136485e-01
-1,121622e+00
-1,021288e+00
-3,676038e-01
4,846572e-01
1,073516e+00
1,080337e+00
5,019501e-01
-3,477292e-01
-1,007894e+00
-1,121265e+00
-6,269106e-01
2,067349e-01
9,274467e-01
1,145150e+00
7,423175e-01
-6,223825e-02
-8,319292e-01
-1,150046e+00
-8,446405e-01
-8,179664e-02
7,245377e-01
1,137599e+00
9,340592e-01
2,247374e-01
-6,053465e-01
-1,106468e+00
-1,007481e+00
-3,626333e-01
4,780091e-01
1,058822e+00
1,065531e+00
4,950719e-01
-3,428938e-01
-9,939132e-01
-1,105674e+00
-6,181973e-01
2,037879e-01
9,144266e-01
1,129055e+00
7,318940e-01
-6,129403e-02
-8,200983e-01
-1,133678e+00
-8,326151e-01
-8,065051e-02
7,141023e-01
1,121234e+00
9,206189e-01
2,215306e-01
-5,965516e-01
-1,090382e+00
-9,928190e-01
-3,573867e-01
4,709735e-01
1,043280e+00
1,049897e+00
4,878328e-01
-3,377867e-01
-9,791887e-01
-1,089300e+00
-6,090447e-01
2,007192e-01
9,007562e-01
1,112197e+00
7,209717e-01
-6,033051e-02
-8,077403e-01
-1,116620e+00
-8,200819e-01
-7,949547e-02
7,032884e-01
1,104250e+00
9,066709e-01
2,182184e-01
-5,874241e-01
-1,073756e+00
-9,776863e-01
-3,519515e-01
4,637360e-01
1,027283e+00
1,033808e+00
4,803815e-01
-3,325401e-01
-9,640812e-01
-1,072515e+00
-5,996841e-01
1,975985e-01
8,868126e-01
1,094991e+00
7,098355e-01
-5,936551e-02
-7,951760e-01
-1,099272e+00
-8,073662e-01
-7,828402e-02
6,923111e-01
1,087057e+00
8,925700e-01
2,148542e-01
-5,782180e-01
-1,056969e+00
-9,624199e-01
-3,464896e-01
4,564791e-01
1,011215e+00
1,017658e+00
4,728961e-01
-3,273068e-01
-9,489811e-01
-1,055727e+00
-5,903295e-01
1,944719e-01
8,729211e-01
1,077864e+00
6,987677e-01
-5,838417e-02
-7,827126e-01
-1,082076e+00
-7,947499e-01
-7,709336e-02
6,814600e-01
1,070076e+00
8,786710e-01
2,115465e-01
-5,691559e-01
-1,040483e+00
-9,474505e-01
-3,411197e-01
4,493248e-01
9,954794e-01
1,001859e+00
4,655888e-01
-3,221745e-01
-9,342537e-01
-1,039389e+00
-5,812155e-01
1,914091e-01
8,594273e-01
1,061233e+00
6,880190e-01
-5,744441e-02
-7,706545e-01
-1,065448e+00
-7,825938e-01
-7,592496e-02
6,710246e-01
1,053721e+00
8,652842e-01
2,083516e-01
-5,604916e-01
-1,024683e+00
-9,330972e-01
-3,359918e-01
4,425163e-01
9,804491e-01
9,867989e-01
4,586363e-01
-3,173212e-01
-9,202389e-01
-1,023856e+00
-5,725750e-01
1,885319e-01
8,466388e-01
1,045535e+00
6,778806e-01
-5,655512e-02
-7,592704e-01
-1,049821e+00
-7,711503e-01
-7,486197e-02
6,612127e-01
1,038409e+00
8,527629e-01
2,053749e-01
-5,523812e-01
-1,009934e+00
-9,197475e-01
-3,312217e-01
4,361963e-01
9,665234e-01
9,728330e-01
4,521916e-01
-3,128080e-01
-9,073063e-01
-1,009554e+00
-5,646159e-01
1,858878e-01
8,349118e-01
1,031116e+00
6,685839e-01
-5,576827e-02
-7,488870e-01
-1,035540e+00
-7,607283e-01
-7,388955e-02
6,523006e-01
1,024516e+00
8,414159e-01
2,026937e-01
-5,450293e-01
-9,966270e-01
-9,076849e-01
-3,269208e-01
4,304894e-01
9,540080e-01
9,603310e-01
4,464164e-01
-3,088055e-01
-8,957738e-01
-9,967903e-01
-5,575521e-01
1,835421e-01
8,245061e-01
1,018344e+00
6,603828e-01
-5,503487e-02
-7,397432e-01
-1,022982e+00
-7,515697e-01
-7,301808e-02
6,445167e-01
1,012377e+00
8,315284e-01
2,003421e-01
-5,386737e-01
-9,850841e-01
-8,972659e-01
-3,232182e-01
4,255708e-01
9,432327e-01
9,495765e-01
4,414756e-01
-3,053463e-01
-8,859055e-01
-9,859244e-01
-5,515216e-01
1,815275e-01
8,156845e-01
1,007560e+00
6,534571e-01
-5,441578e-02
-7,320484e-01
-1,012435e+00
-7,439269e-01
-7,230546e-02
6,380170e-01
1,002282e+00
8,233258e-01
1,984106e-01
-5,334181e-01
-9,755855e-01
-8,886981e-01
-3,201791e-01
4,215475e-01
9,344601e-01
9,408513e-01
4,374894e-01
-3,025611e-01
-8,779643e-01
-9,771978e-01
-5,467144e-01
1,799241e-01
8,086756e-01
9,990009e-01
6,479818e-01
-5,392586e-02
-7,259986e-01
-1,004206e+00
-7,379468e-01
-7,176951e-02
6,329663e-01
9,944966e-01
8,170325e-01
1,969557e-01
-5,293844e-01
-9,683495e-01
-8,822207e-01
-3,178973e-01
4,185471e-01
9,278921e-01
9,343546e-01
4,345246e-01
-3,005109e-01
-8,721387e-01
-9,708243e-01
-5,432151e-01
1,787616e-01
8,036041e-01
9,928873e-01
6,440965e-01
-5,359331e-02
-7,217481e-01
-9,984487e-01
-7,338181e-01
-7,140281e-02
6,295309e-01
9,892010e-01
8,127925e-01
1,959788e-01
-5,266987e-01
-9,635853e-01
-8,780029e-01
-3,164245e-01
4,165859e-01
9,237233e-01
9,302734e-01
4,326881e-01
-2,992208e-01
-8,685503e-01
-9,669673e-01
-5,411515e-01
1,780668e-01
8,006646e-01
9,893658e-01
6,418978e-01
-5,337358e-02
-7,194039e-01
-9,953310e-01
-7,316119e-01
-7,122020e-02
6,277286e-01
9,865301e-01
8,107036e-01
1,955215e-01
-5,254190e-01
-9,613985e-01
-8,761100e-01
-3,157995e-01
4,157545e-01
9,220071e-01
9,286671e-01
4,320200e-01
-2,987516e-01
-8,673404e-01
-9,657276e-01
-5,405309e-01
1,778427e-01
7,998644e-01
9,885136e-01
6,414524e-01
-5,329935e-02
-7,189912e-01
-9,949301e-01
-7,314100e-01
-7,122614e-02
6,276618e-01
9,865465e-01
8,108149e-01
1,955779e-01
-5,255971e-01
-9,618454e-01
-8,766371e-01
-3,160489e-01
4,160455e-01
9,228355e-01
9,296157e-01
4,325233e-01
-2,990649e-01
-8,684820e-01
-9,671425e-01
-5,413905e-01
1,781158e-01
8,012688e-01
9,903946e-01
6,427396e-01
-5,338843e-02
-7,205515e-01
-9,972268e-01
-7,332049e-01
-7,144289e-02
6,292800e-01
9,892514e-01
8,131562e-01
1,961896e-01
-5,271753e-01
-9,648992e-01
-8,795380e-01
-3,171579e-01
4,174604e-01
9,261477e-01
9,330704e-01
4,341950e-01
-3,002199e-01
-8,719635e-01
-9,711554e-01
-5,437229e-01
1,788760e-01
8,048200e-01
9,949049e-01
6,457608e-01
-5,363191e-02
-7,240612e-01
-1,002206e+00
-7,369566e-01
-7,184077e-02
6,325863e-01
9,945827e-01
8,176412e-01
1,973149e-01
-5,301445e-01
-9,704784e-01
-8,847327e-01
-3,190850e-01
4,199931e-01
9,318842e-01
9,389629e-01
4,370187e-01
-3,021365e-01
-8,777104e-01
-9,776759e-01
-5,474389e-01
1,800726e-01
8,104364e-01
1,001967e+00
6,504359e-01
-5,400603e-02
-7,293954e-01
-1,009695e+00
-7,425625e-01
-7,241384e-02
6,374930e-01
1,002393e+00
8,241750e-01
1,989361e-01
-5,344395e-01
-9,784761e-01
-8,921261e-01
-3,218078e-01
4,235651e-01
9,399056e-01
9,471565e-01
4,408906e-01
-3,048044e-01
-8,855864e-01
-9,865494e-01
-5,524821e-01
1,816923e-01
8,179797e-01
1,011409e+00
6,566371e-01
-5,448853e-02
-7,364221e-01
-1,019557e+00
-7,499039e-01
-7,318287e-02
6,438442e-01
1,012520e+00
8,325721e-01
2,010176e-01
-5,399623e-01
-9,886814e-01
-9,015252e-01
-3,252491e-01
4,280383e-01
9,499981e-01
9,574242e-01
4,457112e-01
-3,081240e-01
-8,953626e-01
-9,975520e-01
-5,587190e-01
