8.917006e-02
1.394474e-01
1.892341e-01
2.386046e-01
2.875776e-01
3.357867e-01
3.833189e-01
4.300063e-01
4.757186e-01
5.202508e-01
5.637210e-01
6.058248e-01
6.467112e-01
6.861008e-01
7.238011e-01
7.600790e-01
7.945868e-01
8.273245e-01
8.581928e-01
8.871046e-01
9.140227e-01
9.389346e-01
9.618343e-01
9.825539e-01
1.000994e+00
1.017236e+00
1.031235e+00
1.042837e+00
1.052147e+00
1.059141e+00
1.063743e+00
1.065973e+00
1.065805e+00
1.063308e+00
1.058408e+00
1.051160e+00
1.041471e+00
1.029595e+00
1.015285e+00
9.988389e-01
9.800695e-01
9.591015e-01
9.360403e-01
9.109172e-01
8.837569e-01
8.546029e-01
8.234303e-01
7.906739e-01
7.558680e-01
7.196832e-01
6.816600e-01
6.422207e-01
6.013219e-01
5.590566e-01
5.156485e-01
4.709735e-01
4.252674e-01
3.786731e-01
3.312963e-01
2.830499e-01
2.342073e-01
1.848305e-01
1.351619e-01
8.504602e-02
3.489290e-02
-1.540927e-02
-6.556239e-02
-1.156969e-01
-1.655705e-01
-2.150280e-01
-2.638333e-01
-3.121666e-01
-3.598851e-01
-4.067402e-01
-4.525954e-01
-4.975065e-01
-5.412872e-01
-5.838816e-01
-6.250848e-01
-6.650024e-01
-7.033485e-01
-7.401171e-01
-7.751591e-01
-8.086607e-01
-8.402619e-01
-8.699624e-01
-8.977625e-01
-9.235254e-01
-9.471082e-01
-9.687408e-01
-9.880754e-01
-1.005335e+00
-1.020173e+00
-1.032837e+00
-1.043266e+00
-1.051203e+00
-1.056836e+00
-1.060178e+00
-1.061159e+00
-1.059681e+00
-1.055899e+00
-1.049632e+00
-1.041197e+00
-1.030334e+00
-1.017161e+00
-1.001727e+00
-9.840817e-01
-9.642130e-01
-9.421954e-01
-9.181343e-01
-8.918808e-01
-8.638074e-01
-8.337342e-01
-8.018225e-01
-7.680786e-01
-7.326206e-01
-6.956284e-01
-6.570089e-01
-6.169050e-01
-5.755031e-01
-5.328155e-01
-4.888050e-01
-4.438007e-01
-3.978338e-01
-3.509476e-01
-3.032975e-01
-2.549579e-01
-2.060160e-01
-1.567758e-01
-1.070078e-01
-5.712797e-02
-7.055596e-03
4.295467e-02
9.300220e-02
1.427516e-01
1.921097e-01
2.410082e-01
2.894658e-01
3.372028e-01
3.842505e-01
4.304162e-01
4.755944e-01
5.197043e-01
5.626776e-01
6.043217e-01
6.445436e-01
6.835233e-01
7.209006e-01
7.565450e-01
7.906429e-01
8.229148e-01
8.533607e-01
8.818688e-01
9.084390e-01
9.329846e-01
9.554246e-01
9.756287e-01
9.938329e-01
1.009696e+00
1.023366e+00
1.034614e+00
1.043682e+00
1.050396e+00
1.054787e+00
1.056780e+00
1.056426e+00
1.053743e+00
1.048607e+00
1.041154e+00
1.031428e+00
1.019422e+00
1.005087e+00
9.884729e-01
9.697904e-01
9.487541e-01
9.257923e-01
9.006506e-01
8.734778e-01
8.443859e-01
8.135239e-01
7.806433e-01
7.462349e-01
7.099942e-01
6.723002e-01
6.329665e-01
5.923595e-01
5.503116e-01
5.070837e-01
4.627875e-01
4.174789e-01
3.711517e-01
3.240109e-01
2.762117e-01
2.277976e-01
1.787687e-01
1.294975e-01
7.982264e-02
2.994281e-02
-1.976312e-02
-6.963675e-02
-1.193240e-01
-1.686014e-01
-2.176179e-01
-2.660382e-01
-3.139119e-01
-3.610341e-01
-4.075041e-01
-4.529370e-01
-4.973077e-01
-5.405854e-01
-5.827016e-01
-6.235135e-01
-6.629155e-01
-7.007524e-01
-7.371048e-01
-7.717679e-01
-8.047106e-01
-8.359204e-01
-8.651614e-01
-8.925267e-01
-9.179169e-01
-9.412327e-01
-9.624181e-01
-9.814235e-01
-9.982116e-01
-1.012851e+00
-1.025204e+00
-1.035322e+00
-1.043011e+00
-1.048433e+00
-1.051476e+00
-1.052197e+00
-1.050545e+00
-1.046539e+00
-1.040253e+00
-1.031570e+00
-1.020527e+00
-1.007323e+00
-9.918330e-01
-9.741132e-01
-9.542321e-01
-9.322144e-01
-9.081596e-01
-8.820737e-01
-8.539693e-01
-8.239147e-01
-7.921521e-01
-7.585884e-01
-7.232359e-01
-6.864548e-01
-6.479596e-01
-6.081415e-01
-5.668699e-01
-5.243625e-01
-4.806873e-01
-4.360247e-01
-3.903434e-01
-3.436994e-01
-2.964220e-01
-2.484427e-01
-1.999106e-01
-1.509190e-01
-1.016664e-01
-5.204123e-02
-2.422256e-03
4.719051e-02
9.671011e-02
1.460061e-01
1.950537e-01
2.434678e-01
2.914781e-01
3.387990e-01
3.853312e-01
4.310746e-01
4.756068e-01
5.193937e-01
5.618888e-01
6.030982e-01
6.429412e-01
6.813557e-01
7.183292e-01
7.536134e-01
7.872145e-01
8.189833e-01
8.490752e-01
8.772851e-01
9.033958e-01
9.275935e-01
9.496112e-01
9.694737e-01
9.872866e-01
1.002826e+00
1.016174e+00
1.027297e+00
1.035968e+00
1.042458e+00
1.046551e+00
1.048377e+00
1.047837e+00
1.044918e+00
1.039595e+00
1.032011e+00
1.022229e+00
1.009987e+00
9.956651e-01
9.790882e-01
9.601263e-01
9.392949e-01
9.161468e-01
8.910858e-01
8.639254e-01
8.349764e-01
8.040274e-01
7.714946e-01
7.370055e-01
7.009760e-01
6.633689e-01
6.243457e-01
5.838630e-01
5.420449e-01
4.991524e-01
4.550363e-01
4.100134e-01
3.639594e-01
3.170857e-01
2.697026e-01
2.215991e-01
1.729242e-01
1.239636e-01
7.458063e-02
2.519767e-02
-2.426603e-02
-7.356825e-02
-1.229015e-01
-1.717193e-01
-2.202824e-01
-2.683859e-01
-3.157628e-01
-3.625371e-01
-4.083861e-01
-4.534152e-01
-4.974009e-01
-5.402686e-01
-5.819687e-01
-6.222775e-01
-6.612075e-01
-6.986593e-01
-7.346329e-01
-7.688612e-01
-8.014809e-01
-8.321194e-01
-8.611181e-01
-8.879989e-01
-9.130351e-01
-9.359161e-01
-9.567599e-01
-9.754734e-01
-9.920007e-01
-1.006360e+00
-1.018385e+00
-1.028136e+00
-1.035626e+00
-1.040775e+00
-1.043564e+00
-1.044079e+00
-1.042222e+00
-1.038110e+00
-1.031564e+00
-1.022738e+00
-1.011720e+00
-9.983234e-01
-9.828582e-01
-9.649956e-01
-9.451331e-01
-9.230347e-01
-8.989674e-01
-8.729064e-01
-8.447648e-01
-8.148841e-01
-7.831774e-01
-7.496943e-01
-7.145468e-01
-6.777782e-01
-6.395438e-01
-5.997878e-01
-5.587895e-01
-5.165553e-01
-4.731100e-01
-4.285529e-01
-3.832009e-01
-3.369047e-01
-2.898819e-01
-2.422007e-01
-1.939606e-01
-1.452360e-01
-9.638093e-02
-4.715946e-02
2.173819e-03
5.134561e-02
1.005733e-01
1.493662e-01
1.980163e-01
2.461571e-01
2.936271e-01
3.406188e-01
3.867473e-01
4.320000e-01
4.762093e-01
5.194931e-01
5.615720e-01
6.023839e-01
6.417860e-01
6.798402e-01
7.162921e-01
7.512036e-01
7.845376e-01
8.159027e-01
8.455163e-01
8.733039e-01
8.991475e-01
9.228732e-01
9.445803e-01
9.642255e-01
9.816471e-01
9.969383e-01
1.009907e+00
1.020714e+00
1.029254e+00
1.035403e+00
1.039191e+00
1.040806e+00
1.039974e+00
1.036993e+00
1.031583e+00
1.023875e+00
1.013832e+00
1.001541e+00
9.869822e-01
9.704053e-01
9.514186e-01
9.304629e-01
9.074515e-01
8.822414e-01
8.552612e-01
8.263059e-01
7.954750e-01
7.628615e-01
7.285835e-01
6.926161e-01
6.552450e-01
6.162529e-01
5.759192e-01
5.345173e-01
4.915999e-01
4.478005e-01
4.029143e-01
3.572020e-01
3.106326e-01
2.634048e-01
2.155994e-01
1.672785e-01
1.185290e-01
6.965538e-02
2.055191e-02
-2.853914e-02
-7.767367e-02
-1.265163e-01
-1.750421e-01
-2.231456e-01
-2.708206e-01
-3.179117e-01
-3.642017e-01
-4.097277e-01
-4.544152e-01
-4.978853e-01
-5.403804e-01
-5.816705e-01
-6.215819e-01
-6.601641e-01
-6.972742e-01
-7.327386e-01
-7.666191e-01
-7.988227e-01
-8.292375e-01
-8.577270e-01
-8.843097e-01
-9.089049e-01
-9.315747e-01
-9.521266e-01
-9.703432e-01
-9.866096e-01
-1.000603e+00
-1.012416e+00
-1.021919e+00
-1.029086e+00
-1.033999e+00
-1.036595e+00
-1.036949e+00
-1.034881e+00
-1.030508e+00
-1.023869e+00
-1.014969e+00
-1.003708e+00
-9.903361e-01
-9.747281e-01
-9.568283e-01
-9.368353e-01
-9.147804e-01
-8.905889e-01
-8.645838e-01
-8.365788e-01
-8.066733e-01
-7.749976e-01
-7.414959e-01
-7.065658e-01
-6.698531e-01
-6.317491e-01
-5.920800e-01
-5.513054e-01
-5.091954e-01
-4.659302e-01
-4.216153e-01
-3.764061e-01
-3.304081e-01
-2.835902e-01
-2.362258e-01
-1.881906e-01
-1.399629e-01
-9.115756e-02
-4.238947e-02
6.614621e-03
5.554419e-02
1.043868e-01
1.529623e-01
2.010969e-01
2.487905e-01
2.961052e-01
3.425380e-01
3.883870e-01
4.332608e-01
4.771409e-01
5.200397e-01
5.617459e-01
6.020920e-01
6.412021e-01
6.788278e-01
7.149070e-01
7.495391e-01
7.823513e-01
8.134059e-01
8.427214e-01
8.701426e-01
8.954769e-01
9.190535e-01
9.404190e-01
9.597474e-01
9.769206e-01
9.917771e-01
1.004634e+00
1.015136e+00
1.023335e+00
1.029316e+00
1.032912e+00
1.034316e+00
1.033266e+00
1.030067e+00
1.024453e+00
1.016571e+00
1.006410e+00
9.940627e-01
9.794422e-01
9.626106e-01
9.437543e-01
9.226496e-01
8.995947e-01
8.744654e-01
8.473050e-01
8.183622e-01
7.876430e-01
7.549364e-01
7.209378e-01
6.849642e-01
6.476801e-01
6.088122e-01
5.686773e-01
5.273002e-01
4.846313e-01
4.409810e-01
3.963369e-01
3.507240e-01
3.043782e-01
2.574423e-01
2.098295e-01
1.618067e-01
1.134485e-01
6.471149e-02
1.593099e-02
-3.282467e-02
-8.160517e-02
-1.301372e-01
-1.783215e-01
-2.261890e-01
-2.734913e-01
-3.202346e-01
-3.661830e-01
-4.114232e-01
-4.556574e-01
-4.988791e-01
-5.410574e-01
-5.818382e-01
-6.214701e-01
-6.597169e-01
-6.963550e-01
-7.314964e-01
-7.650850e-01
-7.969159e-01
-8.269829e-01
-8.551122e-01
-8.813719e-01
-9.057311e-01
-9.279910e-01
-9.482199e-01
-9.662440e-01
-9.821129e-01
-9.958825e-01
-1.007422e+00
-1.016658e+00
-1.023608e+00
-1.028297e+00
-1.030713e+00
-1.030751e+00
-1.028614e+00
-1.024037e+00
-1.017267e+00
-1.008099e+00
-9.968017e-01
-9.831625e-01
-9.674054e-01
-9.495491e-01
-9.294444e-01
-9.073832e-01
-8.832352e-01
-8.570748e-01
-8.290450e-01
-7.991829e-01
-7.675445e-01
-7.341484e-01
-6.992493e-01
-6.626670e-01
-6.246128e-01
-5.850928e-01
-5.444051e-01
-5.023572e-01
-4.593404e-01
-4.152119e-01
-3.701082e-01
-3.243587e-01
-2.777520e-01
-2.304745e-01
-1.828058e-01
-1.346277e-01
-8.626957e-02
-3.768781e-02
1.104921e-02
5.967444e-02
1.081320e-01
1.564901e-01
2.044322e-01
2.518090e-01
2.986703e-01
3.448982e-01
3.902937e-01
4.348694e-01
4.784762e-01
5.210148e-01
5.623049e-01
6.023839e-01
6.411711e-01
6.784738e-01
7.143108e-01
7.484460e-01
7.810346e-01
8.117786e-01
8.406904e-01
8.677886e-01
8.929987e-01
9.161778e-01
9.371894e-01
9.562444e-01
9.730884e-01
9.877834e-01
1.000243e+00
1.010478e+00
1.018478e+00
1.024179e+00
1.027602e+00
1.028757e+00
1.027595e+00
1.024111e+00
1.018372e+00
1.010341e+00
1.000069e+00
9.874977e-01
9.727903e-01
9.559898e-01
9.368602e-01
9.157928e-01
8.925826e-01
8.674036e-01
8.403923e-01
8.113749e-01
7.805626e-01
7.480671e-01
7.138947e-01
6.781819e-01
6.408046e-01
6.020858e-01
5.620565e-01
5.207415e-01
4.782651e-01
4.346645e-01
3.902440e-01
3.447243e-01
2.985461e-01
2.518214e-01
2.043701e-01
1.567137e-01
1.083618e-01
5.993530e-02
1.148398e-02
-3.714125e-02
-8.563606e-02
-1.339135e-01
-1.818741e-01
-2.293752e-01
-2.764291e-01
-3.227376e-01
-3.685493e-01
-4.133859e-01
-4.573529e-01
-5.002765e-01
-5.420387e-01
-5.825401e-01
-6.219173e-01
-6.598162e-01
-6.961873e-01
-7.309747e-01
-7.641906e-01
-7.957731e-01
-8.254426e-01
-8.533545e-01
-8.793596e-01
-9.033772e-01
-9.253886e-01
-9.452573e-01
-9.631199e-01
-9.787963e-01
-9.922243e-01
-1.003423e+00
-1.012484e+00
-1.019236e+00
-1.023664e+00
-1.025887e+00
-1.025701e+00
-1.023322e+00
-1.018596e+00
-1.011609e+00
-1.002373e+00
-9.908827e-01
-9.772311e-01
-9.613871e-01
-9.432574e-01
-9.231403e-01
-9.009673e-01
-8.767013e-01
-8.505844e-01
-8.225235e-01
-7.926428e-01
-7.609175e-01
-7.276146e-01
-6.925912e-01
-6.560835e-01
-6.180727e-01
-5.786520e-01
-5.380762e-01
-4.960655e-01
-4.531978e-01
-4.092370e-01
-3.642948e-01
-3.186695e-01
-2.721994e-01
-2.251394e-01
-1.776321e-01
-1.296279e-01
-8.154927e-02
-3.298615e-02
1.543412e-02
6.384818e-02
1.121442e-01
1.600925e-01
2.078420e-01
2.549517e-01
3.016019e-01
3.475378e-01
3.926725e-01
4.369687e-01
4.802277e-01
5.225427e-01
5.635595e-01
6.033528e-01
6.418294e-01
6.788092e-01
7.143480e-01
7.482534e-01
7.804011e-01
8.109774e-01
8.395725e-01
8.663477e-01
8.912659e-01
9.141469e-01
9.350155e-01
9.536731e-01
9.702687e-01
9.848022e-01
9.969818e-01
1.006919e+00
1.014770e+00
1.020248e+00
1.023465e+00
1.024378e+00
1.023055e+00
1.019291e+00
1.013366e+00
1.005280e+00
9.948080e-01
9.821502e-01
9.672315e-01
9.502758e-01
9.311151e-01
9.099235e-01
8.867009e-01
8.613603e-01
8.343553e-01
8.052261e-01
7.745194e-01
7.418810e-01
7.077334e-01
6.719896e-01
6.347179e-01
5.959929e-01
5.560630e-01
5.146983e-01
4.723399e-01
4.288386e-01
3.844803e-01
3.392152e-01
2.931613e-01
2.464552e-01
1.992647e-01
1.515400e-01
1.035794e-01
5.534544e-02
6.943800e-03
-4.142057e-02
-8.969799e-02
-1.376587e-01
-1.854765e-01
-2.327912e-01
-2.795718e-01
-3.257064e-01
-3.712014e-01
-4.158516e-01
-4.595392e-01
-5.022143e-01
-5.436970e-01
-5.840058e-01
-6.230849e-01
-6.605864e-01
-6.967525e-01
-7.313038e-01
-7.642714e-01
-7.955309e-01
-8.249271e-01
-8.525036e-01
-8.782789e-01
-9.020170e-01
-9.237800e-01
-9.434003e-01
-9.609399e-01
-9.763429e-01
-9.895473e-01
-1.000646e+00
-1.009379e+00
-1.015894e+00
-1.020111e+00
-1.022105e+00
-1.021788e+00
-1.019198e+00
-1.014341e+00
-1.007161e+00
-9.976526e-01
-9.862059e-01
-9.722127e-01
-9.562941e-01
-9.380651e-01
-9.178175e-01
-8.955700e-01
-8.713164e-01
-8.450505e-01
-8.168778e-01
-7.869847e-01
-7.552780e-01
-7.218757e-01
-6.869144e-01
-6.503384e-01
-6.123462e-01
-5.729815e-01
-5.324242e-01
-4.905068e-01
-4.476453e-01
-4.037714e-01
-3.588541e-01
-3.132536e-01
-2.670071e-01
-2.200216e-01
-1.725516e-01
-1.247959e-01
-7.679793e-02
-2.846461e-02
1.977554e-02
6.811507e-02
1.161565e-01
1.640116e-01
2.113760e-01
2.584050e-01
3.048191e-01
3.505190e-01
3.954301e-01
4.395276e-01
4.825817e-01
5.245612e-01
5.653917e-01
6.049304e-01
6.431275e-01
6.799148e-01
7.150499e-01
7.487689e-01
7.806992e-01
8.109650e-01
8.394296e-01
8.659626e-01
8.905765e-01
9.131780e-01
9.337237e-01
9.522198e-01
9.685917e-01
9.827775e-01
9.947894e-01
1.004578e+00
1.012124e+00
1.017391e+00
1.020422e+00
1.021173e+00
1.019534e+00
1.015695e+00
1.009559e+00
1.001305e+00
9.906405e-01
9.777839e-01
9.628156e-01
9.457232e-01
9.264631e-01
9.051038e-01
8.817508e-01
8.564289e-01
8.292064e-01
8.000524e-01
7.692960e-01
7.365458e-01
7.024417e-01
6.665675e-01
6.292958e-01
5.907447e-01
5.507216e-01
5.093817e-01
4.669861e-01
4.235345e-01
3.792259e-01
3.339794e-01
2.881180e-01
2.415299e-01
1.942960e-01
1.467949e-01
9.875350e-02
5.077421e-02
2.471943e-03
-4.569989e-02
-9.382825e-02
-1.417951e-01
-1.892775e-01
-2.364432e-01
-2.830623e-01
-3.290790e-01
-3.742447e-01
-4.187273e-01
-4.621788e-01
-5.045248e-01
-5.459516e-01
-5.860803e-01
-6.248053e-01
-6.622385e-01
-6.981127e-01
-7.325025e-01
-7.651347e-01
-7.961768e-01
-8.254364e-01
-8.527769e-01
-8.781857e-01
-9.017810e-01
-9.231962e-01
-9.426239e-01
-9.599834e-01
-9.751070e-01
-9.881250e-01
-9.988513e-01
-1.007534e+00
-1.013757e+00
-1.017857e+00
-1.019552e+00
-1.019049e+00
-1.016285e+00
-1.011149e+00
-1.003801e+00
-9.942242e-01
-9.824296e-01
-9.685296e-01
-9.522322e-01
-9.340404e-01
-9.136252e-01
-8.911665e-01
-8.668446e-01
-8.404855e-01
-8.122072e-01
-7.822582e-01
-7.504397e-01
-7.169877e-01
-6.819333e-01
-6.453572e-01
-6.073651e-01
-5.679320e-01
-5.272878e-01
-4.854759e-01
-4.426517e-01
-3.986909e-01
-3.539661e-01
-3.083097e-01
-2.620508e-01
-2.151957e-01
-1.678810e-01
-1.201128e-01
-7.220185e-02
-2.399275e-02
2.414803e-02
7.234470e-02
1.203364e-01
1.679803e-01
2.152826e-01
2.621253e-01
3.083345e-01
3.539288e-01
3.986847e-01
4.425647e-01
4.854138e-01
5.271884e-01
5.678823e-01
6.071477e-01
6.451895e-01
6.817470e-01
7.167330e-01
7.501540e-01
7.819911e-01
8.119650e-01
8.401376e-01
8.665030e-01
8.908808e-01
9.132836e-01
9.336429e-01
9.519092e-01
9.680390e-01
9.820011e-01
9.937521e-01
1.003342e+00
1.010664e+00
1.015770e+00
1.018559e+00
1.018993e+00
1.017397e+00
1.013248e+00
1.006957e+00
9.984849e-01
9.876779e-01
9.746784e-01
9.594865e-01
9.422264e-01
9.228235e-01
9.013586e-01
8.779000e-01
8.523731e-01
8.251010e-01
7.958787e-01
7.648987e-01
7.321982e-01
6.979512e-01
6.621081e-01
6.247184e-01
5.859933e-01
5.459143e-01
5.047236e-01
4.622968e-01
4.188391e-01
3.744621e-01
3.292467e-01
2.832983e-01
2.367600e-01
1.896999e-01
1.419877e-01
9.433754e-02
4.618434e-02
-1.888117e-03
-5.005374e-02
-9.804546e-02
-1.458695e-01
-1.933643e-01
-2.403934e-01
-2.868820e-01
-3.326378e-01
-3.777974e-01
-4.220439e-01
-4.653961e-01
-5.077358e-01
-5.488272e-01
-5.887882e-01
-6.273829e-01
-6.645117e-01
-7.002369e-01
-7.344528e-01
-7.669607e-01
-7.977358e-01
-8.266972e-01
-8.539383e-01
-8.791857e-01
-9.024393e-01
-9.237862e-01
-9.429717e-01
-9.600641e-01
-9.750573e-01
-9.878456e-01
-9.984600e-01
-1.006727e+00
-1.012820e+00
-1.016658e+00
-1.018149e+00
-1.017515e+00
-1.014509e+00
-1.009248e+00
-1.001758e+00
-9.919385e-01
-9.799515e-01
-9.657844e-01
-9.494870e-01
-9.310406e-01
-9.104949e-01
-8.879430e-01
-8.633851e-01
-8.368893e-01
-8.085614e-01
-7.784322e-01
-7.465640e-01
-7.130189e-01
-6.777720e-01
-6.411524e-01
-6.030299e-01
-5.636589e-01
-5.229091e-01
-4.810600e-01
-4.380743e-01
-3.941755e-01
-3.493265e-01
-3.037509e-01
-2.574858e-01
-2.105623e-01
-1.633905e-01
-1.155727e-01
-6.761820e-02
-1.955195e-02
2.854535e-02
7.654328e-02
1.245102e-01
1.721665e-01
2.194253e-01
2.661003e-01
3.122784e-01
3.577610e-01
4.023242e-01
4.461298e-01
4.888671e-01
5.305051e-01
5.709381e-01
6.102221e-01
6.479099e-01
6.844549e-01
7.192547e-01
7.525265e-01
7.840345e-01
8.139276e-01
8.419078e-01
8.680246e-01
8.922658e-01
9.145071e-01
9.346305e-01
9.526545e-01
9.687284e-01
9.823986e-01
9.939012e-01
1.003336e+00
1.010472e+00
1.015298e+00
1.017906e+00
1.018279e+00
1.016347e+00
1.012018e+00
1.005565e+00
9.968514e-01
9.858394e-01
9.726971e-01
9.573997e-01
9.398601e-01
9.203267e-01
8.986569e-01
8.750368e-01
8.494416e-01
8.219397e-01
7.925745e-01
7.614764e-01
7.286953e-01
6.942992e-01
6.583443e-01
6.208117e-01
5.820246e-01
5.419145e-01
5.005188e-01
4.580734e-01
4.146032e-01
3.701082e-01
3.248618e-01
2.789196e-01
2.323005e-01
1.851597e-01
1.376773e-01
8.985948e-02
4.179323e-02
-6.316498e-03
-5.446349e-02
-1.024552e-01
-1.501612e-01
-1.975008e-01
-2.445981e-01
-2.909502e-01
-3.368612e-01
-3.817227e-01
-4.259257e-01
-4.692033e-01
-5.112885e-01
-5.524047e-01
-5.921235e-01
-6.306001e-01
-6.676482e-01
-7.032678e-01
-7.372104e-01
-7.696003e-01
-8.002450e-01
-8.290512e-01
-8.560873e-01
-8.811856e-01
-9.042467e-01
-9.253514e-01
-9.443568e-01
-9.613063e-01
-9.761442e-01
-9.886343e-01
-9.991556e-01
-1.007174e+00
-1.013062e+00
-1.016683e+00
-1.018012e+00
-1.017211e+00
-1.014018e+00
-1.008547e+00
-1.000802e+00
-9.908082e-01
-9.785851e-01
-9.643000e-01
-9.477976e-01
-9.291276e-01
-9.084701e-01
-8.857133e-01
-8.610125e-01
-8.343367e-01
-8.058720e-01
-7.755255e-01
-7.435952e-01
-7.097458e-01
-6.745858e-01
-6.377116e-01
-5.994648e-01
-5.599758e-01
-5.191018e-01
-4.771782e-01
-4.342111e-01
-3.901509e-01
-3.452460e-01
-2.995709e-01
-2.532437e-01
-2.063638e-01
-1.589807e-01
-1.112747e-01
-6.330162e-02
-1.515463e-02
3.297373e-02
8.108346e-02
1.289323e-01
1.764769e-01
2.237108e-01
2.704045e-01
3.165205e-01
3.619161e-01
4.064669e-01
4.501607e-01
4.928110e-01
5.343620e-01
5.747640e-01
6.138244e-01
6.515309e-01
6.878523e-01
7.225837e-01
7.557376e-01
7.871151e-01
8.168219e-01
8.447648e-01
8.707015e-01
8.947316e-01
9.167430e-01
9.366676e-01
9.545923e-01
9.704177e-01
9.839513e-01
9.953980e-01
1.004478e+00
1.011422e+00
1.016049e+00
1.018422e+00
1.018614e+00
1.016509e+00
1.012025e+00
1.005323e+00
9.963794e-01
9.852308e-01
9.719021e-01
9.563438e-01
9.386676e-01
9.189417e-01
8.970482e-01
8.732356e-01
8.475535e-01
8.197162e-01
7.903199e-01
7.589548e-01
7.260618e-01
6.914857e-01
6.552636e-01
6.177622e-01
5.788011e-01
5.384612e-01
4.970469e-01
4.544524e-01
4.108456e-01
3.662885e-01
3.209116e-01
2.749074e-01
2.281516e-01
1.810295e-01
1.333545e-01
8.546215e-02
3.746422e-02
-1.079457e-02
-5.894777e-02
-1.069333e-01
-1.546952e-01
-2.020720e-01
-2.490327e-01
-2.954034e-01
-3.412337e-01
-3.861759e-01
-4.302671e-01
-4.734516e-01
-5.156237e-01
-5.565226e-01
-5.962662e-01
-6.345937e-01
-6.716356e-01
-7.071061e-01
-7.409680e-01
-7.731902e-01
-8.036858e-01
-8.324175e-01
-8.592486e-01
-8.841979e-01
-9.071907e-01
-9.281152e-01
-9.470150e-01
-9.636478e-01
-9.783056e-01
-9.907336e-01
-1.000907e+00
-1.009012e+00
-1.014608e+00
-1.018136e+00
-1.019149e+00
-1.018006e+00
-1.014646e+00
-1.008938e+00
-1.001112e+00
-9.909137e-01
-9.785416e-01
-9.639149e-01
-9.473007e-01
-9.284382e-01
-9.075198e-01
-8.846264e-01
-8.596461e-01
-8.327901e-01
-8.041516e-01
-7.736623e-01
-7.413966e-01
-7.075533e-01
-6.720579e-01
-6.350906e-01
-5.967382e-01
-5.569449e-01
-5.160336e-01
-4.738615e-01
-4.307019e-01
-3.864802e-01
-3.414822e-01
-2.957388e-01
-2.492936e-01
-2.022149e-01
-1.547573e-01
-1.068774e-01
-5.892913e-02
-1.073246e-02
3.752012e-02
8.558637e-02
1.334787e-01
1.810605e-01
2.283255e-01
2.750875e-01
3.211849e-01
3.665308e-01
4.111127e-01
4.547009e-01
4.974133e-01
5.389829e-01
5.791924e-01
6.182714e-01
6.560027e-01
6.920819e-01
7.268568e-01
7.598119e-01
7.910839e-01
8.207596e-01
8.484292e-01
8.743474e-01
8.981103e-01
9.200348e-01
9.399284e-01
9.576170e-01
9.732375e-01
9.867276e-01
9.979321e-01
1.006832e+00
1.013571e+00
1.018055e+00
1.020267e+00
1.020260e+00
1.017882e+00
1.013217e+00
1.006304e+00
9.971371e-01
9.858146e-01
9.722375e-01
9.564370e-01
9.386303e-01
9.185690e-01
8.966197e-01
8.725400e-01
8.464852e-01
8.186106e-01
7.889784e-01
7.574456e-01
7.242979e-01
6.894112e-01
6.531147e-01
6.153710e-01
5.761615e-01
5.357719e-01
4.940781e-01
4.513656e-01
4.075476e-01
3.628166e-01
3.173217e-01
2.711125e-01
2.242947e-01
1.769861e-01
1.292677e-01
8.125736e-02
3.304205e-02
-1.524158e-02
-6.342583e-02
-1.115169e-01
-1.593658e-01
-2.068296e-01
-2.537468e-01
-3.002355e-01
-3.460596e-01
-3.910577e-01
-4.352731e-01
-4.783644e-01
-5.204744e-01
-5.614168e-01
-6.010610e-01
-6.394196e-01
-6.763248e-01
-7.117457e-01
-7.455206e-01
-7.776807e-01
-8.080831e-01
-8.367527e-01
-8.635404e-01
-8.882908e-01
-9.111222e-01
-9.319101e-01
-9.506919e-01
-9.672626e-01
-9.817837e-01
-9.939882e-01
-1.003969e+00
-1.011758e+00
-1.017279e+00
-1.020571e+00
-1.021465e+00
-1.020167e+00
-1.016583e+00
-1.010658e+00
-1.002503e+00
-9.921187e-01
-9.794857e-01
-9.648217e-01
-9.477914e-01
-9.287674e-01
-9.075882e-01
-8.845022e-01
-8.591803e-01
-8.322746e-01
-8.033069e-01
-7.725940e-01
-7.401606e-01
-7.060689e-01
-6.703499e-01
-6.331652e-01
-5.945396e-01
-5.546158e-01
-5.134623e-01
-4.711474e-01
-4.277393e-01
-3.833437e-01
-3.382090e-01
-2.922793e-01
-2.455795e-01
-1.984511e-01
-1.507885e-01
-1.028838e-01
-5.469329e-02
-6.372396e-03
4.207893e-02
9.022592e-02
1.382797e-01
1.859361e-01
2.332819e-01
2.800687e-01
3.261723e-01
3.717479e-01
4.162243e-01
4.599739e-01
5.025746e-01
5.441194e-01
5.845089e-01
6.234824e-01
6.611578e-01
6.972308e-01
7.319187e-01
7.647807e-01
7.961085e-01
8.255917e-01
8.533048e-01
8.789621e-01
9.027250e-01
9.244943e-01
9.442263e-01
9.618094e-01
9.772435e-01
9.905163e-01
1.001640e+00
1.010416e+00
1.016975e+00
1.021235e+00
1.023260e+00
1.022981e+00
1.020372e+00
1.015571e+00
1.008453e+00
9.991184e-01
9.874667e-01
9.736598e-01
9.577288e-01
9.395433e-01
9.194013e-01
8.969985e-01
8.728443e-01
8.464976e-01
8.184305e-01
7.884070e-01
7.566940e-01
7.233104e-01
6.882436e-01
6.516862e-01
6.136940e-01
5.742299e-01
5.336478e-01
4.916869e-01
4.487632e-01
4.047217e-01
3.597422e-01
3.141293e-01
2.676158e-01
2.206302e-01
1.732161e-01
1.251934e-01
7.708363e-02
2.871305e-02
-1.968859e-02
-6.802812e-02
-1.163180e-01
-1.641855e-01
-2.117859e-01
-2.589516e-01
-3.054154e-01
-3.513513e-01
-3.964425e-01
-4.406704e-01
-4.839108e-01
-5.259462e-01
-5.669445e-01
-6.066508e-01
-6.449163e-01
-6.818836e-01
-7.173293e-01
-7.510856e-01
-7.831650e-01
-8.135674e-01
-8.420568e-01
-8.687016e-01
-8.934832e-01
-9.161530e-01
-9.368974e-01
-9.554805e-01
-9.719767e-01
-9.862618e-01
-9.983420e-01
-1.008193e+00
-1.015820e+00
-1.021130e+00
-1.024217e+00
-1.024900e+00
-1.023447e+00
-1.019645e+00
-1.013565e+00
-1.005112e+00
-9.945037e-01
-9.817030e-01
-9.666167e-01
-9.494186e-01
-9.302269e-01
-9.087185e-01
-8.852972e-01
-8.599008e-01
-8.326411e-01
-8.033504e-01
-7.724077e-01
-7.396886e-01
-7.052801e-01
-6.694121e-01
-6.319168e-01
-5.930427e-01
-5.528954e-01
-5.115183e-01
-4.689239e-01
-4.252425e-01
-3.807227e-01
-3.352340e-01
-2.890496e-01
-2.421821e-01
-1.948301e-01
-1.469440e-01
-9.883424e-02
-5.042018e-02
-1.931594e-03
4.655700e-02
9.490274e-02
1.431243e-01
1.910042e-01
2.384618e-01
2.853666e-01
3.317000e-01
3.771949e-01
4.218824e-01
4.656818e-01
5.083880e-01
5.499266e-01
5.903720e-01
6.294076e-01
6.670706e-01
7.032740e-01
7.378439e-01
7.707245e-01
8.020461e-01
8.314734e-01
8.590312e-01
8.846885e-01
9.084639e-01
9.301400e-01
9.496857e-01
9.671694e-01
9.824669e-01
9.956340e-01
1.006516e+00
1.015068e+00
1.021571e+00
1.025639e+00
1.027465e+00
1.026943e+00
1.024080e+00
1.019099e+00
1.011708e+00
1.002180e+00
9.902554e-01
9.762871e-01
9.600393e-01
9.415929e-01
9.211714e-01
8.985885e-01
8.740492e-01
8.475473e-01
8.190392e-01
7.888604e-01
7.567934e-01
7.231489e-01
6.877964e-01
6.509160e-01
6.126754e-01
5.729318e-01
5.320019e-01
4.898733e-01
4.465708e-01
4.022808e-01
3.571647e-01
3.111294e-01
2.645290e-01
2.173136e-01
1.693902e-01
1.213674e-01
7.290990e-02
2.438404e-02
-2.430330e-02
-7.281673e-02
-1.211811e-01
-1.693964e-01
-2.170714e-01
-2.642867e-01
-3.110735e-01
-3.570343e-01
-4.022311e-01
-4.465956e-01
-4.898981e-01
-5.321385e-01
-5.731368e-01
-6.129052e-01
-6.513011e-01
-6.882684e-01
-7.236458e-01
-7.574518e-01
-7.895249e-01
-8.198218e-01
-8.483920e-01
-8.749436e-01
-8.996568e-01
-9.223204e-01
-9.428786e-01
-9.614305e-01
-9.778087e-01
-9.919075e-01
-1.003888e+00
-1.013497e+00
-1.021024e+00
-1.026186e+00
-1.029055e+00
-1.029608e+00
-1.027831e+00
-1.023732e+00
-1.017447e+00
-1.008863e+00
-9.980501e-01
-9.849326e-01
-9.696414e-01
-9.521390e-01
-9.325684e-01
-9.109296e-01
-8.871853e-01
-8.614721e-01
-8.338025e-01
-8.044622e-01
-7.731095e-01
-7.401295e-01
-7.053609e-01
-6.691202e-01
-6.314386e-01
-5.921980e-01
-5.518085e-01
-5.099842e-01
-4.671662e-01
-4.232550e-01
-3.783377e-01
-3.326316e-01
-2.861678e-01
-2.389897e-01
-1.913768e-01
-1.432423e-01
-9.492137e-02
-4.619055e-02
2.521630e-03
5.127108e-02
9.990252e-02
1.482979e-01
1.962524e-01
2.440019e-01
2.910247e-01
3.375506e-01
3.832319e-01
4.280871e-01
4.719548e-01
5.147728e-01
5.564853e-01
5.968562e-01
6.359850e-01
6.737846e-01
7.099259e-01
7.446076e-01
7.775565e-01
8.087477e-01
8.381750e-01
8.658260e-01
8.913963e-01
9.150040e-01
9.366117e-01
9.561575e-01
9.735046e-01
9.886965e-01
1.001683e+00
1.012509e+00
1.020950e+00
1.027179e+00
1.031117e+00
1.032701e+00
1.032061e+00
1.029055e+00
1.023757e+00
1.016273e+00
1.006242e+00
9.942180e-01
9.798335e-01
9.633559e-01
9.447170e-01
9.238545e-01
9.010915e-01
8.761485e-01
8.493484e-01
8.206292e-01
7.901336e-01
7.577375e-01
7.237452e-01
6.880386e-01
6.509284e-01
6.122407e-01
5.722424e-01
5.309833e-01
4.884385e-01
4.449063e-01
4.003119e-01
3.548667e-01
3.085581e-01
2.615477e-01
2.140715e-01
1.660115e-01
1.175229e-01
6.885417e-02
2.003640e-02
-2.880621e-02
-7.764882e-02
-1.262865e-01
-1.746260e-01
-2.226488e-01
-2.701685e-01
-3.169615e-01
-3.631893e-01
-4.084979e-01
-4.530239e-01
-4.965252e-01
-5.388649e-01
-5.800122e-01
-6.198739e-01
-6.582884e-01
-6.953054e-01
-7.308256e-01
-7.645943e-01
-7.967544e-01
-8.271134e-01
-8.555034e-01
-8.821855e-01
-9.068180e-01
-9.294506e-01
-9.499528e-01
-9.683681e-01
-9.846345e-01
-9.986091e-01
-1.010472e+00
-1.019968e+00
-1.027272e+00
-1.032266e+00
-1.034943e+00
-1.035266e+00
-1.033359e+00
-1.029105e+00
-1.022515e+00
-1.013745e+00
-1.002547e+00
-9.891809e-01
-9.736226e-01
-9.558656e-01
-9.359472e-01
-9.139854e-01
-8.899926e-01
-8.639192e-01
-8.360384e-01
-8.062012e-01
-7.746125e-01
-7.411419e-01
-7.062366e-01
-6.696481e-01
-6.314386e-01
-5.919310e-01
-5.511315e-01
-5.091147e-01
-4.658557e-01
-4.215781e-01
-3.763316e-01
-3.302466e-01
-2.834660e-01
-2.359960e-01
-1.881161e-01
-1.395592e-01
-9.092154e-02
-4.199819e-02
7.043174e-03
5.613422e-02
1.049334e-01
1.536642e-01
2.018733e-01
2.497967e-01
2.970803e-01
3.437802e-01
3.896726e-01
4.346520e-01
4.787123e-01
5.217601e-01
5.635719e-01
6.042224e-01
6.433201e-01
6.811445e-01
7.174535e-01
7.521166e-01
7.851649e-01
8.164120e-01
8.458393e-01
8.734654e-01
8.990357e-01
9.226372e-01
9.441394e-01
9.635919e-01
9.808955e-01
9.960253e-01
1.008888e+00
1.019515e+00
1.027800e+00
1.033937e+00
1.037701e+00
1.039073e+00
1.038173e+00
1.034899e+00
1.029434e+00
1.021552e+00
1.011522e+00
9.990563e-01
9.845103e-01
9.676166e-01
9.486609e-01
9.276742e-01
9.044206e-01
8.792043e-01
8.520812e-01
8.229769e-01
7.920528e-01
7.594020e-01
7.250494e-01
6.890075e-01
6.514750e-01
6.124705e-01
5.720685e-01
5.304802e-01
4.875380e-01
4.436144e-01
3.986536e-01
3.528171e-01
3.061421e-01
2.588894e-01
2.110344e-01
1.624837e-01
1.138212e-01
6.478602e-02
1.560181e-02
-3.356377e-02
-8.270450e-02
-1.315471e-01
-1.802717e-01
-2.285181e-01
-2.761247e-01
-3.233339e-01
-3.697791e-01
-4.153237e-01
-4.599988e-01
-5.036739e-01
-5.461938e-01
-5.874467e-01
-6.274698e-01
-6.660644e-01
-7.031249e-01
-7.386513e-01
-7.726250e-01
-8.048100e-01
-8.351565e-01
-8.637205e-01
-8.903405e-01
-9.148549e-01
-9.374937e-01
-9.579276e-01
-9.763243e-01
-9.924727e-01
-1.006391e+00
-1.018074e+00
-1.027446e+00
-1.034576e+00
-1.039409e+00
-1.041930e+00
-1.042098e+00
-1.039899e+00
-1.035403e+00
-1.028614e+00
-1.019391e+00
-1.008099e+00
-9.943484e-01
-9.785602e-01
-9.604927e-01
-9.402762e-01
-9.180225e-01
-8.935701e-01
-8.672296e-01
-8.388644e-01
-8.087353e-01
-7.767553e-01
-7.430611e-01
-7.075782e-01
-6.706853e-01
-6.321156e-01
-5.922415e-01
-5.509886e-01
-5.085681e-01
-4.649116e-01
-4.202365e-01
-3.747105e-01
-3.282591e-01
-2.810189e-01
-2.332135e-01
-1.849175e-01
-1.360376e-01
-8.709562e-02
-3.776856e-02
1.166409e-02
6.090420e-02
1.102561e-01
1.591670e-01
2.077799e-01
2.558585e-01
3.035273e-01
3.504010e-01
3.964922e-01
4.417635e-01
4.860536e-01
5.292380e-01
5.712424e-01
6.120108e-01
6.514191e-01
6.892498e-01
7.257078e-01
7.605386e-01
7.936117e-01
8.248899e-01
8.544352e-01
8.820054e-01
9.075323e-01
9.310902e-01
9.527166e-01
9.720761e-01
9.893424e-01
1.004286e+00
1.017043e+00
1.027484e+00
1.035713e+00
1.041545e+00
1.045154e+00
1.046483e+00
1.045321e+00
1.041806e+00
1.036080e+00
1.028024e+00
1.017565e+00
1.005006e+00
9.898703e-01
9.729704e-01
9.535737e-01
9.320902e-01
9.086689e-01
8.830675e-01
8.555283e-01
8.260886e-01
7.948725e-01
7.617373e-01
7.269624e-01
6.905478e-01
6.526364e-01
6.131040e-01
5.723852e-01
5.303436e-01
4.870846e-01
4.426890e-01
3.973493e-01
3.510718e-01
3.040614e-01
2.564237e-01
2.080159e-01
1.593285e-01
1.100263e-01
6.070545e-02
1.128523e-02
-3.829648e-02
-8.781609e-02
-1.370873e-01
-1.861162e-01
-2.345427e-01
-2.826400e-01
-3.299733e-01
-3.767104e-01
-4.225221e-01
-4.673836e-01
-5.112947e-01
-5.541251e-01
-5.955022e-01
-6.357179e-01
-6.744554e-01
-7.117457e-01
-7.472969e-01
-7.813762e-01
-8.136295e-01
-8.440505e-01
-8.727077e-01
-8.992283e-01
-9.238483e-01
-9.464064e-01
-9.668527e-01
-9.850693e-01
-1.001205e+00
-1.015105e+00
-1.026595e+00
-1.035924e+00
-1.042856e+00
-1.047495e+00
-1.049806e+00
-1.049737e+00
-1.047340e+00
-1.042607e+00
-1.035521e+00
-1.026186e+00
-1.014521e+00
-1.000528e+00
-9.843861e-01
-9.658900e-01
-9.454250e-01
-9.227179e-01
-8.980109e-01
-8.713288e-01
-8.425351e-01
-8.119836e-01
-7.795750e-01
-7.453902e-01
-7.096650e-01
-6.722319e-01
-6.333267e-01
-5.930117e-01
-5.513178e-01
-5.084687e-01
-4.643650e-01
-4.192304e-01
-3.732199e-01
-3.264331e-01
-2.788265e-01
-2.305491e-01
-1.817996e-01
-1.326216e-01
-8.313306e-02
-3.343955e-02
1.627259e-02
6.594125e-02
1.155292e-01
1.648500e-01
2.138479e-01
2.623179e-01
3.101729e-01
3.573697e-01
4.037838e-01
4.493719e-01
4.937861e-01
5.371694e-01
5.795464e-01
6.204142e-01
6.600088e-01
6.981251e-01
7.346143e-01
7.695631e-01
8.027417e-01
8.341441e-01
8.636460e-01
8.913342e-01
9.169542e-01
9.404936e-01
9.619398e-01
9.813738e-01
9.985656e-01
1.013515e+00
1.026117e+00
1.036502e+00
1.044551e+00
1.050340e+00
1.053669e+00
1.054638e+00
1.053364e+00
1.049626e+00
1.043613e+00
1.035328e+00
1.024577e+00
1.011664e+00
9.963235e-01
9.789764e-01
9.592505e-01
9.374378e-01
9.135444e-01
8.876884e-01
8.596585e-01
8.299021e-01
7.981519e-01
7.647372e-01
7.294778e-01
6.925974e-01
6.542823e-01
6.143834e-01
5.732051e-01
5.306665e-01
4.868672e-01
4.421051e-01
3.963556e-01
3.496433e-01
3.021422e-01
2.539518e-01
2.052085e-01
1.559871e-01
1.064488e-01
5.664973e-02
6.707785e-03
-4.328385e-02
-9.305809e-02
-1.427827e-01
-1.921035e-01
-2.409337e-01
-2.893105e-01
-3.370414e-01
-3.840704e-01
-4.302237e-01
-4.753584e-01
-5.194931e-01
-5.625037e-01
-6.041540e-01
-6.445871e-01
-6.835481e-01
-7.208757e-01
-7.567375e-01
-7.907609e-01
-8.231756e-01
-8.536961e-01
-8.823532e-01
-9.090105e-01
-9.336367e-01
-9.561948e-01
-9.766038e-01
-9.948204e-01
-1.010782e+00
-1.024515e+00
-1.036123e+00
-1.045241e+00
-1.052091e+00
-1.056538e+00
-1.058613e+00
-1.058377e+00
-1.055749e+00
-1.050731e+00
-1.043408e+00
-1.033701e+00
-1.021707e+00
-1.007379e+00
-9.909200e-01
-9.722127e-01
-9.512509e-01
-9.282270e-01
-9.031101e-01
-8.759311e-01
-8.468082e-01
-8.158592e-01
-7.830159e-01
-7.484211e-01
-7.122674e-01
-6.743746e-01
-6.350099e-01
-5.941917e-01
-5.520569e-01
-5.086054e-01
-4.642098e-01
-4.186155e-01
-3.720771e-01
-3.248121e-01
-2.767396e-01
-2.279653e-01
-1.788059e-01
-1.292056e-01
-7.926366e-02
-2.916644e-02
2.101152e-02
7.110873e-02
1.212184e-01
1.708311e-01
2.201396e-01
2.690381e-01
3.172969e-01
3.647172e-01
4.115288e-01
4.572908e-01
5.021274e-01
5.458087e-01
5.882665e-01
6.294821e-01
6.692320e-01
7.074850e-01
7.442163e-01
7.793204e-01
8.126668e-01
8.441188e-01
8.737573e-01
9.013772e-01
9.270842e-01
9.507167e-01
9.721195e-01
9.915348e-01
1.008727e+00
1.023453e+00
1.036024e+00
1.046216e+00
1.054215e+00
1.059743e+00
1.062898e+00
1.063743e+00
1.062153e+00
1.058296e+00
1.051961e+00
1.043384e+00
1.032347e+00
1.019018e+00
1.003541e+00
9.856469e-01
9.656602e-01
9.435059e-01
9.191901e-01
8.928062e-01
8.645465e-01
8.342186e-01
8.020461e-01
7.681408e-01
7.325212e-01
6.951688e-01
6.562636e-01
6.159672e-01
5.742547e-01
5.312504e-01
4.870970e-01
4.418443e-01
3.954798e-01
3.483266e-01
3.003597e-01
2.517469e-01
2.025192e-01
1.528319e-01
1.027099e-01
5.252568e-02
2.136554e-03
-4.827121e-02
-9.846159e-02
-1.485836e-01
-1.982896e-01
-2.475856e-01
-2.962729e-01
-3.444137e-01
-3.917098e-01
-4.382233e-01
-4.836810e-01
-5.280704e-01
-5.713729e-01
-6.133400e-01
-6.539345e-01
-6.931254e-01
-7.307449e-01
-7.667309e-01
-8.008847e-01
-8.333926e-01
-8.640621e-01
-8.927627e-01
-9.194572e-01
-9.441828e-01
-9.666726e-01
-9.870940e-01
-1.005242e+00
-1.021260e+00
-1.034875e+00
-1.046278e+00
-1.055333e+00
-1.061967e+00
-1.066258e+00
-1.068171e+00
-1.067705e+00
-1.064880e+00
-1.059644e+00
-1.051955e+00
-1.041936e+00
-1.029695e+00
-1.015074e+00
-9.981557e-01
-9.791316e-01
-9.578096e-01
-9.344131e-01
-9.088117e-01
-8.811794e-01
-8.517210e-01
-8.202627e-01
-7.869226e-01
-7.519241e-01
-7.151306e-01
-6.768776e-01
-6.369415e-01
-5.956886e-01
-5.531128e-01
-5.092265e-01
-4.642222e-01
-4.181931e-01
-3.711144e-01
-3.232655e-01
-2.747707e-01
-2.255058e-01
-1.758620e-01
-1.257337e-01
-7.539426e-02
-2.482502e-02
2.588087e-02
7.648738e-02
1.268330e-01
1.769986e-01
2.267356e-01
2.759073e-01
3.245698e-01
3.724684e-01
4.195471e-01
4.656756e-01
5.107544e-01
5.547462e-01
5.975829e-01
6.389538e-01
6.790763e-01
7.174783e-01
7.543836e-01
7.896119e-01
8.230576e-01
8.546091e-01
8.843904e-01
9.122401e-01
9.378912e-01
9.614927e-01
9.830507e-01
1.002373e+00
1.019354e+00
1.034129e+00
1.046644e+00
1.056774e+00
1.064532e+00
1.069935e+00
1.072898e+00
1.073587e+00
1.071718e+00
1.067563e+00
1.061029e+00
1.052029e+00
1.040794e+00
1.027185e+00
1.011230e+00
9.930565e-01
9.726723e-01
9.500894e-01
9.254445e-01
8.986010e-01
8.697761e-01
8.391874e-01
8.064745e-01
7.721716e-01
7.359248e-01
6.981748e-01
6.587728e-01
6.179671e-01
5.757267e-01
5.322441e-01
4.875069e-01
4.415896e-01
3.948401e-01
3.471155e-01
2.986517e-01
2.494675e-01
1.998609e-01
1.495960e-01
9.903920e-02
4.837058e-02
-2.540263e-03
-5.338900e-02
-1.040949e-01
-1.546207e-01
-2.047365e-01
-2.544859e-01
-3.036018e-01
-3.520842e-01
-3.998399e-01
-4.465522e-01
-4.924632e-01
-5.371321e-01
-5.806954e-01
-6.229917e-01
-6.637664e-01
-7.032181e-01
-7.410115e-01
-7.771342e-01
-8.115240e-01
-8.441623e-01
-8.748877e-01
-9.037560e-01
-9.305499e-01
-9.552569e-01
-9.778398e-01
-9.981805e-01
-1.016416e+00
-1.032260e+00
-1.046023e+00
-1.057166e+00
-1.066047e+00
-1.072575e+00
-1.076717e+00
-1.078370e+00
-1.077655e+00
-1.074581e+00
-1.069128e+00
-1.061165e+00
-1.050942e+00
-1.038253e+00
-1.023297e+00
-1.006075e+00
-9.865599e-01
-9.648217e-01
-9.409532e-01
-9.150475e-01
-8.870300e-01
-8.569816e-01
-8.251321e-01
-7.912888e-01
-7.557748e-01
-7.185777e-01
-6.796787e-01
-6.394134e-01
-5.974835e-01
-5.544046e-01
-5.100401e-01
-4.645079e-01
-4.178577e-01
-3.703381e-01
-3.219675e-01
-2.728081e-01
-2.232078e-01
-1.728621e-01
-1.223612e-01
-7.133854e-02
-2.030347e-02
3.079370e-02
8.182877e-02
1.327520e-01
1.833648e-01
2.334682e-01
2.831182e-01
3.321720e-01
3.804556e-01
4.279318e-01
4.744391e-01
5.199030e-01
5.642117e-01
6.072533e-01
6.488850e-01
6.892373e-01
7.278630e-01
7.649980e-01
8.004437e-01
8.340510e-01
8.658384e-01
8.956570e-01
9.235378e-01
9.493131e-01
9.729145e-01
9.944415e-01
1.013702e+00
1.030726e+00
1.045421e+00
1.057880e+00
1.067935e+00
1.075494e+00
1.080748e+00
1.083643e+00
1.083947e+00
1.081922e+00
1.077506e+00
1.070550e+00
1.061358e+00
1.049812e+00
1.035850e+00
1.019577e+00
1.000969e+00
9.802620e-01
9.572133e-01
9.321088e-01
9.047808e-01
8.756082e-01
8.443921e-01
8.112818e-01
7.763702e-01
7.396886e-01
7.014480e-01
6.615180e-01
6.201285e-01
5.774409e-01
5.333372e-01
4.881280e-01
4.417014e-01
3.944178e-01
3.460596e-01
2.970990e-01
2.473371e-01
1.970784e-01
1.463788e-01
9.542445e-02
4.401052e-02
-7.161182e-03
-5.860617e-02
-1.098089e-01
-1.607695e-01
-2.114257e-01
-2.614856e-01
-3.111977e-01
-3.599845e-01
-4.080756e-01
-4.553779e-01
-5.014939e-01
-5.465789e-01
-5.904466e-01
-6.329478e-01
-6.740268e-01
-7.137207e-01
-7.518309e-01
-7.881399e-01
-8.227285e-01
-8.555034e-01
-8.864214e-01
-9.153083e-01
-9.421954e-01
-9.669334e-01
-9.896219e-01
-1.009938e+00
-1.028086e+00
-1.043998e+00
-1.057476e+00
-1.068668e+00
-1.077332e+00
-1.083742e+00
-1.087674e+00
-1.089189e+00
-1.088276e+00
-1.084891e+00
-1.079121e+00
-1.070892e+00
-1.060377e+00
-1.047346e+00
-1.032036e+00
-1.014372e+00
-9.944726e-01
-9.724673e-01
-9.480336e-01
-9.217552e-01
-8.932223e-01
-8.626025e-01
-8.303493e-01
-7.960402e-01
-7.600045e-01
-7.222173e-01
-6.828587e-01
-6.419102e-01
-5.996325e-01
-5.558890e-01
-5.109531e-01
-4.648495e-01
-4.177025e-01
-3.695493e-01
-3.206445e-01
-2.710442e-01
-2.207358e-01
-1.699616e-01
-1.188458e-01
-6.733250e-02
-1.582540e-02
3.578106e-02
8.741859e-02
1.387456e-01
1.898117e-01
2.405486e-01
2.905403e-01
3.400474e-01
3.887596e-01
4.366395e-01
4.834636e-01
5.293809e-01
5.739193e-01
6.172156e-01
6.593256e-01
6.997959e-01
7.387694e-01
7.760721e-01
8.116855e-01
8.455784e-01
8.775584e-01
9.074826e-01
9.353075e-01
9.612007e-01
9.849264e-01
1.006385e+00
1.025658e+00
1.042694e+00
1.057290e+00
1.069581e+00
1.079500e+00
1.087009e+00
1.092058e+00
1.094704e+00
1.094872e+00
1.092580e+00
1.087928e+00
1.080748e+00
1.071221e+00
1.059277e+00
1.044942e+00
1.028341e+00
1.009366e+00
9.880816e-01
9.647410e-01
9.391272e-01
9.113768e-01
8.817135e-01
8.499819e-01
8.163623e-01
7.809911e-01
7.438437e-01
7.049261e-01
6.645303e-01
6.225694e-01
5.792731e-01
5.346788e-01
4.887926e-01
4.418629e-01
3.939271e-01
3.450907e-01
2.955090e-01
2.452192e-01
1.944512e-01
1.432298e-01
9.154263e-02
3.982437e-02
-1.204296e-02
-6.393513e-02
-1.156720e-01
-1.671791e-01
-2.182639e-01
-2.688269e-01
-3.188869e-01
-3.681891e-01
-4.167087e-01
-4.643092e-01
-5.108786e-01
-5.562865e-01
-6.004958e-01
-6.433387e-01
-6.846847e-01
-7.246085e-01
-7.629112e-01
-7.995369e-01
-8.343056e-01
-8.672421e-01
-8.982345e-01
-9.272643e-01
-9.542321e-01
-9.790695e-01
-1.001752e+00
-1.022186e+00
-1.040247e+00
-1.056035e+00
-1.069445e+00
-1.080463e+00
-1.089090e+00
-1.095307e+00
-1.099052e+00
-1.100381e+00
-1.099276e+00
-1.095617e+00
-1.089524e+00
-1.081028e+00
-1.070134e+00
-1.056874e+00
-1.041036e+00
-1.023142e+00
-1.002808e+00
-9.802682e-01
-9.554494e-01
-9.286307e-01
-8.997624e-01
-8.687389e-01
-8.358211e-01
-8.010089e-01
-7.644018e-01
-7.261301e-01
-6.861816e-01
-6.447424e-01
-6.018312e-01
-5.574728e-01
-5.120152e-01
-4.653402e-01
-4.175410e-01
-3.689033e-01
-3.194148e-01
-2.691871e-01
-2.183757e-01
-1.669742e-01
-1.152559e-01
-6.327056e-02
-1.116101e-02
4.099202e-02
9.304567e-02
1.449192e-01
1.965008e-01
2.476477e-01
2.981735e-01
3.481154e-01
3.972313e-01
4.455708e-01
4.927800e-01
5.389581e-01
5.839437e-01
6.276251e-01
6.699462e-01
7.107581e-01
7.499428e-01
7.876182e-01
8.233371e-01
8.573232e-01
8.894212e-01
9.195255e-01
9.474808e-01
9.734487e-01
9.971992e-01
1.018739e+00
1.037899e+00
1.054923e+00
1.069525e+00
1.081761e+00
1.091568e+00
1.098853e+00
1.103803e+00
1.106201e+00
1.106176e+00
1.103648e+00
1.098636e+00
1.091239e+00
1.081369e+00
1.069041e+00
1.054352e+00
1.037378e+00
1.018037e+00
9.962676e-01
9.725543e-01
9.463380e-01
9.182958e-01
8.879741e-01
8.558637e-01
8.216788e-01
7.857735e-01
7.479926e-01
7.086464e-01
6.676234e-01
6.251531e-01
5.811923e-01
5.360700e-01
4.895876e-01
4.420120e-01
3.935669e-01
3.441591e-01
2.940184e-01
2.431634e-01
1.917495e-01
1.399070e-01
8.780366e-02
3.540220e-02
-1.699306e-02
-6.946905e-02
-1.216531e-01
-1.736633e-01
-2.252698e-01
-2.762862e-01
-3.268368e-01
-3.765552e-01
-4.255344e-01
-4.734827e-01
-5.204061e-01
-5.662861e-01
-6.107997e-01
-6.539780e-01
-6.957029e-01
-7.358689e-01
-7.743703e-01
-8.111203e-01
-8.461933e-01
-8.792850e-01
-9.104700e-01
-9.396489e-01
-9.666229e-01
-9.915411e-01
-1.014180e+00
-1.034570e+00
-1.052706e+00
-1.068432e+00
-1.081810e+00
-1.092773e+00
-1.101275e+00
-1.107337e+00
-1.110853e+00
-1.111989e+00
-1.110573e+00
-1.106716e+00
-1.100251e+00
-1.091419e+00
-1.080289e+00
-1.066532e+00
-1.050570e+00
-1.032086e+00
-1.011372e+00
-9.883797e-01
-9.631137e-01
-9.357919e-01
-9.062714e-01
-8.748753e-01
-8.413923e-01
-8.061453e-01
-7.689606e-01
-7.301238e-01
-6.896410e-01
-6.475062e-01
-6.040547e-01
-5.592305e-01
-5.131704e-01
-4.658246e-01
-4.174665e-01
-3.682760e-01
-3.182223e-01
-2.673301e-01
-2.158727e-01
-1.640612e-01
-1.116411e-01
-5.912167e-02
-6.446927e-03
4.624645e-02
9.887151e-02
1.513351e-01
2.033390e-01
2.549083e-01
3.060427e-01
3.563759e-01
4.059390e-01
4.546201e-01
5.023324e-01
5.488645e-01
5.941669e-01
6.382271e-01
6.808215e-01
7.219750e-01
7.613957e-01
7.992202e-01
8.352559e-01
8.694283e-01
9.016505e-01
9.318728e-01
9.599958e-01
9.860258e-01
1.009776e+00
1.031347e+00
1.050613e+00
1.067501e+00
1.082040e+00
1.094139e+00
1.103859e+00
1.111064e+00
1.115797e+00
1.117970e+00
1.117747e+00
1.114927e+00
1.109685e+00
1.101909e+00
1.091779e+00
1.079047e+00
1.064078e+00
1.046576e+00
1.026788e+00
1.004764e+00
9.803676e-01
9.539340e-01
9.252458e-01
8.944893e-01
8.617392e-01
8.271444e-01
7.905249e-01
7.522905e-01
7.123606e-01
6.707723e-01
6.277120e-01
5.832233e-01
5.374364e-01
4.904012e-01
4.422604e-01
3.931135e-01
3.431467e-01
2.923725e-01
2.409461e-01
1.889173e-01
1.365966e-01
8.377899e-02
3.097382e-02
-2.206737e-02
-7.500297e-02
-1.277709e-01
-1.802779e-01
-2.323192e-01
-2.839505e-01
-3.348737e-01
-3.851759e-01
-4.345340e-01
-4.829108e-01
-5.302815e-01
-5.764410e-01
-6.213024e-01
-6.647539e-01
-7.067459e-01
-7.472535e-01
-7.861213e-01
-8.231011e-01
-8.582673e-01
-8.915826e-01
-9.228608e-01
-9.520893e-01
-9.792807e-01
-1.004242e+00
-1.026918e+00
-1.047334e+00
-1.065457e+00
-1.081133e+00
-1.094363e+00
-1.105226e+00
-1.113554e+00
-1.119461e+00
-1.122896e+00
-1.123709e+00
-1.122094e+00
-1.117877e+00
-1.111256e+00
-1.102064e+00
-1.090537e+00
-1.076438e+00
-1.060016e+00
-1.041172e+00
-1.020031e+00
-9.965843e-01
-9.708649e-01
-9.430711e-01
-9.131407e-01
-8.811048e-01
-8.472119e-01
-8.112631e-01
-7.735753e-01
-7.341484e-01
-6.930633e-01
-6.504937e-01
-6.063962e-01
-5.609199e-01
-5.142573e-01
-4.662718e-01
-4.174168e-01
-3.674313e-01
-3.168248e-01
-2.654482e-01
-2.134007e-01
-1.608129e-01
-1.080450e-01
-5.488583e-02
-1.621048e-03
5.156920e-02
1.048216e-01
1.576826e-01
2.102394e-01
2.623924e-01
3.138374e-01
3.647855e-01
4.147895e-01
4.638309e-01
5.119531e-01
5.589634e-01
6.046323e-01
6.489720e-01
6.918894e-01
7.333162e-01
7.730722e-01
8.110519e-01
8.473113e-01
8.817073e-01
9.140661e-01
9.443940e-01
9.725978e-01
9.987395e-01
1.022633e+00
1.044104e+00
1.063339e+00
1.080227e+00
1.094698e+00
1.106648e+00
1.116244e+00
1.123361e+00
1.127815e+00
1.129833e+00
1.129343e+00
1.126330e+00
1.120803e+00
1.112753e+00
1.102170e+00
1.089226e+00
1.073637e+00
1.055979e+00
1.035676e+00
1.013236e+00
9.884480e-01
9.614305e-01
9.322579e-01
9.009860e-01
8.677389e-01
8.325852e-01
7.954377e-01
7.565822e-01
7.160871e-01
6.739026e-01
6.302958e-01
5.851549e-01
5.387594e-01
4.911403e-01
4.424219e-01
3.927657e-01
3.421343e-01
2.907763e-01
2.387040e-01
1.861535e-01
1.331682e-01
7.977917e-02
2.632185e-02
-2.717274e-02
-8.063627e-02
-1.340191e-01
-1.871099e-01
-2.396294e-01
-2.917017e-01
-3.431715e-01
-3.938215e-01
-4.436392e-01
-4.923949e-01
-5.402065e-01
-5.866269e-01
-6.319541e-01
-6.757286e-01
-7.181119e-01
-7.587995e-01
-7.977979e-01
-8.351503e-01
-8.705028e-01
-9.040231e-01
-9.354689e-01
-9.647410e-01
-9.920503e-01
-1.016975e+00
-1.039719e+00
-1.060141e+00
-1.078239e+00
-1.093822e+00
-1.107027e+00
-1.117691e+00
-1.125970e+00
-1.131523e+00
-1.134932e+00
-1.135529e+00
-1.133547e+00
-1.129125e+00
-1.122194e+00
-1.112691e+00
-1.100779e+00
-1.086338e+00
-1.069556e+00
-1.050191e+00
-1.028720e+00
-1.004801e+00
-9.786969e-01
-9.503316e-01
-9.198982e-01
-8.872909e-01
-8.528203e-01
-8.163561e-01
-7.781590e-01
-7.381421e-01
-6.965165e-01
-6.533072e-01
-6.085700e-01
-5.625099e-01
-5.151641e-01
-4.666941e-01
-4.172056e-01
-3.667481e-01
-3.153963e-01
-2.633986e-01
-2.107735e-01
-1.576578e-01
-1.043247e-01
-5.044503e-02
3.297994e-03
5.705344e-02
1.107592e-01
1.641979e-01
2.173198e-01
2.699697e-01
3.218681e-01
3.732820e-01
4.237022e-01
4.733212e-01
5.217415e-01
5.690562e-01
6.152157e-01
6.597790e-01
7.030815e-01
7.448250e-01
7.847363e-01
8.230452e-01
8.594784e-01
8.940297e-01
9.265873e-01
9.570519e-01
9.853736e-01
1.011522e+00
1.035390e+00
1.056923e+00
1.076270e+00
1.092940e+00
1.107306e+00
1.119331e+00
1.128728e+00
1.135628e+00
1.139963e+00
1.141752e+00
1.141044e+00
1.137715e+00
1.131852e+00
1.123492e+00
1.112617e+00
1.099269e+00
1.083413e+00
1.065159e+00
1.044588e+00
1.021565e+00
9.963856e-01
9.687470e-01
9.392265e-01
9.074453e-01
8.736083e-01
8.379576e-01
8.001891e-01
7.609113e-01
7.197081e-01
6.769894e-01
6.327367e-01
5.869933e-01
5.400450e-01
4.917924e-01
4.425026e-01
3.921632e-01
3.409294e-01
2.889937e-01
2.363811e-01
1.832033e-01
1.296652e-01
7.567375e-02
2.160155e-02
-3.243338e-02
-8.659875e-02
-1.402983e-01
-1.938798e-01
-2.470204e-01
-2.995274e-01
-3.514755e-01
-4.025851e-01
-4.528438e-01
-5.020901e-01
-5.502185e-01
-5.970612e-01
-6.427176e-01
-6.867840e-01
-7.293350e-01
-7.704202e-01
-8.097166e-01
-8.471436e-01
-8.827942e-01
-9.163952e-01
-9.480150e-01
-9.774733e-01
-1.004733e+00
-1.029819e+00
-1.052532e+00
-1.072879e+00
-1.090928e+00
-1.106455e+00
-1.119660e+00
-1.130249e+00
-1.138280e+00
-1.143808e+00
-1.146789e+00
-1.147255e+00
-1.145056e+00
-1.140361e+00
-1.133100e+00
-1.123293e+00
-1.110964e+00
-1.096108e+00
-1.078929e+00
-1.059190e+00
-1.037179e+00
-1.012876e+00
-9.862804e-01
-9.574121e-01
-9.264631e-01
-8.933776e-01
-8.584039e-01
-8.213310e-01
-7.825749e-01
-7.419618e-01
-6.998207e-01
-6.559468e-01
-6.106817e-01
-5.640067e-01
-5.160895e-01
-4.670047e-01
-4.169572e-01
-3.658600e-01
-3.138747e-01
-2.612931e-01
-2.081215e-01
-1.543784e-01
-1.003497e-01
-4.607255e-02
8.322622e-03
6.269916e-02
1.169142e-01
1.709119e-01
2.244748e-01
2.775905e-01
3.300230e-01
3.817972e-01
4.326832e-01
4.827493e-01
5.315920e-01
5.792359e-01
6.256686e-01
6.707412e-01
7.142114e-01
7.562158e-01
7.964998e-01
8.349640e-01
8.716518e-01
9.063646e-01
9.390526e-01
9.695358e-01
9.980190e-01
1.024260e+00
1.048141e+00
1.069774e+00
1.088891e+00
1.105741e+00
1.120045e+00
1.131690e+00
1.141063e+00
1.147745e+00
1.151963e+00
1.153515e+00
1.152522e+00
1.148944e+00
1.142783e+00
1.134125e+00
1.122821e+00
1.109170e+00
1.092959e+00
1.074227e+00
1.053215e+00
1.029862e+00
1.004087e+00
9.760821e-01
9.459467e-01
9.136997e-01
8.793409e-01
8.429760e-01
8.048286e-01
7.649359e-01
7.231738e-01
6.798526e-01
6.349974e-01
5.887448e-01
5.411319e-01
4.923142e-01
4.423660e-01
3.914986e-01
3.397307e-01
2.870125e-01
2.338657e-01
1.801102e-01
1.259262e-01
7.147518e-02
1.691852e-02
-3.782445e-02
-9.241216e-02
-1.467080e-01
-2.007988e-01
-2.544114e-01
-3.073967e-01
-3.598168e-01
-4.112990e-01
-4.621167e-01
-5.116487e-01
-5.601684e-01
-6.074955e-01
-6.534252e-01
-6.978829e-01
-7.407879e-01
-7.819290e-01
-8.214676e-01
-8.591306e-01
-8.949862e-01
-9.287301e-01
-9.603747e-01
-9.900753e-01
-1.017391e+00
-1.042384e+00
-1.065196e+00
-1.085518e+00
-1.103580e+00
-1.119014e+00
-1.132137e+00
-1.142547e+00
-1.150404e+00
-1.155838e+00
-1.158565e+00
-1.158677e+00
-1.156385e+00
-1.151323e+00
-1.143727e+00
-1.133541e+00
-1.120983e+00
-1.105716e+00
-1.088071e+00
-1.068016e+00
-1.045595e+00
-1.020689e+00
-9.935969e-01
-9.642565e-01
-9.328045e-01
-8.992904e-01
-8.636894e-01
-8.260948e-01
-7.867735e-01
-7.456014e-01
-7.027771e-01
-6.583815e-01
-6.126071e-01
-5.653172e-01
-5.167479e-01
-4.671165e-01
-4.163485e-01
-3.646489e-01
-3.121853e-01
-2.590323e-01
-2.051651e-01
-1.509500e-01
-9.639957e-02
-4.151374e-02
1.343420e-02
6.837593e-02
1.231127e-01
1.775638e-01
2.316235e-01
2.851864e-01
3.381593e-01
3.903869e-01
4.417760e-01
4.920843e-01
5.413431e-01
5.894466e-01
6.361030e-01
6.815544e-01
7.253414e-01
7.675569e-01
8.080956e-01
8.467274e-01
8.836886e-01
9.185069e-01
9.513440e-01
9.820135e-01
1.010565e+00
1.036837e+00
1.060687e+00
1.082220e+00
1.101431e+00
1.118113e+00
1.132367e+00
1.144050e+00
1.153124e+00
1.159670e+00
1.163652e+00
1.165030e+00
1.163788e+00
1.159969e+00
1.153515e+00
1.144479e+00
1.132908e+00
1.118790e+00
1.102176e+00
1.083065e+00
1.061625e+00
1.037756e+00
1.011553e+00
9.830880e-01
9.523937e-01
9.195876e-01
8.848500e-01
8.478454e-01
8.092880e-01
7.686501e-01
7.264034e-01
6.824736e-01
6.370532e-01
5.901919e-01
5.419828e-01
4.925874e-01
4.420865e-01
3.905608e-01
3.381655e-01
2.849815e-01
2.311826e-01
1.768930e-01
1.221500e-01
6.718344e-02
1.199948e-02
-4.324037e-02
-9.828768e-02
-1.531673e-01
-2.077861e-01
-2.618458e-01
-3.153777e-01
-3.681456e-01
-4.201371e-01
-4.712033e-01
-5.212694e-01
-5.700872e-01
-6.177063e-01
-6.640334e-01
-7.086651e-01
-7.518806e-01
-7.933757e-01
-8.331007e-01
-8.709500e-01
-9.068739e-01
-9.408414e-01
-9.726537e-01
-1.002274e+00
-1.029695e+00
-1.054812e+00
-1.077643e+00
-1.097915e+00
-1.115958e+00
-1.131342e+00
-1.144168e+00
-1.154509e+00
-1.162273e+00
-1.167459e+00
-1.169968e+00
-1.169937e+00
-1.167198e+00
-1.161987e+00
-1.154068e+00
-1.143578e+00
-1.130479e+00
-1.114927e+00
-1.096959e+00
-1.076438e+00
-1.053563e+00
-1.028254e+00
-1.000665e+00
-9.708711e-01
-9.388166e-01
-9.047311e-01
-8.686457e-01
-8.305356e-01
-7.906739e-01
-7.488931e-01
-7.055658e-01
-6.605491e-01
-6.141971e-01
-5.662923e-01
-5.172448e-01
-4.670047e-01
-4.156653e-01
-3.633818e-01
-3.103344e-01
-2.565914e-01
-2.022397e-01
-1.472980e-01
-9.223204e-02
-3.684313e-02
1.862031e-02
7.407755e-02
1.293236e-01
1.842467e-01
2.388344e-01
2.929687e-01
3.462832e-01
3.989020e-01
4.506886e-01
5.013945e-01
5.510756e-01
5.994151e-01
6.465497e-01
6.921937e-01
7.363098e-01
7.786993e-01
8.194926e-01
8.584102e-01
8.953589e-01
9.304195e-01
9.632814e-01
9.941186e-01
1.022664e+00
1.048949e+00
1.072985e+00
1.094474e+00
1.113536e+00
1.130212e+00
1.144373e+00
1.155857e+00
1.164894e+00
1.171241e+00
1.175005e+00
1.176167e+00
1.174639e+00
1.170508e+00
1.163776e+00
1.154348e+00
1.142516e+00
1.128026e+00
1.111002e+00
1.091487e+00
1.069544e+00
1.045247e+00
1.018639e+00
9.896157e-01
9.585611e-01
9.252520e-01
8.898063e-01
8.525781e-01
8.131078e-01
7.721778e-01
7.292294e-01
6.848338e-01
6.388296e-01
5.913658e-01
5.425977e-01
4.925999e-01
4.415524e-01
3.893869e-01
3.364203e-01
2.827393e-01
2.284063e-01
1.735142e-01
1.181688e-01
6.269916e-02
6.937589e-03
-4.879292e-02
-1.043930e-01
-1.598006e-01
-2.147547e-01
-2.692182e-01
-3.232593e-01
-3.765676e-01
-4.288448e-01
-4.804140e-01
-5.307535e-01
-5.799688e-01
-6.278673e-01
-6.743933e-01
-7.194286e-01
-7.627683e-01
-8.045553e-01
-8.445288e-01
-8.825706e-01
-9.186063e-01
-9.526111e-01
-9.846159e-01
-1.014261e+00
-1.041762e+00
-1.066973e+00
-1.089642e+00
-1.109927e+00
-1.127808e+00
-1.143118e+00
-1.155944e+00
-1.166105e+00
-1.173726e+00
-1.178632e+00
-1.180961e+00
-1.180657e+00
-1.177713e+00
-1.172074e+00
-1.163900e+00
-1.153081e+00
-1.139752e+00
-1.123715e+00
-1.105344e+00
-1.084351e+00
-1.061047e+00
-1.035371e+00
-1.007273e+00
-9.770199e-01
-9.444064e-01
-9.099856e-01
-8.732045e-01
-8.345851e-01
-7.941893e-01
-7.519365e-01
-7.080067e-01
-6.625118e-01
-6.155200e-01
-5.670873e-01
-5.173752e-01
-4.665513e-01
-4.146653e-01
-3.618415e-01
-3.082165e-01
-2.539083e-01
-1.990038e-01
-1.436149e-01
-8.792167e-02
-3.201725e-02
2.397412e-02
7.982885e-02
1.355656e-01
1.911036e-01
2.461384e-01
3.004839e-01
3.544195e-01
4.074420e-01
4.594336e-01
5.106301e-01
5.607087e-01
6.093153e-01
6.567605e-01
7.026653e-01
7.469802e-01
7.896802e-01
8.307095e-01
8.697885e-01
9.068366e-01
9.419656e-01
9.750635e-01
1.005851e+00
1.034471e+00
1.060805e+00
1.084748e+00
1.106288e+00
1.125293e+00
1.141895e+00
1.155919e+00
1.167322e+00
1.176098e+00
1.182334e+00
1.185812e+00
1.186725e+00
1.184912e+00
1.180508e+00
1.173484e+00
1.163826e+00
1.151447e+00
1.136702e+00
1.119275e+00
1.099425e+00
1.077096e+00
1.052278e+00
1.025204e+00
9.957458e-01
9.640640e-01
9.303574e-01
8.944645e-01
8.566028e-01
8.167846e-01
7.751591e-01
7.317634e-01
6.867343e-01
6.401711e-01
5.922043e-01
5.428896e-01
4.923452e-01
4.406953e-01
3.880578e-01
3.345259e-01
2.803047e-01
2.254251e-01
1.699306e-01
1.141379e-01
5.806582e-02
1.850852e-03
-5.435790e-02
-1.105232e-01
-1.662723e-01
-2.216861e-01
-2.767334e-01
-3.310230e-01
-3.847225e-01
-4.374966e-01
-4.893640e-01
-5.400326e-01
-5.895832e-01
-6.377427e-01
-6.845543e-01
-7.299250e-01
-7.734387e-01
-8.154369e-01
-8.555345e-01
-8.937006e-01
-9.299971e-01
-9.640826e-01
-9.961185e-01
-1.025912e+00
-1.053427e+00
-1.078500e+00
-1.101213e+00
-1.121523e+00
-1.139317e+00
-1.154428e+00
-1.167099e+00
-1.177148e+00
-1.184527e+00
-1.189315e+00
-1.191383e+00
-1.190806e+00
-1.187595e+00
-1.181725e+00
-1.173216e+00
-1.162012e+00
-1.148242e+00
-1.131988e+00
-1.113095e+00
-1.091767e+00
-1.068016e+00
-1.041818e+00
-1.013223e+00
-9.826160e-01
-9.495926e-01
-9.145195e-01
-8.773721e-01
-8.381439e-01
-7.971643e-01
-7.544457e-01
-7.099569e-01
-6.638844e-01
-6.162902e-01
-5.674413e-01
-5.172323e-01
-4.658246e-01
-4.134169e-01
-3.600466e-01
-3.059185e-01
-2.510451e-01
-1.956313e-01
-1.397517e-01
-8.358024e-02
-2.714169e-02
2.930929e-02
8.567953e-02
1.418945e-01
1.978300e-01
2.533058e-01
3.081296e-01
3.624067e-01
4.157460e-01
4.682717e-01
5.197043e-01
5.699257e-01
6.189981e-01
6.666048e-01
7.128015e-01
7.573586e-01
8.002077e-01
8.413923e-01
8.806204e-01
9.178921e-01
9.531266e-01
9.862928e-01
1.017180e+00
1.045793e+00
1.072121e+00
1.096027e+00
1.117511e+00
1.136429e+00
1.152907e+00
1.166807e+00
1.178148e+00
1.186738e+00
1.192762e+00
1.195961e+00
1.196694e+00
1.194700e+00
1.189998e+00
1.182595e+00
1.172589e+00
1.159975e+00
1.144721e+00
1.127020e+00
1.106667e+00
1.083916e+00
1.058650e+00
1.031198e+00
1.001224e+00
9.691197e-01
9.348913e-01
8.984395e-01
8.601057e-01
8.197969e-01
7.776683e-01
7.337696e-01
6.882808e-01
6.411587e-01
5.926576e-01
5.427405e-01
4.917117e-01
4.394779e-01
3.863622e-01
3.323521e-01
2.774973e-01
2.221146e-01
1.662102e-01
1.098276e-01
5.338279e-02
-3.391158e-03
-6.000362e-02
-1.165478e-01
-1.726820e-01
-2.286982e-01
-2.840312e-01
-3.388115e-01
-3.927346e-01
-4.459000e-01
-4.980406e-01
-5.491192e-01
-5.988996e-01
-6.474130e-01
-6.943675e-01
-7.399308e-01
-7.838792e-01
-8.258588e-01
-8.660993e-01
-9.044020e-01
-9.408103e-01
-9.750697e-01
-1.007099e+00
-1.036881e+00
-1.064457e+00
-1.089537e+00
-1.112120e+00
-1.132373e+00
-1.150081e+00
-1.165192e+00
-1.177676e+00
-1.187477e+00
-1.194706e+00
-1.199277e+00
-1.201116e+00
-1.200333e+00
-1.196762e+00
-1.190619e+00
-1.181719e+00
-1.170316e+00
-1.156130e+00
-1.139491e+00
-1.120181e+00
-1.098574e+00
-1.074283e+00
-1.047663e+00
-1.018695e+00
-9.874915e-01
-9.540023e-01
-9.184697e-01
-8.808191e-01
-8.412680e-01
-7.996798e-01
-7.564580e-01
-7.114724e-01
-6.648843e-01
-6.168616e-01
-5.673854e-01
-5.166920e-01
-4.647253e-01
-4.117710e-01
-3.579659e-01
-3.032354e-01
-2.479707e-01
-1.920228e-01
-1.356277e-01
-7.894690e-02
-2.211706e-02
3.477490e-02
9.153642e-02
1.482048e-01
2.045937e-01
2.603552e-01
3.156323e-01
3.701641e-01
4.239755e-01
4.767558e-01
5.285051e-01
5.790433e-01
6.282897e-01
6.762565e-01
7.225961e-01
7.673395e-01
8.104992e-01
8.517086e-01
8.910982e-01
9.285189e-01
9.638031e-01
9.968638e-01
1.027844e+00
1.056520e+00
1.082835e+00
1.106691e+00
1.128082e+00
1.147019e+00
1.163322e+00
1.177080e+00
1.188234e+00
1.196663e+00
1.202457e+00
1.205507e+00
1.205886e+00
1.203600e+00
1.198607e+00
1.190986e+00
1.180614e+00
1.167676e+00
1.152068e+00
1.133858e+00
1.113231e+00
1.090015e+00
1.064407e+00
1.036471e+00
1.006118e+00
9.734859e-01
9.387980e-01
9.019424e-01
8.630932e-01
8.222378e-01
7.796309e-01
7.352664e-01
6.891876e-01
6.416990e-01
5.926701e-01
5.422375e-01
4.906558e-01
4.379873e-01
3.843188e-01
3.298181e-01
2.745782e-01
2.186241e-01
1.622849e-01
1.054364e-01
4.852586e-02
-8.583480e-03
-6.563692e-02
-1.226034e-01
-1.793152e-01
-2.355116e-01
-2.912545e-01
-3.464012e-01
-4.008088e-01
-4.541233e-01
-5.065868e-01
-5.578890e-01
-6.080048e-01
-6.567294e-01
-7.038702e-01
-7.496633e-01
-7.936303e-01
-8.359329e-01
-8.762355e-01
-9.146872e-01
-9.510956e-01
-9.852991e-01
-1.017503e+00
-1.047284e+00
-1.074718e+00
-1.099816e+00
-1.122430e+00
-1.142503e+00
-1.160167e+00
-1.175136e+00
-1.187427e+00
-1.197091e+00
-1.204172e+00
-1.208482e+00
-1.210084e+00
-1.208991e+00
-1.205178e+00
-1.198749e+00
-1.189508e+00
-1.177738e+00
-1.163236e+00
-1.146280e+00
-1.126554e+00
-1.104468e+00
-1.079823e+00
-1.052830e+00
-1.023391e+00
-9.917646e-01
-9.578034e-01
-9.218360e-01
-8.836451e-01
-8.436717e-01
-8.016424e-01
-7.579611e-01
-7.124040e-01
-6.654682e-01
-6.168243e-01
-5.669258e-01
-5.156051e-01
-4.633092e-01
-4.099140e-01
-3.554567e-01
-3.003473e-01
-2.446230e-01
-1.882031e-01
-1.313981e-01
-7.430114e-02
-1.703032e-02
4.030261e-02
9.746784e-02
1.544840e-01
2.112207e-01
2.673860e-01
3.229426e-01
3.778470e-01
4.318571e-01
4.849977e-01
5.369520e-01
5.878628e-01
6.372644e-01
6.854363e-01
7.319187e-01
7.768981e-01
8.201571e-01
8.614908e-01
9.010170e-01
9.384315e-01
9.737654e-01
1.006963e+00
1.037943e+00
1.066588e+00
1.092791e+00
1.116592e+00
1.137970e+00
1.156733e+00
1.172869e+00
1.186464e+00
1.197545e+00
1.205749e+00
1.211264e+00
1.214159e+00
1.214302e+00
1.211761e+00
1.206414e+00
1.198445e+00
1.187825e+00
1.174496e+00
1.158484e+00
1.140094e+00
1.118939e+00
1.095412e+00
1.069345e+00
1.040967e+00
1.010242e+00
9.771628e-01
9.420277e-01
9.047808e-01
8.653353e-01
8.241508e-01
7.810160e-01
7.361297e-01
6.896472e-01
6.416493e-01
5.920862e-01
5.412499e-01
4.892956e-01
4.361116e-01
3.819897e-01
3.270666e-01
2.712740e-01
2.149907e-01
1.581671e-01
1.009397e-01
4.354470e-02
-1.399940e-02
-7.143791e-02
-1.287087e-01
-1.856690e-01
-2.424057e-01
-2.983349e-01
-3.538357e-01
-4.084047e-01
-4.620919e-01
-5.148287e-01
-5.664165e-01
-6.166069e-01
-6.656234e-01
-7.129506e-01
-7.589176e-01
-8.030399e-01
-8.453113e-01
-8.857506e-01
-9.242831e-01
-9.607598e-01
-9.951123e-01
-1.027136e+00
-1.056917e+00
-1.084407e+00
-1.109312e+00
-1.131939e+00
-1.151919e+00
-1.169378e+00
-1.184210e+00
-1.196396e+00
-1.205867e+00
-1.212637e+00
-1.216705e+00
-1.218159e+00
-1.216786e+00
-1.212656e+00
-1.205991e+00
-1.196439e+00
-1.184309e+00
-1.169484e+00
-1.152068e+00
-1.132057e+00
-1.109635e+00
-1.084549e+00
-1.057103e+00
-1.027347e+00
-9.952800e-01
-9.609213e-01
-9.243328e-01
-8.858438e-01
-8.453051e-01
-8.029094e-01
-7.587002e-01
-7.127518e-01
-6.653812e-01
-6.163088e-01
-5.659321e-01
-5.142884e-01
-4.614024e-01
-4.074917e-01
-3.527550e-01
-2.971611e-01
-2.409089e-01
-1.842094e-01
-1.269883e-01
-6.950011e-02
-1.184421e-02
4.581169e-02
1.034179e-01
1.607632e-01
2.177297e-01
2.742242e-01
3.301348e-01
3.853436e-01
4.395525e-01
4.929290e-01
5.451939e-01
5.962227e-01
6.459224e-01
6.941440e-01
7.408376e-01
7.858853e-01
8.292313e-01
8.706394e-01
9.102340e-01
9.477417e-01
9.830569e-01
1.016279e+00
1.047203e+00
1.075873e+00
1.102008e+00
1.125734e+00
1.146888e+00
1.165602e+00
1.181688e+00
1.195091e+00
1.205861e+00
1.213910e+00
1.219221e+00
1.221804e+00
1.221711e+00
1.218885e+00
1.213289e+00
1.205054e+00
1.194048e+00
1.180446e+00
1.164093e+00
1.145205e+00
1.123889e+00
1.099847e+00
1.073494e+00
1.044588e+00
1.013459e+00
9.800136e-01
9.444810e-01
9.067000e-01
8.669812e-01
8.252377e-01
7.817427e-01
7.364030e-01
6.895417e-01
6.409785e-01
5.910987e-01
5.398401e-01
4.873578e-01
4.337887e-01
3.792942e-01
3.239487e-01
2.677586e-01
2.110344e-01
1.538443e-01
9.628777e-02
3.855113e-02
-1.932836e-02
-7.710847e-02
-1.347333e-01
-1.921470e-01
-2.489209e-01
-3.052539e-01
-3.609347e-01
-4.158765e-01
-4.697810e-01
-5.226979e-01
-5.744535e-01
-6.249171e-01
-6.740020e-01
-7.215154e-01
-7.674762e-01
-8.117165e-01
-8.541805e-01
-8.946632e-01
-9.332703e-01
-9.696600e-01
-1.004062e+00
-1.036036e+00
-1.065811e+00
-1.093170e+00
-1.118095e+00
-1.140485e+00
-1.160416e+00
-1.177738e+00
-1.192408e+00
-1.204271e+00
-1.213637e+00
-1.220152e+00
-1.224090e+00
-1.225158e+00
-1.223531e+00
-1.219221e+00
-1.212153e+00
-1.202352e+00
-1.189893e+00
-1.174738e+00
-1.157000e+00
-1.136603e+00
-1.113679e+00
-1.088388e+00
-1.060476e+00
-1.030378e+00
-9.977954e-01
-9.630889e-01
-9.262147e-01
-8.873778e-01
-8.463548e-01
-8.035740e-01
-7.588741e-01
-7.126276e-01
-6.645924e-01
-6.152157e-01
-5.643607e-01
-5.124002e-01
-4.590982e-01
-4.048521e-01
-3.497427e-01
-2.936892e-01
-2.371326e-01
-1.799425e-01
-1.224978e-01
-6.453759e-02
-6.558723e-03
5.139530e-02
1.092872e-01
1.669058e-01
2.241829e-01
2.809879e-01
3.370973e-01
3.925172e-01
4.469186e-01
5.005001e-01
5.529140e-01
6.041044e-01
6.539718e-01
7.023610e-01
7.491602e-01
7.943322e-01
8.376595e-01
8.792043e-01
9.188610e-01
9.562755e-01
9.916342e-01
1.024819e+00
1.055756e+00
1.084195e+00
1.110343e+00
1.133908e+00
1.155006e+00
1.173452e+00
1.189352e+00
1.202650e+00
1.213184e+00
1.221034e+00
1.226146e+00
1.228500e+00
1.228127e+00
1.225078e+00
1.219171e+00
1.210587e+00
1.199315e+00
1.185371e+00
1.168726e+00
1.149547e+00
1.127641e+00
1.103424e+00
1.076519e+00
1.047383e+00
1.015838e+00
9.820694e-01
9.459157e-01
9.079235e-01
8.677389e-01
8.256290e-01
7.817551e-01
7.360614e-01
6.886535e-01
6.398419e-01
5.894590e-01
5.378091e-01
4.849170e-01
4.310932e-01
3.762198e-01
3.204085e-01
2.639700e-01
2.068917e-01
1.493414e-01
9.149916e-02
3.330912e-02
-2.473185e-02
-8.290946e-02
-1.407517e-01
-1.983268e-01
-2.555293e-01
-3.119431e-01
-3.679593e-01
-4.229755e-01
-4.771036e-01
-5.301759e-01
-5.820991e-01
-6.327864e-01
-6.817780e-01
-7.295399e-01
-7.756001e-01
-8.198839e-01
-8.622920e-01
-9.028865e-01
-9.414997e-01
-9.778895e-01
-1.012124e+00
-1.044135e+00
-1.073792e+00
-1.100996e+00
-1.125815e+00
-1.148155e+00
-1.167863e+00
-1.185042e+00
-1.199563e+00
-1.211227e+00
-1.220339e+00
-1.226723e+00
-1.230382e+00
-1.231226e+00
-1.229320e+00
-1.224674e+00
-1.217345e+00
-1.207209e+00
-1.194489e+00
-1.178937e+00
-1.160869e+00
-1.140193e+00
-1.116933e+00
-1.091189e+00
-1.062998e+00
-1.032521e+00
-9.995842e-01
-9.644615e-01
-9.271774e-01
-8.878561e-01
-8.465163e-01
-8.033007e-01
-7.583213e-01
-7.116587e-01
-6.632944e-01
-6.135015e-01
-5.623298e-01
-5.099097e-01
-4.563530e-01
-4.016907e-01
-3.462832e-01
-2.898819e-01
-2.330210e-01
-1.755701e-01
-1.177465e-01
-5.957507e-02
-1.391244e-03
5.697891e-02
1.151503e-01
1.729801e-01
2.305304e-01
2.874224e-01
3.438361e-01
3.993679e-01
4.541170e-01
5.076862e-01
5.602615e-01
6.116258e-01
6.614435e-01
7.099880e-01
7.567437e-01
8.020399e-01
8.454728e-01
8.870300e-01
9.265873e-01
9.639646e-01
9.992239e-01
1.032421e+00
1.063296e+00
1.091586e+00
1.117654e+00
1.141075e+00
1.162105e+00
1.180371e+00
1.196128e+00
1.209184e+00
1.219531e+00
1.227127e+00
1.231965e+00
1.234152e+00
1.233493e+00
1.230090e+00
1.223935e+00
1.215090e+00
1.203526e+00
1.189216e+00
1.172303e+00
1.152640e+00
1.130516e+00
1.105983e+00
1.078686e+00
1.049265e+00
1.017329e+00
9.831315e-01
9.468411e-01
9.082776e-01
8.677700e-01
8.253370e-01
7.810036e-01
7.349434e-01
6.872995e-01
6.380594e-01
5.873349e-01
5.353123e-01
4.821655e-01
4.279070e-01
3.726547e-01
3.165826e-01
2.598583e-01
2.024385e-01
1.446149e-01
8.651179e-02
2.817891e-02
-3.016640e-02
-8.853655e-02
-1.466831e-01
-2.044384e-01
-2.618024e-01
-3.184956e-01
-3.746174e-01
-4.298075e-01
-4.840474e-01
-5.372501e-01
-5.892168e-01
-6.399475e-01
-6.890572e-01
-7.368812e-01
-7.829165e-01
-8.271196e-01
-8.696581e-01
-9.102278e-01
-9.487230e-01
-9.851252e-01
-1.019347e+00
-1.051228e+00
-1.080829e+00
-1.107946e+00
-1.132672e+00
-1.154758e+00
-1.174384e+00
-1.191241e+00
-1.205488e+00
-1.217177e+00
-1.226040e+00
-1.232115e+00
-1.235555e+00
-1.236058e+00
-1.233978e+00
-1.229015e+00
-1.221295e+00
-1.211041e+00
-1.197874e+00
-1.182042e+00
-1.163732e+00
-1.142646e+00
-1.119088e+00
-1.093040e+00
-1.064488e+00
-1.033502e+00
-1.000472e+00
-9.649646e-01
-9.273575e-01
-8.876139e-01
-8.460007e-01
-8.024560e-01
-7.570729e-01
-7.099694e-01
-6.613752e-01
-6.112221e-01
-5.597336e-01
-5.070278e-01
-4.530985e-01
-3.982002e-01
-3.423393e-01
-2.858510e-01
-2.286113e-01
-1.709554e-01
-1.127467e-01
-5.435169e-02
4.117835e-03
6.253146e-02
1.209202e-01
1.789488e-01
2.366109e-01
2.937202e-01
3.501961e-01
4.059887e-01
4.607503e-01
5.145492e-01
5.671494e-01
6.185075e-01
6.685053e-01
7.170312e-01
7.638428e-01
8.091390e-01
8.524787e-01
8.940049e-01
9.334814e-01
9.709208e-01
1.006130e+00
1.039148e+00
1.069799e+00
1.098114e+00
1.123983e+00
1.147317e+00
1.168123e+00
1.186247e+00
1.201675e+00
1.214625e+00
1.224630e+00
1.232040e+00
1.236748e+00
1.238580e+00
1.237711e+00
1.234040e+00
1.227587e+00
1.218451e+00
1.206538e+00
1.191930e+00
1.174651e+00
1.154814e+00
1.132305e+00
1.107306e+00
1.079910e+00
1.050023e+00
1.017708e+00
9.833240e-01
9.466299e-01
9.078055e-01
8.669688e-01
8.241321e-01
7.795378e-01
7.330864e-01
6.851133e-01
6.355999e-01
5.846021e-01
5.323000e-01
4.788986e-01
4.242798e-01
3.688040e-01
3.125145e-01
2.554983e-01
1.978424e-01
1.398076e-01
8.134431e-02
2.284995e-02
-3.571274e-02
-9.419469e-02
-1.525089e-01
-2.104319e-01
-2.678580e-01
-3.248369e-01
-3.808966e-01
-4.362234e-01
-4.906248e-01
-5.438958e-01
-5.958501e-01
-6.465311e-01
-6.958830e-01
-7.436325e-01
-7.896429e-01
-8.338708e-01
-8.763038e-01
-9.167679e-01
-9.552631e-01
-9.914976e-01
-1.025583e+00
-1.057408e+00
-1.086754e+00
-1.113815e+00
-1.138330e+00
-1.160304e+00
-1.179682e+00
-1.196445e+00
-1.210494e+00
-1.221823e+00
-1.230475e+00
-1.236419e+00
-1.239493e+00
-1.239928e+00
-1.237456e+00
-1.232257e+00
-1.224264e+00
-1.213656e+00
-1.200197e+00
-1.184067e+00
-1.165416e+00
-1.144075e+00
-1.120101e+00
-1.093791e+00
-1.064948e+00
-1.033757e+00
-1.000199e+00
-9.644801e-01
-9.264631e-01
-8.864586e-01
-8.445226e-01
-8.005369e-01
-7.549860e-01
-7.076651e-01
-6.588287e-01
-6.083713e-01
-5.565847e-01
-5.035807e-01
-4.493719e-01
-3.942376e-01
-3.382214e-01
-2.814164e-01
-2.239531e-01
-1.659866e-01
-1.077469e-01
-4.912831e-02
9.521328e-03
