2.824238e-02
8.368201e-02
1.389104e-01
1.938075e-01
2.482406e-01
3.021566e-01
3.553798e-01
4.077418e-01
4.592376e-01
5.097125e-01
5.589844e-01
6.070068e-01
6.537864e-01
6.989157e-01
7.425469e-01
7.846066e-01
8.247600e-01
8.631251e-01
8.995266e-01
9.339808e-01
9.662602e-01
9.964201e-01
1.024400e+00
1.049969e+00
1.073216e+00
1.094042e+00
1.112576e+00
1.128457e+00
1.141892e+00
1.152755e+00
1.161038e+00
1.166703e+00
1.169844e+00
1.170248e+00
1.168044e+00
1.163339e+00
1.156062e+00
1.146029e+00
1.133476e+00
1.118508e+00
1.100993e+00
1.081018e+00
1.058508e+00
1.033854e+00
1.006809e+00
9.775200e-01
9.460080e-01
9.124952e-01
8.768529e-01
8.392671e-01
7.998251e-01
7.586341e-01
7.157405e-01
6.712114e-01
6.252352e-01
5.778895e-01
5.292328e-01
4.794202e-01
4.285135e-01
3.766995e-01
3.240890e-01
2.706949e-01
2.167136e-01
1.623086e-01
1.074829e-01
5.247881e-02
-2.633976e-03
-5.774428e-02
-1.126626e-01
-1.674069e-01
-2.216417e-01
-2.754645e-01
-3.285709e-01
-3.809882e-01
-4.325580e-01
-4.831696e-01
-5.325987e-01
-5.808560e-01
-6.279109e-01
-6.734335e-01
-7.174530e-01
-7.598774e-01
-8.005876e-01
-8.395616e-01
-8.765702e-01
-9.116905e-01
-9.447883e-01
-9.755932e-01
-1.004395e+00
-1.030853e+00
-1.055024e+00
-1.076881e+00
-1.096263e+00
-1.113106e+00
-1.127558e+00
-1.139509e+00
-1.148955e+00
-1.155713e+00
-1.159937e+00
-1.161562e+00
-1.160613e+00
-1.156999e+00
-1.150912e+00
-1.142159e+00
-1.130875e+00
-1.117111e+00
-1.100880e+00
-1.082096e+00
-1.060901e+00
-1.037456e+00
-1.011654e+00
-9.834982e-01
-9.531985e-01
-9.208619e-01
-8.863393e-01
-8.500173e-01
-8.116075e-01
-7.714529e-01
-7.296877e-01
-6.861597e-01
-6.412038e-01
-5.947994e-01
-5.471051e-01
-4.981663e-01
-4.480872e-01
-3.970854e-01
-3.452142e-01
-2.924434e-01
-2.391872e-01
-1.853433e-01
-1.310470e-01
-7.652945e-02
-2.183298e-02
3.288462e-02
8.747732e-02
1.418215e-01
1.960122e-01
2.495684e-01
3.025773e-01
3.550312e-01
4.065562e-01
4.572039e-01
5.068263e-01
5.553513e-01
6.025479e-01
6.484365e-01
6.928649e-01
7.357038e-01
7.768228e-01
8.163722e-01
8.540022e-01
8.897662e-01
9.233592e-01
9.550725e-01
9.845688e-01
1.011903e+00
1.036851e+00
1.059698e+00
1.079936e+00
1.097886e+00
1.113370e+00
1.126388e+00
1.136836e+00
1.144706e+00
1.150194e+00
1.152796e+00
1.153122e+00
1.150661e+00
1.145766e+00
1.138310e+00
1.128251e+00
1.115707e+00
1.100628e+00
1.083108e+00
1.063143e+00
1.040947e+00
1.016229e+00
9.894273e-01
9.604119e-01
9.292019e-01
8.959277e-01
8.606458e-01
8.233712e-01
7.843469e-01
7.436610e-01
7.011906e-01
6.571574e-01
6.118081e-01
5.650347e-01
5.169701e-01
4.677460e-01
4.175992e-01
3.664184e-01
3.144839e-01
2.618796e-01
2.086259e-01
1.549267e-01
1.009125e-01
4.667524e-02
-7.647167e-03
-6.192608e-02
-1.159689e-01
-1.698054e-01
-2.232877e-01
-2.761654e-01
-3.284603e-01
-3.799959e-01
-4.307299e-01
-4.804666e-01
-5.291041e-01
-5.765101e-01
-6.226522e-01
-6.674248e-01
-7.106987e-01
-7.523222e-01
-7.923035e-01
-8.303970e-01
-8.667594e-01
-9.011366e-01
-9.334533e-01
-9.637449e-01
-9.918171e-01
-1.017711e+00
-1.041298e+00
-1.062513e+00
-1.081516e+00
-1.097819e+00
-1.111883e+00
-1.123402e+00
-1.132424e+00
-1.138899e+00
-1.142829e+00
-1.144214e+00
-1.142974e+00
-1.139192e+00
-1.132948e+00
-1.124147e+00
-1.112851e+00
-1.098932e+00
-1.082673e+00
-1.064113e+00
-1.042920e+00
-1.019559e+00
-9.939036e-01
-9.660732e-01
-9.360083e-01
-9.038793e-01
-8.697693e-01
-8.337816e-01
-7.958583e-01
-7.561026e-01
-7.147612e-01
-6.717676e-01
-6.273355e-01
-5.816264e-01
-5.344417e-01
-4.860266e-01
-4.367087e-01
-3.863699e-01
-3.351792e-01
-2.832316e-01
-2.307025e-01
-1.776247e-01
-1.242175e-01
-7.040650e-02
-1.655882e-02
3.735536e-02
9.103713e-02
1.446325e-01
1.978129e-01
2.506080e-01
3.028289e-01
3.542856e-01
4.050413e-01
4.547712e-01
5.035287e-01
5.511900e-01
5.975838e-01
6.426975e-01
6.862144e-01
7.282716e-01
7.686449e-01
8.074071e-01
8.442846e-01
8.792800e-01
9.123193e-01
9.432491e-01
9.720837e-01
9.988460e-01
1.023263e+00
1.045363e+00
1.065205e+00
1.082614e+00
1.097643e+00
1.110133e+00
1.120200e+00
1.127862e+00
1.132814e+00
1.135382e+00
1.135303e+00
1.132781e+00
1.127718e+00
1.120073e+00
1.109897e+00
1.097353e+00
1.082298e+00
1.064871e+00
1.044965e+00
1.022897e+00
9.983439e-01
9.717245e-01
9.429217e-01
9.119770e-01
8.789892e-01
8.440758e-01
8.073816e-01
7.687002e-01
7.284319e-01
6.865356e-01
6.430461e-01
5.982766e-01
5.520164e-01
5.045545e-01
4.560612e-01
4.065531e-01
3.561491e-01
3.048763e-01
2.529580e-01
2.005283e-01
1.475952e-01
9.448137e-02
4.107051e-02
-1.245966e-02
-6.579658e-02
-1.190397e-01
-1.719820e-01
-2.245982e-01
-2.766992e-01
-3.280850e-01
-3.787966e-01
-4.285769e-01
-4.775052e-01
-5.252473e-01
-5.718399e-01
-6.171829e-01
-6.610347e-01
-7.035505e-01
-7.443837e-01
-7.835031e-01
-8.209889e-01
-8.565373e-01
-8.902372e-01
-9.218561e-01
-9.514791e-01
-9.789572e-01
-1.004111e+00
-1.027165e+00
-1.047892e+00
-1.066282e+00
-1.082251e+00
-1.095780e+00
-1.106959e+00
-1.115505e+00
-1.121718e+00
-1.125274e+00
-1.126472e+00
-1.125026e+00
-1.121011e+00
-1.114668e+00
-1.105714e+00
-1.094368e+00
-1.080494e+00
-1.064290e+00
-1.045750e+00
-1.024777e+00
-1.001489e+00
-9.761282e-01
-9.484052e-01
-9.187157e-01
-8.868408e-01
-8.531142e-01
-8.175211e-01
-7.799315e-01
-7.407232e-01
-6.998795e-01
-6.574475e-01
-6.135305e-01
-5.683348e-01
-5.218509e-01
-4.741498e-01
-4.252849e-01
-3.757880e-01
-3.253348e-01
-2.741292e-01
-2.223513e-01
-1.700614e-01
-1.174247e-01
-6.437799e-02
-1.147230e-02
4.165335e-02
9.454040e-02
1.471913e-01
1.996335e-01
2.514847e-01
3.028494e-01
3.534076e-01
4.032860e-01
4.521596e-01
5.000925e-01
5.468833e-01
5.923854e-01
6.365976e-01
6.795036e-01
7.205996e-01
7.602733e-01
7.982469e-01
8.343937e-01
8.686204e-01
9.009657e-01
9.312717e-01
9.594656e-01
9.855357e-01
1.009376e+00
1.030929e+00
1.050244e+00
1.067111e+00
1.081632e+00
1.093820e+00
1.103528e+00
1.110682e+00
1.115533e+00
1.117600e+00
1.117454e+00
1.114696e+00
1.109508e+00
1.101713e+00
1.091524e+00
1.078984e+00
1.063875e+00
1.046519e+00
1.026737e+00
1.004754e+00
9.805504e-01
9.539839e-01
9.255004e-01
8.947993e-01
8.622005e-01
8.276860e-01
7.912739e-01
7.531909e-01
7.133812e-01
6.719179e-01
6.290231e-01
5.847451e-01
5.391690e-01
4.923950e-01
4.445348e-01
3.956773e-01
3.460146e-01
2.954949e-01
2.442781e-01
1.926294e-01
1.405545e-01
8.820681e-02
3.561739e-02
-1.704286e-02
-6.954528e-02
-1.219439e-01
-1.741438e-01
-2.258465e-01
-2.770602e-01
-3.275171e-01
-3.774595e-01
-4.263344e-01
-4.744008e-01
-5.213165e-01
-5.670703e-01
-6.114185e-01
-6.546452e-01
-6.962818e-01
-7.363475e-01
-7.747151e-01
-8.114534e-01
-8.462730e-01
-8.792303e-01
-9.101862e-01
-9.391344e-01
-9.660005e-01
-9.906197e-01
-1.012980e+00
-1.033315e+00
-1.051160e+00
-1.066653e+00
-1.079802e+00
-1.090511e+00
-1.098790e+00
-1.104562e+00
-1.107877e+00
-1.108840e+00
-1.107088e+00
-1.103082e+00
-1.096539e+00
-1.087478e+00
-1.076118e+00
-1.062272e+00
-1.046012e+00
-1.027557e+00
-1.006703e+00
-9.836268e-01
-9.583732e-01
-9.309666e-01
-9.015293e-01
-8.699520e-01
-8.366262e-01
-8.014040e-01
-7.642686e-01
-7.254518e-01
-6.851009e-01
-6.432505e-01
-5.999189e-01
-5.553035e-01
-5.093739e-01
-4.624159e-01
-4.142699e-01
-3.652974e-01
-3.156185e-01
-2.651399e-01
-2.141356e-01
-1.626217e-01
-1.107761e-01
-5.866701e-02
-6.416859e-03
4.573387e-02
9.788398e-02
1.497023e-01
2.011602e-01
2.521912e-01
3.027121e-01
3.524407e-01
4.014728e-01
4.494604e-01
4.965905e-01
5.424934e-01
5.872554e-01
6.306641e-01
6.726437e-01
7.130605e-01
7.519681e-01
7.891022e-01
8.245462e-01
8.580311e-01
8.897625e-01
9.193576e-01
9.469407e-01
9.723975e-01
9.957565e-01
1.016729e+00
1.035476e+00
1.051906e+00
1.066084e+00
1.077840e+00
1.087127e+00
1.093982e+00
1.098444e+00
1.100364e+00
1.099927e+00
1.096951e+00
1.091577e+00
1.083745e+00
1.073442e+00
1.060850e+00
1.045916e+00
1.028555e+00
1.008892e+00
9.870363e-01
9.629831e-01
9.367384e-01
9.083917e-01
8.780018e-01
8.458045e-01
8.115659e-01
7.755943e-01
7.379314e-01
6.986361e-01
6.576774e-01
6.153692e-01
5.715945e-01
5.266118e-01
4.804691e-01
4.332788e-01
3.851638e-01
3.360603e-01
2.862477e-01
2.359412e-01
1.849872e-01
1.337307e-01
8.213170e-02
3.027239e-02
-2.149185e-02
-7.328716e-02
-1.248171e-01
-1.761060e-01
-2.269631e-01
-2.773591e-01
-3.270038e-01
-3.760142e-01
-4.241459e-01
-4.712934e-01
-5.174492e-01
-5.622814e-01
-6.060549e-01
-6.483103e-01
-6.891777e-01
-7.284580e-01
-7.661806e-01
-8.020906e-01
-8.362745e-01
-8.685602e-01
-8.989177e-01
-9.271588e-01
-9.533743e-01
-9.775113e-01
-9.994257e-01
-1.018950e+00
-1.036389e+00
-1.051418e+00
-1.064174e+00
-1.074540e+00
-1.082494e+00
-1.087972e+00
-1.091089e+00
-1.091610e+00
-1.089851e+00
-1.085601e+00
-1.078889e+00
-1.069825e+00
-1.058315e+00
-1.044618e+00
-1.028414e+00
-1.009930e+00
-9.892315e-01
-9.663224e-01
-9.412527e-01
-9.140585e-01
-8.850301e-01
-8.536828e-01
-8.207360e-01
-7.858040e-01
-7.490278e-01
-7.107646e-01
-6.708933e-01
-6.294991e-01
-5.867745e-01
-5.426922e-01
-4.973796e-01
-4.509970e-01
-4.035936e-01
-3.553015e-01
-3.062651e-01
-2.565650e-01
-2.062206e-01
-1.554586e-01
-1.044158e-01
-5.304115e-02
-1.691983e-03
4.975039e-02
1.010026e-01
1.520455e-01
2.027335e-01
2.529685e-01
3.026040e-01
3.515764e-01
3.997150e-01
4.469507e-01
4.932133e-01
5.383625e-01
5.823112e-01
6.249426e-01
6.660771e-01
7.058359e-01
7.439381e-01
7.803956e-01
8.151331e-01
8.479643e-01
8.789426e-01
9.080605e-01
9.348905e-01
9.599223e-01
9.825811e-01
1.003094e+00
1.021341e+00
1.037452e+00
1.051074e+00
1.062377e+00
1.071460e+00
1.077908e+00
1.082094e+00
1.083842e+00
1.083107e+00
1.080010e+00
1.074497e+00
1.066560e+00
1.056350e+00
1.043653e+00
1.028693e+00
1.011372e+00
9.917953e-01
9.700183e-01
9.461099e-01
9.201274e-01
8.920938e-01
8.620091e-01
8.300460e-01
7.961920e-01
7.606057e-01
7.233640e-01
6.844571e-01
6.440005e-01
6.022105e-01
5.590236e-01
5.146313e-01
4.690422e-01
4.224583e-01
3.749224e-01
3.265496e-01
2.774535e-01
2.278411e-01
1.776060e-01
1.270025e-01
7.613986e-02
2.512623e-02
-2.592033e-02
-7.681342e-02
-1.275766e-01
-1.780161e-01
-2.281524e-01
-2.777126e-01
-3.266552e-01
-3.748031e-01
-4.221091e-01
-4.684444e-01
-5.138838e-01
-5.580387e-01
-6.009361e-01
-6.423744e-01
-6.825781e-01
-7.211489e-01
-7.581165e-01
-7.934400e-01
-8.268316e-01
-8.585425e-01
-8.881842e-01
-9.159077e-01
-9.415410e-01
-9.650834e-01
-9.864646e-01
-1.005672e+00
-1.022504e+00
-1.037200e+00
-1.049515e+00
-1.059506e+00
-1.067057e+00
-1.072313e+00
-1.075130e+00
-1.075482e+00
-1.073425e+00
-1.069140e+00
-1.062339e+00
-1.053217e+00
-1.041699e+00
-1.027821e+00
-1.011735e+00
-9.933320e-01
-9.727920e-01
-9.498549e-01
-9.251369e-01
-8.981602e-01
-8.692151e-01
-8.382946e-01
-8.055834e-01
-7.709633e-01
-7.347456e-01
-6.968515e-01
-6.574475e-01
-6.165249e-01
-5.742471e-01
-5.306346e-01
-4.858731e-01
-4.401759e-01
-3.933907e-01
-3.457393e-01
-2.973118e-01
-2.482828e-01
-1.986784e-01
-1.485447e-01
-9.820336e-02
-4.759549e-02
3.022330e-03
5.362399e-02
1.042269e-01
1.544253e-01
2.044019e-01
2.537950e-01
3.026500e-01
3.508587e-01
3.981734e-01
4.447734e-01
4.901637e-01
5.345610e-01
5.777820e-01
6.196100e-01
6.601685e-01
6.991910e-01
7.366147e-01
7.724092e-01
8.064104e-01
8.387184e-01
8.689684e-01
8.975258e-01
9.238699e-01
9.482412e-01
9.704451e-01
9.904413e-01
1.008343e+00
1.023941e+00
1.037173e+00
1.048143e+00
1.056811e+00
1.063039e+00
1.066954e+00
1.068361e+00
1.067516e+00
1.064201e+00
1.058591e+00
1.050528e+00
1.040163e+00
1.027573e+00
1.012499e+00
9.952942e-01
9.758709e-01
9.542386e-01
9.305608e-01
9.046405e-01
8.767672e-01
8.469596e-01
8.152972e-01
7.818446e-01
7.465541e-01
7.097710e-01
6.711412e-01
6.311873e-01
5.898279e-01
5.471486e-01
5.033746e-01
4.582757e-01
4.121927e-01
3.652838e-01
3.175236e-01
2.690949e-01
2.200442e-01
1.704547e-01
1.205912e-01
7.053388e-02
2.014224e-02
-3.012637e-02
-8.031482e-02
-1.304039e-01
-1.801400e-01
-2.294672e-01
-2.783035e-01
-3.264570e-01
-3.739003e-01
-4.204916e-01
-4.661857e-01
-5.107154e-01
-5.541670e-01
-5.963118e-01
-6.372233e-01
-6.766820e-01
-7.145425e-01
-7.507943e-01
-7.855107e-01
-8.183288e-01
-8.493388e-01
-8.784641e-01
-9.056055e-01
-9.307615e-01
-9.538130e-01
-9.746363e-01
-9.934183e-01
-1.009882e+00
-1.024080e+00
-1.036091e+00
-1.045743e+00
-1.052991e+00
-1.057935e+00
-1.060509e+00
-1.060717e+00
-1.058489e+00
-1.054044e+00
-1.047031e+00
-1.037853e+00
-1.026334e+00
-1.012440e+00
-9.963220e-01
-9.779724e-01
-9.574660e-01
-9.348930e-01
-9.101066e-01
-8.834786e-01
-8.546968e-01
-8.240796e-01
-7.916324e-01
-7.573566e-01
-7.214782e-01
-6.838917e-01
-6.448941e-01
-6.044629e-01
-5.625735e-01
-5.195202e-01
-4.752888e-01
-4.300737e-01
-3.838465e-01
-3.367363e-01
-2.888960e-01
-2.404144e-01
-1.914799e-01
-1.420918e-01
-9.227428e-02
-4.239961e-02
7.609263e-03
5.756160e-02
1.073928e-01
1.569922e-01
2.061404e-01
2.549035e-01
3.030396e-01
3.505381e-01
3.971810e-01
4.429770e-01
4.877944e-01
5.315126e-01
5.740470e-01
6.152070e-01
6.550261e-01
6.933346e-01
7.301867e-01
7.654002e-01
7.988018e-01
8.304424e-01
8.602730e-01
8.881612e-01
9.141865e-01
9.378731e-01
9.596874e-01
9.792282e-01
9.966364e-01
1.011742e+00
1.024675e+00
1.035317e+00
1.043684e+00
1.049553e+00
1.053258e+00
1.054560e+00
1.053467e+00
1.049930e+00
1.044207e+00
1.036134e+00
1.025688e+00
1.012968e+00
9.979058e-01
9.808307e-01
9.614477e-01
9.398913e-01
9.161706e-01
8.905323e-01
8.628846e-01
8.333168e-01
8.018458e-01
7.687040e-01
7.336626e-01
6.971380e-01
6.590656e-01
6.194391e-01
5.784519e-01
5.363145e-01
4.927939e-01
4.482848e-01
4.027354e-01
3.563094e-01
3.090712e-01
2.611899e-01
2.128357e-01
1.638309e-01
1.146491e-01
6.503540e-02
1.536765e-02
-3.431749e-02
-8.393366e-02
-1.332988e-01
-1.824067e-01
-2.310424e-01
-2.791741e-01
-3.267168e-01
-3.734330e-01
-4.194123e-01
-4.644683e-01
-5.082343e-01
-5.511459e-01
-5.926756e-01
-6.329321e-01
-6.717359e-01
-7.089589e-01
-7.447061e-01
-7.788291e-01
-8.110818e-01
-8.415953e-01
-8.701403e-01
-8.967827e-01
-9.213869e-01
-9.439799e-01
-9.644489e-01
-9.827644e-01
-9.988652e-01
-1.012699e+00
-1.024340e+00
-1.033605e+00
-1.040605e+00
-1.045230e+00
-1.047570e+00
-1.047602e+00
-1.045220e+00
-1.040524e+00
-1.033542e+00
-1.024233e+00
-1.012638e+00
-9.987832e-01
-9.826904e-01
-9.643806e-01
-9.440016e-01
-9.213894e-01
-8.967876e-01
-8.701894e-01
-8.416450e-01
-8.111906e-01
-7.790106e-01
-7.449932e-01
-7.094305e-01
-6.722286e-01
-6.335473e-01
-5.934417e-01
-5.520121e-01
-5.092931e-01
-4.655687e-01
-4.207669e-01
-3.750548e-01
-3.284274e-01
-2.810817e-01
-2.331910e-01
-1.847865e-01
-1.358675e-01
-8.671677e-02
-3.734355e-02
1.209491e-02
6.144514e-02
1.105785e-01
1.596274e-01
2.081599e-01
2.562257e-01
3.038038e-01
3.506630e-01
3.967554e-01
4.419158e-01
4.860577e-01
5.291886e-01
5.710241e-01
6.117423e-01
6.508940e-01
6.887098e-01
7.250088e-01
7.595525e-01
7.924644e-01
8.236310e-01
8.528775e-01
8.803804e-01
9.057142e-01
9.291727e-01
9.504210e-01
9.696753e-01
9.866491e-01
1.001423e+00
1.014082e+00
1.024387e+00
1.032378e+00
1.038062e+00
1.041428e+00
1.042482e+00
1.041264e+00
1.037643e+00
1.031684e+00
1.023460e+00
1.012991e+00
1.000277e+00
9.852765e-01
9.680044e-01
9.486320e-01
9.272353e-01
9.036450e-01
8.780509e-01
8.506499e-01
8.211679e-01
7.900336e-01
7.569309e-01
7.222996e-01
6.859111e-01
6.481854e-01
6.089449e-01
5.682540e-01
5.264149e-01
4.833933e-01
4.392718e-01
3.941929e-01
3.481769e-01
3.014016e-01
2.539696e-01
2.060541e-01
1.577036e-01
1.088238e-01
5.983394e-02
1.069249e-02
-3.845828e-02
-8.746676e-02
-1.362957e-01
-1.847940e-01
-2.329636e-01
-2.804839e-01
-3.274189e-01
-3.736176e-01
-4.190314e-01
-4.633821e-01
-5.067486e-01
-5.490221e-01
-5.899621e-01
-6.296793e-01
-6.679828e-01
-7.047000e-01
-7.399434e-01
-7.734587e-01
-8.053143e-01
-8.353009e-01
-8.634289e-01
-8.896401e-01
-9.138255e-01
-9.359027e-01
-9.560058e-01
-9.738254e-01
-9.896951e-01
-1.003296e+00
-1.014416e+00
-1.023486e+00
-1.030224e+00
-1.034620e+00
-1.036797e+00
-1.036535e+00
-1.034010e+00
-1.029195e+00
-1.022051e+00
-1.012683e+00
-1.001005e+00
-9.870810e-01
-9.709056e-01
-9.526454e-01
-9.323093e-01
-9.096984e-01
-8.852582e-01
-8.587767e-01
-8.302982e-01
-8.001296e-01
-7.679708e-01
-7.342386e-01
-6.989176e-01
-6.619208e-01
-6.235308e-01
-5.836788e-01
-5.426139e-01
-5.001111e-01
-4.567739e-01
-4.124698e-01
-3.670193e-01
-3.209051e-01
-2.739422e-01
-2.265058e-01
-1.784113e-01
-1.300379e-01
-8.139476e-02
-3.248197e-02
1.640534e-02
6.525350e-02
1.139407e-01
1.623775e-01
2.105236e-01
2.580669e-01
3.050752e-01
3.514621e-01
3.970263e-01
4.416834e-01
4.852468e-01
5.279565e-01
5.692221e-01
6.093313e-01
6.481587e-01
6.853277e-01
7.211955e-01
7.552731e-01
7.878036e-01
8.184568e-01
8.472466e-01
8.742842e-01
8.992924e-01
9.222830e-01
9.432106e-01
9.619827e-01
9.787075e-01
9.931816e-01
1.005470e+00
1.015362e+00
1.023205e+00
1.028634e+00
1.031795e+00
1.032661e+00
1.031311e+00
1.027497e+00
1.021373e+00
1.013025e+00
1.002469e+00
9.896659e-01
9.746667e-01
9.573380e-01
9.380620e-01
9.165745e-01
8.931265e-01
8.675399e-01
8.402177e-01
8.108544e-01
7.797761e-01
7.468815e-01
7.123764e-01
6.763371e-01
6.387438e-01
5.997126e-01
5.594673e-01
5.177785e-01
4.749775e-01
4.312202e-01
3.864805e-01
3.408218e-01
2.944541e-01
2.473663e-01
1.997770e-01
1.517634e-01
1.034837e-01
5.482075e-02
6.163342e-03
-4.252016e-02
-9.110983e-02
-1.395218e-01
-1.875864e-01
-2.351869e-01
-2.823157e-01
-3.288512e-01
-3.744601e-01
-4.194092e-01
-4.632920e-01
-5.062577e-01
-5.480266e-01
-5.885454e-01
-6.278344e-01
-6.655812e-01
-7.019101e-01
-7.366358e-01
-7.697957e-01
-8.011313e-01
-8.307928e-01
-8.585226e-01
-8.842783e-01
-9.080897e-01
-9.299960e-01
-9.496952e-01
-9.672519e-01
-9.826500e-01
-9.958317e-01
-1.006863e+00
-1.015613e+00
-1.022135e+00
-1.026249e+00
-1.028247e+00
-1.027787e+00
-1.025152e+00
-1.020178e+00
-1.012824e+00
-1.003376e+00
-9.915729e-01
-9.775554e-01
-9.613875e-01
-9.430627e-01
-9.226726e-01
-9.001859e-01
-8.757289e-01
-8.493071e-01
-8.209491e-01
-7.908837e-01
-7.587826e-01
-7.252306e-01
-6.899531e-01
-6.531440e-01
-6.149696e-01
-5.753221e-01
-5.344833e-01
-4.923478e-01
-4.491304e-01
-4.050345e-01
-3.600015e-01
-3.141235e-01
-2.674899e-01
-2.202995e-01
-1.726873e-01
-1.246282e-01
-7.628401e-02
-2.783974e-02
2.081642e-02
6.919670e-02
1.175701e-01
1.656211e-01
2.132203e-01
2.604455e-01
3.069952e-01
3.529043e-01
3.981075e-01
4.422867e-01
4.855637e-01
5.276054e-01
5.686523e-01
6.084130e-01
6.467240e-01
6.836003e-01
7.189275e-01
7.526621e-01
7.847812e-01
8.150729e-01
8.435613e-01
8.702012e-01
8.949111e-01
9.174754e-01
9.380769e-01
9.566477e-01
9.729362e-01
9.871817e-01
9.991778e-01
1.008900e+00
1.016421e+00
1.021626e+00
1.024595e+00
1.025196e+00
1.023708e+00
1.019644e+00
1.013448e+00
1.005059e+00
9.943038e-01
9.814234e-01
9.662242e-01
9.489930e-01
9.296381e-01
9.081245e-01
8.846095e-01
8.591744e-01
8.317566e-01
8.025573e-01
7.714610e-01
7.387267e-01
7.043396e-01
6.683339e-01
6.309071e-01
5.920586e-01
5.518704e-01
5.104060e-01
4.679206e-01
4.242938e-01
3.797318e-01
3.343049e-01
2.882237e-01
2.414403e-01
1.941325e-01
1.463488e-01
9.836368e-02
5.007599e-02
1.612448e-03
-4.666033e-02
-9.501388e-02
-1.430313e-01
-1.907554e-01
-2.379290e-01
-2.847384e-01
-3.308401e-01
-3.762472e-01
-4.208166e-01
-4.643384e-01
-5.068940e-01
-5.483007e-01
-5.885261e-01
-6.273821e-01
-6.648132e-01
-7.007705e-01
-7.351477e-01
-7.679304e-01
-7.989217e-01
-8.282434e-01
-8.555705e-01
-8.811261e-01
-9.046069e-01
-9.261827e-01
-9.454699e-01
-9.628843e-01
-9.780351e-01
-9.909701e-01
-1.001725e+00
-1.010237e+00
-1.016452e+00
-1.020434e+00
-1.022209e+00
-1.021588e+00
-1.018676e+00
-1.013566e+00
-1.006200e+00
-9.965295e-01
-9.846782e-01
-9.705129e-01
-9.542678e-01
-9.359661e-01
-9.154206e-01
-8.929563e-01
-8.683893e-01
-8.419775e-01
-8.136475e-01
-7.834838e-01
-7.515928e-01
-7.179929e-01
-6.827254e-01
-6.461685e-01
-6.079668e-01
-5.685044e-01
-5.276949e-01
-4.858042e-01
-4.427813e-01
-3.987171e-01
-3.539165e-01
-3.081565e-01
-2.617677e-01
-2.148414e-01
-1.673354e-01
-1.195038e-01
-7.141311e-02
-2.320123e-02
2.511069e-02
7.332071e-02
1.212474e-01
1.690902e-01
2.164589e-01
2.633796e-01
3.096876e-01
3.552394e-01
4.001238e-01
4.440228e-01
4.870295e-01
5.287935e-01
5.694893e-01
6.089567e-01
6.468781e-01
6.834455e-01
7.184621e-01
7.518991e-01
7.838330e-01
8.137233e-01
8.419930e-01
8.682849e-01
8.926655e-01
9.150179e-01
9.353547e-01
9.536353e-01
9.697511e-01
9.837374e-01
9.954359e-01
1.004981e+00
1.012245e+00
1.017267e+00
1.019958e+00
1.020424e+00
1.018605e+00
1.014500e+00
1.008139e+00
9.996152e-01
9.886835e-01
9.756292e-01
9.604455e-01
9.430317e-01
9.235412e-01
9.020786e-01
8.783573e-01
8.529446e-01
8.255678e-01
7.962765e-01
7.651945e-01
7.324950e-01
6.981123e-01
6.621240e-01
6.247512e-01
5.860052e-01
5.457692e-01
5.044551e-01
4.619884e-01
4.184716e-01
3.740426e-01
3.287517e-01
2.827612e-01
2.361662e-01
1.890149e-01
1.414735e-01
9.351515e-02
4.542940e-02
-2.777512e-03
-5.094404e-02
-9.896702e-02
-1.467825e-01
-1.943251e-01
-2.413278e-01
-2.878633e-01
-3.337885e-01
-3.789153e-01
-4.231554e-01
-4.664796e-01
-5.088016e-01
-5.499976e-01
-5.899428e-01
-6.284819e-01
-6.656272e-01
-7.014621e-01
-7.355404e-01
-7.680528e-01
-7.987390e-01
-8.278855e-01
-8.549143e-01
-8.802201e-01
-9.034319e-01
-9.247367e-01
-9.438668e-01
-9.609463e-01
-9.759138e-01
-9.885996e-01
-9.991591e-01
-1.007474e+00
-1.013457e+00
-1.017289e+00
-1.018759e+00
-1.018034e+00
-1.014952e+00
-1.009615e+00
-1.002111e+00
-9.922533e-01
-9.802230e-01
-9.660104e-01
-9.496529e-01
-9.311716e-01
-9.106050e-01
-8.879207e-01
-8.634445e-01
-8.367928e-01
-8.085392e-01
-7.782966e-01
-7.463260e-01
-7.127380e-01
-6.775276e-01
-6.407819e-01
-6.026523e-01
-5.631122e-01
-5.224027e-01
-4.804567e-01
-4.375357e-01
-3.935286e-01
-3.486759e-01
-3.030265e-01
-2.567632e-01
-2.099550e-01
-1.625932e-01
-1.147734e-01
-6.688210e-02
-1.866898e-02
2.938259e-02
7.747890e-02
1.254043e-01
1.729750e-01
2.202753e-01
2.669226e-01
3.130293e-01
3.586010e-01
4.031574e-01
4.469258e-01
4.896684e-01
5.312715e-01
5.717958e-01
6.109873e-01
6.487733e-01
6.851574e-01
7.199161e-01
7.532381e-01
7.847216e-01
8.146112e-01
8.425746e-01
8.686931e-01
8.927941e-01
9.149570e-01
9.351310e-01
9.531463e-01
9.690278e-01
9.827265e-01
9.942851e-01
1.003610e+00
1.010599e+00
1.015549e+00
1.018003e+00
1.018376e+00
1.016337e+00
1.012068e+00
1.005507e+00
9.967445e-01
9.857780e-01
9.725404e-01
9.572063e-01
9.396483e-01
9.200522e-01
8.983529e-01
8.746924e-01
8.490213e-01
8.215780e-01
7.921519e-01
7.609661e-01
7.281306e-01
6.936490e-01
6.577079e-01
6.202407e-01
5.813816e-01
5.412680e-01
4.998626e-01
4.573244e-01
4.137616e-01
3.694264e-01
3.240964e-01
2.781420e-01
2.314829e-01
1.843044e-01
1.368176e-01
8.904192e-02
4.100465e-02
-7.114033e-03
-5.528615e-02
-1.032352e-01
-1.509910e-01
-1.983895e-01
-2.454022e-01
-2.918301e-01
-3.375894e-01
-3.825435e-01
-4.267563e-01
-4.698953e-01
-5.121054e-01
-5.530958e-01
-5.929043e-01
-6.313458e-01
-6.683215e-01
-7.038916e-01
-7.379258e-01
-7.702673e-01
-8.008374e-01
-8.296110e-01
-8.566262e-01
-8.816120e-01
-9.047604e-01
-9.258235e-01
-9.448492e-01
-9.616466e-01
-9.764606e-01
-9.890352e-01
-9.992436e-01
-1.007334e+00
-1.013258e+00
-1.016784e+00
-1.018178e+00
-1.017250e+00
-1.013950e+00
-1.008472e+00
-1.000714e+00
-9.907520e-01
-9.784931e-01
-9.641271e-01
-9.476198e-01
-9.289608e-01
-9.082630e-01
-8.853818e-01
-8.606477e-01
-8.340824e-01
-8.054895e-01
-7.751966e-01
-7.430216e-01
-7.093118e-01
-6.740014e-01
-6.372419e-01
-5.989353e-01
-5.593815e-01
-5.185807e-01
-4.765327e-01
-4.334502e-01
-3.893673e-01
-3.444997e-01
-2.988298e-01
-2.524721e-01
-2.055470e-01
-1.581933e-01
-1.105008e-01
-6.246108e-02
-1.437036e-02
3.380113e-02
8.182723e-02
1.297291e-01
1.773165e-01
2.245627e-01
2.712591e-01
3.173354e-01
3.627169e-01
4.073292e-01
4.509685e-01
4.936937e-01
5.352799e-01
5.756651e-01
6.146776e-01
6.524051e-01
6.886744e-01
7.233765e-01
7.565488e-01
7.879191e-01
8.175751e-01
8.454590e-01
8.713402e-01
8.954119e-01
9.174220e-01
9.373393e-01
9.553266e-01
9.710205e-01
9.844414e-01
9.959187e-01
1.005063e+00
1.011896e+00
1.016590e+00
1.018911e+00
1.018971e+00
1.016841e+00
1.012328e+00
1.005560e+00
9.966712e-01
9.854748e-01
9.720389e-01
9.565010e-01
9.387641e-01
9.189673e-01
8.971549e-01
8.732391e-01
8.474362e-01
8.196611e-01
7.902449e-01
7.588708e-01
7.258365e-01
6.912723e-01
6.550634e-01
6.175042e-01
5.783487e-01
5.380767e-01
4.966054e-01
4.539516e-01
4.102689e-01
3.657268e-01
3.203689e-01
2.742255e-01
2.275049e-01
1.803214e-01
1.327073e-01
8.470727e-02
3.658921e-02
-1.165001e-02
-5.977863e-02
-1.078227e-01
-1.556177e-01
-2.030274e-01
-2.499984e-01
-2.964394e-01
-3.422646e-01
-3.872236e-01
-4.314532e-01
-4.745649e-01
-5.167228e-01
-5.576870e-01
-5.974371e-01
-6.358656e-01
-6.729277e-01
-7.083083e-01
-7.422573e-01
-7.744609e-01
-8.050415e-01
-8.337847e-01
-8.605663e-01
-8.855695e-01
-9.085159e-01
-9.294610e-01
-9.482729e-01
-9.650162e-01
-9.796513e-01
-9.919562e-01
-1.002183e+00
-1.010132e+00
-1.015747e+00
-1.019214e+00
-1.020333e+00
-1.019205e+00
-1.015724e+00
-1.010007e+00
-1.002083e+00
-9.918991e-01
-9.794922e-01
-9.648447e-01
-9.481312e-01
-9.292242e-01
-9.082568e-01
-8.853607e-01
-8.603569e-01
-8.334399e-01
-8.047426e-01
-7.741558e-01
-7.418553e-01
-7.078901e-01
-6.723759e-01
-6.353269e-01
-5.969052e-01
-5.571098e-01
-5.160244e-01
-4.737260e-01
-4.305360e-01
-3.863705e-01
-3.412704e-01
-2.953613e-01
-2.488899e-01
-2.018076e-01
-1.541898e-01
-1.063377e-01
-5.820595e-02
-9.918264e-03
3.833214e-02
8.654838e-02
1.345322e-01
1.822159e-01
2.295368e-01
2.762679e-01
3.224591e-01
3.679476e-01
4.125947e-01
4.562569e-01
4.990380e-01
5.405882e-01
5.809840e-01
6.200897e-01
6.577439e-01
6.940778e-01
7.287438e-01
7.618055e-01
7.932312e-01
8.228188e-01
8.506027e-01
8.764652e-01
9.004046e-01
9.223028e-01
9.422158e-01
9.598142e-01
9.755708e-01
9.889625e-01
1.000183e+00
1.009149e+00
1.015940e+00
1.020292e+00
1.022534e+00
1.022449e+00
1.019999e+00
1.015415e+00
1.008483e+00
9.992573e-01
9.878490e-01
9.742547e-01
9.583707e-01
9.404368e-01
9.204164e-01
8.982938e-01
8.741276e-01
8.480793e-01
8.200935e-01
7.903201e-01
7.587664e-01
7.254910e-01
6.906093e-01
6.541736e-01
6.161999e-01
5.770035e-01
5.363984e-01
4.945804e-01
4.517278e-01
4.078213e-01
3.630481e-01
3.173813e-01
2.710503e-01
2.240799e-01
1.766149e-01
1.287740e-01
8.060438e-02
3.227630e-02
-1.609465e-02
-6.447244e-02
-1.126992e-01
-1.606371e-01
-2.082574e-01
-2.553894e-01
-3.019814e-01
-3.479097e-01
-3.930042e-01
-4.372530e-01
-4.806077e-01
-5.227494e-01
-5.638653e-01
-6.037173e-01
-6.420979e-01
-6.791581e-01
-7.147258e-01
-7.486058e-01
-7.808679e-01
-8.113335e-01
-8.400469e-01
-8.668657e-01
-8.917278e-01
-9.146439e-01
-9.354764e-01
-9.542442e-01
-9.709913e-01
-9.853468e-01
-9.977194e-01
-1.007697e+00
-1.015487e+00
-1.021011e+00
-1.024254e+00
-1.025170e+00
-1.023808e+00
-1.020200e+00
-1.014246e+00
-1.006049e+00
-9.956627e-01
-9.829862e-01
-9.681510e-01
-9.511013e-01
-9.320776e-01
-9.107616e-01
-8.875566e-01
-8.622346e-01
-8.350635e-01
-8.059500e-01
-7.751426e-01
-7.426028e-01
-7.083102e-01
-6.724380e-01
-6.350597e-01
-5.963398e-01
-5.562542e-01
-5.148034e-01
-4.722869e-01
-4.288490e-01
-3.842342e-01
-3.388471e-01
-2.927131e-01
-2.458551e-01
-1.985591e-01
-1.506822e-01
-1.024790e-01
-5.412668e-02
-5.559373e-03
4.300048e-02
9.143792e-02
1.396871e-01
1.875889e-01
2.351707e-01
2.821107e-01
3.285026e-01
3.741613e-01
4.190004e-01
4.628577e-01
5.056960e-01
5.475047e-01
5.878693e-01
6.271472e-01
6.649791e-01
7.012552e-01
7.361238e-01
7.692209e-01
8.006528e-01
8.302796e-01
8.580566e-01
8.838458e-01
9.077778e-01
9.295933e-01
9.494647e-01
9.670854e-01
9.826388e-01
9.959939e-01
1.007077e+00
1.015950e+00
1.022459e+00
1.026856e+00
1.028762e+00
1.028544e+00
1.025934e+00
1.021026e+00
1.013807e+00
1.004415e+00
9.927746e-01
9.788591e-01
9.627234e-01
9.445534e-01
9.241930e-01
9.017952e-01
8.772562e-01
8.509500e-01
8.225983e-01
7.924818e-01
7.606156e-01
7.269133e-01
6.917240e-01
6.548689e-01
6.166442e-01
5.769979e-01
5.360075e-01
4.938782e-01
4.506373e-01
4.064469e-01
3.611734e-01
3.151488e-01
2.684226e-01
2.211409e-01
1.733596e-01
1.251806e-01
7.676371e-02
2.796339e-02
-2.070209e-02
-6.934645e-02
-1.178535e-01
-1.660958e-01
-2.140244e-01
-2.614322e-01
-3.083261e-01
-3.544956e-01
-3.998417e-01
-4.444006e-01
-4.877720e-01
-5.302953e-01
-5.714627e-01
-6.115335e-01
-6.500843e-01
-6.871967e-01
-7.228843e-01
-7.568321e-01
-7.892010e-01
-8.198282e-01
-8.484950e-01
-8.753878e-01
-9.003288e-01
-9.231535e-01
-9.440755e-01
-9.627035e-01
-9.792735e-01
-9.937234e-01
-1.005857e+00
-1.015786e+00
-1.023433e+00
-1.028826e+00
-1.031878e+00
-1.032605e+00
-1.031086e+00
-1.027283e+00
-1.021122e+00
-1.012673e+00
-1.001941e+00
-9.890029e-01
-9.738782e-01
-9.565663e-01
-9.370504e-01
-9.155641e-01
-8.919062e-01
-8.662182e-01
-8.387836e-01
-8.093053e-01
-7.780649e-01
-7.450672e-01
-7.104669e-01
-6.741971e-01
-6.364261e-01
-5.972439e-01
-5.567587e-01
-5.149618e-01
-4.720365e-01
-4.280052e-01
-3.831046e-01
-3.372918e-01
-2.906321e-01
-2.433535e-01
-1.955840e-01
-1.473970e-01
-9.884461e-02
-5.009090e-02
-1.087393e-03
4.777941e-02
9.662882e-02
1.452135e-01
1.934428e-01
2.413863e-01
2.886941e-01
3.354178e-01
3.814045e-01
4.263493e-01
4.705844e-01
5.137234e-01
5.556782e-01
5.963876e-01
6.358625e-01
6.738305e-01
7.103104e-01
7.453275e-01
7.784924e-01
8.099969e-01
8.397567e-01
8.676294e-01
8.935373e-01
9.174599e-01
9.393115e-01
9.591133e-01
9.767259e-01
9.921383e-01
1.005439e+00
1.016449e+00
1.025160e+00
1.031640e+00
1.035738e+00
1.037627e+00
1.037099e+00
1.034289e+00
1.029176e+00
1.021745e+00
1.011992e+00
1.000013e+00
9.858252e-01
9.694596e-01
9.508671e-01
9.302290e-01
9.074049e-01
8.825695e-01
8.558600e-01
8.270864e-01
7.965673e-01
7.641785e-01
7.301338e-01
6.944798e-01
6.571518e-01
6.185027e-01
5.783873e-01
5.369570e-01
4.942902e-01
4.506348e-01
4.059156e-01
3.602302e-01
3.138569e-01
2.665672e-01
2.187747e-01
1.705144e-01
1.218868e-01
7.292739e-02
2.383005e-02
-2.534184e-02
-7.447459e-02
-1.234464e-01
-1.720957e-01
-2.204282e-01
-2.682349e-01
-3.154172e-01
-3.619458e-01
-4.076237e-01
-4.525355e-01
-4.963432e-01
-5.390398e-01
-5.805664e-01
-6.207508e-01
-6.595981e-01
-6.970516e-01
-7.328958e-01
-7.670468e-01
-7.995089e-01
-8.303330e-01
-8.590999e-01
-8.860790e-01
-9.110232e-01
-9.339218e-01
-9.547997e-01
-9.734457e-01
-9.899424e-01
-1.004370e+00
-1.016472e+00
-1.026241e+00
-1.033771e+00
-1.039061e+00
-1.041953e+00
-1.042478e+00
-1.040791e+00
-1.036593e+00
-1.030276e+00
-1.021526e+00
-1.010488e+00
-9.973528e-01
-9.818224e-01
-9.642426e-01
-9.443514e-01
-9.223873e-01
-8.983355e-01
-8.722629e-01
-8.443703e-01
-8.144117e-01
-7.826549e-01
-7.493639e-01
-7.141796e-01
-6.774257e-01
-6.391371e-01
-5.995019e-01
-5.584768e-01
-5.161536e-01
-4.726380e-01
-4.281220e-01
-3.826939e-01
-3.363734e-01
-2.892328e-01
-2.414360e-01
-1.931992e-01
-1.444213e-01
-9.535191e-02
-4.598242e-02
3.409442e-03
5.280503e-02
1.020913e-01
1.511258e-01
1.998951e-01
2.482430e-01
2.959920e-01
3.430637e-01
3.894630e-01
4.350086e-01
4.794892e-01
5.229526e-01
5.652988e-01
6.062084e-01
6.459957e-01
6.841968e-01
7.209842e-01
7.561536e-01
7.896434e-01
8.213108e-01
8.511464e-01
8.791582e-01
9.051233e-01
9.292044e-01
9.510094e-01
9.709882e-01
9.885567e-01
1.003926e+00
1.017168e+00
1.028081e+00
1.036721e+00
1.043046e+00
1.047001e+00
1.048646e+00
1.047960e+00
1.044961e+00
1.039518e+00
1.031829e+00
1.021871e+00
1.009517e+00
9.949693e-01
9.782663e-01
9.592667e-01
9.381701e-01
9.150105e-01
8.896258e-01
8.624211e-01
8.334082e-01
8.022155e-01
7.694061e-01
7.348631e-01
6.986492e-01
6.608104e-01
6.214859e-01
5.809566e-01
5.389882e-01
4.957423e-01
4.514208e-01
4.061573e-01
3.599102e-01
3.128969e-01
2.650697e-01
2.166552e-01
1.678251e-01
1.187240e-01
6.918551e-02
1.951093e-02
-3.018602e-02
-7.990348e-02
-1.293631e-01
-1.785530e-01
-2.273129e-01
-2.756043e-01
-3.232806e-01
-3.703280e-01
-4.164683e-01
-4.617834e-01
-5.059911e-01
-5.489842e-01
-5.909010e-01
-6.314955e-01
-6.706069e-01
-7.083344e-01
-7.444029e-01
-7.788540e-01
-8.115348e-01
-8.424994e-01
-8.715005e-01
-8.985511e-01
-9.237444e-01
-9.466977e-01
-9.675402e-01
-9.863403e-01
-1.002810e+00
-1.017076e+00
-1.029163e+00
-1.038876e+00
-1.046412e+00
-1.051438e+00
-1.054204e+00
-1.054542e+00
-1.052549e+00
-1.048202e+00
-1.041480e+00
-1.032543e+00
-1.021218e+00
-1.007608e+00
-9.917966e-01
-9.736775e-01
-9.533768e-01
-9.311269e-01
-9.064642e-01
-8.801070e-01
-8.516080e-01
-8.211933e-01
-7.890009e-01
-7.549593e-01
-7.193227e-01
-6.819412e-01
-6.430573e-01
-6.028194e-01
-5.612201e-01
-5.182619e-01
-4.742250e-01
-4.291641e-01
-3.829822e-01
-3.360298e-01
-2.883274e-01
-2.399155e-01
-1.910089e-01
-1.415642e-01
-9.185548e-02
-4.197957e-02
8.056026e-03
5.805620e-02
1.078557e-01
1.575601e-01
2.068538e-01
2.557473e-01
3.039561e-01
3.516609e-01
3.984294e-01
4.443726e-01
4.893640e-01
5.332543e-01
5.760087e-01
6.173799e-01
6.575178e-01
6.961364e-01
7.331680e-01
7.685840e-01
8.023125e-01
8.341675e-01
8.643044e-01
8.924710e-01
9.186299e-01
9.427390e-01
9.647733e-01
9.846272e-01
1.002305e+00
1.017677e+00
1.030934e+00
1.041832e+00
1.050292e+00
1.056414e+00
1.060366e+00
1.061710e+00
1.060880e+00
1.057611e+00
1.051940e+00
1.043903e+00
1.033583e+00
1.021012e+00
1.006082e+00
9.889289e-01
9.695330e-01
9.479187e-01
9.241893e-01
8.985306e-01
8.707219e-01
8.410193e-01
8.094638e-01
7.759901e-01
7.408313e-01
7.039712e-01
6.656539e-01
6.256690e-01
5.844270e-01
5.418049e-01
4.980656e-01
4.530376e-01
4.070291e-01
3.601140e-01
3.124179e-01
2.640115e-01
2.149831e-01
1.654987e-01
1.155513e-01
6.550764e-02
1.512284e-02
-3.522904e-02
-8.554301e-02
-1.355854e-01
-1.853700e-01
-2.347973e-01
-2.836212e-01
-3.319126e-01
-3.793994e-01
-4.261268e-01
-4.718557e-01
-5.165979e-01
-5.600607e-01
-6.024435e-01
-6.433512e-01
-6.829255e-01
-7.209668e-01
-7.574367e-01
-7.922115e-01
-8.251794e-01
-8.562708e-01
-8.855316e-01
-9.127245e-01
-9.379514e-01
-9.611321e-01
-9.821101e-01
-1.000891e+00
-1.017429e+00
-1.031798e+00
-1.043799e+00
-1.053442e+00
-1.060771e+00
-1.065721e+00
-1.068255e+00
-1.068440e+00
-1.066207e+00
-1.061616e+00
-1.054627e+00
-1.045220e+00
-1.033669e+00
-1.019693e+00
-1.003442e+00
-9.849298e-01
-9.641314e-01
-9.413943e-01
-9.162843e-01
-8.892125e-01
-8.601922e-01
-8.292519e-01
-7.964965e-01
-7.618646e-01
-7.255121e-01
-6.876305e-01
-6.481457e-01
-6.071715e-01
-5.647874e-01
-5.211917e-01
-4.764874e-01
-4.305435e-01
-3.838552e-01
-3.361485e-01
-2.876657e-01
-2.385758e-01
-1.889944e-01
-1.389272e-01
-8.850506e-02
-3.788165e-02
1.275418e-02
6.352175e-02
1.139954e-01
1.643243e-01
2.142325e-01
2.637114e-01
3.126049e-01
3.608012e-01
4.082277e-01
4.546768e-01
5.001907e-01
5.446551e-01
5.877519e-01
6.297277e-01
6.702017e-01
7.090999e-01
7.466920e-01
7.823753e-01
8.163610e-01
8.486944e-01
8.789389e-01
9.073708e-01
9.336571e-01
9.578811e-01
9.799757e-01
9.999731e-01
1.017713e+00
1.033100e+00
1.046346e+00
1.057087e+00
1.065563e+00
1.071650e+00
1.075329e+00
1.076628e+00
1.075410e+00
1.071908e+00
1.065996e+00
1.057664e+00
1.046998e+00
1.033970e+00
1.018592e+00
1.000987e+00
9.811382e-01
9.590959e-01
9.348899e-01
9.085936e-01
8.803046e-01
8.500291e-01
8.177808e-01
7.837479e-01
7.479292e-01
7.104912e-01
6.713295e-01
6.308195e-01
5.888219e-01
5.454480e-01
5.009053e-01
4.551900e-01
4.085427e-01
3.608833e-01
3.124756e-01
2.632578e-01
2.134813e-01
1.632332e-01
1.126265e-01
6.165827e-02
1.067571e-02
-4.039011e-02
-9.132048e-02
-1.421272e-01
-1.926518e-01
-2.427607e-01
-2.922607e-01
-3.411511e-01
-3.891747e-01
-4.364608e-01
-4.828639e-01
-5.281087e-01
-5.721133e-01
-6.149454e-01
-6.563664e-01
-6.963358e-01
-7.348196e-01
-7.715685e-01
-8.067546e-01
-8.400065e-01
-8.713613e-01
-9.009054e-01
-9.283394e-01
-9.537577e-01
-9.770018e-01
-9.981364e-01
-1.017031e+00
-1.033628e+00
-1.047931e+00
-1.059863e+00
-1.069471e+00
-1.076724e+00
-1.081474e+00
-1.083911e+00
-1.083812e+00
-1.081414e+00
-1.076484e+00
-1.069195e+00
-1.059629e+00
-1.047528e+00
-1.033025e+00
-1.016365e+00
-9.974411e-01
-9.762537e-01
-9.528474e-01
-9.272589e-01
-8.996633e-01
-8.700309e-01
-8.385028e-01
-8.049570e-01
-7.697392e-01
-7.326777e-01
-6.941051e-01
-6.538405e-01
-6.121474e-01
-5.691537e-01
-5.248428e-01
-4.792500e-01
-4.326220e-01
-3.850836e-01
-3.366518e-01
-2.874401e-01
-2.375630e-01
-1.872291e-01
-1.362689e-01
-8.509749e-02
-3.371787e-02
1.770089e-02
6.908423e-02
1.204179e-01
1.714178e-01
2.220356e-01
2.721526e-01
3.217582e-01
3.705207e-01
4.186375e-01
4.657806e-01
5.117991e-01
5.567724e-01
6.005502e-01
6.428411e-01
6.839035e-01
7.232354e-01
7.611152e-01
7.972813e-01
8.316416e-01
8.642224e-01
8.947843e-01
9.234294e-01
9.498760e-01
9.744312e-01
9.966028e-01
1.016766e+00
1.034446e+00
1.049883e+00
1.063044e+00
1.073827e+00
1.082166e+00
1.088180e+00
1.091633e+00
1.092705e+00
1.091406e+00
1.087624e+00
1.081330e+00
1.072610e+00
1.061611e+00
1.048188e+00
1.032472e+00
1.014316e+00
9.939918e-01
9.714430e-01
9.466200e-01
9.198304e-01
8.907852e-01
8.598753e-01
8.269863e-01
7.924247e-01
7.557665e-01
7.176673e-01
6.778010e-01
6.364801e-01
5.937661e-01
5.495763e-01
5.042401e-01
4.579104e-01
4.102764e-01
3.618371e-01
3.125906e-01
2.626370e-01
2.120298e-01
1.610714e-01
1.095644e-01
5.784618e-02
6.082564e-03
-4.582770e-02
-9.757640e-02
-1.490703e-01
-2.002915e-01
-2.510088e-01
-3.012289e-01
-3.507954e-01
-3.996622e-01
-4.475509e-01
-4.944753e-01
-5.402453e-01
-5.849501e-01
-6.282607e-01
-6.701775e-01
-7.106484e-01
-7.495913e-01
-7.867168e-01
-8.222776e-01
-8.558694e-01
-8.876144e-01
-9.173586e-01
-9.450815e-01
-9.706185e-01
-9.940596e-01
-1.015341e+00
-1.034316e+00
-1.050902e+00
-1.065203e+00
-1.077180e+00
-1.086633e+00
-1.093833e+00
-1.098423e+00
-1.100658e+00
-1.100395e+00
-1.097620e+00
-1.092484e+00
-1.084908e+00
-1.074817e+00
-1.062394e+00
-1.047498e+00
-1.030406e+00
-1.010867e+00
-9.891651e-01
-9.652082e-01
-9.391935e-01
-9.108318e-01
-8.806619e-01
-8.483545e-01
-8.142334e-01
-7.782121e-01
-7.404541e-01
-7.011315e-01
-6.601722e-01
-6.177142e-01
-5.738823e-01
-5.288146e-01
-4.824488e-01
-4.350304e-01
-3.865327e-01
-3.372384e-01
-2.872164e-01
-2.365091e-01
-1.852979e-01
-1.336872e-01
-8.168804e-02
-2.946523e-02
2.278367e-02
7.496671e-02
1.269776e-01
1.788388e-01
2.301780e-01
2.810512e-01
3.312739e-01
3.809074e-01
4.295276e-01
4.773368e-01
5.240201e-01
5.695545e-01
6.138586e-01
6.567448e-01
6.982453e-01
7.382060e-01
7.763959e-01
8.130808e-01
8.476903e-01
8.806445e-01
9.115184e-01
9.403747e-01
9.671177e-01
9.917928e-01
1.014091e+00
1.034370e+00
1.052033e+00
1.067660e+00
1.080830e+00
1.091396e+00
1.099809e+00
1.105560e+00
1.108940e+00
1.109817e+00
1.108220e+00
1.104155e+00
1.097471e+00
1.088523e+00
1.077110e+00
1.063257e+00
1.047008e+00
1.028337e+00
1.007580e+00
9.844396e-01
9.590822e-01
9.315519e-01
9.020046e-01
8.703802e-01
8.368226e-01
8.014109e-01
7.642102e-01
7.252356e-01
6.846976e-01
6.425552e-01
5.990396e-01
5.541564e-01
5.079099e-01
4.606034e-01
4.122660e-01
3.629673e-01
3.128801e-01
2.621306e-01
2.106255e-01
1.587152e-01
1.064495e-01
5.404901e-02
1.277531e-03
-5.131748e-02
-1.039038e-01
-1.561720e-01
-2.081245e-01
-2.596470e-01
-3.106557e-01
-3.609566e-01
-4.104348e-01
-4.590108e-01
-5.065485e-01
-5.529895e-01
-5.982691e-01
-6.421172e-01
-6.846498e-01
-7.256097e-01
-7.648670e-01
-8.025399e-01
-8.384481e-01
-8.723810e-01
-9.044777e-01
-9.345251e-01
-9.624388e-01
-9.882777e-01
-1.011922e+00
-1.033267e+00
-1.052248e+00
-1.069040e+00
-1.083326e+00
-1.095198e+00
-1.104708e+00
-1.111638e+00
-1.116090e+00
-1.118178e+00
-1.117689e+00
-1.114667e+00
-1.109160e+00
-1.101145e+00
-1.090798e+00
-1.077886e+00
-1.062598e+00
-1.045001e+00
-1.025035e+00
-1.002704e+00
-9.782029e-01
-9.514530e-01
-9.225955e-01
-8.916365e-01
-8.587419e-01
-8.238143e-01
-7.871623e-01
-7.486953e-01
-7.085444e-01
-6.667258e-01
-6.235619e-01
-5.788390e-01
-5.327652e-01
-4.856115e-01
-4.373990e-01
-3.882066e-01
-3.379927e-01
-2.870978e-01
-2.356206e-01
-1.834873e-01
-1.309886e-01
-7.805118e-02
-2.510199e-02
2.801496e-02
8.098963e-02
1.338928e-01
1.863946e-01
2.386094e-01
2.902133e-01
3.412394e-01
3.914899e-01
4.408843e-01
4.892826e-01
5.365543e-01
5.828282e-01
6.276064e-01
6.711394e-01
7.131481e-01
7.534531e-01
7.923029e-01
8.291655e-01
8.643380e-01
8.975339e-01
9.287464e-01
9.579153e-01
9.848894e-01
1.009720e+00
1.032162e+00
1.052538e+00
1.070464e+00
1.085827e+00
1.099138e+00
1.109728e+00
1.117874e+00
1.123581e+00
1.126722e+00
1.127413e+00
1.125495e+00
1.121178e+00
1.114313e+00
1.104896e+00
1.093062e+00
1.078717e+00
1.062035e+00
1.042906e+00
1.021495e+00
9.977704e-01
9.718457e-01
9.436947e-01
9.134571e-01
8.811429e-01
8.469155e-01
8.108128e-01
7.727329e-01
7.330275e-01
6.916961e-01
6.488199e-01
6.044511e-01
5.586209e-01
5.116033e-01
4.634120e-01
4.142587e-01
3.641330e-01
3.131026e-01
2.614359e-01
2.091410e-01
1.563571e-01
1.032874e-01
4.993928e-02
-3.538686e-03
-5.702039e-02
-1.104455e-01
-1.635681e-01
-2.163265e-01
-2.685555e-01
-3.202844e-01
-3.713409e-01
-4.215529e-01
-4.707279e-01
-5.190032e-01
-5.661494e-01
-6.118591e-01
-6.563794e-01
-6.993712e-01
-7.407816e-01
-7.806112e-01
-8.187526e-01
-8.550019e-01
-8.893269e-01
-9.216454e-01
-9.520757e-01
-9.802373e-01
-1.006325e+00
-1.029995e+00
-1.051597e+00
-1.070647e+00
-1.087370e+00
-1.101784e+00
-1.113489e+00
-1.122911e+00
-1.129907e+00
-1.134101e+00
-1.135985e+00
-1.135183e+00
-1.131971e+00
-1.126143e+00
-1.117865e+00
-1.107045e+00
-1.093667e+00
-1.077985e+00
-1.059806e+00
-1.039217e+00
-1.016456e+00
-9.912218e-01
-9.639133e-01
-9.343847e-01
-9.027826e-01
-8.691598e-01
-8.335809e-01
-7.961634e-01
-7.567893e-01
-7.158244e-01
-6.733253e-01
-6.292288e-01
-5.836863e-01
-5.369048e-01
-4.889477e-01
-4.397882e-01
-3.896805e-01
-3.386961e-01
-2.869493e-01
-2.344611e-01
-1.814691e-01
-1.280725e-01
-7.443855e-02
-2.053743e-02
3.339973e-02
8.727413e-02
1.408826e-01
1.942537e-01
2.471581e-01
2.995885e-01
3.512514e-01
4.023247e-01
4.523386e-01
5.015036e-01
5.494514e-01
5.963038e-01
6.416953e-01
6.856775e-01
7.282896e-01
7.689854e-01
8.082900e-01
8.456137e-01
8.811969e-01
9.147402e-01
9.461925e-01
9.754658e-01
1.002836e+00
1.027720e+00
1.050503e+00
1.070816e+00
1.088849e+00
1.104337e+00
1.117371e+00
1.128084e+00
1.136057e+00
1.141613e+00
1.144640e+00
1.145064e+00
1.142940e+00
1.138188e+00
1.131091e+00
1.121243e+00
1.108906e+00
1.094259e+00
1.076954e+00
1.057365e+00
1.035436e+00
1.011126e+00
9.846278e-01
9.557784e-01
9.248573e-01
8.919074e-01
8.568872e-01
8.201146e-01
7.812488e-01
7.407294e-01
6.985889e-01
6.548726e-01
6.097110e-01
5.630706e-01
5.151426e-01
4.661590e-01
4.161240e-01
3.651179e-01
3.132778e-01
2.606959e-01
2.076137e-01
1.539015e-01
9.992206e-02
4.573636e-02
-8.610907e-03
-6.292772e-02
-1.171078e-01
-1.710661e-01
-2.246162e-01
-2.776026e-01
-3.300423e-01
-3.818451e-01
-4.327021e-01
-4.826203e-01
-5.315467e-01
-5.792503e-01
-6.256006e-01
-6.707168e-01
-7.142007e-01
-7.561449e-01
-7.964524e-01
-8.349256e-01
-8.715353e-01
-9.062567e-01
-9.389555e-01
-9.695448e-01
-9.980842e-01
-1.024208e+00
-1.048229e+00
-1.069709e+00
-1.088914e+00
-1.105719e+00
-1.120003e+00
-1.131807e+00
-1.141109e+00
-1.147857e+00
-1.152052e+00
-1.153574e+00
-1.152640e+00
-1.149114e+00
-1.142940e+00
-1.134200e+00
-1.123024e+00
-1.109352e+00
-1.093015e+00
-1.074359e+00
-1.053351e+00
-1.029948e+00
-1.004185e+00
-9.761462e-01
-9.459925e-01
-9.136752e-01
-8.793682e-01
-8.430791e-01
-8.048060e-01
-7.647633e-01
-7.230770e-01
-6.796620e-01
-6.347900e-01
-5.885298e-01
-5.408256e-01
-4.918675e-01
-4.419605e-01
-3.909568e-01
-3.390956e-01
-2.865000e-01
-2.330966e-01
-1.792669e-01
-1.251589e-01
-7.050778e-02
-1.586413e-02
3.894543e-02
9.356610e-02
1.480339e-01
2.021885e-01
2.558554e-01
3.089904e-01
3.614754e-01
4.131520e-01
4.640029e-01
5.136085e-01
5.622796e-01
6.096308e-01
6.556027e-01
7.002287e-01
7.431981e-01
7.845432e-01
8.241206e-01
8.619053e-01
8.978738e-01
9.316451e-01
9.633876e-01
9.931020e-01
1.020512e+00
1.045683e+00
1.068491e+00
1.088926e+00
1.106917e+00
1.122501e+00
1.135548e+00
1.146081e+00
1.154006e+00
1.159430e+00
1.162232e+00
1.162308e+00
1.159943e+00
1.154945e+00
1.147281e+00
1.137217e+00
1.124567e+00
1.109342e+00
1.091650e+00
1.071524e+00
1.048952e+00
1.024116e+00
9.969520e-01
9.675427e-01
9.358344e-01
9.022569e-01
8.665115e-01
8.288964e-01
7.893700e-01
7.481348e-01
7.050424e-01
6.606134e-01
6.145894e-01
5.671859e-01
5.184539e-01
4.685954e-01
4.176389e-01
3.658368e-01
3.131405e-01
2.597793e-01
2.057105e-01
1.512364e-01
9.643371e-02
4.133148e-02
-1.385960e-02
-6.889720e-02
-1.239429e-01
-1.785803e-01
-2.328735e-01
-2.866821e-01
-3.398208e-01
-3.923530e-01
-4.439122e-01
-4.944306e-01
-5.439753e-01
-5.922872e-01
-6.392315e-01
-6.847641e-01
-7.288656e-01
-7.712889e-01
-8.119530e-01
-8.509071e-01
-8.878319e-01
-9.228931e-01
-9.559474e-01
-9.866286e-01
-1.015444e+00
-1.041740e+00
-1.065857e+00
-1.087533e+00
-1.106763e+00
-1.123657e+00
-1.137843e+00
-1.149588e+00
-1.158805e+00
-1.165342e+00
-1.169321e+00
-1.170702e+00
-1.169411e+00
-1.165627e+00
-1.159111e+00
-1.149998e+00
-1.138468e+00
-1.124291e+00
-1.107571e+00
-1.088307e+00
-1.066800e+00
-1.042752e+00
-1.016480e+00
-9.878204e-01
-9.569702e-01
-9.240271e-01
-8.890081e-01
-8.518864e-01
-8.130124e-01
-7.722010e-01
-7.297076e-01
-6.855128e-01
-6.397317e-01
-5.926781e-01
-5.442798e-01
-4.944511e-01
-4.436910e-01
-3.918814e-01
-3.392087e-01
-2.857252e-01
-2.315556e-01
-1.769436e-01
-1.219433e-01
-6.645771e-02
-1.098453e-02
4.458745e-02
1.000625e-01
1.552306e-01
2.101228e-01
2.645502e-01
3.184159e-01
3.715409e-01
4.238973e-01
4.753546e-01
5.256761e-01
5.748200e-01
6.228349e-01
6.692759e-01
7.144114e-01
7.578667e-01
7.996661e-01
8.397126e-01
8.777260e-01
9.140150e-01
9.480927e-01
9.801882e-01
1.010034e+00
1.037616e+00
1.062991e+00
1.085918e+00
1.106402e+00
1.124417e+00
1.139904e+00
1.152908e+00
1.163321e+00
1.171108e+00
1.176416e+00
1.178902e+00
1.178930e+00
1.176174e+00
1.170878e+00
1.162898e+00
1.152334e+00
1.139289e+00
1.123566e+00
1.105375e+00
1.084772e+00
1.061625e+00
1.036232e+00
1.008364e+00
9.784229e-01
9.460770e-01
9.117265e-01
8.753915e-01
8.370674e-01
7.968190e-01
7.547791e-01
7.110610e-01
6.656894e-01
6.189259e-01
5.707146e-01
5.212215e-01
4.704614e-01
4.187835e-01
3.660773e-01
3.126074e-01
2.583135e-01
2.036065e-01
1.482533e-01
9.263840e-02
3.680731e-02
-1.913625e-02
-7.505308e-02
-1.306505e-01
-1.861759e-01
-2.411943e-01
-2.957801e-01
-3.496054e-01
-4.026217e-01
-4.548924e-01
-5.059383e-01
-5.561777e-01
-6.049277e-01
-6.524033e-01
-6.985466e-01
-7.429582e-01
-7.857878e-01
-8.269025e-01
-8.661555e-01
-9.035313e-01
-9.389294e-01
-9.720793e-01
-1.003147e+00
-1.031970e+00
-1.058449e+00
-1.082709e+00
-1.104465e+00
-1.123777e+00
-1.140533e+00
-1.154746e+00
-1.166381e+00
-1.175458e+00
-1.181945e+00
-1.185634e+00
-1.186818e+00
-1.185225e+00
-1.181082e+00
-1.174339e+00
-1.164847e+00
-1.152808e+00
-1.138201e+00
-1.121019e+00
-1.101314e+00
-1.079230e+00
-1.054647e+00
-1.027737e+00
-9.984912e-01
-9.670164e-01
-9.333880e-01
-8.977104e-01
-8.599828e-01
-8.203557e-01
-7.788030e-01
-7.355267e-01
-6.907025e-01
-6.442267e-01
-5.963081e-01
-5.470480e-01
-4.965488e-01
-4.449785e-01
-3.923654e-01
-3.388521e-01
-2.845396e-01
-2.296536e-01
-1.742158e-01
-1.183462e-01
-6.217276e-02
-5.971960e-03
5.032453e-02
1.064725e-01
1.624596e-01
2.180309e-01
2.731350e-01
3.276991e-01
3.813691e-01
4.343779e-01
4.864187e-01
5.373099e-01
5.870479e-01
6.354033e-01
6.824644e-01
7.279839e-01
7.718586e-01
8.141004e-01
8.545241e-01
8.928774e-01
9.293740e-01
9.637505e-01
9.959846e-01
1.026064e+00
1.053862e+00
1.079256e+00
1.102273e+00
1.122758e+00
1.140784e+00
1.156324e+00
1.169219e+00
1.179486e+00
1.187185e+00
1.192219e+00
1.194470e+00
1.194195e+00
1.191240e+00
1.185556e+00
1.177219e+00
1.166303e+00
1.152757e+00
1.136643e+00
1.118003e+00
1.096889e+00
1.073137e+00
1.047165e+00
1.018803e+00
9.881522e-01
9.552564e-01
9.203691e-01
8.831927e-01
8.442156e-01
8.032333e-01
7.605342e-01
7.160145e-01
6.700116e-01
6.224963e-01
5.734132e-01
5.231533e-01
4.718284e-01
4.193247e-01
3.658393e-01
3.115486e-01
2.565545e-01
2.010092e-01
1.449687e-01
8.870142e-02
3.208678e-02
-2.457259e-02
-8.117107e-02
-1.376061e-01
-1.936553e-01
-2.493646e-01
-3.045122e-01
-3.589750e-01
-4.126313e-01
-4.654140e-01
-5.171845e-01
-5.677084e-01
-6.170705e-01
-6.650487e-01
-7.115519e-01
-7.563562e-01
-7.996406e-01
-8.410982e-01
-8.806781e-01
-9.183211e-01
-9.538378e-01
-9.873078e-01
-1.018499e+00
-1.047424e+00
-1.074111e+00
-1.098384e+00
-1.120098e+00
-1.139485e+00
-1.156117e+00
-1.170325e+00
-1.181893e+00
-1.190722e+00
-1.197065e+00
-1.200626e+00
-1.201519e+00
-1.199754e+00
-1.195201e+00
-1.188066e+00
-1.178280e+00
-1.165898e+00
-1.150729e+00
-1.133112e+00
-1.112958e+00
-1.090390e+00
-1.065229e+00
-1.037796e+00
-1.007940e+00
-9.758622e-01
-9.416510e-01
-9.052345e-01
-8.668533e-01
-8.266148e-01
-7.843649e-01
-7.404181e-01
-6.948228e-01
-6.476262e-01
-5.990496e-01
-5.490767e-01
-4.978637e-01
-4.455004e-01
-3.922219e-01
-3.379989e-01
-2.830123e-01
-2.272806e-01
-1.711264e-01
-1.146304e-01
-5.773869e-02
-8.015637e-04
5.615109e-02
1.129745e-01
1.695394e-01
2.257955e-01
2.814651e-01
3.366083e-01
3.908518e-01
4.445013e-01
4.969210e-01
5.483460e-01
5.986190e-01
6.474100e-01
6.949104e-01
7.407636e-01
7.849906e-01
8.274984e-01
8.680873e-01
9.069383e-01
9.435990e-01
9.781954e-01
1.010687e+00
1.040840e+00
1.068622e+00
1.094104e+00
1.117111e+00
1.137733e+00
1.155652e+00
1.171143e+00
1.183892e+00
1.194053e+00
1.201574e+00
1.206439e+00
1.208473e+00
1.207861e+00
1.204645e+00
1.198681e+00
1.189877e+00
1.178713e+00
1.164767e+00
1.148203e+00
1.129060e+00
1.107403e+00
1.083251e+00
1.056708e+00
1.027769e+00
9.966072e-01
9.630614e-01
9.275876e-01
8.897152e-01
8.501006e-01
8.085833e-01
7.651373e-01
7.200727e-01
6.732452e-01
6.250948e-01
5.754084e-01
5.244389e-01
4.722919e-01
4.191078e-01
3.650029e-01
3.100747e-01
2.543492e-01
1.981453e-01
1.413822e-01
8.433507e-02
2.727989e-02
-3.011208e-02
-8.733689e-02
-1.443672e-01
-2.010490e-01
-2.572616e-01
-3.129752e-01
-3.679432e-01
-4.221905e-01
-4.754143e-01
-5.276576e-01
-5.786513e-01
-6.283874e-01
-6.767988e-01
-7.236909e-01
-7.688369e-01
-8.124327e-01
-8.541047e-01
-8.939971e-01
-9.317215e-01
-9.674880e-01
-1.001056e+00
-1.032504e+00
-1.061451e+00
-1.088232e+00
-1.112439e+00
-1.134288e+00
-1.153527e+00
-1.170197e+00
-1.184258e+00
-1.195711e+00
-1.204399e+00
-1.210445e+00
-1.213778e+00
-1.214453e+00
-1.212409e+00
-1.207606e+00
-1.200097e+00
-1.189986e+00
-1.177157e+00
-1.161548e+00
-1.143534e+00
-1.122972e+00
-1.099726e+00
-1.074164e+00
-1.046240e+00
-1.015904e+00
-9.832136e-01
-9.484034e-01
-9.114302e-01
-8.724543e-01
-8.315217e-01
-7.887723e-01
-7.440910e-01
-6.979004e-01
-6.499980e-01
-6.006906e-01
-5.500765e-01
-4.983098e-01
-4.452991e-01
-3.913166e-01
-3.364225e-01
-2.807971e-01
-2.245130e-01
-1.677207e-01
-1.104735e-01
-5.306103e-02
4.465766e-03
6.200934e-02
1.193889e-01
1.765255e-01
2.332942e-01
2.895292e-01
3.450713e-01
3.999797e-01
4.539460e-01
5.068474e-01
5.587061e-01
6.092966e-01
6.585629e-01
7.062957e-01
7.524627e-01
7.969234e-01
8.398288e-01
8.806284e-01
9.196129e-01
9.564432e-01
9.911969e-01
1.023705e+00
1.054000e+00
1.081838e+00
1.107405e+00
1.130336e+00
1.150873e+00
1.168782e+00
1.184076e+00
1.196812e+00
1.206794e+00
1.214071e+00
1.218731e+00
1.220511e+00
1.219691e+00
1.216178e+00
1.209819e+00
1.200815e+00
1.189086e+00
1.174794e+00
1.157826e+00
1.138260e+00
1.116075e+00
1.091506e+00
1.064495e+00
1.035049e+00
1.003306e+00
9.692732e-01
9.331171e-01
8.948769e-01
8.546720e-01
8.123755e-01
7.684386e-01
7.227153e-01
6.754498e-01
6.265805e-01
5.762535e-01
5.247049e-01
4.719582e-01
4.181708e-01
3.634302e-01
3.078415e-01
2.515599e-01
1.946992e-01
1.374371e-01
7.990410e-02
2.213248e-02
-3.568574e-02
-9.344369e-02
-1.509960e-01
-2.082046e-01
-2.649069e-01
-3.210785e-01
-3.764833e-01
-4.311531e-01
-4.848199e-01
-5.373801e-01
-5.886597e-01
-6.387823e-01
-6.874117e-01
-7.346046e-01
-7.801284e-01
-8.239323e-01
-8.658038e-01
-9.057565e-01
-9.437207e-01
-9.796171e-01
-1.013287e+00
-1.044780e+00
-1.073854e+00
-1.100566e+00
-1.124716e+00
-1.146486e+00
-1.165646e+00
-1.182243e+00
-1.196188e+00
-1.207436e+00
-1.215965e+00
-1.221778e+00
-1.224848e+00
-1.225371e+00
-1.222935e+00
-1.217869e+00
-1.210036e+00
-1.199474e+00
-1.186360e+00
-1.170359e+00
-1.151935e+00
-1.130906e+00
-1.107210e+00
-1.081238e+00
-1.052674e+00
-1.021909e+00
-9.887693e-01
-9.533687e-01
-9.159177e-01
-8.762974e-01
-8.349983e-01
-7.915790e-01
-7.463553e-01
-6.996284e-01
-6.511761e-01
-6.013412e-01
-5.501126e-01
-4.977953e-01
-4.442024e-01
-3.896308e-01
-3.341962e-01
-2.780301e-01
-2.212030e-01
-1.638825e-01
-1.061351e-01
-4.826470e-02
9.825059e-03
6.785517e-02
1.257194e-01
1.833220e-01
2.405139e-01
2.971645e-01
3.531379e-01
4.083874e-01
4.626905e-01
5.159666e-01
5.680924e-01
6.190147e-01
6.685097e-01
7.165458e-01
7.629855e-01
8.076388e-01
8.506368e-01
8.915501e-01
9.307553e-01
9.676595e-01
1.002460e+00
1.035036e+00
1.065322e+00
1.093172e+00
1.118652e+00
1.141522e+00
1.162010e+00
1.179750e+00
1.195016e+00
1.207572e+00
1.217353e+00
1.224371e+00
1.228787e+00
1.230378e+00
1.229246e+00
1.225449e+00
1.218688e+00
1.209427e+00
1.197397e+00
1.182617e+00
1.165306e+00
1.145306e+00
1.122788e+00
1.097728e+00
1.070232e+00
1.040329e+00
1.008060e+00
9.737079e-01
9.369410e-01
8.982932e-01
8.575241e-01
8.147075e-01
7.702518e-01
7.240009e-01
6.762054e-01
6.268117e-01
5.759614e-01
5.238934e-01
4.706689e-01
4.163490e-01
3.611368e-01
3.050397e-01
2.482169e-01
1.909629e-01
1.332690e-01
7.520780e-02
1.693412e-02
-4.128923e-02
-9.942621e-02
-1.573463e-01
-2.149893e-01
-2.721067e-01
-3.286125e-01
-3.843343e-01
-4.393570e-01
-4.932046e-01
-5.461482e-01
-5.977621e-01
-6.481009e-01
-6.968988e-01
-7.443383e-01
-7.899510e-01
-8.337996e-01
-8.759053e-01
-9.158767e-01
-9.540497e-01
-9.899896e-01
-1.023607e+00
-1.055133e+00
-1.084047e+00
-1.110794e+00
-1.134989e+00
-1.156534e+00
-1.175652e+00
-1.192098e+00
-1.205848e+00
-1.216950e+00
-1.225262e+00
-1.230912e+00
-1.233661e+00
-1.233895e+00
-1.231148e+00
-1.225761e+00
-1.217673e+00
-1.206737e+00
-1.193146e+00
-1.176953e+00
-1.158121e+00
-1.136580e+00
-1.112551e+00
-1.086098e+00
-1.057182e+00
-1.025880e+00
-9.923291e-01
-9.565843e-01
-9.185516e-01
-8.785455e-01
-8.366853e-01
-7.927832e-01
-7.471344e-01
-6.998596e-01
-6.510238e-01
-6.006322e-01
-5.491041e-01
-4.961394e-01
-4.421792e-01
-3.871870e-01
-3.312850e-01
-2.746027e-01
-2.173760e-01
-1.596510e-01
-1.015532e-01
-4.319807e-02
1.523157e-02
7.366246e-02
1.317963e-01
1.897811e-01
2.472631e-01
3.042189e-01
3.606701e-01
4.160259e-01
4.706086e-01
5.241649e-01
5.764641e-01
6.276039e-01
6.772530e-01
7.254077e-01
7.719220e-01
8.167829e-01
8.597815e-01
9.009514e-01
9.399758e-01
9.769645e-01
1.011820e+00
1.044349e+00
1.074617e+00
1.102370e+00
1.127732e+00
1.150598e+00
1.170900e+00
1.188575e+00
1.203554e+00
1.215842e+00
1.225492e+00
1.232373e+00
1.236457e+00
1.237888e+00
1.236369e+00
1.232198e+00
1.225259e+00
1.215607e+00
1.203267e+00
1.188147e+00
1.170456e+00
1.150043e+00
1.127156e+00
1.101696e+00
1.073752e+00
1.043541e+00
1.010842e+00
9.759883e-01
9.389033e-01
8.997230e-01
8.585164e-01
8.153655e-01
7.704481e-01
7.237903e-01
6.755088e-01
6.257131e-01
5.744876e-01
5.219640e-01
4.683437e-01
4.135466e-01
3.580567e-01
3.015029e-01
2.443719e-01
1.867414e-01
1.285975e-01
7.020704e-02
1.170780e-02
-4.691012e-02
-1.053267e-01
-1.635830e-01
-2.214323e-01
-2.788050e-01
-3.356079e-01
-3.915334e-01
-4.466338e-01
-5.008338e-01
-5.538551e-01
-6.056317e-01
-6.560408e-01
-7.050486e-01
-7.524422e-01
-7.981990e-01
-8.421471e-01
-8.841434e-01
-9.243161e-01
-9.623854e-01
-9.982613e-01
-1.031929e+00
-1.063258e+00
-1.092278e+00
-1.118829e+00
-1.142784e+00
-1.164322e+00
-1.183241e+00
-1.199356e+00
-1.213023e+00
-1.223847e+00
-1.231989e+00
-1.237374e+00
-1.239881e+00
-1.239794e+00
-1.236745e+00
-1.231104e+00
-1.222671e+00
-1.211576e+00
-1.197659e+00
-1.180987e+00
-1.161780e+00
-1.140009e+00
-1.115539e+00
-1.088723e+00
-1.059475e+00
-1.027755e+00
-9.937476e-01
-9.576586e-01
-9.192588e-01
-8.788823e-01
-8.365616e-01
-7.922643e-01
-7.463813e-01
-6.986106e-01
-6.493996e-01
-5.987439e-01
-5.467205e-01
-4.935141e-01
-4.390749e-01
-3.837806e-01
-3.275531e-01
-2.705632e-01
-2.130755e-01
-1.549914e-01
-9.660583e-02
-3.794317e-02
2.074062e-02
7.931069e-02
1.378503e-01
1.959569e-01
2.536800e-01
3.107650e-01
3.672075e-01
4.229454e-01
4.775530e-01
5.312609e-01
5.836571e-01
6.348838e-01
6.846044e-01
7.328206e-01
7.794201e-01
8.241890e-01
8.672335e-01
9.083948e-01
9.473067e-01
9.842239e-01
1.018981e+00
1.051412e+00
1.081524e+00
1.109186e+00
1.134498e+00
1.157182e+00
1.177259e+00
1.194857e+00
1.209547e+00
1.221587e+00
1.231029e+00
1.237685e+00
1.241486e+00
1.242538e+00
1.240860e+00
1.236407e+00
1.229089e+00
1.219175e+00
1.206456e+00
1.191061e+00
1.173013e+00
1.152375e+00
1.129063e+00
1.103272e+00
1.075057e+00
1.044454e+00
1.011311e+00
9.762978e-01
9.386902e-01
8.992483e-01
8.577074e-01
8.142676e-01
7.688525e-01
7.219231e-01
6.733682e-01
6.232195e-01
5.716740e-01
5.189075e-01
4.649244e-01
4.099874e-01
3.540053e-01
2.972981e-01
2.399049e-01
1.819133e-01
1.237105e-01
6.507455e-02
6.305635e-03
-5.247073e-02
-1.111322e-01
-1.694642e-01
-2.274863e-01
-2.849398e-01
-3.418334e-01
-3.978782e-01
-4.530805e-01
-5.073339e-01
-5.603838e-01
-6.122108e-01
-6.626645e-01
-7.115630e-01
-7.590666e-01
-8.047998e-01
-8.486342e-01
-8.907045e-01
-9.306285e-01
-9.685742e-01
-1.004394e+00
-1.037934e+00
-1.069230e+00
-1.097935e+00
-1.124365e+00
-1.148139e+00
-1.169447e+00
-1.188288e+00
-1.204219e+00
-1.217531e+00
-1.228167e+00
-1.236027e+00
-1.241085e+00
-1.243450e+00
-1.242981e+00
-1.239772e+00
-1.233850e+00
-1.225070e+00
-1.213432e+00
-1.199374e+00
-1.182525e+00
-1.162953e+00
-1.140792e+00
-1.116041e+00
-1.088896e+00
-1.059363e+00
-1.027333e+00
-9.930859e-01
-9.566116e-01
-9.179918e-01
-8.772568e-01
-8.346385e-01
-7.901157e-01
-7.438704e-01
-6.959064e-01
-6.463412e-01
-5.953462e-01
-5.431309e-01
-4.897057e-01
-4.350745e-01
-3.794976e-01
-3.231172e-01
-2.660129e-01
-2.081841e-01
-1.499334e-01
-9.145034e-02
-3.269075e-02
2.613408e-02
8.489057e-02
1.434209e-01
2.016654e-01
2.594196e-01
3.166798e-01
3.731658e-01
4.288354e-01
4.835548e-01
5.372043e-01
5.896353e-01
6.406831e-01
6.905291e-01
7.385515e-01
7.850497e-01
8.298844e-01
8.727140e-01
9.136975e-01
9.525547e-01
9.894186e-01
1.023950e+00
1.056198e+00
1.086184e+00
1.113586e+00
1.138716e+00
1.161153e+00
1.181000e+00
1.198282e+00
1.212811e+00
1.224635e+00
1.233793e+00
1.240126e+00
1.243831e+00
1.244487e+00
1.242531e+00
1.237899e+00
1.230291e+00
1.220004e+00
1.207020e+00
1.191390e+00
1.173095e+00
1.152050e+00
1.128532e+00
1.102491e+00
1.073844e+00
1.043028e+00
1.009619e+00
9.741938e-01
9.364433e-01
8.967870e-01
8.549007e-01
8.112067e-01
7.656450e-01
7.185559e-01
6.696655e-01
6.193124e-01
5.675637e-01
5.146965e-01
4.605499e-01
4.053216e-01
3.492600e-01
2.923993e-01
2.349271e-01
1.769281e-01
1.184904e-01
5.973762e-02
9.295654e-04
-5.788098e-02
-1.166020e-01
-1.749640e-01
-2.329493e-01
-2.905613e-01
-3.472890e-01
-4.034208e-01
-4.585982e-01
-5.126845e-01
-5.657642e-01
-6.174414e-01
-6.678387e-01
-7.167291e-01
-7.639350e-01
-8.095191e-01
-8.532460e-01
-8.951547e-01
-9.349035e-01
-9.726870e-01
-1.008329e+00
-1.041606e+00
-1.072672e+00
-1.101266e+00
-1.127404e+00
-1.151076e+00
-1.172068e+00
-1.190496e+00
-1.206253e+00
-1.219236e+00
-1.229740e+00
-1.237235e+00
-1.242105e+00
-1.244187e+00
-1.243484e+00
-1.239953e+00
-1.233704e+00
-1.224694e+00
-1.212879e+00
-1.198332e+00
-1.181250e+00
-1.161465e+00
-1.139056e+00
-1.114059e+00
-1.086694e+00
-1.056820e+00
-1.024597e+00
-9.901561e-01
-9.533967e-01
-9.145929e-01
-8.736274e-01
-8.308146e-01
-7.861737e-01
-7.396843e-01
-6.915003e-01
-6.418450e-01
-5.907357e-01
-5.384041e-01
-4.847019e-01
-4.300924e-01
-3.744701e-01
-3.179176e-01
-2.606909e-01
-2.028665e-01
-1.446574e-01
-8.606247e-02
-2.730909e-02
3.149462e-02
9.025297e-02
1.488336e-01
2.070035e-01
2.647534e-01
3.218757e-01
3.782927e-01
4.337827e-01
4.884444e-01
5.419565e-01
5.942135e-01
6.452489e-01
6.947631e-01
7.426836e-01
7.891035e-01
8.335840e-01
8.762943e-01
9.169889e-01
9.557653e-01
9.922470e-01
1.026607e+00
1.058677e+00
1.088326e+00
1.115613e+00
1.140319e+00
1.162601e+00
1.182186e+00
1.199073e+00
1.213408e+00
1.224920e+00
1.233891e+00
1.239844e+00
1.243149e+00
1.243725e+00
1.241464e+00
1.236413e+00
1.228720e+00
1.218047e+00
1.204880e+00
1.188948e+00
1.170332e+00
1.149149e+00
1.125369e+00
1.099078e+00
1.070329e+00
1.039189e+00
1.005729e+00
9.699692e-01
9.321391e-01
8.922113e-01
8.502385e-01
8.063911e-01
7.606858e-01
7.133830e-01
6.644858e-01
6.140221e-01
5.622665e-01
5.092005e-01
4.549974e-01
3.998318e-01
3.437590e-01
2.868343e-01
2.293740e-01
1.713476e-01
1.129615e-01
5.435907e-02
-4.412329e-03
-6.328190e-02
-1.217712e-01
-1.801698e-01
-2.379383e-01
-2.953893e-01
-3.520853e-01
-4.079804e-01
-4.630230e-01
-5.169303e-01
-5.697366e-01
-6.212976e-01
-6.714128e-01
-7.200907e-01
-7.671251e-01
-8.124215e-01
-8.560179e-01
-8.975414e-01
-9.371423e-01
-9.746282e-01
-1.009973e+00
-1.043096e+00
-1.073745e+00
-1.102045e+00
-1.127880e+00
-1.151244e+00
-1.171998e+00
-1.190121e+00
-1.205620e+00
-1.218391e+00
-1.228515e+00
-1.235684e+00
-1.240339e+00
-1.242096e+00
-1.241069e+00
-1.237335e+00
-1.230842e+00
-1.221514e+00
-1.209490e+00
-1.194723e+00
-1.177432e+00
-1.157374e+00
-1.134664e+00
-1.109618e+00
-1.081934e+00
-1.051941e+00
-1.019510e+00
-9.848671e-01
-9.480803e-01
-9.090410e-01
-8.680556e-01
-8.251005e-01
-7.802981e-01
-7.337552e-01
-6.855806e-01
-6.358507e-01
-5.847942e-01
-5.323862e-01
-4.787672e-01
-4.240614e-01
-3.684211e-01
-3.119848e-01
-2.548395e-01
-1.970983e-01
-1.389445e-01
-8.049937e-02
-2.184417e-02
3.690673e-02
9.540472e-02
1.537946e-01
2.118048e-01
2.693838e-01
3.262843e-01
3.824689e-01
4.378247e-01
4.921539e-01
5.454691e-01
5.974434e-01
6.482432e-01
6.974679e-01
7.451877e-01
7.912024e-01
8.354432e-01
8.778900e-01
9.183298e-01
9.566787e-01
9.929958e-01
1.026941e+00
1.058755e+00
1.088038e+00
1.115011e+00
1.139422e+00
1.161366e+00
1.180615e+00
1.197306e+00
1.211295e+00
1.222496e+00
1.231079e+00
1.236833e+00
1.239863e+00
1.240114e+00
1.237620e+00
1.232320e+00
1.224319e+00
1.213507e+00
1.200021e+00
1.183886e+00
1.165031e+00
1.143590e+00
1.119783e+00
1.093149e+00
1.064382e+00
1.033052e+00
9.994754e-01
9.636182e-01
9.256999e-01
8.856664e-01
8.436228e-01
7.996636e-01
7.541335e-01
7.067288e-01
6.577644e-01
6.073734e-01
5.556291e-01
5.026482e-01
4.484954e-01
3.934218e-01
3.374577e-01
2.806455e-01
2.233194e-01
1.654254e-01
1.072287e-01
4.874377e-02
-9.825059e-03
-6.830006e-02
-1.267670e-01
-1.847294e-01
-2.423842e-01
-2.995382e-01
-3.559689e-01
-4.116179e-01
-4.663585e-01
-5.200042e-01
-5.725501e-01
-6.237328e-01
-6.735559e-01
-7.218945e-01
-7.685598e-01
-8.135772e-01
-8.567213e-01
-8.979707e-01
-9.372181e-01
-9.743218e-01
-1.009340e+00
-1.042076e+00
-1.072441e+00
-1.100303e+00
-1.125869e+00
-1.148817e+00
-1.169283e+00
-1.187113e+00
-1.202268e+00
-1.214797e+00
-1.224441e+00
-1.231477e+00
-1.235766e+00
-1.237263e+00
-1.236009e+00
-1.231929e+00
-1.225156e+00
-1.215697e+00
-1.203384e+00
-1.188482e+00
-1.170871e+00
-1.150773e+00
-1.127953e+00
-1.102591e+00
-1.074901e+00
-1.044694e+00
-1.012266e+00
-9.774846e-01
-9.405853e-01
-9.015722e-01
-8.605340e-01
-8.175962e-01
-7.728373e-01
-7.262758e-01
-6.781565e-01
-6.285639e-01
-5.775018e-01
-5.252175e-01
-4.717408e-01
-4.171543e-01
-3.617047e-01
-3.054182e-01
-2.484829e-01
-1.909356e-01
-1.329136e-01
-7.477782e-02
-1.639415e-02
4.203177e-02
1.003465e-01
1.583989e-01
2.161177e-01
2.733102e-01
3.299398e-01
3.857597e-01
4.407979e-01
4.949097e-01
5.476812e-01
5.994056e-01
6.497469e-01
6.985995e-01
7.459048e-01
7.915206e-01
8.354512e-01
8.776321e-01
9.174643e-01
9.556000e-01
9.913243e-01
1.025036e+00
1.056407e+00
1.085416e+00
1.111927e+00
1.135987e+00
1.157570e+00
1.176471e+00
1.192821e+00
1.206488e+00
1.217395e+00
1.225652e+00
1.231035e+00
1.233795e+00
1.233851e+00
1.230997e+00
1.225537e+00
1.217248e+00
1.206238e+00
1.192555e+00
1.176238e+00
1.157235e+00
1.135647e+00
1.111676e+00
1.084964e+00
1.056129e+00
1.024736e+00
9.910459e-01
9.552546e-01
9.172990e-01
8.772419e-01
8.352717e-01
7.914528e-01
7.458122e-01
6.985808e-01
6.497065e-01
5.994398e-01
5.478309e-01
4.950315e-01
4.411260e-01
3.861126e-01
3.304387e-01
2.738508e-01
2.167988e-01
1.592906e-01
1.013009e-01
4.312040e-02
-1.517317e-02
-7.336483e-02
-1.313079e-01
-1.890528e-01
-2.463019e-01
-3.030849e-01
-3.590987e-01
-4.143556e-01
-4.686519e-01
-5.219168e-01
-5.738997e-01
-6.248127e-01
-6.741493e-01
-7.220598e-01
-7.683554e-01
-8.129198e-01
-8.556109e-01
-8.965037e-01
-9.352689e-01
-9.720321e-01
-1.006470e+00
-1.038773e+00
-1.068734e+00
-1.096322e+00
-1.121447e+00
-1.144050e+00
-1.164046e+00
-1.181488e+00
-1.196341e+00
-1.208520e+00
-1.217825e+00
-1.224548e+00
-1.228612e+00
-1.229716e+00
-1.228222e+00
-1.223992e+00
-1.216919e+00
-1.207179e+00
-1.194803e+00
-1.179751e+00
-1.161937e+00
-1.141616e+00
-1.118822e+00
-1.093358e+00
-1.065634e+00
-1.035381e+00
-1.002885e+00
-9.681541e-01
-9.312710e-01
-8.922510e-01
-8.512793e-01
-8.083938e-01
-7.637218e-01
-7.174008e-01
-6.693679e-01
-6.199027e-01
-5.691015e-01
-5.169757e-01
-4.637264e-01
-4.094760e-01
-3.542725e-01
-2.982619e-01
-2.416336e-01
-1.844199e-01
-1.268720e-01
-6.900532e-02
-1.091618e-02
4.710461e-02
1.050017e-01
1.626137e-01
2.199329e-01
2.767551e-01
3.328745e-01
3.883079e-01
4.428304e-01
4.964072e-01
5.488450e-01
5.999953e-01
6.499507e-01
6.982378e-01
7.451771e-01
7.903499e-01
8.336648e-01
8.753281e-01
9.147924e-01
9.523683e-01
9.877533e-01
1.020932e+00
1.051896e+00
1.080374e+00
1.106513e+00
1.130151e+00
1.151292e+00
1.169832e+00
1.185813e+00
1.199020e+00
1.209658e+00
1.217591e+00
1.222748e+00
1.225137e+00
1.224911e+00
1.221859e+00
1.216124e+00
1.207645e+00
1.196565e+00
1.182703e+00
1.166155e+00
1.147089e+00
1.125491e+00
1.101262e+00
1.074725e+00
1.045649e+00
1.014331e+00
9.807213e-01
9.448858e-01
9.069942e-01
8.670652e-01
8.251993e-01
7.815110e-01
7.361251e-01
6.891000e-01
6.403923e-01
5.904182e-01
5.390460e-01
4.864504e-01
4.328370e-01
3.783337e-01
3.228873e-01
2.666977e-01
2.099339e-01
1.527600e-01
9.522826e-02
3.748336e-02
-2.024974e-02
-7.801452e-02
-1.355618e-01
-1.928190e-01
-2.496119e-01
-3.058947e-01
-3.614456e-01
-4.160824e-01
-4.699680e-01
-5.225972e-01
-5.742632e-01
-6.245828e-01
-6.734192e-01
-7.207388e-01
-7.664124e-01
-8.105276e-01
-8.527513e-01
-8.930265e-01
-9.313599e-01
-9.676185e-01
-1.001597e+00
-1.033372e+00
-1.062851e+00
-1.090000e+00
-1.114590e+00
-1.136938e+00
-1.156481e+00
-1.173523e+00
-1.188032e+00
-1.199715e+00
-1.208859e+00
-1.215287e+00
-1.218850e+00
-1.219897e+00
-1.217948e+00
-1.213608e+00
-1.206320e+00
-1.196379e+00
-1.183825e+00
-1.168541e+00
-1.150732e+00
-1.130305e+00
-1.107386e+00
-1.081954e+00
-1.054190e+00
-1.024000e+00
-9.915698e-01
-9.568440e-01
-9.200771e-01
-8.811690e-01
-8.403725e-01
-7.977274e-01
-7.531965e-01
-7.070494e-01
-6.593620e-01
-6.101690e-01
-5.595940e-01
-5.078441e-01
-4.549216e-01
-4.010391e-01
-3.462414e-01
-2.905544e-01
-2.343226e-01
-1.776725e-01
-1.205179e-01
-6.311476e-02
