1.025210e-01
1.800872e-01
2.562421e-01
3.312096e-01
4.043700e-01
4.752243e-01
5.433077e-01
6.081900e-01
6.698540e-01
7.275425e-01
7.812038e-01
8.302700e-01
8.747927e-01
9.142556e-01
9.485382e-01
9.772964e-01
1.000788e+00
1.018360e+00
1.030235e+00
1.036207e+00
1.036379e+00
1.030596e+00
1.019065e+00
1.001580e+00
9.784495e-01
9.498462e-01
9.158217e-01
8.764965e-01
8.322491e-01
7.833723e-01
7.299691e-01
6.723323e-01
6.109608e-01
5.461302e-01
4.781500e-01
4.075195e-01
3.343935e-01
2.596153e-01
1.833915e-01
1.058253e-01
2.736416e-02
-4.990948e-02
-1.283018e-01
-2.054722e-01
-2.811625e-01
-3.555792e-01
-4.280684e-01
-4.980277e-01
-5.650441e-01
-6.288938e-01
-6.892499e-01
-7.457164e-01
-7.978804e-01
-8.454321e-01
-8.882510e-01
-9.260790e-01
-9.585545e-01
-9.855745e-01
-1.007036e+00
-1.022869e+00
-1.032679e+00
-1.036740e+00
-1.034864e+00
-1.027240e+00
-1.013644e+00
-9.943173e-01
-9.692937e-01
-9.388833e-01
-9.030690e-01
-8.620916e-01
-8.162093e-01
-7.658179e-01
-7.108658e-01
-6.519727e-01
-5.895170e-01
-5.235504e-01
-4.547442e-01
-3.831499e-01
-3.094560e-01
-2.341271e-01
-1.574730e-01
-7.939049e-02
-1.858698e-03
7.634429e-02
1.543924e-01
2.310465e-01
3.063581e-01
3.802070e-01
4.518701e-01
5.209517e-01
5.869010e-01
6.497353e-01
7.087662e-01
7.637699e-01
8.144366e-01
8.604222e-01
9.016405e-01
9.376614e-01
9.683127e-01
9.935600e-01
1.013162e+00
1.026982e+00
1.034813e+00
1.036895e+00
1.033178e+00
1.023540e+00
1.007982e+00
9.867792e-01
9.599830e-01
9.278000e-01
8.902130e-01
8.475490e-01
8.002210e-01
7.482635e-01
6.920035e-01
6.318196e-01
5.680215e-01
5.011256e-01
4.313211e-01
3.589696e-01
2.846905e-01
2.090347e-01
1.318987e-01
5.348919e-02
-2.352630e-02
-1.022456e-01
-1.798979e-01
-2.561045e-01
-3.309515e-01
-4.041807e-01
-4.750522e-01
-5.430323e-01
-6.080351e-01
-6.696131e-01
-7.274048e-01
-7.809973e-01
-8.300462e-01
-8.745173e-01
-9.141007e-01
-9.482801e-01
-9.771931e-01
-1.000461e+00
-1.018171e+00
-1.030114e+00
-1.036000e+00
-1.036172e+00
-1.030390e+00
-1.018825e+00
-1.001373e+00
-9.782258e-01
-9.495880e-01
-9.156668e-01
-8.763416e-01
-8.320770e-01
-7.831141e-01
-7.296938e-01
-6.721086e-01
-6.107543e-01
-5.458720e-01
-4.779951e-01
-4.072785e-01
-3.342214e-01
-2.594432e-01
-1.832022e-01
-1.055499e-01
-2.726090e-02
5.006437e-02
1.284739e-01
2.055754e-01
2.814206e-01
3.557857e-01
4.282405e-01
4.982171e-01
5.652851e-01
6.290659e-01
6.894908e-01
7.458885e-01
7.980181e-01
8.455870e-01
8.884403e-01
9.262511e-01
9.587266e-01
9.857466e-01
1.007242e+00
1.023075e+00
1.032834e+00
1.036947e+00
1.035105e+00
1.027412e+00
1.013868e+00
9.945066e-01
9.695002e-01
9.390382e-01
9.033271e-01
8.623497e-01
8.165018e-01
7.660588e-01
7.112617e-01
6.522997e-01
5.896891e-01
5.238774e-01
4.548474e-01
3.833736e-01
3.096453e-01
2.344197e-01
1.577656e-01
7.973469e-02
2.030799e-03
-7.610335e-02
-1.541859e-01
-2.308399e-01
-3.061860e-01
-3.799660e-01
-4.516463e-01
-5.207280e-01
-5.866945e-01
-6.494428e-01
-7.085769e-01
-7.636150e-01
-8.141957e-01
-8.602157e-01
-9.014512e-01
-9.374893e-01
-9.680890e-01
-9.933707e-01
-1.012921e+00
-1.026776e+00
-1.034675e+00
-1.036723e+00
-1.032971e+00
-1.023316e+00
-1.007827e+00
-9.865899e-01
-9.597076e-01
-9.275418e-01
-8.900065e-01
-8.473425e-01
-7.999973e-01
-7.480054e-01
-6.917970e-01
-6.314926e-01
-5.679010e-01
-5.009879e-01
-4.311318e-01
-3.587631e-01
-2.845184e-01
-2.087249e-01
-1.316061e-01
-5.326546e-02
2.371561e-02
1.024177e-01
1.800355e-01
2.562421e-01
3.311236e-01
4.043184e-01
4.751554e-01
5.433593e-01
6.082072e-01
6.697508e-01
7.275941e-01
7.811177e-01
8.302872e-01
8.747066e-01
9.142900e-01
9.485038e-01
9.773480e-01
1.000719e+00
1.018429e+00
1.030235e+00
1.036224e+00
1.036310e+00
1.030631e+00
1.019014e+00
1.001632e+00
9.784495e-01
9.498462e-01
9.158217e-01
8.765997e-01
8.323008e-01
7.834239e-01
7.299863e-01
6.723667e-01
6.109436e-01
5.461818e-01
4.781156e-01
4.074851e-01
3.344279e-01
2.596325e-01
1.834776e-01
1.058941e-01
2.746742e-02
-4.985785e-02
-1.282501e-01
-2.054033e-01
-2.811625e-01
-3.555792e-01
-4.280684e-01
-4.979933e-01
-5.649581e-01
-6.288766e-01
-6.892327e-01
-7.457509e-01
-7.978288e-01
-8.453633e-01
-8.883026e-01
-9.260445e-01
-9.585201e-01
-9.855573e-01
-1.007018e+00
-1.022817e+00
-1.032713e+00
-1.036758e+00
-1.034899e+00
-1.027189e+00
-1.013730e+00
-9.943173e-01
-9.693625e-01
-9.389005e-01
-9.030862e-01
-8.620571e-01
-8.162265e-01
-7.658351e-01
-7.109347e-01
-6.520071e-01
-5.895170e-01
-5.236365e-01
-4.547786e-01
-3.831499e-01
-3.094560e-01
-2.341959e-01
-1.574730e-01
-7.945933e-02
-1.721016e-03
7.632708e-02
1.543408e-01
2.310120e-01
3.063581e-01
3.801553e-01
4.518873e-01
5.209001e-01
5.868838e-01
6.496665e-01
7.088006e-01
7.637527e-01
8.143506e-01
8.603878e-01
9.016233e-01
9.376786e-01
9.682783e-01
9.934740e-01
1.013162e+00
1.026999e+00
1.034882e+00
1.036930e+00
1.033195e+00
1.023592e+00
1.008068e+00
9.867276e-01
9.599830e-01
9.278000e-01
8.902130e-01
8.475662e-01
8.002382e-01
7.482463e-01
6.920551e-01
6.318540e-01
5.680903e-01
5.011772e-01
4.313211e-01
3.590557e-01
2.847766e-01
2.091035e-01
1.319675e-01
5.347198e-02
-2.347466e-02
-1.022628e-01
-1.798290e-01
-2.561045e-01
-3.309515e-01
-4.041119e-01
-4.749833e-01
-5.429807e-01
-6.079146e-01
-6.695098e-01
-7.274220e-01
-7.809628e-01
-8.300290e-01
-8.746034e-01
-9.140491e-01
-9.483317e-01
-9.771587e-01
-1.000461e+00
-1.018171e+00
-1.030028e+00
-1.036000e+00
-1.036190e+00
-1.030407e+00
-1.018825e+00
-1.001373e+00
-9.782430e-01
-9.496225e-01
-9.156324e-01
-8.763416e-01
-8.320254e-01
-7.831485e-01
-7.297798e-01
-6.720913e-01
-6.106855e-01
-5.459925e-01
-4.780812e-01
-4.072613e-01
-3.342386e-01
-2.594432e-01
-1.832194e-01
-1.055844e-01
-2.727811e-02
5.006437e-02
1.284739e-01
2.056098e-01
2.813690e-01
3.557169e-01
4.281545e-01
4.981654e-01
5.652334e-01
6.291520e-01
6.894908e-01
7.459057e-01
7.979837e-01
8.455870e-01
8.884403e-01
9.262855e-01
9.586578e-01
9.857122e-01
1.007277e+00
1.022989e+00
1.032920e+00
1.036912e+00
1.035088e+00
1.027430e+00
1.013937e+00
9.944722e-01
9.694830e-01
9.391243e-01
9.033960e-01
8.623669e-01
8.166051e-01
7.661105e-01
7.112617e-01
6.523513e-01
5.897235e-01
5.238086e-01
4.548991e-01
3.833908e-01
3.096453e-01
2.344541e-01
1.578000e-01
7.976911e-02
2.082430e-03
-7.605172e-02
-1.541342e-01
-2.308055e-01
-3.061516e-01
-3.799660e-01
-4.516463e-01
-5.206075e-01
-5.866257e-01
-6.493739e-01
-7.085941e-01
-7.635117e-01
-8.141785e-01
-8.602157e-01
-9.014512e-01
-9.374549e-01
-9.680890e-01
-9.933019e-01
-1.012939e+00
-1.026724e+00
-1.034658e+00
-1.036826e+00
-1.033023e+00
-1.023402e+00
-1.007827e+00
-9.865555e-01
-9.597765e-01
-9.275590e-01
-8.899892e-01
-8.472736e-01
-7.999801e-01
-7.480054e-01
-6.918142e-01
-6.315270e-01
-5.679182e-01
-5.010395e-01
-4.311490e-01
-3.587975e-01
-2.845184e-01
-2.087765e-01
-1.316578e-01
-5.323104e-02
2.369840e-02
1.024521e-01
1.800872e-01
2.562249e-01
3.311064e-01
4.043012e-01
4.751210e-01
5.432216e-01
6.081556e-01
6.697508e-01
7.275425e-01
7.810833e-01
8.302356e-01
8.747066e-01
9.142039e-01
9.485038e-01
9.773652e-01
1.000737e+00
1.018411e+00
1.030252e+00
1.036207e+00
1.036327e+00
1.030648e+00
1.019048e+00
1.001597e+00
9.785355e-01
9.498634e-01
9.158733e-01
8.765653e-01
8.322836e-01
7.833895e-01
7.299519e-01
6.724183e-01
6.109781e-01
5.461818e-01
4.781672e-01
4.075023e-01
3.344451e-01
2.597186e-01
1.834776e-01
1.059286e-01
2.753626e-02
-4.980622e-02
-1.282846e-01
-2.053861e-01
-2.811280e-01
-3.555276e-01
-4.280856e-01
-4.979761e-01
-5.649409e-01
-6.288594e-01
-6.891810e-01
-7.456992e-01
-7.977944e-01
-8.454149e-01
-8.882854e-01
-9.260273e-01
-9.584685e-01
-9.855917e-01
-1.007036e+00
-1.022852e+00
-1.032748e+00
-1.036706e+00
-1.034864e+00
-1.027223e+00
-1.013713e+00
-9.943000e-01
-9.693281e-01
-9.389177e-01
-9.031378e-01
-8.621260e-01
-8.162265e-01
-7.658867e-01
-7.110035e-01
-6.520587e-01
-5.894998e-01
-5.236020e-01
-4.548130e-01
-3.832187e-01
-3.094904e-01
-2.342131e-01
-1.574902e-01
-7.945933e-02
-1.910328e-03
7.625824e-02
1.543235e-01
2.309260e-01
3.062549e-01
3.801381e-01
4.518529e-01
5.208828e-01
5.869182e-01
6.496149e-01
7.086802e-01
7.637183e-01
8.143850e-01
8.603705e-01
9.016061e-01
9.375926e-01
9.683299e-01
9.934912e-01
1.013128e+00
1.026965e+00
1.034916e+00
1.036930e+00
1.033195e+00
1.023557e+00
1.008034e+00
9.867620e-01
9.600002e-01
9.278688e-01
8.902646e-01
8.476178e-01
8.002382e-01
7.482635e-01
6.920723e-01
6.318712e-01
5.681420e-01
5.011944e-01
4.313384e-01
3.590212e-01
2.848110e-01
2.090347e-01
1.319675e-01
5.350640e-02
-2.347466e-02
-1.021251e-01
-1.798290e-01
-2.560872e-01
-3.308998e-01
-4.041635e-01
-4.749661e-01
-5.429635e-01
-6.079491e-01
-6.695615e-01
-7.274220e-01
-7.809801e-01
-8.299774e-01
-8.745173e-01
-9.140146e-01
-9.482629e-01
-9.771071e-01
-1.000478e+00
-1.018153e+00
-1.030097e+00
-1.035983e+00
-1.036138e+00
-1.030424e+00
-1.018876e+00
-1.001391e+00
-9.782946e-01
-9.496741e-01
-9.157012e-01
-8.763760e-01
-8.320426e-01
-7.832174e-01
-7.297110e-01
-6.721258e-01
-6.107543e-01
-5.460269e-01
-4.780984e-01
-4.073646e-01
-3.342214e-01
-2.595293e-01
-1.832538e-01
-1.056876e-01
-2.732974e-02
5.006437e-02
1.284222e-01
2.054894e-01
2.813001e-01
3.556308e-01
4.281717e-01
4.981482e-01
5.652162e-01
6.289971e-01
6.894564e-01
7.459057e-01
7.979493e-01
8.455354e-01
8.884231e-01
9.262338e-01
9.587266e-01
9.857122e-01
1.007208e+00
1.023024e+00
1.032885e+00
1.036930e+00
1.035105e+00
1.027430e+00
1.013885e+00
9.944722e-01
9.695174e-01
9.391415e-01
9.033443e-01
8.623669e-01
8.166051e-01
7.661105e-01
7.112961e-01
6.523857e-01
5.897235e-01
5.238946e-01
4.549851e-01
3.834253e-01
3.096625e-01
2.344541e-01
1.578516e-01
7.976911e-02
2.151271e-03
-7.608614e-02
-1.541170e-01
-2.307539e-01
-3.060656e-01
-3.799316e-01
-4.516291e-01
-5.206763e-01
-5.866257e-01
-6.493567e-01
-7.085425e-01
-7.635117e-01
-8.141440e-01
-8.601984e-01
-9.014856e-01
-9.375065e-01
-9.681234e-01
-9.933535e-01
-1.012939e+00
-1.026758e+00
-1.034675e+00
-1.036758e+00
-1.032971e+00
-1.023368e+00
-1.007862e+00
-9.865383e-01
-9.597592e-01
-9.275935e-01
-8.900237e-01
-8.473769e-01
-8.000489e-01
-7.480570e-01
-6.918486e-01
-6.315614e-01
-5.679526e-01
-5.009879e-01
-4.311835e-01
-3.588491e-01
-2.845529e-01
-2.088109e-01
-1.316750e-01
-5.328267e-02
2.366398e-02
1.024865e-01
1.800183e-01
2.561733e-01
3.310719e-01
4.042496e-01
4.750866e-01
5.431872e-01
6.081212e-01
6.696647e-01
7.275425e-01
7.811005e-01
8.302183e-01
8.746894e-01
9.141867e-01
9.484350e-01
9.773308e-01
1.000651e+00
1.018394e+00
1.030218e+00
1.036224e+00
1.036327e+00
1.030648e+00
1.019065e+00
1.001563e+00
9.784667e-01
9.498978e-01
9.159250e-01
8.766342e-01
8.323696e-01
7.833895e-01
7.300380e-01
6.724356e-01
6.110297e-01
5.462162e-01
4.781844e-01
4.075367e-01
3.344623e-01
2.597358e-01
1.835808e-01
1.059630e-01
2.753626e-02
-4.977180e-02
-1.282157e-01
-2.053689e-01
-2.811625e-01
-3.555448e-01
-4.279824e-01
-4.979589e-01
-5.649064e-01
-6.287906e-01
-6.892155e-01
-7.456648e-01
-7.977600e-01
-8.453461e-01
-8.882510e-01
-9.260273e-01
-9.584685e-01
-9.855573e-01
-1.007053e+00
-1.022766e+00
-1.032662e+00
-1.036671e+00
-1.034916e+00
-1.027240e+00
-1.013713e+00
-9.942656e-01
-9.693109e-01
-9.389866e-01
-9.031550e-01
-8.621776e-01
-8.163469e-01
-7.659212e-01
-7.110207e-01
-6.520931e-01
-5.895514e-01
-5.237569e-01
-4.548474e-01
-3.832532e-01
-3.095076e-01
-2.342303e-01
-1.575763e-01
-7.951096e-02
-1.893118e-03
7.625824e-02
1.542547e-01
2.309260e-01
3.062893e-01
3.801037e-01
4.517668e-01
5.208484e-01
5.868838e-01
6.496149e-01
7.086974e-01
7.637527e-01
8.143850e-01
8.603878e-01
9.015889e-01
9.376614e-01
9.682955e-01
9.935256e-01
1.013094e+00
1.026948e+00
1.034864e+00
1.036930e+00
1.033161e+00
1.023575e+00
1.008068e+00
9.867964e-01
9.600174e-01
9.278344e-01
8.902990e-01
8.476350e-01
8.002727e-01
7.483496e-01
6.921412e-01
6.319056e-01
5.681764e-01
5.012633e-01
4.314244e-01
3.590729e-01
2.848110e-01
2.091035e-01
1.319159e-01
5.355803e-02
-2.338861e-02
-1.021595e-01
-1.797946e-01
-2.560528e-01
-3.308998e-01
-4.040258e-01
-4.748973e-01
-5.429119e-01
-6.078630e-01
-6.694582e-01
-7.273532e-01
-7.809456e-01
-8.300462e-01
-8.745001e-01
-9.139802e-01
-9.482801e-01
-9.771071e-01
-1.000513e+00
-1.018222e+00
-1.030046e+00
-1.036035e+00
-1.036138e+00
-1.030407e+00
-1.018842e+00
-1.001408e+00
-9.782258e-01
-9.496741e-01
-9.156840e-01
-8.763760e-01
-8.320942e-01
-7.831830e-01
-7.298142e-01
-6.721430e-01
-6.107715e-01
-5.460269e-01
-4.780984e-01
-4.074334e-01
-3.343419e-01
-2.594949e-01
-1.832883e-01
-1.056360e-01
-2.736416e-02
4.997832e-02
1.283534e-01
2.054894e-01
2.813174e-01
3.557169e-01
4.281373e-01
4.981998e-01
5.652334e-01
6.290659e-01
6.894220e-01
7.458713e-01
7.980009e-01
8.455870e-01
8.883887e-01
9.261822e-01
9.586578e-01
9.856950e-01
1.007259e+00
1.023024e+00
1.032868e+00
1.036912e+00
1.035157e+00
1.027481e+00
1.013834e+00
9.945410e-01
9.695346e-01
9.392103e-01
9.033615e-01
8.623497e-01
8.165535e-01
7.661621e-01
7.113477e-01
6.523341e-01
5.898440e-01
5.238946e-01
4.549679e-01
3.834941e-01
3.097658e-01
2.345401e-01
1.578000e-01
7.982074e-02
2.099640e-03
-7.600009e-02
-1.540998e-01
-2.307539e-01
-3.060828e-01
-3.799488e-01
-4.515947e-01
-5.206075e-01
-5.865913e-01
-6.493567e-01
-7.085597e-01
-7.634601e-01
-8.141440e-01
-8.601640e-01
-9.014168e-01
-9.374377e-01
-9.681062e-01
-9.933019e-01
-1.012956e+00
-1.026724e+00
-1.034641e+00
-1.036775e+00
-1.033006e+00
-1.023437e+00
-1.007827e+00
-9.866243e-01
-9.598109e-01
-9.275935e-01
-8.900753e-01
-8.473941e-01
-8.000317e-01
-7.480742e-01
-6.918486e-01
-6.315958e-01
-5.680215e-01
-5.011428e-01
-4.312695e-01
-3.589696e-01
-2.846045e-01
-2.088453e-01
-1.317438e-01
-5.329988e-02
2.366398e-02
1.023316e-01
1.799495e-01
2.561905e-01
3.310375e-01
4.042496e-01
4.750694e-01
5.432216e-01
6.081384e-01
6.697680e-01
7.275081e-01
7.810489e-01
8.301495e-01
8.746894e-01
9.141695e-01
9.484350e-01
9.773136e-01
1.000685e+00
1.018377e+00
1.030218e+00
1.036258e+00
1.036344e+00
1.030717e+00
1.019014e+00
1.001649e+00
9.785011e-01
9.499322e-01
9.158733e-01
8.766342e-01
8.323352e-01
7.834239e-01
7.300208e-01
6.724356e-01
6.110985e-01
5.462850e-01
4.782877e-01
4.076227e-01
3.345312e-01
2.598219e-01
1.835636e-01
1.060662e-01
2.751905e-02
-4.972017e-02
-1.281813e-01
-2.053345e-01
-2.810592e-01
-3.555104e-01
-4.280168e-01
-4.978901e-01
-5.649237e-01
-6.289110e-01
-6.891294e-01
-7.456820e-01
-7.977600e-01
-8.453633e-01
-8.881994e-01
-9.259929e-01
-9.584341e-01
-9.855229e-01
-1.007053e+00
-1.022783e+00
-1.032662e+00
-1.036740e+00
-1.034882e+00
-1.027275e+00
-1.013679e+00
-9.943000e-01
-9.693625e-01
-9.389522e-01
-9.031378e-01
-8.621776e-01
-8.163642e-01
-7.659040e-01
-7.110896e-01
-6.520587e-01
-5.896030e-01
-5.237397e-01
-4.548991e-01
-3.832876e-01
-3.095937e-01
-2.342476e-01
-1.576623e-01
-7.964864e-02
-1.961959e-03
7.624103e-02
1.542031e-01
2.308916e-01
3.062205e-01
3.800004e-01
4.517152e-01
5.208140e-01
5.868150e-01
6.495288e-01
7.087146e-01
7.636838e-01
8.143161e-01
8.603878e-01
9.016233e-01
9.375753e-01
9.683127e-01
9.934912e-01
1.013128e+00
1.026879e+00
1.034864e+00
1.036981e+00
1.033229e+00
1.023592e+00
1.008085e+00
9.868308e-01
9.600690e-01
9.278516e-01
8.902302e-01
8.476350e-01
8.002899e-01
7.483668e-01
6.921412e-01
6.319400e-01
5.681764e-01
5.012633e-01
4.314760e-01
3.591417e-01
2.848799e-01
2.091896e-01
1.320364e-01
5.364408e-02
-2.340582e-02
-1.020735e-01
-1.797602e-01
-2.560184e-01
-3.308654e-01
-4.040602e-01
-4.748629e-01
-5.429119e-01
-6.078458e-01
-6.694410e-01
-7.273188e-01
-7.809284e-01
-8.299774e-01
-8.745001e-01
-9.139802e-01
-9.482456e-01
-9.771587e-01
-1.000478e+00
-1.018171e+00
-1.029994e+00
-1.035931e+00
-1.036190e+00
-1.030476e+00
-1.018825e+00
-1.001425e+00
-9.782946e-01
-9.496397e-01
-9.157012e-01
-8.764276e-01
-8.320770e-01
-7.832346e-01
-7.297798e-01
-6.721946e-01
-6.108404e-01
-5.460613e-01
-4.781672e-01
-4.074334e-01
-3.343591e-01
-2.595637e-01
-1.833743e-01
-1.057048e-01
-2.739858e-02
4.994390e-02
1.283706e-01
2.054377e-01
2.812657e-01
3.556653e-01
4.280856e-01
4.981482e-01
5.651474e-01
6.290315e-01
6.894220e-01
7.458541e-01
7.979837e-01
8.454838e-01
8.883371e-01
9.262338e-01
9.586578e-01
9.857122e-01
1.007190e+00
1.023007e+00
1.032851e+00
1.036878e+00
1.035071e+00
1.027481e+00
1.013920e+00
9.944722e-01
9.695174e-01
9.391415e-01
9.033443e-01
8.624186e-01
8.166223e-01
7.661965e-01
7.113649e-01
6.524201e-01
5.898784e-01
5.239807e-01
4.550368e-01
3.834425e-01
3.097830e-01
2.345229e-01
1.579205e-01
7.994121e-02
2.220111e-03
-7.591404e-02
-1.540654e-01
-2.307195e-01
-3.060139e-01
-3.799316e-01
-4.515775e-01
-5.206247e-01
-5.865740e-01
-6.492879e-01
-7.085425e-01
-7.634601e-01
-8.141440e-01
-8.600952e-01
-9.013996e-01
-9.374549e-01
-9.680545e-01
-9.933019e-01
-1.012921e+00
-1.026741e+00
-1.034658e+00
-1.036723e+00
-1.033023e+00
-1.023351e+00
-1.007879e+00
-9.866243e-01
-9.597765e-01
-9.276107e-01
-8.900237e-01
-8.473425e-01
-8.001178e-01
-7.481086e-01
-6.919002e-01
-6.316819e-01
-5.680559e-01
-5.011256e-01
-4.313211e-01
-3.589524e-01
-2.846389e-01
-2.088453e-01
-1.317954e-01
-5.338593e-02
2.359514e-02
1.022628e-01
1.798634e-01
2.560700e-01
3.309687e-01
4.041979e-01
4.750694e-01
5.431872e-01
6.081728e-01
6.696991e-01
7.275425e-01
7.810317e-01
8.302183e-01
8.746206e-01
9.141867e-01
9.484522e-01
9.772448e-01
1.000668e+00
1.018360e+00
1.030200e+00
1.036224e+00
1.036344e+00
1.030682e+00
1.019031e+00
1.001546e+00
9.784495e-01
9.499322e-01
9.159250e-01
8.766514e-01
8.324040e-01
7.834927e-01
7.301240e-01
6.725216e-01
6.110985e-01
5.462678e-01
4.783049e-01
4.075883e-01
3.346000e-01
2.598046e-01
1.835980e-01
1.060835e-01
2.763952e-02
-4.965132e-02
-1.280953e-01
-2.052484e-01
-2.810420e-01
-3.553899e-01
-4.279824e-01
-4.979073e-01
-5.649237e-01
-6.288078e-01
-6.891810e-01
-7.456132e-01
-7.977772e-01
-8.453461e-01
-8.881822e-01
-9.259413e-01
-9.584341e-01
-9.855229e-01
-1.007053e+00
-1.022766e+00
-1.032644e+00
-1.036689e+00
-1.034933e+00
-1.027326e+00
-1.013730e+00
-9.942656e-01
-9.694142e-01
-9.390038e-01
-9.031378e-01
-8.622120e-01
-8.163642e-01
-7.659384e-01
-7.110724e-01
-6.521103e-01
-5.896030e-01
-5.237914e-01
-4.549163e-01
-3.832876e-01
-3.096109e-01
-2.343336e-01
-1.576451e-01
-7.963143e-02
-1.961959e-03
7.606893e-02
1.541859e-01
2.308055e-01
3.062032e-01
3.800176e-01
4.516808e-01
5.207624e-01
5.868666e-01
6.495805e-01
7.086974e-01
7.636666e-01
8.142817e-01
8.603705e-01
9.015373e-01
9.376270e-01
9.682783e-01
9.935428e-01
1.013076e+00
1.026965e+00
1.034916e+00
1.036981e+00
1.033264e+00
1.023557e+00
1.008068e+00
9.868480e-01
9.600862e-01
9.278688e-01
8.903507e-01
8.476694e-01
8.002554e-01
7.483840e-01
6.921756e-01
6.319400e-01
5.682108e-01
5.013321e-01
4.314588e-01
3.591417e-01
2.849143e-01
2.091723e-01
1.321224e-01
5.371292e-02
-2.344024e-02
-1.020391e-01
-1.796225e-01
-2.559496e-01
-3.307622e-01
-4.039398e-01
-4.747768e-01
-5.428430e-01
-6.077770e-01
-6.694582e-01
-7.272843e-01
-7.809112e-01
-8.299946e-01
-8.744140e-01
-9.139974e-01
-9.482284e-01
-9.771415e-01
-1.000410e+00
-1.018136e+00
-1.030028e+00
-1.036000e+00
-1.036172e+00
-1.030476e+00
-1.018807e+00
-1.001425e+00
-9.783634e-01
-9.497085e-01
-9.157184e-01
-8.764276e-01
-8.321287e-01
-7.832690e-01
-7.298487e-01
-6.721946e-01
-6.108404e-01
-5.460785e-01
-4.781672e-01
-4.074334e-01
-3.343935e-01
-2.595637e-01
-1.833915e-01
-1.057393e-01
-2.739858e-02
4.989227e-02
1.282846e-01
2.054205e-01
2.811625e-01
3.555448e-01
4.280684e-01
4.980450e-01
5.651130e-01
6.289455e-01
6.893359e-01
7.457853e-01
7.979665e-01
8.455354e-01
8.884059e-01
9.261994e-01
9.586750e-01
9.856433e-01
1.007225e+00
1.022989e+00
1.032834e+00
1.036912e+00
1.035105e+00
1.027430e+00
1.013937e+00
9.945754e-01
9.695863e-01
9.391587e-01
9.034132e-01
8.625046e-01
8.166567e-01
7.661965e-01
7.113477e-01
6.524546e-01
5.898440e-01
5.240151e-01
4.550368e-01
3.835801e-01
3.098174e-01
2.345745e-01
1.579893e-01
7.992400e-02
2.237321e-03
-7.586241e-02
-1.539793e-01
-2.307023e-01
-3.059279e-01
-3.798283e-01
-4.515431e-01
-5.205214e-01
-5.865224e-01
-6.492707e-01
-7.084220e-01
-7.634085e-01
-8.141268e-01
-8.601468e-01
-9.013824e-01
-9.374549e-01
-9.680545e-01
-9.933019e-01
-1.012887e+00
-1.026776e+00
-1.034641e+00
-1.036775e+00
-1.033023e+00
-1.023402e+00
-1.007879e+00
-9.866587e-01
-9.598281e-01
-9.276279e-01
-8.900925e-01
-8.474629e-01
-8.000489e-01
-7.481259e-01
-6.919691e-01
-6.317163e-01
-5.680387e-01
-5.011084e-01
-4.313211e-01
-3.589696e-01
-2.847078e-01
-2.088798e-01
-1.317954e-01
-5.336872e-02
2.354351e-02
1.022456e-01
1.798462e-01
2.560872e-01
3.309343e-01
4.041635e-01
4.749489e-01
5.431528e-01
6.080007e-01
6.696303e-01
7.274220e-01
7.809801e-01
8.301667e-01
8.746378e-01
9.141351e-01
9.484866e-01
9.771931e-01
1.000651e+00
1.018377e+00
1.030183e+00
1.036241e+00
1.036379e+00
1.030648e+00
1.019065e+00
1.001649e+00
9.785355e-01
9.499150e-01
9.159250e-01
8.766342e-01
8.324729e-01
7.834927e-01
7.301068e-01
6.725904e-01
6.110641e-01
5.463539e-01
4.783737e-01
4.076400e-01
3.346172e-01
2.598046e-01
1.836841e-01
1.060835e-01
2.762231e-02
-4.961690e-02
-1.280780e-01
-2.052656e-01
-2.810076e-01
-3.553899e-01
-4.278963e-01
-4.978556e-01
-5.648032e-01
-6.287045e-01
-6.891122e-01
-7.456132e-01
-7.976911e-01
-8.453461e-01
-8.881994e-01
-9.259757e-01
-9.584169e-01
-9.854884e-01
-1.006950e+00
-1.022766e+00
-1.032696e+00
-1.036706e+00
-1.034916e+00
-1.027258e+00
-1.013713e+00
-9.943173e-01
-9.693969e-01
-9.389694e-01
-9.031894e-01
-8.622292e-01
-8.163469e-01
-7.660416e-01
-7.111068e-01
-6.521792e-01
-5.896719e-01
-5.238086e-01
-4.549679e-01
-3.833564e-01
-3.095937e-01
-2.343164e-01
-1.576795e-01
-7.963143e-02
-2.030799e-03
7.603451e-02
1.541687e-01
2.308227e-01
3.061516e-01
3.799488e-01
4.516808e-01
5.207280e-01
5.867634e-01
6.495288e-01
7.086113e-01
7.636150e-01
8.142817e-01
8.603189e-01
9.015201e-01
9.375926e-01
9.682783e-01
9.934740e-01
1.013076e+00
1.026948e+00
1.034899e+00
1.036930e+00
1.033212e+00
1.023609e+00
1.008103e+00
9.868136e-01
9.601035e-01
9.279032e-01
8.902990e-01
8.476694e-01
8.003759e-01
7.484356e-01
6.922272e-01
6.320433e-01
5.682108e-01
5.013837e-01
4.315449e-01
3.592106e-01
2.849487e-01
2.091896e-01
1.321741e-01
5.369571e-02
-2.328535e-02
-1.019702e-01
-1.796913e-01
-2.558635e-01
-3.307105e-01
-4.039742e-01
-4.747252e-01
-5.428086e-01
-6.078286e-01
-6.693377e-01
-7.272843e-01
-7.808596e-01
-8.298741e-01
-8.744485e-01
-9.139286e-01
-9.482456e-01
-9.770383e-01
-1.000496e+00
-1.018205e+00
-1.029994e+00
-1.036035e+00
-1.036155e+00
-1.030493e+00
-1.018876e+00
-1.001459e+00
-9.782774e-01
-9.496741e-01
-9.157356e-01
-8.764276e-01
-8.322147e-01
-7.832862e-01
-7.298487e-01
-6.721946e-01
-6.108576e-01
-5.461302e-01
-4.782188e-01
-4.074851e-01
-3.344451e-01
-2.596325e-01
-1.834087e-01
-1.057909e-01
-2.743300e-02
4.985785e-02
1.282329e-01
2.053517e-01
2.811452e-01
3.554932e-01
4.280340e-01
4.979933e-01
5.650441e-01
6.288766e-01
6.893531e-01
7.457681e-01
7.978804e-01
8.454665e-01
8.883026e-01
9.261822e-01
9.585890e-01
9.856605e-01
1.007173e+00
1.022989e+00
1.032885e+00
1.036930e+00
1.035140e+00
1.027464e+00
1.013954e+00
9.945926e-01
9.696035e-01
9.391931e-01
9.033960e-01
8.624530e-01
8.166567e-01
7.662137e-01
7.113649e-01
6.524718e-01
5.898956e-01
5.240151e-01
4.550884e-01
3.835974e-01
3.099034e-01
2.345745e-01
1.580065e-01
7.997563e-02
2.237321e-03
-7.586241e-02
-1.539449e-01
-2.306162e-01
-3.059451e-01
-3.797767e-01
-4.514226e-01
-5.204698e-01
-5.865052e-01
-6.492190e-01
-7.084392e-01
-7.634085e-01
-8.140752e-01
-8.601640e-01
-9.013824e-01
-9.373344e-01
-9.680545e-01
-9.932674e-01
-1.012939e+00
-1.026707e+00
-1.034658e+00
-1.036758e+00
-1.033040e+00
-1.023437e+00
-1.007844e+00
-9.866759e-01
-9.597937e-01
-9.276967e-01
-8.900753e-01
-8.473941e-01
-8.001006e-01
-7.481603e-01
-6.919863e-01
-6.317163e-01
-5.680387e-01
-5.011600e-01
-4.313384e-01
-3.590212e-01
-2.846905e-01
-2.090174e-01
-1.318299e-01
-5.342035e-02
2.356072e-02
1.022628e-01
1.797774e-01
2.560356e-01
3.308998e-01
4.040775e-01
4.750005e-01
5.430667e-01
6.080351e-01
6.695615e-01
7.274048e-01
7.809112e-01
8.300979e-01
8.745861e-01
9.141179e-01
9.484178e-01
9.772448e-01
1.000668e+00
1.018325e+00
1.030149e+00
1.036241e+00
1.036362e+00
1.030631e+00
1.019152e+00
1.001632e+00
9.785355e-01
9.499322e-01
9.159250e-01
8.765997e-01
8.324212e-01
7.835444e-01
7.301929e-01
6.724872e-01
6.110813e-01
5.462850e-01
4.783393e-01
4.076744e-01
3.346000e-01
2.598907e-01
1.836841e-01
1.061351e-01
2.769115e-02
-4.961690e-02
-1.280264e-01
-2.051452e-01
-2.809387e-01
-3.553899e-01
-4.278791e-01
-4.978040e-01
-5.647688e-01
-6.286701e-01
-6.890261e-01
-7.455960e-01
-7.976911e-01
-8.451740e-01
-8.881650e-01
-9.259413e-01
-9.584341e-01
-9.855057e-01
-1.006932e+00
-1.022731e+00
-1.032713e+00
-1.036758e+00
-1.034882e+00
-1.027326e+00
-1.013696e+00
-9.943517e-01
-9.693281e-01
-9.390038e-01
-9.032239e-01
-8.622120e-01
-8.163986e-01
-7.660588e-01
-7.111240e-01
-6.522308e-01
-5.896374e-01
-5.237914e-01
-4.549851e-01
-3.834253e-01
-3.096453e-01
-2.343852e-01
-1.577656e-01
-7.964864e-02
-2.065220e-03
7.606893e-02
1.540654e-01
2.307539e-01
3.061000e-01
3.799660e-01
4.516808e-01
5.207280e-01
5.866773e-01
6.494772e-01
7.085769e-01
7.635806e-01
8.142645e-01
8.603017e-01
9.015201e-01
9.375753e-01
9.682267e-01
9.934568e-01
1.013076e+00
1.027017e+00
1.034830e+00
1.036947e+00
1.033212e+00
1.023575e+00
1.008120e+00
9.868653e-01
9.600690e-01
9.278860e-01
8.903507e-01
8.477039e-01
8.003931e-01
7.484012e-01
6.921928e-01
6.320089e-01
5.682968e-01
5.013665e-01
4.315449e-01
3.592278e-01
2.850003e-01
2.093100e-01
1.321396e-01
5.373013e-02
-2.330256e-02
-1.019702e-01
-1.795881e-01
-2.558463e-01
-3.307449e-01
-4.040086e-01
-4.748284e-01
-5.427742e-01
-6.077942e-01
-6.693721e-01
-7.272327e-01
-7.808080e-01
-8.298913e-01
-8.744313e-01
-9.139458e-01
-9.482112e-01
-9.770383e-01
-1.000444e+00
-1.018119e+00
-1.030046e+00
-1.035983e+00
-1.036172e+00
-1.030441e+00
-1.018876e+00
-1.001459e+00
-9.783118e-01
-9.497257e-01
-9.157356e-01
-8.764104e-01
-8.321631e-01
-7.833034e-01
-7.299003e-01
-6.722290e-01
-6.109092e-01
-5.461646e-01
-4.783049e-01
-4.075367e-01
-3.344968e-01
-2.596498e-01
-1.835120e-01
-1.057909e-01
-2.746742e-02
4.985785e-02
1.282674e-01
2.053689e-01
2.811280e-01
3.554932e-01
4.279824e-01
4.979761e-01
5.650785e-01
6.289110e-01
6.893359e-01
7.457509e-01
7.978977e-01
8.454493e-01
8.882854e-01
9.261306e-01
9.586406e-01
9.856433e-01
1.007122e+00
1.022955e+00
1.032834e+00
1.036878e+00
1.035105e+00
1.027498e+00
1.013834e+00
9.945238e-01
9.696379e-01
9.391759e-01
9.034304e-01
8.625218e-01
8.166223e-01
7.662309e-01
7.113994e-01
6.525234e-01
5.899128e-01
5.240495e-01
4.551056e-01
3.836146e-01
3.098862e-01
2.346262e-01
1.580237e-01
7.999285e-02
2.271742e-03
-7.582799e-02
-1.539277e-01
-2.306334e-01
-3.059107e-01
-3.797423e-01
-4.514570e-01
-5.204526e-01
-5.864708e-01
-6.492018e-01
-7.083704e-01
-7.634085e-01
-8.140580e-01
-8.600608e-01
-9.013307e-01
-9.374205e-01
-9.679857e-01
-9.932502e-01
-1.012921e+00
-1.026758e+00
-1.034658e+00
-1.036792e+00
-1.033023e+00
-1.023351e+00
-1.007844e+00
-9.867104e-01
-9.597592e-01
-9.276279e-01
-8.901613e-01
-8.474285e-01
-8.001178e-01
-7.481431e-01
-6.919347e-01
-6.317507e-01
-5.681247e-01
-5.012116e-01
-4.313900e-01
-3.590385e-01
-2.847250e-01
-2.089658e-01
-1.318471e-01
-5.345477e-02
2.350908e-02
1.022112e-01
1.797602e-01
2.559668e-01
3.308654e-01
4.041119e-01
4.748801e-01
5.430667e-01
6.079835e-01
6.695787e-01
7.274048e-01
7.809628e-01
8.301323e-01
8.746034e-01
9.140835e-01
9.483661e-01
9.772964e-01
1.000651e+00
1.018360e+00
1.030218e+00
1.036224e+00
1.036362e+00
1.030682e+00
1.019065e+00
1.001666e+00
9.784667e-01
9.498978e-01
9.159766e-01
8.766858e-01
8.324901e-01
7.835100e-01
7.301584e-01
6.725732e-01
6.110813e-01
5.463539e-01
4.784082e-01
4.077260e-01
3.346517e-01
2.598391e-01
1.837185e-01
1.061351e-01
2.770837e-02
-4.959969e-02
-1.280264e-01
-2.051796e-01
-2.809215e-01
-3.553211e-01
-4.277586e-01
-4.977524e-01
-5.647688e-01
-6.286357e-01
-6.890261e-01
-7.455960e-01
-7.977083e-01
-8.452084e-01
-8.881650e-01
-9.259241e-01
-9.583996e-01
-9.854884e-01
-1.002475e+00
-1.007087e+00
-1.005745e+00
-9.984133e-01
-9.856261e-01
-9.672113e-01
-9.435301e-01
-9.147202e-01
-8.813153e-01
-8.434874e-01
-8.017011e-01
-7.559221e-01
-7.069764e-01
-6.549672e-01
-6.005487e-01
-5.437207e-01
-4.851890e-01
-4.253664e-01
-3.645285e-01
-3.031570e-01
-2.414758e-01
-1.803109e-01
-1.196623e-01
-5.973648e-02
-2.030799e-03
5.440133e-02
1.092501e-01
1.616379e-01
2.113064e-01
2.583246e-01
3.023826e-01
3.430330e-01
3.802586e-01
4.140249e-01
4.441255e-01
4.703538e-01
4.928303e-01
5.115205e-01
5.263040e-01
5.372325e-01
5.443747e-01
5.478167e-01
5.476791e-01
5.441166e-01
5.371637e-01
5.270097e-01
5.138611e-01
4.979245e-01
4.794408e-01
4.586509e-01
4.358130e-01
4.111164e-01
3.847160e-01
3.571109e-01
3.283699e-01
2.988717e-01
2.687711e-01
2.384813e-01
2.080881e-01
1.779531e-01
1.483000e-01
1.192492e-01
9.116224e-02
6.426275e-02
3.846472e-02
1.409512e-02
-6.918486e-03
-2.803536e-02
-4.713864e-02
-6.424554e-02
-7.942491e-02
-9.264232e-02
-1.036912e-01
-1.126749e-01
-1.195418e-01
-1.244467e-01
-1.272520e-01
-1.281813e-01
-1.273208e-01
-1.246360e-01
-1.204367e-01
-1.146025e-01
-1.075635e-01
-1.010925e-01
-1.021595e-01
-1.033298e-01
-1.038633e-01
-1.038806e-01
-1.033298e-01
-1.022284e-01
-1.004385e-01
-9.808073e-02
-9.527547e-02
-9.190228e-02
-8.796115e-02
-8.357256e-02
-7.865045e-02
-7.329809e-02
-6.753269e-02
-6.144029e-02
-5.493485e-02
-4.818846e-02
-4.111508e-02
-3.383518e-02
-2.634876e-02
-1.882792e-02
-1.103172e-02
-3.321562e-03
2.805257e-03
1.061867e-02
1.834604e-02
2.584967e-02
3.333609e-02
4.052994e-02
4.751726e-02
5.421202e-02
6.057978e-02
6.656892e-02
7.221385e-02
7.744574e-02
8.221296e-02
8.651550e-02
9.025010e-02
9.350282e-02
9.618761e-02
9.833888e-02
9.993943e-02
1.008860e-01
1.013162e-01
1.011269e-01
1.003697e-01
9.897566e-02
9.706533e-02
9.460427e-02
9.159250e-02
8.799557e-02
8.389955e-02
7.928723e-02
7.433070e-02
6.880624e-02
6.292036e-02
5.660423e-02
5.009879e-02
4.324914e-02
3.605529e-02
2.872376e-02
2.120292e-02
1.354440e-02
5.834246e-03
-7.916676e-04
-8.088777e-03
-1.581614e-02
-2.352630e-02
-3.102993e-02
-3.830983e-02
-4.555531e-02
-5.249100e-02
-5.899644e-02
-6.532978e-02
-7.119845e-02
-7.665407e-02
-8.173107e-02
-8.630898e-02
-9.043941e-02
-9.400192e-02
-9.711696e-02
-9.962964e-02
-1.015744e-01
-1.029168e-01
-1.037945e-01
-1.039838e-01
-1.035536e-01
-1.026758e-01
-1.010753e-01
-9.901008e-02
-9.627366e-02
-9.308978e-02
-8.932075e-02
-8.505263e-02
-8.028542e-02
-7.508795e-02
-6.947743e-02
-6.355714e-02
-5.717217e-02
-5.047741e-02
-4.355893e-02
-3.631345e-02
-2.887866e-02
-2.137502e-02
-1.361324e-02
-5.903086e-03
6.539863e-04
8.037147e-03
1.576451e-02
2.331977e-02
3.082340e-02
3.813772e-02
4.522831e-02
5.199191e-02
5.849735e-02
6.462417e-02
7.040678e-02
7.577635e-02
8.068125e-02
8.515589e-02
8.904539e-02
9.248742e-02
9.539594e-02
9.768489e-02
9.945754e-02
1.006623e-01
1.012818e-01
1.012302e-01
1.006623e-01
9.954359e-02
9.775373e-02
9.541315e-02
9.262511e-02
8.921749e-02
8.527637e-02
8.092219e-02
7.600009e-02
7.061331e-02
6.491674e-02
5.870387e-02
5.226727e-02
4.548647e-02
3.849914e-02
3.116761e-02
2.375003e-02
1.610871e-02
8.432981e-03
1.101451e-03
-5.455622e-03
-1.330346e-02
-2.096198e-02
-2.850003e-02
-3.598645e-02
-4.318030e-02
-5.011600e-02
-5.682796e-02
-6.323014e-02
-6.923649e-02
-7.486422e-02
-8.009611e-02
-8.486332e-02
-8.916586e-02
-9.296931e-02
-9.617040e-02
-9.887240e-02
-1.009892e-01
-1.026242e-01
-1.035880e-01
-1.039838e-01
-1.037601e-01
-1.030200e-01
-1.016949e-01
-9.973290e-02
-9.715138e-02
-9.420844e-02
-9.061152e-02
-8.648108e-02
-8.198922e-02
-7.689502e-02
-7.143939e-02
-6.553631e-02
-5.927181e-02
-5.271473e-02
-4.588230e-02
-3.868845e-02
-3.139134e-02
-2.387050e-02
-1.624640e-02
-8.484611e-03
-1.221922e-03
5.455622e-03
1.318299e-02
2.080709e-02
2.829351e-02
3.569388e-02
4.283610e-02
4.973738e-02
5.631166e-02
6.262779e-02
6.849646e-02
7.396929e-02
7.909792e-02
8.367582e-02
8.782347e-02
9.142039e-02
9.450101e-02
9.699649e-02
9.892403e-02
1.003353e-01
1.011269e-01
1.013334e-01
1.008860e-01
9.987059e-02
9.845935e-02
9.625645e-02
9.362330e-02
9.042220e-02
8.663597e-02
8.241948e-02
7.765226e-02
7.250642e-02
6.687870e-02
6.087235e-02
5.447017e-02
4.777542e-02
4.087414e-02
3.362866e-02
2.617666e-02
1.865582e-02
1.098009e-02
3.287141e-03
-2.856887e-03
-1.072193e-02
-1.841488e-02
-2.603898e-02
-3.349098e-02
-4.080530e-02
-4.780984e-02
-5.460785e-02
-6.111329e-02
-6.727453e-02
-7.307436e-02
-7.839230e-02
-8.334883e-02
-8.777184e-02
-9.169576e-02
-9.513779e-02
-9.801189e-02
-1.003180e-01
-1.021423e-01
-1.033470e-01
-1.039322e-01
-1.039322e-01
-1.033815e-01
-1.022112e-01
-1.004902e-01
-9.813236e-02
-9.525826e-02
-9.191949e-02
-8.797836e-02
-8.355535e-02
-7.863324e-02
-7.331530e-02
-6.758432e-02
-6.142308e-02
-5.495206e-02
-4.815404e-02
-4.113229e-02
-3.385239e-02
-2.645202e-02
-1.879350e-02
-1.106614e-02
-3.355982e-03
2.753626e-03
1.060146e-02
1.832883e-02
2.584967e-02
3.319841e-02
4.049552e-02
4.746563e-02
5.417760e-02
6.049373e-02
6.653450e-02
7.224827e-02
7.744574e-02
8.224738e-02
8.648108e-02
9.028452e-02
9.353724e-02
9.618761e-02
9.839051e-02
9.992222e-02
1.009548e-01
1.012990e-01
1.011269e-01
1.003869e-01
9.902729e-02
9.706533e-02
9.455264e-02
9.155808e-02
8.796115e-02
8.393397e-02
7.928723e-02
7.427907e-02
6.882345e-02
6.292036e-02
5.663865e-02
5.002995e-02
4.318030e-02
3.607251e-02
2.870655e-02
2.122013e-02
1.352719e-02
5.868666e-03
-7.572472e-04
-8.192038e-03
-1.586777e-02
-2.350908e-02
-3.099551e-02
-3.836146e-02
-4.557252e-02
-5.240495e-02
-5.896202e-02
-6.527815e-02
-7.118124e-02
-7.668849e-02
-8.173107e-02
-8.632619e-02
-9.037057e-02
-9.405355e-02
-9.716859e-02
-9.968127e-02
-1.015572e-01
-1.029340e-01
-1.037601e-01
-1.039666e-01
-1.036052e-01
-1.026414e-01
-1.011441e-01
-9.892403e-02
-9.629087e-02
-9.312420e-02
-8.935517e-02
-8.505263e-02
-8.040589e-02
-7.512237e-02
-6.954628e-02
-6.352272e-02
-5.715496e-02
-5.047741e-02
-4.347288e-02
-3.629624e-02
-2.886145e-02
-2.128897e-02
-1.369929e-02
-5.885876e-03
7.056167e-04
8.019937e-03
1.573009e-02
2.335419e-02
3.085783e-02
3.813772e-02
4.522831e-02
5.199191e-02
5.844572e-02
6.462417e-02
7.040678e-02
7.577635e-02
8.062962e-02
8.512147e-02
8.913144e-02
9.245300e-02
9.536152e-02
9.770210e-02
9.944033e-02
1.006450e-01
1.012302e-01
1.012646e-01
1.006795e-01
9.952638e-02
9.780537e-02
9.548199e-02
9.264232e-02
8.920028e-02
8.527637e-02
8.093940e-02
7.603451e-02
7.064773e-02
6.493395e-02
5.877271e-02
5.226727e-02
4.557252e-02
3.844751e-02
3.118482e-02
2.378445e-02
1.612592e-02
8.467401e-03
1.187501e-03
-5.490043e-03
-1.328625e-02
-2.094477e-02
-2.853445e-02
-3.595203e-02
-4.312867e-02
-5.016763e-02
-5.682796e-02
-6.317851e-02
-6.925370e-02
-7.491585e-02
-8.013053e-02
-8.484611e-02
-8.916586e-02
-9.291768e-02
-9.615319e-02
-9.885519e-02
-1.010065e-01
-1.025382e-01
-1.035880e-01
-1.039666e-01
-1.037945e-01
-1.030373e-01
-1.016949e-01
-9.973290e-02
-9.720301e-02
-9.420844e-02
-9.069757e-02
-8.654992e-02
-8.192038e-02
-7.689502e-02
-7.145660e-02
-6.551910e-02
-5.932344e-02
-5.276636e-02
-4.581346e-02
-3.875729e-02
-3.133971e-02
-2.390492e-02
-1.622919e-02
-8.484611e-03
-1.239132e-03
5.472832e-03
1.318299e-02
2.077267e-02
2.836235e-02
3.571109e-02
4.287052e-02
4.978901e-02
5.634608e-02
6.262779e-02
6.859972e-02
7.400371e-02
7.908071e-02
8.367582e-02
8.782347e-02
9.136876e-02
9.446659e-02
9.699649e-02
9.894124e-02
1.003353e-01
1.011441e-01
1.012818e-01
1.009032e-01
9.997385e-02
9.835609e-02
9.627366e-02
9.365772e-02
9.042220e-02
8.667039e-02
8.235064e-02
7.763505e-02
7.254084e-02
6.691312e-02
6.082072e-02
5.450459e-02
4.787868e-02
4.082251e-02
3.366308e-02
2.626271e-02
1.863861e-02
1.101451e-02
3.287141e-03
-2.891308e-03
-1.070472e-02
-1.841488e-02
-2.603898e-02
-3.347377e-02
-4.078809e-02
-4.787868e-02
-5.465948e-02
-6.111329e-02
-6.730895e-02
-7.307436e-02
-7.846114e-02
-8.334883e-02
-8.778905e-02
-9.171297e-02
-9.515500e-02
-9.799468e-02
-1.003697e-01
-1.021595e-01
-1.032438e-01
-1.039322e-01
-1.038978e-01
-1.033298e-01
-1.021940e-01
-1.004213e-01
-9.811515e-02
-9.529268e-02
-9.188507e-02
-8.792673e-02
-8.355535e-02
-7.861603e-02
-7.328088e-02
-6.753269e-02
-6.144029e-02
-5.495206e-02
-4.815404e-02
-4.114950e-02
-3.383518e-02
-2.638318e-02
-1.882792e-02
-1.103172e-02
-3.373192e-03
2.805257e-03
1.053262e-02
1.825998e-02
2.586688e-02
3.328446e-02
4.049552e-02
4.750005e-02
5.414318e-02
6.059699e-02
6.658613e-02
7.226548e-02
7.746295e-02
8.223017e-02
8.648108e-02
9.026731e-02
9.350282e-02
9.620482e-02
9.837330e-02
9.990501e-02
1.009376e-01
1.012302e-01
1.011613e-01
1.003525e-01
9.901008e-02
9.706533e-02
9.460427e-02
9.157529e-02
8.797836e-02
8.381350e-02
7.935607e-02
7.424465e-02
6.878903e-02
6.288594e-02
5.667307e-02
5.008158e-02
4.318030e-02
3.607251e-02
2.874097e-02
2.116850e-02
1.363045e-02
5.885876e-03
-7.400371e-04
-8.071567e-03
-1.583335e-02
-2.349187e-02
-3.101272e-02
-3.837867e-02
-4.552089e-02
-5.240495e-02
-5.903086e-02
-6.522652e-02
-7.119845e-02
-7.672291e-02
-8.169665e-02
-8.636061e-02
-9.045663e-02
-9.410518e-02
-9.713417e-02
-9.962964e-02
-1.016088e-01
-1.029856e-01
-1.037601e-01
-1.039494e-01
-1.035880e-01
-1.026586e-01
-1.011441e-01
-9.894124e-02
-9.632529e-02
-9.305536e-02
-8.932075e-02
-8.505263e-02
-8.033705e-02
-7.513958e-02
-6.947743e-02
-6.345388e-02
-5.710333e-02
-5.049462e-02
-4.345567e-02
-3.624461e-02
-2.886145e-02
-2.134060e-02
-1.363045e-02
-5.954717e-03
7.056167e-04
8.002727e-03
1.578172e-02
2.328535e-02
3.084061e-02
3.812051e-02
4.519389e-02
5.202633e-02
5.842851e-02
6.458975e-02
7.033794e-02
7.579356e-02
8.064683e-02
8.512147e-02
8.904539e-02
9.250463e-02
9.536152e-02
9.768489e-02
9.945754e-02
1.006967e-01
1.012646e-01
1.012818e-01
1.006967e-01
9.956080e-02
9.773652e-02
9.549920e-02
9.264232e-02
8.921749e-02
8.536242e-02
8.087056e-02
7.605172e-02
7.068215e-02
6.495116e-02
5.872108e-02
5.228448e-02
4.552089e-02
3.844751e-02
3.113319e-02
2.373282e-02
1.610871e-02
8.501821e-03
1.187501e-03
-5.524463e-03
-1.328625e-02
-2.096198e-02
-2.851724e-02
-3.591761e-02
-4.314588e-02
-5.015042e-02
-5.681075e-02
-6.324735e-02
-6.925370e-02
-7.486422e-02
-8.004448e-02
-8.489774e-02
-8.909702e-02
-9.290047e-02
-9.617040e-02
-9.887240e-02
-1.009892e-01
-1.025554e-01
-1.035536e-01
-1.039838e-01
-1.038289e-01
-1.030373e-01
-1.016949e-01
-9.975011e-02
-9.725464e-02
-9.419123e-02
-9.061152e-02
-8.651550e-02
-8.198922e-02
-7.692944e-02
-7.149102e-02
-6.557073e-02
-5.935786e-02
-5.274915e-02
-4.581346e-02
-3.867124e-02
-3.135692e-02
-2.380166e-02
-1.621198e-02
-8.501821e-03
-1.273552e-03
5.472832e-03
1.314857e-02
2.073825e-02
2.836235e-02
3.574551e-02
4.285331e-02
4.977180e-02
5.632887e-02
6.262779e-02
6.853088e-02
7.400371e-02
7.906350e-02
8.367582e-02
8.782347e-02
9.140318e-02
9.446659e-02
9.692765e-02
9.890682e-02
1.003525e-01
1.011097e-01
1.013334e-01
1.009204e-01
9.997385e-02
9.844214e-02
9.630808e-02
9.362330e-02
9.040499e-02
8.668760e-02
8.243669e-02
7.773831e-02
7.250642e-02
6.686149e-02
6.083793e-02
5.450459e-02
4.784426e-02
4.080530e-02
3.364587e-02
2.622829e-02
1.869024e-02
1.108335e-02
3.338772e-03
-2.822467e-03
-1.065309e-02
-1.844930e-02
-2.597014e-02
-3.352540e-02
-4.078809e-02
-4.786147e-02
-5.467669e-02
-6.113050e-02
-6.732616e-02
-7.303994e-02
-7.842672e-02
-8.333162e-02
-8.775463e-02
-9.167855e-02
-9.512058e-02
-9.799468e-02
-1.003697e-01
-1.021079e-01
-1.033126e-01
-1.038461e-01
-1.038978e-01
-1.032954e-01
-1.021595e-01
-1.004385e-01
-9.816678e-02
-9.530989e-02
-9.191949e-02
-8.792673e-02
-8.358977e-02
-7.865045e-02
-7.324646e-02
-6.761874e-02
-6.137145e-02
-5.491764e-02
-4.820567e-02
-4.109787e-02
-3.383518e-02
-2.641760e-02
-1.879350e-02
-1.106614e-02
-3.407613e-03
2.736416e-03
1.060146e-02
1.831162e-02
2.586688e-02
3.330167e-02
4.056436e-02
4.750005e-02
5.422923e-02
6.051094e-02
6.660334e-02
7.228269e-02
7.746295e-02
8.221296e-02
8.649829e-02
9.028452e-02
9.350282e-02
9.617040e-02
9.833888e-02
9.990501e-02
1.009204e-01
1.013507e-01
1.010925e-01
1.003697e-01
9.899287e-02
9.708254e-02
9.456985e-02
9.159250e-02
8.796115e-02
8.396839e-02
7.930444e-02
7.422744e-02
6.880624e-02
6.295478e-02
5.672470e-02
5.009879e-02
4.321472e-02
3.608972e-02
2.870655e-02
2.122013e-02
1.354440e-02
5.834246e-03
-7.400371e-04
-8.037147e-03
-1.586777e-02
-2.352630e-02
-3.099551e-02
-3.839588e-02
-4.546925e-02
-5.247379e-02
-5.903086e-02
-6.532978e-02
-7.112961e-02
-7.667128e-02
-8.174828e-02
-8.636061e-02
-9.045663e-02
-9.401913e-02
-9.711696e-02
-9.985338e-02
-1.098009e-01
-1.224503e-01
-1.344974e-01
-1.459594e-01
-1.565953e-01
-1.661813e-01
-1.744594e-01
-1.814984e-01
-1.869712e-01
-1.906542e-01
-1.925645e-01
-1.924957e-01
-1.903444e-01
-1.861451e-01
-1.795709e-01
-1.708281e-01
-1.598480e-01
-1.464241e-01
-1.306596e-01
-1.126577e-01
-9.252184e-02
-7.026910e-02
-4.584788e-02
-1.939586e-02
7.228269e-03
3.710511e-02
6.832435e-02
1.007483e-01
1.343425e-01
1.687285e-01
2.037856e-01
2.390320e-01
2.743989e-01
3.096109e-01
3.443410e-01
3.781762e-01
4.111508e-01
4.426454e-01
4.726772e-01
5.006953e-01
5.266138e-01
5.499852e-01
5.708612e-01
5.886220e-01
6.033195e-01
6.146610e-01
6.223884e-01
6.263812e-01
6.264500e-01
6.226810e-01
6.147127e-01
6.026139e-01
5.862298e-01
5.656121e-01
5.407950e-01
5.118131e-01
4.786663e-01
4.415784e-01
4.005838e-01
3.559234e-01
3.076661e-01
2.560700e-01
2.014966e-01
1.443933e-01
8.432981e-02
2.209785e-02
-4.071925e-02
-1.064621e-01
-1.728933e-01
-2.397204e-01
-3.070638e-01
-3.742694e-01
-4.408039e-01
-5.063058e-01
-5.703104e-01
-6.326112e-01
-6.925542e-01
-7.495027e-01
-8.034221e-01
-8.537446e-01
-9.001088e-01
-9.420156e-01
-9.792928e-01
-1.006932e+00
-1.022783e+00
-1.032593e+00
-1.036723e+00
-1.034899e+00
-1.027258e+00
-1.013782e+00
-9.944205e-01
-9.694830e-01
-9.390898e-01
-9.033443e-01
-8.623325e-01
-8.165190e-01
-7.660933e-01
-7.112101e-01
-6.523513e-01
-5.898096e-01
-5.240151e-01
-4.551572e-01
-3.835801e-01
-3.098346e-01
-2.345918e-01
-1.579549e-01
-7.980353e-02
-2.288952e-03
7.589683e-02
1.538761e-01
2.305302e-01
3.058418e-01
3.797079e-01
4.515087e-01
5.205731e-01
5.864880e-01
6.492707e-01
7.084392e-01
7.634773e-01
8.140924e-01
8.601984e-01
9.013824e-01
9.375065e-01
9.681750e-01
9.934395e-01
1.013042e+00
1.026913e+00
1.034864e+00
1.036964e+00
1.033212e+00
1.023609e+00
1.008154e+00
9.868825e-01
9.601723e-01
9.280065e-01
8.904367e-01
8.478588e-01
8.004792e-01
7.485733e-01
6.923477e-01
6.321466e-01
5.684517e-01
5.015730e-01
4.317170e-01
3.594171e-01
2.851208e-01
2.094133e-01
1.322945e-01
5.393666e-02
-2.311325e-02
-1.017809e-01
-1.794676e-01
-2.557086e-01
-3.305384e-01
-4.037333e-01
-4.745531e-01
-5.425849e-01
-6.075704e-01
-6.692173e-01
-7.271295e-01
-7.806703e-01
-8.297709e-01
-8.742936e-01
-9.138942e-01
-9.481080e-01
-9.770383e-01
-1.000410e+00
-1.018102e+00
-1.029977e+00
-1.036017e+00
-1.036190e+00
-1.030510e+00
-1.018928e+00
-1.001511e+00
-9.783806e-01
-9.498118e-01
-9.158389e-01
-8.765825e-01
-8.322663e-01
-7.835616e-01
-7.300552e-01
-6.724528e-01
-6.111157e-01
-5.462850e-01
-4.784082e-01
-4.076744e-01
-3.346344e-01
-2.598219e-01
-1.836669e-01
-1.060146e-01
-2.767394e-02
4.961690e-02
1.280436e-01
2.051452e-01
2.809043e-01
3.553383e-01
4.278275e-01
4.978212e-01
5.649064e-01
6.287734e-01
6.891466e-01
7.456304e-01
7.977083e-01
8.453289e-01
8.881822e-01
9.260617e-01
9.585717e-01
9.856089e-01
1.007139e+00
1.022938e+00
1.032851e+00
1.036895e+00
1.035105e+00
1.027516e+00
1.013954e+00
9.945754e-01
9.696895e-01
9.393136e-01
9.035336e-01
8.625907e-01
8.167428e-01
7.663858e-01
7.115887e-01
6.526611e-01
5.900161e-01
5.242388e-01
4.552777e-01
3.837695e-01
3.101100e-01
2.347639e-01
1.582303e-01
8.019937e-02
2.512684e-03
-7.562146e-02
-1.536868e-01
-2.304269e-01
-3.057730e-01
-3.795702e-01
-4.512505e-01
-5.202289e-01
-5.862987e-01
-6.490125e-01
-7.082843e-01
-7.632364e-01
-8.139892e-01
-8.599747e-01
-9.012447e-01
-9.372484e-01
-9.679169e-01
-9.931986e-01
-1.012870e+00
-1.026690e+00
-1.034692e+00
-1.036740e+00
-1.033023e+00
-1.023420e+00
-1.007948e+00
-9.867448e-01
-9.598969e-01
-9.277311e-01
-8.902130e-01
-8.475490e-01
-8.002554e-01
-7.483324e-01
-6.921240e-01
-6.319228e-01
-5.682624e-01
-5.014009e-01
-4.315965e-01
-3.592106e-01
-2.849487e-01
-2.092068e-01
-1.320536e-01
-5.362687e-02
2.328535e-02
1.020735e-01
1.795709e-01
2.558291e-01
3.307449e-01
4.039398e-01
4.747768e-01
5.428946e-01
6.078802e-01
6.694582e-01
7.272499e-01
7.808252e-01
8.299774e-01
8.744657e-01
9.139974e-01
9.482456e-01
9.772104e-01
1.000582e+00
1.018343e+00
1.030287e+00
1.036258e+00
1.036327e+00
1.030613e+00
1.019083e+00
1.001683e+00
9.785872e-01
9.500527e-01
9.160626e-01
8.768407e-01
8.325417e-01
7.836821e-01
7.302961e-01
6.727625e-01
6.113223e-01
5.465432e-01
4.785458e-01
4.079497e-01
3.348238e-01
2.600628e-01
1.838906e-01
1.063932e-01
2.786326e-02
-4.935875e-02
-1.278027e-01
-2.049559e-01
-2.807322e-01
-3.551317e-01
-4.275865e-01
-4.975631e-01
-5.645794e-01
-6.284636e-01
-6.888540e-01
-7.454755e-01
-7.975362e-01
-8.451568e-01
-8.880273e-01
-9.258552e-01
-9.583308e-01
-9.854024e-01
-1.006915e+00
-1.022714e+00
-1.032644e+00
-1.036689e+00
-1.034899e+00
-1.027326e+00
-1.013799e+00
-9.944205e-01
-9.694830e-01
-9.390382e-01
-9.032927e-01
-8.623153e-01
-8.164674e-01
-7.660761e-01
-7.112789e-01
-6.523513e-01
-5.898612e-01
-5.240323e-01
-4.551744e-01
-3.835974e-01
-3.098518e-01
-2.346090e-01
-1.580065e-01
-7.987237e-02
-2.288952e-03
7.586241e-02
1.538761e-01
2.304785e-01
3.058590e-01
3.797079e-01
4.514570e-01
5.205386e-01
5.865396e-01
6.492879e-01
7.084048e-01
7.634429e-01
8.141096e-01
8.601812e-01
9.013480e-01
9.374032e-01
9.680890e-01
9.933707e-01
1.013042e+00
1.026862e+00
1.034796e+00
1.036981e+00
1.033298e+00
1.023678e+00
1.008154e+00
9.869513e-01
9.601723e-01
9.280237e-01
8.904883e-01
8.478243e-01
8.004620e-01
7.486422e-01
6.923649e-01
6.321466e-01
5.685206e-01
5.015386e-01
4.317514e-01
3.594515e-01
2.852068e-01
2.094821e-01
1.323462e-01
5.400550e-02
-2.304441e-02
-1.017293e-01
-1.793643e-01
-2.556914e-01
-3.304868e-01
-4.036988e-01
-4.745531e-01
-5.426021e-01
-6.075532e-01
-6.691828e-01
-7.270434e-01
-7.806186e-01
-8.297537e-01
-8.743452e-01
-9.137909e-01
-9.481424e-01
-9.770038e-01
-1.000324e+00
-1.018136e+00
-1.030011e+00
-1.035949e+00
-1.036172e+00
-1.030459e+00
-1.018928e+00
-1.001459e+00
-9.783806e-01
-9.498118e-01
-9.158217e-01
-8.766342e-01
-8.323180e-01
-7.834583e-01
-7.300036e-01
-6.725044e-01
-6.110985e-01
-5.463367e-01
-4.784770e-01
-4.077604e-01
-3.346689e-01
-2.598735e-01
-1.837013e-01
-1.060835e-01
-2.767394e-02
4.958248e-02
1.280092e-01
2.051452e-01
2.809043e-01
3.552866e-01
4.277759e-01
4.977524e-01
5.648376e-01
6.287389e-01
6.891122e-01
7.455271e-01
7.976739e-01
8.452772e-01
8.881994e-01
9.260445e-01
9.585373e-01
9.856089e-01
1.007104e+00
1.022938e+00
1.032851e+00
1.036947e+00
1.035123e+00
1.027498e+00
1.013937e+00
9.945926e-01
9.696895e-01
9.393136e-01
9.035509e-01
8.626251e-01
8.167600e-01
7.663342e-01
7.116403e-01
6.526439e-01
5.901021e-01
5.242388e-01
4.553121e-01
3.838211e-01
3.101444e-01
2.347983e-01
1.582819e-01
8.023379e-02
2.564315e-03
-7.562146e-02
-1.536523e-01
-2.304097e-01
-3.057386e-01
-3.795702e-01
-4.512505e-01
-5.202977e-01
-5.862987e-01
-6.489781e-01
-7.083015e-01
-7.632020e-01
-8.139375e-01
-8.599403e-01
-9.012275e-01
-9.372139e-01
-9.678824e-01
-9.931298e-01
-1.012904e+00
-1.026672e+00
-1.034623e+00
-1.036775e+00
-1.033075e+00
-1.023420e+00
-1.007913e+00
-9.867276e-01
-9.599486e-01
-9.278172e-01
-8.901958e-01
-8.475146e-01
-8.002727e-01
-7.483496e-01
-6.921240e-01
-6.318884e-01
-5.683485e-01
-5.014181e-01
-4.316481e-01
-3.592450e-01
-2.849487e-01
-2.091896e-01
-1.320708e-01
-5.366129e-02
2.335419e-02
1.020046e-01
1.795536e-01
2.558635e-01
3.307105e-01
4.039054e-01
4.746563e-01
5.428258e-01
6.077425e-01
6.694238e-01
7.272499e-01
7.807907e-01
8.300118e-01
8.744485e-01
9.139974e-01
9.482629e-01
9.771415e-01
1.000461e+00
1.018257e+00
1.030200e+00
1.036172e+00
1.036396e+00
1.030751e+00
1.019134e+00
1.001735e+00
9.786216e-01
9.500871e-01
9.160799e-01
8.768407e-01
8.326278e-01
7.837165e-01
7.303305e-01
6.727109e-01
6.113911e-01
5.465776e-01
4.785458e-01
4.080186e-01
3.348582e-01
2.601144e-01
1.839250e-01
1.063932e-01
2.789768e-02
-4.939317e-02
-1.277855e-01
-2.049903e-01
-2.807322e-01
-3.551662e-01
-4.275865e-01
-4.975459e-01
-5.645967e-01
-6.285668e-01
-6.888540e-01
-7.453894e-01
-7.975362e-01
-8.451396e-01
-8.880617e-01
-9.258896e-01
-9.583308e-01
-9.854540e-01
-1.006915e+00
-1.022748e+00
-1.032644e+00
-1.036689e+00
-1.034882e+00
-1.027326e+00
-1.013799e+00
-9.944205e-01
-9.694830e-01
-9.390554e-01
-9.033099e-01
-8.623841e-01
-8.165363e-01
-7.661277e-01
-7.112789e-01
-6.524201e-01
-5.898956e-01
-5.241011e-01
-4.551744e-01
-3.836318e-01
-3.099379e-01
-2.346090e-01
-1.579893e-01
-7.997563e-02
-2.271742e-03
7.582799e-02
1.538245e-01
2.305302e-01
3.058590e-01
3.796907e-01
4.514054e-01
5.204526e-01
5.865396e-01
6.492707e-01
7.083704e-01
7.634085e-01
8.140408e-01
8.601296e-01
9.013824e-01
9.375065e-01
9.681406e-01
9.934223e-01
1.013007e+00
1.026862e+00
1.034864e+00
1.036981e+00
1.033229e+00
1.023626e+00
1.008154e+00
9.869169e-01
9.601723e-01
9.279721e-01
8.904711e-01
8.478415e-01
8.005136e-01
7.486766e-01
6.923821e-01
6.321982e-01
5.685034e-01
5.015902e-01
4.317858e-01
3.594687e-01
2.852068e-01
2.094993e-01
1.324494e-01
5.403992e-02
-2.306162e-02
-1.016949e-01
-1.793471e-01
-2.555882e-01
-3.304868e-01
-4.036816e-01
-4.745531e-01
-5.425676e-01
-6.075532e-01
-6.691656e-01
-7.270434e-01
-7.806359e-01
-8.297020e-01
-8.742247e-01
-9.137565e-01
-9.480219e-01
-9.770383e-01
-1.000375e+00
-1.018050e+00
-1.029942e+00
-1.036017e+00
-1.036155e+00
-1.030493e+00
-1.018962e+00
-1.001477e+00
-9.784151e-01
-9.497774e-01
-9.158905e-01
-8.766514e-01
-8.322836e-01
-7.835272e-01
-7.300896e-01
-6.724700e-01
-6.110985e-01
-5.463711e-01
-4.785114e-01
-4.077776e-01
-3.347033e-01
-2.599251e-01
-1.837185e-01
-1.060490e-01
-2.777721e-02
4.956527e-02
1.279920e-01
2.050763e-01
2.808871e-01
3.553038e-01
4.277931e-01
4.978212e-01
5.648720e-01
6.286873e-01
6.891466e-01
7.455788e-01
7.976911e-01
8.452600e-01
8.881994e-01
9.260101e-01
9.584685e-01
9.855573e-01
1.007122e+00
1.022938e+00
1.032920e+00
1.036878e+00
1.035140e+00
1.027498e+00
1.013954e+00
9.946270e-01
9.697411e-01
9.393652e-01
9.035681e-01
8.625907e-01
8.167772e-01
7.664375e-01
7.115887e-01
6.527299e-01
5.900849e-01
5.242905e-01
4.553465e-01
3.837867e-01
3.101616e-01
2.349015e-01
1.582475e-01
8.018216e-02
2.547104e-03
-7.560425e-02
-1.537040e-01
-2.303925e-01
-3.056525e-01
-3.795185e-01
-4.512161e-01
-5.201600e-01
-5.861782e-01
-6.489781e-01
-7.082671e-01
-7.632192e-01
-8.138343e-01
-8.599403e-01
-9.011931e-01
-9.371967e-01
-9.679341e-01
-9.931642e-01
-1.012887e+00
-1.026672e+00
-1.034623e+00
-1.036775e+00
-1.033023e+00
-1.023437e+00
-1.007982e+00
-9.867792e-01
-9.599314e-01
-9.278000e-01
-8.902474e-01
-8.476178e-01
-8.002899e-01
-7.483324e-01
-6.921584e-01
-6.319572e-01
-5.682796e-01
-5.014870e-01
-4.316481e-01
-3.592278e-01
-2.850003e-01
-2.093100e-01
-1.321741e-01
-5.369571e-02
2.321651e-02
1.019530e-01
1.795192e-01
2.557258e-01
3.306761e-01
4.039054e-01
4.747252e-01
5.428430e-01
6.077942e-01
6.693377e-01
7.271639e-01
7.807563e-01
8.299258e-01
8.744140e-01
9.139802e-01
9.482629e-01
9.771071e-01
1.000496e+00
1.018308e+00
1.030200e+00
1.036207e+00
1.036327e+00
1.030717e+00
1.019152e+00
1.001700e+00
9.787076e-01
9.501043e-01
9.161315e-01
8.768063e-01
8.325761e-01
7.837337e-01
7.303822e-01
6.727625e-01
6.113567e-01
5.465776e-01
4.786147e-01
4.080186e-01
3.349442e-01
2.601661e-01
1.839594e-01
1.063932e-01
2.798373e-02
-4.934154e-02
-1.277511e-01
-2.049214e-01
-2.807150e-01
-3.550629e-01
-4.275693e-01
-4.975631e-01
-5.645622e-01
-6.284292e-01
-6.888713e-01
-7.454239e-01
-7.974502e-01
-8.450535e-01
-8.879929e-01
-9.258380e-01
-9.583136e-01
-9.854024e-01
-1.006915e+00
-1.022714e+00
-1.032610e+00
-1.036706e+00
-1.034864e+00
-1.027309e+00
-1.013765e+00
-9.944549e-01
-9.695002e-01
-9.391071e-01
-9.034132e-01
-8.624358e-01
-8.165535e-01
-7.662137e-01
-7.113305e-01
-6.524546e-01
-5.898784e-01
-5.241356e-01
-4.551744e-01
-3.836146e-01
-3.099206e-01
-2.346606e-01
-1.580409e-01
-7.995842e-02
-2.323372e-03
7.582799e-02
1.538589e-01
2.304613e-01
3.058418e-01
3.796907e-01
4.513366e-01
5.204698e-01
5.864880e-01
6.492018e-01
7.083876e-01
7.633569e-01
8.140236e-01
8.600780e-01
9.013307e-01
9.374721e-01
9.681406e-01
9.934051e-01
1.012973e+00
1.026862e+00
1.034847e+00
1.036964e+00
1.033229e+00
1.023712e+00
1.008154e+00
9.868997e-01
9.602411e-01
9.280409e-01
8.905055e-01
8.479104e-01
8.005996e-01
7.486422e-01
6.925026e-01
6.322498e-01
5.685206e-01
5.016247e-01
4.317514e-01
3.594687e-01
2.852585e-01
2.095165e-01
1.325011e-01
5.407434e-02
-2.299278e-02
-1.017293e-01
-1.793988e-01
-2.555882e-01
-3.304696e-01
-4.036988e-01
-4.745359e-01
-5.425676e-01
-6.074672e-01
-6.691484e-01
-7.270434e-01
-7.805670e-01
-8.297192e-01
-8.742419e-01
-9.137221e-01
-9.480563e-01
-9.769522e-01
-1.000358e+00
-1.018153e+00
-1.029994e+00
-1.036017e+00
-1.036138e+00
-1.030493e+00
-1.018911e+00
-1.001528e+00
-9.784151e-01
-9.498806e-01
-9.158561e-01
-8.766514e-01
-8.323008e-01
-7.835444e-01
-7.301412e-01
-6.725216e-01
-6.111329e-01
-5.464055e-01
-4.785114e-01
-4.078121e-01
-3.347549e-01
-2.599595e-01
-1.837701e-01
-1.061179e-01
-2.777721e-02
4.953085e-02
1.279232e-01
2.050419e-01
2.808871e-01
3.552350e-01
4.277242e-01
4.977696e-01
5.648032e-01
6.286873e-01
6.890950e-01
7.455960e-01
7.976567e-01
8.453117e-01
8.881994e-01
9.259757e-01
9.585373e-01
9.855573e-01
1.007087e+00
1.022989e+00
1.032885e+00
1.036895e+00
1.035123e+00
1.027481e+00
1.013937e+00
9.946443e-01
9.697928e-01
9.393652e-01
9.036025e-01
8.626251e-01
8.168288e-01
7.665235e-01
7.116575e-01
6.527299e-01
5.902570e-01
5.242732e-01
4.553465e-01
3.838555e-01
3.101272e-01
2.349360e-01
1.583335e-01
8.030263e-02
2.581525e-03
-7.551820e-02
-1.536179e-01
-2.303753e-01
-3.056353e-01
-3.794841e-01
-4.512333e-01
-5.202116e-01
-5.862126e-01
-6.489265e-01
-7.082499e-01
-7.631847e-01
-8.138687e-01
-8.599059e-01
-9.012275e-01
-9.372311e-01
-9.679169e-01
-9.931642e-01
-1.012835e+00
-1.026638e+00
-1.034641e+00
-1.036758e+00
-1.033040e+00
-1.023454e+00
-1.007982e+00
-9.867620e-01
-9.600174e-01
-9.278000e-01
-8.902818e-01
-8.476178e-01
-8.003243e-01
-7.483668e-01
-6.921928e-01
-6.319745e-01
-5.683485e-01
-5.015042e-01
-4.317686e-01
-3.593310e-01
-2.850347e-01
-2.093272e-01
-1.321052e-01
-5.381618e-02
2.321651e-02
1.019186e-01
1.795192e-01
2.557086e-01
3.306589e-01
4.038193e-01
4.746563e-01
5.427742e-01
6.077253e-01
6.693205e-01
7.271811e-01
7.807391e-01
8.299430e-01
8.743968e-01
9.139458e-01
9.482456e-01
9.771415e-01
1.000582e+00
1.018274e+00
1.030200e+00
1.036155e+00
1.036344e+00
1.030700e+00
1.019169e+00
1.001735e+00
9.787249e-01
9.501043e-01
9.160971e-01
8.768923e-01
8.326278e-01
7.837509e-01
7.304166e-01
6.727970e-01
6.114083e-01
5.466120e-01
4.786663e-01
4.080186e-01
3.349270e-01
2.602177e-01
1.839767e-01
1.064449e-01
2.796652e-02
-4.930712e-02
-1.277166e-01
-2.049214e-01
-2.806289e-01
-3.550457e-01
-4.275521e-01
-4.975114e-01
-5.645106e-01
-6.284464e-01
-6.888024e-01
-7.453550e-01
-7.974502e-01
-8.450707e-01
-8.880101e-01
-9.259069e-01
-9.582792e-01
-9.854024e-01
-1.006915e+00
-1.022697e+00
-1.032627e+00
-1.036689e+00
-1.034950e+00
-1.027326e+00
-1.013799e+00
-9.944549e-01
-9.695518e-01
-9.391243e-01
-9.033615e-01
-8.624530e-01
-8.165363e-01
-7.662482e-01
-7.113994e-01
-6.524546e-01
-5.900333e-01
-5.241011e-01
-4.552949e-01
-3.836318e-01
-3.099034e-01
-2.346434e-01
-1.580582e-01
-7.995842e-02
-2.375003e-03
7.570751e-02
1.537728e-01
2.304613e-01
3.057730e-01
3.796046e-01
4.513194e-01
5.203837e-01
5.864708e-01
6.492362e-01
7.083187e-01
7.633569e-01
8.140924e-01
8.600952e-01
9.013480e-01
9.374377e-01
9.681750e-01
9.933535e-01
1.013007e+00
1.026862e+00
1.034864e+00
1.036912e+00
1.033247e+00
1.023643e+00
1.008189e+00
9.869169e-01
9.602067e-01
9.280581e-01
8.905572e-01
8.479104e-01
8.005480e-01
7.487110e-01
6.924854e-01
6.322670e-01
5.686066e-01
5.016419e-01
4.318547e-01
3.596236e-01
2.853273e-01
2.096026e-01
1.324666e-01
5.409155e-02
-2.294115e-02
-1.016777e-01
-1.793299e-01
-2.555882e-01
-3.304352e-01
-4.036472e-01
-4.744498e-01
-5.425332e-01
-6.074500e-01
-6.690451e-01
-7.269918e-01
-7.806014e-01
-8.297192e-01
-8.741903e-01
-9.137737e-01
-9.480908e-01
-9.769694e-01
-1.000375e+00
-1.018050e+00
-1.029994e+00
-1.036017e+00
-1.036138e+00
-1.030476e+00
-1.018962e+00
-1.001528e+00
-9.784495e-01
-9.497774e-01
-9.159594e-01
-8.766686e-01
-8.324040e-01
-7.835100e-01
-7.301068e-01
-6.725560e-01
-6.111846e-01
-5.464744e-01
-4.785458e-01
-4.078809e-01
-3.347721e-01
-2.600456e-01
-1.837873e-01
-1.061351e-01
-2.777721e-02
4.949643e-02
1.278887e-01
2.050247e-01
2.808355e-01
3.552178e-01
4.277586e-01
4.976835e-01
5.647860e-01
6.286701e-01
6.889917e-01
7.455615e-01
7.976223e-01
8.452772e-01
8.881133e-01
9.260273e-01
9.584513e-01
9.855401e-01
1.007122e+00
1.022886e+00
1.032834e+00
1.036895e+00
1.035123e+00
1.027516e+00
1.014006e+00
9.947131e-01
9.697584e-01
9.393480e-01
9.035853e-01
8.626595e-01
8.168633e-01
7.664547e-01
7.116747e-01
6.528332e-01
5.902226e-01
5.243765e-01
4.554498e-01
3.839588e-01
3.102648e-01
2.349360e-01
1.583679e-01
8.033705e-02
2.615945e-03
-7.546657e-02
-1.536007e-01
-2.303064e-01
-3.055665e-01
-3.794497e-01
-4.511300e-01
-5.201600e-01
-5.861954e-01
-6.489953e-01
-7.081639e-01
-7.631503e-01
-8.138859e-01
-8.599059e-01
-9.012103e-01
-9.372311e-01
-9.679341e-01
-9.931298e-01
-1.012853e+00
-1.026672e+00
-1.034658e+00
-1.036740e+00
-1.033092e+00
-1.023402e+00
-1.007982e+00
-9.867792e-01
-9.599830e-01
-9.278172e-01
-8.903162e-01
-8.477039e-01
-8.003931e-01
-7.484701e-01
-6.922617e-01
-6.319745e-01
-5.684345e-01
-5.015386e-01
-4.317686e-01
-3.594171e-01
-2.851036e-01
-2.092928e-01
-1.321569e-01
-5.379897e-02
2.319930e-02
1.019186e-01
1.795020e-01
2.557086e-01
3.306417e-01
4.037505e-01
4.746047e-01
5.428086e-01
6.076737e-01
6.693721e-01
7.271467e-01
7.807563e-01
8.299258e-01
8.744313e-01
9.139630e-01
9.482456e-01
9.771071e-01
1.000565e+00
1.018291e+00
1.030166e+00
1.036172e+00
1.036344e+00
1.030682e+00
1.019255e+00
1.001718e+00
9.786904e-01
9.501043e-01
9.161487e-01
8.768923e-01
8.326794e-01
7.838369e-01
7.304338e-01
6.728486e-01
6.114599e-01
5.466981e-01
4.787179e-01
4.080702e-01
3.350303e-01
2.602177e-01
1.841143e-01
1.065825e-01
2.808699e-02
-4.923828e-02
-1.276994e-01
-2.048698e-01
-2.806289e-01
-3.550457e-01
-4.275521e-01
-4.974942e-01
-5.645278e-01
-6.284292e-01
-6.888368e-01
-7.453206e-01
-7.974502e-01
-8.450191e-01
-8.880101e-01
-9.257520e-01
-9.582448e-01
-9.853680e-01
-1.006932e+00
-1.022766e+00
-1.032679e+00
-1.036723e+00
-1.034916e+00
-1.027326e+00
-1.013782e+00
-9.944894e-01
-9.694658e-01
-9.391587e-01
-9.033615e-01
-8.624702e-01
-8.165707e-01
-7.663170e-01
-7.114166e-01
-6.524890e-01
-5.899644e-01
-5.241700e-01
-4.553121e-01
-3.837523e-01
-3.099895e-01
-2.347983e-01
-1.581442e-01
-8.007890e-02
-2.478264e-03
7.574193e-02
1.536007e-01
2.304097e-01
3.058074e-01
3.796046e-01
4.513021e-01
5.204182e-01
5.864364e-01
6.492535e-01
7.082843e-01
7.633224e-01
8.139892e-01
8.600780e-01
9.013307e-01
9.374549e-01
9.681062e-01
9.933707e-01
1.012990e+00
1.026931e+00
1.034882e+00
1.036912e+00
1.033229e+00
1.023712e+00
1.008206e+00
9.869685e-01
9.602239e-01
9.280237e-01
8.905572e-01
8.479104e-01
8.005136e-01
7.487282e-01
6.925198e-01
6.323187e-01
5.686410e-01
5.017623e-01
4.319407e-01
3.595720e-01
2.853101e-01
2.096198e-01
1.325527e-01
5.412597e-02
-2.288952e-02
-1.015400e-01
-1.792439e-01
-2.554677e-01
-3.304007e-01
-4.036472e-01
-4.745359e-01
-5.425160e-01
-6.074155e-01
-6.690624e-01
-7.270090e-01
-7.805670e-01
-8.297020e-01
-8.742247e-01
-9.137737e-01
-9.480908e-01
-9.769522e-01
-1.000324e+00
-1.018067e+00
-1.029925e+00
-1.036069e+00
-1.036190e+00
-1.030579e+00
-1.018876e+00
-1.001546e+00
-9.784839e-01
-9.498462e-01
-9.158905e-01
-8.766514e-01
-8.324557e-01
-7.835616e-01
-7.301412e-01
-6.725732e-01
-6.112362e-01
-5.464399e-01
-4.785975e-01
-4.078981e-01
-3.348582e-01
-2.600284e-01
-1.837701e-01
-1.062383e-01
-2.784605e-02
4.941038e-02
1.278543e-01
2.049559e-01
2.807322e-01
3.552006e-01
4.276898e-01
4.977180e-01
5.646999e-01
6.285841e-01
6.890606e-01
7.454755e-01
7.976223e-01
8.452772e-01
8.881133e-01
9.259585e-01
9.584685e-01
9.855745e-01
1.007104e+00
1.022886e+00
1.032834e+00
1.036912e+00
1.035088e+00
1.027533e+00
1.014006e+00
9.946787e-01
9.697928e-01
9.393824e-01
9.036369e-01
8.626595e-01
8.169149e-01
7.665063e-01
7.117264e-01
6.528160e-01
5.902914e-01
5.243765e-01
4.554670e-01
3.839416e-01
3.102993e-01
2.350392e-01
1.583851e-01
8.038868e-02
2.650365e-03
-7.541494e-02
-1.535491e-01
-2.302204e-01
-3.055493e-01
-3.793637e-01
-4.511989e-01
-5.202116e-01
-5.861954e-01
-6.489781e-01
-7.081294e-01
-7.631331e-01
-8.138343e-01
-8.599059e-01
-9.011414e-01
-9.371967e-01
-9.678652e-01
-9.931470e-01
-1.012835e+00
-1.026724e+00
-1.034658e+00
-1.036740e+00
-1.033023e+00
-1.023454e+00
-1.008017e+00
-9.867276e-01
-9.600002e-01
-9.278688e-01
-8.903334e-01
-8.477211e-01
-8.003415e-01
-7.484528e-01
-6.922617e-01
-6.320777e-01
-5.684517e-01
-5.015730e-01
-4.317858e-01
-3.593827e-01
-2.851552e-01
-2.093789e-01
-1.322773e-01
-5.388503e-02
2.309604e-02
1.018498e-01
1.793815e-01
2.555882e-01
3.305212e-01
4.037160e-01
4.745703e-01
5.427914e-01
6.077081e-01
6.692861e-01
7.271467e-01
7.807563e-01
8.298741e-01
8.743624e-01
9.139458e-01
9.482456e-01
9.771071e-01
1.000547e+00
1.018291e+00
1.030235e+00
1.036138e+00
1.036396e+00
1.030717e+00
1.019083e+00
1.001804e+00
9.786732e-01
9.501216e-01
9.161831e-01
8.768923e-01
8.326794e-01
7.838542e-01
7.304338e-01
6.728830e-01
6.114427e-01
5.467153e-01
4.787351e-01
4.081046e-01
3.350475e-01
2.602521e-01
1.841143e-01
1.065653e-01
2.806978e-02
-4.915223e-02
-1.276134e-01
-2.048182e-01
-2.805773e-01
-3.550113e-01
-4.274661e-01
-4.974254e-01
-5.644418e-01
-6.283603e-01
-6.887852e-01
-7.453034e-01
-7.974158e-01
-8.450535e-01
-8.878724e-01
-9.257864e-01
-9.582964e-01
-9.853336e-01
-1.006932e+00
-1.022714e+00
-1.032575e+00
-1.036723e+00
-1.034950e+00
-1.027309e+00
-1.013782e+00
-9.944722e-01
-9.695518e-01
-9.391587e-01
-9.033615e-01
-8.624530e-01
-8.166395e-01
-7.663342e-01
-7.114854e-01
-6.525234e-01
-5.901021e-01
-5.242044e-01
-4.553637e-01
-3.838211e-01
-3.100411e-01
-2.348155e-01
-1.581098e-01
-8.013053e-02
-2.461054e-03
7.563867e-02
1.537040e-01
2.303753e-01
3.057214e-01
3.795185e-01
4.512333e-01
5.203837e-01
5.863675e-01
6.491502e-01
7.083360e-01
7.632880e-01
8.140064e-01
8.600952e-01
9.013307e-01
9.373688e-01
9.680890e-01
9.933191e-01
1.012990e+00
1.026896e+00
1.034830e+00
1.036947e+00
1.033178e+00
1.023661e+00
1.008206e+00
9.869513e-01
9.602756e-01
9.280925e-01
8.905400e-01
8.479792e-01
8.006341e-01
7.487626e-01
6.925370e-01
6.323703e-01
5.686238e-01
5.017796e-01
4.319407e-01
3.596580e-01
2.853273e-01
2.097059e-01
1.325871e-01
5.412597e-02
-2.285510e-02
-1.015572e-01
-1.792094e-01
-2.554161e-01
-3.303319e-01
-4.035956e-01
-4.743982e-01
-5.424816e-01
-6.074328e-01
-6.690796e-01
-7.269746e-01
-7.806359e-01
-8.297020e-01
-8.742247e-01
-9.137393e-01
-9.480563e-01
-9.769178e-01
-1.000289e+00
-1.018050e+00
-1.029960e+00
-1.036000e+00
-1.036155e+00
-1.030562e+00
-1.018911e+00
-1.001546e+00
-9.785011e-01
-9.499322e-01
-9.159250e-01
-8.766858e-01
-8.324729e-01
-7.835444e-01
-7.301757e-01
-6.725904e-01
-6.112190e-01
-5.465260e-01
-4.785975e-01
-4.079153e-01
-3.348754e-01
-2.600972e-01
-1.839078e-01
-1.061867e-01
-2.788047e-02
4.946201e-02
1.278027e-01
2.049042e-01
2.807322e-01
3.551145e-01
4.276037e-01
4.976147e-01
5.646655e-01
6.285496e-01
6.890089e-01
7.454411e-01
7.976051e-01
8.452256e-01
8.881133e-01
9.259929e-01
9.584341e-01
9.855745e-01
1.007139e+00
1.022903e+00
1.032834e+00
1.036895e+00
1.035105e+00
1.027533e+00
1.014006e+00
9.947131e-01
9.698272e-01
9.394168e-01
9.036885e-01
8.626767e-01
8.169149e-01
7.664891e-01
7.116919e-01
6.528332e-01
5.903086e-01
5.243937e-01
4.555358e-01
3.840104e-01
3.102993e-01
2.350392e-01
1.584884e-01
8.045752e-02
2.633155e-03
-7.538052e-02
-1.534802e-01
-2.302376e-01
-3.055837e-01
-3.793637e-01
-4.510956e-01
-5.200051e-01
-5.860749e-01
-6.488232e-01
-7.080950e-01
-7.630815e-01
-8.138343e-01
-8.598887e-01
-9.011586e-01
-9.371623e-01
-9.679513e-01
-9.931470e-01
-1.012784e+00
-1.026638e+00
-1.034641e+00
-1.036792e+00
-1.033075e+00
-1.023437e+00
-1.007982e+00
-9.868136e-01
-9.600346e-01
-9.279377e-01
-8.903507e-01
-8.476867e-01
-8.003415e-01
-7.485217e-01
-6.923133e-01
-6.320433e-01
-5.685206e-01
-5.015558e-01
-4.317514e-01
-3.594171e-01
-2.851724e-01
-2.094649e-01
-1.322773e-01
-5.391945e-02
2.306162e-02
1.018153e-01
1.793988e-01
2.555882e-01
3.305212e-01
4.036300e-01
4.746047e-01
5.426021e-01
6.076909e-01
6.692517e-01
7.270950e-01
7.806875e-01
8.298397e-01
8.743796e-01
9.139630e-01
9.482629e-01
9.771071e-01
1.000496e+00
1.018274e+00
1.030183e+00
1.036207e+00
1.036396e+00
1.030717e+00
1.019169e+00
1.001786e+00
9.786560e-01
9.501560e-01
9.162003e-01
8.769439e-01
8.327138e-01
7.838369e-01
7.305199e-01
6.729174e-01
6.114599e-01
5.467153e-01
4.787351e-01
4.081046e-01
3.350131e-01
2.603037e-01
1.841316e-01
1.065998e-01
2.810420e-02
-4.916944e-02
-1.275790e-01
-2.047665e-01
-2.805085e-01
-3.548908e-01
-4.274316e-01
-4.973049e-01
-5.644246e-01
-6.283087e-01
-6.887336e-01
-7.452690e-01
-7.973469e-01
-8.449675e-01
-8.879240e-01
-9.257520e-01
-9.582448e-01
-9.853680e-01
-1.006881e+00
-1.022731e+00
-1.032593e+00
-1.036689e+00
-1.034916e+00
-1.027326e+00
-1.013765e+00
-9.945238e-01
-9.695346e-01
-9.391759e-01
-9.034304e-01
-8.625046e-01
-8.166739e-01
-7.662826e-01
-7.114510e-01
-6.525750e-01
-5.900333e-01
-5.242388e-01
-4.553637e-01
-3.837695e-01
-3.100755e-01
-2.348155e-01
-1.582130e-01
-8.014774e-02
-2.529894e-03
7.562146e-02
1.536868e-01
2.303236e-01
3.056869e-01
3.795013e-01
4.511473e-01
5.202977e-01
5.863331e-01
6.490986e-01
7.082327e-01
7.632708e-01
8.139375e-01
8.600091e-01
9.012963e-01
9.373688e-01
9.680545e-01
9.933363e-01
1.013007e+00
1.026862e+00
1.034864e+00
1.036964e+00
1.033247e+00
1.023661e+00
1.008171e+00
9.870029e-01
9.602756e-01
9.280753e-01
8.905572e-01
8.479448e-01
8.006513e-01
7.487110e-01
6.925370e-01
6.324047e-01
5.686583e-01
5.017968e-01
4.319923e-01
3.596408e-01
2.854306e-01
2.096886e-01
1.325871e-01
5.421202e-02
-2.287231e-02
-1.015056e-01
-1.791406e-01
-2.554677e-01
-3.302803e-01
-4.035439e-01
-4.743982e-01
-5.424128e-01
-6.073639e-01
-6.689247e-01
-7.268885e-01
-7.804810e-01
-8.296332e-01
-8.741903e-01
-9.137048e-01
-9.479359e-01
-9.769694e-01
-1.000341e+00
-1.018084e+00
-1.030028e+00
-1.036035e+00
-1.036172e+00
-1.030424e+00
-1.018979e+00
-1.001563e+00
-9.784839e-01
-9.498978e-01
-9.159938e-01
-8.766342e-01
-8.325245e-01
-7.836132e-01
-7.301929e-01
-6.726077e-01
-6.112706e-01
-5.464916e-01
-4.787007e-01
-4.079497e-01
-3.348926e-01
-2.601144e-01
-1.838906e-01
-1.062383e-01
-2.794931e-02
4.935875e-02
1.277683e-01
2.048870e-01
2.806806e-01
3.550973e-01
4.276037e-01
4.976491e-01
5.646999e-01
6.285841e-01
6.889573e-01
7.454583e-01
7.976051e-01
8.451396e-01
8.880789e-01
9.259069e-01
9.584341e-01
9.855229e-01
1.007036e+00
1.022869e+00
1.032885e+00
1.036895e+00
1.035105e+00
1.027464e+00
1.013988e+00
9.946615e-01
9.697928e-01
9.394513e-01
9.036541e-01
8.627283e-01
8.169665e-01
7.665924e-01
7.117780e-01
6.529192e-01
5.903086e-01
5.244109e-01
4.555186e-01
3.840104e-01
3.103165e-01
2.350564e-01
1.584196e-01
8.049194e-02
2.788047e-03
-7.532889e-02
-1.534630e-01
-2.301515e-01
-3.054976e-01
-3.793809e-01
-4.510784e-01
-5.200740e-01
-5.861094e-01
-6.487888e-01
-7.080778e-01
-7.630987e-01
-8.137826e-01
-8.598198e-01
-9.011070e-01
-9.371795e-01
-9.678480e-01
-9.931470e-01
-1.012784e+00
-1.026707e+00
-1.034641e+00
-1.036775e+00
-1.033040e+00
-1.023488e+00
-1.008017e+00
-9.867448e-01
-9.600174e-01
-9.279032e-01
-8.903507e-01
-8.476350e-01
-8.004275e-01
-7.484184e-01
-6.923305e-01
-6.320433e-01
-5.685206e-01
-5.016419e-01
-4.318202e-01
-3.595375e-01
-2.851896e-01
-2.094649e-01
-1.322773e-01
-5.390224e-02
2.304441e-02
