1,023133e-01
1,798870e-01
2,561015e-01
3,310430e-01
4,042468e-01
4,750764e-01
5,431362e-01
6,080648e-01
6,697074e-01
7,274274e-01
7,810529e-01
8,301364e-01
8,747125e-01
9,141445e-01
9,484668e-01
9,773011e-01
1,000716e+00
1,018385e+00
1,030256e+00
1,036329e+00
1,036415e+00
1,030737e+00
1,019124e+00
1,001645e+00
9,785398e-01
9,499636e-01
9,159681e-01
8,766394e-01
8,324418e-01
7,835647e-01
7,302145e-01
6,725805e-01
6,111960e-01
5,464050e-01
4,784657e-01
4,077736e-01
3,346731e-01
2,599381e-01
1,836719e-01
1,061498e-01
2,764713e-02
-4,963408e-02
-1,280336e-01
-2,051771e-01
-2,809100e-01
-3,553353e-01
-4,278509e-01
-4,978376e-01
-5,647963e-01
-6,286410e-01
-6,890793e-01
-7,454918e-01
-7,977065e-01
-8,452589e-01
-8,881146e-01
-9,259294e-01
-9,584109e-01
-9,854558e-01
-1,006944e+00
-1,022806e+00
-1,032595e+00
-1,036673e+00
-1,034866e+00
-1,027176e+00
-1,013688e+00
-9,943504e-01
-9,693527e-01
-9,389357e-01
-9,031338e-01
-8,621706e-01
-8,162699e-01
-7,659648e-01
-7,110663e-01
-6,521591e-01
-5,896219e-01
-5,237643e-01
-4,549131e-01
-3,833093e-01
-3,095893e-01
-2,343726e-01
-1,576764e-01
-7,962098e-02
-2,030094e-03
7,619735e-02
1,541667e-01
2,308458e-01
3,061657e-01
3,800405e-01
4,517648e-01
5,207363e-01
5,867316e-01
6,495269e-01
7,086233e-01
7,636423e-01
8,143258e-01
8,603470e-01
9,015682e-01
9,376282e-01
9,683033e-01
9,934902e-01
1,013155e+00
1,026952e+00
1,034866e+00
1,036931e+00
1,033232e+00
1,023615e+00
1,008148e+00
9,869182e-01
9,601313e-01
9,279078e-01
8,903683e-01
8,476847e-01
8,003560e-01
7,484510e-01
6,922277e-01
6,320302e-01
5,683231e-01
5,014504e-01
4,315842e-01
3,593094e-01
2,849874e-01
2,093061e-01
1,321798e-01
5,379749e-02
-2,327727e-02
-1,020036e-01
-1,795773e-01
-2,558091e-01
-3,306989e-01
-4,038855e-01
-4,747667e-01
-5,428093e-01
-6,078239e-01
-6,693977e-01
-7,271694e-01
-7,807948e-01
-8,298784e-01
-8,743512e-01
-9,139380e-01
-9,481916e-01
-9,770430e-01
-1,000355e+00
-1,018109e+00
-1,029997e+00
-1,036002e+00
-1,036122e+00
-1,030359e+00
-1,018798e+00
-1,001404e+00
-9,782301e-01
-9,496883e-01
-9,157101e-01
-8,763813e-01
-8,321321e-01
-7,832034e-01
-7,298532e-01
-6,722708e-01
-6,108519e-01
-5,460953e-01
-4,781732e-01
-4,074812e-01
-3,343806e-01
-2,596284e-01
-1,833966e-01
-1,058230e-01
-2,745788e-02
4,989214e-02
1,283088e-01
2,054180e-01
2,812368e-01
3,556450e-01
4,280746e-01
4,980612e-01
5,651059e-01
6,289335e-01
6,893718e-01
7,457155e-01
7,978614e-01
8,454998e-01
8,884414e-01
9,261874e-01
9,586861e-01
9,857311e-01
1,007219e+00
1,023047e+00
1,032871e+00
1,037000e+00
1,035142e+00
1,027520e+00
1,013980e+00
9,946085e-01
9,696280e-01
9,392110e-01
9,034435e-01
8,625491e-01
8,167000e-01
7,662573e-01
7,114448e-01
6,525376e-01
5,899144e-01
5,241084e-01
4,551712e-01
3,836878e-01
3,099678e-01
2,346651e-01
1,580205e-01
7,998227e-02
2,305361e-03
-7,587047e-02
-1,538398e-01
-2,305361e-01
-3,058904e-01
-3,797136e-01
-4,514207e-01
-5,204611e-01
-5,864563e-01
-6,492516e-01
-7,083308e-01
-7,634186e-01
-8,140161e-01
-8,600201e-01
-9,012930e-01
-9,373529e-01
-9,679936e-01
-9,932493e-01
-1,012811e+00
-1,026677e+00
-1,034591e+00
-1,036656e+00
-1,032974e+00
-1,023253e+00
-1,007838e+00
-9,866257e-01
-9,597700e-01
-9,276498e-01
-8,900586e-01
-8,474439e-01
-8,001151e-01
-7,481757e-01
-6,919524e-01
-6,317033e-01
-5,680306e-01
-5,011580e-01
-4,312918e-01
-3,589654e-01
-2,847121e-01
-2,089276e-01
-1,318529e-01
-5,345341e-02
2,350092e-02
1,022617e-01
1,798698e-01
2,561359e-01
3,309914e-01
4,041780e-01
4,750076e-01
5,431018e-01
6,080132e-01
6,696386e-01
7,274274e-01
7,810185e-01
8,301364e-01
8,746265e-01
9,142133e-01
9,484496e-01
9,773011e-01
1,000699e+00
1,018385e+00
1,030221e+00
1,036294e+00
1,036380e+00
1,030737e+00
1,019142e+00
1,001731e+00
9,785570e-01
9,499808e-01
9,160025e-01
8,767598e-01
8,324934e-01
7,835991e-01
7,301801e-01
6,725633e-01
6,112304e-01
5,463534e-01
4,785345e-01
4,077564e-01
3,347591e-01
2,599209e-01
1,837751e-01
1,062187e-01
2,773315e-02
-4,958247e-02
-1,279475e-01
-2,051255e-01
-2,808584e-01
-3,553181e-01
-4,278165e-01
-4,977343e-01
-5,647446e-01
-6,286066e-01
-6,890621e-01
-7,455090e-01
-7,975861e-01
-8,452245e-01
-8,880973e-01
-9,259122e-01
-9,584453e-01
-9,854042e-01
-1,006995e+00
-1,022720e+00
-1,032647e+00
-1,036707e+00
-1,034866e+00
-1,027159e+00
-1,013740e+00
-9,943160e-01
-9,693699e-01
-9,389701e-01
-9,032026e-01
-8,621534e-01
-8,163387e-01
-7,659992e-01
-7,111523e-01
-6,521935e-01
-5,896563e-01
-5,238331e-01
-4,549475e-01
-3,833953e-01
-3,096238e-01
-2,343382e-01
-1,576764e-01
-7,970700e-02
-1,961277e-03
7,609412e-02
1,541667e-01
2,308458e-01
3,061485e-01
3,800405e-01
4,517131e-01
5,207191e-01
5,866800e-01
6,495269e-01
7,086405e-01
7,636595e-01
8,142054e-01
8,603126e-01
9,014822e-01
9,376110e-01
9,682517e-01
9,935074e-01
1,013137e+00
1,026970e+00
1,034866e+00
1,037017e+00
1,033232e+00
1,023632e+00
1,008200e+00
9,868666e-01
9,601141e-01
9,279594e-01
8,903683e-01
8,477363e-01
8,004076e-01
7,484854e-01
6,922793e-01
6,320818e-01
5,683747e-01
5,015193e-01
4,316531e-01
3,593439e-01
2,850218e-01
2,093405e-01
1,321798e-01
5,378029e-02
-2,324286e-02
-1,019864e-01
-1,795085e-01
-2,557747e-01
-3,306645e-01
-4,038683e-01
-4,747151e-01
-5,427577e-01
-6,077035e-01
-6,693117e-01
-7,271694e-01
-7,806916e-01
-8,298784e-01
-8,744028e-01
-9,139036e-01
-9,481400e-01
-9,770086e-01
-1,000337e+00
-1,018058e+00
-1,029946e+00
-1,035985e+00
-1,036157e+00
-1,030393e+00
-1,018849e+00
-1,001387e+00
-9,782817e-01
-9,496711e-01
-9,157445e-01
-8,764157e-01
-8,321321e-01
-7,832894e-01
-7,299048e-01
-6,723052e-01
-6,109035e-01
-5,461297e-01
-4,782248e-01
-4,074640e-01
-3,344494e-01
-2,596284e-01
-1,834482e-01
-1,058746e-01
-2,749229e-02
4,985773e-02
1,282228e-01
2,054180e-01
2,812024e-01
3,555933e-01
4,280058e-01
4,979580e-01
5,650715e-01
6,289507e-01
6,892858e-01
7,457843e-01
7,978614e-01
8,454998e-01
8,883898e-01
9,262390e-01
9,586689e-01
9,856967e-01
1,007271e+00
1,022995e+00
1,032922e+00
1,036931e+00
1,035210e+00
1,027451e+00
1,014032e+00
9,945913e-01
9,696624e-01
9,392798e-01
9,035295e-01
8,625319e-01
8,167688e-01
7,662745e-01
7,114620e-01
6,526236e-01
5,899660e-01
5,240740e-01
4,552400e-01
3,836706e-01
3,098990e-01
2,347511e-01
1,581065e-01
8,006829e-02
2,356974e-03
-7,580165e-02
-1,538226e-01
-2,305361e-01
-3,058732e-01
-3,796448e-01
-4,514207e-01
-5,203751e-01
-5,864219e-01
-6,491656e-01
-7,083136e-01
-7,633326e-01
-8,139817e-01
-8,600373e-01
-9,012930e-01
-9,373873e-01
-9,679764e-01
-9,932149e-01
-1,012845e+00
-1,026660e+00
-1,034625e+00
-1,036759e+00
-1,032957e+00
-1,023374e+00
-1,007821e+00
-9,865569e-01
-9,598216e-01
-9,276498e-01
-8,900930e-01
-8,474094e-01
-8,000807e-01
-7,481929e-01
-6,919524e-01
-6,317378e-01
-5,680823e-01
-5,011924e-01
-4,313434e-01
-3,590170e-01
-2,847465e-01
-2,090137e-01
-1,319217e-01
-5,343621e-02
2,348372e-02
1,022617e-01
1,798698e-01
2,560327e-01
3,309397e-01
4,041436e-01
4,749560e-01
5,430502e-01
6,079960e-01
6,696042e-01
7,273930e-01
7,809497e-01
8,301192e-01
8,746437e-01
9,140929e-01
9,484496e-01
9,773183e-01
1,000716e+00
1,018402e+00
1,030290e+00
1,036225e+00
1,036397e+00
1,030754e+00
1,019107e+00
1,001679e+00
9,786258e-01
9,499636e-01
9,160197e-01
8,767942e-01
8,325278e-01
7,835991e-01
7,301973e-01
6,726493e-01
6,112820e-01
5,463878e-01
4,784829e-01
4,078081e-01
3,347419e-01
2,599725e-01
1,837063e-01
1,062187e-01
2,775035e-02
-4,953085e-02
-1,279819e-01
-2,050567e-01
-2,808756e-01
-3,552493e-01
-4,278165e-01
-4,977171e-01
-5,647102e-01
-6,286238e-01
-6,889933e-01
-7,454746e-01
-7,975861e-01
-8,451901e-01
-8,880629e-01
-9,258949e-01
-9,583248e-01
-9,854730e-01
-1,006944e+00
-1,022772e+00
-1,032681e+00
-1,036673e+00
-1,034866e+00
-1,027142e+00
-1,013688e+00
-9,943332e-01
-9,693699e-01
-9,389701e-01
-9,031338e-01
-8,622050e-01
-8,163731e-01
-7,660336e-01
-7,111867e-01
-6,522451e-01
-5,896907e-01
-5,237987e-01
-4,550163e-01
-3,833781e-01
-3,096754e-01
-2,344071e-01
-1,577796e-01
-7,972420e-02
-2,116115e-03
7,609412e-02
1,541495e-01
2,307426e-01
3,061485e-01
3,799545e-01
4,516615e-01
5,207191e-01
5,866800e-01
6,494409e-01
7,085544e-01
7,636078e-01
8,142742e-01
8,603126e-01
9,015510e-01
9,375422e-01
9,682689e-01
9,934386e-01
1,013155e+00
1,026987e+00
1,034952e+00
1,037000e+00
1,033249e+00
1,023598e+00
1,008148e+00
9,868666e-01
9,601141e-01
9,279594e-01
8,904199e-01
8,477535e-01
8,004248e-01
7,484510e-01
6,922965e-01
6,321507e-01
5,684091e-01
5,015193e-01
4,316531e-01
3,593611e-01
2,850906e-01
2,093405e-01
1,322314e-01
5,376309e-02
-2,322565e-02
-1,019004e-01
-1,794741e-01
-2,557574e-01
-3,305613e-01
-4,038511e-01
-4,746635e-01
-5,426889e-01
-6,076863e-01
-6,693117e-01
-7,271522e-01
-7,807432e-01
-8,298096e-01
-8,743168e-01
-9,138348e-01
-9,481228e-01
-9,769914e-01
-1,000355e+00
-1,018041e+00
-1,030032e+00
-1,035950e+00
-1,036122e+00
-1,030428e+00
-1,018866e+00
-1,001421e+00
-9,782645e-01
-9,496883e-01
-9,157445e-01
-8,764329e-01
-8,321837e-01
-7,833066e-01
-7,299048e-01
-6,722880e-01
-6,109207e-01
-5,461641e-01
-4,782764e-01
-4,075500e-01
-3,344150e-01
-2,596800e-01
-1,835171e-01
-1,059434e-01
-2,752670e-02
4,982333e-02
1,282228e-01
2,053320e-01
2,811336e-01
3,555073e-01
4,280574e-01
4,980096e-01
5,649683e-01
6,288819e-01
6,892858e-01
7,457155e-01
7,978442e-01
8,454654e-01
8,883382e-01
9,261358e-01
9,586345e-01
9,856623e-01
1,007219e+00
1,023013e+00
1,032957e+00
1,037017e+00
1,035159e+00
1,027520e+00
1,013963e+00
9,946085e-01
9,696108e-01
9,392798e-01
9,034779e-01
8,625491e-01
8,167344e-01
7,662917e-01
7,114792e-01
6,526064e-01
5,900348e-01
5,241772e-01
4,553260e-01
3,837050e-01
3,099678e-01
2,347167e-01
1,580893e-01
8,008549e-02
2,391382e-03
-7,581885e-02
-1,537882e-01
-2,303985e-01
-3,057872e-01
-3,796448e-01
-4,513346e-01
-5,203923e-01
-5,863703e-01
-6,491484e-01
-7,083480e-01
-7,632810e-01
-8,139473e-01
-8,600373e-01
-9,012930e-01
-9,373013e-01
-9,679592e-01
-9,932321e-01
-1,012828e+00
-1,026677e+00
-1,034574e+00
-1,036742e+00
-1,032939e+00
-1,023357e+00
-1,007873e+00
-9,866085e-01
-9,598388e-01
-9,277014e-01
-8,901102e-01
-8,473922e-01
-8,000979e-01
-7,481929e-01
-6,919696e-01
-6,317378e-01
-5,681339e-01
-5,011752e-01
-4,313262e-01
-3,590170e-01
-2,847637e-01
-2,090481e-01
-1,319045e-01
-5,352223e-02
2,346651e-02
1,022617e-01
1,798182e-01
2,560155e-01
3,309225e-01
4,041264e-01
4,749216e-01
5,429986e-01
6,079100e-01
6,695354e-01
7,273930e-01
7,809669e-01
8,301020e-01
8,746093e-01
9,140929e-01
9,483980e-01
9,772322e-01
1,000664e+00
1,018385e+00
1,030307e+00
1,036294e+00
1,036363e+00
1,030720e+00
1,019142e+00
1,001679e+00
9,786430e-01
9,500152e-01
9,160197e-01
8,767942e-01
8,325794e-01
7,835991e-01
7,302489e-01
6,726665e-01
6,112304e-01
5,464566e-01
4,785689e-01
4,078253e-01
3,347763e-01
2,600069e-01
1,838267e-01
1,062187e-01
2,775035e-02
-4,951365e-02
-1,278959e-01
-2,050739e-01
-2,808412e-01
-3,552665e-01
-4,277477e-01
-4,976483e-01
-5,646586e-01
-6,285894e-01
-6,889933e-01
-7,454402e-01
-7,975689e-01
-8,451557e-01
-8,880973e-01
-9,258433e-01
-9,583937e-01
-9,853698e-01
-1,006927e+00
-1,022703e+00
-1,032578e+00
-1,036673e+00
-1,034866e+00
-1,027228e+00
-1,013705e+00
-9,942644e-01
-9,693355e-01
-9,390045e-01
-9,031682e-01
-8,622050e-01
-8,163903e-01
-7,659992e-01
-7,111695e-01
-6,523140e-01
-5,897079e-01
-5,239191e-01
-4,549991e-01
-3,834125e-01
-3,097614e-01
-2,344759e-01
-1,577968e-01
-7,974141e-02
-2,150523e-03
7,605971e-02
1,540635e-01
2,307254e-01
3,060969e-01
3,799373e-01
4,516271e-01
5,206675e-01
5,866456e-01
6,493893e-01
7,085372e-01
7,636078e-01
8,142398e-01
8,602610e-01
9,015166e-01
9,376282e-01
9,682517e-01
9,934902e-01
1,013086e+00
1,026970e+00
1,034935e+00
1,036965e+00
1,033232e+00
1,023666e+00
1,008148e+00
9,869354e-01
9,602001e-01
9,279422e-01
8,904371e-01
8,478395e-01
8,004420e-01
7,485198e-01
6,923137e-01
6,321162e-01
5,684780e-01
5,015537e-01
4,317219e-01
3,593439e-01
2,850906e-01
2,093750e-01
1,322314e-01
5,384911e-02
-2,315684e-02
-1,019004e-01
-1,794569e-01
-2,557230e-01
-3,305957e-01
-4,037823e-01
-4,746119e-01
-5,426717e-01
-6,076175e-01
-6,692429e-01
-7,271522e-01
-7,806400e-01
-8,298440e-01
-8,742996e-01
-9,138692e-01
-9,481056e-01
-9,770086e-01
-1,000320e+00
-1,018092e+00
-1,029963e+00
-1,035967e+00
-1,036139e+00
-1,030393e+00
-1,018849e+00
-1,001387e+00
-9,782645e-01
-9,497055e-01
-9,156929e-01
-8,764329e-01
-8,322181e-01
-7,833066e-01
-7,299393e-01
-6,723224e-01
-6,109551e-01
-5,461641e-01
-4,783108e-01
-4,075672e-01
-3,345354e-01
-2,597144e-01
-1,835515e-01
-1,059262e-01
-2,761272e-02
4,980612e-02
1,281196e-01
2,052632e-01
2,811680e-01
3,555589e-01
4,280230e-01
4,979924e-01
5,650371e-01
6,288647e-01
6,892686e-01
7,457155e-01
7,978442e-01
8,454826e-01
8,883038e-01
9,261186e-01
9,586173e-01
9,856967e-01
1,007271e+00
1,023030e+00
1,032888e+00
1,036931e+00
1,035176e+00
1,027520e+00
1,013877e+00
9,946601e-01
9,697140e-01
9,393314e-01
9,035123e-01
8,625147e-01
8,167172e-01
7,663605e-01
7,115480e-01
6,525892e-01
5,900864e-01
5,241772e-01
4,552916e-01
3,837394e-01
3,100367e-01
2,348372e-01
1,581237e-01
8,010270e-02
2,391382e-03
-7,566402e-02
-1,537366e-01
-2,303985e-01
-3,058044e-01
-3,796620e-01
-4,513346e-01
-5,203578e-01
-5,863531e-01
-6,491484e-01
-7,082964e-01
-7,632122e-01
-8,138785e-01
-8,599513e-01
-9,012758e-01
-9,373013e-01
-9,679936e-01
-9,931633e-01
-1,012811e+00
-1,026660e+00
-1,034608e+00
-1,036724e+00
-1,032957e+00
-1,023408e+00
-1,007787e+00
-9,866601e-01
-9,598044e-01
-9,276670e-01
-8,901102e-01
-8,474439e-01
-8,001151e-01
-7,482273e-01
-6,920040e-01
-6,318066e-01
-5,681511e-01
-5,012956e-01
-4,314122e-01
-3,590858e-01
-2,847981e-01
-2,090653e-01
-1,320077e-01
-5,350502e-02
2,343210e-02
1,021241e-01
1,798010e-01
2,559467e-01
3,308881e-01
4,041092e-01
4,749560e-01
5,430158e-01
6,079616e-01
6,696214e-01
7,273414e-01
7,809153e-01
8,300332e-01
8,745749e-01
9,140585e-01
9,483980e-01
9,772150e-01
1,000699e+00
1,018402e+00
1,030256e+00
1,036311e+00
1,036397e+00
1,030772e+00
1,019073e+00
1,001765e+00
9,786602e-01
9,500324e-01
9,160369e-01
8,767942e-01
8,325278e-01
7,836507e-01
7,302489e-01
6,726837e-01
6,113164e-01
5,465254e-01
4,785861e-01
4,078769e-01
3,347935e-01
2,600413e-01
1,838095e-01
1,063219e-01
2,783637e-02
-4,946204e-02
-1,278443e-01
-2,049707e-01
-2,808239e-01
-3,551976e-01
-4,277649e-01
-4,976311e-01
-5,646930e-01
-6,286238e-01
-6,889761e-01
-7,454058e-01
-7,975689e-01
-8,451385e-01
-8,880457e-01
-9,258433e-01
-9,583248e-01
-9,853698e-01
-1,006944e+00
-1,022720e+00
-1,032613e+00
-1,036707e+00
-1,034883e+00
-1,027228e+00
-1,013654e+00
-9,942988e-01
-9,694559e-01
-9,389873e-01
-9,032198e-01
-8,622222e-01
-8,164419e-01
-7,659992e-01
-7,112555e-01
-6,522451e-01
-5,897251e-01
-5,239363e-01
-4,550335e-01
-3,834469e-01
-3,097442e-01
-2,344243e-01
-1,578828e-01
-7,979302e-02
-2,167728e-03
7,604251e-02
1,540635e-01
2,306737e-01
3,060453e-01
3,798857e-01
4,515411e-01
5,206331e-01
5,866284e-01
6,493548e-01
7,085717e-01
7,635218e-01
8,142226e-01
8,602610e-01
9,014994e-01
9,375766e-01
9,682517e-01
9,934902e-01
1,013137e+00
1,026901e+00
1,034866e+00
1,037034e+00
1,033283e+00
1,023666e+00
1,008183e+00
9,869354e-01
9,601829e-01
9,279767e-01
8,904199e-01
8,477879e-01
8,004764e-01
7,485542e-01
6,923309e-01
6,322023e-01
5,684608e-01
5,015881e-01
4,318079e-01
3,594299e-01
2,851594e-01
2,094610e-01
1,322830e-01
5,390072e-02
-2,319124e-02
-1,018660e-01
-1,794225e-01
-2,556714e-01
-3,305613e-01
-4,038167e-01
-4,745947e-01
-5,426717e-01
-6,076347e-01
-6,692429e-01
-7,270662e-01
-7,806572e-01
-8,297752e-01
-8,742824e-01
-9,138004e-01
-9,480883e-01
-9,769570e-01
-1,000389e+00
-1,018092e+00
-1,029911e+00
-1,035933e+00
-1,036139e+00
-1,030496e+00
-1,018849e+00
-1,001456e+00
-9,783333e-01
-9,497055e-01
-9,157789e-01
-8,765189e-01
-8,322181e-01
-7,833583e-01
-7,299048e-01
-6,724085e-01
-6,110067e-01
-5,462329e-01
-4,783280e-01
-4,076016e-01
-3,345354e-01
-2,597144e-01
-1,835515e-01
-1,059434e-01
-2,759552e-02
4,970290e-02
1,282056e-01
2,052804e-01
2,810992e-01
3,554729e-01
4,279197e-01
4,979580e-01
5,649683e-01
6,288475e-01
6,891997e-01
7,457155e-01
7,978098e-01
8,453966e-01
8,882694e-01
9,261702e-01
9,586345e-01
9,856795e-01
1,007185e+00
1,022995e+00
1,032888e+00
1,036931e+00
1,035176e+00
1,027537e+00
1,013998e+00
9,946085e-01
9,696796e-01
9,393314e-01
9,034951e-01
8,625663e-01
8,168204e-01
7,663949e-01
7,115824e-01
6,526236e-01
5,901036e-01
5,242288e-01
4,553604e-01
3,837910e-01
3,100022e-01
2,348200e-01
1,581237e-01
8,018872e-02
2,442995e-03
-7,569842e-02
-1,537366e-01
-2,304673e-01
-3,057872e-01
-3,795760e-01
-4,512830e-01
-5,203751e-01
-5,863359e-01
-6,491140e-01
-7,082620e-01
-7,632466e-01
-8,139301e-01
-8,598997e-01
-9,012241e-01
-9,372669e-01
-9,679076e-01
-9,931633e-01
-1,012828e+00
-1,026677e+00
-1,034574e+00
-1,036690e+00
-1,032991e+00
-1,023305e+00
-1,007890e+00
-9,866085e-01
-9,598560e-01
-9,276498e-01
-8,901102e-01
-8,475127e-01
-8,002012e-01
-7,482445e-01
-6,920556e-01
-6,318582e-01
-5,681511e-01
-5,012956e-01
-4,314982e-01
-3,590686e-01
-2,848153e-01
-2,090825e-01
-1,320077e-01
-5,360825e-02
2,343210e-02
1,020896e-01
1,797493e-01
2,559467e-01
3,308365e-01
4,040575e-01
4,749560e-01
5,429814e-01
6,079788e-01
6,695181e-01
7,273758e-01
7,808809e-01
8,300504e-01
8,745577e-01
9,140757e-01
9,483464e-01
9,772322e-01
1,000630e+00
1,018385e+00
1,030238e+00
1,036225e+00
1,036397e+00
1,030720e+00
1,019142e+00
1,001697e+00
9,786258e-01
9,500152e-01
9,160714e-01
8,768114e-01
8,325966e-01
7,836679e-01
7,303177e-01
6,727697e-01
6,113164e-01
5,465254e-01
4,786205e-01
4,078941e-01
3,348279e-01
2,600929e-01
1,838267e-01
1,063563e-01
2,785358e-02
-4,941043e-02
-1,278271e-01
-2,049879e-01
-2,808067e-01
-3,551288e-01
-4,276617e-01
-4,976999e-01
-5,646758e-01
-6,285550e-01
-6,889761e-01
-7,453714e-01
-7,975173e-01
-8,451729e-01
-8,880285e-01
-9,258089e-01
-9,582904e-01
-9,853526e-01
-1,006961e+00
-1,022686e+00
-1,032595e+00
-1,036638e+00
-1,034866e+00
-1,027279e+00
-1,013636e+00
-9,942816e-01
-9,694387e-01
-9,390561e-01
-9,032370e-01
-8,622739e-01
-8,164247e-01
-7,660680e-01
-7,112555e-01
-6,523140e-01
-5,897595e-01
-5,239707e-01
-4,550508e-01
-3,834641e-01
-3,097786e-01
-2,344931e-01
-1,578656e-01
-7,982743e-02
-2,202136e-03
7,588767e-02
1,540291e-01
2,306393e-01
3,060109e-01
3,799029e-01
4,515755e-01
5,205643e-01
5,866800e-01
6,494065e-01
7,085028e-01
7,635046e-01
8,142054e-01
8,602610e-01
9,014478e-01
9,375594e-01
9,682000e-01
9,934902e-01
1,013069e+00
1,026987e+00
1,034952e+00
1,036982e+00
1,033301e+00
1,023632e+00
1,008165e+00
9,869354e-01
9,602173e-01
9,279767e-01
8,904715e-01
8,478912e-01
8,004592e-01
7,486058e-01
6,923653e-01
6,322195e-01
5,684780e-01
5,016397e-01
4,317563e-01
3,594127e-01
2,851594e-01
2,094266e-01
1,323690e-01
5,398674e-02
-2,317404e-02
-1,018144e-01
-1,793709e-01
-2,555854e-01
-3,305096e-01
-4,036963e-01
-4,745431e-01
-5,425857e-01
-6,075659e-01
-6,691741e-01
-7,270145e-01
-7,806228e-01
-8,297579e-01
-8,742480e-01
-9,138348e-01
-9,480711e-01
-9,769914e-01
-1,000303e+00
-1,018092e+00
-1,029963e+00
-1,035985e+00
-1,036139e+00
-1,030428e+00
-1,018815e+00
-1,001404e+00
-9,783849e-01
-9,497572e-01
-9,157789e-01
-8,764329e-01
-8,322354e-01
-7,833755e-01
-7,300081e-01
-6,723740e-01
-6,109895e-01
-5,462329e-01
-4,783280e-01
-4,076016e-01
-3,345526e-01
-2,597488e-01
-1,836203e-01
-1,059950e-01
-2,759552e-02
4,973731e-02
1,281196e-01
2,052804e-01
2,810648e-01
3,554385e-01
4,279542e-01
4,978376e-01
5,649339e-01
6,287958e-01
6,891825e-01
7,456467e-01
7,977582e-01
8,454310e-01
8,883038e-01
9,261186e-01
9,586001e-01
9,856623e-01
1,007168e+00
1,022961e+00
1,032871e+00
1,036965e+00
1,035176e+00
1,027520e+00
1,013963e+00
9,946773e-01
9,696968e-01
9,393142e-01
9,035811e-01
8,626696e-01
8,167860e-01
7,663777e-01
7,115480e-01
6,526925e-01
5,901208e-01
5,242804e-01
4,553948e-01
3,838082e-01
3,101399e-01
2,348372e-01
1,582269e-01
8,017151e-02
2,546220e-03
-7,561240e-02
-1,536850e-01
-2,303813e-01
-3,056668e-01
-3,795932e-01
-4,512830e-01
-5,203234e-01
-5,863015e-01
-6,490968e-01
-7,081588e-01
-7,632122e-01
-8,138785e-01
-8,599513e-01
-9,012069e-01
-9,372669e-01
-9,679248e-01
-9,932149e-01
-1,012793e+00
-1,026677e+00
-1,034574e+00
-1,036724e+00
-1,033025e+00
-1,023391e+00
-1,007890e+00
-9,866429e-01
-9,598904e-01
-9,277014e-01
-8,901618e-01
-8,475815e-01
-8,000979e-01
-7,482273e-01
-6,921072e-01
-6,318754e-01
-5,682199e-01
-5,013300e-01
-4,315154e-01
-3,591202e-01
-2,848841e-01
-2,091169e-01
-1,320421e-01
-5,359104e-02
2,336329e-02
1,020724e-01
1,796633e-01
2,559295e-01
3,308193e-01
4,040575e-01
4,748528e-01
5,429297e-01
6,078583e-01
6,694837e-01
7,272726e-01
7,808809e-01
8,300332e-01
8,745060e-01
9,140585e-01
9,484152e-01
9,771978e-01
1,000630e+00
1,018402e+00
1,030221e+00
1,036243e+00
1,036432e+00
1,030754e+00
1,019159e+00
1,001783e+00
9,786774e-01
9,500496e-01
9,160886e-01
8,767942e-01
8,326138e-01
7,837023e-01
7,303177e-01
6,728041e-01
6,113336e-01
5,465426e-01
4,787237e-01
4,079285e-01
3,348967e-01
2,600757e-01
1,839472e-01
1,063907e-01
2,785358e-02
-4,937602e-02
-1,278099e-01
-2,049535e-01
-2,807379e-01
-3,551288e-01
-4,276445e-01
-4,976139e-01
-5,645726e-01
-6,285378e-01
-6,889417e-01
-7,454058e-01
-7,974657e-01
-8,451557e-01
-8,880113e-01
-9,258433e-01
-9,582732e-01
-9,854042e-01
-1,006892e+00
-1,022634e+00
-1,032595e+00
-1,036673e+00
-1,034901e+00
-1,027245e+00
-1,013722e+00
-9,943332e-01
-9,694904e-01
-9,390045e-01
-9,032370e-01
-8,623255e-01
-8,164935e-01
-7,661197e-01
-7,112555e-01
-6,523484e-01
-5,898111e-01
-5,240395e-01
-4,551024e-01
-3,835329e-01
-3,098130e-01
-2,345103e-01
-1,579000e-01
-7,987904e-02
-2,202136e-03
7,587047e-02
1,539431e-01
2,306221e-01
3,059593e-01
3,798168e-01
4,515583e-01
5,205815e-01
5,865596e-01
6,493376e-01
7,084856e-01
7,635046e-01
8,141538e-01
8,601750e-01
9,013962e-01
9,375594e-01
9,682172e-01
9,934558e-01
1,013069e+00
1,026970e+00
1,034987e+00
1,036965e+00
1,033266e+00
1,023684e+00
1,008165e+00
9,868838e-01
9,602173e-01
9,279939e-01
8,905059e-01
8,478395e-01
8,005280e-01
7,486058e-01
6,924513e-01
6,322539e-01
5,684952e-01
5,016913e-01
4,318423e-01
3,594987e-01
2,851938e-01
2,094438e-01
1,324550e-01
5,398674e-02
-2,307082e-02
-1,017628e-01
-1,793364e-01
-2,555682e-01
-3,304580e-01
-4,037479e-01
-4,745087e-01
-5,425857e-01
-6,075831e-01
-6,691569e-01
-7,270490e-01
-7,806400e-01
-8,297407e-01
-8,742652e-01
-9,137660e-01
-9,480883e-01
-9,769570e-01
-1,000406e+00
-1,018058e+00
-1,029963e+00
-1,035985e+00
-1,036122e+00
-1,030445e+00
-1,018884e+00
-1,001456e+00
-9,783333e-01
-9,497572e-01
-9,157961e-01
-8,765189e-01
-8,323042e-01
-7,834099e-01
-7,299909e-01
-6,724601e-01
-6,110239e-01
-5,463018e-01
-4,784312e-01
-4,076876e-01
-3,345870e-01
-2,598348e-01
-1,836203e-01
-1,060638e-01
-2,766433e-02
4,966849e-02
1,280680e-01
2,051943e-01
2,810132e-01
3,553697e-01
4,278853e-01
4,978204e-01
5,649167e-01
6,287442e-01
6,891481e-01
7,456467e-01
7,977410e-01
8,453794e-01
8,882522e-01
9,261358e-01
9,586001e-01
9,856623e-01
1,007168e+00
1,023013e+00
1,032888e+00
1,036965e+00
1,035193e+00
1,027503e+00
1,014049e+00
9,947289e-01
9,697312e-01
9,393314e-01
9,035811e-01
8,626179e-01
8,168204e-01
7,664293e-01
7,115824e-01
6,527097e-01
5,901552e-01
5,242976e-01
4,554464e-01
3,838254e-01
3,101915e-01
2,348716e-01
1,582441e-01
8,024033e-02
2,477403e-03
-7,557799e-02
-1,536506e-01
-2,303641e-01
-3,056840e-01
-3,794900e-01
-4,511970e-01
-5,202030e-01
-5,862671e-01
-6,490108e-01
-7,082104e-01
-7,631949e-01
-8,138613e-01
-8,599685e-01
-9,011897e-01
-9,372153e-01
-9,679248e-01
-9,931633e-01
-1,012828e+00
-1,026677e+00
-1,034608e+00
-1,036724e+00
-1,033025e+00
-1,023443e+00
-1,007890e+00
-9,866945e-01
-9,599076e-01
-9,277530e-01
-8,901791e-01
-8,475471e-01
-8,001667e-01
-7,482961e-01
-6,921072e-01
-6,319098e-01
-5,682027e-01
-5,013816e-01
-4,314810e-01
-3,592062e-01
-2,849013e-01
-2,092373e-01
-1,320421e-01
-5,365986e-02
2,338049e-02
1,020380e-01
1,796461e-01
2,558435e-01
3,308021e-01
4,039715e-01
4,748184e-01
5,428953e-01
6,078239e-01
6,694493e-01
7,272898e-01
7,808464e-01
8,300332e-01
8,745060e-01
9,140413e-01
9,483464e-01
9,772322e-01
1,000647e+00
1,018367e+00
1,030221e+00
1,036277e+00
1,036415e+00
1,030703e+00
1,019193e+00
1,001748e+00
9,786946e-01
9,500840e-01
9,161230e-01
8,767770e-01
8,326138e-01
7,837712e-01
7,304210e-01
6,727353e-01
6,113164e-01
5,465598e-01
4,787237e-01
4,080145e-01
3,348967e-01
2,601789e-01
1,839472e-01
1,064079e-01
2,790519e-02
-4,935881e-02
-1,277583e-01
-2,048503e-01
-2,807035e-01
-3,551288e-01
-4,276617e-01
-4,975279e-01
-5,645554e-01
-6,284690e-01
-6,888557e-01
-7,453542e-01
-7,974657e-01
-8,449665e-01
-8,879425e-01
-9,258433e-01
-9,583420e-01
-9,853526e-01
-1,006858e+00
-1,022668e+00
-1,032664e+00
-1,036690e+00
-1,034849e+00
-1,027262e+00
-1,013688e+00
-9,943504e-01
-9,694215e-01
-9,390389e-01
-9,033058e-01
-8,623083e-01
-8,165279e-01
-7,661541e-01
-7,112727e-01
-6,524000e-01
-5,897939e-01
-5,239707e-01
-4,551712e-01
-3,835501e-01
-3,098130e-01
-2,345447e-01
-1,579172e-01
-7,989625e-02
-2,288157e-03
7,585326e-02
1,539087e-01
2,306049e-01
3,059937e-01
3,797652e-01
4,515239e-01
5,205815e-01
5,865079e-01
6,493032e-01
7,084340e-01
7,634358e-01
8,141193e-01
8,602094e-01
9,014478e-01
9,375250e-01
9,682000e-01
9,934214e-01
1,013086e+00
1,027004e+00
1,034832e+00
1,037000e+00
1,033249e+00
1,023649e+00
1,008234e+00
9,869698e-01
9,601657e-01
9,280455e-01
8,905231e-01
8,479084e-01
8,005796e-01
7,486402e-01
6,924341e-01
6,322367e-01
5,685640e-01
5,016913e-01
4,318767e-01
3,595503e-01
2,852798e-01
2,095126e-01
1,324550e-01
5,400394e-02
-2,308802e-02
-1,016940e-01
-1,792848e-01
-2,555854e-01
-3,304752e-01
-4,037307e-01
-4,745947e-01
-5,425340e-01
-6,075659e-01
-6,691913e-01
-7,270490e-01
-7,805884e-01
-8,297235e-01
-8,742308e-01
-9,138004e-01
-9,480711e-01
-9,769054e-01
-1,000320e+00
-1,018058e+00
-1,029946e+00
-1,035933e+00
-1,036139e+00
-1,030428e+00
-1,018884e+00
-1,001456e+00
-9,783505e-01
-9,497744e-01
-9,157961e-01
-8,765361e-01
-8,323042e-01
-7,833927e-01
-7,300425e-01
-6,724773e-01
-6,110583e-01
-5,462846e-01
-4,784829e-01
-4,077048e-01
-3,346731e-01
-2,598004e-01
-1,836891e-01
-1,060122e-01
-2,764713e-02
4,966849e-02
1,280164e-01
2,051943e-01
2,809272e-01
3,553697e-01
4,278165e-01
4,978204e-01
5,649167e-01
6,287786e-01
6,892169e-01
7,456295e-01
7,978098e-01
8,453794e-01
8,882178e-01
9,261014e-01
9,585657e-01
9,856107e-01
1,007133e+00
1,022944e+00
1,032836e+00
1,036914e+00
1,035176e+00
1,027572e+00
1,013980e+00
9,946429e-01
9,697656e-01
9,394002e-01
9,036155e-01
8,627040e-01
8,168204e-01
7,664809e-01
7,115652e-01
6,527613e-01
5,901552e-01
5,242976e-01
4,554292e-01
3,839114e-01
3,101915e-01
2,349404e-01
1,582957e-01
8,025753e-02
2,529016e-03
-7,556079e-02
-1,536162e-01
-2,302952e-01
-3,056324e-01
-3,794383e-01
-4,511970e-01
-5,202202e-01
-5,862671e-01
-6,490108e-01
-7,080727e-01
-7,632294e-01
-8,138441e-01
-8,598653e-01
-9,011725e-01
-9,372325e-01
-9,678904e-01
-9,931805e-01
-1,012759e+00
-1,026660e+00
-1,034557e+00
-1,036707e+00
-1,032957e+00
-1,023408e+00
-1,007873e+00
-9,867117e-01
-9,598388e-01
-9,276670e-01
-8,902307e-01
-8,475643e-01
-8,002528e-01
-7,483133e-01
-6,921417e-01
-6,319270e-01
-5,682543e-01
-5,013816e-01
-4,316014e-01
-3,592234e-01
-2,849357e-01
-2,092029e-01
-1,320765e-01
-5,367706e-02
2,329447e-02
1,020208e-01
1,795773e-01
2,558263e-01
3,307161e-01
4,039371e-01
4,747667e-01
5,428609e-01
6,078755e-01
6,694149e-01
7,273242e-01
7,808464e-01
8,299988e-01
8,744544e-01
9,140069e-01
9,482948e-01
9,772666e-01
1,000596e+00
1,018367e+00
1,030273e+00
1,036243e+00
1,036432e+00
1,030754e+00
1,019159e+00
1,001714e+00
9,786258e-01
9,500324e-01
9,161230e-01
8,768458e-01
8,326999e-01
7,837195e-01
7,303866e-01
6,728558e-01
6,113508e-01
5,466286e-01
4,787581e-01
4,079801e-01
3,349827e-01
2,601617e-01
1,839816e-01
1,064079e-01
2,797401e-02
-4,930720e-02
-1,277239e-01
-2,048847e-01
-2,806519e-01
-3,550944e-01
-4,275068e-01
-4,974935e-01
-5,645038e-01
-6,284001e-01
-6,888557e-01
-7,453370e-01
-7,974657e-01
-8,450353e-01
-8,879597e-01
-9,257401e-01
-9,583076e-01
-9,853698e-01
-1,002368e+00
-1,007064e+00
-1,005688e+00
-9,984278e-01
-9,855763e-01
-9,672710e-01
-9,435292e-01
-9,147982e-01
-8,813533e-01
-8,436245e-01
-8,017495e-01
-7,560724e-01
-7,070921e-01
-6,551699e-01
-6,007014e-01
-5,438932e-01
-4,853645e-01
-4,255628e-01
-3,646944e-01
-3,033270e-01
-2,416500e-01
-1,804375e-01
-1,198444e-01
-5,992218e-02
-2,184932e-03
5,424480e-02
1,092122e-01
1,615301e-01
2,112158e-01
2,582176e-01
3,022776e-01
3,429827e-01
3,801609e-01
4,140188e-01
4,441089e-01
4,704141e-01
4,928311e-01
5,114977e-01
5,262933e-01
5,372696e-01
5,443921e-01
5,478329e-01
5,477297e-01
5,441684e-01
5,371835e-01
5,270503e-01
5,139751e-01
4,980268e-01
4,796011e-01
4,587497e-01
4,359197e-01
4,112145e-01
3,848233e-01
3,572966e-01
3,284795e-01
2,990432e-01
2,689703e-01
2,386049e-01
2,082223e-01
1,780805e-01
1,484549e-01
1,193627e-01
9,123380e-02
6,436086e-02
3,853738e-02
1,417625e-02
-6,864471e-03
-2,795680e-02
-4,707066e-02
-6,424044e-02
-7,934571e-02
-9,252412e-02
-1,035864e-01
-1,126014e-01
-1,194487e-01
-1,244207e-01
-1,272250e-01
-1,281368e-01
-1,272766e-01
-1,246271e-01
-1,203949e-01
-1,146315e-01
-1,075950e-01
-1,010230e-01
-1,021069e-01
-1,032939e-01
-1,038617e-01
-1,038445e-01
-1,033283e-01
-1,021241e-01
-1,004725e-01
-9,811548e-02
-9,524238e-02
-9,185316e-02
-8,791340e-02
-8,354353e-02
-7,864034e-02
-7,328984e-02
-6,752643e-02
-6,141895e-02
-5,493297e-02
-4,815452e-02
-4,110080e-02
-3,384064e-02
-2,639122e-02
-1,880418e-02
-1,101068e-02
-3,320408e-03
2,838691e-03
1,059778e-02
1,835687e-02
2,587510e-02
3,335892e-02
4,056747e-02
4,751797e-02
5,421039e-02
6,064476e-02
6,661461e-02
7,227479e-02
7,745325e-02
8,225322e-02
8,653706e-02
9,032198e-02
9,353917e-02
9,627463e-02
9,842515e-02
1,000079e-01
1,009370e-01
1,013499e-01
1,012122e-01
1,004036e-01
9,902730e-02
9,713484e-02
9,460583e-02
9,157789e-02
8,805103e-02
8,397364e-02
7,934571e-02
7,437370e-02
6,885116e-02
6,298453e-02
5,668780e-02
5,015021e-02
4,330294e-02
3,611159e-02
2,876540e-02
2,122997e-02
1,364292e-02
5,918240e-03
-7,397800e-04
-8,017151e-03
-1,579344e-02
-2,346651e-02
-3,093313e-02
-3,829652e-02
-4,552228e-02
-5,240395e-02
-5,899316e-02
-6,525548e-02
-7,113931e-02
-7,659304e-02
-8,171989e-02
-8,627900e-02
-9,042521e-02
-9,395207e-02
-9,708323e-02
-9,961224e-02
-1,015563e-01
-1,028810e-01
-1,037585e-01
-1,039477e-01
-1,035348e-01
-1,026402e-01
-1,010746e-01
-9,895848e-02
-9,624022e-02
-9,305745e-02
-8,934134e-02
-8,504030e-02
-8,025753e-02
-7,504466e-02
-6,952212e-02
-6,350065e-02
-5,713511e-02
-5,044268e-02
-4,347498e-02
-3,628363e-02
-2,886863e-02
-2,140201e-02
-1,357410e-02
-5,901036e-03
6,881675e-04
8,068764e-03
1,577624e-02
2,336329e-02
3,084711e-02
3,814168e-02
4,524701e-02
5,202546e-02
5,849424e-02
6,463613e-02
7,038233e-02
7,578444e-02
8,068764e-02
8,510911e-02
8,908328e-02
9,252412e-02
9,543163e-02
9,771978e-02
9,949181e-02
1,006961e-01
1,013499e-01
1,013327e-01
1,007133e-01
9,956063e-02
9,778860e-02
9,555206e-02
9,264455e-02
8,927253e-02
8,533277e-02
8,094570e-02
7,604251e-02
7,072641e-02
6,494581e-02
5,878671e-02
5,230073e-02
4,553948e-02
3,853738e-02
3,126001e-02
2,379339e-02
1,617194e-02
8,516073e-03
1,204293e-03
-5,402115e-03
-1,321282e-02
-2,092029e-02
-2,847293e-02
-3,587073e-02
-4,311369e-02
-5,009859e-02
-5,679102e-02
-6,317378e-02
-6,916083e-02
-7,487262e-02
-8,003388e-02
-8,490266e-02
-8,911769e-02
-9,293702e-02
-9,613700e-02
-9,880365e-02
-1,009542e-01
-1,025370e-01
-1,035520e-01
-1,039305e-01
-1,037757e-01
-1,029843e-01
-1,016423e-01
-9,973267e-02
-9,713484e-02
-9,414131e-02
-9,061445e-02
-8,648545e-02
-8,201236e-02
-7,685110e-02
-7,143179e-02
-6,553075e-02
-5,925122e-02
-5,266202e-02
-4,590077e-02
-3,865781e-02
-3,134603e-02
-2,382780e-02
-1,622355e-02
-8,447256e-03
-1,238701e-03
5,470932e-03
1,321282e-02
2,078266e-02
2,831809e-02
3,573310e-02
4,289004e-02
4,975451e-02
5,634371e-02
6,262324e-02
6,855869e-02
7,401241e-02
7,913926e-02
8,371557e-02
8,787899e-02
9,147466e-02
9,445099e-02
9,699721e-02
9,895848e-02
1,003692e-01
1,011606e-01
1,013843e-01
1,009198e-01
9,999074e-02
9,849397e-02
9,634345e-02
9,365960e-02
9,047682e-02
8,669190e-02
8,249408e-02
7,769411e-02
7,256726e-02
6,694149e-02
6,093723e-02
5,453727e-02
4,784484e-02
4,089435e-02
3,365139e-02
2,623639e-02
1,871816e-02
1,102788e-02
3,372021e-03
-2,838691e-03
-1,061498e-02
-1,830526e-02
-2,596112e-02
-3,339333e-02
-4,065349e-02
-4,775882e-02
-5,457168e-02
-6,105766e-02
-6,725117e-02
-7,301457e-02
-7,834787e-02
-8,325106e-02
-8,772415e-02
-9,164671e-02
-9,513916e-02
-9,799505e-02
-1,003176e-01
-1,020724e-01
-1,032939e-01
-1,038789e-01
-1,039133e-01
-1,033628e-01
-1,021585e-01
-1,004208e-01
-9,813268e-02
-9,525958e-02
-9,185316e-02
-8,793060e-02
-8,352633e-02
-7,858873e-02
-7,332425e-02
-6,754364e-02
-6,136734e-02
-5,489856e-02
-4,810291e-02
-4,108360e-02
-3,382343e-02
-2,640843e-02
-1,875256e-02
-1,102788e-02
-3,337612e-03
2,804283e-03
1,059778e-02
1,832246e-02
2,582348e-02
3,329010e-02
4,051586e-02
4,750076e-02
5,417599e-02
6,054153e-02
6,661461e-02
7,227479e-02
7,745325e-02
8,225322e-02
8,651986e-02
9,030478e-02
9,360798e-02
9,625743e-02
9,840795e-02
9,995633e-02
1,010058e-01
1,013499e-01
1,011606e-01
1,004208e-01
9,911332e-02
9,708323e-02
9,458862e-02
9,162950e-02
8,801662e-02
8,397364e-02
7,934571e-02
7,432209e-02
6,888557e-02
6,295012e-02
5,670500e-02
5,011580e-02
4,321692e-02
3,614600e-02
2,876540e-02
2,131599e-02
1,364292e-02
5,883832e-03
-7,225759e-04
-8,103172e-03
-1,579344e-02
-2,348372e-02
-3,093313e-02
-3,833093e-02
-4,550508e-02
-5,235234e-02
-5,890714e-02
-6,520387e-02
-7,117372e-02
-7,661025e-02
-8,170269e-02
-8,624459e-02
-9,035639e-02
-9,403809e-02
-9,710043e-02
-9,961224e-02
-1,015219e-01
-1,028982e-01
-1,036896e-01
-1,039649e-01
-1,036208e-01
-1,025886e-01
-1,011262e-01
-9,892408e-02
-9,627463e-02
-9,307465e-02
-8,930694e-02
-8,502309e-02
-8,037796e-02
-7,507907e-02
-6,955653e-02
-6,350065e-02
-5,710070e-02
-5,047709e-02
-4,347498e-02
-3,628363e-02
-2,885142e-02
-2,129878e-02
-1,366012e-02
-5,883832e-03
7,741884e-04
7,999947e-03
1,574183e-02
2,336329e-02
3,084711e-02
3,814168e-02
4,521260e-02
5,200826e-02
5,849424e-02
6,465334e-02
7,048555e-02
7,573283e-02
8,068764e-02
8,517793e-02
8,913489e-02
9,245530e-02
9,538001e-02
9,777140e-02
9,950902e-02
1,006789e-01
1,012811e-01
1,012811e-01
1,007477e-01
9,959504e-02
9,782301e-02
9,553485e-02
9,273057e-02
8,930694e-02
8,526395e-02
8,096290e-02
7,605971e-02
7,069201e-02
6,499742e-02
5,885552e-02
5,231793e-02
4,557389e-02
3,850297e-02
3,126001e-02
2,379339e-02
1,617194e-02
8,533277e-03
1,238701e-03
-5,436523e-03
-1,323002e-02
-2,088588e-02
-2,843852e-02
-3,590514e-02
-4,306208e-02
-5,009859e-02
-5,675661e-02
-6,317378e-02
-6,924685e-02
-7,485542e-02
-8,006829e-02
-8,481664e-02
-8,906608e-02
-9,285100e-02
-9,608539e-02
-9,882085e-02
-1,009370e-01
-1,025370e-01
-1,035520e-01
-1,039133e-01
-1,037585e-01
-1,030015e-01
-1,016940e-01
-9,973267e-02
-9,718645e-02
-9,417572e-02
-9,068327e-02
-8,653706e-02
-8,189193e-02
-7,690272e-02
-7,139738e-02
-6,553075e-02
-5,926842e-02
-5,271363e-02
-4,583195e-02
-3,872663e-02
-3,131162e-02
-2,384500e-02
-1,622355e-02
-8,516073e-03
-1,238701e-03
5,470932e-03
1,323002e-02
2,081707e-02
2,836970e-02
3,569869e-02
4,292445e-02
4,980612e-02
5,636092e-02
6,267485e-02
6,861030e-02
7,404682e-02
7,912206e-02
8,374998e-02
8,789619e-02
9,145746e-02
9,448540e-02
9,701441e-02
9,901010e-02
1,003864e-01
1,011778e-01
1,013327e-01
1,010058e-01
1,000251e-01
9,842515e-02
9,630904e-02
9,371121e-02
9,047682e-02
8,676072e-02
8,237365e-02
7,771131e-02
7,260167e-02
6,695870e-02
6,090282e-02
5,455448e-02
4,789646e-02
4,087715e-02
3,375462e-02
2,632241e-02
1,868375e-02
1,107950e-02
3,337612e-03
-2,804283e-03
-1,061498e-02
-1,837407e-02
-2,590951e-02
-3,342774e-02
-4,073952e-02
-4,777603e-02
-5,457168e-02
-6,109207e-02
-6,728558e-02
-7,301457e-02
-7,839948e-02
-8,328547e-02
-8,777576e-02
-9,168111e-02
-9,512195e-02
-9,794344e-02
-1,002660e-01
-1,021241e-01
-1,032251e-01
-1,038961e-01
-1,038617e-01
-1,032939e-01
-1,021413e-01
-1,004208e-01
-9,808107e-02
-9,524238e-02
-9,181875e-02
-8,791340e-02
-8,350912e-02
-7,858873e-02
-7,325543e-02
-6,754364e-02
-6,138454e-02
-5,491577e-02
-4,812011e-02
-4,116962e-02
-3,377182e-02
-2,639122e-02
-1,878697e-02
-1,104509e-02
-3,303204e-03
2,804283e-03
1,054617e-02
1,830526e-02
2,584069e-02
3,329010e-02
4,055027e-02
4,746635e-02
5,421039e-02
6,061035e-02
6,661461e-02
7,227479e-02
7,747045e-02
8,221881e-02
8,651986e-02
9,028757e-02
9,355637e-02
9,622302e-02
9,839075e-02
9,997353e-02
1,009542e-01
1,013499e-01
1,011950e-01
1,004208e-01
9,904451e-02
9,710043e-02
9,467464e-02
9,161230e-02
8,803383e-02
8,390482e-02
7,943173e-02
7,433929e-02
6,879954e-02
6,303614e-02
5,672221e-02
5,008139e-02
4,323412e-02
3,611159e-02
2,874820e-02
2,124717e-02
1,367733e-02
5,952649e-03
-6,881675e-04
-7,999947e-03
-1,575904e-02
-2,344931e-02
-3,093313e-02
-3,833093e-02
-4,547067e-02
-5,236955e-02
-5,899316e-02
-6,518667e-02
-7,112211e-02
-7,661025e-02
-8,168548e-02
-8,627900e-02
-9,039080e-02
-9,400368e-02
-9,710043e-02
-9,959504e-02
-1,015391e-01
-1,029154e-01
-1,037240e-01
-1,039477e-01
-1,035692e-01
-1,026230e-01
-1,010746e-01
-9,888967e-02
-9,632624e-02
-9,304024e-02
-8,932414e-02
-8,502309e-02
-8,030915e-02
-7,513069e-02
-6,947051e-02
-6,343184e-02
-5,710070e-02
-5,045988e-02
-4,338896e-02
-3,626643e-02
-2,886863e-02
-2,129878e-02
-1,360851e-02
-5,935445e-03
7,225759e-04
8,085968e-03
1,575904e-02
2,332888e-02
3,081270e-02
3,812448e-02
4,517820e-02
5,204267e-02
5,845983e-02
6,461893e-02
7,038233e-02
7,576724e-02
8,063603e-02
8,514352e-02
8,906608e-02
9,248971e-02
9,539722e-02
9,775419e-02
9,949181e-02
1,007477e-01
1,013155e-01
1,012811e-01
1,007477e-01
9,954343e-02
9,778860e-02
9,553485e-02
9,267896e-02
8,927253e-02
8,541879e-02
8,092850e-02
7,611132e-02
7,072641e-02
6,501462e-02
5,882112e-02
5,235234e-02
4,552228e-02
3,852018e-02
3,120840e-02
2,379339e-02
1,617194e-02
8,516073e-03
1,204293e-03
-5,436523e-03
-1,317841e-02
-2,093750e-02
-2,845573e-02
-3,587073e-02
-4,313090e-02
-5,009859e-02
-5,677382e-02
-6,319098e-02
-6,919524e-02
-7,478660e-02
-7,996506e-02
-8,483385e-02
-8,903167e-02
-9,283379e-02
-9,610259e-02
-9,883806e-02
-1,009542e-01
-1,025370e-01
-1,034832e-01
-1,039477e-01
-1,037757e-01
-1,029843e-01
-1,016595e-01
-9,966386e-02
-9,722086e-02
-9,421013e-02
-9,063166e-02
-8,650265e-02
-8,199516e-02
-7,693713e-02
-7,146619e-02
-6,551354e-02
-5,933724e-02
-5,274804e-02
-4,583195e-02
-3,862340e-02
-3,134603e-02
-2,382780e-02
-1,620634e-02
-8,481664e-03
-1,152681e-03
5,488136e-03
1,317841e-02
2,079986e-02
2,833530e-02
3,578471e-02
4,290724e-02
4,975451e-02
5,637812e-02
6,264045e-02
6,855869e-02
7,401241e-02
7,910485e-02
8,368117e-02
8,782738e-02
9,144025e-02
9,445099e-02
9,701441e-02
9,901010e-02
1,003348e-01
1,011262e-01
1,013499e-01
1,009542e-01
1,000596e-01
9,845956e-02
9,632624e-02
9,367680e-02
9,045962e-02
8,672631e-02
8,245967e-02
7,778013e-02
7,256726e-02
6,694149e-02
6,095444e-02
5,452007e-02
4,791366e-02
4,087715e-02
3,372021e-02
2,625359e-02
1,871816e-02
1,107950e-02
3,406429e-03
-2,787078e-03
-1,061498e-02
-1,837407e-02
-2,592671e-02
-3,344494e-02
-4,070511e-02
-4,781044e-02
-5,458889e-02
-6,109207e-02
-6,730278e-02
-7,299737e-02
-7,834787e-02
-8,326827e-02
-8,774135e-02
-9,162950e-02
-9,508754e-02
-9,794344e-02
-1,003176e-01
-1,020724e-01
-1,032595e-01
-1,038617e-01
-1,038961e-01
-1,032767e-01
-1,021241e-01
-1,004036e-01
-9,813268e-02
-9,525958e-02
-9,183595e-02
-8,791340e-02
-8,354353e-02
-7,864034e-02
-7,323822e-02
-6,761246e-02
-6,140174e-02
-5,493297e-02
-4,818893e-02
-4,111801e-02
-3,380623e-02
-2,635681e-02
-1,878697e-02
-1,106229e-02
-3,372021e-03
2,804283e-03
1,063219e-02
1,832246e-02
2,589230e-02
3,329010e-02
4,056747e-02
4,751797e-02
5,422760e-02
6,054153e-02
6,663182e-02
7,229199e-02
7,748766e-02
8,227042e-02
8,653706e-02
9,027037e-02
9,353917e-02
9,625743e-02
9,840795e-02
1,000079e-01
1,009714e-01
1,014015e-01
1,011950e-01
1,004380e-01
9,907891e-02
9,711764e-02
9,462303e-02
9,162950e-02
8,799942e-02
8,402525e-02
7,934571e-02
7,430488e-02
6,885116e-02
6,301894e-02
5,680823e-02
5,015021e-02
4,326853e-02
3,614600e-02
2,874820e-02
2,124717e-02
1,362572e-02
5,866628e-03
-6,709633e-04
-7,982743e-03
-1,582785e-02
-2,344931e-02
-3,095033e-02
-3,831372e-02
-4,538465e-02
-5,240395e-02
-5,897595e-02
-6,523828e-02
-7,107050e-02
-7,664465e-02
-8,170269e-02
-8,631341e-02
-9,040800e-02
-9,396927e-02
-9,706602e-02
-9,976708e-02
-1,097283e-01
-1,223390e-01
-1,344507e-01
-1,458743e-01
-1,565065e-01
-1,660376e-01
-1,744160e-01
-1,814182e-01
-1,869063e-01
-1,905708e-01
-1,924977e-01
-1,924116e-01
-1,903299e-01
-1,860977e-01
-1,795429e-01
-1,708032e-01
-1,598097e-01
-1,464248e-01
-1,307002e-01
-1,127218e-01
-9,250691e-02
-7,027910e-02
-4,588357e-02
-1,945794e-02
7,191350e-03
3,705782e-02
6,833503e-02
1,006961e-01
1,343303e-01
1,687043e-01
2,037492e-01
2,390006e-01
2,743552e-01
3,095377e-01
3,442558e-01
3,781824e-01
4,110596e-01
4,426121e-01
4,726334e-01
5,006074e-01
5,265341e-01
5,499663e-01
5,707833e-01
5,886069e-01
6,032820e-01
6,146712e-01
6,224131e-01
6,264561e-01
6,264733e-01
6,227056e-01
6,148088e-01
6,026799e-01
5,863359e-01
5,657597e-01
5,408824e-01
5,119966e-01
4,788269e-01
4,417691e-01
4,008059e-01
3,561611e-01
3,078689e-01
2,562908e-01
2,017363e-01
1,445840e-01
8,461019e-02
2,229663e-02
-4,048145e-02
-1,062531e-01
-1,726096e-01
-2,394479e-01
-3,068195e-01
-3,740190e-01
-4,405820e-01
-5,060612e-01
-5,701296e-01
-6,323915e-01
-6,922621e-01
-7,493284e-01
-8,032119e-01
-8,535341e-01
-8,998822e-01
-9,418432e-01
-9,791075e-01
-1,006841e+00
-1,022668e+00
-1,032561e+00
-1,036673e+00
-1,034901e+00
-1,027245e+00
-1,013774e+00
-9,944364e-01
-9,695076e-01
-9,391422e-01
-9,034091e-01
-8,624115e-01
-8,166312e-01
-7,661885e-01
-7,113931e-01
-6,525548e-01
-5,899316e-01
-5,241772e-01
-4,552572e-01
-3,837394e-01
-3,100367e-01
-2,347683e-01
-1,581925e-01
-8,008549e-02
-2,460199e-03
7,568122e-02
1,537366e-01
2,303641e-01
3,057012e-01
3,795760e-01
4,513863e-01
5,203923e-01
5,863359e-01
6,490968e-01
7,082792e-01
7,633326e-01
8,140161e-01
8,601233e-01
9,012930e-01
9,374390e-01
9,681312e-01
9,934042e-01
1,013069e+00
1,026935e+00
1,034901e+00
1,037051e+00
1,033266e+00
1,023701e+00
1,008217e+00
9,870214e-01
9,603205e-01
9,281315e-01
8,906608e-01
8,480632e-01
8,006657e-01
7,487778e-01
6,925890e-01
6,323915e-01
5,687188e-01
5,018805e-01
4,320143e-01
3,597051e-01
2,854175e-01
2,096846e-01
1,325927e-01
5,421039e-02
-2,286436e-02
-1,015219e-01
-1,791644e-01
-2,553962e-01
-3,302688e-01
-4,034554e-01
-4,743366e-01
-5,423964e-01
-6,074110e-01
-6,690192e-01
-7,268597e-01
-7,804335e-01
-8,295687e-01
-8,741103e-01
-9,137316e-01
-9,479507e-01
-9,768882e-01
-1,000269e+00
-1,018041e+00
-1,029929e+00
-1,035967e+00
-1,036105e+00
-1,030462e+00
-1,018901e+00
-1,001473e+00
-9,784365e-01
-9,498432e-01
-9,158821e-01
-8,766566e-01
-8,323558e-01
-7,835819e-01
-7,302145e-01
-6,725805e-01
-6,112648e-01
-5,464222e-01
-4,785689e-01
-4,078253e-01
-3,348107e-01
-2,599725e-01
-1,838784e-01
-1,062875e-01
-2,785358e-02
4,942763e-02
1,278615e-01
2,049707e-01
2,807723e-01
3,551632e-01
4,276789e-01
4,976655e-01
5,647102e-01
6,285894e-01
6,889933e-01
7,454918e-01
7,975689e-01
8,452417e-01
8,880973e-01
9,259638e-01
9,585141e-01
9,855763e-01
1,007133e+00
1,022944e+00
1,032888e+00
1,036965e+00
1,035210e+00
1,027554e+00
1,014015e+00
9,946945e-01
9,698516e-01
9,394346e-01
9,037015e-01
8,627728e-01
8,169580e-01
7,665842e-01
7,117544e-01
6,529333e-01
5,903101e-01
5,245385e-01
4,556185e-01
3,839975e-01
3,103979e-01
2,350608e-01
1,585194e-01
8,046398e-02
2,769874e-03
-7,538875e-02
-1,533753e-01
-2,301060e-01
-3,055120e-01
-3,792835e-01
-4,510250e-01
-5,200310e-01
-5,860090e-01
-6,488559e-01
-7,080727e-01
-7,630057e-01
-8,138097e-01
-8,597621e-01
-9,010865e-01
-9,370777e-01
-9,677527e-01
-9,930945e-01
-1,012724e+00
-1,026625e+00
-1,034608e+00
-1,036724e+00
-1,033008e+00
-1,023408e+00
-1,007959e+00
-9,867462e-01
-9,599764e-01
-9,278218e-01
-8,903339e-01
-8,477019e-01
-8,003560e-01
-7,484854e-01
-6,922793e-01
-6,321162e-01
-5,684091e-01
-5,015709e-01
-4,317907e-01
-3,593783e-01
-2,851078e-01
-2,093750e-01
-1,322658e-01
-5,388351e-02
2,308802e-02
1,018660e-01
1,793709e-01
2,556714e-01
3,305957e-01
4,038167e-01
4,746635e-01
5,427233e-01
6,076519e-01
6,693461e-01
7,271350e-01
7,807260e-01
8,299300e-01
8,743684e-01
9,139036e-01
9,481916e-01
9,771462e-01
1,000561e+00
1,018316e+00
1,030238e+00
1,036260e+00
1,036415e+00
1,030703e+00
1,019193e+00
1,001817e+00
9,787290e-01
9,501873e-01
9,161918e-01
8,770006e-01
8,327343e-01
7,839260e-01
7,305070e-01
6,730278e-01
6,115744e-01
5,468179e-01
4,789130e-01
4,082382e-01
3,351204e-01
2,603682e-01
1,842224e-01
1,066488e-01
2,812885e-02
-4,911795e-02
-1,274830e-01
-2,046438e-01
-2,804627e-01
-3,548880e-01
-4,274036e-01
-4,972698e-01
-5,643834e-01
-6,282625e-01
-6,887180e-01
-7,452338e-01
-7,973281e-01
-8,450181e-01
-8,878565e-01
-9,257057e-01
-9,581872e-01
-9,852666e-01
-1,006823e+00
-1,022600e+00
-1,032595e+00
-1,036656e+00
-1,034832e+00
-1,027331e+00
-1,013791e+00
-9,944364e-01
-9,695076e-01
-9,391250e-01
-9,033919e-01
-8,624287e-01
-8,166484e-01
-7,662229e-01
-7,114448e-01
-6,525548e-01
-5,900004e-01
-5,241944e-01
-4,553604e-01
-3,837738e-01
-3,100711e-01
-2,348027e-01
-1,581925e-01
-8,015431e-02
-2,460199e-03
7,561240e-02
1,537022e-01
2,303297e-01
3,057528e-01
3,795588e-01
4,512830e-01
5,203406e-01
5,863875e-01
6,490968e-01
7,082964e-01
7,633326e-01
8,140161e-01
8,600717e-01
9,013102e-01
9,373529e-01
9,680796e-01
9,933526e-01
1,013069e+00
1,026884e+00
1,034849e+00
1,037000e+00
1,033318e+00
1,023735e+00
1,008234e+00
9,870558e-01
9,602861e-01
9,280799e-01
8,906092e-01
8,479944e-01
8,006313e-01
7,488295e-01
6,925890e-01
6,324259e-01
5,687876e-01
5,018289e-01
4,320315e-01
3,597051e-01
2,855207e-01
2,097879e-01
1,325927e-01
5,421039e-02
-2,277834e-02
-1,015047e-01
-1,790784e-01
-2,553445e-01
-3,301828e-01
-4,034382e-01
-4,743194e-01
-5,423792e-01
-6,073250e-01
-6,689504e-01
-7,268081e-01
-7,804163e-01
-8,295343e-01
-8,741620e-01
-9,136628e-01
-9,479679e-01
-9,768882e-01
-1,000251e+00
-1,018023e+00
-1,029911e+00
-1,035950e+00
-1,036157e+00
-1,030462e+00
-1,018918e+00
-1,001525e+00
-9,783849e-01
-9,498604e-01
-9,158993e-01
-8,766910e-01
-8,324246e-01
-7,835819e-01
-7,301629e-01
-6,726665e-01
-6,112304e-01
-5,464910e-01
-4,786205e-01
-4,079113e-01
-3,347763e-01
-2,600413e-01
-1,838784e-01
-1,063047e-01
-2,790519e-02
4,941043e-02
1,278271e-01
2,050223e-01
2,807035e-01
3,551632e-01
4,276101e-01
4,976139e-01
5,646758e-01
6,285722e-01
6,889761e-01
7,454402e-01
7,975517e-01
8,451901e-01
8,881318e-01
9,259294e-01
9,584625e-01
9,855763e-01
1,007082e+00
1,022927e+00
1,032853e+00
1,036982e+00
1,035142e+00
1,027554e+00
1,014066e+00
9,946945e-01
9,698344e-01
9,394346e-01
9,037015e-01
8,628072e-01
8,169580e-01
7,665842e-01
7,118404e-01
6,528817e-01
5,903961e-01
5,245385e-01
4,556529e-01
3,841007e-01
3,103807e-01
2,350952e-01
1,585710e-01
8,053280e-02
2,787078e-03
-7,528552e-02
-1,533237e-01
-2,300716e-01
-3,055120e-01
-3,792663e-01
-4,510078e-01
-5,200826e-01
-5,860950e-01
-6,488043e-01
-7,080211e-01
-7,630229e-01
-8,136892e-01
-8,597448e-01
-9,010349e-01
-9,370433e-01
-9,677699e-01
-9,930601e-01
-1,012793e+00
-1,026625e+00
-1,034557e+00
-1,036707e+00
-1,033060e+00
-1,023443e+00
-1,007959e+00
-9,867634e-01
-9,599764e-01
-9,278562e-01
-8,902823e-01
-8,477019e-01
-8,003560e-01
-7,484854e-01
-6,922449e-01
-6,321162e-01
-5,684780e-01
-5,015881e-01
-4,317907e-01
-3,594471e-01
-2,851250e-01
-2,094094e-01
-1,323518e-01
-5,388351e-02
2,320845e-02
1,018660e-01
1,793881e-01
2,556886e-01
3,305268e-01
4,037307e-01
4,745431e-01
5,426029e-01
6,075487e-01
6,692601e-01
7,271006e-01
7,806400e-01
8,298096e-01
8,743512e-01
9,138864e-01
9,482088e-01
9,771290e-01
1,000458e+00
1,018281e+00
1,030238e+00
1,036260e+00
1,036449e+00
1,030840e+00
1,019193e+00
1,001817e+00
9,787462e-01
9,502561e-01
9,162606e-01
8,769834e-01
8,328203e-01
7,839088e-01
7,305586e-01
6,729762e-01
6,116089e-01
5,468695e-01
4,789130e-01
4,082554e-01
3,351892e-01
2,603854e-01
1,841880e-01
1,066316e-01
2,812885e-02
-4,911795e-02
-1,274658e-01
-2,046438e-01
-2,804971e-01
-3,548708e-01
-4,273692e-01
-4,972698e-01
-5,643834e-01
-6,283141e-01
-6,887008e-01
-7,451133e-01
-7,973453e-01
-8,449492e-01
-8,878737e-01
-9,257401e-01
-9,582388e-01
-9,852838e-01
-1,006841e+00
-1,022651e+00
-1,032578e+00
-1,036638e+00
-1,034849e+00
-1,027348e+00
-1,013791e+00
-9,944192e-01
-9,695248e-01
-9,391422e-01
-9,033747e-01
-8,624803e-01
-8,166828e-01
-7,662917e-01
-7,114448e-01
-6,526580e-01
-5,900692e-01
-5,242804e-01
-4,553776e-01
-3,837910e-01
-3,101399e-01
-2,348200e-01
-1,581925e-01
-8,018872e-02
-2,494607e-03
7,564681e-02
1,536334e-01
2,302952e-01
3,056840e-01
3,795588e-01
4,512314e-01
5,202890e-01
5,863359e-01
6,490796e-01
7,082276e-01
7,633154e-01
8,139645e-01
8,600717e-01
9,012930e-01
9,374218e-01
9,681484e-01
9,933870e-01
1,013086e+00
1,026884e+00
1,034866e+00
1,036948e+00
1,033318e+00
1,023684e+00
1,008251e+00
9,870042e-01
9,603033e-01
9,281143e-01
8,906264e-01
8,480976e-01
8,007001e-01
7,488639e-01
6,926234e-01
6,324947e-01
5,687704e-01
5,019322e-01
4,320832e-01
3,597568e-01
2,855035e-01
2,097707e-01
1,327647e-01
5,424480e-02
-2,277834e-02
-1,014703e-01
-1,790612e-01
-2,552585e-01
-3,302172e-01
-4,033866e-01
-4,743022e-01
-5,423276e-01
-6,073250e-01
-6,689848e-01
-7,268425e-01
-7,803991e-01
-8,295343e-01
-8,740587e-01
-9,135940e-01
-9,479163e-01
-9,768537e-01
-1,000234e+00
-1,018006e+00
-1,029911e+00
-1,035916e+00
-1,036122e+00
-1,030462e+00
-1,018918e+00
-1,001490e+00
-9,783849e-01
-9,498604e-01
-9,159681e-01
-8,766910e-01
-8,323902e-01
-7,835991e-01
-7,302661e-01
-6,726665e-01
-6,112820e-01
-5,465426e-01
-4,787065e-01
-4,079629e-01
-3,348451e-01
-2,600757e-01
-1,839472e-01
-1,063735e-01
-2,799121e-02
4,932440e-02
1,277583e-01
2,048675e-01
2,806863e-01
3,551116e-01
4,276273e-01
4,975967e-01
5,646414e-01
6,285378e-01
6,889589e-01
7,454402e-01
7,975861e-01
8,452073e-01
8,881146e-01
9,259294e-01
9,583765e-01
9,855763e-01
1,007099e+00
1,022927e+00
1,032939e+00
1,036982e+00
1,035193e+00
1,027589e+00
1,014066e+00
9,947805e-01
9,698344e-01
9,395035e-01
9,037015e-01
8,627728e-01
8,169924e-01
7,666358e-01
7,117716e-01
6,530021e-01
5,903789e-01
5,245729e-01
4,556701e-01
3,841351e-01
3,104324e-01
2,351812e-01
1,585366e-01
8,046398e-02
2,804283e-03
-7,531993e-02
-1,533581e-01
-2,300716e-01
-3,054087e-01
-3,792147e-01
-4,509562e-01
-5,199105e-01
-5,859918e-01
-6,487355e-01
-7,080039e-01
-7,629541e-01
-8,136376e-01
-8,597448e-01
-9,010349e-01
-9,371465e-01
-9,677871e-01
-9,930429e-01
-1,012759e+00
-1,026608e+00
-1,034591e+00
-1,036724e+00
-1,032991e+00
-1,023374e+00
-1,007942e+00
-9,867462e-01
-9,600281e-01
-9,278218e-01
-8,902995e-01
-8,477191e-01
-8,003904e-01
-7,484510e-01
-6,923309e-01
-6,321507e-01
-5,684952e-01
-5,016741e-01
-4,318939e-01
-3,594127e-01
-2,851766e-01
-2,095126e-01
-1,324034e-01
-5,398674e-02
2,301920e-02
1,017284e-01
1,793537e-01
2,555510e-01
3,304752e-01
4,036790e-01
4,745947e-01
5,426545e-01
6,075487e-01
6,692085e-01
7,270662e-01
7,806744e-01
8,298268e-01
8,743168e-01
9,138864e-01
9,482088e-01
9,770774e-01
1,000492e+00
1,018281e+00
1,030221e+00
1,036243e+00
1,036380e+00
1,030789e+00
1,019210e+00
1,001851e+00
9,788150e-01
9,502217e-01
9,162778e-01
8,769834e-01
8,327687e-01
7,839088e-01
7,305930e-01
6,729762e-01
6,116089e-01
5,468695e-01
4,789474e-01
4,083070e-01
3,352408e-01
2,604198e-01
1,842568e-01
1,067176e-01
2,823207e-02
-4,904914e-02
-1,274486e-01
-2,046438e-01
-2,804283e-01
-3,548192e-01
-4,273348e-01
-4,972698e-01
-5,643145e-01
-6,282453e-01
-6,887008e-01
-7,450961e-01
-7,972420e-01
-8,448804e-01
-8,878049e-01
-9,256541e-01
-9,581700e-01
-9,852666e-01
-1,006789e+00
-1,022634e+00
-1,032613e+00
-1,036621e+00
-1,034832e+00
-1,027314e+00
-1,013757e+00
-9,944708e-01
-9,695076e-01
-9,391766e-01
-9,034607e-01
-8,624803e-01
-8,166484e-01
-7,663261e-01
-7,114792e-01
-6,526408e-01
-5,900348e-01
-5,242804e-01
-4,553948e-01
-3,838426e-01
-3,101055e-01
-2,348544e-01
-1,582613e-01
-8,027474e-02
-2,563424e-03
7,561240e-02
1,536850e-01
2,303125e-01
3,057012e-01
3,795244e-01
4,511626e-01
5,202718e-01
5,863359e-01
6,490452e-01
7,082276e-01
7,632466e-01
8,139129e-01
8,600029e-01
9,012413e-01
9,373873e-01
9,680796e-01
9,933526e-01
1,013017e+00
1,026884e+00
1,034901e+00
1,036982e+00
1,033283e+00
1,023770e+00
1,008269e+00
9,870386e-01
9,603549e-01
9,282175e-01
8,906608e-01
8,480632e-01
8,007173e-01
7,488639e-01
6,927610e-01
6,324431e-01
5,688048e-01
5,019322e-01
4,321176e-01
3,597740e-01
2,855379e-01
2,098051e-01
1,327475e-01
5,433082e-02
-2,272673e-02
-1,014015e-01
-1,790268e-01
-2,552757e-01
-3,301139e-01
-4,034210e-01
-4,742678e-01
-5,423104e-01
-6,072734e-01
-6,689332e-01
-7,267737e-01
-7,803647e-01
-8,295171e-01
-8,740759e-01
-9,135767e-01
-9,479335e-01
-9,768537e-01
-1,000269e+00
-1,018041e+00
-1,029911e+00
-1,035916e+00
-1,036122e+00
-1,030496e+00
-1,018935e+00
-1,001525e+00
-9,784537e-01
-9,499120e-01
-9,159337e-01
-8,766738e-01
-8,324418e-01
-7,836163e-01
-7,302833e-01
-6,726837e-01
-6,113164e-01
-5,466114e-01
-4,787409e-01
-4,080145e-01
-3,348795e-01
-2,601273e-01
-1,839128e-01
-1,063907e-01
-2,793960e-02
4,935881e-02
1,277239e-01
2,048158e-01
2,807035e-01
3,550772e-01
4,276101e-01
4,975623e-01
5,646070e-01
6,285206e-01
6,889245e-01
7,454574e-01
7,975173e-01
8,452245e-01
8,880973e-01
9,258777e-01
9,584625e-01
9,855419e-01
1,007082e+00
1,022961e+00
1,032922e+00
1,036914e+00
1,035210e+00
1,027589e+00
1,014066e+00
9,947805e-01
9,698861e-01
9,394863e-01
9,038220e-01
8,628072e-01
8,170096e-01
7,666874e-01
7,118577e-01
6,529505e-01
5,904821e-01
5,246073e-01
4,557045e-01
3,841523e-01
3,104668e-01
2,351640e-01
1,585882e-01
8,058441e-02
2,873099e-03
-7,526832e-02
-1,533065e-01
-2,300200e-01
-3,053399e-01
-3,792147e-01
-4,509390e-01
-5,199966e-01
-5,859746e-01
-6,487527e-01
-7,079867e-01
-7,630229e-01
-8,136204e-01
-8,597793e-01
-9,010005e-01
-9,370605e-01
-9,677527e-01
-9,930429e-01
-1,012742e+00
-1,026574e+00
-1,034608e+00
-1,036690e+00
-1,033008e+00
-1,023425e+00
-1,007959e+00
-9,867806e-01
-9,600108e-01
-9,278562e-01
-8,903683e-01
-8,477879e-01
-8,004248e-01
-7,485026e-01
-6,923481e-01
-6,321679e-01
-5,684952e-01
-5,016913e-01
-4,319283e-01
-3,594987e-01
-2,852282e-01
-2,095126e-01
-1,323690e-01
-5,402115e-02
2,301920e-02
1,017112e-01
1,793020e-01
2,555166e-01
3,304580e-01
4,036790e-01
4,745087e-01
5,426029e-01
6,075143e-01
6,691741e-01
7,270662e-01
7,806400e-01
8,297752e-01
8,743512e-01
9,138692e-01
9,481916e-01
9,771118e-01
1,000561e+00
1,018299e+00
1,030221e+00
1,036174e+00
1,036397e+00
1,030789e+00
1,019210e+00
1,001851e+00
9,788150e-01
9,502045e-01
9,162606e-01
8,770351e-01
8,327687e-01
7,839604e-01
7,306618e-01
6,730622e-01
6,116089e-01
5,468867e-01
4,789990e-01
4,083070e-01
3,352924e-01
2,604714e-01
1,842568e-01
1,067176e-01
2,819766e-02
-4,904914e-02
-1,273798e-01
-2,045406e-01
-2,803422e-01
-3,547503e-01
-4,272832e-01
-4,972526e-01
-5,643145e-01
-6,282109e-01
-6,886148e-01
-7,450789e-01
-7,972248e-01
-8,448804e-01
-8,878049e-01
-9,257229e-01
-9,581700e-01
-9,852494e-01
-1,006823e+00
-1,022600e+00
-1,032595e+00
-1,036673e+00
-1,034901e+00
-1,027314e+00
-1,013808e+00
-9,944708e-01
-9,695764e-01
-9,391422e-01
-9,034263e-01
-8,625319e-01
-8,166656e-01
-7,663605e-01
-7,115652e-01
-6,526408e-01
-5,901208e-01
-5,243148e-01
-4,554464e-01
-3,838598e-01
-3,101571e-01
-2,349060e-01
-1,582957e-01
-8,022312e-02
-2,649445e-03
7,554359e-02
1,535990e-01
2,302780e-01
3,055980e-01
3,794900e-01
4,511626e-01
5,202374e-01
5,863015e-01
6,490280e-01
7,082104e-01
7,632122e-01
8,139645e-01
8,600029e-01
9,012586e-01
9,373701e-01
9,680968e-01
9,933870e-01
1,012983e+00
1,026866e+00
1,034883e+00
1,036965e+00
1,033335e+00
1,023718e+00
1,008251e+00
9,870386e-01
9,603549e-01
9,281659e-01
8,906436e-01
8,480632e-01
8,006829e-01
7,488639e-01
6,927094e-01
6,324775e-01
5,688392e-01
5,019494e-01
4,321520e-01
3,598428e-01
2,856067e-01
2,098911e-01
1,327647e-01
5,436523e-02
-2,269232e-02
-1,014015e-01
-1,790268e-01
-2,552241e-01
-3,300967e-01
-4,033522e-01
-4,741818e-01
-5,422416e-01
-6,072218e-01
-6,688472e-01
-7,267393e-01
-7,803647e-01
-8,295171e-01
-8,740243e-01
-9,135940e-01
-9,479507e-01
-9,768193e-01
-1,000251e+00
-1,018006e+00
-1,029894e+00
-1,035933e+00
-1,036105e+00
-1,030445e+00
-1,018918e+00
-1,001559e+00
-9,785054e-01
-9,498432e-01
-9,160197e-01
-8,767598e-01
-8,324590e-01
-7,836335e-01
-7,302489e-01
-6,727009e-01
-6,113508e-01
-5,465598e-01
-4,787237e-01
-4,080489e-01
-3,349311e-01
-2,601961e-01
-1,839472e-01
-1,064595e-01
-2,797401e-02
4,925559e-02
1,277239e-01
2,048158e-01
2,806863e-01
3,550944e-01
4,275929e-01
4,975451e-01
5,645898e-01
6,284862e-01
6,888557e-01
7,454230e-01
7,975001e-01
8,451901e-01
8,879941e-01
9,259294e-01
9,583937e-01
9,855075e-01
1,007133e+00
1,022909e+00
1,032819e+00
1,036931e+00
1,035210e+00
1,027554e+00
1,014118e+00
9,947805e-01
9,698861e-01
9,394863e-01
9,037704e-01
8,627900e-01
8,170096e-01
7,666530e-01
7,118921e-01
6,530021e-01
5,904649e-01
5,246761e-01
4,557561e-01
3,842211e-01
3,105356e-01
2,351812e-01
1,586054e-01
8,056721e-02
2,873099e-03
-7,518230e-02
-1,532721e-01
-2,299856e-01
-3,053227e-01
-3,791631e-01
-4,509045e-01
-5,199277e-01
-5,858886e-01
-6,487871e-01
-7,079179e-01
-7,629541e-01
-8,136376e-01
-8,597276e-01
-9,010349e-01
-9,370777e-01
-9,678043e-01
-9,930085e-01
-1,012742e+00
-1,026574e+00
-1,034557e+00
-1,036759e+00
-1,033043e+00
-1,023391e+00
-1,008028e+00
-9,867978e-01
-9,600453e-01
-9,278734e-01
-8,903167e-01
-8,478051e-01
-8,004592e-01
-7,486058e-01
-6,923481e-01
-6,321851e-01
-5,685468e-01
-5,016913e-01
-4,318939e-01
-3,595675e-01
-2,852626e-01
-2,095298e-01
-1,324034e-01
-5,402115e-02
2,305361e-02
1,017112e-01
1,792848e-01
2,555338e-01
3,304408e-01
4,036274e-01
4,744743e-01
5,426029e-01
6,074971e-01
6,691397e-01
7,270145e-01
7,806744e-01
8,298268e-01
8,743168e-01
9,138520e-01
9,482432e-01
9,770430e-01
1,000544e+00
1,018333e+00
1,030187e+00
1,036225e+00
1,036466e+00
1,030737e+00
1,019279e+00
1,001800e+00
9,788322e-01
9,502561e-01
9,162606e-01
8,770695e-01
8,328547e-01
7,840292e-01
7,306618e-01
6,730794e-01
6,117121e-01
5,469039e-01
4,790162e-01
4,083586e-01
3,353096e-01
2,604886e-01
1,843945e-01
1,068552e-01
2,831809e-02
-4,892871e-02
-1,273626e-01
-2,044890e-01
-2,803078e-01
-3,546987e-01
-4,272660e-01
-4,971838e-01
-5,642801e-01
-6,281937e-01
-6,885976e-01
-7,450789e-01
-7,972764e-01
-8,448116e-01
-8,878221e-01
-9,256369e-01
-9,581356e-01
-9,852150e-01
-1,006806e+00
-1,022634e+00
-1,032595e+00
-1,036707e+00
-1,034883e+00
-1,027331e+00
-1,013774e+00
-9,944536e-01
-9,695076e-01
-9,391938e-01
-9,033919e-01
-8,624975e-01
-8,166828e-01
-7,663605e-01
-7,115652e-01
-6,526752e-01
-5,901208e-01
-5,243320e-01
-4,555153e-01
-3,838942e-01
-3,101915e-01
-2,349748e-01
-1,583301e-01
-8,034355e-02
-2,666649e-03
7,552638e-02
1,534613e-01
2,302264e-01
3,056324e-01
3,793867e-01
4,511626e-01
5,202718e-01
5,862155e-01
6,490452e-01
7,081760e-01
7,632122e-01
8,138785e-01
8,599857e-01
9,012758e-01
9,373873e-01
9,680624e-01
9,933698e-01
1,013000e+00
1,026918e+00
1,034935e+00
1,036982e+00
1,033301e+00
1,023770e+00
1,008303e+00
9,871074e-01
9,603377e-01
9,281659e-01
8,906780e-01
8,480460e-01
8,007173e-01
7,488811e-01
6,927610e-01
6,324947e-01
5,688737e-01
5,020698e-01
4,322380e-01
3,598600e-01
2,856411e-01
2,098911e-01
1,327991e-01
5,438244e-02
-2,267512e-02
-1,012983e-01
-1,789580e-01
-2,551553e-01
-3,301139e-01
-4,033178e-01
-4,742162e-01
-5,422244e-01
-6,072390e-01
-6,688644e-01
-7,267565e-01
-7,803475e-01
-8,294999e-01
-8,740071e-01
-9,136284e-01
-9,479335e-01
-9,767849e-01
-1,000200e+00
-1,017920e+00
-1,029860e+00
-1,036002e+00
-1,036105e+00
-1,030445e+00
-1,018935e+00
-1,001525e+00
-9,785398e-01
-9,499120e-01
-9,159681e-01
-8,767426e-01
-8,325106e-01
-7,836335e-01
-7,302833e-01
-6,727353e-01
-6,113680e-01
-5,465942e-01
-4,787409e-01
-4,080489e-01
-3,349655e-01
-2,602305e-01
-1,839988e-01
-1,064939e-01
-2,802562e-02
4,923838e-02
1,276207e-01
2,048331e-01
2,805659e-01
3,549740e-01
4,275413e-01
4,974935e-01
5,644694e-01
6,283829e-01
6,889073e-01
7,453198e-01
7,974829e-01
8,451729e-01
8,880457e-01
9,258949e-01
9,584109e-01
9,855763e-01
1,007082e+00
1,022909e+00
1,032836e+00
1,036931e+00
1,035159e+00
1,027572e+00
1,014101e+00
9,947461e-01
9,699033e-01
9,395379e-01
9,037876e-01
8,628416e-01
8,171129e-01
7,667046e-01
7,119093e-01
6,530021e-01
5,904821e-01
5,246417e-01
4,557389e-01
3,842039e-01
3,105528e-01
2,352845e-01
1,586742e-01
8,065323e-02
2,907508e-03
-7,516509e-02
-1,532377e-01
-2,298996e-01
-3,053055e-01
-3,791115e-01
-4,509045e-01
-5,199621e-01
-5,859918e-01
-6,487699e-01
-7,078663e-01
-7,629025e-01
-8,135860e-01
-8,597104e-01
-9,010005e-01
-9,370777e-01
-9,677355e-01
-9,930085e-01
-1,012690e+00
-1,026660e+00
-1,034591e+00
-1,036673e+00
-1,033008e+00
-1,023425e+00
-1,008011e+00
-9,867634e-01
-9,600625e-01
-9,278906e-01
-8,903683e-01
-8,478223e-01
-8,004592e-01
-7,485886e-01
-6,924513e-01
-6,322195e-01
-5,685812e-01
-5,017257e-01
-4,319111e-01
-3,595847e-01
-2,853486e-01
-2,095814e-01
-1,324894e-01
-5,410717e-02
2,289877e-02
1,016767e-01
1,792332e-01
2,554478e-01
3,303720e-01
4,036102e-01
4,744743e-01
5,425512e-01
6,075487e-01
6,691225e-01
7,270490e-01
7,806228e-01
8,297579e-01
8,742824e-01
9,138692e-01
9,481572e-01
9,770946e-01
1,000510e+00
1,018281e+00
1,030238e+00
1,036174e+00
1,036466e+00
1,030772e+00
1,019228e+00
1,001920e+00
9,788150e-01
9,502389e-01
9,162950e-01
8,770867e-01
8,328719e-01
7,839948e-01
7,306274e-01
6,731310e-01
6,117465e-01
5,469383e-01
4,790678e-01
4,083758e-01
3,352752e-01
2,605230e-01
1,843773e-01
1,068208e-01
2,831809e-02
-4,892871e-02
-1,273454e-01
-2,045062e-01
-2,802906e-01
-3,547503e-01
-4,272660e-01
-4,971322e-01
-5,641941e-01
-6,281421e-01
-6,885804e-01
-7,450101e-01
-7,971732e-01
-8,448288e-01
-8,877017e-01
-9,256025e-01
-9,580840e-01
-9,851806e-01
-1,006823e+00
-1,022617e+00
-1,032561e+00
-1,036673e+00
-1,034883e+00
-1,027245e+00
-1,013791e+00
-9,944880e-01
-9,695592e-01
-9,392282e-01
-9,034779e-01
-8,625147e-01
-8,167344e-01
-7,664809e-01
-7,116340e-01
-6,527269e-01
-5,901896e-01
-5,243836e-01
-4,555497e-01
-3,839286e-01
-3,102087e-01
-2,349920e-01
-1,582957e-01
-8,036076e-02
-2,701057e-03
7,542316e-02
1,535646e-01
2,301920e-01
3,056152e-01
3,794039e-01
4,511282e-01
5,202202e-01
5,862155e-01
6,489936e-01
7,081415e-01
7,632122e-01
8,138613e-01
8,600029e-01
9,012241e-01
9,373013e-01
9,680624e-01
9,933354e-01
1,012965e+00
1,026952e+00
1,034883e+00
1,037034e+00
1,033283e+00
1,023752e+00
1,008320e+00
9,870902e-01
9,604065e-01
9,282175e-01
8,907296e-01
8,481148e-01
8,008205e-01
7,489327e-01
6,927438e-01
6,325808e-01
5,688909e-01
5,020354e-01
4,322552e-01
3,598772e-01
2,856067e-01
2,099255e-01
1,328507e-01
5,439964e-02
-2,264071e-02
-1,012983e-01
-1,788891e-01
-2,551725e-01
-3,300623e-01
-4,033178e-01
-4,741818e-01
-5,422244e-01
-6,072046e-01
-6,688472e-01
-7,267049e-01
-7,803819e-01
-8,294655e-01
-8,740415e-01
-9,135767e-01
-9,478991e-01
-9,767505e-01
-1,000183e+00
-1,017937e+00
-1,029860e+00
-1,035967e+00
-1,036105e+00
-1,030531e+00
-1,018918e+00
-1,001559e+00
-9,785398e-01
-9,499636e-01
-9,159853e-01
-8,767770e-01
-8,325966e-01
-7,836507e-01
-7,303350e-01
-6,727869e-01
-6,113852e-01
-5,466458e-01
-4,787753e-01
-4,081005e-01
-3,350171e-01
-2,602477e-01
-1,841192e-01
-1,064767e-01
-2,807723e-02
4,925559e-02
1,276379e-01
2,047642e-01
2,806003e-01
3,549568e-01
4,274724e-01
4,974935e-01
5,645210e-01
6,283829e-01
6,888901e-01
7,453198e-01
7,975173e-01
8,451557e-01
8,880457e-01
9,259294e-01
9,584453e-01
9,855247e-01
1,007116e+00
1,022875e+00
1,032888e+00
1,036914e+00
1,035159e+00
1,027623e+00
1,014101e+00
9,948149e-01
9,699033e-01
9,395207e-01
9,038392e-01
8,628588e-01
8,170957e-01
7,666874e-01
7,119093e-01
6,530882e-01
5,905337e-01
5,247105e-01
4,558421e-01
3,842727e-01
3,105872e-01
2,353017e-01
1,587602e-01
8,068764e-02
2,873099e-03
-7,514789e-02
-1,531689e-01
-2,298996e-01
-3,052539e-01
-3,791287e-01
-4,508185e-01
-5,198417e-01
-5,858714e-01
-6,486667e-01
-7,079007e-01
-7,628853e-01
-8,135860e-01
-8,597104e-01
-9,009661e-01
-9,370777e-01
-9,677871e-01
-9,929913e-01
-1,012707e+00
-1,026557e+00
-1,034591e+00
-1,036810e+00
-1,033025e+00
-1,023425e+00
-1,007993e+00
-9,867978e-01
-9,600453e-01
-9,280111e-01
-8,903855e-01
-8,478395e-01
-8,004764e-01
-7,486402e-01
-6,924341e-01
-6,322711e-01
-5,686672e-01
-5,017429e-01
-4,318939e-01
-3,595675e-01
-2,853659e-01
-2,096158e-01
-1,325239e-01
-5,415878e-02
2,289877e-02
1,016251e-01
1,792332e-01
2,553962e-01
3,303376e-01
4,035242e-01
4,744571e-01
5,424308e-01
6,074971e-01
6,690880e-01
7,269801e-01
7,806056e-01
8,297407e-01
8,742308e-01
9,138348e-01
9,481572e-01
9,770946e-01
1,000492e+00
1,018299e+00
1,030170e+00
1,036243e+00
1,036432e+00
1,030806e+00
1,019210e+00
1,001886e+00
9,787634e-01
9,502389e-01
9,163294e-01
8,771211e-01
8,328891e-01
7,840292e-01
7,307134e-01
6,731138e-01
6,117121e-01
5,469727e-01
4,791538e-01
4,083930e-01
3,353268e-01
2,605746e-01
1,843601e-01
1,068380e-01
2,831809e-02
-4,891150e-02
-1,272938e-01
-2,044546e-01
-2,802562e-01
-3,546815e-01
-4,271800e-01
-4,970978e-01
-5,642113e-01
-6,280733e-01
-6,885460e-01
-7,450273e-01
-7,971388e-01
-8,448460e-01
-8,877361e-01
-9,256369e-01
-9,580840e-01
-9,852322e-01
-1,006755e+00
-1,022617e+00
-1,032561e+00
-1,036656e+00
-1,034901e+00
-1,027314e+00
-1,013774e+00
-9,945052e-01
-9,695764e-01
-9,392626e-01
-9,035123e-01
-8,625663e-01
-8,167688e-01
-7,663949e-01
-7,116340e-01
-6,527613e-01
-5,902241e-01
-5,243664e-01
-4,554809e-01
-3,839458e-01
-3,102947e-01
-2,350092e-01
-1,584334e-01
-8,041237e-02
-2,718262e-03
7,545757e-02
1,534613e-01
2,301748e-01
3,054948e-01
3,793179e-01
4,510594e-01
5,201342e-01
5,861639e-01
6,489419e-01
7,080899e-01
7,631777e-01
8,138957e-01
8,599685e-01
9,011897e-01
9,373185e-01
9,680452e-01
9,933182e-01
1,013051e+00
1,026866e+00
1,034901e+00
1,037051e+00
1,033301e+00
1,023735e+00
1,008269e+00
9,871419e-01
9,603893e-01
9,282347e-01
8,907468e-01
8,481148e-01
8,008549e-01
7,489499e-01
6,927266e-01
6,326324e-01
5,688909e-01
5,020870e-01
4,322896e-01
3,599288e-01
2,856583e-01
2,098911e-01
1,328679e-01
5,448566e-02
-2,260630e-02
-1,012638e-01
-1,788547e-01
-2,551209e-01
-3,300279e-01
-4,032834e-01
-4,741302e-01
-5,421556e-01
-6,071530e-01
-6,687268e-01
-7,266877e-01
-7,802615e-01
-8,294139e-01
-8,739899e-01
-9,134907e-01
-9,478131e-01
-9,767849e-01
-1,000234e+00
-1,018006e+00
-1,029963e+00
-1,035933e+00
-1,036122e+00
-1,030462e+00
-1,018987e+00
-1,001611e+00
-9,785054e-01
-9,499808e-01
-9,160542e-01
-8,767770e-01
-8,326138e-01
-7,836851e-01
-7,304038e-01
-6,727869e-01
-6,114712e-01
-5,466286e-01
-4,788269e-01
-4,081177e-01
-3,350515e-01
-2,602821e-01
-1,841192e-01
-1,065283e-01
-2,812885e-02
4,911795e-02
1,275863e-01
2,046782e-01
2,804971e-01
3,549052e-01
4,274896e-01
4,974763e-01
5,645210e-01
6,284173e-01
6,888040e-01
7,453198e-01
7,974657e-01
8,451385e-01
8,879769e-01
9,258433e-01
9,583592e-01
9,854730e-01
1,007064e+00
1,022875e+00
1,032905e+00
1,036965e+00
1,035159e+00
1,027572e+00
1,014066e+00
9,947977e-01
9,699205e-01
9,395723e-01
9,038220e-01
8,629276e-01
8,171473e-01
7,667734e-01
7,119609e-01
6,531054e-01
5,905681e-01
5,246933e-01
4,558249e-01
3,842899e-01
3,105528e-01
2,353533e-01
1,586914e-01
8,073925e-02
3,045141e-03
-7,506187e-02
-1,531689e-01
-2,298307e-01
-3,052195e-01
-3,790943e-01
-4,508529e-01
-5,198245e-01
-5,859058e-01
-6,485807e-01
-7,078835e-01
-7,628681e-01
-8,135516e-01
-8,596932e-01
-9,009317e-01
-9,370089e-01
-9,677183e-01
-9,929741e-01
-1,012656e+00
-1,026557e+00
-1,034574e+00
-1,036742e+00
-1,033043e+00
-1,023477e+00
-1,008028e+00
-9,867634e-01
-9,600797e-01
-9,279594e-01
-8,904199e-01
-8,478051e-01
-8,005108e-01
-7,485886e-01
-6,924685e-01
-6,322539e-01
-5,687016e-01
-5,018117e-01
-4,319627e-01
-3,596535e-01
-2,854175e-01
-2,096502e-01
-1,325411e-01
-5,412437e-02
2,291598e-02
