3.758388e-01
9.183774e-01
9.631556e-01
4.859537e-01
-2.546270e-01
-8.570520e-01
-9.948230e-01
-5.932306e-01
1.299860e-01
7.828727e-01
1.011453e+00
6.918759e-01
-2.624224e-03
-6.956733e-01
-1.011476e+00
-7.789252e-01
-1.240588e-01
5.981404e-01
9.962101e-01
8.543535e-01
2.495137e-01
-4.905353e-01
-9.645605e-01
-9.156552e-01
-3.702517e-01
3.757987e-01
9.183774e-01
9.631719e-01
4.859715e-01
-2.545735e-01
-8.570416e-01
-9.948200e-01
-5.932469e-01
1.299177e-01
7.828549e-01
1.011459e+00
6.919011e-01
-2.590066e-03
-6.956214e-01
-1.011449e+00
-7.789520e-01
-1.240900e-01
5.980884e-01
9.961967e-01
8.543713e-01
2.495463e-01
-4.905027e-01
-9.645531e-01
-9.156611e-01
-3.702725e-01
3.757913e-01
9.183626e-01
9.631660e-01
4.859849e-01
-2.545512e-01
-8.570134e-01
-9.948156e-01
-5.932618e-01
1.299162e-01
7.828237e-01
1.011449e+00
6.919085e-01
-2.569274e-03
-6.956035e-01
-1.011473e+00
-7.789475e-01
-1.241049e-01
5.980766e-01
9.961923e-01
8.543862e-01
2.495597e-01
-4.904997e-01
-9.645397e-01
-9.156745e-01
-3.702903e-01
3.757556e-01
9.183492e-01
9.631957e-01
4.860087e-01
-2.545230e-01
-8.569911e-01
-9.948230e-01
-5.932855e-01
1.298835e-01
7.827970e-01
1.011456e+00
6.919531e-01
-2.557393e-03
-6.955991e-01
-1.011458e+00
-7.789936e-01
-1.241182e-01
5.980780e-01
9.961967e-01
8.544099e-01
2.495894e-01
-4.904685e-01
-9.645323e-01
-9.156834e-01
-3.703423e-01
3.757482e-01
9.183552e-01
9.632031e-01
4.860607e-01
-2.545022e-01
-8.569822e-01
-9.948289e-01
-5.933420e-01
1.298597e-01
7.827955e-01
1.011451e+00
6.357543e-01
-2.394029e-03
-6.260371e-01
-9.103191e-01
-7.011163e-01
-1.118659e-01
5.379838e-01
8.962936e-01
7.687016e-01
2.244491e-01
-4.414459e-01
-8.680954e-01
-8.241400e-01
-3.333448e-01
3.378744e-01
8.262311e-01
8.666236e-01
4.372118e-01
-2.290486e-01
-7.713050e-01
-8.953817e-01
-5.340289e-01
1.166451e-01
7.042470e-01
9.100548e-01
6.744048e-01
-2.481652e-03
-6.955471e-01
-1.011453e+00
-7.790099e-01
-1.242103e-01
5.980097e-01
9.961745e-01
8.544500e-01
2.496488e-01
-4.903987e-01
-9.645115e-01
-9.156953e-01
-3.703824e-01
3.756606e-01
9.183032e-01
9.632076e-01
4.860918e-01
-2.544250e-01
-8.569406e-01
-9.948453e-01
-5.933628e-01
1.297974e-01
7.827346e-01
1.011467e+00
6.919932e-01
-2.453434e-03
-6.955382e-01
-1.011458e+00
-7.790247e-01
-1.242237e-01
5.979785e-01
9.961715e-01
8.544693e-01
2.496741e-01
-4.903631e-01
-9.645056e-01
-9.157309e-01
-3.703973e-01
3.756427e-01
9.183121e-01
9.632358e-01
4.861052e-01
-2.544220e-01
-8.569317e-01
-9.948453e-01
-5.933776e-01
1.297662e-01
7.827316e-01
1.011461e+00
6.920407e-01
-2.429672e-03
-6.955159e-01
-1.011446e+00
-7.790574e-01
-1.242385e-01
5.979711e-01
9.961715e-01
8.544946e-01
2.496889e-01
-4.903705e-01
-9.644892e-01
-9.157354e-01
-3.704492e-01
3.756249e-01
9.182928e-01
9.632298e-01
4.861646e-01
-2.543864e-01
-8.569198e-01
-9.948557e-01
-5.934400e-01
1.297484e-01
7.827123e-01
1.011468e+00
6.920481e-01
-2.371752e-03
-6.955070e-01
-1.011452e+00
-7.790782e-01
-1.243009e-01
5.979548e-01
9.961685e-01
8.544872e-01
2.497572e-01
-4.903497e-01
-9.644877e-01
-9.157384e-01
-3.704700e-01
3.755744e-01
9.182943e-01
9.632417e-01
4.861869e-01
-2.543136e-01
-8.569035e-01
-9.948750e-01
-5.934548e-01
1.296934e-01
7.827034e-01
1.011477e+00
6.920749e-01
-2.352445e-03
-6.954669e-01
-1.011455e+00
-7.790871e-01
-1.243217e-01
5.979028e-01
9.961656e-01
8.545050e-01
2.497825e-01
-4.903007e-01
-9.644565e-01
-9.157532e-01
-3.704790e-01
3.755447e-01
9.182646e-01
9.632387e-01
4.861958e-01
-2.543106e-01
-8.568752e-01
-9.948646e-01
-5.934623e-01
1.296800e-01
7.826678e-01
1.011482e+00
6.920808e-01
-2.330168e-03
-6.954402e-01
-1.011445e+00
-7.791035e-01
-1.243380e-01
5.978879e-01
9.961522e-01
8.545109e-01
2.497914e-01
-4.902725e-01
-9.644610e-01
-9.157799e-01
-3.705042e-01
3.755403e-01
9.182438e-01
9.632491e-01
4.862062e-01
-2.542780e-01
-8.568723e-01
-9.948779e-01
-5.934682e-01
1.296503e-01
7.826559e-01
1.011480e+00
6.921313e-01
-2.315317e-03
-6.954268e-01
-1.011440e+00
-7.791361e-01
-1.243573e-01
5.978657e-01
9.961581e-01
8.545644e-01
2.498137e-01
-4.902398e-01
-9.644714e-01
-9.157770e-01
-3.705577e-01
3.755121e-01
9.182497e-01
9.602596e-01
4.373855e-01
-2.289105e-01
-7.711892e-01
-8.954084e-01
-5.341863e-01
1.164832e-01
7.041104e-01
9.100518e-01
6.226718e-01
-2.184626e-03
-6.258737e-01
-9.102864e-01
-7.012663e-01
-1.120798e-01
5.378041e-01
8.962505e-01
7.688219e-01
2.246689e-01
-4.412602e-01
-8.680182e-01
-8.242365e-01
-3.335497e-01
3.376724e-01
8.261390e-01
8.667989e-01
4.858631e-01
-2.542230e-01
-8.568500e-01
-9.948883e-01
-5.935380e-01
1.295686e-01
7.826009e-01
1.011477e+00
6.921625e-01
-2.232150e-03
-6.953704e-01
-1.011425e+00
-7.791807e-01
-1.244509e-01
5.977973e-01
9.961299e-01
8.545674e-01
2.498894e-01
-4.901953e-01
-9.644402e-01
-9.158096e-01
-3.705963e-01
3.754586e-01
9.182081e-01
9.632759e-01
4.862923e-01
-2.542037e-01
-8.568054e-01
-9.948913e-01
-5.935588e-01
1.295657e-01
7.825905e-01
1.011489e+00
6.921714e-01
-2.211358e-03
-6.953659e-01
-1.011439e+00
-7.791792e-01
-1.244628e-01
5.977988e-01
9.961373e-01
8.545777e-01
2.498968e-01
-4.901670e-01
-9.644254e-01
-9.158275e-01
-3.706230e-01
3.754363e-01
9.182052e-01
9.632996e-01
4.863176e-01
-2.541799e-01
-8.568084e-01
-9.948869e-01
-5.935855e-01
1.295241e-01
7.825742e-01
1.011486e+00
6.922174e-01
-2.187596e-03
-6.953451e-01
-1.011433e+00
-7.792119e-01
-1.244702e-01
5.977855e-01
9.961344e-01
8.546015e-01
2.499191e-01
-4.901581e-01
-9.644194e-01
-9.158349e-01
-3.706750e-01
3.754111e-01
9.181992e-01
9.632952e-01
4.863666e-01
-2.541666e-01
-8.567980e-01
-9.949032e-01
-5.936197e-01
1.295241e-01
7.825668e-01
1.011482e+00
6.922219e-01
-2.122250e-03
-6.953139e-01
-1.011430e+00
-7.792520e-01
-1.245355e-01
5.977602e-01
9.961210e-01
8.546312e-01
2.499726e-01
-4.901136e-01
-9.644150e-01
-9.158453e-01
-3.706958e-01
3.753531e-01
9.181814e-01
9.633011e-01
4.863993e-01
-2.541072e-01
-8.567757e-01
-9.949121e-01
-5.936524e-01
1.294409e-01
7.825193e-01
1.011477e+00
6.922427e-01
-2.119280e-03
-6.952887e-01
-1.011428e+00
-7.792445e-01
-1.245608e-01
5.977082e-01
9.961225e-01
8.546357e-01
2.499993e-01
-4.900913e-01
-9.644046e-01
-9.158572e-01
-3.707151e-01
3.753383e-01
9.181576e-01
9.633085e-01
4.864156e-01
-2.540864e-01
-8.567520e-01
-9.949091e-01
-5.936672e-01
1.294261e-01
7.825059e-01
1.011483e+00
6.922590e-01
-2.097003e-03
-6.952679e-01
-1.011415e+00
-7.792535e-01
-1.245875e-01
5.977008e-01
9.961121e-01
8.546327e-01
2.500038e-01
-4.900735e-01
-9.643971e-01
-9.158854e-01
-3.707270e-01
3.753234e-01
9.181487e-01
9.633338e-01
4.864260e-01
-2.540374e-01
-8.567490e-01
-9.949299e-01
-5.936999e-01
1.294112e-01
7.824955e-01
1.011504e+00
6.923110e-01
-2.083637e-03
-6.952664e-01
-1.011427e+00
-7.792936e-01
-1.246024e-01
5.976771e-01
9.961032e-01
8.385918e-01
2.248397e-01
-4.410894e-01
-8.679543e-01
-8.243286e-01
-3.337324e-01
3.375002e-01
8.260425e-01
8.667246e-01
4.375593e-01
-2.287025e-01
-7.710793e-01
-8.954411e-01
-5.343645e-01
1.162381e-01
7.039811e-01
9.100681e-01
6.228173e-01
-1.976708e-03
-6.257341e-01
-9.103087e-01
-7.013941e-01
-1.122921e-01
5.376466e-01
8.962163e-01
7.813609e-01
2.500854e-01
-4.900274e-01
-9.643778e-01
-9.159017e-01
-3.708057e-01
3.752596e-01
9.181368e-01
9.633516e-01
4.864973e-01
-2.539973e-01
-8.567163e-01
-9.949284e-01
-5.937370e-01
1.293281e-01
7.824480e-01
1.011494e+00
6.923303e-01
-2.007895e-03
-6.952011e-01
-1.011424e+00
-7.793143e-01
-1.246648e-01
5.976132e-01
9.961047e-01
8.546980e-01
2.501166e-01
-4.899621e-01
-9.643570e-01
-9.159062e-01
-3.708190e-01
3.752284e-01
9.181101e-01
9.633635e-01
4.865136e-01
-2.539809e-01
-8.566866e-01
-9.949270e-01
-5.937385e-01
1.293191e-01
7.824405e-01
1.011502e+00
6.923452e-01
-1.976708e-03
-6.951699e-01
-1.011415e+00
-7.793322e-01
-1.247004e-01
5.975954e-01
9.960735e-01
8.547040e-01
2.501315e-01
-4.899665e-01
-9.643556e-01
-9.159344e-01
-3.708339e-01
3.752180e-01
9.180997e-01
9.633813e-01
4.865329e-01
-2.539557e-01
-8.566807e-01
-9.949403e-01
-5.937712e-01
1.292998e-01
7.824287e-01
1.011500e+00
6.923867e-01
-1.947005e-03
-6.951624e-01
-1.011425e+00
-7.793693e-01
-1.247197e-01
5.975865e-01
9.960854e-01
8.547337e-01
2.501552e-01
-4.899517e-01
-9.643481e-01
-9.159448e-01
-3.708978e-01
3.751928e-01
9.180893e-01
9.633783e-01
4.865894e-01
-2.539096e-01
-8.566688e-01
-9.949463e-01
-5.938098e-01
1.292300e-01
7.824079e-01
1.011500e+00
6.924090e-01
-1.905421e-03
-6.951565e-01
-1.011416e+00
-7.793841e-01
-1.247717e-01
5.975716e-01
9.960824e-01
8.547367e-01
2.502236e-01
-4.898938e-01
-9.643392e-01
-9.159448e-01
-3.709096e-01
3.751378e-01
9.180849e-01
9.633947e-01
4.866027e-01
-2.538562e-01
-8.566644e-01
-9.949567e-01
-5.938350e-01
1.292167e-01
7.823767e-01
1.011513e+00
6.924268e-01
-1.878689e-03
-6.951164e-01
-1.011419e+00
-7.793886e-01
-1.247895e-01
5.975211e-01
9.960750e-01
8.547678e-01
2.502414e-01
-4.898759e-01
-9.643125e-01
-9.159596e-01
-3.709364e-01
3.751051e-01
9.180537e-01
9.633873e-01
4.866101e-01
-2.538562e-01
-8.566228e-01
-9.949567e-01
-5.938424e-01
1.292003e-01
7.823678e-01
1.011508e+00
6.924268e-01
-1.854927e-03
-6.950956e-01
-1.011424e+00
-7.794094e-01
-1.248088e-01
5.975048e-01
9.960735e-01
8.547931e-01
2.502503e-01
-4.898329e-01
-9.643155e-01
-9.159804e-01
-3.709631e-01
3.750873e-01
9.180507e-01
9.634214e-01
4.866339e-01
-2.538458e-01
-8.566049e-01
-9.949671e-01
-5.938632e-01
1.291736e-01
7.823500e-01
1.011511e+00
6.693450e-01
-1.802947e-03
-6.255826e-01
-9.102864e-01
-7.015099e-01
-1.124540e-01
5.374699e-01
8.961807e-01
7.690402e-01
2.250283e-01
-4.409008e-01
-8.679053e-01
-8.243999e-01
-3.339329e-01
3.373130e-01
8.259652e-01
8.667915e-01
4.377405e-01
-2.285050e-01
-7.709590e-01
-8.954856e-01
-5.345397e-01
1.160198e-01
7.038401e-01
9.100845e-01
6.428473e-01
-1.773245e-03
-6.950600e-01
-1.011400e+00
-7.794688e-01
-1.248860e-01
5.974602e-01
9.960423e-01
8.548079e-01
2.503201e-01
-4.897928e-01
-9.643051e-01
-9.159997e-01
-3.710255e-01
3.750294e-01
9.180329e-01
9.634170e-01
4.867052e-01
-2.537641e-01
-8.565946e-01
-9.949641e-01
-5.939212e-01
1.291097e-01
7.823009e-01
1.011498e+00
6.925115e-01
-1.742057e-03
-6.950095e-01
-1.011418e+00
-7.794718e-01
-1.249143e-01
5.974201e-01
9.960586e-01
8.548362e-01
2.503453e-01
-4.897764e-01
-9.642872e-01
-9.160042e-01
-3.710478e-01
3.749967e-01
9.180151e-01
9.634274e-01
4.867245e-01
-2.537329e-01
-8.565589e-01
-9.949774e-01
-5.939523e-01
1.290830e-01
7.822727e-01
1.011507e+00
6.925174e-01
-1.740572e-03
-6.950095e-01
-1.011416e+00
-7.794851e-01
-1.249261e-01
5.974068e-01
9.960438e-01
8.548243e-01
2.503721e-01
-4.897646e-01
-9.642754e-01
-9.160309e-01
-3.710641e-01
3.749863e-01
9.180017e-01
9.634467e-01
4.867453e-01
-2.537195e-01
-8.565515e-01
-9.949804e-01
-5.939880e-01
1.290607e-01
7.822757e-01
1.011517e+00
6.925754e-01
-1.707899e-03
-6.949857e-01
-1.011397e+00
-7.795312e-01
-1.249618e-01
5.973860e-01
9.960304e-01
8.548673e-01
2.504270e-01
-4.897334e-01
-9.642709e-01
-9.160398e-01
-3.711146e-01
3.749700e-01
9.179898e-01
9.634511e-01
4.867884e-01
-2.536913e-01
-8.565337e-01
-9.949864e-01
-5.940073e-01
1.290102e-01
7.822623e-01
1.011519e+00
6.925709e-01
-1.636613e-03
-6.949560e-01
-1.011418e+00
-7.795312e-01
-1.250108e-01
5.973637e-01
9.960393e-01
8.548941e-01
2.504389e-01
-4.896962e-01
-9.642650e-01
-9.160487e-01
-3.711324e-01
3.749135e-01
9.179839e-01
9.634511e-01
4.868002e-01
-2.536468e-01
-8.565233e-01
-9.949923e-01
-5.940296e-01
1.289909e-01
7.822207e-01
1.011528e+00
6.925961e-01
-1.630672e-03
-6.949397e-01
-1.011413e+00
-7.795475e-01
-1.250256e-01
5.973266e-01
9.960363e-01
8.549060e-01
2.504641e-01
-4.896591e-01
-9.642516e-01
-9.160547e-01
-3.711636e-01
3.748883e-01
9.179557e-01
9.634704e-01
4.868255e-01
-2.536349e-01
-8.564861e-01
-9.949982e-01
-5.940325e-01
1.289657e-01
7.822133e-01
1.011525e+00
6.926095e-01
-1.615821e-03
-6.949323e-01
-1.011399e+00
-7.795564e-01
-1.250553e-01
5.973102e-01
9.960185e-01
8.549030e-01
2.504849e-01
-4.896443e-01
-9.642397e-01
-9.160948e-01
-3.711784e-01
3.748601e-01
9.179393e-01
9.634734e-01
4.636486e-01
-2.283016e-01
-7.708432e-01
-8.955198e-01
-5.346868e-01
1.158683e-01
7.037242e-01
9.100904e-01
6.231218e-01
-1.595029e-03
-6.254312e-01
-9.102864e-01
-7.016510e-01
-1.126545e-01
5.373036e-01
8.961540e-01
7.691932e-01
2.252689e-01
-4.406899e-01
-8.678266e-01
-8.245039e-01
-3.341349e-01
3.371021e-01
8.258836e-01
8.668642e-01
4.583110e-01
-2.536022e-01
-8.564787e-01
-9.950205e-01
-5.941023e-01
1.288870e-01
7.821821e-01
1.011526e+00
6.926674e-01
-1.532654e-03
-6.948832e-01
-1.011376e+00
-7.796099e-01
-1.251311e-01
5.972657e-01
9.960066e-01
8.549416e-01
2.505562e-01
-4.895774e-01
-9.642278e-01
-9.160992e-01
-3.712438e-01
3.748066e-01
9.179304e-01
9.634853e-01
4.869042e-01
-2.535280e-01
-8.564728e-01
-9.950086e-01
-5.941246e-01
1.288677e-01
7.821450e-01
1.011516e+00
6.926793e-01
-1.510377e-03
-6.948431e-01
-1.011381e+00
-7.796277e-01
-1.251504e-01
5.972167e-01
9.960052e-01
8.549520e-01
2.505815e-01
-4.895596e-01
-9.642174e-01
-9.161007e-01
-3.712676e-01
3.747858e-01
9.179096e-01
9.634927e-01
4.869280e-01
-2.535087e-01
-8.564371e-01
-9.950190e-01
-5.941246e-01
1.288513e-01
7.821376e-01
1.011538e+00
6.927135e-01
-1.482159e-03
-6.948164e-01
-1.011388e+00
-7.796500e-01
-1.251682e-01
5.971959e-01
9.959977e-01
8.549891e-01
2.505948e-01
-4.895463e-01
-9.642130e-01
-9.161334e-01
-3.712883e-01
3.747650e-01
9.178977e-01
9.635269e-01
4.869473e-01
-2.534790e-01
-8.564163e-01
-9.950294e-01
-5.941840e-01
1.288172e-01
7.821108e-01
1.011519e+00
6.927402e-01
-1.485130e-03
-6.948224e-01
-1.011393e+00
-7.796708e-01
-1.251875e-01
5.971959e-01
9.959992e-01
8.549966e-01
2.506557e-01
-4.895225e-01
-9.642041e-01
-9.161379e-01
-3.713418e-01
3.747532e-01
9.178888e-01
9.635373e-01
4.870111e-01
-2.534374e-01
-8.564089e-01
-9.950369e-01
-5.941900e-01
1.287667e-01
7.821049e-01
1.011541e+00
6.927699e-01
-1.422754e-03
-6.948045e-01
-1.011382e+00
-7.796782e-01
-1.252558e-01
5.971780e-01
9.959992e-01
8.550055e-01
2.506721e-01
-4.894705e-01
-9.641981e-01
-9.161408e-01
-3.713552e-01
3.746982e-01
9.178873e-01
9.635283e-01
4.870171e-01
-2.534017e-01
-8.563955e-01
-9.950428e-01
-5.942063e-01
1.287414e-01
7.820618e-01
1.011538e+00
6.927729e-01
-1.400477e-03
-6.947570e-01
-1.011390e+00
-7.796945e-01
-1.252603e-01
5.971246e-01
9.959829e-01
8.550248e-01
2.506929e-01
-4.894334e-01
-9.641729e-01
-9.161616e-01
-3.713834e-01
3.746581e-01
9.178591e-01
9.635402e-01
4.870394e-01
-2.533958e-01
-8.563762e-01
-9.950428e-01
-5.942271e-01
1.287266e-01
7.820529e-01
1.011537e+00
6.927907e-01
-1.376715e-03
-6.947422e-01
-1.011361e+00
-7.797228e-01
-1.252900e-01
5.971053e-01
9.959829e-01
8.550456e-01
2.349163e-01
-4.405295e-01
-8.677568e-01
-8.245870e-01
-3.342715e-01
3.369358e-01
8.257900e-01
8.669207e-01
4.380850e-01
-2.280818e-01
-7.707451e-01
-8.955629e-01
-5.348650e-01
1.156441e-01
7.035742e-01
9.101112e-01
6.232896e-01
-1.378200e-03
-6.252797e-01
-9.102463e-01
-7.017876e-01
-1.128877e-01
5.371194e-01
8.960960e-01
7.692793e-01
2.389187e-01
-4.894349e-01
-9.641610e-01
-9.161958e-01
-3.714428e-01
3.746477e-01
9.178383e-01
9.635595e-01
4.870943e-01
-2.533468e-01
-8.563540e-01
-9.950517e-01
-5.943043e-01
1.286508e-01
7.820292e-01
1.011537e+00
6.928456e-01
-1.298003e-03
-6.947080e-01
-1.011376e+00
-7.797807e-01
-1.253628e-01
5.970696e-01
9.959621e-01
8.550634e-01
2.507938e-01
-4.893665e-01
-9.641491e-01
-9.162077e-01
-3.714621e-01
3.745839e-01
9.178279e-01
9.635774e-01
4.871285e-01
-2.532948e-01
-8.563421e-01
-9.950606e-01
-5.943117e-01
1.286271e-01
7.820009e-01
1.011547e+00
6.928575e-01
-1.266816e-03
-6.946516e-01
-1.011387e+00
-7.797688e-01
-1.253880e-01
5.970295e-01
9.959665e-01
8.550871e-01
2.508117e-01
-4.893606e-01
-9.641343e-01
-9.162091e-01
-3.714829e-01
3.745556e-01
9.178057e-01
9.635818e-01
4.871433e-01
-2.532710e-01
-8.563035e-01
-9.950710e-01
-5.943325e-01
1.285974e-01
7.819742e-01
1.011546e+00
6.928635e-01
-1.259390e-03
-6.946501e-01
-1.011372e+00
-7.797896e-01
-1.254147e-01
5.970251e-01
9.959591e-01
8.551020e-01
2.508414e-01
-4.893383e-01
-9.641090e-01
-9.162403e-01
-3.715037e-01
3.745304e-01
9.177849e-01
9.635952e-01
4.871582e-01
-2.532562e-01
-8.562960e-01
-9.950784e-01
-5.943726e-01
1.285855e-01
7.819727e-01
1.011551e+00
6.929095e-01
-1.226717e-03
-6.946441e-01
-1.011373e+00
-7.798208e-01
-1.254192e-01
5.970058e-01
9.959636e-01
8.551183e-01
2.508933e-01
-4.893175e-01
-9.641298e-01
-9.162388e-01
-3.715616e-01
3.745348e-01
9.177878e-01
9.636056e-01
4.872101e-01
-2.532384e-01
-8.562767e-01
-9.950666e-01
-5.943949e-01
1.285380e-01
7.819564e-01
1.011551e+00
6.929451e-01
-1.176223e-03
-6.946055e-01
-1.011379e+00
-7.798371e-01
-1.254801e-01
5.969761e-01
9.959472e-01
8.551436e-01
2.509097e-01
-4.892685e-01
-9.641239e-01
-9.162522e-01
-3.715824e-01
3.744621e-01
9.177760e-01
9.636041e-01
4.872280e-01
-2.531745e-01
-8.562678e-01
-9.950770e-01
-5.944083e-01
1.284994e-01
7.819178e-01
1.011540e+00
6.929481e-01
-1.162857e-03
-6.945788e-01
-1.011369e+00
-7.798579e-01
-1.255053e-01
5.969419e-01
9.959383e-01
8.551362e-01
2.509305e-01
-4.892388e-01
-9.641075e-01
-9.162596e-01
-3.716002e-01
3.744517e-01
9.177552e-01
9.636174e-01
4.872502e-01
-2.531507e-01
-8.562322e-01
-9.950873e-01
-5.944306e-01
1.284771e-01
7.819014e-01
1.011549e+00
6.924655e-01
-1.159886e-03
-6.251282e-01
-9.102315e-01
-7.018856e-01
-1.130822e-01
5.369754e-01
8.960648e-01
7.693877e-01
2.256432e-01
-4.403395e-01
-8.676959e-01
-8.246658e-01
-3.344735e-01
3.367383e-01
8.257113e-01
8.669949e-01
4.382707e-01
-2.278798e-01
-7.706219e-01
-8.956000e-01
-5.350610e-01
1.154347e-01
7.034480e-01
9.101097e-01
6.234277e-01
-2.019776e-03
-6.945506e-01
-1.011367e+00
-7.799010e-01
-1.255469e-01
5.969063e-01
9.959279e-01
8.551881e-01
2.510047e-01
-4.892076e-01
-9.640912e-01
-9.162864e-01
-3.716760e-01
3.744131e-01
9.177388e-01
9.636516e-01
4.873215e-01
-2.531017e-01
-8.562158e-01
-9.951052e-01
-5.944929e-01
1.284058e-01
7.818807e-01
1.011557e+00
6.930268e-01
-1.069293e-03
-6.945461e-01
-1.011364e+00
-7.799069e-01
-1.256078e-01
5.968929e-01
9.959190e-01
8.552000e-01
2.510329e-01
-4.891586e-01
-9.640719e-01
-9.163072e-01
-3.716938e-01
3.743462e-01
9.177180e-01
9.636427e-01
4.873349e-01
-2.530646e-01
-8.561861e-01
-9.951081e-01
-5.945018e-01
1.283895e-01
7.818450e-01
1.011559e+00
6.930283e-01
-1.039591e-03
-6.944941e-01
-1.011367e+00
-7.799129e-01
-1.256167e-01
5.968469e-01
9.959190e-01
8.552253e-01
2.510478e-01
-4.891067e-01
-9.640645e-01
-9.163072e-01
-3.717131e-01
3.743254e-01
9.177151e-01
9.636575e-01
4.873527e-01
-2.530572e-01
-8.561743e-01
-9.951141e-01
-5.945108e-01
1.283791e-01
7.818316e-01
1.011559e+00
6.930580e-01
-1.012858e-03
-6.944763e-01
-1.011350e+00
-7.799351e-01
-1.256390e-01
5.968083e-01
9.959101e-01
8.552297e-01
2.510671e-01
-4.891230e-01
-9.640570e-01
-9.163324e-01
-3.717250e-01
3.743180e-01
9.176958e-01
9.636650e-01
4.873705e-01
-2.530141e-01
-8.561668e-01
-9.951081e-01
-5.945672e-01
1.283494e-01
7.818242e-01
1.011566e+00
6.930744e-01
-1.032165e-03
-6.945001e-01
-1.011355e+00
-7.799515e-01
-1.256316e-01
5.968231e-01
9.959116e-01
8.552253e-01
2.510760e-01
-4.891393e-01
-9.640556e-01
-9.163324e-01
-3.717487e-01
3.743477e-01
9.177076e-01
9.636575e-01
4.873839e-01
-2.530438e-01
-8.561772e-01
-9.951185e-01
-5.945583e-01
1.283271e-01
7.818183e-01
1.011563e+00
6.930848e-01
-9.742450e-04
-6.944808e-01
-1.011348e+00
-7.799619e-01
-1.256880e-01
5.967815e-01
9.958997e-01
8.552401e-01
2.511027e-01
-4.890948e-01
-9.640467e-01
-9.163428e-01
-3.717740e-01
3.742853e-01
9.176972e-01
9.636709e-01
4.874017e-01
-2.529755e-01
-8.561401e-01
-9.951185e-01
-5.945627e-01
1.283122e-01
7.817901e-01
1.011563e+00
6.931070e-01
-9.460276e-04
-6.944169e-01
-1.011363e+00
-7.799856e-01
-1.257029e-01
5.967682e-01
9.959012e-01
8.552535e-01
2.511176e-01
-4.890784e-01
-9.640303e-01
-9.163473e-01
-3.717933e-01
3.742601e-01
9.176705e-01
9.636709e-01
4.829226e-01
-2.277238e-01
-7.705372e-01
-8.956327e-01
-5.351397e-01
1.152743e-01
7.033321e-01
9.101320e-01
6.235332e-01
-9.935517e-04
-6.249930e-01
-9.102404e-01
-7.020208e-01
-1.132560e-01
5.368075e-01
8.960218e-01
7.694768e-01
2.258065e-01
-4.401939e-01
-8.676276e-01
-8.247474e-01
-3.346532e-01
3.365675e-01
8.256266e-01
8.670410e-01
4.415528e-01
-2.529458e-01
-8.561297e-01
-9.951378e-01
-5.946355e-01
1.282721e-01
7.817678e-01
1.011574e+00
6.931679e-01
-9.088993e-04
-6.943946e-01
-1.011352e+00
-7.800525e-01
-1.257786e-01
5.967370e-01
9.958878e-01
8.553025e-01
2.512008e-01
-4.890428e-01
-9.640303e-01
-9.163799e-01
-3.718586e-01
3.742230e-01
9.176497e-01
9.636976e-01
4.874834e-01
-2.528864e-01
-8.561104e-01
-9.951497e-01
-5.946533e-01
1.282008e-01
7.817381e-01
1.011560e+00
6.931649e-01
-8.673157e-04
-6.943961e-01
-1.011347e+00
-7.800406e-01
-1.258038e-01
5.966998e-01
9.958953e-01
8.552921e-01
2.512008e-01
-4.889819e-01
-9.640259e-01
-9.163799e-01
-3.718839e-01
3.741710e-01
9.176423e-01
9.637110e-01
4.875176e-01
-2.528552e-01
-8.560762e-01
-9.951334e-01
-5.946756e-01
1.281860e-01
7.817069e-01
1.011559e+00
6.931813e-01
-8.346429e-04
-6.943545e-01
-1.011344e+00
-7.800539e-01
-1.258365e-01
5.966865e-01
9.958789e-01
8.553159e-01
2.512334e-01
-4.889641e-01
-9.640066e-01
-9.163933e-01
-3.719062e-01
3.741443e-01
9.176170e-01
9.637051e-01
4.875220e-01
-2.528418e-01
-8.560688e-01
-9.951586e-01
-5.946860e-01
1.281711e-01
7.816950e-01
1.011575e+00
6.932065e-01
-8.108808e-04
-6.943219e-01
-1.011351e+00
-7.800747e-01
-1.258439e-01
5.966464e-01
9.958789e-01
8.553485e-01
2.512498e-01
-4.889596e-01
-9.639932e-01
-9.164156e-01
-3.719255e-01
3.741264e-01
9.176022e-01
9.637170e-01
4.875502e-01
-2.528240e-01
-8.560465e-01
-9.951571e-01
-5.947335e-01
1.281414e-01
7.816816e-01
1.011565e+00
6.932407e-01
-7.930592e-04
-6.943233e-01
-1.011342e+00
-7.801044e-01
-1.258974e-01
5.966464e-01
9.958730e-01
8.553530e-01
2.513122e-01
-4.889284e-01
-9.639858e-01
-9.164260e-01
-3.719715e-01
3.741116e-01
9.175918e-01
9.637363e-01
4.876111e-01
-2.527453e-01
-8.560510e-01
-9.951661e-01
-5.947454e-01
1.280865e-01
7.816683e-01
1.011571e+00
6.932630e-01
-7.455351e-04
-6.943130e-01
-1.011341e+00
-7.801163e-01
-1.259331e-01
5.965959e-01
9.958670e-01
8.553604e-01
2.513344e-01
-4.888750e-01
-9.639902e-01
-9.164393e-01
-3.719997e-01
3.740447e-01
9.175903e-01
9.637392e-01
4.876126e-01
-2.527512e-01
-8.560124e-01
-9.951646e-01
-5.947662e-01
1.280716e-01
7.816341e-01
1.011574e+00
6.932704e-01
-7.173176e-04
-6.942684e-01
-1.011345e+00
-7.801431e-01
-1.259464e-01
5.965810e-01
9.958507e-01
8.553961e-01
2.500335e-01
-4.399830e-01
-8.675860e-01
-8.248306e-01
-3.348373e-01
3.363626e-01
8.255286e-01
8.670959e-01
4.386004e-01
-2.275263e-01
-7.704244e-01
-8.956713e-01
-5.353179e-01
1.150604e-01
7.031970e-01
9.101468e-01
6.236861e-01
-7.811782e-04
-6.248341e-01
-9.102137e-01
-7.021871e-01
-1.134728e-01
5.366382e-01
8.959787e-01
7.695942e-01
2.265060e-01
-4.888572e-01
-9.639561e-01
-9.164720e-01
-3.720309e-01
3.740284e-01
9.175502e-01
9.637600e-01
4.876898e-01
-2.527097e-01
-8.559990e-01
-9.951794e-01
-5.948241e-01
1.280286e-01
7.816089e-01
1.011584e+00
6.933343e-01
-6.816745e-04
-6.942328e-01
-1.011317e+00
-7.801935e-01
-1.260236e-01
5.965394e-01
9.958448e-01
8.554139e-01
2.514369e-01
-4.888171e-01
-9.639561e-01
-9.164794e-01
-3.720740e-01
3.740017e-01
9.175458e-01
9.637793e-01
4.876973e-01
-2.526488e-01
-8.559812e-01
-9.951794e-01
-5.948405e-01
1.279751e-01
7.815985e-01
1.011580e+00
6.933476e-01
-6.178139e-04
-6.941971e-01
-1.011339e+00
-7.802069e-01
-1.260459e-01
5.964860e-01
9.958433e-01
8.554332e-01
2.514503e-01
-4.887710e-01
-9.639486e-01
-9.164794e-01
-3.721007e-01
3.739408e-01
9.175368e-01
9.637838e-01
4.877225e-01
-2.526354e-01
-8.559411e-01
-9.951646e-01
-5.948820e-01
1.279320e-01
7.815524e-01
1.011574e+00
6.933640e-01
-6.029626e-04
-6.941778e-01
-1.011332e+00
-7.802054e-01
-1.260563e-01
5.964845e-01
9.958284e-01
8.554391e-01
2.514785e-01
-4.887532e-01
-9.639249e-01
-9.164928e-01
-3.721319e-01
3.739304e-01
9.175116e-01
9.637853e-01
4.877374e-01
-2.525953e-01
-8.559352e-01
-9.951958e-01
-5.948806e-01
1.279261e-01
7.815450e-01
1.011595e+00
6.933773e-01
-5.777154e-04
-6.941585e-01
-1.011327e+00
-7.802559e-01
-1.260831e-01
5.964607e-01
9.958329e-01
8.554792e-01
2.514978e-01
-4.887279e-01
-9.639115e-01
-9.165270e-01
-3.721468e-01
3.738977e-01
9.174923e-01
9.638061e-01
4.877864e-01
-2.525775e-01
-8.559203e-01
-9.951958e-01
-5.949192e-01
1.279083e-01
7.815287e-01
1.011596e+00
6.934115e-01
-5.688046e-04
-6.941526e-01
-1.011330e+00
-7.802678e-01
-1.261335e-01
5.964518e-01
9.958225e-01
8.554777e-01
2.515468e-01
-4.887190e-01
-9.639174e-01
-9.165270e-01
-3.721972e-01
3.738858e-01
9.174938e-01
9.638105e-01
4.878101e-01
-2.525196e-01
-8.559173e-01
-9.952136e-01
-5.949548e-01
1.278518e-01
7.815168e-01
1.011599e+00
6.934323e-01
-5.079143e-04
-6.941318e-01
-1.011324e+00
-7.802737e-01
-1.261603e-01
5.964043e-01
9.958240e-01
8.554911e-01
2.515720e-01
-4.886671e-01
-9.638981e-01
-9.165478e-01
-3.722136e-01
3.738294e-01
9.174834e-01
9.638150e-01
4.878235e-01
-2.525136e-01
-8.558758e-01
-9.951913e-01
-5.949711e-01
1.278162e-01
7.814812e-01
1.011583e+00
6.934352e-01
8.633059e-03
-6.247020e-01
-9.101944e-01
-7.022614e-01
-1.136629e-01
5.364912e-01
8.959490e-01
7.696818e-01
2.262224e-01
-4.398271e-01
-8.675251e-01
-8.249197e-01
-3.350393e-01
3.361725e-01
8.254440e-01
8.671924e-01
4.387905e-01
-2.272828e-01
-7.703085e-01
-8.957114e-01
-5.354962e-01
1.148421e-01
7.030559e-01
9.101543e-01
6.238436e-01
-9.978586e-03
-6.940635e-01
-1.011306e+00
-7.803168e-01
-1.262048e-01
5.963612e-01
9.958047e-01
8.555386e-01
2.516047e-01
-4.886284e-01
-9.638714e-01
-9.165745e-01
-3.722567e-01
3.737893e-01
9.174596e-01
9.638402e-01
4.878933e-01
-2.524809e-01
-8.558609e-01
-9.952210e-01
-5.950172e-01
1.277820e-01
7.814544e-01
1.011593e+00
6.934976e-01
-4.336579e-04
-6.940545e-01
-1.011303e+00
-7.803450e-01
-1.262538e-01
5.963404e-01
9.958002e-01
8.555520e-01
2.516626e-01
-4.886106e-01
-9.638759e-01
-9.165789e-01
-3.723057e-01
3.737774e-01
9.174433e-01
9.638358e-01
4.879052e-01
-2.524186e-01
-8.558475e-01
-9.952269e-01
-5.950409e-01
1.277360e-01
7.814470e-01
1.011596e+00
6.935110e-01
-3.816783e-04
-6.940130e-01
-1.011329e+00
-7.803465e-01
-1.262910e-01
5.962989e-01
9.958002e-01
8.555728e-01
2.516805e-01
-4.885601e-01
-9.638640e-01
-9.165775e-01
-3.723279e-01
3.737136e-01
9.174359e-01
9.638566e-01
4.879260e-01
-2.523889e-01
-8.558193e-01
-9.952180e-01
-5.950781e-01
1.277004e-01
7.813906e-01
1.011584e+00
6.935273e-01
-3.519757e-04
-6.939937e-01
-1.011315e+00
-7.803584e-01
-1.262969e-01
5.962914e-01
9.957943e-01
8.555817e-01
2.517027e-01
-4.885527e-01
-9.638462e-01
-9.165849e-01
-3.723383e-01
3.737076e-01
9.174166e-01
9.638699e-01
4.879468e-01
-2.523800e-01
-8.558089e-01
-9.952344e-01
-5.950692e-01
1.277018e-01
7.813980e-01
1.011602e+00
6.935555e-01
-3.311839e-04
-6.939580e-01
-1.011323e+00
-7.804074e-01
-1.263177e-01
5.962617e-01
9.957854e-01
8.556114e-01
2.517206e-01
-4.885260e-01
-9.638417e-01
-9.166205e-01
-3.723680e-01
3.736779e-01
9.174047e-01
9.638818e-01
4.879958e-01
-2.523532e-01
-8.558045e-01
-9.952329e-01
-5.951167e-01
1.276736e-01
7.813846e-01
1.011601e+00
6.935912e-01
-3.252434e-04
-6.939595e-01
-1.011303e+00
-7.804074e-01
-1.263786e-01
5.962424e-01
9.957735e-01
8.556129e-01
2.517755e-01
-4.885067e-01
-9.638313e-01
-9.166161e-01
-3.724096e-01
3.736586e-01
9.173972e-01
9.638833e-01
4.880121e-01
-2.523027e-01
-8.557792e-01
-9.952463e-01
-5.951360e-01
1.276216e-01
7.813653e-01
1.011599e+00
6.936149e-01
-2.495018e-04
-6.939432e-01
-1.011315e+00
-7.804163e-01
-1.263934e-01
5.961904e-01
9.957779e-01
8.556366e-01
2.517889e-01
-4.884666e-01
-9.638283e-01
-9.166383e-01
-3.724438e-01
3.736081e-01
9.173675e-01
9.638937e-01
4.880314e-01
-2.261229e-01
-7.701986e-01
-8.957426e-01
-5.356744e-01
1.146416e-01
7.029312e-01
9.101528e-01
6.239861e-01
-3.831634e-04
-6.245401e-01
-9.101751e-01
-7.023980e-01
-1.138783e-01
5.363189e-01
8.959089e-01
7.697902e-01
2.264258e-01
-4.396310e-01
-8.674434e-01
-8.249910e-01
-3.352413e-01
3.359705e-01
8.253504e-01
8.672429e-01
4.389850e-01
-2.530007e-01
-8.557406e-01
-9.952552e-01
-5.951806e-01
1.275726e-01
7.813074e-01
1.011593e+00
6.936298e-01
-2.197992e-04
-6.938986e-01
-1.011303e+00
-7.804653e-01
-1.264350e-01
5.961771e-01
9.957631e-01
8.556678e-01
2.518379e-01
-4.884176e-01
-9.638075e-01
-9.166636e-01
-3.724839e-01
3.735829e-01
9.173542e-01
9.639145e-01
4.881086e-01
-2.522211e-01
-8.557198e-01
-9.952715e-01
-5.952147e-01
1.275474e-01
7.813015e-01
1.011609e+00
6.936818e-01
-2.138587e-04
-6.938838e-01
-1.011299e+00
-7.804802e-01
-1.264915e-01
5.961548e-01
9.957631e-01
8.556871e-01
2.519032e-01
-4.883982e-01
-9.637942e-01
-9.166859e-01
-3.725418e-01
3.735353e-01
9.173334e-01
9.639085e-01
4.881205e-01
-2.521810e-01
-8.557228e-01
-9.952700e-01
-5.952296e-01
1.275028e-01
7.812940e-01
1.011611e+00
6.936877e-01
-1.425724e-04
-6.938704e-01
-1.011301e+00
-7.805010e-01
-1.265226e-01
5.960954e-01
9.957512e-01
8.556871e-01
2.519062e-01
-4.883492e-01
-9.637927e-01
-9.166888e-01
-3.725552e-01
3.734997e-01
9.173230e-01
9.639145e-01
4.881354e-01
-2.521409e-01
-8.556797e-01
-9.952760e-01
-5.952444e-01
1.274613e-01
7.812584e-01
1.011611e+00
6.937115e-01
-1.292063e-04
-6.938318e-01
-1.011295e+00
-7.805069e-01
-1.265405e-01
5.960939e-01
9.957408e-01
8.557050e-01
2.519433e-01
-4.883225e-01
-9.637674e-01
-9.166918e-01
-3.725730e-01
3.734655e-01
9.173037e-01
9.639353e-01
4.881487e-01
-2.521468e-01
-8.556857e-01
-9.952834e-01
-5.952652e-01
1.274583e-01
7.812331e-01
1.011623e+00
6.937204e-01
-9.207804e-05
-6.938050e-01
-1.011295e+00
-7.805455e-01
-1.265642e-01
5.960776e-01
9.957393e-01
8.557540e-01
2.519478e-01
-4.882928e-01
-9.637689e-01
-9.167319e-01
-3.725967e-01
3.734462e-01
9.173052e-01
9.639471e-01
4.882052e-01
-2.521305e-01
-8.556738e-01
-9.952908e-01
-5.953053e-01
1.274345e-01
7.812227e-01
1.011612e+00
6.937709e-01
-8.019700e-05
-6.937917e-01
-1.011286e+00
-7.805619e-01
-1.266132e-01
5.960508e-01
9.957363e-01
8.557421e-01
2.520057e-01
-4.882735e-01
-9.637585e-01
-9.167349e-01
-3.726458e-01
3.734002e-01
9.172948e-01
9.639620e-01
4.882215e-01
-2.520874e-01
-8.556515e-01
-9.952967e-01
-5.953142e-01
1.273707e-01
7.812109e-01
1.011624e+00
6.937753e-01
-4.455389e-06
-6.937842e-01
-1.011296e+00
-7.805678e-01
-1.266340e-01
5.960182e-01
9.957230e-01
8.557480e-01
2.520428e-01
-4.395434e-01
-8.673959e-01
-8.250890e-01
-3.354269e-01
3.357878e-01
8.252672e-01
8.672875e-01
4.391543e-01
-2.269026e-01
-7.700828e-01
-8.957856e-01
-5.358348e-01
1.144367e-01
7.027990e-01
9.101780e-01
6.241525e-01
-1.485130e-04
-6.243589e-01
-9.101706e-01
-7.025510e-01
-1.140995e-01
5.361288e-01
8.958733e-01
7.699135e-01
2.266219e-01
-4.874403e-01
-9.637422e-01
-9.167438e-01
-3.726799e-01
3.733571e-01
9.172606e-01
9.639783e-01
4.882601e-01
-2.520354e-01
-8.556173e-01
-9.953057e-01
-5.953617e-01
1.273291e-01
7.811648e-01
1.011620e+00
6.938021e-01
3.861337e-05
-6.936981e-01
-1.011293e+00
-7.806302e-01
-1.266816e-01
5.959647e-01
9.957066e-01
8.557985e-01
2.520621e-01
-4.882111e-01
-9.637363e-01
-9.167690e-01
-3.727022e-01
3.733542e-01
9.172532e-01
9.639843e-01
4.883151e-01
-2.520042e-01
-8.556069e-01
-9.952923e-01
-5.954226e-01
1.273083e-01
7.811351e-01
1.011615e+00
6.938451e-01
8.168213e-05
-6.937026e-01
-1.011293e+00
-7.806406e-01
-1.267380e-01
5.959484e-01
9.957052e-01
8.558178e-01
2.521215e-01
-4.882022e-01
-9.637244e-01
-9.167750e-01
-3.727616e-01
3.732933e-01
9.172428e-01
9.639843e-01
4.883284e-01
-2.519463e-01
-8.555995e-01
-9.953086e-01
-5.954211e-01
1.272533e-01
7.811336e-01
1.011623e+00
6.938615e-01
1.039591e-04
-6.936610e-01
-1.011284e+00
-7.806465e-01
-1.267573e-01
5.958979e-01
9.956903e-01
8.558223e-01
2.521438e-01
-4.881428e-01
-9.637259e-01
-9.167809e-01
-3.727705e-01
3.732665e-01
9.172190e-01
9.639902e-01
4.883463e-01
-2.519270e-01
-8.555624e-01
-9.953175e-01
-5.954390e-01
1.272281e-01
7.810980e-01
1.011624e+00
6.938823e-01
1.202955e-04
-6.936491e-01
-1.011277e+00
-7.806628e-01
-1.267811e-01
5.958845e-01
9.956829e-01
8.558163e-01
2.521602e-01
-4.881101e-01
-9.637006e-01
-9.167973e-01
-3.727883e-01
3.732591e-01
9.172086e-01
9.640125e-01
4.883656e-01
-2.519121e-01
-8.555505e-01
-9.953279e-01
-5.954642e-01
1.272103e-01
7.810772e-01
1.011641e+00
6.938971e-01
1.410873e-04
-6.936298e-01
-1.011266e+00
-7.807015e-01
-1.268004e-01
5.958652e-01
9.956784e-01
8.558490e-01
2.521928e-01
-4.880908e-01
-9.636962e-01
-9.168166e-01
-3.728388e-01
3.732324e-01
9.172042e-01
9.640110e-01
4.884205e-01
-2.518973e-01
-8.555431e-01
-9.953235e-01
-5.954954e-01
1.271895e-01
7.810653e-01
1.011629e+00
6.939432e-01
2.004925e-04
-6.936120e-01
-1.011281e+00
-7.807148e-01
-1.268627e-01
5.958503e-01
9.956740e-01
8.558579e-01
2.522359e-01
-4.880849e-01
-9.636976e-01
-9.168255e-01
-3.728641e-01
3.731849e-01
9.171878e-01
9.640288e-01
4.884339e-01
-2.518423e-01
-8.555238e-01
-9.953354e-01
-5.955236e-01
1.271419e-01
7.810609e-01
1.011630e+00
6.939446e-01
5.832104e-03
-6.242089e-01
-9.101661e-01
-7.026624e-01
-1.142896e-01
5.359610e-01
8.958302e-01
7.700174e-01
2.268179e-01
-4.392716e-01
-8.673231e-01
-8.251752e-01
-3.356185e-01
3.355725e-01
8.251752e-01
8.673632e-01
4.393444e-01
-2.266961e-01
-7.699580e-01
-8.958035e-01
-5.360249e-01
1.142198e-01
7.026520e-01
9.101736e-01
6.242965e-01
-4.248956e-03
-6.935644e-01
-1.011274e+00
-7.807267e-01
-1.268954e-01
5.957998e-01
9.956636e-01
8.558861e-01
2.522775e-01
-4.880106e-01
-9.636724e-01
-9.168507e-01
-3.729101e-01
3.731403e-01
9.171507e-01
9.640526e-01
4.884695e-01
-2.518022e-01
-8.554822e-01
-9.953368e-01
-5.955771e-01
1.270855e-01
7.810059e-01
1.011614e+00
6.939758e-01
2.688085e-04
-6.935347e-01
-1.011271e+00
-7.807713e-01
-1.269028e-01
5.957865e-01
9.956695e-01
8.559203e-01
2.523072e-01
-4.879943e-01
-9.636620e-01
-9.168760e-01
-3.729561e-01
3.731299e-01
9.171403e-01
9.640660e-01
4.885378e-01
-2.517636e-01
-8.554644e-01
-9.953472e-01
-5.955994e-01
1.270736e-01
7.809911e-01
1.011639e+00
6.940278e-01
3.148475e-04
-6.935377e-01
-1.011272e+00
-7.807846e-01
-1.269741e-01
5.957731e-01
9.956636e-01
8.559277e-01
2.523607e-01
-4.879750e-01
-9.636457e-01
-9.168849e-01
-3.729755e-01
3.730601e-01
9.171388e-01
9.640689e-01
4.885468e-01
-2.517250e-01
-8.554525e-01
-9.953443e-01
-5.956142e-01
1.270098e-01
7.809747e-01
1.011629e+00
6.940293e-01
3.490055e-04
-6.934946e-01
-1.011275e+00
-7.807861e-01
-1.269845e-01
5.957241e-01
9.956547e-01
8.559441e-01
2.523844e-01
-4.879245e-01
-9.636427e-01
-9.168864e-01
-3.730096e-01
3.730497e-01
9.171136e-01
9.640823e-01
4.885705e-01
-2.516805e-01
-8.554198e-01
-9.953695e-01
-5.956365e-01
1.269786e-01
7.809450e-01
1.011639e+00
6.940486e-01
3.668270e-04
-6.934694e-01
-1.011263e+00
-7.808128e-01
-1.270172e-01
5.956974e-01
9.956368e-01
8.559559e-01
2.523785e-01
-4.879141e-01
-9.636160e-01
-9.168953e-01
-3.730156e-01
3.730170e-01
9.171091e-01
9.640838e-01
4.885839e-01
-2.516819e-01
-8.554064e-01
-9.953621e-01
-5.956558e-01
1.269697e-01
7.809227e-01
1.011636e+00
6.940946e-01
3.965296e-04
-6.934575e-01
-1.011271e+00
-7.808425e-01
-1.270320e-01
5.956870e-01
9.956383e-01
8.559901e-01
2.524290e-01
-4.878918e-01
-9.636204e-01
-9.169309e-01
-3.730824e-01
3.730007e-01
9.170958e-01
9.640942e-01
4.886225e-01
-2.516433e-01
-8.554005e-01
-9.953799e-01
-5.957033e-01
1.269459e-01
7.809138e-01
1.011650e+00
6.941139e-01
4.425686e-04
-6.934456e-01
-1.011265e+00
-7.808678e-01
-1.270915e-01
5.956677e-01
9.956398e-01
8.559960e-01
2.524735e-01
-4.878651e-01
-9.636100e-01
-9.169294e-01
-3.731002e-01
3.729458e-01
9.170809e-01
9.640853e-01
4.886448e-01
-2.334787e-01
-7.698719e-01
-8.958495e-01
-5.361556e-01
1.140297e-01
7.025525e-01
9.102048e-01
6.244361e-01
2.747490e-04
-6.240678e-01
-9.101572e-01
-7.028109e-01
-1.144990e-01
5.358051e-01
8.957975e-01
7.701362e-01
2.270436e-01
-4.390459e-01
-8.672593e-01
-8.252776e-01
-3.358190e-01
3.353735e-01
8.250771e-01
8.674182e-01
4.395211e-01
-2.427964e-01
-8.553649e-01
-9.953740e-01
-5.957286e-01
1.268776e-01
7.808544e-01
1.011654e+00
6.941496e-01
4.856374e-04
-6.933699e-01
-1.011246e+00
-7.809005e-01
-1.271434e-01
5.955919e-01
9.956175e-01
8.560168e-01
2.525107e-01
-4.878116e-01
-9.635877e-01
-9.169547e-01
-3.731269e-01
3.729205e-01
9.170557e-01
9.641165e-01
4.886774e-01
-2.515676e-01
-8.553589e-01
-9.953948e-01
-5.957464e-01
1.268538e-01
7.808425e-01
1.011644e+00
6.941793e-01
5.019738e-04
-6.933625e-01
-1.011243e+00
-7.809302e-01
-1.271642e-01
5.955607e-01
9.956027e-01
8.560436e-01
2.525285e-01
-4.877968e-01
-9.635759e-01
-9.169621e-01
-3.731849e-01
3.728953e-01
9.170319e-01
9.641268e-01
4.887220e-01
-2.515409e-01
-8.553441e-01
-9.953933e-01
-5.957895e-01
1.268316e-01
7.808381e-01
1.011648e+00
6.942075e-01
5.673195e-04
-6.933550e-01
-1.011243e+00
-7.809376e-01
-1.272177e-01
5.955444e-01
9.956057e-01
8.560584e-01
2.525864e-01
-4.877804e-01
-9.635759e-01
-9.169695e-01
-3.732042e-01
3.728284e-01
9.170304e-01
9.641298e-01
4.887458e-01
-2.514874e-01
-8.553366e-01
-9.953933e-01
-5.958117e-01
1.267766e-01
7.808247e-01
1.011645e+00
6.942120e-01
5.792006e-04
-6.933179e-01
-1.011251e+00
-7.809554e-01
-1.272474e-01
5.955177e-01
9.956116e-01
8.560629e-01
2.526131e-01
-4.877270e-01
-9.635551e-01
-9.169948e-01
-3.732279e-01
3.728121e-01
9.170096e-01
9.641402e-01
4.887651e-01
-2.514711e-01
-8.552906e-01
-9.953992e-01
-5.958340e-01
1.267558e-01
7.807757e-01
1.011639e+00
6.942179e-01
6.074180e-04
-6.932927e-01
-1.011257e+00
-7.809569e-01
-1.272459e-01
5.955147e-01
9.955997e-01
8.560777e-01
2.526339e-01
-4.877047e-01
-9.635491e-01
-9.170156e-01
-3.732398e-01
3.728106e-01
9.169948e-01
9.641566e-01
4.887873e-01
-2.514191e-01
-8.552802e-01
-9.954081e-01
-5.958474e-01
1.267350e-01
7.807638e-01
1.011660e+00
6.942669e-01
6.222693e-04
-6.932852e-01
-1.011240e+00
-7.809940e-01
-1.272845e-01
5.954895e-01
9.955982e-01
8.561163e-01
2.526532e-01
-4.876750e-01
-9.635269e-01
-9.170111e-01
-3.733096e-01
3.727735e-01
9.169844e-01
9.641521e-01
4.888349e-01
-2.514221e-01
-8.552787e-01
-9.954170e-01
-5.958919e-01
1.267172e-01
7.807594e-01
1.011648e+00
6.942803e-01
6.861299e-04
-6.932719e-01
-1.011253e+00
-7.810208e-01
-1.273380e-01
5.954687e-01
9.955953e-01
8.561089e-01
2.527022e-01
-4.513339e-01
-8.671924e-01
-8.253652e-01
-3.360091e-01
3.351789e-01
8.250029e-01
8.674731e-01
4.396919e-01
-2.263130e-01
-7.697620e-01
-8.958985e-01
-5.363457e-01
1.137981e-01
7.024099e-01
9.102152e-01
6.245995e-01
4.900928e-04
-6.239282e-01
-9.101305e-01
-7.029341e-01
-1.147277e-01
5.356150e-01
8.957500e-01
7.702432e-01
2.272397e-01
-4.728920e-01
-9.635194e-01
-9.170378e-01
-3.733378e-01
3.726948e-01
9.169487e-01
9.641773e-01
4.888675e-01
-2.513389e-01
-8.552446e-01
-9.954230e-01
-5.959246e-01
1.266415e-01
7.807074e-01
1.011651e+00
6.943055e-01
7.202879e-04
-6.932110e-01
-1.011241e+00
-7.810445e-01
-1.273796e-01
5.954078e-01
9.955774e-01
8.561342e-01
2.527319e-01
-4.875710e-01
-9.635076e-01
-9.170720e-01
-3.733527e-01
3.726769e-01
9.169443e-01
9.641967e-01
4.888883e-01
-2.513463e-01
-8.552208e-01
-9.954349e-01
-5.959484e-01
1.266177e-01
7.806940e-01
1.011657e+00
6.943516e-01
7.410797e-04
-6.931857e-01
-1.011228e+00
-7.810891e-01
-1.273974e-01
5.953751e-01
9.955566e-01
8.561698e-01
2.527587e-01
-4.875681e-01
-9.635046e-01
-9.170675e-01
-3.734047e-01
3.726680e-01
9.169324e-01
9.641863e-01
4.889373e-01
-2.513077e-01
-8.552238e-01
-9.954364e-01
-5.959914e-01
1.265895e-01
7.806777e-01
1.011666e+00
6.943694e-01
7.871187e-04
-6.931887e-01
-1.011234e+00
-7.810920e-01
-1.274553e-01
5.953692e-01
9.955685e-01
8.561817e-01
2.528225e-01
-4.875591e-01
-9.634897e-01
-9.170854e-01
-3.734269e-01
3.725997e-01
9.169265e-01
9.641967e-01
4.889552e-01
-2.512602e-01
-8.552015e-01
-9.954512e-01
-5.960167e-01
1.265256e-01
7.806421e-01
1.011657e+00
6.944050e-01
8.272172e-04
-6.931130e-01
-1.011234e+00
-7.811054e-01
-1.274716e-01
5.953172e-01
9.955611e-01
8.561995e-01
2.528359e-01
-4.875190e-01
-9.634823e-01
-9.170854e-01
-3.734492e-01
3.725849e-01
9.168982e-01
9.642011e-01
4.889849e-01
-2.512349e-01
-8.551688e-01
-9.954364e-01
-5.960241e-01
1.265152e-01
7.806257e-01
1.011648e+00
6.943932e-01
8.465239e-04
-6.931159e-01
-1.011228e+00
-7.811114e-01
-1.274924e-01
5.953127e-01
9.955522e-01
8.562010e-01
2.528567e-01
-4.874908e-01
-9.634734e-01
-9.171180e-01
-3.734700e-01
3.725745e-01
9.168908e-01
9.642189e-01
4.889968e-01
-2.512141e-01
-8.551614e-01
-9.954497e-01
-5.960404e-01
1.264885e-01
7.806049e-01
1.011651e+00
6.944377e-01
8.554347e-04
-6.930966e-01
-1.011231e+00
-7.811500e-01
-1.275147e-01
5.953008e-01
9.955507e-01
8.562426e-01
2.528819e-01
-4.874789e-01
-9.634645e-01
-9.171270e-01
-3.735220e-01
3.725537e-01
9.168774e-01
9.642293e-01
4.890517e-01
-2.511948e-01
-8.551480e-01
-9.954616e-01
-5.961028e-01
1.264736e-01
7.805960e-01
1.011657e+00
6.944585e-01
9.267209e-04
-6.343241e-01
-9.101008e-01
-7.030470e-01
-1.149149e-01
5.354947e-01
8.957084e-01
7.703501e-01
2.274387e-01
-4.387117e-01
-8.671330e-01
-8.254469e-01
-3.362111e-01
3.349918e-01
8.249167e-01
8.675533e-01
4.398939e-01
-2.260724e-01
-7.696328e-01
-8.959312e-01
-5.365135e-01
1.136035e-01
7.022361e-01
9.102196e-01
6.247539e-01
6.920704e-04
-6.797572e-01
-1.011222e+00
-7.811767e-01
-1.275964e-01
5.952325e-01
9.955284e-01
8.562574e-01
2.529710e-01
-4.873928e-01
-9.634377e-01
-9.171373e-01
-3.735606e-01
3.724750e-01
9.168433e-01
9.642353e-01
4.890829e-01
-2.511176e-01
-8.550990e-01
-9.954557e-01
-5.961117e-01
1.264024e-01
7.805544e-01
1.011672e+00
6.944867e-01
9.653343e-04
-6.930268e-01
-1.011213e+00
-7.811990e-01
-1.276246e-01
5.952073e-01
9.955240e-01
8.562678e-01
2.529829e-01
-4.873794e-01
-9.634437e-01
-9.171641e-01
-3.735799e-01
3.724586e-01
9.168359e-01
9.642724e-01
4.890992e-01
-2.511057e-01
-8.550946e-01
-9.954646e-01
-5.961399e-01
1.263712e-01
7.805336e-01
1.011669e+00
6.945134e-01
9.831558e-04
-6.930209e-01
-1.011214e+00
-7.812302e-01
-1.276335e-01
5.951909e-01
9.955210e-01
8.563020e-01
2.530349e-01
-4.873572e-01
-9.634333e-01
-9.171700e-01
-3.736378e-01
3.724393e-01
9.168270e-01
9.642872e-01
4.891675e-01
-2.510612e-01
-8.550827e-01
-9.954765e-01
-5.961904e-01
1.263162e-01
7.805203e-01
1.011675e+00
6.945446e-01
1.032165e-03
-6.929986e-01
-1.011219e+00
-7.812465e-01
-1.276855e-01
5.951746e-01
9.955091e-01
8.563035e-01
2.530616e-01
-4.873111e-01
-9.634229e-01
-9.171789e-01
-3.736497e-01
3.723755e-01
9.168136e-01
9.642798e-01
4.891661e-01
-2.510285e-01
-8.550693e-01
-9.954883e-01
-5.962053e-01
1.263028e-01
7.804965e-01
1.011672e+00
6.945506e-01
1.064838e-03
-6.929244e-01
-1.011229e+00
-7.812628e-01
-1.277108e-01
5.951182e-01
9.955165e-01
8.563228e-01
2.530676e-01
-4.873022e-01
-9.634095e-01
-9.171789e-01
-3.736779e-01
3.723606e-01
9.167854e-01
9.642872e-01
4.891943e-01
-2.509973e-01
-8.550426e-01
-9.954824e-01
-5.962320e-01
1.262731e-01
7.804638e-01
1.011681e+00
6.945669e-01
1.094541e-03
-6.929140e-01
-1.011211e+00
-7.812836e-01
-1.277256e-01
5.951137e-01
9.955047e-01
8.563584e-01
2.530943e-01
-4.872785e-01
-9.634006e-01
-9.172027e-01
-3.736868e-01
3.723472e-01
9.167839e-01
9.642947e-01
4.892180e-01
-2.509825e-01
-8.550263e-01
-9.954958e-01
-5.962736e-01
1.262524e-01
7.804490e-01
1.011664e+00
6.945966e-01
1.113847e-03
-6.929229e-01
-1.011210e+00
-7.813015e-01
-1.277419e-01
5.950989e-01
9.954898e-01
8.563599e-01
2.531611e-01
-4.872577e-01
-9.633887e-01
-9.172220e-01
-3.737477e-01
3.723235e-01
9.167794e-01
9.643065e-01
4.892552e-01
-2.509572e-01
-7.713050e-01
-8.959713e-01
-5.366739e-01
1.133807e-01
7.021351e-01
9.102137e-01
6.248831e-01
8.985034e-04
-6.236327e-01
-9.100963e-01
-7.031807e-01
-1.151243e-01
5.353150e-01
8.956594e-01
7.704541e-01
2.276377e-01
-4.385202e-01
-8.670707e-01
-8.255227e-01
-3.364086e-01
3.347764e-01
8.248232e-01
8.675979e-01
4.400810e-01
-2.258734e-01
-8.500273e-01
-9.955017e-01
-5.963078e-01
1.261736e-01
7.804059e-01
1.011673e+00
6.946323e-01
1.191074e-03
-6.928694e-01
-1.011207e+00
-7.813104e-01
-1.278221e-01
5.950261e-01
9.954913e-01
8.563941e-01
2.531819e-01
-4.871997e-01
-9.633590e-01
-9.172369e-01
-3.737923e-01
3.722403e-01
9.167378e-01
9.643184e-01
4.892864e-01
-2.508726e-01
-8.549728e-01
-9.955047e-01
-5.963152e-01
1.261588e-01
7.804000e-01
1.011669e+00
6.946471e-01
1.202955e-03
-6.928516e-01
-1.011213e+00
-7.813415e-01
-1.278459e-01
5.950172e-01
9.954779e-01
8.564223e-01
2.532161e-01
-4.871626e-01
-9.633590e-01
-9.172591e-01
-3.738086e-01
3.722210e-01
9.167289e-01
9.643303e-01
4.893101e-01
-2.508681e-01
-8.549654e-01
-9.955017e-01
-5.963434e-01
1.261469e-01
7.803836e-01
1.011682e+00
6.947006e-01
1.223747e-03
-6.928352e-01
-1.011197e+00
-7.813816e-01
-1.278786e-01
5.950083e-01
9.954735e-01
8.564193e-01
2.532681e-01
-4.871329e-01
-9.633368e-01
-9.172725e-01
-3.738532e-01
3.721972e-01
9.167245e-01
9.643422e-01
4.893591e-01
-2.508503e-01
-8.549624e-01
-9.955299e-01
-5.963746e-01
1.260816e-01
7.803688e-01
1.011682e+00
6.947095e-01
1.284637e-03
-6.928234e-01
-1.011198e+00
-7.813906e-01
-1.279291e-01
5.949697e-01
9.954661e-01
8.564267e-01
2.532874e-01
-4.870913e-01
-9.633442e-01
-9.172636e-01
-3.738606e-01
3.721571e-01
9.167126e-01
9.643526e-01
4.893695e-01
-2.508013e-01
-8.549149e-01
-9.955151e-01
-5.963746e-01
1.260667e-01
7.803376e-01
1.011682e+00
6.947407e-01
1.305429e-03
-6.927818e-01
-1.011201e+00
-7.814069e-01
-1.279528e-01
5.949355e-01
9.954661e-01
8.564564e-01
2.533082e-01
-4.870765e-01
-9.633130e-01
-9.172784e-01
-3.739022e-01
3.721334e-01
9.166888e-01
9.643466e-01
4.893918e-01
-2.507597e-01
-8.549089e-01
-9.955299e-01
-5.963939e-01
1.260519e-01
7.803257e-01
1.011694e+00
6.947436e-01
1.329191e-03
-6.927610e-01
-1.011195e+00
-7.814143e-01
-1.279766e-01
5.949192e-01
9.954542e-01
8.564921e-01
2.533319e-01
-4.870423e-01
-9.633160e-01
-9.173111e-01
-3.739081e-01
3.721126e-01
9.166725e-01
9.643734e-01
4.894007e-01
-2.507523e-01
-8.548941e-01
-9.955359e-01
-5.964518e-01
1.260251e-01
7.802901e-01
1.011691e+00
6.947867e-01
1.354438e-03
-6.927551e-01
-1.011195e+00
-7.814455e-01
-1.279855e-01
5.948939e-01
9.954512e-01
8.564921e-01
2.533854e-01
-4.754271e-01
-8.669949e-01
-8.255910e-01
-3.366061e-01
3.346220e-01
8.247281e-01
8.676588e-01
4.402578e-01
-2.257159e-01
-7.694070e-01
-8.959787e-01
-5.368194e-01
1.131758e-01
7.020074e-01
9.102404e-01
6.250628e-01
1.116817e-03
-6.234886e-01
-9.100815e-01
-7.033232e-01
-1.153411e-01
5.351412e-01
8.956282e-01
7.705744e-01
2.278501e-01
-4.463275e-01
-9.632996e-01
-9.173185e-01
-3.739883e-01
3.720532e-01
9.166621e-01
9.643853e-01
4.894868e-01
-2.506557e-01
-8.548584e-01
-9.955359e-01
-5.964964e-01
1.259405e-01
7.802470e-01
1.011690e+00
6.948149e-01
1.427210e-03
-6.926882e-01
-1.011189e+00
-7.814589e-01
-1.280583e-01
5.948301e-01
9.954378e-01
8.565040e-01
2.534285e-01
-4.869651e-01
-9.632892e-01
-9.173304e-01
-3.740076e-01
3.720369e-01
9.166398e-01
9.643882e-01
4.895165e-01
-2.506468e-01
-8.548302e-01
-9.955477e-01
-5.964993e-01
1.259331e-01
7.802440e-01
1.011697e+00
6.948327e-01
1.443546e-03
-6.926838e-01
-1.011188e+00
-7.814945e-01
-1.280880e-01
5.948152e-01
9.954378e-01
8.565470e-01
2.534478e-01
-4.869428e-01
-9.632729e-01
-9.173453e-01
-3.740195e-01
3.720072e-01
9.166220e-01
9.643957e-01
4.895210e-01
-2.506156e-01
-8.548243e-01
-9.955492e-01
-5.965320e-01
1.259182e-01
7.802307e-01
1.011701e+00
6.948699e-01
1.471763e-03
-6.926555e-01
-1.011177e+00
-7.815168e-01
-1.281459e-01
5.947914e-01
9.954274e-01
8.565589e-01
2.534879e-01
-4.869384e-01
-9.632714e-01
-9.173571e-01
-3.740745e-01
3.719982e-01
9.166205e-01
9.644179e-01
4.895789e-01
-2.505904e-01
-8.548213e-01
-9.955581e-01
-5.965691e-01
1.258529e-01
7.802307e-01
1.011701e+00
6.948981e-01
1.522258e-03
-6.926258e-01
-1.011177e+00
-7.815391e-01
-1.281711e-01
5.947469e-01
9.954289e-01
8.565723e-01
2.535176e-01
-4.868953e-01
-9.632610e-01
-9.173616e-01
-3.740893e-01
3.719403e-01
9.166086e-01
9.644194e-01
4.896027e-01
-2.505369e-01
-8.547827e-01
-9.955477e-01
-5.965929e-01
1.258217e-01
7.801653e-01
1.011687e+00
6.948951e-01
1.543050e-03
-6.925887e-01
-1.011177e+00
-7.815361e-01
-1.281771e-01
5.947395e-01
9.954156e-01
8.565752e-01
2.535502e-01
-4.868656e-01
-9.632447e-01
-9.173750e-01
-3.741205e-01
3.719166e-01
9.165864e-01
9.644239e-01
4.896161e-01
-2.505235e-01
-8.547664e-01
-9.955507e-01
-5.966063e-01
1.258083e-01
7.801534e-01
1.011696e+00
6.949085e-01
1.572752e-03
-6.925679e-01
-1.011174e+00
-7.815510e-01
-1.282068e-01
5.947261e-01
9.954126e-01
8.566064e-01
2.535502e-01
-4.868582e-01
-9.632358e-01
-9.174017e-01
-3.741294e-01
3.718943e-01
9.165789e-01
9.644417e-01
4.896621e-01
-2.505042e-01
-8.547574e-01
-9.955626e-01
-5.966508e-01
1.257771e-01
7.801416e-01
1.011694e+00
6.949441e-01
1.590574e-03
-6.621213e-01
-9.100681e-01
-7.034272e-01
-1.155505e-01
5.349823e-01
8.955837e-01
7.706843e-01
2.280476e-01
-4.381875e-01
-8.669221e-01
-8.256875e-01
-3.367873e-01
3.344467e-01
8.246435e-01
8.677301e-01
4.404375e-01
-2.254546e-01
-7.692778e-01
-8.960322e-01
-5.370169e-01
1.129649e-01
7.018589e-01
9.102582e-01
6.252039e-01
1.330676e-03
-6.498081e-01
-1.011161e+00
-7.816133e-01
-1.282810e-01
5.946578e-01
9.954037e-01
8.566287e-01
2.536497e-01
-4.867646e-01
-9.632283e-01
-9.174121e-01
-3.742066e-01
3.718185e-01
9.165522e-01
9.644447e-01
4.896903e-01
-2.504240e-01
-8.547233e-01
-9.955656e-01
-5.966538e-01
1.257088e-01
7.801015e-01
1.011713e+00
6.949902e-01
1.670771e-03
-6.925130e-01
-1.011164e+00
-7.816282e-01
-1.283078e-01
5.946518e-01
9.953948e-01
8.566376e-01
2.536661e-01
-4.867601e-01
-9.631972e-01
-9.174284e-01
-3.742348e-01
3.718022e-01
9.165225e-01
9.644655e-01
4.897230e-01
-2.504092e-01
-8.547070e-01
-9.955789e-01
-5.966642e-01
1.256880e-01
7.800866e-01
1.011703e+00
6.950050e-01
1.693048e-03
-6.924981e-01
-1.011161e+00
-7.816609e-01
-1.283301e-01
5.946296e-01
9.953814e-01
8.566584e-01
2.536780e-01
-4.867215e-01
-9.631868e-01
-9.174522e-01
-3.742378e-01
3.717814e-01
9.165210e-01
9.644892e-01
4.897527e-01
-2.503973e-01
-8.546980e-01
-9.955819e-01
-5.967325e-01
1.256657e-01
7.800762e-01
1.011716e+00
6.950466e-01
1.707899e-03
-6.924773e-01
-1.011165e+00
-7.816609e-01
-1.283835e-01
5.946043e-01
9.953799e-01
8.566718e-01
2.537433e-01
-4.867156e-01
-9.631882e-01
-9.174581e-01
-3.742957e-01
3.717755e-01
9.165091e-01
9.644952e-01
4.897928e-01
-2.503260e-01
-8.546639e-01
-9.955893e-01
-5.967533e-01
1.256019e-01
7.800643e-01
1.011710e+00
6.950644e-01
1.761364e-03
-6.924699e-01
-1.011159e+00
-7.816876e-01
-1.284028e-01
5.945627e-01
9.953680e-01
8.566911e-01
2.537700e-01
-4.866577e-01
-9.631853e-01
-9.174507e-01
-3.743254e-01
3.717086e-01
9.164958e-01
9.644788e-01
4.898002e-01
-2.503171e-01
-8.546431e-01
-9.955878e-01
-5.967414e-01
1.255974e-01
7.800213e-01
1.011722e+00
6.950763e-01
1.782156e-03
-6.924283e-01
-1.011151e+00
-7.816950e-01
-1.284236e-01
5.945360e-01
9.953636e-01
8.566926e-01
2.537834e-01
-4.866547e-01
-9.631704e-01
-9.174774e-01
-3.743388e-01
3.716953e-01
9.164765e-01
9.645145e-01
4.898255e-01
-2.502919e-01
-8.546327e-01
-9.955953e-01
-5.967934e-01
1.255662e-01
7.800049e-01
1.011724e+00
6.950823e-01
1.805918e-03
-6.924179e-01
-1.011149e+00
-7.817366e-01
-1.284429e-01
5.945286e-01
9.953532e-01
8.567252e-01
2.537983e-01
-4.866280e-01
-9.631615e-01
-9.174878e-01
-3.743626e-01
3.716730e-01
9.164690e-01
9.645070e-01
4.898685e-01
-2.502755e-01
-8.025492e-01
-8.960530e-01
-5.371461e-01
1.128090e-01
7.017297e-01
9.102627e-01
6.253361e-01
1.495526e-03
-6.231604e-01
-9.100533e-01
-7.035727e-01
-1.157584e-01
5.348071e-01
8.955361e-01
7.708016e-01
2.282436e-01
-4.379781e-01
-8.668509e-01
-8.257751e-01
-3.369685e-01
3.342240e-01
8.245380e-01
8.677984e-01
4.406172e-01
-2.252526e-01
-8.169683e-01
-9.956131e-01
-5.968454e-01
1.254831e-01
7.799886e-01
1.011718e+00
6.951521e-01
1.897996e-03
-6.923734e-01
-1.011139e+00
-7.817618e-01
-1.285216e-01
5.944603e-01
9.953443e-01
8.567475e-01
2.538859e-01
-4.865626e-01
-9.631481e-01
-9.175071e-01
-3.744131e-01
3.716002e-01
9.164482e-01
9.645278e-01
4.898997e-01
-2.501968e-01
-8.545881e-01
-9.956042e-01
-5.968677e-01
1.254727e-01
7.799455e-01
1.011718e+00
6.951580e-01
1.914332e-03
-6.923318e-01
-1.011149e+00
-7.817722e-01
-1.285484e-01
5.944439e-01
9.953324e-01
8.567639e-01
2.539037e-01
-4.865403e-01
-9.631259e-01
-9.175101e-01
-3.744517e-01
3.715690e-01
9.164200e-01
9.645293e-01
4.899146e-01
-2.501775e-01
-8.545659e-01
-9.956220e-01
-5.968587e-01
1.254474e-01
7.799307e-01
1.011718e+00
6.951699e-01
1.929183e-03
-6.923184e-01
-1.011142e+00
-7.817990e-01
-1.285602e-01
5.944216e-01
9.953368e-01
8.567921e-01
2.539067e-01
-4.865166e-01
-9.631199e-01
-9.175428e-01
-3.744680e-01
3.715586e-01
9.164111e-01
9.645427e-01
4.899710e-01
-2.501552e-01
-8.545555e-01
-9.956161e-01
-5.969360e-01
1.254311e-01
7.799218e-01
1.011715e+00
6.952100e-01
1.955916e-03
-6.923065e-01
-1.011145e+00
-7.817960e-01
-1.286211e-01
5.944113e-01
9.953235e-01
8.567980e-01
2.539750e-01
-4.865032e-01
-9.631140e-01
-9.175472e-01
-3.745140e-01
3.715542e-01
9.164111e-01
9.645561e-01
4.899858e-01
-2.500958e-01
-8.545480e-01
-9.956324e-01
-5.969583e-01
1.253687e-01
7.799010e-01
1.011713e+00
6.952471e-01
2.013836e-03
-6.922531e-01
-1.011131e+00
-7.818331e-01
-1.286375e-01
5.943682e-01
9.953250e-01
8.568158e-01
2.539854e-01
-4.864587e-01
-9.631036e-01
-9.175562e-01
-3.745378e-01
3.714859e-01
9.163829e-01
9.645635e-01
4.900170e-01
-2.500765e-01
-8.545169e-01
-9.956309e-01
-5.969761e-01
1.253360e-01
7.798683e-01
1.011721e+00
6.952397e-01
2.031657e-03
-6.922367e-01
-1.011134e+00
-7.818257e-01
-1.286568e-01
5.943489e-01
9.953101e-01
8.568203e-01
2.540136e-01
-4.864408e-01
-9.630843e-01
-9.175621e-01
-3.745571e-01
3.714680e-01
9.163666e-01
9.645813e-01
4.900259e-01
-2.500572e-01
-8.545020e-01
-9.956413e-01
-5.969835e-01
1.253138e-01
7.798549e-01
1.011715e+00
6.952575e-01
2.055419e-03
-6.922278e-01
-1.011136e+00
-7.818509e-01
-1.286731e-01
5.943325e-01
9.953101e-01
8.568574e-01
2.540374e-01
-4.864201e-01
-8.885248e-01
-8.258435e-01
-3.371452e-01
3.340472e-01
8.244578e-01
8.678593e-01
4.408013e-01
-2.250877e-01
-7.690491e-01
-8.961064e-01
-5.373466e-01
1.125966e-01
7.015871e-01
9.102701e-01
6.255010e-01
1.710869e-03
-6.230089e-01
-9.100265e-01
-7.037079e-01
-1.159649e-01
5.346288e-01
8.954975e-01
7.709041e-01
2.284649e-01
-4.378043e-01
-9.367678e-01
-9.176007e-01
-3.746254e-01
3.714265e-01
9.163443e-01
9.645872e-01
4.900898e-01
-2.499740e-01
-8.544768e-01
-9.956487e-01
-5.970414e-01
1.252395e-01
7.798282e-01
1.011713e+00
6.953110e-01
2.134131e-03
-6.921580e-01
-1.011130e+00
-7.818821e-01
-1.287637e-01
5.942717e-01
9.952953e-01
8.568767e-01
2.541116e-01
-4.863458e-01
-9.630590e-01
-9.176170e-01
-3.746477e-01
3.713715e-01
9.163220e-01
9.645902e-01
4.901076e-01
-2.499637e-01
-8.544500e-01
-9.956576e-01
-5.970503e-01
1.252321e-01
7.797836e-01
1.011730e+00
6.953332e-01
2.154923e-03
-6.921580e-01
-1.011122e+00
-7.819148e-01
-1.287830e-01
5.942538e-01
9.952834e-01
8.568842e-01
2.541384e-01
-4.863354e-01
-9.630427e-01
-9.176260e-01
-3.746804e-01
3.713522e-01
9.163146e-01
9.645962e-01
4.901225e-01
-2.499414e-01
-8.544441e-01
-9.956665e-01
-5.970429e-01
1.252039e-01
7.797762e-01
1.011727e+00
6.953451e-01
2.181655e-03
-6.921328e-01
-1.011133e+00
-7.819519e-01
-1.288068e-01
5.942330e-01
9.952670e-01
8.569168e-01
2.541487e-01
-4.863146e-01
-9.630368e-01
-9.176438e-01
-3.746967e-01
3.713418e-01
9.163012e-01
9.646169e-01
4.901953e-01
-2.499236e-01
-8.544218e-01
-9.956695e-01
-5.971157e-01
1.251875e-01
7.797584e-01
1.011728e+00
6.953926e-01
2.183141e-03
-6.921313e-01
-1.011124e+00
-7.819564e-01
-1.288617e-01
5.942137e-01
9.952804e-01
8.569228e-01
2.542082e-01
-4.862894e-01
-9.630353e-01
-9.176512e-01
-3.747606e-01
3.712750e-01
9.162938e-01
9.646155e-01
4.901982e-01
-2.498612e-01
-8.544218e-01
-9.956695e-01
-5.971097e-01
1.251237e-01
7.797465e-01
1.011722e+00
6.954075e-01
2.247001e-03
-6.920838e-01
-1.011119e+00
-7.819802e-01
-1.288825e-01
5.941662e-01
9.952670e-01
8.569391e-01
2.542289e-01
-4.862404e-01
-9.630249e-01
-9.176586e-01
-3.747665e-01
3.712631e-01
9.162685e-01
9.646259e-01
4.902131e-01
-2.498404e-01
-8.543906e-01
-9.956740e-01
-5.971573e-01
1.250969e-01
7.797094e-01
1.011725e+00
6.954060e-01
2.276704e-03
-6.920615e-01
-1.011107e+00
-7.819727e-01
-1.289063e-01
5.941395e-01
9.952567e-01
8.569406e-01
2.542438e-01
-4.862240e-01
-9.630100e-01
-9.176779e-01
-3.747829e-01
3.712423e-01
9.162596e-01
9.646407e-01
4.902383e-01
-2.498211e-01
-8.543698e-01
-9.956903e-01
-5.971810e-01
1.250732e-01
7.796975e-01
1.011725e+00
6.954283e-01
2.293040e-03
-6.920496e-01
-9.152898e-01
-7.038193e-01
-1.161342e-01
5.344551e-01
8.954455e-01
7.710065e-01
2.286045e-01
-4.376217e-01
-8.667202e-01
-8.259400e-01
-3.373665e-01
3.338334e-01
8.243554e-01
8.679083e-01
4.409929e-01
-2.248902e-01
-7.689407e-01
-8.961242e-01
-5.375189e-01
1.123634e-01
7.014416e-01
9.102835e-01
6.256450e-01
1.958886e-03
-6.228426e-01
-1.001066e+00
-7.820158e-01
-1.289776e-01
5.941276e-01
9.952388e-01
8.569851e-01
2.543121e-01
-4.861854e-01
-9.629937e-01
-9.177076e-01
-3.748452e-01
3.711636e-01
9.162418e-01
9.646645e-01
4.903155e-01
-2.497453e-01
-8.543490e-01
-9.956873e-01
-5.972285e-01
1.250004e-01
7.796663e-01
1.011740e+00
6.954847e-01
2.362841e-03
-6.920006e-01
-1.011109e+00
-7.820455e-01
-1.289998e-01
5.940741e-01
9.952403e-01
8.569941e-01
2.543374e-01
-4.861349e-01
-9.629952e-01
-9.177017e-01
-3.748868e-01
3.711398e-01
9.162166e-01
9.646645e-01
4.903126e-01
-2.497260e-01
-8.543149e-01
-9.956992e-01
-5.972271e-01
1.249826e-01
7.796307e-01
1.011736e+00
6.955025e-01
2.374722e-03
-6.919813e-01
-1.011107e+00
-7.820589e-01
-1.290251e-01
5.940533e-01
9.952284e-01
8.570119e-01
2.543567e-01
-4.861230e-01
-9.629655e-01
-9.177225e-01
-3.748898e-01
3.711309e-01
9.162002e-01
9.646778e-01
4.903319e-01
-2.496978e-01
-8.543134e-01
-9.956903e-01
-5.972568e-01
1.249692e-01
7.796233e-01
1.011751e+00
6.955397e-01
2.401455e-03
-6.919471e-01
-1.011101e+00
-7.821064e-01
-1.290355e-01
5.940251e-01
9.952314e-01
8.570445e-01
2.543730e-01
-4.861111e-01
-9.629684e-01
-9.177403e-01
-3.749477e-01
3.711101e-01
9.161958e-01
9.646763e-01
4.903883e-01
-2.496889e-01
-8.543075e-01
-9.957081e-01
-5.973117e-01
1.249440e-01
7.796039e-01
1.011742e+00
6.955441e-01
2.469771e-03
-6.919382e-01
-1.011104e+00
-7.820915e-01
-1.290949e-01
5.940177e-01
9.952166e-01
8.570431e-01
2.544413e-01
-4.860844e-01
-9.629581e-01
-9.177477e-01
-3.749596e-01
3.710567e-01
9.161913e-01
9.646912e-01
4.903987e-01
-2.496354e-01
-8.542881e-01
-9.957096e-01
-5.973191e-01
1.248890e-01
7.795876e-01
1.011749e+00
6.955813e-01
2.477196e-03
-6.919160e-01
-1.011100e+00
-7.821242e-01
-1.291083e-01
5.939687e-01
9.952166e-01
8.570624e-01
2.544502e-01
-4.860339e-01
-9.629491e-01
-9.177670e-01
-3.749685e-01
3.710344e-01
9.161661e-01
9.646853e-01
4.904225e-01
-2.496117e-01
-8.542599e-01
-9.957156e-01
-5.973429e-01
1.248578e-01
7.795594e-01
1.011737e+00
6.955753e-01
2.514324e-03
-6.918759e-01
-1.011101e+00
-7.821272e-01
-1.291350e-01
5.939538e-01
9.951972e-01
8.570698e-01
2.544695e-01
-4.860161e-01
-9.629373e-01
-9.177745e-01
-3.749982e-01
3.710181e-01
9.161616e-01
9.647254e-01
4.904373e-01
-2.495894e-01
-8.414819e-01
-8.961703e-01
-5.376392e-01
1.121748e-01
7.013139e-01
9.102939e-01
6.257920e-01
2.122250e-03
-6.227074e-01
-9.099998e-01
-7.039663e-01
-1.163436e-01
5.342843e-01
8.954040e-01
7.711209e-01
2.288184e-01
-4.374286e-01
-8.666489e-01
-8.260217e-01
-3.375804e-01
3.336299e-01
8.242588e-01
8.679573e-01
4.411622e-01
-2.246764e-01
-7.766396e-01
-9.957230e-01
-5.973860e-01
1.248222e-01
7.795163e-01
1.011731e+00
6.956407e-01
2.593036e-03
-6.918595e-01
-1.011096e+00
-7.821851e-01
-1.292122e-01
5.939182e-01
9.952002e-01
8.571247e-01
2.545497e-01
-4.859745e-01
-9.629209e-01
-9.177997e-01
-3.750680e-01
3.709408e-01
9.161334e-01
9.647328e-01
4.905027e-01
-2.495137e-01
-8.542198e-01
-9.957408e-01
-5.974201e-01
1.247643e-01
7.795148e-01
1.011745e+00
6.956600e-01
2.606403e-03
-6.918135e-01
-1.011088e+00
-7.821910e-01
-1.292508e-01
5.938662e-01
9.952002e-01
8.571233e-01
2.545809e-01
-4.859270e-01
-9.629061e-01
-9.177893e-01
-3.750739e-01
3.709111e-01
9.161096e-01
9.647358e-01
4.905146e-01
-2.494914e-01
-8.541842e-01
-9.957378e-01
-5.974305e-01
1.247509e-01
7.794733e-01
1.011748e+00
6.956718e-01
2.621254e-03
-6.917912e-01
-1.011097e+00
-7.822207e-01
-1.292627e-01
5.938424e-01
9.951765e-01
8.571455e-01
2.545794e-01
-4.859121e-01
-9.628897e-01
-9.178250e-01
-3.751022e-01
3.708948e-01
9.160978e-01
9.647476e-01
4.905353e-01
-2.494765e-01
-8.541857e-01
-9.957393e-01
-5.974469e-01
1.247256e-01
7.794525e-01
1.011740e+00
6.957045e-01
2.652442e-03
-6.917882e-01
-1.011081e+00
-7.822297e-01
-1.292790e-01
5.938395e-01
9.951735e-01
8.571678e-01
2.546062e-01
-4.858943e-01
-9.628912e-01
-9.178428e-01
-3.751616e-01
3.708785e-01
9.161022e-01
9.647521e-01
4.905844e-01
-2.494572e-01
-8.541679e-01
-9.957571e-01
-5.975003e-01
1.247063e-01
7.794376e-01
1.011743e+00
6.957223e-01
2.699966e-03
-6.917674e-01
-1.011079e+00
-7.822579e-01
-1.293355e-01
5.938142e-01
9.951601e-01
8.571738e-01
2.546626e-01
-4.858854e-01
-9.628808e-01
-9.178309e-01
-3.751957e-01
3.708190e-01
9.160814e-01
9.647491e-01
4.906051e-01
-2.493904e-01
-8.541604e-01
-9.957586e-01
-5.975003e-01
1.246425e-01
7.794302e-01
1.011748e+00
6.957416e-01
2.728183e-03
-6.917303e-01
-1.011078e+00
-7.822757e-01
-1.293533e-01
5.937697e-01
9.951646e-01
8.571886e-01
2.546775e-01
-4.858275e-01
-9.628853e-01
-9.178576e-01
-3.752002e-01
3.708057e-01
9.160577e-01
9.647729e-01
4.906126e-01
-2.493711e-01
-8.541278e-01
-9.957616e-01
-5.975241e-01
1.246321e-01
7.793945e-01
1.011749e+00
6.957535e-01
2.747490e-03
-6.917140e-01
-1.011070e+00
-7.822668e-01
-1.293875e-01
5.937459e-01
9.951586e-01
8.571901e-01
2.547161e-01
-4.858037e-01
-9.293704e-01
-8.260974e-01
-3.377140e-01
3.334383e-01
8.241667e-01
8.680226e-01
4.413003e-01
-2.244773e-01
-7.687209e-01
-8.962030e-01
-5.378041e-01
1.119639e-01
7.011846e-01
9.103147e-01
6.259510e-01
2.336109e-03
-6.225381e-01
-9.099790e-01
-7.041059e-01
-1.165530e-01
5.341001e-01
8.953683e-01
7.712263e-01
2.290159e-01
-4.372400e-01
-8.949866e-01
-9.178859e-01
-3.752611e-01
3.707745e-01
9.160354e-01
9.647803e-01
4.906928e-01
-2.493295e-01
-8.541010e-01
-9.957720e-01
-5.975805e-01
1.245846e-01
7.793619e-01
1.011748e+00
6.958025e-01
2.830657e-03
-6.916754e-01
-1.011075e+00
-7.823188e-01
-1.294617e-01
5.937132e-01
9.951453e-01
8.572317e-01
2.547725e-01
-4.857725e-01
-9.628496e-01
-9.179037e-01
-3.752952e-01
3.707195e-01
9.160309e-01
9.647952e-01
4.907047e-01
-2.492864e-01
-8.540906e-01
-9.957750e-01
-5.976102e-01
1.245355e-01
7.793396e-01
1.011752e+00
6.958308e-01
2.845508e-03
-6.916486e-01
-1.011073e+00
-7.823440e-01
-1.294751e-01
5.936731e-01
9.951364e-01
8.572465e-01
2.547948e-01
-4.857206e-01
-9.628229e-01
-9.178918e-01
-3.753190e-01
3.707017e-01
9.160086e-01
9.647996e-01
4.907240e-01
-2.492538e-01
-8.540550e-01
-9.957854e-01
-5.975998e-01
1.244999e-01
7.793054e-01
1.011755e+00
6.958471e-01
2.864815e-03
-6.916308e-01
-1.011069e+00
-7.823589e-01
-1.294885e-01
5.936509e-01
9.951364e-01
8.572718e-01
2.548067e-01
-4.856894e-01
-9.628199e-01
-9.179260e-01
-3.753309e-01
3.706809e-01
9.159923e-01
9.648174e-01
4.907403e-01
-2.492285e-01
-8.540431e-01
-9.957868e-01
-5.976251e-01
1.244836e-01
7.793025e-01
1.011756e+00
6.958902e-01
2.885607e-03
-6.915981e-01
-1.011057e+00
-7.823960e-01
-1.295152e-01
5.936434e-01
9.951289e-01
8.572866e-01
2.548245e-01
-4.856790e-01
-9.628081e-01
-9.179289e-01
-3.753932e-01
3.706468e-01
9.159864e-01
9.648085e-01
4.907923e-01
-2.492270e-01
-8.540386e-01
-9.957972e-01
-5.976711e-01
1.244553e-01
7.792772e-01
1.011756e+00
6.958991e-01
2.947982e-03
-6.915952e-01
-1.011060e+00
-7.824153e-01
-1.295731e-01
5.936226e-01
9.951230e-01
8.573044e-01
2.549002e-01
-4.856582e-01
-9.627873e-01
-9.179408e-01
-3.753947e-01
3.705933e-01
9.159671e-01
9.648249e-01
4.908101e-01
-2.491617e-01
-8.540268e-01
-9.958002e-01
-5.976993e-01
1.244123e-01
7.792386e-01
1.011761e+00
6.959288e-01
2.956893e-03
-6.915387e-01
-1.011069e+00
-7.824257e-01
-1.295969e-01
5.935722e-01
9.951170e-01
8.573223e-01
2.549091e-01
-4.856017e-01
-9.627843e-01
-9.179482e-01
-3.754155e-01
3.705874e-01
9.159448e-01
9.648293e-01
4.908398e-01
-2.491394e-01
-8.539852e-01
-9.957958e-01
-5.977201e-01
1.243841e-01
7.792327e-01
1.011764e+00
6.959169e-01
2.992536e-03
-6.915343e-01
-9.575982e-01
-7.041965e-01
-1.167594e-01
5.339397e-01
8.953149e-01
7.713050e-01
2.292045e-01
-4.370603e-01
-8.665093e-01
-8.261954e-01
-3.379041e-01
3.332497e-01
8.240762e-01
8.680835e-01
4.414949e-01
-2.242724e-01
-7.685991e-01
-8.962386e-01
-5.379704e-01
1.117501e-01
7.010332e-01
9.103161e-01
6.261024e-01
2.558878e-03
-6.223866e-01
-9.582873e-01
-7.824688e-01
-1.296325e-01
5.935484e-01
9.951037e-01
8.573594e-01
2.549477e-01
-4.855735e-01
-9.627813e-01
-9.179824e-01
-3.754794e-01
3.705384e-01
9.159329e-01
9.648531e-01
4.908962e-01
-2.490963e-01
-8.539822e-01
-9.958017e-01
-5.977736e-01
1.243514e-01
7.792134e-01
1.011759e+00
6.959837e-01
3.059367e-03
-6.914957e-01
-1.011052e+00
-7.824792e-01
-1.297038e-01
5.935217e-01
9.951081e-01
8.573460e-01
2.550057e-01
-4.855230e-01
-9.627590e-01
-9.179972e-01
-3.754972e-01
3.704700e-01
9.159210e-01
9.648605e-01
4.909141e-01
-2.490414e-01
-8.539584e-01
-9.958210e-01
-5.977870e-01
1.242920e-01
7.791688e-01
1.011764e+00
6.960194e-01
3.074218e-03
-6.914526e-01
-1.011052e+00
-7.824955e-01
-1.297201e-01
5.934712e-01
9.950918e-01
8.573817e-01
2.550250e-01
-4.854963e-01
-9.627412e-01
-9.179958e-01
-3.755180e-01
3.704715e-01
9.158987e-01
9.648679e-01
4.909423e-01
-2.490295e-01
-8.539139e-01
-9.958121e-01
-5.978181e-01
1.242667e-01
7.791643e-01
1.011765e+00
6.960283e-01
3.120257e-03
-6.914377e-01
-1.011057e+00
-7.824910e-01
-1.297380e-01
5.934504e-01
9.950755e-01
8.573757e-01
2.550443e-01
-4.854859e-01
-9.627353e-01
-9.180210e-01
-3.755388e-01
3.704596e-01
9.158884e-01
9.648872e-01
4.909556e-01
-2.490043e-01
-8.539228e-01
-9.958255e-01
-5.978196e-01
1.242504e-01
7.791421e-01
1.011767e+00
6.960595e-01
3.118772e-03
-6.914273e-01
-1.011044e+00
-7.825252e-01
-1.297602e-01
5.934459e-01
9.950829e-01
8.574099e-01
2.550874e-01
-4.854740e-01
-9.627368e-01
-9.180165e-01
-3.755997e-01
3.704210e-01
9.158780e-01
9.648902e-01
4.910017e-01
-2.489835e-01
-8.539080e-01
-9.958255e-01
-5.978597e-01
1.241895e-01
7.791302e-01
1.011767e+00
6.960728e-01
3.185603e-03
-6.914140e-01
-1.011038e+00
-7.825623e-01
-1.298003e-01
5.934266e-01
9.950740e-01
8.574262e-01
2.551215e-01
-4.854191e-01
-9.627308e-01
-9.180403e-01
-3.756220e-01
3.703854e-01
9.158705e-01
9.648976e-01
4.910299e-01
-2.489419e-01
-8.538857e-01
-9.958359e-01
-5.978820e-01
1.241717e-01
7.790916e-01
1.011773e+00
6.960862e-01
3.203425e-03
-6.913590e-01
-1.011033e+00
-7.825608e-01
-1.298137e-01
5.933776e-01
9.950680e-01
8.574381e-01
2.551453e-01
-4.853983e-01
-9.626982e-01
-9.180522e-01
-3.756353e-01
3.703646e-01
9.158468e-01
9.649021e-01
4.910254e-01
-2.489166e-01
-8.538634e-01
-9.251600e-01
-5.381427e-01
1.115629e-01
7.009069e-01
9.103132e-01
6.262212e-01
2.744520e-03
-6.222322e-01
-9.099389e-01
-7.043272e-01
-1.169614e-01
5.337690e-01
8.952718e-01
7.714209e-01
2.294124e-01
-4.368791e-01
-8.664410e-01
-8.262786e-01
-3.380957e-01
3.330388e-01
8.239885e-01
8.681503e-01
4.416805e-01
-2.240719e-01
-7.684774e-01
-9.617982e-01
-5.979563e-01
1.241479e-01
7.790723e-01
1.011771e+00
6.961456e-01
3.249464e-03
-6.913412e-01
-1.011029e+00
-7.826143e-01
-1.298642e-01
5.933568e-01
9.950458e-01
8.574812e-01
2.552210e-01
-4.853641e-01
-9.626863e-01
-9.180759e-01
-3.757274e-01
3.703186e-01
9.158289e-01
9.649303e-01
4.911027e-01
-2.488676e-01
-8.538456e-01
-9.958537e-01
-5.979667e-01
1.240856e-01
7.790574e-01
1.011768e+00
6.961634e-01
3.302928e-03
-6.913174e-01
-1.011035e+00
-7.826232e-01
-1.299266e-01
5.933286e-01
9.950606e-01
8.574871e-01
2.552492e-01
-4.853136e-01
-9.626774e-01
-9.180774e-01
-3.757200e-01
3.702473e-01
9.158141e-01
9.649258e-01
4.911190e-01
-2.488067e-01
-8.538352e-01
-9.958537e-01
-5.979785e-01
1.240588e-01
7.790158e-01
1.011774e+00
6.961753e-01
3.322235e-03
-6.912922e-01
-1.011027e+00
-7.826321e-01
-1.299474e-01
5.932840e-01
9.950458e-01
8.575035e-01
2.552463e-01
-4.852988e-01
-9.626640e-01
-9.180982e-01
-3.757423e-01
3.702354e-01
9.158007e-01
9.649333e-01
4.911353e-01
-2.487800e-01
-8.537877e-01
-9.958552e-01
-5.979860e-01
