3,755643e-01
9,182482e-01
9,632332e-01
4,861801e-01
-2,543404e-01
-8,569087e-01
-9,948771e-01
-5,934401e-01
1,296826e-01
7,826766e-01
1,011465e+00
6,920766e-01
-2,372289e-03
-6,954625e-01
-1,011464e+00
-7,790938e-01
-1,243221e-01
5,978992e-01
9,961430e-01
8,544999e-01
2,497763e-01
-4,902837e-01
-9,644817e-01
-9,157746e-01
-3,704975e-01
3,755532e-01
9,182442e-01
9,632534e-01
4,862066e-01
-2,543165e-01
-8,568907e-01
-9,948713e-01
-5,934613e-01
1,296483e-01
7,826592e-01
1,011469e+00
6,921063e-01
-2,331741e-03
-6,954329e-01
-1,011441e+00
-7,791290e-01
-1,243606e-01
5,978653e-01
9,961301e-01
8,545199e-01
2,498146e-01
-4,902755e-01
-9,644762e-01
-9,157861e-01
-3,705239e-01
3,755317e-01
9,182356e-01
9,632476e-01
4,862275e-01
-2,542829e-01
-8,568797e-01
-9,948732e-01
-5,934840e-01
1,296293e-01
7,826441e-01
1,011458e+00
6,921190e-01
-2,299808e-03
-6,954086e-01
-1,011464e+00
-7,791298e-01
-1,243866e-01
5,978472e-01
9,961316e-01
8,545410e-01
2,498339e-01
-4,902626e-01
-9,644660e-01
-9,157864e-01
-3,705523e-01
3,754917e-01
9,182190e-01
9,632681e-01
4,862606e-01
-2,542489e-01
-8,568503e-01
-9,948717e-01
-5,935172e-01
1,295919e-01
7,826126e-01
1,011462e+00
6,921470e-01
-2,278122e-03
-6,953959e-01
-1,011449e+00
-7,791573e-01
-1,244097e-01
5,978399e-01
9,961314e-01
8,545504e-01
2,498762e-01
-4,902272e-01
-9,644577e-01
-9,157951e-01
-3,705756e-01
3,754714e-01
9,182200e-01
9,632809e-01
4,862891e-01
-2,542177e-01
-8,568393e-01
-9,948814e-01
-5,935524e-01
1,295616e-01
7,826000e-01
1,011461e+00
6,359620e-01
-2,159152e-03
-6,258536e-01
-9,103079e-01
-7,012692e-01
-1,120985e-01
5,377648e-01
8,962356e-01
7,688285e-01
2,246706e-01
-4,412084e-01
-8,680245e-01
-8,242489e-01
-3,335639e-01
3,376411e-01
8,261089e-01
8,667000e-01
4,374212e-01
-2,288202e-01
-7,711697e-01
-8,954256e-01
-5,342208e-01
1,163990e-01
7,040594e-01
9,100620e-01
6,745687e-01
-2,216929e-03
-6,953542e-01
-1,011446e+00
-7,791852e-01
-1,244806e-01
5,977839e-01
9,961093e-01
8,545964e-01
2,499205e-01
-4,901709e-01
-9,644297e-01
-9,158253e-01
-3,706331e-01
3,754021e-01
9,181793e-01
9,632923e-01
4,863339e-01
-2,541559e-01
-8,568049e-01
-9,948980e-01
-5,935893e-01
1,295170e-01
7,825562e-01
1,011476e+00
6,922044e-01
-2,181728e-03
-6,953376e-01
-1,011448e+00
-7,792070e-01
-1,245030e-01
5,977487e-01
9,961111e-01
8,546225e-01
2,499536e-01
-4,901265e-01
-9,644342e-01
-9,158450e-01
-3,706588e-01
3,753763e-01
9,181829e-01
9,633119e-01
4,863554e-01
-2,541434e-01
-8,567928e-01
-9,948973e-01
-5,936091e-01
1,294760e-01
7,825425e-01
1,011471e+00
6,922332e-01
-2,153062e-03
-6,953102e-01
-1,011438e+00
-7,792213e-01
-1,245296e-01
5,977353e-01
9,961074e-01
8,546334e-01
2,499789e-01
-4,901268e-01
-9,644131e-01
-9,158520e-01
-3,706865e-01
3,753482e-01
9,181606e-01
9,633106e-01
4,863906e-01
-2,541007e-01
-8,567738e-01
-9,949093e-01
-5,936499e-01
1,294462e-01
7,825202e-01
1,011475e+00
6,922468e-01
-2,122762e-03
-6,952955e-01
-1,011443e+00
-7,792462e-01
-1,245663e-01
5,977083e-01
9,961022e-01
8,546307e-01
2,500175e-01
-4,900967e-01
-9,644103e-01
-9,158596e-01
-3,707124e-01
3,753279e-01
9,181560e-01
9,633271e-01
4,864225e-01
-2,540551e-01
-8,567548e-01
-9,949309e-01
-5,936740e-01
1,294225e-01
7,825024e-01
1,011483e+00
6,922798e-01
-2,093948e-03
-6,952755e-01
-1,011446e+00
-7,792618e-01
-1,245912e-01
5,976768e-01
9,960964e-01
8,546549e-01
2,500481e-01
-4,900730e-01
-9,643839e-01
-9,158792e-01
-3,707357e-01
3,752879e-01
9,181398e-01
9,633251e-01
4,864414e-01
-2,540453e-01
-8,567429e-01
-9,949220e-01
-5,936874e-01
1,293992e-01
7,824875e-01
1,011486e+00
6,922929e-01
-2,061866e-03
-6,952432e-01
-1,011437e+00
-7,792863e-01
-1,246175e-01
5,976514e-01
9,960925e-01
8,546670e-01
2,500701e-01
-4,900361e-01
-9,643885e-01
-9,158929e-01
-3,707682e-01
3,752758e-01
9,181190e-01
9,633277e-01
4,864577e-01
-2,540023e-01
-8,567287e-01
-9,949295e-01
-5,937033e-01
1,293591e-01
7,824678e-01
1,011488e+00
6,923224e-01
-2,034388e-03
-6,952241e-01
-1,011433e+00
-7,792981e-01
-1,246448e-01
5,976278e-01
9,960910e-01
8,546996e-01
2,501036e-01
-4,899992e-01
-9,643922e-01
-9,158967e-01
-3,707951e-01
3,752386e-01
9,181152e-01
9,603663e-01
4,375916e-01
-2,286605e-01
-7,710548e-01
-8,954532e-01
-5,343675e-01
1,162113e-01
7,039332e-01
9,100675e-01
6,228443e-01
-1,945865e-03
-6,256963e-01
-9,102791e-01
-7,014216e-01
-1,123127e-01
5,375821e-01
8,961906e-01
7,689494e-01
2,248901e-01
-4,410221e-01
-8,679445e-01
-8,243433e-01
-3,337665e-01
3,374423e-01
8,260131e-01
8,668659e-01
4,860855e-01
-2,539665e-01
-8,566984e-01
-9,949444e-01
-5,937581e-01
1,292962e-01
7,824258e-01
1,011485e+00
6,923648e-01
-1,973195e-03
-6,951809e-01
-1,011419e+00
-7,793606e-01
-1,247209e-01
5,975729e-01
9,960618e-01
8,547186e-01
2,501601e-01
-4,899643e-01
-9,643688e-01
-9,159333e-01
-3,708526e-01
3,751993e-01
9,180874e-01
9,633642e-01
4,865373e-01
-2,539358e-01
-8,566690e-01
-9,949502e-01
-5,937806e-01
1,292834e-01
7,824093e-01
1,011497e+00
6,923873e-01
-1,943340e-03
-6,951654e-01
-1,011430e+00
-7,793612e-01
-1,247418e-01
5,975653e-01
9,960762e-01
8,547304e-01
2,501770e-01
-4,899293e-01
-9,643519e-01
-9,159392e-01
-3,708856e-01
3,751648e-01
9,180779e-01
9,633731e-01
4,865708e-01
-2,539009e-01
-8,566661e-01
-9,949372e-01
-5,938224e-01
1,292318e-01
7,823860e-01
1,011491e+00
6,924087e-01
-1,904426e-03
-6,951369e-01
-1,011422e+00
-7,793768e-01
-1,247638e-01
5,975481e-01
9,960719e-01
8,547442e-01
2,502097e-01
-4,899146e-01
-9,643473e-01
-9,159505e-01
-3,709104e-01
3,751348e-01
9,180649e-01
9,633728e-01
4,865975e-01
-2,538768e-01
-8,566510e-01
-9,949592e-01
-5,938316e-01
1,292228e-01
7,823718e-01
1,011487e+00
6,924212e-01
-1,870859e-03
-6,951048e-01
-1,011424e+00
-7,794224e-01
-1,247989e-01
5,975115e-01
9,960555e-01
8,547748e-01
2,502369e-01
-4,898936e-01
-9,643378e-01
-9,159680e-01
-3,709451e-01
3,751009e-01
9,180453e-01
9,633868e-01
4,866325e-01
-2,538437e-01
-8,566249e-01
-9,949637e-01
-5,938714e-01
1,291669e-01
7,823447e-01
1,011488e+00
6,924500e-01
-1,859571e-03
-6,950962e-01
-1,011418e+00
-7,794212e-01
-1,248339e-01
5,974880e-01
9,960522e-01
8,547834e-01
2,502679e-01
-4,898673e-01
-9,643326e-01
-9,159795e-01
-3,709690e-01
3,750815e-01
9,180299e-01
9,633951e-01
4,866608e-01
-2,538173e-01
-8,566189e-01
-9,949650e-01
-5,938969e-01
1,291411e-01
7,823218e-01
1,011493e+00
6,924716e-01
-1,825706e-03
-6,950705e-01
-1,011412e+00
-7,794335e-01
-1,248705e-01
5,974720e-01
9,960479e-01
8,547888e-01
2,502853e-01
-4,898335e-01
-9,643221e-01
-9,160000e-01
-3,709912e-01
3,750539e-01
9,180191e-01
9,634105e-01
4,866768e-01
-2,537613e-01
-8,566094e-01
-9,949787e-01
-5,939082e-01
1,291190e-01
7,823071e-01
1,011513e+00
6,925022e-01
-1,804912e-03
-6,950576e-01
-1,011414e+00
-7,794588e-01
-1,248975e-01
5,974375e-01
9,960389e-01
8,387571e-01
2,250841e-01
-4,408561e-01
-8,678861e-01
-8,244281e-01
-3,339417e-01
3,372465e-01
8,259223e-01
8,667987e-01
4,377609e-01
-2,284517e-01
-7,709489e-01
-8,954859e-01
-5,345529e-01
1,160001e-01
7,037979e-01
9,100819e-01
6,229906e-01
-1,738669e-03
-6,255518e-01
-9,102954e-01
-7,015502e-01
-1,125278e-01
5,374198e-01
8,961581e-01
7,814710e-01
2,503434e-01
-4,897772e-01
-9,642976e-01
-9,160230e-01
-3,710495e-01
3,750080e-01
9,179968e-01
9,634315e-01
4,867341e-01
-2,537368e-01
-8,565678e-01
-9,949824e-01
-5,939561e-01
1,290512e-01
7,822731e-01
1,011504e+00
6,925339e-01
-1,744313e-03
-6,950112e-01
-1,011415e+00
-7,794904e-01
-1,249410e-01
5,973899e-01
9,960370e-01
8,548525e-01
2,503898e-01
-4,897335e-01
-9,642910e-01
-9,160312e-01
-3,710723e-01
3,749674e-01
9,179873e-01
9,634460e-01
4,867588e-01
-2,537145e-01
-8,565481e-01
-9,949845e-01
-5,939694e-01
1,290374e-01
7,822593e-01
1,011509e+00
6,925586e-01
-1,705250e-03
-6,949725e-01
-1,011409e+00
-7,795143e-01
-1,249841e-01
5,973622e-01
9,960135e-01
8,548584e-01
2,504136e-01
-4,897316e-01
-9,642827e-01
-9,160475e-01
-3,711005e-01
3,749503e-01
9,179684e-01
9,634561e-01
4,867855e-01
-2,536781e-01
-8,565380e-01
-9,949938e-01
-5,940074e-01
1,290050e-01
7,822394e-01
1,011509e+00
6,925781e-01
-1,666187e-03
-6,949582e-01
-1,011417e+00
-7,795332e-01
-1,250114e-01
5,973484e-01
9,960202e-01
8,548733e-01
2,504493e-01
-4,897031e-01
-9,642742e-01
-9,160582e-01
-3,711367e-01
3,749138e-01
9,179565e-01
9,634596e-01
4,868175e-01
-2,536233e-01
-8,565203e-01
-9,949989e-01
-5,940199e-01
1,289703e-01
7,822177e-01
1,011511e+00
6,926084e-01
-1,652968e-03
-6,949408e-01
-1,011411e+00
-7,795537e-01
-1,250358e-01
5,973238e-01
9,960154e-01
8,548850e-01
2,504816e-01
-4,896728e-01
-9,642592e-01
-9,160671e-01
-3,711603e-01
3,748838e-01
9,179472e-01
9,634829e-01
4,868417e-01
-2,535989e-01
-8,565130e-01
-9,950121e-01
-5,940508e-01
1,289444e-01
7,821988e-01
1,011518e+00
6,926321e-01
-1,617024e-03
-6,949226e-01
-1,011411e+00
-7,795662e-01
-1,250641e-01
5,972945e-01
9,960081e-01
8,549160e-01
2,505125e-01
-4,896490e-01
-9,642410e-01
-9,160836e-01
-3,711921e-01
3,748437e-01
9,179264e-01
9,634729e-01
4,868570e-01
-2,535856e-01
-8,564866e-01
-9,950192e-01
-5,940710e-01
1,289168e-01
7,821848e-01
1,011515e+00
6,926450e-01
-1,583903e-03
-6,948963e-01
-1,011416e+00
-7,795902e-01
-1,250940e-01
5,972731e-01
9,960067e-01
8,549453e-01
2,505317e-01
-4,895982e-01
-9,642436e-01
-9,160958e-01
-3,712249e-01
3,748175e-01
9,179213e-01
9,634957e-01
4,868899e-01
-2,535683e-01
-8,564646e-01
-9,950194e-01
-5,940985e-01
1,288815e-01
7,821600e-01
1,011520e+00
6,695458e-01
-1,539493e-03
-6,254076e-01
-9,102784e-01
-7,016637e-01
-1,127160e-01
5,372546e-01
8,961228e-01
7,691649e-01
2,252772e-01
-4,406700e-01
-8,678369e-01
-8,245039e-01
-3,341412e-01
3,370589e-01
8,258463e-01
8,668656e-01
4,379448e-01
-2,282525e-01
-7,708314e-01
-8,955315e-01
-5,347317e-01
1,157795e-01
7,036565e-01
9,100939e-01
6,430095e-01
-1,519739e-03
-6,948459e-01
-1,011393e+00
-7,796376e-01
-1,251519e-01
5,972093e-01
9,959731e-01
8,549529e-01
2,505850e-01
-4,895737e-01
-9,642233e-01
-9,161213e-01
-3,712743e-01
3,747768e-01
9,178922e-01
9,635025e-01
4,869443e-01
-2,535036e-01
-8,564434e-01
-9,950170e-01
-5,941416e-01
1,288321e-01
7,821237e-01
1,011509e+00
6,927165e-01
-1,480824e-03
-6,948147e-01
-1,011409e+00
-7,796483e-01
-1,251911e-01
5,971932e-01
9,959896e-01
8,549848e-01
2,506202e-01
-4,895443e-01
-9,642181e-01
-9,161301e-01
-3,713040e-01
3,747373e-01
9,178867e-01
9,635118e-01
4,869684e-01
-2,534639e-01
-8,564223e-01
-9,950311e-01
-5,941836e-01
1,287959e-01
7,820923e-01
1,011513e+00
6,927315e-01
-1,471615e-03
-6,948081e-01
-1,011405e+00
-7,796704e-01
-1,252146e-01
5,971745e-01
9,959793e-01
8,549778e-01
2,506521e-01
-4,895291e-01
-9,642041e-01
-9,161488e-01
-3,713297e-01
3,747177e-01
9,178677e-01
9,635263e-01
4,869969e-01
-2,534433e-01
-8,564082e-01
-9,950304e-01
-5,941938e-01
1,287668e-01
7,820843e-01
1,011522e+00
6,927642e-01
-1,429879e-03
-6,947821e-01
-1,011384e+00
-7,796951e-01
-1,252553e-01
5,971461e-01
9,959649e-01
8,550083e-01
2,506798e-01
-4,894908e-01
-9,641931e-01
-9,161589e-01
-3,713536e-01
3,746901e-01
9,178548e-01
9,635297e-01
4,870174e-01
-2,534067e-01
-8,563909e-01
-9,950391e-01
-5,942184e-01
1,287485e-01
7,820687e-01
1,011526e+00
6,927716e-01
-1,389925e-03
-6,947434e-01
-1,011406e+00
-7,797043e-01
-1,252780e-01
5,971158e-01
9,959707e-01
8,550381e-01
2,507025e-01
-4,894797e-01
-9,641863e-01
-9,161699e-01
-3,713834e-01
3,746659e-01
9,178462e-01
9,635349e-01
4,870362e-01
-2,533861e-01
-8,563724e-01
-9,950488e-01
-5,942478e-01
1,287147e-01
7,820476e-01
1,011536e+00
6,928017e-01
-1,371359e-03
-6,947470e-01
-1,011403e+00
-7,797254e-01
-1,253010e-01
5,971002e-01
9,959677e-01
8,550561e-01
2,507343e-01
-4,894274e-01
-9,641829e-01
-9,161862e-01
-3,714174e-01
3,746264e-01
9,178285e-01
9,635551e-01
4,870716e-01
-2,533671e-01
-8,563536e-01
-9,950547e-01
-5,942620e-01
1,286820e-01
7,820247e-01
1,011528e+00
6,928203e-01
-1,343139e-03
-6,947305e-01
-1,011388e+00
-7,797370e-01
-1,253392e-01
5,970753e-01
9,959557e-01
8,550603e-01
2,507644e-01
-4,894094e-01
-9,641667e-01
-9,162081e-01
-3,714454e-01
3,745898e-01
9,178089e-01
9,635549e-01
4,639000e-01
-2,280563e-01
-7,707179e-01
-8,955638e-01
-5,348691e-01
1,156020e-01
7,035486e-01
9,101018e-01
6,232875e-01
-1,329920e-03
-6,252549e-01
-9,102729e-01
-7,018000e-01
-1,129128e-01
5,370850e-01
8,960942e-01
7,693192e-01
2,254876e-01
-4,404555e-01
-8,677588e-01
-8,246064e-01
-3,343475e-01
3,368501e-01
8,257597e-01
8,669352e-01
4,585065e-01
-2,533095e-01
-8,563299e-01
-9,950714e-01
-5,943115e-01
1,286198e-01
7,819858e-01
1,011535e+00
6,928692e-01
-1,277786e-03
-6,946702e-01
-1,011367e+00
-7,797793e-01
-1,253949e-01
5,970184e-01
9,959398e-01
8,550868e-01
2,508222e-01
-4,893597e-01
-9,641508e-01
-9,162274e-01
-3,714923e-01
3,745567e-01
9,177923e-01
9,635717e-01
4,871447e-01
-2,532667e-01
-8,563189e-01
-9,950657e-01
-5,943443e-01
1,285911e-01
7,819667e-01
1,011524e+00
6,928855e-01
-1,249715e-03
-6,946542e-01
-1,011368e+00
-7,798059e-01
-1,254233e-01
5,969946e-01
9,959299e-01
8,551039e-01
2,508541e-01
-4,893274e-01
-9,641458e-01
-9,162318e-01
-3,715236e-01
3,745282e-01
9,177835e-01
9,635794e-01
4,871753e-01
-2,532407e-01
-8,563043e-01
-9,950761e-01
-5,943583e-01
1,285666e-01
7,819563e-01
1,011544e+00
6,929296e-01
-1,213771e-03
-6,946185e-01
-1,011385e+00
-7,798317e-01
-1,254521e-01
5,969670e-01
9,959309e-01
8,551228e-01
2,508781e-01
-4,893096e-01
-9,641361e-01
-9,162489e-01
-3,715571e-01
3,744954e-01
9,177660e-01
9,636021e-01
4,872068e-01
-2,532009e-01
-8,562742e-01
-9,950837e-01
-5,943892e-01
1,285240e-01
7,819225e-01
1,011528e+00
6,929317e-01
-1,202037e-03
-6,946148e-01
-1,011383e+00
-7,798381e-01
-1,254802e-01
5,969590e-01
9,959303e-01
8,551338e-01
2,509060e-01
-4,892752e-01
-9,641270e-01
-9,162584e-01
-3,715816e-01
3,744746e-01
9,177527e-01
9,636186e-01
4,872427e-01
-2,531505e-01
-8,562605e-01
-9,950904e-01
-5,944051e-01
1,284990e-01
7,819141e-01
1,011551e+00
6,929669e-01
-1,170252e-03
-6,945891e-01
-1,011374e+00
-7,798528e-01
-1,255203e-01
5,969336e-01
9,959251e-01
8,551503e-01
2,509378e-01
-4,892490e-01
-9,641164e-01
-9,162658e-01
-3,716058e-01
3,744459e-01
9,177453e-01
9,636090e-01
4,872537e-01
-2,531413e-01
-8,562455e-01
-9,950987e-01
-5,944300e-01
1,284654e-01
7,818876e-01
1,011545e+00
6,929789e-01
-1,138319e-03
-6,945643e-01
-1,011377e+00
-7,798736e-01
-1,255372e-01
5,969020e-01
9,959166e-01
8,551740e-01
2,509658e-01
-4,892037e-01
-9,641031e-01
-9,162857e-01
-3,716407e-01
3,744000e-01
9,177317e-01
9,636249e-01
4,872832e-01
-2,531266e-01
-8,562381e-01
-9,950962e-01
-5,944575e-01
1,284391e-01
7,818740e-01
1,011540e+00
6,930009e-01
-1,103563e-03
-6,945419e-01
-1,011355e+00
-7,799078e-01
-1,255746e-01
5,968767e-01
9,959140e-01
8,551815e-01
2,351835e-01
-4,403098e-01
-8,676902e-01
-8,246861e-01
-3,345128e-01
3,366903e-01
8,256689e-01
8,669927e-01
4,383100e-01
-2,278408e-01
-7,706178e-01
-8,956066e-01
-5,350507e-01
1,153757e-01
7,033985e-01
9,101199e-01
6,234542e-01
-1,116634e-03
-6,250976e-01
-9,102400e-01
-7,019404e-01
-1,131501e-01
5,369032e-01
8,960347e-01
7,694028e-01
2,391436e-01
-4,891776e-01
-9,640852e-01
-9,163156e-01
-3,716826e-01
3,743662e-01
9,177019e-01
9,636397e-01
4,873268e-01
-2,530584e-01
-8,562060e-01
-9,951042e-01
-5,945160e-01
1,283867e-01
7,818349e-01
1,011546e+00
6,930477e-01
-1,043409e-03
-6,944930e-01
-1,011359e+00
-7,799489e-01
-1,256311e-01
5,968259e-01
9,958895e-01
8,552072e-01
2,510601e-01
-4,891477e-01
-9,640727e-01
-9,163307e-01
-3,717089e-01
3,743314e-01
9,176884e-01
9,636620e-01
4,873675e-01
-2,530348e-01
-8,561886e-01
-9,951136e-01
-5,945326e-01
1,283521e-01
7,818208e-01
1,011550e+00
6,930663e-01
-1,005238e-03
-6,944553e-01
-1,011375e+00
-7,799489e-01
-1,256660e-01
5,968096e-01
9,958990e-01
8,552385e-01
2,510851e-01
-4,891297e-01
-9,640617e-01
-9,163364e-01
-3,717402e-01
3,742955e-01
9,176792e-01
9,636690e-01
4,873940e-01
-2,530014e-01
-8,561699e-01
-9,951198e-01
-5,945616e-01
1,283114e-01
7,817960e-01
1,011548e+00
6,930767e-01
-9,859289e-04
-6,944462e-01
-1,011362e+00
-7,799718e-01
-1,257013e-01
5,967956e-01
9,958886e-01
8,552392e-01
2,511228e-01
-4,890972e-01
-9,640358e-01
-9,163526e-01
-3,717702e-01
3,742595e-01
9,176477e-01
9,636745e-01
4,874169e-01
-2,529773e-01
-8,561561e-01
-9,951360e-01
-5,945790e-01
1,282911e-01
7,817853e-01
1,011559e+00
6,931038e-01
-9,473116e-04
-6,944376e-01
-1,011363e+00
-7,799866e-01
-1,257189e-01
5,967683e-01
9,958901e-01
8,552611e-01
2,511513e-01
-4,890709e-01
-9,640526e-01
-9,163557e-01
-3,718021e-01
3,742551e-01
9,176531e-01
9,636868e-01
4,874413e-01
-2,529478e-01
-8,561325e-01
-9,951260e-01
-5,946076e-01
1,282732e-01
7,817602e-01
1,011558e+00
6,931445e-01
-9,171604e-04
-6,943913e-01
-1,011367e+00
-7,800095e-01
-1,257448e-01
5,967341e-01
9,958764e-01
8,552903e-01
2,511742e-01
-4,890485e-01
-9,640422e-01
-9,163757e-01
-3,718305e-01
3,742102e-01
9,176354e-01
9,636873e-01
4,874668e-01
-2,529162e-01
-8,561123e-01
-9,951343e-01
-5,946332e-01
1,282241e-01
7,817397e-01
1,011549e+00
6,931472e-01
-8,954753e-04
-6,943868e-01
-1,011360e+00
-7,800367e-01
-1,257845e-01
5,967221e-01
9,958693e-01
8,552866e-01
2,512044e-01
-4,890134e-01
-9,640367e-01
-9,163896e-01
-3,718565e-01
3,741896e-01
9,176249e-01
9,637026e-01
4,874962e-01
-2,528790e-01
-8,560940e-01
-9,951390e-01
-5,946614e-01
1,281944e-01
7,817171e-01
1,011554e+00
6,926921e-01
-9,060208e-04
-6,249540e-01
-9,102243e-01
-7,020495e-01
-1,133386e-01
5,367653e-01
8,960072e-01
7,695069e-01
2,258827e-01
-4,401161e-01
-8,676326e-01
-8,247646e-01
-3,347119e-01
3,364863e-01
8,255864e-01
8,670652e-01
4,385019e-01
-2,276368e-01
-7,704927e-01
-8,956415e-01
-5,352429e-01
1,151662e-01
7,032682e-01
9,101181e-01
6,235978e-01
-1,744758e-03
-6,943387e-01
-1,011355e+00
-7,800701e-01
-1,258415e-01
5,966698e-01
9,958578e-01
8,553298e-01
2,512598e-01
-4,889619e-01
-9,640139e-01
-9,164053e-01
-3,719144e-01
3,741330e-01
9,176017e-01
9,637297e-01
4,875510e-01
-2,528123e-01
-8,560662e-01
-9,951581e-01
-5,947085e-01
1,281391e-01
7,816879e-01
1,011563e+00
6,932239e-01
-8,102203e-04
-6,943279e-01
-1,011356e+00
-7,800755e-01
-1,258747e-01
5,966443e-01
9,958488e-01
8,553478e-01
2,512985e-01
-4,889401e-01
-9,639870e-01
-9,164304e-01
-3,719431e-01
3,740902e-01
9,175785e-01
9,637208e-01
4,875718e-01
-2,528049e-01
-8,560576e-01
-9,951654e-01
-5,947244e-01
1,281128e-01
7,816632e-01
1,011569e+00
6,932301e-01
-7,704147e-04
-6,943023e-01
-1,011354e+00
-7,800945e-01
-1,258922e-01
5,966255e-01
9,958498e-01
8,553792e-01
2,513244e-01
-4,888784e-01
-9,639947e-01
-9,164353e-01
-3,719694e-01
3,740626e-01
9,175854e-01
9,637450e-01
4,876035e-01
-2,527869e-01
-8,560371e-01
-9,951649e-01
-5,947412e-01
1,280916e-01
7,816490e-01
1,011563e+00
6,932669e-01
-7,416003e-04
-6,942759e-01
-1,011340e+00
-7,801194e-01
-1,259266e-01
5,965773e-01
9,958387e-01
8,553631e-01
2,513519e-01
-4,888863e-01
-9,639833e-01
-9,164469e-01
-3,719937e-01
3,740479e-01
9,175583e-01
9,637416e-01
4,876244e-01
-2,527391e-01
-8,560239e-01
-9,951609e-01
-5,947712e-01
1,280522e-01
7,816326e-01
1,011569e+00
6,932631e-01
-7,454620e-04
-6,942910e-01
-1,011345e+00
-7,801190e-01
-1,259289e-01
5,965838e-01
9,958424e-01
8,553652e-01
2,513340e-01
-4,888933e-01
-9,639824e-01
-9,164496e-01
-3,719867e-01
3,740642e-01
9,175677e-01
9,637373e-01
4,876149e-01
-2,527535e-01
-8,560343e-01
-9,951740e-01
-5,947744e-01
1,280623e-01
7,816234e-01
1,011567e+00
6,932796e-01
-7,181329e-04
-6,942652e-01
-1,011336e+00
-7,801359e-01
-1,259531e-01
5,965626e-01
9,958265e-01
8,553852e-01
2,513698e-01
-4,888747e-01
-9,639681e-01
-9,164631e-01
-3,720211e-01
3,740303e-01
9,175567e-01
9,637516e-01
4,876405e-01
-2,527140e-01
-8,560056e-01
-9,951733e-01
-5,947860e-01
1,280356e-01
7,816151e-01
1,011569e+00
6,933159e-01
-6,808524e-04
-6,942233e-01
-1,011356e+00
-7,801623e-01
-1,259789e-01
5,965406e-01
9,958336e-01
8,554075e-01
2,513934e-01
-4,888478e-01
-9,639592e-01
-9,164775e-01
-3,720521e-01
3,739992e-01
9,175362e-01
9,637559e-01
4,831715e-01
-2,274868e-01
-7,704113e-01
-8,956758e-01
-5,353460e-01
1,150131e-01
7,031610e-01
9,101389e-01
6,237218e-01
-7,407091e-04
-6,248214e-01
-9,102283e-01
-7,021881e-01
-1,135107e-01
5,365942e-01
8,959618e-01
7,695950e-01
2,260526e-01
-4,399698e-01
-8,675635e-01
-8,248483e-01
-3,348929e-01
3,363197e-01
8,255042e-01
8,671129e-01
4,417762e-01
-2,526680e-01
-8,559866e-01
-9,951890e-01
-5,948423e-01
1,279757e-01
7,815799e-01
1,011579e+00
6,933595e-01
-6,251544e-04
-6,941874e-01
-1,011340e+00
-7,802161e-01
-1,260423e-01
5,964989e-01
9,958197e-01
8,554445e-01
2,514555e-01
-4,887961e-01
-9,639509e-01
-9,164983e-01
-3,721017e-01
3,739417e-01
9,175126e-01
9,637753e-01
4,877186e-01
-2,526305e-01
-8,559630e-01
-9,952037e-01
-5,948689e-01
1,279330e-01
7,815438e-01
1,011566e+00
6,933608e-01
-6,055487e-04
-6,941778e-01
-1,011339e+00
-7,802130e-01
-1,260746e-01
5,964830e-01
9,958226e-01
8,554426e-01
2,514679e-01
-4,887587e-01
-9,639457e-01
-9,165067e-01
-3,721314e-01
3,739182e-01
9,174992e-01
9,637937e-01
4,877547e-01
-2,525958e-01
-8,559418e-01
-9,951872e-01
-5,949019e-01
1,279071e-01
7,815307e-01
1,011566e+00
6,933868e-01
-5,685652e-04
-6,941594e-01
-1,011333e+00
-7,802327e-01
-1,261116e-01
5,964635e-01
9,958124e-01
8,554677e-01
2,515103e-01
-4,887353e-01
-9,639346e-01
-9,165204e-01
-3,721599e-01
3,738848e-01
9,174860e-01
9,637917e-01
4,877732e-01
-2,525716e-01
-8,559323e-01
-9,952086e-01
-5,949163e-01
1,278872e-01
7,815128e-01
1,011580e+00
6,934190e-01
-5,326214e-04
-6,941226e-01
-1,011341e+00
-7,802610e-01
-1,261324e-01
5,964158e-01
9,958106e-01
8,554874e-01
2,515360e-01
-4,887197e-01
-9,639181e-01
-9,165344e-01
-3,721972e-01
3,738534e-01
9,174695e-01
9,637948e-01
4,878062e-01
-2,525445e-01
-8,559081e-01
-9,952101e-01
-5,949430e-01
1,278449e-01
7,814924e-01
1,011572e+00
6,934279e-01
-5,095996e-04
-6,941150e-01
-1,011334e+00
-7,802742e-01
-1,261573e-01
5,964087e-01
9,958006e-01
8,554949e-01
2,515712e-01
-4,886804e-01
-9,639057e-01
-9,165464e-01
-3,722124e-01
3,738297e-01
9,174549e-01
9,638178e-01
4,878429e-01
-2,524918e-01
-8,559033e-01
-9,952196e-01
-5,949629e-01
1,278164e-01
7,814744e-01
1,011576e+00
6,934594e-01
-4,885086e-04
-6,940970e-01
-1,011333e+00
-7,802913e-01
-1,262019e-01
5,963834e-01
9,957968e-01
8,555107e-01
2,515960e-01
-4,886522e-01
-9,639077e-01
-9,165626e-01
-3,722456e-01
3,737911e-01
9,174502e-01
9,638254e-01
4,878517e-01
-2,524888e-01
-8,558844e-01
-9,952220e-01
-5,949941e-01
1,277944e-01
7,814559e-01
1,011581e+00
6,934731e-01
-4,512281e-04
-6,940733e-01
-1,011336e+00
-7,803244e-01
-1,262225e-01
5,963554e-01
9,957845e-01
8,555471e-01
2,503043e-01
-4,397733e-01
-8,675224e-01
-8,249429e-01
-3,350713e-01
3,361224e-01
8,254133e-01
8,671758e-01
4,388174e-01
-2,272899e-01
-7,703031e-01
-8,957110e-01
-5,355244e-01
1,148013e-01
7,030276e-01
9,101543e-01
6,238745e-01
-5,241553e-04
-6,246612e-01
-9,102038e-01
-7,023319e-01
-1,137310e-01
5,364288e-01
8,959214e-01
7,697150e-01
2,267534e-01
-4,886115e-01
-9,638803e-01
-9,165874e-01
-3,722964e-01
3,737557e-01
9,174184e-01
9,638362e-01
4,879115e-01
-2,524273e-01
-8,558524e-01
-9,952340e-01
-5,950354e-01
1,277298e-01
7,814164e-01
1,011588e+00
6,935240e-01
-3,953815e-04
-6,940198e-01
-1,011308e+00
-7,803585e-01
-1,262812e-01
5,963035e-01
9,957739e-01
8,555584e-01
2,516941e-01
-4,885673e-01
-9,638772e-01
-9,165982e-01
-3,723168e-01
3,737232e-01
9,174089e-01
9,638581e-01
4,879277e-01
-2,523984e-01
-8,558354e-01
-9,952386e-01
-5,950569e-01
1,277076e-01
7,813991e-01
1,011584e+00
6,935476e-01
-3,554275e-04
-6,939812e-01
-1,011329e+00
-7,803804e-01
-1,263104e-01
5,962718e-01
9,957705e-01
8,555820e-01
2,517189e-01
-4,885497e-01
-9,638674e-01
-9,166051e-01
-3,723552e-01
3,736841e-01
9,173970e-01
9,638677e-01
4,879634e-01
-2,523719e-01
-8,558126e-01
-9,952226e-01
-5,951048e-01
1,276558e-01
7,813712e-01
1,011581e+00
6,935690e-01
-3,373071e-04
-6,939818e-01
-1,011321e+00
-7,803848e-01
-1,263400e-01
5,962648e-01
9,957646e-01
8,555936e-01
2,517578e-01
-4,885233e-01
-9,638517e-01
-9,166202e-01
-3,723887e-01
3,736669e-01
9,173832e-01
9,638722e-01
4,879856e-01
-2,523191e-01
-8,557979e-01
-9,952490e-01
-5,951128e-01
1,276395e-01
7,813590e-01
1,011598e+00
6,935879e-01
-3,001751e-04
-6,939604e-01
-1,011318e+00
-7,804157e-01
-1,263690e-01
5,962303e-01
9,957602e-01
8,556172e-01
2,517818e-01
-4,884880e-01
-9,638337e-01
-9,166426e-01
-3,724127e-01
3,736235e-01
9,173587e-01
9,638784e-01
4,880149e-01
-2,522934e-01
-8,557796e-01
-9,952446e-01
-5,951275e-01
1,276115e-01
7,813409e-01
1,011602e+00
6,936022e-01
-2,802723e-04
-6,939396e-01
-1,011317e+00
-7,804362e-01
-1,263942e-01
5,962155e-01
9,957498e-01
8,556245e-01
2,518050e-01
-4,884734e-01
-9,638411e-01
-9,166459e-01
-3,724415e-01
3,736070e-01
9,173565e-01
9,638864e-01
4,880400e-01
-2,522589e-01
-8,557662e-01
-9,952674e-01
-5,951701e-01
1,275808e-01
7,813207e-01
1,011599e+00
6,936302e-01
-2,545770e-04
-6,939136e-01
-1,011314e+00
-7,804489e-01
-1,264284e-01
5,961890e-01
9,957506e-01
8,556398e-01
2,518372e-01
-4,884444e-01
-9,638190e-01
-9,166685e-01
-3,724647e-01
3,735769e-01
9,173395e-01
9,638998e-01
4,880672e-01
-2,522510e-01
-8,557416e-01
-9,952499e-01
-5,951982e-01
1,275416e-01
7,812995e-01
1,011588e+00
6,936406e-01
8,875885e-03
-6,245187e-01
-9,101794e-01
-7,024258e-01
-1,139156e-01
5,362887e-01
8,958931e-01
7,698211e-01
2,264583e-01
-4,396086e-01
-8,674591e-01
-8,250298e-01
-3,352757e-01
3,359313e-01
8,253282e-01
8,672629e-01
4,390146e-01
-2,270479e-01
-7,701838e-01
-8,957569e-01
-5,357034e-01
1,145824e-01
7,028831e-01
9,101625e-01
6,240310e-01
-9,700512e-03
-6,938723e-01
-1,011298e+00
-7,804772e-01
-1,264906e-01
5,961292e-01
9,957357e-01
8,556725e-01
2,518907e-01
-4,883887e-01
-9,638006e-01
-9,166906e-01
-3,725226e-01
3,735178e-01
9,173269e-01
9,639194e-01
4,881159e-01
-2,522022e-01
-8,557205e-01
-9,952728e-01
-5,952294e-01
1,274880e-01
7,812629e-01
1,011603e+00
6,936933e-01
-1,470427e-04
-6,938466e-01
-1,011293e+00
-7,805145e-01
-1,265173e-01
5,961047e-01
9,957282e-01
8,556957e-01
2,519229e-01
-4,883619e-01
-9,637960e-01
-9,167019e-01
-3,725461e-01
3,734964e-01
9,173085e-01
9,639191e-01
4,881395e-01
-2,521616e-01
-8,557010e-01
-9,952829e-01
-5,952548e-01
1,274690e-01
7,812516e-01
1,011601e+00
6,937128e-01
-1,182283e-04
-6,937994e-01
-1,011316e+00
-7,805203e-01
-1,265586e-01
5,960824e-01
9,957279e-01
8,557185e-01
2,519524e-01
-4,883405e-01
-9,637836e-01
-9,167012e-01
-3,725776e-01
3,734618e-01
9,172913e-01
9,639384e-01
4,881679e-01
-2,521249e-01
-8,556862e-01
-9,952720e-01
-5,953001e-01
1,274262e-01
7,812096e-01
1,011590e+00
6,937346e-01
-8,480949e-05
-6,938043e-01
-1,011303e+00
-7,805365e-01
-1,265744e-01
5,960677e-01
9,957270e-01
8,557374e-01
2,519778e-01
-4,883194e-01
-9,637733e-01
-9,167133e-01
-3,726002e-01
3,734447e-01
9,172871e-01
9,639458e-01
4,882016e-01
-2,521053e-01
-8,556716e-01
-9,952881e-01
-5,953002e-01
1,274164e-01
7,812156e-01
1,011606e+00
6,937687e-01
-4,975688e-05
-6,937605e-01
-1,011312e+00
-7,805654e-01
-1,266048e-01
5,960298e-01
9,957160e-01
8,557469e-01
2,520063e-01
-4,882877e-01
-9,637643e-01
-9,167338e-01
-3,726337e-01
3,734041e-01
9,172688e-01
9,639583e-01
4,882185e-01
-2,520715e-01
-8,556606e-01
-9,952875e-01
-5,953317e-01
1,273784e-01
7,811907e-01
1,011608e+00
6,937819e-01
-3,401291e-05
-6,937493e-01
-1,011296e+00
-7,805803e-01
-1,266391e-01
5,960066e-01
9,956999e-01
8,557572e-01
2,520382e-01
-4,882574e-01
-9,637545e-01
-9,167402e-01
-3,726523e-01
3,733811e-01
9,172573e-01
9,639649e-01
4,882451e-01
-2,520483e-01
-8,556311e-01
-9,952992e-01
-5,953503e-01
1,273530e-01
7,811692e-01
1,011604e+00
6,938156e-01
6,980816e-06
-6,937244e-01
-1,011302e+00
-7,805913e-01
-1,266636e-01
5,959745e-01
9,957035e-01
8,557837e-01
2,520566e-01
-4,882444e-01
-9,637473e-01
-9,167641e-01
-3,726911e-01
3,733542e-01
9,172436e-01
9,639773e-01
4,882739e-01
-2,258904e-01
-7,700748e-01
-8,957906e-01
-5,358740e-01
1,143927e-01
7,027672e-01
9,101618e-01
6,241678e-01
-1,329326e-04
-6,243700e-01
-9,101649e-01
-7,025631e-01
-1,141240e-01
5,361151e-01
8,958548e-01
7,699265e-01
2,266635e-01
-4,394136e-01
-8,673774e-01
-8,251042e-01
-3,354725e-01
3,357314e-01
8,252333e-01
8,673120e-01
4,392095e-01
-2,527342e-01
-8,555999e-01
-9,953074e-01
-5,954098e-01
1,272872e-01
7,811226e-01
1,011596e+00
6,938471e-01
6,223323e-05
-6,936948e-01
-1,011294e+00
-7,806295e-01
-1,267257e-01
5,959469e-01
9,956922e-01
8,558030e-01
2,521249e-01
-4,881774e-01
-9,637336e-01
-9,167766e-01
-3,727503e-01
3,733095e-01
9,172200e-01
9,639923e-01
4,883335e-01
-2,519394e-01
-8,555751e-01
-9,953246e-01
-5,954266e-01
1,272497e-01
7,811073e-01
1,011615e+00
6,938725e-01
7,366989e-05
-6,936743e-01
-1,011289e+00
-7,806483e-01
-1,267504e-01
5,959145e-01
9,956909e-01
8,558276e-01
2,521619e-01
-4,881493e-01
-9,637143e-01
-9,168031e-01
-3,727826e-01
3,732540e-01
9,171943e-01
9,639910e-01
4,883546e-01
-2,519289e-01
-8,555715e-01
-9,953249e-01
-5,954456e-01
1,272358e-01
7,810970e-01
1,011619e+00
6,938879e-01
1,183768e-04
-6,936549e-01
-1,011288e+00
-7,806770e-01
-1,267911e-01
5,958835e-01
9,956784e-01
8,558365e-01
2,521753e-01
-4,881315e-01
-9,637124e-01
-9,168118e-01
-3,728072e-01
3,732454e-01
9,171968e-01
9,640027e-01
4,883783e-01
-2,518811e-01
-8,555454e-01
-9,953346e-01
-5,954709e-01
1,271866e-01
7,810742e-01
1,011617e+00
6,939191e-01
1,385766e-04
-6,936354e-01
-1,011285e+00
-7,806929e-01
-1,268199e-01
5,958684e-01
9,956732e-01
8,558596e-01
2,522176e-01
-4,880915e-01
-9,636936e-01
-9,168198e-01
-3,728360e-01
3,732038e-01
9,171707e-01
9,640105e-01
4,883960e-01
-2,518766e-01
-8,555424e-01
-9,953368e-01
-5,954988e-01
1,271728e-01
7,810486e-01
1,011625e+00
6,939350e-01
1,886306e-04
-6,936035e-01
-1,011283e+00
-7,807088e-01
-1,268548e-01
5,958489e-01
9,956701e-01
8,558972e-01
2,522380e-01
-4,880499e-01
-9,636941e-01
-9,168472e-01
-3,728622e-01
3,731741e-01
9,171683e-01
9,640257e-01
4,884321e-01
-2,518505e-01
-8,555250e-01
-9,953393e-01
-5,955162e-01
1,271345e-01
7,810324e-01
1,011617e+00
6,939620e-01
2,077907e-04
-6,935790e-01
-1,011272e+00
-7,807316e-01
-1,268734e-01
5,958119e-01
9,956600e-01
8,558853e-01
2,522704e-01
-4,880231e-01
-9,636806e-01
-9,168576e-01
-3,728877e-01
3,731533e-01
9,171549e-01
9,640425e-01
4,884566e-01
-2,518329e-01
-8,555008e-01
-9,953525e-01
-5,955331e-01
1,271112e-01
7,810147e-01
1,011629e+00
6,939745e-01
2,517550e-04
-6,935661e-01
-1,011284e+00
-7,807389e-01
-1,269022e-01
5,958017e-01
9,956535e-01
8,558990e-01
2,523076e-01
-4,393476e-01
-8,673226e-01
-8,251962e-01
-3,356517e-01
3,355554e-01
8,251565e-01
8,673663e-01
4,393711e-01
-2,266775e-01
-7,699571e-01
-8,958351e-01
-5,360325e-01
1,141879e-01
7,026333e-01
9,101891e-01
6,243330e-01
9,698879e-05
-6,241898e-01
-9,101631e-01
-7,027157e-01
-1,143489e-01
5,359238e-01
8,958117e-01
7,700535e-01
2,268568e-01
-4,871959e-01
-9,636675e-01
-9,168727e-01
-3,729399e-01
3,730945e-01
9,171292e-01
9,640516e-01
4,885139e-01
-2,517602e-01
-8,554744e-01
-9,953570e-01
-5,955958e-01
1,270430e-01
7,809779e-01
1,011623e+00
6,940219e-01
3,163646e-04
-6,934952e-01
-1,011282e+00
-7,807934e-01
-1,269717e-01
5,957348e-01
9,956386e-01
8,559372e-01
2,523512e-01
-4,879680e-01
-9,636574e-01
-9,168865e-01
-3,729749e-01
3,730753e-01
9,171185e-01
9,640612e-01
4,885454e-01
-2,517235e-01
-8,554595e-01
-9,953451e-01
-5,956329e-01
1,270115e-01
7,809415e-01
1,011619e+00
6,940406e-01
3,368615e-04
-6,934884e-01
-1,011276e+00
-7,808117e-01
-1,269993e-01
5,957097e-01
9,956352e-01
8,559592e-01
2,523806e-01
-4,879537e-01
-9,636451e-01
-9,168965e-01
-3,730048e-01
3,730477e-01
9,171049e-01
9,640644e-01
4,885633e-01
-2,516930e-01
-8,554463e-01
-9,953632e-01
-5,956395e-01
1,269885e-01
7,809342e-01
1,011632e+00
6,940642e-01
3,598833e-04
-6,934701e-01
-1,011270e+00
-7,808248e-01
-1,270312e-01
5,956848e-01
9,956163e-01
8,559684e-01
2,524167e-01
-4,879176e-01
-9,636409e-01
-9,169057e-01
-3,730217e-01
3,730129e-01
9,170916e-01
9,640768e-01
4,885894e-01
-2,516667e-01
-8,554265e-01
-9,953733e-01
-5,956664e-01
1,269528e-01
7,809157e-01
1,011631e+00
6,940905e-01
3,889948e-04
-6,934521e-01
-1,011264e+00
-7,808485e-01
-1,270584e-01
5,956617e-01
9,956175e-01
8,559690e-01
2,524382e-01
-4,878775e-01
-9,636274e-01
-9,169259e-01
-3,730520e-01
3,729898e-01
9,170738e-01
9,640855e-01
4,886209e-01
-2,516424e-01
-8,554115e-01
-9,953757e-01
-5,956974e-01
1,269215e-01
7,808930e-01
1,011640e+00
6,941100e-01
4,197401e-04
-6,934254e-01
-1,011252e+00
-7,808652e-01
-1,270951e-01
5,956366e-01
9,956076e-01
8,559929e-01
2,524826e-01
-4,878537e-01
-9,636171e-01
-9,169344e-01
-3,730741e-01
3,729577e-01
9,170654e-01
9,640875e-01
4,886427e-01
-2,516128e-01
-8,553973e-01
-9,953784e-01
-5,957112e-01
1,268896e-01
7,808725e-01
1,011633e+00
6,941374e-01
4,492972e-04
-6,934028e-01
-1,011268e+00
-7,808839e-01
-1,271256e-01
5,956081e-01
9,956004e-01
8,560037e-01
2,524997e-01
-4,878392e-01
-9,636157e-01
-9,169461e-01
-3,731064e-01
3,729332e-01
9,170524e-01
9,641067e-01
4,886692e-01
-2,515885e-01
-8,553720e-01
-9,953900e-01
-5,957455e-01
1,268759e-01
7,808644e-01
1,011633e+00
6,941456e-01
6,071825e-03
-6,240419e-01
-9,101505e-01
-7,028232e-01
-1,145310e-01
5,357644e-01
8,957684e-01
7,701551e-01
2,270485e-01
-4,390669e-01
-8,672471e-01
-8,252835e-01
-3,358459e-01
3,353376e-01
8,250592e-01
8,674395e-01
4,395658e-01
-2,264679e-01
-7,698334e-01
-8,958487e-01
-5,362263e-01
1,139654e-01
7,024840e-01
9,101802e-01
6,244774e-01
-3,984561e-03
-6,933669e-01
-1,011264e+00
-7,809157e-01
-1,271735e-01
5,955787e-01
9,955969e-01
8,560417e-01
2,525581e-01
-4,877799e-01
-9,635937e-01
-9,169794e-01
-3,731699e-01
3,728779e-01
9,170195e-01
9,641226e-01
4,887219e-01
-2,515314e-01
-8,553393e-01
-9,953870e-01
-5,958131e-01
1,267985e-01
7,808133e-01
1,011616e+00
6,941908e-01
5,489595e-04
-6,933315e-01
-1,011261e+00
-7,809342e-01
-1,271923e-01
5,955539e-01
9,955940e-01
8,560570e-01
2,525958e-01
-4,877541e-01
-9,635848e-01
-9,169921e-01
-3,731943e-01
3,728527e-01
9,170064e-01
9,641423e-01
4,887641e-01
-2,514827e-01
-8,553154e-01
-9,954059e-01
-5,958113e-01
1,267733e-01
7,807992e-01
1,011642e+00
6,942206e-01
5,642579e-04
-6,933260e-01
-1,011260e+00
-7,809564e-01
-1,272327e-01
5,955302e-01
9,955909e-01
8,560711e-01
2,526207e-01
-4,877281e-01
-9,635664e-01
-9,170030e-01
-3,732183e-01
3,728108e-01
9,170031e-01
9,641475e-01
4,887804e-01
-2,514744e-01
-8,553041e-01
-9,953996e-01
-5,958386e-01
1,267412e-01
7,807771e-01
1,011631e+00
6,942306e-01
6,126780e-04
-6,933014e-01
-1,011262e+00
-7,809631e-01
-1,272566e-01
5,955068e-01
9,955813e-01
8,560937e-01
2,526549e-01
-4,877008e-01
-9,635589e-01
-9,170097e-01
-3,732592e-01
3,727898e-01
9,169872e-01
9,641654e-01
4,888158e-01
-2,514168e-01
-8,552829e-01
-9,954266e-01
-5,958695e-01
1,267026e-01
7,807606e-01
1,011643e+00
6,942595e-01
6,367395e-04
-6,932745e-01
-1,011250e+00
-7,809928e-01
-1,272979e-01
5,954758e-01
9,955695e-01
8,561084e-01
2,526613e-01
-4,876816e-01
-9,635427e-01
-9,170247e-01
-3,732786e-01
3,727517e-01
9,169753e-01
9,641566e-01
4,888340e-01
-2,514113e-01
-8,552655e-01
-9,954119e-01
-5,958932e-01
1,266798e-01
7,807349e-01
1,011636e+00
6,942815e-01
6,756539e-04
-6,932550e-01
-1,011257e+00
-7,810082e-01
-1,273247e-01
5,954554e-01
9,955675e-01
8,561259e-01
2,527134e-01
-4,876526e-01
-9,635390e-01
-9,170475e-01
-3,733167e-01
3,727249e-01
9,169614e-01
9,641710e-01
4,888524e-01
-2,513652e-01
-8,552526e-01
-9,954323e-01
-5,959172e-01
1,266500e-01
7,807181e-01
1,011650e+00
6,943074e-01
6,928831e-04
-6,932386e-01
-1,011254e+00
-7,810375e-01
-1,273564e-01
5,954305e-01
9,955634e-01
8,561420e-01
2,527341e-01
-4,876167e-01
-9,635282e-01
-9,170499e-01
-3,733461e-01
3,726972e-01
9,169400e-01
9,641674e-01
4,888842e-01
-2,332497e-01
-7,697320e-01
-8,958976e-01
-5,363480e-01
1,137852e-01
7,023709e-01
9,102078e-01
6,246140e-01
5,147981e-04
-6,239033e-01
-9,101439e-01
-7,029725e-01
-1,147435e-01
5,356056e-01
8,957354e-01
7,702646e-01
2,272712e-01
-4,388377e-01
-8,671812e-01
-8,253841e-01
-3,360501e-01
3,351426e-01
8,249651e-01
8,674940e-01
4,397408e-01
-2,425430e-01
-8,552274e-01
-9,954278e-01
-5,959545e-01
1,265981e-01
7,806813e-01
1,011655e+00
6,943573e-01
7,568987e-04
-6,931765e-01
-1,011235e+00
-7,810838e-01
-1,274253e-01
5,953691e-01
9,955450e-01
8,561689e-01
2,527908e-01
-4,875778e-01
-9,635129e-01
-9,170685e-01
-3,733887e-01
3,726541e-01
9,169231e-01
9,641927e-01
4,889301e-01
-2,512939e-01
-8,552173e-01
-9,954431e-01
-5,959845e-01
1,265635e-01
7,806587e-01
1,011645e+00
6,943690e-01
7,809602e-04
-6,931621e-01
-1,011231e+00
-7,810920e-01
-1,274557e-01
5,953310e-01
9,955328e-01
8,561818e-01
2,528172e-01
-4,875565e-01
-9,634998e-01
-9,170847e-01
-3,734197e-01
3,726217e-01
9,169008e-01
9,642087e-01
4,889531e-01
-2,512611e-01
-8,552000e-01
-9,954488e-01
-5,960059e-01
1,265340e-01
7,806459e-01
1,011650e+00
6,944006e-01
8,174981e-04
-6,931477e-01
-1,011233e+00
-7,811110e-01
-1,274813e-01
5,953047e-01
9,955325e-01
8,562035e-01
2,528483e-01
-4,875297e-01
-9,634973e-01
-9,170918e-01
-3,734471e-01
3,725844e-01
9,168917e-01
9,642114e-01
4,889824e-01
-2,512379e-01
-8,551847e-01
-9,954485e-01
-5,960316e-01
1,265086e-01
7,806259e-01
1,011649e+00
6,944110e-01
8,399259e-04
-6,931276e-01
-1,011237e+00
-7,811331e-01
-1,275189e-01
5,952977e-01
9,955398e-01
8,562121e-01
2,528870e-01
-4,874971e-01
-9,634732e-01
-9,171162e-01
-3,734815e-01
3,725537e-01
9,168828e-01
9,642237e-01
4,890115e-01
-2,512094e-01
-8,551580e-01
-9,954537e-01
-5,960640e-01
1,264756e-01
7,805969e-01
1,011639e+00
6,944275e-01
8,785431e-04
-6,930970e-01
-1,011245e+00
-7,811395e-01
-1,275266e-01
5,952883e-01
9,955306e-01
8,562324e-01
2,529145e-01
-4,874683e-01
-9,634765e-01
-9,171257e-01
-3,735087e-01
3,725448e-01
9,168663e-01
9,642313e-01
4,890390e-01
-2,511500e-01
-8,551385e-01
-9,954641e-01
-5,960839e-01
1,264472e-01
7,805770e-01
1,011662e+00
6,944569e-01
9,017135e-04
-6,930853e-01
-1,011227e+00
-7,811621e-01
-1,275726e-01
5,952564e-01
9,955271e-01
8,562544e-01
2,529447e-01
-4,874346e-01
-9,634481e-01
-9,171271e-01
-3,735386e-01
3,725005e-01
9,168525e-01
9,642306e-01
4,890663e-01
-2,511426e-01
-8,551271e-01
-9,954714e-01
-5,961053e-01
1,264180e-01
7,805657e-01
1,011652e+00
6,944756e-01
9,363205e-04
-6,930574e-01
-1,011238e+00
-7,811927e-01
-1,276023e-01
5,952266e-01
9,955219e-01
8,562572e-01
2,529661e-01
-4,511131e-01
-8,671185e-01
-8,254672e-01
-3,362242e-01
3,349557e-01
8,248789e-01
8,675473e-01
4,399074e-01
-2,260899e-01
-7,696244e-01
-8,959453e-01
-5,365427e-01
1,135552e-01
7,022270e-01
9,102173e-01
6,247770e-01
7,313519e-04
-6,237619e-01
-9,101196e-01
-7,030935e-01
-1,149684e-01
5,354192e-01
8,956874e-01
7,703745e-01
2,274669e-01
-4,726556e-01
-9,634417e-01
-9,171658e-01
-3,735911e-01
3,724395e-01
9,168231e-01
9,642569e-01
4,891174e-01
-2,510778e-01
-8,551085e-01
-9,954809e-01
-5,961558e-01
1,263618e-01
7,805279e-01
1,011653e+00
6,945125e-01
9,923156e-04
-6,930123e-01
-1,011229e+00
-7,812297e-01
-1,276594e-01
5,951824e-01
9,955042e-01
8,562908e-01
2,530173e-01
-4,873389e-01
-9,634303e-01
-9,171842e-01
-3,736154e-01
3,724105e-01
9,168137e-01
9,642671e-01
4,891416e-01
-2,510680e-01
-8,550803e-01
-9,954822e-01
-5,961856e-01
1,263257e-01
7,805063e-01
1,011659e+00
6,945422e-01
1,022764e-03
-6,929816e-01
-1,011215e+00
-7,812571e-01
-1,276895e-01
5,951452e-01
9,954832e-01
8,563060e-01
2,530500e-01
-4,873239e-01
-9,634273e-01
-9,171852e-01
-3,736408e-01
3,723946e-01
9,168014e-01
9,642655e-01
4,891667e-01
-2,510260e-01
-8,550715e-01
-9,954921e-01
-5,962070e-01
1,262925e-01
7,804836e-01
1,011665e+00
6,945627e-01
1,040142e-03
-6,929725e-01
-1,011225e+00
-7,812632e-01
-1,277218e-01
5,951282e-01
9,954920e-01
8,563256e-01
2,530859e-01
-4,873072e-01
-9,634077e-01
-9,172076e-01
-3,736737e-01
3,723497e-01
9,167878e-01
9,642784e-01
4,891958e-01
-2,510055e-01
-8,550499e-01
-9,955011e-01
-5,962394e-01
1,262571e-01
7,804702e-01
1,011663e+00
6,946065e-01
1,083809e-03
-6,929194e-01
-1,011221e+00
-7,812828e-01
-1,277436e-01
5,951014e-01
9,954878e-01
8,563476e-01
2,531073e-01
-4,872922e-01
-9,634065e-01
-9,172125e-01
-3,737034e-01
3,723294e-01
9,167714e-01
9,642780e-01
4,892300e-01
-2,509704e-01
-8,550298e-01
-9,954920e-01
-5,962557e-01
1,262329e-01
7,804408e-01
1,011650e+00
6,946026e-01
1,117673e-03
-6,929186e-01
-1,011219e+00
-7,812912e-01
-1,277751e-01
5,950856e-01
9,954813e-01
8,563535e-01
2,531389e-01
-4,872543e-01
-9,633978e-01
-9,172339e-01
-3,737400e-01
3,723095e-01
9,167621e-01
9,642886e-01
4,892486e-01
-2,509397e-01
-8,550172e-01
-9,955028e-01
-5,962810e-01
1,261996e-01
7,804141e-01
1,011654e+00
6,946261e-01
1,138170e-03
-6,928932e-01
-1,011217e+00
-7,813131e-01
-1,278067e-01
5,950672e-01
9,954771e-01
8,563804e-01
2,531750e-01
-4,872342e-01
-9,633826e-01
-9,172434e-01
-3,737609e-01
3,722749e-01
9,167439e-01
9,643072e-01
4,892786e-01
-2,509153e-01
-8,549974e-01
-9,955152e-01
-5,963139e-01
1,261753e-01
7,804022e-01
1,011659e+00
6,946522e-01
1,177827e-03
-6,341483e-01
-9,100890e-01
-7,032030e-01
-1,151509e-01
5,352764e-01
8,956484e-01
7,704746e-01
2,276622e-01
-4,385074e-01
-8,670575e-01
-8,255472e-01
-3,364335e-01
3,347692e-01
8,247914e-01
8,676248e-01
4,401048e-01
-2,258493e-01
-7,694897e-01
-8,959784e-01
-5,367101e-01
1,133585e-01
7,020776e-01
9,102243e-01
6,249362e-01
9,404793e-04
-6,795532e-01
-1,011207e+00
-7,813529e-01
-1,278660e-01
5,950105e-01
9,954552e-01
8,564113e-01
2,532426e-01
-4,871695e-01
-9,633618e-01
-9,172622e-01
-3,738145e-01
3,722153e-01
9,167147e-01
9,643222e-01
4,893314e-01
-2,508522e-01
-8,549610e-01
-9,955092e-01
-5,963419e-01
1,261202e-01
7,803738e-01
1,011676e+00
6,946952e-01
1,232782e-03
-6,928307e-01
-1,011203e+00
-7,813813e-01
-1,279104e-01
5,949790e-01
9,954546e-01
8,564214e-01
2,532677e-01
-4,871487e-01
-9,633649e-01
-9,172832e-01
-3,738459e-01
3,721913e-01
9,167046e-01
9,643424e-01
4,893510e-01
-2,508354e-01
-8,549538e-01
-9,955164e-01
-5,963780e-01
1,260807e-01
7,803462e-01
1,011673e+00
6,947053e-01
1,266795e-03
-6,928135e-01
-1,011204e+00
-7,813971e-01
-1,279246e-01
5,949577e-01
9,954485e-01
8,564416e-01
2,532942e-01
-4,871163e-01
-9,633520e-01
-9,172886e-01
-3,738747e-01
3,721647e-01
9,166921e-01
9,643644e-01
4,893965e-01
-2,507784e-01
-8,549304e-01
-9,955317e-01
-5,964045e-01
1,260562e-01
7,803321e-01
1,011675e+00
6,947411e-01
1,286252e-03
-6,927870e-01
-1,011208e+00
-7,814171e-01
-1,279503e-01
5,949346e-01
9,954399e-01
8,564497e-01
2,533259e-01
-4,870961e-01
-9,633410e-01
-9,173026e-01
-3,738989e-01
3,721295e-01
9,166743e-01
9,643556e-01
4,894048e-01
-2,507714e-01
-8,549120e-01
-9,955443e-01
-5,964283e-01
1,260293e-01
7,803196e-01
1,011674e+00
6,947568e-01
1,328286e-03
-6,927368e-01
-1,011210e+00
-7,814383e-01
-1,279858e-01
5,949032e-01
9,954385e-01
8,564705e-01
2,533442e-01
-4,870781e-01
-9,633305e-01
-9,173048e-01
-3,739331e-01
3,721044e-01
9,166646e-01
9,643642e-01
4,894406e-01
-2,507304e-01
-8,549012e-01
-9,955407e-01
-5,964607e-01
1,259920e-01
7,802834e-01
1,011682e+00
6,947821e-01
1,365269e-03
-6,927166e-01
-1,011197e+00
-7,814648e-01
-1,280132e-01
5,948884e-01
9,954324e-01
8,564946e-01
2,533739e-01
-4,870472e-01
-9,633214e-01
-9,173184e-01
-3,739561e-01
3,720781e-01
9,166526e-01
9,643680e-01
4,894733e-01
-2,507071e-01
-8,548797e-01
-9,955467e-01
-5,964852e-01
1,259599e-01
7,802629e-01
1,011667e+00
6,947853e-01
1,392747e-03
-6,927175e-01
-1,011204e+00
-7,814679e-01
-1,280380e-01
5,948636e-01
9,954182e-01
8,564985e-01
2,534167e-01
-4,870198e-01
-9,633057e-01
-9,173357e-01
-3,739847e-01
3,720454e-01
9,166391e-01
9,643822e-01
4,894849e-01
-2,506737e-01
-7,711993e-01
-8,960157e-01
-5,368672e-01
1,131457e-01
7,019536e-01
9,102225e-01
6,250580e-01
1,132972e-03
-6,234499e-01
-9,100854e-01
-7,033374e-01
-1,153624e-01
5,350914e-01
8,955968e-01
7,705842e-01
2,278632e-01
-4,383225e-01
-8,669896e-01
-8,256324e-01
-3,366335e-01
3,345523e-01
8,246959e-01
8,676736e-01
4,402933e-01
-2,256515e-01
-8,498417e-01
-9,955590e-01
-5,965330e-01
1,259029e-01
7,802307e-01
1,011673e+00
6,948373e-01
1,452455e-03
-6,926777e-01
-1,011192e+00
-7,814871e-01
-1,280972e-01
5,948102e-01
9,954124e-01
8,565442e-01
2,534577e-01
-4,869780e-01
-9,632858e-01
-9,173633e-01
-3,740494e-01
3,719789e-01
9,166110e-01
9,644024e-01
4,895370e-01
-2,506077e-01
-8,548348e-01
-9,955585e-01
-5,965482e-01
1,258756e-01
7,802189e-01
1,011671e+00
6,948588e-01
1,477408e-03
-6,926522e-01
-1,011199e+00
-7,815236e-01
-1,281332e-01
5,947886e-01
9,954014e-01
8,565547e-01
2,534993e-01
-4,869326e-01
-9,632746e-01
-9,173756e-01
-3,740759e-01
3,719566e-01
9,165979e-01
9,643978e-01
4,895692e-01
-2,505935e-01
-8,548201e-01
-9,955533e-01
-5,965534e-01
1,258582e-01
7,801974e-01
1,011683e+00
6,948906e-01
1,507559e-03
-6,926327e-01
-1,011186e+00
-7,815451e-01
-1,281734e-01
5,947741e-01
9,954015e-01
8,565594e-01
2,535251e-01
-4,868932e-01
-9,632533e-01
-9,173932e-01
-3,740927e-01
3,719220e-01
9,165911e-01
9,644168e-01
4,895902e-01
-2,505644e-01
-8,548101e-01
-9,955807e-01
-5,965921e-01
1,258151e-01
7,801770e-01
1,011683e+00
6,949085e-01
1,538305e-03
-6,926063e-01
-1,011183e+00
-7,815643e-01
-1,281988e-01
5,947314e-01
9,953870e-01
8,565761e-01
2,535523e-01
-4,868751e-01
-9,632570e-01
-9,173853e-01
-3,741137e-01
3,719100e-01
9,165746e-01
9,644300e-01
4,896120e-01
-2,505416e-01
-8,547815e-01
-9,955722e-01
-5,965991e-01
1,257931e-01
7,801626e-01
1,011683e+00
6,949428e-01
1,570535e-03
-6,925890e-01
-1,011190e+00
-7,815872e-01
-1,282302e-01
5,947187e-01
9,953937e-01
8,566069e-01
2,535823e-01
-4,868552e-01
-9,632350e-01
-9,174061e-01
-3,741590e-01
3,718733e-01
9,165620e-01
9,644271e-01
4,896434e-01
-2,504923e-01
-8,547717e-01
-9,955801e-01
-5,966278e-01
1,257682e-01
7,801401e-01
1,011693e+00
6,949569e-01
1,604845e-03
-6,925607e-01
-1,011183e+00
-7,816020e-01
-1,282655e-01
5,946953e-01
9,953797e-01
8,566254e-01
2,536185e-01
-4,868132e-01
-9,632353e-01
-9,174273e-01
-3,741719e-01
3,718453e-01
9,165437e-01
9,644452e-01
4,896585e-01
-2,504757e-01
-8,547481e-01
-9,955833e-01
-5,966597e-01
1,257264e-01
7,801052e-01
1,011689e+00
6,949772e-01
1,637521e-03
-6,925497e-01
-1,011180e+00
-7,816117e-01
-1,282822e-01
5,946593e-01
9,953757e-01
8,566338e-01
2,536438e-01
-4,752243e-01
-8,669164e-01
-8,256945e-01
-3,368233e-01
3,343719e-01
8,246044e-01
8,677252e-01
4,404650e-01
-2,254670e-01
-7,692726e-01
-8,960246e-01
-5,370147e-01
1,129388e-01
7,018253e-01
9,102464e-01
6,252368e-01
1,349822e-03
-6,233022e-01
-9,100679e-01
-7,034779e-01
-1,155812e-01
5,349175e-01
8,955674e-01
7,707016e-01
2,280784e-01
-4,460982e-01
-9,632155e-01
-9,174480e-01
-3,742375e-01
3,718033e-01
9,165240e-01
9,644621e-01
4,897307e-01
-2,504017e-01
-8,547207e-01
-9,955943e-01
-5,967187e-01
1,256661e-01
7,800752e-01
1,011690e+00
6,950227e-01
1,692328e-03
-6,924947e-01
-1,011171e+00
-7,816356e-01
-1,283405e-01
5,946127e-01
9,953674e-01
8,566569e-01
2,537059e-01
-4,867454e-01
-9,632102e-01
-9,174563e-01
-3,742672e-01
3,717764e-01
9,165143e-01
9,644710e-01
4,897668e-01
-2,503802e-01
-8,546907e-01
-9,955991e-01
-5,967313e-01
1,256459e-01
7,800689e-01
1,011695e+00
6,950510e-01
1,718618e-03
-6,924825e-01
-1,011174e+00
-7,816781e-01
-1,283754e-01
5,945906e-01
9,953660e-01
8,566797e-01
2,537348e-01
-4,867089e-01
-9,631916e-01
-9,174615e-01
-3,742892e-01
3,717371e-01
9,164944e-01
9,644652e-01
4,897790e-01
-2,503383e-01
-8,546793e-01
-9,956038e-01
-5,967396e-01
1,256201e-01
7,800447e-01
1,011699e+00
6,950614e-01
1,756789e-03
-6,924506e-01
-1,011162e+00
-7,816852e-01
-1,284080e-01
5,945566e-01
9,953537e-01
8,566988e-01
2,537478e-01
-4,866970e-01
-9,631876e-01
-9,174769e-01
-3,743128e-01
3,717166e-01
9,164839e-01
9,644909e-01
4,898110e-01
-2,503046e-01
-8,546713e-01
-9,956131e-01
-5,967849e-01
1,255841e-01
7,800349e-01
1,011704e+00
6,950941e-01
1,778029e-03
-6,924113e-01
-1,011161e+00
-7,817119e-01
-1,284342e-01
5,945380e-01
9,953533e-01
8,567177e-01
2,537818e-01
-4,866722e-01
-9,631742e-01
-9,174884e-01
-3,743412e-01
3,716888e-01
9,164711e-01
9,644951e-01
4,898416e-01
-2,502774e-01
-8,546488e-01
-9,956006e-01
-5,968170e-01
1,255461e-01
7,799908e-01
1,011691e+00
6,951027e-01
1,809665e-03
-6,923967e-01
-1,011162e+00
-7,817149e-01
-1,284577e-01
5,945252e-01
9,953464e-01
8,567287e-01
2,538253e-01
-4,866379e-01
-9,631650e-01
-9,175032e-01
-3,743783e-01
3,716564e-01
9,164589e-01
9,645018e-01
4,898679e-01
-2,502535e-01
-8,546309e-01
-9,956025e-01
-5,968437e-01
1,255234e-01
7,799750e-01
1,011696e+00
6,951185e-01
1,844272e-03
-6,923679e-01
-1,011158e+00
-7,817342e-01
-1,284948e-01
5,945028e-01
9,953381e-01
8,567425e-01
2,538339e-01
-4,866208e-01
-9,631536e-01
-9,175200e-01
-3,743968e-01
3,716243e-01
9,164472e-01
9,645123e-01
4,898902e-01
-2,502276e-01
-8,546130e-01
-9,956172e-01
-5,968586e-01
1,254827e-01
7,799565e-01
1,011695e+00
6,951394e-01
1,876800e-03
-6,619462e-01
-9,100501e-01
-7,035819e-01
-1,157764e-01
5,347681e-01
8,955217e-01
7,708066e-01
2,282657e-01
-4,379595e-01
-8,668449e-01
-8,257933e-01
-3,370072e-01
3,341920e-01
8,245183e-01
8,677943e-01
4,406499e-01
-2,252365e-01
-7,691423e-01
-8,960792e-01
-5,372132e-01
1,127243e-01
7,016803e-01
9,102573e-01
6,253783e-01
1,562366e-03
-6,495796e-01
-1,011145e+00
-7,817853e-01
-1,285522e-01
5,944466e-01
9,953276e-01
8,567731e-01
2,539129e-01
-4,865462e-01
-9,631358e-01
-9,175375e-01
-3,744599e-01
3,715654e-01
9,164144e-01
9,645233e-01
4,899311e-01
-2,501648e-01
-8,545888e-01
-9,956206e-01
-5,968801e-01
1,254364e-01
7,799259e-01
1,011712e+00
6,951959e-01
1,936508e-03
-6,923205e-01
-1,011149e+00
-7,818094e-01
-1,285866e-01
5,944287e-01
9,953219e-01
8,567862e-01
2,539419e-01
-4,865344e-01
-9,631196e-01
-9,175580e-01
-3,744920e-01
3,715372e-01
9,163950e-01
9,645475e-01
4,899717e-01
-2,501384e-01
-8,545701e-01
-9,956319e-01
-5,968990e-01
1,253998e-01
7,799039e-01
1,011704e+00
6,952210e-01
1,969778e-03
-6,922966e-01
-1,011148e+00
-7,818214e-01
-1,286223e-01
5,944036e-01
9,953099e-01
8,567917e-01
2,539628e-01
-4,864889e-01
-9,631038e-01
-9,175672e-01
-3,745082e-01
3,715103e-01
9,163878e-01
9,645597e-01
4,899816e-01
-2,501201e-01
-8,545530e-01
-9,956361e-01
-5,969437e-01
1,253707e-01
7,798899e-01
1,011716e+00
6,952401e-01
1,995474e-03
-6,922681e-01
-1,011147e+00
-7,818302e-01
-1,286469e-01
5,943682e-01
9,953071e-01
8,568130e-01
2,540023e-01
-4,864730e-01
-9,631035e-01
-9,175773e-01
-3,745401e-01
3,714984e-01
9,163720e-01
9,645700e-01
4,900315e-01
-2,500753e-01
-8,545143e-01
-9,956411e-01
-5,969688e-01
1,253343e-01
7,798672e-01
1,011716e+00
6,952630e-01
2,015376e-03
-6,922587e-01
-1,011144e+00
-7,818619e-01
-1,286729e-01
5,943534e-01
9,952925e-01
8,568390e-01
2,540335e-01
-4,864377e-01
-9,630991e-01
-9,175761e-01
-3,745781e-01
3,714537e-01
9,163578e-01
9,645605e-01
4,900430e-01
-2,500579e-01
-8,545073e-01
-9,956434e-01
-5,969681e-01
1,253172e-01
7,798487e-01
1,011722e+00
6,952817e-01
2,053103e-03
-6,922382e-01
-1,011134e+00
-7,818738e-01
-1,287031e-01
5,943186e-01
9,952934e-01
8,568448e-01
2,540580e-01
-4,864264e-01
-9,630909e-01
-9,176072e-01
-3,745998e-01
3,714324e-01
9,163511e-01
9,645821e-01
4,900760e-01
-2,500205e-01
-8,544926e-01
-9,956506e-01
-5,970318e-01
1,252808e-01
7,798282e-01
1,011722e+00
6,952983e-01
2,082214e-03
-6,922156e-01
-1,011135e+00
-7,818964e-01
-1,287365e-01
5,943024e-01
9,952812e-01
8,568597e-01
2,540869e-01
-4,863933e-01
-9,630780e-01
-9,176024e-01
-3,746261e-01
3,713989e-01
9,163346e-01
9,645769e-01
4,900926e-01
-2,499964e-01
-8,024409e-01
-8,960994e-01
-5,373363e-01
1,125437e-01
7,015576e-01
9,102622e-01
6,255067e-01
1,758869e-03
-6,229827e-01
-9,100366e-01
-7,037273e-01
-1,159922e-01
5,345933e-01
8,954770e-01
7,709221e-01
2,284659e-01
-4,377533e-01
-8,667689e-01
-8,258787e-01
-3,371886e-01
3,339717e-01
8,244148e-01
8,678634e-01
4,408274e-01
-2,250373e-01
-8,167944e-01
-9,956624e-01
-5,970670e-01
1,252130e-01
7,797970e-01
1,011715e+00
6,953499e-01
2,155290e-03
-6,921561e-01
-1,011120e+00
-7,819341e-01
-1,287917e-01
5,942512e-01
9,952700e-01
8,568922e-01
2,541534e-01
-4,863405e-01
-9,630557e-01
-9,176292e-01
-3,746662e-01
3,713472e-01
9,163099e-01
9,646090e-01
4,901476e-01
-2,499368e-01
-8,544494e-01
-9,956615e-01
-5,970922e-01
1,251953e-01
7,797687e-01
1,011718e+00
6,953656e-01
2,184401e-03
-6,921392e-01
-1,011133e+00
-7,819508e-01
-1,288281e-01
5,942249e-01
9,952628e-01
8,569109e-01
2,541827e-01
-4,863138e-01
-9,630471e-01
-9,176367e-01
-3,747108e-01
3,713084e-01
9,162938e-01
9,645949e-01
4,901671e-01
-2,499095e-01
-8,544253e-01
-9,956723e-01
-5,970946e-01
1,251577e-01
7,797485e-01
1,011717e+00
6,953845e-01
2,208908e-03
-6,921172e-01
-1,011124e+00
-7,819615e-01
-1,288568e-01
5,941953e-01
9,952648e-01
8,569265e-01
2,541982e-01
-4,862817e-01
-9,630349e-01
-9,176602e-01
-3,747382e-01
3,712897e-01
9,162837e-01
9,646127e-01
4,901990e-01
-2,498753e-01
-8,544102e-01
-9,956662e-01
-5,971488e-01
1,251365e-01
7,797315e-01
1,011717e+00
6,954034e-01
2,243813e-03
-6,920986e-01
-1,011127e+00
-7,819628e-01
-1,288847e-01
5,941805e-01
9,952527e-01
8,569371e-01
2,542317e-01
-4,862608e-01
-9,630253e-01
-9,176681e-01
-3,747583e-01
3,712705e-01
9,162767e-01
9,646286e-01
4,902253e-01
-2,498446e-01
-8,543986e-01
-9,956809e-01
-5,971751e-01
1,250979e-01
7,797058e-01
1,011714e+00
6,954478e-01
2,276043e-03
-6,920650e-01
-1,011116e+00
-7,820081e-01
-1,289095e-01
5,941554e-01
9,952508e-01
8,569601e-01
2,542534e-01
-4,862382e-01
-9,630158e-01
-9,176838e-01
-3,747896e-01
3,712313e-01
9,162615e-01
9,646399e-01
4,902597e-01
-2,498159e-01
-8,543806e-01
-9,956866e-01
-5,972024e-01
1,250578e-01
7,796912e-01
1,011721e+00
6,954472e-01
2,300847e-03
-6,920429e-01
-1,011120e+00
-7,820033e-01
-1,289403e-01
5,941283e-01
9,952389e-01
8,569720e-01
2,542917e-01
-4,862101e-01
-9,630036e-01
-9,176929e-01
-3,748183e-01
3,712049e-01
9,162384e-01
9,646490e-01
4,902798e-01
-2,497922e-01
-8,543643e-01
-9,956864e-01
-5,972206e-01
1,250313e-01
7,796712e-01
1,011717e+00
6,954703e-01
2,333672e-03
-6,920248e-01
-1,011121e+00
-7,820130e-01
-1,289685e-01
5,941047e-01
9,952398e-01
8,569907e-01
2,543224e-01
-4,861846e-01
-8,884752e-01
-8,259492e-01
-3,373912e-01
3,337992e-01
8,243421e-01
8,679238e-01
4,410043e-01
-2,248447e-01
-7,689149e-01
-8,961476e-01
-5,375347e-01
1,123302e-01
7,014147e-01
9,102730e-01
6,256703e-01
1,974234e-03
-6,228309e-01
-9,100107e-01
-7,038632e-01
-1,162001e-01
5,344149e-01
8,954392e-01
7,710239e-01
2,286881e-01
-4,375757e-01
-9,366452e-01
-9,177247e-01
-3,748731e-01
3,711441e-01
9,162113e-01
9,646601e-01
4,903275e-01
-2,497241e-01
-8,543271e-01
-9,957008e-01
-5,972632e-01
1,249710e-01
7,796366e-01
1,011718e+00
6,955106e-01
2,393677e-03
-6,919729e-01
-1,011114e+00
-7,820570e-01
-1,290350e-01
5,940636e-01
9,952227e-01
8,570179e-01
2,543786e-01
-4,861265e-01
-9,629672e-01
-9,177410e-01
-3,748995e-01
3,711193e-01
9,162015e-01
9,646680e-01
4,903529e-01
-2,497025e-01
-8,543148e-01
-9,957099e-01
-5,972779e-01
1,249539e-01
7,796076e-01
1,011730e+00
6,955385e-01
2,423234e-03
-6,919627e-01
-1,011108e+00
-7,820944e-01
-1,290649e-01
5,940343e-01
9,952208e-01
8,570299e-01
2,544130e-01
-4,861065e-01
-9,629627e-01
-9,177526e-01
-3,749432e-01
3,710884e-01
9,161895e-01
9,646613e-01
4,903746e-01
-2,496692e-01
-8,543040e-01
-9,957142e-01
-5,972751e-01
1,249131e-01
7,795938e-01
1,011728e+00
6,955575e-01
2,459624e-03
-6,919352e-01
-1,011111e+00
-7,821167e-01
-1,291002e-01
5,940085e-01
9,952061e-01
8,570501e-01
2,544369e-01
-4,860738e-01
-9,629528e-01
-9,177620e-01
-3,749653e-01
3,710684e-01
9,161714e-01
9,646880e-01
4,904258e-01
-2,496447e-01
-8,542744e-01
-9,957212e-01
-5,973272e-01
1,248904e-01
7,795696e-01
1,011732e+00
6,955847e-01
2,469575e-03
-6,919217e-01
-1,011102e+00
-7,821254e-01
-1,291236e-01
5,939791e-01
9,952107e-01
8,570636e-01
2,544617e-01
-4,860413e-01
-9,629495e-01
-9,177725e-01
-3,750062e-01
3,710295e-01
9,161623e-01
9,646888e-01
4,904335e-01
-2,496104e-01
-8,542723e-01
-9,957221e-01
-5,973302e-01
1,248546e-01
7,795516e-01
1,011723e+00
6,956022e-01
2,507450e-03
-6,918972e-01
-1,011101e+00
-7,821516e-01
-1,291567e-01
5,939571e-01
9,951987e-01
8,570786e-01
2,544929e-01
-4,860208e-01
-9,629366e-01
-9,177813e-01
-3,750186e-01
3,710090e-01
9,161501e-01
9,647017e-01
4,904613e-01
-2,495795e-01
-8,542549e-01
-9,957295e-01
-5,973862e-01
1,248183e-01
7,795347e-01
1,011729e+00
6,956105e-01
2,543542e-03
-6,918696e-01
-1,011094e+00
-7,821548e-01
-1,291895e-01
5,939214e-01
9,951883e-01
8,570872e-01
2,545168e-01
-4,859913e-01
-9,629320e-01
-9,178047e-01
-3,750451e-01
3,709779e-01
9,161347e-01
9,647048e-01
4,904914e-01
-2,495496e-01
-8,542310e-01
-9,957384e-01
-5,974175e-01
1,247865e-01
7,795174e-01
1,011728e+00
6,956423e-01
2,576070e-03
-6,918500e-01
-9,153093e-01
-7,039678e-01
-1,163978e-01
5,342481e-01
8,953899e-01
7,711206e-01
2,288558e-01
-4,374028e-01
-8,666441e-01
-8,260407e-01
-3,375835e-01
3,335885e-01
8,242400e-01
8,679737e-01
4,411953e-01
-2,246443e-01
-7,688118e-01
-8,961663e-01
-5,377063e-01
1,120933e-01
7,012741e-01
9,102828e-01
6,258149e-01
2,190342e-03
-6,226659e-01
-1,001005e+00
-7,821850e-01
-1,292413e-01
5,938914e-01
9,951695e-01
8,571172e-01
2,545700e-01
-4,859358e-01
-9,629099e-01
-9,178285e-01
-3,750911e-01
3,709142e-01
9,161123e-01
9,647333e-01
4,905516e-01
-2,494960e-01
-8,541967e-01
-9,957386e-01
-5,974502e-01
1,247310e-01
7,794708e-01
1,011742e+00
6,956847e-01
2,625084e-03
-6,918161e-01
-1,011093e+00
-7,822239e-01
-1,292755e-01
5,938604e-01
9,951713e-01
8,571373e-01
2,546049e-01
-4,859089e-01
-9,629029e-01
-9,178276e-01
-3,751407e-01
3,708847e-01
9,160990e-01
9,647378e-01
4,905605e-01
-2,494670e-01
-8,541787e-01
-9,957475e-01
-5,974563e-01
1,247023e-01
7,794553e-01
1,011738e+00
6,957071e-01
2,646918e-03
-6,917883e-01
-1,011088e+00
-7,822401e-01
-1,293092e-01
5,938304e-01
9,951648e-01
8,571564e-01
2,546327e-01
-4,858905e-01
-9,628868e-01
-9,178481e-01
-3,751522e-01
3,708667e-01
9,160744e-01
9,647442e-01
4,905864e-01
-2,494289e-01
-8,541727e-01
-9,957394e-01
-5,974953e-01
1,246783e-01
7,794414e-01
1,011753e+00
6,957295e-01
2,682861e-03
-6,917488e-01
-1,011083e+00
-7,822677e-01
-1,293276e-01
5,937989e-01
9,951626e-01
8,571757e-01
2,546560e-01
-4,858669e-01
-9,628856e-01
-9,178528e-01
-3,751798e-01
3,708386e-01
9,160667e-01
9,647537e-01
4,906174e-01
-2,494110e-01
-8,541599e-01
-9,957545e-01
-5,975286e-01
1,246428e-01
7,794170e-01
1,011741e+00
6,957356e-01
2,722221e-03
-6,917314e-01
-1,011084e+00
-7,822607e-01
-1,293628e-01
5,937808e-01
9,951485e-01
8,571802e-01
2,546986e-01
-4,858364e-01
-9,628720e-01
-9,178704e-01
-3,752077e-01
3,708098e-01
9,160579e-01
9,647650e-01
4,906379e-01
-2,493813e-01
-8,541357e-01
-9,957626e-01
-5,975396e-01
1,246144e-01
7,793907e-01
1,011752e+00
6,957768e-01
2,738114e-03
-6,917245e-01
-1,011079e+00
-7,823003e-01
-1,293891e-01
5,937569e-01
9,951461e-01
8,572025e-01
2,547190e-01
-4,858082e-01
-9,628604e-01
-9,178894e-01
-3,752267e-01
3,707800e-01
9,160427e-01
9,647624e-01
4,906678e-01
-2,493501e-01
-8,541241e-01
-9,957692e-01
-5,975724e-01
1,245761e-01
7,793864e-01
1,011739e+00
6,957808e-01
2,783563e-03
-6,916820e-01
-1,011087e+00
-7,823052e-01
-1,294191e-01
5,937328e-01
9,951355e-01
8,572129e-01
2,547500e-01
-4,857839e-01
-9,628574e-01
-9,179029e-01
-3,752634e-01
3,707529e-01
9,160383e-01
9,647926e-01
4,906920e-01
-2,493212e-01
-8,413753e-01
-8,962140e-01
-5,378496e-01
1,119167e-01
7,011493e-01
9,102916e-01
6,259520e-01
2,379864e-03
-6,225367e-01
-9,099792e-01
-7,041160e-01
-1,166098e-01
5,340759e-01
8,953468e-01
7,712352e-01
2,290670e-01
-4,372078e-01
-8,665739e-01
-8,261233e-01
-3,377959e-01
3,333811e-01
8,241418e-01
8,680222e-01
4,413691e-01
-2,244337e-01
-7,764658e-01
-9,957696e-01
-5,976018e-01
1,245226e-01
7,793324e-01
1,011736e+00
6,958317e-01
2,842529e-03
-6,916492e-01
-1,011076e+00
-7,823515e-01
-1,294820e-01
5,936844e-01
9,951315e-01
8,572586e-01
2,548078e-01
-4,857240e-01
-9,628332e-01
-9,179203e-01
-3,753136e-01
3,706911e-01
9,159998e-01
9,648034e-01
4,907396e-01
-2,492641e-01
-8,540694e-01
-9,957891e-01
-5,976407e-01
1,244978e-01
7,793245e-01
1,011747e+00
6,958614e-01
2,869264e-03
-6,916221e-01
-1,011068e+00
-7,823649e-01
-1,295240e-01
5,936528e-01
9,951268e-01
8,572616e-01
2,548461e-01
-4,857025e-01
-9,628196e-01
-9,179195e-01
-3,753298e-01
3,706503e-01
9,159882e-01
9,648110e-01
4,907610e-01
-2,492330e-01
-8,540482e-01
-9,957864e-01
-5,976632e-01
1,244715e-01
7,793012e-01
1,011751e+00
6,958794e-01
2,895553e-03
-6,915973e-01
-1,011078e+00
-7,824014e-01
-1,295498e-01
5,936220e-01
9,951153e-01
8,572852e-01
2,548591e-01
-4,856774e-01
-9,628120e-01
-9,179366e-01
-3,753687e-01
3,706310e-01
9,159756e-01
9,648152e-01
4,907904e-01
-2,492062e-01
-8,540436e-01
-9,957836e-01
-5,976816e-01
1,244375e-01
7,792738e-01
1,011739e+00
6,958881e-01
2,932091e-03
-6,915853e-01
-1,011067e+00
-7,823955e-01
-1,295723e-01
5,936097e-01
9,951070e-01
8,572974e-01
2,548947e-01
-4,856514e-01
-9,628080e-01
-9,179604e-01
-3,753961e-01
3,706022e-01
9,159711e-01
9,648202e-01
4,908170e-01
-2,491792e-01
-8,540228e-01
-9,958023e-01
-5,977153e-01
1,244071e-01
7,792508e-01
1,011741e+00
6,959150e-01
2,953628e-03
-6,915615e-01
-1,011064e+00
-7,824293e-01
-1,296026e-01
5,935809e-01
9,950922e-01
8,573088e-01
2,549225e-01
-4,856365e-01
-9,627936e-01
-9,179503e-01
-3,754458e-01
3,705725e-01
9,159489e-01
9,648230e-01
4,908423e-01
-2,491397e-01
-8,540088e-01
-9,958091e-01
-5,977257e-01
1,243672e-01
7,792406e-01
1,011743e+00
6,959412e-01
2,988680e-03
-6,915431e-01
-1,011064e+00
-7,824538e-01
-1,296309e-01
5,935587e-01
9,950968e-01
8,573238e-01
2,549505e-01
-4,856021e-01
-9,627992e-01
-9,179821e-01
-3,754538e-01
3,705439e-01
9,159346e-01
9,648461e-01
4,908599e-01
-2,491135e-01
-8,539940e-01
-9,958069e-01
-5,977527e-01
1,243479e-01
7,792262e-01
1,011743e+00
6,959626e-01
3,021208e-03
-6,915192e-01
-1,011054e+00
-7,824507e-01
-1,296713e-01
5,935238e-01
9,950974e-01
8,573363e-01
2,549927e-01
-4,855740e-01
-9,293185e-01
-8,261976e-01
-3,379560e-01
3,331993e-01
8,240543e-01
8,680833e-01
4,415279e-01
-2,242370e-01
-7,685972e-01
-8,962423e-01
-5,380157e-01
1,117014e-01
7,010239e-01
9,103103e-01
6,261124e-01
2,594933e-03
-6,223650e-01
-9,099619e-01
-7,042553e-01
-1,168198e-01
5,338884e-01
8,953115e-01
7,713399e-01
2,292663e-01
-4,370151e-01
-8,948683e-01
-9,180091e-01
-3,754979e-01
3,704964e-01
9,159079e-01
9,648502e-01
4,909214e-01
-2,490532e-01
-8,539539e-01
-9,958202e-01
-5,977961e-01
1,242805e-01
7,791782e-01
1,011746e+00
6,959954e-01
3,080322e-03
-6,914675e-01
-1,011055e+00
-7,824896e-01
-1,297287e-01
5,934779e-01
9,950758e-01
8,573651e-01
2,550334e-01
-4,855216e-01
-9,627603e-01
-9,180257e-01
-3,755410e-01
3,704678e-01
9,158997e-01
9,648678e-01
4,909455e-01
-2,490354e-01
-8,539408e-01
-9,958283e-01
-5,978337e-01
1,242611e-01
7,791513e-01
1,011756e+00
6,960291e-01
3,110622e-03
-6,914608e-01
-1,011054e+00
-7,825223e-01
-1,297521e-01
5,934583e-01
9,950687e-01
8,573850e-01
2,550634e-01
-4,854936e-01
-9,627462e-01
-9,180164e-01
-3,755718e-01
3,704407e-01
9,158846e-01
9,648716e-01
4,909688e-01
-2,489920e-01
-8,539199e-01
-9,958306e-01
-5,978326e-01
1,242165e-01
7,791335e-01
1,011753e+00
6,960475e-01
3,141367e-03
-6,914368e-01
-1,011050e+00
-7,825444e-01
-1,297783e-01
5,934316e-01
9,950727e-01
8,574171e-01
2,550860e-01
-4,854547e-01
-9,627407e-01
-9,180410e-01
-3,755909e-01
3,704146e-01
9,158681e-01
9,648862e-01
4,909966e-01
-2,489616e-01
-8,539026e-01
-9,958330e-01
-5,978644e-01
1,241956e-01
7,791259e-01
1,011757e+00
6,960735e-01
3,166171e-03
-6,913964e-01
-1,011043e+00
-7,825587e-01
-1,298092e-01
5,934136e-01
9,950659e-01
8,574153e-01
2,551144e-01
-4,854361e-01
-9,627254e-01
-9,180474e-01
-3,756315e-01
3,703690e-01
9,158618e-01
9,648780e-01
4,910224e-01
-2,489427e-01
-8,538908e-01
-9,958452e-01
-5,978843e-01
1,241517e-01
7,790935e-01
1,011756e+00
6,960900e-01
3,201818e-03
-6,913898e-01
-1,011044e+00
-7,825871e-01
-1,298415e-01
5,933820e-01
9,950556e-01
8,574388e-01
2,551620e-01
-4,854088e-01
-9,627019e-01
-9,180606e-01
-3,756447e-01
3,703412e-01
9,158373e-01
9,648988e-01
4,910462e-01
-2,489072e-01
-8,538763e-01
-9,958451e-01
-5,979222e-01
1,241364e-01
7,790741e-01
1,011761e+00
6,961230e-01
3,222315e-03
-6,913552e-01
-1,011050e+00
-7,826021e-01
-1,298762e-01
5,933573e-01
9,950494e-01
8,574568e-01
2,551760e-01
-4,853761e-01
-9,627085e-01
-9,180742e-01
-3,756689e-01
3,703259e-01
9,158250e-01
9,649050e-01
4,910820e-01
-2,488805e-01
-8,538542e-01
-9,958458e-01
-5,979513e-01
1,241002e-01
7,790638e-01
1,011762e+00
6,961230e-01
3,268507e-03
-6,913402e-01
-9,576141e-01
-7,043630e-01
-1,170199e-01
5,337343e-01
8,952666e-01
7,714304e-01
2,294516e-01
-4,368463e-01
-8,664411e-01
-8,262911e-01
-3,381475e-01
3,330066e-01
8,239649e-01
8,681433e-01
4,417184e-01
-2,240300e-01
-7,684750e-01
-8,962789e-01
-5,381845e-01
1,114851e-01
7,008702e-01
9,103116e-01
6,262628e-01
2,820101e-03
-6,222117e-01
-9,582306e-01
-7,826313e-01
-1,299317e-01
5,933212e-01
9,950396e-01
8,574880e-01
2,552342e-01
-4,853313e-01
-9,626981e-01
-9,181009e-01
-3,757173e-01
3,702616e-01
9,158035e-01
9,649260e-01
4,911282e-01
-2,488144e-01
-8,538379e-01
-9,958511e-01
-5,979895e-01
1,240476e-01
7,790304e-01
1,011763e+00
6,961699e-01
3,313066e-03
-6,912887e-01
-1,011033e+00
-7,826451e-01
-1,299728e-01
5,932817e-01
9,950445e-01
8,574810e-01
2,552669e-01
-4,853056e-01
-9,626756e-01
-9,181152e-01
-3,757445e-01
3,702224e-01
9,157894e-01
9,649295e-01
4,911524e-01
-2,487887e-01
-8,538094e-01
-9,958679e-01
-5,980156e-01
1,240161e-01
7,790041e-01
1,011765e+00
6,962131e-01
3,339058e-03
-6,912652e-01
-1,011030e+00
-7,826732e-01
-1,299933e-01
5,932601e-01
9,950246e-01
8,575177e-01
2,552904e-01
-4,852688e-01
-9,626654e-01
-9,181218e-01
-3,757803e-01
3,702081e-01
9,157781e-01
9,649453e-01
4,911846e-01
-2,487646e-01
-8,537819e-01
-9,958602e-01
-5,980484e-01
1,239769e-01
7,789905e-01
1,011768e+00
6,962275e-01
3,393271e-03
-6,912417e-01
-1,011040e+00
-7,826728e-01
-1,300256e-01
5,932250e-01
9,950151e-01
8,575199e-01
2,553225e-01
-4,852484e-01
-9,626559e-01
-9,181345e-01
-3,758054e-01
3,701878e-01
9,157671e-01
9,649554e-01
4,912106e-01
-2,487306e-01
-8,537782e-01
-9,958719e-01
-5,980588e-01
1,239548e-01
7,789625e-01
1,011766e+00
6,962411e-01
3,409757e-03
-6,912247e-01
-1,011027e+00
-7,826894e-01
-1,300545e-01
5,932165e-01
9,950194e-01
8,575398e-01
2,553725e-01
-4,852261e-01
-9,626562e-01
-9,181313e-01
-3,758378e-01
3,701417e-01
9,157494e-01
9,649627e-01
4,912311e-01
-2,487024e-01
-8,537630e-01
-9,958709e-01
-5,980755e-01
1,239242e-01
7,789459e-01
1,011768e+00
6,962602e-01
3,444513e-03
-6,912006e-01
-1,011022e+00
-7,827304e-01
-1,300675e-01
5,931919e-01
9,950130e-01
8,575603e-01
2,553817e-01
-4,852013e-01
-9,626413e-01
-9,181585e-01
-3,758663e-01
3,701257e-01
9,157411e-01
9,649714e-01
4,912666e-01
-2,486836e-01
-8,537382e-01
-9,958828e-01
-5,981070e-01
1,238936e-01
7,789279e-01
1,011774e+00
6,962813e-01
3,468426e-03
-6,911707e-01
-1,011012e+00
-7,827399e-01
-1,300927e-01
5,931650e-01
9,950013e-01
8,575774e-01
2,554157e-01
-4,851689e-01
-9,626265e-01
-9,181766e-01
-3,758942e-01
3,701006e-01
9,157301e-01
9,649827e-01
4,912714e-01
-2,486516e-01
-8,537278e-01
-9,252457e-01
-5,383504e-01
1,113060e-01
7,007480e-01
9,103164e-01
6,263958e-01
2,996849e-03
-6,220674e-01
-9,099220e-01
-7,044949e-01
-1,172216e-01
5,335603e-01
8,952199e-01
7,715501e-01
2,296592e-01
-4,366594e-01
-8,663713e-01
-8,263749e-01
-3,383460e-01
3,327960e-01
8,238771e-01
8,682149e-01
4,419075e-01
-2,238311e-01
-7,683536e-01
-9,618061e-01
-5,981601e-01
1,238536e-01
7,788970e-01
1,011775e+00
6,963262e-01
3,532144e-03
-6,911379e-01
-1,011009e+00
-7,827778e-01
-1,301613e-01
5,931236e-01
9,949817e-01
8,576081e-01
2,554692e-01
-4,851210e-01
-9,626049e-01
-9,181896e-01
-3,759651e-01
3,700397e-01
9,157019e-01
9,650007e-01
4,913306e-01
-2,485818e-01
-8,537008e-01
-9,958994e-01
-5,981824e-01
1,238128e-01
7,788745e-01
1,011772e+00
6,963489e-01
3,560216e-03
-6,911127e-01
-1,011016e+00
-7,827965e-01
-1,301944e-01
5,930878e-01
9,949953e-01
8,576206e-01
2,555066e-01
-4,850914e-01
-9,625960e-01
-9,181957e-01
-3,759734e-01
3,699923e-01
9,156826e-01
9,650040e-01
4,913556e-01
-2,485531e-01
-8,536825e-01
-9,959052e-01
-5,982028e-01
1,237791e-01
7,788497e-01
1,011774e+00
6,963694e-01
3,587991e-03
-6,911064e-01
-1,011011e+00
-7,828127e-01
-1,302255e-01
5,930638e-01
9,949796e-01
8,576435e-01
2,555144e-01
-4,850715e-01
-9,625901e-01
-9,182219e-01
-3,760007e-01
3,699767e-01
9,156800e-01
9,650144e-01
4,913823e-01
-2,485151e-01
-8,536534e-01
-9,959016e-01
-5,982190e-01
