2.529695e-02
7.379261e-02
1.221765e-01
1.703307e-01
2.180380e-01
2.652424e-01
3.118261e-01
3.578945e-01
4.030503e-01
4.472129e-01
4.905995e-01
5.326452e-01
5.736231e-01
6.134030e-01
6.516743e-01
6.886110e-01
7.239895e-01
7.577229e-01
7.897119e-01
8.200372e-01
8.484257e-01
8.750325e-01
8.996466e-01
9.222369e-01
9.427910e-01
9.612159e-01
9.773936e-01
9.915412e-01
1.003380e+00
1.013107e+00
1.020464e+00
1.025641e+00
1.028403e+00
1.028993e+00
1.027118e+00
1.023083e+00
1.016627e+00
1.008110e+00
9.971407e-01
9.839863e-01
9.687833e-01
9.511778e-01
9.316604e-01
9.099081e-01
8.862190e-01
8.605185e-01
8.328874e-01
8.034064e-01
7.721251e-01
7.390994e-01
7.044162e-01
6.681437e-01
6.304808e-01
5.912969e-01
5.508404e-01
5.091113e-01
4.662585e-01
4.224436e-01
3.774988e-01
3.318836e-01
2.854800e-01
2.383252e-01
1.907794e-01
1.427617e-01
9.434677e-02
4.569592e-02
-2.923893e-03
-5.154371e-02
-1.000642e-01
-1.483860e-01
-1.964223e-01
-2.439371e-01
-2.909305e-01
-3.373403e-01
-3.829245e-01
-4.276520e-01
-4.715414e-01
-5.142079e-01
-5.558687e-01
-5.961514e-01
-6.353229e-01
-6.728431e-01
-7.089479e-01
-7.435442e-01
-7.763340e-01
-8.075470e-01
-8.368480e-01
-8.643239e-01
-8.898692e-01
-9.134900e-01
-9.350064e-01
-9.543873e-01
-9.717010e-01
-9.868605e-01
-9.996300e-01
-1.010488e+00
-1.018874e+00
-1.025020e+00
-1.028863e+00
-1.030464e+00
-1.029695e+00
-1.026665e+00
-1.021333e+00
-1.013654e+00
-1.003796e+00
-9.916716e-01
-9.773129e-01
-9.607938e-01
-9.421268e-01
-9.212374e-01
-8.984174e-01
-8.736419e-01
-8.468240e-01
-8.180693e-01
-7.876012e-01
-7.552646e-01
-7.213263e-01
-6.856933e-01
-6.485145e-01
-6.099639e-01
-5.699233e-01
-5.287467e-01
-4.863844e-01
-4.428239e-01
-3.983696e-01
-3.529654e-01
-3.067915e-01
-2.599596e-01
-2.124509e-01
-1.645947e-01
-1.162232e-01
-6.762822e-02
-1.896495e-02
2.985351e-02
7.859127e-02
1.271242e-01
1.753405e-01
2.231409e-01
2.705625e-01
3.172952e-01
3.633325e-01
4.086063e-01
4.529179e-01
4.962114e-01
5.384681e-01
5.794275e-01
6.191887e-01
6.575345e-01
6.943967e-01
7.297814e-01
7.634465e-01
7.954790e-01
8.256615e-01
8.541058e-01
8.805636e-01
9.051529e-01
9.276377e-01
9.479746e-01
9.663250e-01
9.824343e-01
9.963958e-01
1.008141e+00
1.017639e+00
1.024859e+00
1.029800e+00
1.032414e+00
1.032668e+00
1.030725e+00
1.026442e+00
1.019712e+00
1.010872e+00
9.998225e-01
9.863453e-01
9.707946e-01
9.530961e-01
9.332186e-01
9.112676e-01
8.872371e-01
8.613007e-01
8.333530e-01
8.035492e-01
7.720568e-01
7.387952e-01
7.038078e-01
6.672746e-01
6.292764e-01
5.898256e-01
5.490898e-01
5.072117e-01
4.640113e-01
4.198487e-01
3.748729e-01
3.288604e-01
2.822581e-01
2.349357e-01
1.871105e-01
1.388446e-01
9.017510e-02
4.146217e-02
-7.399747e-03
-5.631754e-02
-1.049001e-01
-1.534268e-01
-2.015996e-01
-2.492200e-01
-2.963375e-01
-3.427846e-01
-3.885115e-01
-4.333880e-01
-4.772464e-01
-5.200743e-01
-5.617413e-01
-6.022289e-01
-6.412079e-01
-6.788585e-01
-7.149384e-01
-7.495347e-01
-7.823308e-01
-8.134258e-01
-8.427144e-01
-8.701345e-01
-8.956363e-01
-9.190957e-01
-9.405811e-01
-9.598378e-01
-9.769776e-01
-9.919882e-01
-1.004801e+00
-1.015224e+00
-1.023561e+00
-1.029446e+00
-1.033165e+00
-1.034617e+00
-1.033612e+00
-1.030322e+00
-1.024766e+00
-1.016931e+00
-1.006763e+00
-9.944155e-01
-9.798022e-01
-9.629852e-01
-9.440140e-01
-9.230749e-01
-8.999011e-01
-8.746910e-01
-8.476186e-01
-8.186653e-01
-7.878309e-01
-7.552273e-01
-7.209849e-01
-6.850353e-01
-6.477075e-01
-6.088899e-01
-5.685451e-01
-5.270954e-01
-4.843730e-01
-4.405643e-01
-3.959051e-01
-3.501905e-01
-3.036938e-01
-2.565949e-01
-2.089559e-01
-1.607769e-01
-1.122005e-01
-6.336343e-02
-1.448910e-02
3.442869e-02
8.335268e-02
1.321215e-01
1.804744e-01
2.284982e-01
2.759758e-01
3.228574e-01
3.690810e-01
4.143982e-01
4.587533e-01
5.021833e-01
5.445829e-01
5.855422e-01
6.253283e-01
6.636803e-01
7.006107e-01
7.358961e-01
7.696047e-01
8.015999e-01
8.318259e-01
8.601212e-01
8.865356e-01
9.109572e-01
9.334482e-01
9.537044e-01
9.719182e-01
9.878848e-01
1.001778e+00
1.013287e+00
1.022661e+00
1.029701e+00
1.034357e+00
1.036809e+00
1.037001e+00
1.034717e+00
1.030241e+00
1.023369e+00
1.014268e+00
1.002784e+00
9.891574e-01
9.734267e-01
9.553371e-01
9.352485e-01
9.129996e-01
8.887208e-01
8.624616e-01
8.342035e-01
8.042507e-01
7.723424e-01
7.387703e-01
7.035036e-01
6.667532e-01
6.283949e-01
5.886275e-01
5.476620e-01
5.054052e-01
4.620869e-01
4.175766e-01
3.722159e-01
3.260607e-01
2.790487e-01
2.315339e-01
1.834231e-01
1.349398e-01
8.609655e-02
3.711668e-02
-1.192526e-02
-6.101066e-02
-1.098353e-01
-1.585172e-01
-2.068204e-01
-2.545774e-01
-3.019494e-01
-3.485330e-01
-3.944152e-01
-4.394158e-01
-4.833798e-01
-5.262263e-01
-5.680175e-01
-6.084429e-01
-6.475958e-01
-6.852277e-01
-7.213449e-01
-7.558729e-01
-7.887621e-01
-8.197516e-01
-8.490402e-01
-8.763920e-01
-9.018690e-01
-9.251732e-01
-9.465778e-01
-9.657228e-01
-9.827633e-01
-9.976187e-01
-1.010276e+00
-1.020575e+00
-1.028708e+00
-1.034605e+00
-1.038038e+00
-1.039180e+00
-1.038001e+00
-1.034437e+00
-1.028726e+00
-1.020550e+00
-1.010214e+00
-9.976187e-01
-9.827137e-01
-9.656732e-01
-9.464164e-01
-9.251049e-01
-9.016641e-01
-8.761747e-01
-8.488850e-01
-8.195344e-01
-7.884082e-01
-7.555998e-01
-7.209538e-01
-6.847745e-01
-6.470743e-01
-6.078470e-01
-5.673781e-01
-5.255993e-01
-4.826038e-01
-4.385033e-01
-3.934778e-01
-3.474839e-01
-3.008506e-01
-2.534103e-01
-2.054299e-01
-1.570522e-01
-1.082275e-01
-5.912348e-02
-1.005670e-02
3.914665e-02
8.815134e-02
1.371002e-01
1.858193e-01
2.339177e-01
2.815691e-01
3.286493e-01
3.749164e-01
4.203950e-01
4.649673e-01
5.084222e-01
5.507659e-01
5.920418e-01
6.318403e-01
6.702668e-01
7.071600e-01
7.425137e-01
7.762098e-01
8.081057e-01
8.384062e-01
8.666581e-01
8.929048e-01
9.173451e-01
9.396623e-01
9.598812e-01
9.780081e-01
9.938505e-01
1.007539e+00
1.018955e+00
1.028143e+00
1.035015e+00
1.039478e+00
1.041763e+00
1.041626e+00
1.039217e+00
1.034444e+00
1.027447e+00
1.018036e+00
1.006279e+00
9.926090e-01
9.764438e-01
9.580499e-01
9.376261e-01
9.151103e-01
8.905955e-01
8.639887e-01
8.354761e-01
8.051011e-01
7.729818e-01
7.390869e-01
7.035160e-01
6.663807e-01
6.278611e-01
5.877398e-01
5.464514e-01
5.038532e-01
4.601686e-01
4.154784e-01
3.697763e-01
3.232547e-01
2.760130e-01
2.282002e-01
1.798970e-01
1.310599e-01
8.194971e-02
3.276499e-02
-1.652527e-02
-6.579070e-02
-1.148761e-01
-1.638063e-01
-2.123020e-01
-2.602699e-01
-3.076854e-01
-3.545236e-01
-4.004865e-01
-4.455802e-01
-4.897056e-01
-5.326514e-01
-5.745109e-01
-6.150543e-01
-6.542444e-01
-6.919322e-01
-7.280742e-01
-7.626767e-01
-7.954231e-01
-8.265741e-01
-8.557819e-01
-8.830778e-01
-9.084555e-01
-9.317908e-01
-9.529781e-01
-9.720672e-01
-9.890581e-01
-1.003777e+00
-1.016286e+00
-1.026435e+00
-1.034375e+00
-1.039956e+00
-1.043240e+00
-1.044271e+00
-1.042880e+00
-1.039186e+00
-1.033059e+00
-1.024753e+00
-1.014132e+00
-1.001244e+00
-9.860225e-01
-9.686902e-01
-9.492037e-01
-9.275446e-01
-9.038431e-01
-8.780308e-01
-8.504494e-01
-8.208070e-01
-7.893580e-01
-7.561895e-01
-7.212953e-01
-6.848056e-01
-6.468074e-01
-6.072634e-01
-5.664096e-01
-5.243081e-01
-4.809649e-01
-4.365230e-01
-3.912989e-01
-3.449946e-01
-2.979205e-01
-2.503312e-01
-2.020652e-01
-1.533337e-01
-1.041986e-01
-5.495802e-02
-5.537394e-03
4.385840e-02
9.318590e-02
1.423520e-01
1.911084e-01
2.395047e-01
2.873299e-01
3.346088e-01
3.810683e-01
4.267518e-01
4.713552e-01
5.150149e-01
5.574828e-01
5.986532e-01
6.386689e-01
6.770644e-01
7.140693e-01
7.494913e-01
7.832123e-01
8.151889e-01
8.453155e-01
8.735550e-01
8.999259e-01
9.241303e-01
9.464661e-01
9.664740e-01
9.845326e-01
1.000226e+00
1.013852e+00
1.025169e+00
1.034102e+00
1.040782e+00
1.045189e+00
1.047219e+00
1.046853e+00
1.044165e+00
1.039261e+00
1.031929e+00
1.022202e+00
1.010401e+00
9.962095e-01
9.798581e-01
9.612035e-01
9.405128e-01
9.176679e-01
8.927434e-01
8.659131e-01
8.371026e-01
8.063489e-01
7.739564e-01
7.396705e-01
7.037395e-01
6.663373e-01
6.273644e-01
5.870507e-01
5.453526e-01
5.025434e-01
4.584739e-01
4.133553e-01
3.675104e-01
3.206350e-01
2.731450e-01
2.249970e-01
1.763834e-01
1.272918e-01
7.787116e-02
2.843191e-02
-2.112528e-02
-7.068248e-02
-1.200162e-01
-1.691761e-01
-2.178394e-01
-2.660060e-01
-3.136760e-01
-3.606632e-01
-4.068619e-01
-4.520177e-01
-4.962486e-01
-5.393745e-01
-5.813519e-01
-6.219450e-01
-6.611847e-01
-6.989967e-01
-7.352195e-01
-7.698096e-01
-8.026242e-01
-8.336696e-01
-8.629085e-01
-8.901982e-01
-9.154579e-01
-9.387187e-01
-9.599309e-01
-9.788959e-01
-9.957998e-01
-1.010320e+00
-1.022717e+00
-1.032699e+00
-1.040465e+00
-1.045909e+00
-1.049032e+00
-1.049827e+00
-1.048194e+00
-1.044246e+00
-1.037939e+00
-1.029378e+00
-1.018458e+00
-1.005211e+00
-9.898030e-01
-9.721790e-01
-9.523015e-01
-9.303816e-01
-9.063759e-01
-8.803153e-01
-8.522683e-01
-8.224334e-01
-7.906058e-01
-7.571518e-01
-7.218788e-01
-6.850787e-01
-6.465963e-01
-6.068165e-01
-5.655902e-01
-5.231348e-01
-4.795495e-01
-4.347599e-01
-3.890640e-01
-3.425363e-01
-2.952387e-01
-2.471776e-01
-1.986385e-01
-1.496276e-01
-1.003249e-01
-5.078635e-02
-1.024294e-03
4.870051e-02
9.822667e-02
1.475728e-01
1.966085e-01
2.452532e-01
2.932895e-01
3.406801e-01
3.874252e-01
4.332080e-01
4.780100e-01
5.217380e-01
5.643610e-01
6.057053e-01
6.456838e-01
6.843524e-01
7.213077e-01
7.567855e-01
7.904134e-01
8.224831e-01
8.526097e-01
8.808492e-01
9.071456e-01
9.313872e-01
9.536361e-01
9.736254e-01
9.914854e-01
1.007117e+00
1.020588e+00
1.031607e+00
1.040546e+00
1.047033e+00
1.051136e+00
1.053030e+00
1.052490e+00
1.049585e+00
1.044351e+00
1.036865e+00
1.026876e+00
1.014734e+00
1.000325e+00
9.835704e-01
9.647668e-01
9.437160e-01
9.206228e-01
8.953631e-01
8.680548e-01
8.390084e-01
8.079816e-01
7.750862e-01
7.405272e-01
7.043417e-01
6.664428e-01
6.272589e-01
5.864796e-01
5.444897e-01
5.012646e-01
4.569902e-01
4.114868e-01
3.651763e-01
3.180650e-01
2.702335e-01
2.218124e-01
1.728077e-01
1.233933e-01
7.375536e-02
2.396847e-02
-2.578737e-02
-7.557426e-02
-1.253053e-01
-1.745459e-01
-2.235382e-01
-2.719655e-01
-3.198094e-01
-3.669579e-01
-4.133057e-01
-4.587346e-01
-5.030524e-01
-5.463459e-01
-5.883792e-01
-6.292082e-01
-6.684665e-01
-7.063468e-01
-7.425633e-01
-7.771845e-01
-8.100798e-01
-8.412308e-01
-8.704449e-01
-8.976725e-01
-9.229694e-01
-9.461060e-01
-9.671817e-01
-9.861156e-01
-1.002839e+00
-1.017316e+00
-1.029502e+00
-1.039410e+00
-1.047052e+00
-1.052279e+00
-1.055172e+00
-1.055755e+00
-1.053905e+00
-1.049721e+00
-1.043184e+00
-1.034245e+00
-1.023183e+00
-1.009687e+00
-9.939499e-01
-9.759782e-01
-9.557903e-01
-9.336407e-01
-9.092935e-01
-8.828047e-01
-8.545776e-01
-8.242523e-01
-7.921330e-01
-7.582133e-01
-7.227045e-01
-6.854326e-01
-6.467515e-01
-6.065868e-01
-5.649632e-01
-5.221974e-01
-4.782583e-01
-4.330838e-01
-3.871458e-01
-3.401711e-01
-2.924514e-01
-2.441916e-01
-1.953235e-01
-1.460084e-01
-9.632707e-02
-4.642844e-02
3.532262e-03
5.346193e-02
1.033109e-01
1.530233e-01
2.023198e-01
2.511134e-01
2.994166e-01
3.470742e-01
3.939372e-01
4.398504e-01
4.848014e-01
5.287715e-01
5.715001e-01
6.129871e-01
6.530525e-01
6.917397e-01
7.288502e-01
7.643094e-01
7.981670e-01
8.300939e-01
8.602702e-01
8.885283e-01
9.147564e-01
9.389608e-01
9.611042e-01
9.810500e-01
9.988479e-01
1.014417e+00
1.027696e+00
1.038578e+00
1.047319e+00
1.053707e+00
1.057642e+00
1.059232e+00
1.058511e+00
1.055364e+00
1.049883e+00
1.042129e+00
1.032041e+00
1.019445e+00
1.004745e+00
9.878538e-01
9.685660e-01
9.471862e-01
9.237826e-01
8.981691e-01
8.706746e-01
8.411811e-01
8.098067e-01
7.765947e-01
7.416756e-01
7.051114e-01
6.668649e-01
6.271285e-01
5.861382e-01
5.437883e-01
5.001844e-01
4.554817e-01
4.096803e-01
3.630532e-01
3.156439e-01
2.674152e-01
2.185781e-01
1.693002e-01
1.195444e-01
6.962094e-02
1.952366e-02
-3.063570e-02
-8.071435e-02
-1.306316e-01
-1.800957e-01
-2.293797e-01
-2.780244e-01
-3.260358e-01
-3.734948e-01
-4.200039e-01
-4.656129e-01
-5.101728e-01
-5.535904e-01
-5.958100e-01
-6.367010e-01
-6.761270e-01
-7.140445e-01
-7.502859e-01
-7.850250e-01
-8.178520e-01
-8.490589e-01
-8.782543e-01
-9.054571e-01
-9.306795e-01
-9.538286e-01
-9.748545e-01
-9.936271e-01
-1.010332e+00
-1.024648e+00
-1.036741e+00
-1.046499e+00
-1.053973e+00
-1.059083e+00
-1.061721e+00
-1.062044e+00
-1.060001e+00
-1.055544e+00
-1.048821e+00
-1.039609e+00
-1.028155e+00
-1.014485e+00
-9.983947e-01
-9.801995e-01
-9.597633e-01
-9.370985e-01
-9.124037e-01
-8.856913e-01
-8.570049e-01
-8.264064e-01
-7.938525e-01
-7.596225e-01
-7.236729e-01
-6.861651e-01
-6.470371e-01
-6.063819e-01
-5.645349e-01
-5.213655e-01
-4.769795e-01
-4.315381e-01
-3.851283e-01
-3.378431e-01
-2.898689e-01
-2.411312e-01
-1.918968e-01
-1.422589e-01
-9.231681e-02
-4.212020e-02
8.181935e-03
5.843441e-02
1.086124e-01
1.585855e-01
2.081241e-01
2.571474e-01
3.055872e-01
3.536048e-01
4.006479e-01
4.467783e-01
4.919962e-01
5.360471e-01
5.788812e-01
6.204986e-01
6.608123e-01
6.995368e-01
7.366721e-01
7.722617e-01
8.061006e-01
8.381020e-01
8.683280e-01
8.965302e-01
9.227521e-01
9.468944e-01
9.689571e-01
9.888719e-01
1.006533e+00
1.022040e+00
1.035114e+00
1.046034e+00
1.054514e+00
1.060697e+00
1.064508e+00
1.065843e+00
1.064924e+00
1.061584e+00
1.055873e+00
1.047759e+00
1.037349e+00
1.024561e+00
1.009513e+00
9.923296e-01
9.727749e-01
9.510909e-01
9.273211e-01
9.013537e-01
8.735426e-01
8.435525e-01
8.118553e-01
7.783081e-01
7.429544e-01
7.060240e-01
6.675478e-01
6.274203e-01
5.860699e-01
5.432171e-01
4.992470e-01
4.541098e-01
4.080228e-01
3.609860e-01
3.130738e-01
2.645782e-01
2.154369e-01
1.657804e-01
1.156893e-01
6.544306e-02
1.502918e-02
-3.542194e-02
-8.584203e-02
-1.359207e-01
-1.859373e-01
-2.353082e-01
-2.843005e-01
-3.325913e-01
-3.801558e-01
-4.269567e-01
-4.726712e-01
-5.175043e-01
-5.609778e-01
-6.033649e-01
-6.443739e-01
-6.838930e-01
-7.219906e-01
-7.583933e-01
-7.930641e-01
-8.260526e-01
-8.572284e-01
-8.864176e-01
-9.136390e-01
-9.388491e-01
-9.618988e-01
-9.828130e-01
-1.001679e+00
-1.018092e+00
-1.032438e+00
-1.044370e+00
-1.053942e+00
-1.061274e+00
-1.066128e+00
-1.068599e+00
-1.068723e+00
-1.066426e+00
-1.061764e+00
-1.054669e+00
-1.045258e+00
-1.033630e+00
-1.019495e+00
-1.003169e+00
-9.846319e-01
-9.638605e-01
-9.409722e-01
-9.158738e-01
-8.888015e-01
-8.596432e-01
-8.287592e-01
-7.958514e-01
-7.612241e-01
-7.249455e-01
-6.869721e-01
-6.475337e-01
-6.065806e-01
-5.641686e-01
-5.207199e-01
-4.758993e-01
-4.299923e-01
-3.833404e-01
-3.356331e-01
-2.872244e-01
-2.382011e-01
-1.886439e-01
-1.386645e-01
-8.829413e-02
-3.770022e-02
1.287506e-02
6.348759e-02
1.138704e-01
1.641912e-01
2.139905e-01
2.633490e-01
3.120806e-01
3.602286e-01
4.075137e-01
4.538615e-01
4.992905e-01
5.435275e-01
5.865230e-01
6.282832e-01
6.687149e-01
7.075325e-01
7.448168e-01
7.804622e-01
8.143384e-01
8.464578e-01
8.767086e-01
9.048363e-01
9.311017e-01
9.552005e-01
9.771328e-01
9.970600e-01
1.014566e+00
1.029993e+00
1.042955e+00
1.053694e+00
1.062112e+00
1.068059e+00
1.071616e+00
1.072839e+00
1.071622e+00
1.068071e+00
1.062056e+00
1.053669e+00
1.043029e+00
1.029887e+00
1.014554e+00
9.970538e-01
9.771701e-01
9.551198e-01
9.310520e-01
9.048363e-01
8.765286e-01
8.462219e-01
8.140839e-01
7.802015e-01
7.444505e-01
7.071662e-01
6.682058e-01
6.278486e-01
5.859395e-01
5.427702e-01
4.984338e-01
4.529303e-01
4.063280e-01
3.589188e-01
3.107707e-01
2.618219e-01
2.122895e-01
1.622606e-01
1.117660e-01
6.124035e-02
1.055333e-02
-4.024543e-02
-9.101316e-02
-1.415636e-01
-1.916857e-01
-2.414043e-01
-2.905270e-01
-3.391964e-01
-3.870403e-01
-4.340212e-01
-4.800524e-01
-5.249599e-01
-5.686569e-01
-6.111806e-01
-6.523696e-01
-6.919632e-01
-7.300732e-01
-7.666498e-01
-8.014758e-01
-8.344208e-01
-8.656648e-01
-8.947920e-01
-9.221748e-01
-9.472359e-01
-9.702856e-01
-9.911812e-01
-1.009923e+00
-1.026349e+00
-1.040484e+00
-1.052273e+00
-1.061671e+00
-1.068810e+00
-1.073510e+00
-1.075825e+00
-1.075676e+00
-1.073156e+00
-1.068276e+00
-1.060939e+00
-1.051273e+00
-1.039292e+00
-1.024890e+00
-1.008265e+00
-9.893436e-01
-9.681563e-01
-9.449638e-01
-9.195737e-01
-8.920668e-01
-8.627223e-01
-8.313168e-01
-7.981049e-01
-7.631113e-01
-7.263422e-01
-6.879592e-01
-6.481172e-01
-6.067916e-01
-5.640072e-01
-5.200557e-01
-4.748936e-01
-4.286763e-01
-3.815029e-01
-3.333859e-01
-2.846171e-01
-2.353082e-01
-1.853103e-01
-1.349150e-01
-8.420937e-02
-3.336094e-02
1.756198e-02
6.848490e-02
1.192837e-01
1.699148e-01
2.200307e-01
2.696686e-01
3.187106e-01
3.670386e-01
4.145658e-01
4.611495e-01
5.067026e-01
5.512004e-01
5.944567e-01
6.363161e-01
6.768595e-01
7.158448e-01
7.531725e-01
7.889111e-01
8.228804e-01
8.549377e-01
8.851761e-01
9.135025e-01
9.396126e-01
9.637425e-01
9.857121e-01
1.005453e+00
1.022978e+00
1.038168e+00
1.051056e+00
1.061665e+00
1.069822e+00
1.075695e+00
1.079121e+00
1.080028e+00
1.078563e+00
1.074813e+00
1.068543e+00
1.059958e+00
1.048933e+00
1.035604e+00
1.020010e+00
1.002032e+00
9.818073e-01
9.595522e-01
9.350002e-01
9.083996e-01
8.796883e-01
8.490961e-01
8.166850e-01
7.822749e-01
7.461328e-01
7.084264e-01
6.690749e-01
6.281777e-01
5.859581e-01
5.423791e-01
4.976764e-01
4.517322e-01
4.048444e-01
3.569943e-01
3.083683e-01
2.590843e-01
2.091670e-01
1.587221e-01
1.079295e-01
5.697557e-02
5.860202e-03
-4.529862e-02
-9.632707e-02
-1.471320e-01
-1.976577e-01
-2.476308e-01
-2.970452e-01
-3.459692e-01
-3.941048e-01
-4.412720e-01
-4.874335e-01
-5.326204e-01
-5.765657e-01
-6.192880e-01
-6.604895e-01
-7.003314e-01
-7.385903e-01
-7.751421e-01
-8.100674e-01
-8.430621e-01
-8.743061e-01
-9.035761e-01
-9.308285e-01
-9.559827e-01
-9.789579e-01
-9.998721e-01
-1.018378e+00
-1.034711e+00
-1.048784e+00
-1.060399e+00
-1.069760e+00
-1.076744e+00
-1.081195e+00
-1.083330e+00
-1.083014e+00
-1.080183e+00
-1.075086e+00
-1.067451e+00
-1.057493e+00
-1.045109e+00
-1.030551e+00
-1.013616e+00
-9.942727e-01
-9.728867e-01
-9.491479e-01
-9.234412e-01
-8.955432e-01
-8.658076e-01
-8.341166e-01
-8.004080e-01
-7.650047e-01
-7.278445e-01
-6.890828e-01
-6.488187e-01
-6.070275e-01
-5.639265e-01
-5.195218e-01
-4.739811e-01
-4.273167e-01
-3.797461e-01
-3.312442e-01
-2.820781e-01
-2.322602e-01
-1.818773e-01
-1.310910e-01
-8.006874e-02
-2.887267e-02
2.249101e-02
7.373053e-02
1.249018e-01
1.756943e-01
2.261827e-01
2.761372e-01
3.253654e-01
3.739852e-01
4.217483e-01
4.686175e-01
5.143941e-01
5.590596e-01
6.024772e-01
6.445415e-01
6.851781e-01
7.242626e-01
7.617269e-01
7.976331e-01
8.316210e-01
8.638335e-01
8.940657e-01
9.223362e-01
9.485457e-01
9.725701e-01
9.944651e-01
1.014181e+00
1.031557e+00
1.046685e+00
1.059567e+00
1.069965e+00
1.077961e+00
1.083554e+00
1.086745e+00
1.087490e+00
1.085851e+00
1.081828e+00
1.075353e+00
1.066402e+00
1.055141e+00
1.041521e+00
1.025498e+00
1.007179e+00
9.867053e-01
9.640032e-01
9.392029e-01
9.121740e-01
8.831896e-01
8.521628e-01
8.192240e-01
7.845097e-01
7.479952e-01
7.098294e-01
6.700682e-01
6.287053e-01
5.860885e-01
5.421059e-01
4.969066e-01
4.506831e-01
4.032676e-01
3.550016e-01
3.060093e-01
2.562907e-01
2.059700e-01
1.551836e-01
1.039441e-01
5.260525e-02
1.160866e-03
-5.033318e-02
-1.017279e-01
-1.528370e-01
-2.036172e-01
-2.539317e-01
-3.037559e-01
-3.528227e-01
-4.012252e-01
-4.486655e-01
-4.950505e-01
-5.405291e-01
-5.845924e-01
-6.273768e-01
-6.689694e-01
-7.088361e-01
-7.472254e-01
-7.838951e-01
-8.188639e-01
-8.520448e-01
-8.832951e-01
-9.125464e-01
-9.398361e-01
-9.649406e-01
-9.878662e-01
-1.008700e+00
-1.027211e+00
-1.043464e+00
-1.057338e+00
-1.068910e+00
-1.078010e+00
-1.084777e+00
-1.089066e+00
-1.090997e+00
-1.090494e+00
-1.087446e+00
-1.082021e+00
-1.074192e+00
-1.063962e+00
-1.051292e+00
-1.036250e+00
-1.019023e+00
-9.995245e-01
-9.777039e-01
-9.537231e-01
-9.275694e-01
-8.993175e-01
-8.691350e-01
-8.370405e-01
-8.028725e-01
-7.670160e-01
-7.296076e-01
-6.903492e-01
-6.495513e-01
-6.073628e-01
-5.638272e-01
-5.190066e-01
-4.730623e-01
-4.260317e-01
-3.779458e-01
-3.291584e-01
-2.794956e-01
-2.292928e-01
-1.785810e-01
-1.273725e-01
-7.594052e-02
-2.431611e-02
2.741383e-02
7.900719e-02
1.304267e-01
1.816228e-01
2.323471e-01
2.826182e-01
3.322064e-01
3.811366e-01
4.291915e-01
4.761787e-01
5.222160e-01
5.670553e-01
6.107088e-01
6.529966e-01
6.937883e-01
7.329722e-01
7.705979e-01
8.065227e-01
8.406410e-01
8.728349e-01
9.030609e-01
9.313314e-01
9.575471e-01
9.816087e-01
1.003460e+00
1.023127e+00
1.040291e+00
1.055470e+00
1.068065e+00
1.078420e+00
1.086248e+00
1.091618e+00
1.094747e+00
1.095249e+00
1.093337e+00
1.089023e+00
1.082263e+00
1.073094e+00
1.061597e+00
1.047579e+00
1.031222e+00
1.012660e+00
9.917461e-01
9.686964e-01
9.434429e-01
9.160911e-01
8.866722e-01
8.552667e-01
8.218995e-01
7.867756e-01
7.498824e-01
7.112944e-01
6.711732e-01
6.293944e-01
5.862809e-01
5.417955e-01
4.962238e-01
4.495470e-01
4.017839e-01
3.530648e-01
3.035821e-01
2.535531e-01
2.027791e-01
1.515707e-01
9.996487e-02
4.829700e-02
-3.588132e-03
-5.542981e-02
-1.071473e-01
-1.587097e-01
-2.097816e-01
-2.604251e-01
-3.104541e-01
-3.598748e-01
-4.085877e-01
-4.562639e-01
-5.029345e-01
-5.485248e-01
-5.928364e-01
-6.358940e-01
-6.774865e-01
-7.175644e-01
-7.561213e-01
-7.928096e-01
-8.279584e-01
-8.611207e-01
-8.923772e-01
-9.216844e-01
-9.490175e-01
-9.741034e-01
-9.970352e-01
-1.017707e+00
-1.036231e+00
-1.052341e+00
-1.066104e+00
-1.077458e+00
-1.086552e+00
-1.093039e+00
-1.097261e+00
-1.098937e+00
-1.098167e+00
-1.094858e+00
-1.089147e+00
-1.081065e+00
-1.070474e+00
-1.057611e+00
-1.042346e+00
-1.024679e+00
-1.004758e+00
-9.825026e-01
-9.581679e-01
-9.317535e-01
-9.031602e-01
-8.725307e-01
-8.399520e-01
-8.054364e-01
-7.692322e-01
-7.312837e-01
-6.915970e-01
-6.505011e-01
-6.078159e-01
-5.637775e-01
-5.186217e-01
-4.721560e-01
-4.246722e-01
-3.762200e-01
-3.269111e-01
-2.768511e-01
-2.263006e-01
-1.751667e-01
-1.235050e-01
-7.167573e-02
-1.972231e-02
3.238010e-02
8.437077e-02
1.361380e-01
1.876072e-01
2.387970e-01
2.892916e-01
3.392026e-01
3.883563e-01
4.367092e-01
4.839943e-01
5.301931e-01
5.753241e-01
6.190583e-01
6.614765e-01
7.024979e-01
7.417687e-01
7.795000e-01
8.155924e-01
8.497541e-01
8.820473e-01
9.123292e-01
9.405748e-01
9.667906e-01
9.909080e-01
1.012592e+00
1.032246e+00
1.049429e+00
1.064359e+00
1.076868e+00
1.087043e+00
1.094722e+00
1.100042e+00
1.102842e+00
1.103146e+00
1.101054e+00
1.096510e+00
1.089395e+00
1.079835e+00
1.068003e+00
1.053713e+00
1.037119e+00
1.018198e+00
9.969234e-01
9.735447e-01
9.478070e-01
9.200703e-01
8.903162e-01
8.584389e-01
8.247179e-01
7.891470e-01
7.517944e-01
7.128588e-01
6.722161e-01
6.300586e-01
5.865106e-01
5.416900e-01
4.956216e-01
4.483427e-01
4.002816e-01
3.510286e-01
3.011362e-01
2.505981e-01
1.994828e-01
1.478770e-01
9.588011e-02
4.382736e-02
-8.430248e-03
-6.073131e-02
-1.126599e-01
-1.645264e-01
-2.160205e-01
-2.669868e-01
-3.173945e-01
-3.670696e-01
-4.159564e-01
-4.639430e-01
-5.107936e-01
-5.566447e-01
-6.012108e-01
-6.444050e-01
-6.861899e-01
-7.263795e-01
-7.650916e-01
-8.019538e-01
-8.371212e-01
-8.703952e-01
-9.018131e-01
-9.310272e-01
-9.582982e-01
-9.834897e-01
-1.006403e+00
-1.026994e+00
-1.045332e+00
-1.061386e+00
-1.075093e+00
-1.086391e+00
-1.095237e+00
-1.101631e+00
-1.105523e+00
-1.107026e+00
-1.105970e+00
-1.102482e+00
-1.096448e+00
-1.088135e+00
-1.077240e+00
-1.064024e+00
-1.048393e+00
-1.030402e+00
-1.010171e+00
-9.875992e-01
-9.628238e-01
-9.360555e-01
-9.069904e-01
-8.759885e-01
-8.430000e-01
-8.080623e-01
-7.713863e-01
-7.329722e-01
-6.929751e-01
-6.514136e-01
-6.082567e-01
-5.638706e-01
-5.182678e-01
-4.712496e-01
-4.233934e-01
-3.744756e-01
-3.247073e-01
-2.743307e-01
-2.232402e-01
-1.716468e-01
-1.196437e-01
-6.749165e-02
-1.504160e-02
3.739604e-02
8.975297e-02
1.419547e-01
1.936909e-01
2.451476e-01
2.959526e-01
3.462237e-01
3.957188e-01
4.442642e-01
4.918410e-01
5.382881e-01
5.835805e-01
6.276252e-01
6.701923e-01
7.112820e-01
7.509129e-01
7.886814e-01
8.247365e-01
8.590535e-01
8.914212e-01
9.217589e-01
9.500791e-01
9.761396e-01
1.000245e+00
1.022016e+00
1.041458e+00
1.058623e+00
1.073423e+00
1.085832e+00
1.095895e+00
1.103320e+00
1.108447e+00
1.111036e+00
1.111104e+00
1.108745e+00
1.103916e+00
1.096590e+00
1.086832e+00
1.074608e+00
1.060001e+00
1.043073e+00
1.023853e+00
1.002132e+00
9.784178e-01
9.522953e-01
9.241551e-01
8.939850e-01
8.617415e-01
8.275735e-01
7.915867e-01
7.538368e-01
7.142742e-01
6.732776e-01
6.307042e-01
5.867527e-01
5.414417e-01
4.949822e-01
4.473495e-01
3.986489e-01
3.491352e-01
2.987461e-01
2.477860e-01
1.962795e-01
1.442082e-01
9.178914e-02
3.928943e-02
-1.330340e-02
-6.593348e-02
-1.183587e-01
-1.705232e-01
-2.223338e-01
-2.736292e-01
-3.243597e-01
-3.743266e-01
-4.234803e-01
-4.716780e-01
-5.188762e-01
-5.649073e-01
-6.096783e-01
-6.530773e-01
-6.950299e-01
-7.354492e-01
-7.741613e-01
-8.111848e-01
-8.464329e-01
-8.798311e-01
-9.111869e-01
-9.405376e-01
-9.677962e-01
-9.928697e-01
-1.015758e+00
-1.036356e+00
-1.054613e+00
-1.070648e+00
-1.084206e+00
-1.095231e+00
-1.103860e+00
-1.110210e+00
-1.113929e+00
-1.115170e+00
-1.113904e+00
-1.110179e+00
-1.103953e+00
-1.095212e+00
-1.084131e+00
-1.070462e+00
-1.054489e+00
-1.036207e+00
-1.015578e+00
-9.927207e-01
-9.675914e-01
-9.402645e-01
-9.108890e-01
-8.794587e-01
-8.460543e-01
-8.107006e-01
-7.736460e-01
-7.347849e-01
-6.942850e-01
-6.523013e-01
-6.086540e-01
-5.638210e-01
-5.177650e-01
-4.703619e-01
-4.220897e-01
-3.726133e-01
-3.224725e-01
-2.717296e-01
-2.201487e-01
-1.681270e-01
-1.157266e-01
-6.309650e-02
-1.034847e-02
4.256096e-02
9.520966e-02
1.477528e-01
1.999546e-01
2.516969e-01
3.028806e-01
3.533752e-01
4.031062e-01
4.519867e-01
4.997809e-01
5.465197e-01
5.920294e-01
6.361858e-01
6.790633e-01
7.202275e-01
7.599577e-01
7.979062e-01
8.341476e-01
8.685204e-01
9.007826e-01
9.312693e-01
9.596143e-01
9.856624e-01
1.009705e+00
1.031408e+00
1.050845e+00
1.067904e+00
1.082666e+00
1.094933e+00
1.104754e+00
1.112172e+00
1.116927e+00
1.119354e+00
1.119299e+00
1.116679e+00
1.111458e+00
1.103878e+00
1.093834e+00
1.081344e+00
1.066439e+00
1.049094e+00
1.029490e+00
1.007396e+00
9.832289e-01
9.568953e-01
9.283516e-01
8.976725e-01
8.649944e-01
8.304167e-01
7.940636e-01
7.557798e-01
7.159441e-01
6.743826e-01
6.313685e-01
5.869886e-01
5.411623e-01
4.942435e-01
4.462010e-01
3.970535e-01
3.470245e-01
2.962692e-01
2.448559e-01
1.928342e-01
1.404400e-01
8.757402e-02
3.464596e-02
-1.831313e-02
-7.119773e-02
-1.239768e-01
-1.767000e-01
-2.287527e-01
-2.803585e-01
-3.313746e-01
-3.816767e-01
-4.311470e-01
-4.796054e-01
-5.270333e-01
-5.732755e-01
-6.182637e-01
-6.618738e-01
-7.040126e-01
-7.445747e-01
-7.834296e-01
-8.205462e-01
-8.559061e-01
-8.893664e-01
-9.207346e-01
-9.500791e-01
-9.774494e-01
-1.002455e+00
-1.025287e+00
-1.045916e+00
-1.064018e+00
-1.079916e+00
-1.093269e+00
-1.104282e+00
-1.112818e+00
-1.118796e+00
-1.122334e+00
-1.123408e+00
-1.121931e+00
-1.117914e+00
-1.111384e+00
-1.102419e+00
-1.090960e+00
-1.077029e+00
-1.060728e+00
-1.042079e+00
-1.021078e+00
-9.977925e-01
-9.723776e-01
-9.446286e-01
-9.147502e-01
-8.828916e-01
-8.490899e-01
-8.133638e-01
-7.758622e-01
-7.364921e-01
-6.956941e-01
-6.530401e-01
-6.091506e-01
-5.637961e-01
-5.172063e-01
-4.693997e-01
-4.206061e-01
-3.708068e-01
-3.201880e-01
-2.689299e-01
-2.170323e-01
-1.645140e-01
-1.116915e-01
-5.870135e-02
-5.537394e-03
4.768243e-02
1.007657e-01
1.536317e-01
2.061997e-01
2.582834e-01
3.097775e-01
3.606383e-01
4.106425e-01
4.598024e-01
5.078883e-01
5.547948e-01
6.006521e-01
6.448830e-01
6.879530e-01
7.293096e-01
7.691764e-01
8.072987e-01
8.435463e-01
8.780184e-01
9.103985e-01
9.408232e-01
9.691495e-01
9.953528e-01
1.019247e+00
1.040956e+00
1.060318e+00
1.077253e+00
1.091810e+00
1.103978e+00
1.113625e+00
1.120913e+00
1.125513e+00
1.127729e+00
1.127387e+00
1.124501e+00
1.119088e+00
1.111297e+00
1.100830e+00
1.088042e+00
1.072752e+00
1.055153e+00
1.035133e+00
1.012729e+00
9.881766e-01
9.614084e-01
9.324115e-01
9.014654e-01
8.682535e-01
8.333592e-01
7.964039e-01
7.578595e-01
7.174154e-01
6.754255e-01
6.319831e-01
5.871252e-01
5.409202e-01
4.934551e-01
4.448974e-01
3.954209e-01
3.449511e-01
2.938357e-01
2.419072e-01
1.894819e-01
1.366408e-01
8.342097e-02
3.005216e-02
-2.332286e-02
-7.670409e-02
-1.298060e-01
-1.828271e-01
-2.352337e-01
-2.871561e-01
-3.385260e-01
-3.892068e-01
-4.388199e-01
-4.876321e-01
-5.352587e-01
-5.816747e-01
-6.269361e-01
-6.706641e-01
-7.129706e-01
-7.536692e-01
-7.927227e-01
-8.299015e-01
-8.653358e-01
-8.988395e-01
-9.303195e-01
-9.598005e-01
-9.869350e-01
-1.012089e+00
-1.034810e+00
-1.055296e+00
-1.073485e+00
-1.089184e+00
-1.102388e+00
-1.113314e+00
-1.121707e+00
-1.127567e+00
-1.130895e+00
-1.131671e+00
-1.129970e+00
-1.125674e+00
-1.118908e+00
-1.109590e+00
-1.097782e+00
-1.083566e+00
-1.067004e+00
-1.047958e+00
-1.026578e+00
-1.002914e+00
-9.769280e-01
-9.489306e-01
-9.186301e-01
-8.864176e-01
-8.521504e-01
-8.159897e-01
-7.780225e-01
-7.382861e-01
-6.968674e-01
-6.539340e-01
-6.094300e-01
-5.637403e-01
-5.166724e-01
-4.685368e-01
-4.191596e-01
-3.689134e-01
-3.179532e-01
-2.661488e-01
-2.137049e-01
-1.609383e-01
-1.076998e-01
-5.422549e-02
-6.269920e-04
5.299013e-02
1.064769e-01
1.597774e-01
2.125751e-01
2.650127e-01
3.168482e-01
3.678891e-01
4.182781e-01
4.675994e-01
5.160454e-01
5.631381e-01
6.091568e-01
6.537167e-01
6.968364e-01
7.385593e-01
7.783702e-01
8.166043e-01
8.530381e-01
8.875226e-01
9.200083e-01
9.504764e-01
9.788027e-01
1.005000e+00
1.028857e+00
1.050485e+00
1.069785e+00
1.086577e+00
1.101110e+00
1.113097e+00
1.122620e+00
1.129653e+00
1.134173e+00
1.136078e+00
1.135458e+00
1.132397e+00
1.126661e+00
1.118541e+00
1.107932e+00
1.094610e+00
1.079090e+00
1.061113e+00
1.040763e+00
1.018105e+00
9.930373e-01
9.658159e-01
9.364590e-01
9.050722e-01
8.715685e-01
8.360658e-01
7.988002e-01
7.596101e-01
7.188618e-01
6.764498e-01
6.325107e-01
5.871997e-01
5.405416e-01
4.926605e-01
4.436496e-01
3.936020e-01
3.428094e-01
2.911974e-01
2.388715e-01
1.860304e-01
1.327236e-01
7.911273e-02
2.530316e-02
-2.847537e-02
-8.211732e-02
-1.356537e-01
-1.889481e-01
-2.417582e-01
-2.940220e-01
-3.458016e-01
-3.966128e-01
-4.465735e-01
-4.956402e-01
-5.435213e-01
-5.902043e-01
-6.355960e-01
-6.796407e-01
-7.221147e-01
-7.628568e-01
-8.020779e-01
-8.394367e-01
-8.748773e-01
-9.084120e-01
-9.400037e-01
-9.693730e-01
-9.966813e-01
-1.021637e+00
-1.044451e+00
-1.064769e+00
-1.082778e+00
-1.098484e+00
-1.111632e+00
-1.122272e+00
-1.130541e+00
-1.136221e+00
-1.139263e+00
-1.139847e+00
-1.137879e+00
-1.133390e+00
-1.126289e+00
-1.116673e+00
-1.104629e+00
-1.090091e+00
-1.073100e+00
-1.053707e+00
-1.031960e+00
-1.007930e+00
-9.816770e-01
-9.531023e-01
-9.224666e-01
-8.897885e-01
-8.551177e-01
-8.185163e-01
-7.800773e-01
-7.399436e-01
-6.980159e-01
-6.546231e-01
-6.097962e-01
-5.634485e-01
-5.161013e-01
-4.673139e-01
-4.175829e-01
-3.669827e-01
-3.154390e-01
-2.633242e-01
-2.104520e-01
-1.572694e-01
-1.035592e-01
-4.969377e-02
4.345489e-03
5.829784e-02
1.121509e-01
1.657742e-01
2.190375e-01
2.717607e-01
3.239065e-01
3.753199e-01
4.259572e-01
4.755889e-01
5.241404e-01
5.716056e-01
6.178044e-01
6.625443e-01
7.058812e-01
7.475296e-01
7.877068e-01
8.259781e-01
8.624988e-01
8.971013e-01
9.295932e-01
9.600985e-01
9.884746e-01
1.014492e+00
1.038466e+00
1.059983e+00
1.079233e+00
1.095932e+00
1.110397e+00
1.122179e+00
1.131578e+00
1.138431e+00
1.142659e+00
1.144403e+00
1.143646e+00
1.140231e+00
1.134241e+00
1.125804e+00
1.114817e+00
1.101321e+00
1.085410e+00
1.067072e+00
1.046301e+00
1.023251e+00
9.978236e-01
9.702421e-01
9.404693e-01
9.085983e-01
8.746290e-01
8.388532e-01
8.009046e-01
7.615407e-01
7.201592e-01
6.774120e-01
6.330074e-01
5.871376e-01
5.401318e-01
4.917293e-01
4.422839e-01
3.919258e-01
3.405622e-01
2.885218e-01
2.357117e-01
1.824919e-01
1.288065e-01
7.481069e-02
2.065349e-02
-3.365271e-02
-8.766093e-02
-1.416629e-01
-1.952552e-01
-2.483695e-01
-3.010120e-01
-3.529282e-01
-4.041615e-01
-4.544388e-01
-5.036484e-01
-5.518522e-01
-5.987277e-01
-6.443243e-01
-6.885489e-01
-7.310912e-01
-7.720444e-01
-8.113897e-01
-8.488850e-01
-8.843753e-01
-9.180156e-01
-9.495266e-01
-9.789952e-01
-1.006316e+00
-1.031203e+00
-1.053942e+00
-1.074261e+00
-1.092232e+00
-1.107764e+00
-1.120751e+00
-1.131218e+00
-1.139387e+00
-1.144720e+00
-1.147693e+00
-1.148035e+00
-1.145831e+00
-1.141001e+00
-1.133701e+00
-1.123750e+00
-1.111427e+00
-1.096497e+00
-1.079115e+00
-1.059461e+00
-1.037368e+00
-1.012840e+00
-9.861528e-01
-9.572305e-01
-9.262596e-01
-8.931283e-01
-8.579981e-01
-8.209063e-01
-7.820018e-01
-7.414397e-01
-6.991705e-01
-6.552190e-01
-6.099514e-01
-5.631878e-01
-5.153253e-01
-4.661965e-01
-4.159129e-01
-3.648597e-01
-3.129994e-01
-2.603196e-01
-2.070688e-01
-1.533958e-01
-9.935650e-02
-4.508755e-02
9.311762e-03
6.376694e-02
1.178745e-01
1.719013e-01
2.254253e-01
2.785769e-01
3.309897e-01
3.827507e-01
4.336487e-01
4.835039e-01
5.323472e-01
5.800110e-01
6.263960e-01
6.713656e-01
7.148577e-01
7.567979e-01
7.968819e-01
8.353644e-01
8.719596e-01
9.066242e-01
9.391408e-01
9.696958e-01
9.980843e-01
1.024157e+00
1.047952e+00
1.069456e+00
1.088663e+00
1.105250e+00
1.119466e+00
1.131149e+00
1.140436e+00
1.147035e+00
1.151145e+00
1.152604e+00
1.151548e+00
1.147886e+00
1.141709e+00
1.132968e+00
1.121676e+00
1.107789e+00
1.091574e+00
1.072889e+00
1.051776e+00
1.028335e+00
1.002517e+00
9.745131e-01
9.442871e-01
9.120498e-01
8.776646e-01
8.413611e-01
8.031332e-01
7.631485e-01
7.214877e-01
6.782191e-01
6.333240e-01
5.871252e-01
5.394800e-01
4.908043e-01
4.408312e-01
3.899518e-01
3.381473e-01
2.857221e-01
2.325768e-01
1.787920e-01
1.246535e-01
7.021689e-02
1.565618e-02
-3.886729e-02
-9.331006e-02
-1.475728e-01
-2.015438e-01
-2.550554e-01
-3.079151e-01
-3.601603e-01
-4.116668e-01
-4.622359e-01
-5.117372e-01
-5.601335e-01
-6.072945e-01
-6.530711e-01
-6.973951e-01
-7.401174e-01
-7.813065e-01
-8.206518e-01
-8.582403e-01
-8.938422e-01
-9.275322e-01
-9.590432e-01
-9.885615e-01
-1.015783e+00
-1.040757e+00
-1.063490e+00
-1.083635e+00
-1.101532e+00
-1.116902e+00
-1.129796e+00
-1.140194e+00
-1.148010e+00
-1.153330e+00
-1.155881e+00
-1.156080e+00
-1.153553e+00
-1.148569e+00
-1.140902e+00
-1.130727e+00
-1.117958e+00
-1.102705e+00
-1.085044e+00
-1.064961e+00
-1.042470e+00
-1.017596e+00
-9.906225e-01
-9.612035e-01
-9.297360e-01
-8.962136e-01
-8.607172e-01
-8.231970e-01
-7.838889e-01
-7.428675e-01
-7.000769e-01
-6.557281e-01
-6.100073e-01
-5.628898e-01
-5.143258e-01
-4.648618e-01
-4.142617e-01
-3.626310e-01
-3.102989e-01
-2.573088e-01
-2.036048e-01
-1.494414e-01
-9.496135e-02
-4.038201e-02
1.437736e-02
6.909948e-02
1.236974e-01
1.780595e-01
2.319622e-01
2.854117e-01
3.381846e-01
3.901504e-01
4.413216e-01
4.914934e-01
5.405850e-01
5.885158e-01
6.350063e-01
6.801249e-01
7.238467e-01
7.657993e-01
8.062185e-01
8.446823e-01
8.813520e-01
9.160725e-01
9.486947e-01
9.791504e-01
1.007483e+00
1.033668e+00
1.057444e+00
1.078855e+00
1.097882e+00
1.114357e+00
1.128468e+00
1.140076e+00
1.149189e+00
1.155559e+00
1.159470e+00
1.160779e+00
1.159395e+00
1.155472e+00
1.149047e+00
1.139971e+00
1.128337e+00
1.114165e+00
1.097602e+00
1.078470e+00
1.057009e+00
1.033190e+00
1.007017e+00
9.786537e-01
9.480491e-01
9.152779e-01
8.805512e-01
8.438132e-01
8.051570e-01
7.647191e-01
7.226175e-01
6.788088e-01
6.334978e-01
5.867776e-01
5.387351e-01
4.895752e-01
4.392544e-01
3.879777e-01
3.357263e-01
2.827672e-01
2.291687e-01
1.750984e-01
1.205252e-01
6.572862e-02
1.082027e-02
-4.408809e-02
-9.896540e-02
-1.536254e-01
-2.079254e-01
-2.616419e-01
-3.149486e-01
-3.674483e-01
-4.192838e-01
-4.700639e-01
-5.198446e-01
-5.684210e-01
-6.158241e-01
-6.618117e-01
-7.062102e-01
-7.491871e-01
-7.903948e-01
-8.299139e-01
-8.675334e-01
-9.032968e-01
-9.369308e-01
-9.685536e-01
-9.981091e-01
-1.025250e+00
-1.050143e+00
-1.072808e+00
-1.092965e+00
-1.110757e+00
-1.125953e+00
-1.138723e+00
-1.148867e+00
-1.156490e+00
-1.161636e+00
-1.164132e+00
-1.163952e+00
-1.161264e+00
-1.155888e+00
-1.147954e+00
-1.137444e+00
-1.124395e+00
-1.108863e+00
-1.090774e+00
-1.070331e+00
-1.047524e+00
-1.022220e+00
-9.948003e-01
-9.650462e-01
-9.331875e-01
-8.992120e-01
-8.632438e-01
-8.253139e-01
-7.856147e-01
-7.440967e-01
-7.008839e-01
-6.560943e-01
-6.099514e-01
-5.623063e-01
-5.134319e-01
-4.634898e-01
-4.123745e-01
-3.603714e-01
-3.076109e-01
-2.541180e-01
-2.000725e-01
-1.455242e-01
-9.065310e-02
-3.559576e-02
1.951124e-02
7.462446e-02
1.296259e-01
1.842922e-01
2.384556e-01
2.922527e-01
3.451994e-01
3.975936e-01
4.490256e-01
4.994643e-01
5.487173e-01
5.968653e-01
6.435607e-01
6.889524e-01
7.328294e-01
7.748814e-01
8.153751e-01
8.539817e-01
8.906266e-01
9.255270e-01
9.580375e-01
9.886049e-01
1.016900e+00
1.042936e+00
1.066799e+00
1.088079e+00
1.107051e+00
1.123427e+00
1.137394e+00
1.148848e+00
1.157663e+00
1.163902e+00
1.167546e+00
1.168607e+00
1.167056e+00
1.162927e+00
1.156130e+00
1.146731e+00
1.134824e+00
1.120391e+00
1.103344e+00
1.083964e+00
1.062044e+00
1.037846e+00
1.011406e+00
9.826330e-01
9.515131e-01
9.184563e-01
8.832020e-01
8.460232e-01
8.069883e-01
7.661531e-01
7.235487e-01
6.793365e-01
6.335909e-01
5.863927e-01
5.380088e-01
4.882591e-01
4.375224e-01
3.858422e-01
3.331686e-01
2.797626e-01
2.257109e-01
1.711750e-01
1.162729e-01
6.114103e-02
5.822955e-03
-4.953857e-02
-1.046828e-01
-1.596408e-01
-2.143257e-01
-2.683960e-01
-3.219449e-01
-3.747550e-01
-4.268263e-01
-4.778982e-01
-5.278962e-01
-5.767022e-01
-6.242605e-01
-6.703724e-01
-7.151123e-01
-7.581699e-01
-7.994706e-01
-8.390208e-01
-8.768017e-01
-9.126085e-01
-9.463295e-01
-9.779709e-01
-1.007415e+00
-1.034549e+00
-1.059492e+00
-1.081915e+00
-1.102059e+00
-1.119671e+00
-1.134886e+00
-1.147401e+00
-1.157495e+00
-1.164895e+00
-1.169756e+00
-1.172047e+00
-1.171575e+00
-1.168620e+00
-1.162977e+00
-1.154721e+00
-1.144018e+00
-1.130597e+00
-1.114754e+00
-1.096348e+00
-1.075459e+00
-1.052254e+00
-1.026727e+00
-9.987485e-01
-9.686653e-01
-9.363908e-01
-9.020366e-01
-8.656028e-01
-8.272507e-01
-7.871481e-01
-7.450775e-01
-7.015854e-01
-6.563675e-01
-6.096286e-01
-5.616668e-01
-5.122897e-01
-4.618696e-01
-4.103880e-01
-3.578634e-01
-3.047181e-01
-2.508340e-01
-1.963851e-01
-1.414332e-01
-8.615863e-02
-3.077848e-02
2.476308e-02
8.021772e-02
1.355296e-01
1.904814e-01
2.449800e-01
2.990193e-01
3.524005e-01
4.049809e-01
4.566923e-01
5.073420e-01
5.569054e-01
6.051528e-01
6.521523e-01
6.976744e-01
7.415390e-01
7.838703e-01
8.244013e-01
8.630700e-01
8.998638e-01
9.346339e-01
9.673927e-01
9.978608e-01
1.026169e+00
1.052111e+00
1.075900e+00
1.097149e+00
1.115909e+00
1.132316e+00
1.145992e+00
1.157371e+00
1.165988e+00
1.172022e+00
1.175461e+00
1.176218e+00
1.174443e+00
1.169973e+00
1.162989e+00
1.153293e+00
1.141020e+00
1.126320e+00
1.109068e+00
1.089209e+00
1.066985e+00
1.042396e+00
1.015417e+00
9.862335e-01
9.548032e-01
9.213119e-01
8.856355e-01
8.480594e-01
8.085837e-01
7.672519e-01
7.243061e-01
6.796096e-01
6.333985e-01
5.858650e-01
5.370093e-01
4.868251e-01
4.355980e-01
3.834956e-01
3.304123e-01
2.766959e-01
2.222718e-01
1.672765e-01
1.119832e-01
5.644169e-02
7.759801e-04
-5.490215e-02
-1.105120e-01
-1.658052e-01
-2.207508e-01
-2.751005e-01
-3.289100e-01
-3.820988e-01
-4.344185e-01
-4.856767e-01
-5.359105e-01
-5.849463e-01
-6.326163e-01
-6.789826e-01
-7.237598e-01
-7.669602e-01
-8.084037e-01
-8.480718e-01
-8.858093e-01
-9.218023e-01
-9.554550e-01
-9.871212e-01
-1.016459e+00
-1.043613e+00
-1.068605e+00
-1.090954e+00
-1.110968e+00
-1.128461e+00
-1.143491e+00
-1.155931e+00
-1.165752e+00
-1.173071e+00
-1.177677e+00
-1.179633e+00
-1.179055e+00
-1.175790e+00
-1.169930e+00
-1.161394e+00
-1.150238e+00
-1.136556e+00
-1.120410e+00
-1.101631e+00
-1.080382e+00
-1.056786e+00
-1.030855e+00
-1.002510e+00
-9.719927e-01
-9.394326e-01
-9.045694e-01
-8.676948e-01
-8.289206e-01
-7.884020e-01
-7.459094e-01
-7.018896e-01
-6.563613e-01
-6.091258e-01
-5.607357e-01
-5.109674e-01
-4.600941e-01
-4.082835e-01
-3.553244e-01
-3.017011e-01
-2.474011e-01
-1.925362e-01
-1.372181e-01
-8.159586e-02
-2.576875e-02
3.006457e-02
8.579857e-02
1.414643e-01
1.968134e-01
2.515479e-01
3.059535e-01
3.595706e-01
4.123807e-01
4.642906e-01
5.151453e-01
5.648825e-01
6.134278e-01
6.605329e-01
7.062599e-01
7.502549e-01
7.926296e-01
8.333406e-01
8.720341e-01
9.089273e-01
9.437160e-01
9.764562e-01
1.006918e+00
1.035238e+00
1.061193e+00
1.084814e+00
1.105983e+00
1.124619e+00
1.140933e+00
1.154509e+00
1.165622e+00
1.174120e+00
1.179918e+00
1.183159e+00
1.183705e+00
1.181625e+00
1.176932e+00
1.169557e+00
1.159643e+00
1.147066e+00
1.131950e+00
1.114289e+00
1.094126e+00
1.071585e+00
1.046512e+00
1.019228e+00
9.897037e-01
9.578513e-01
9.238695e-01
8.878517e-01
8.498348e-01
8.099929e-01
7.681459e-01
7.248337e-01
6.796655e-01
6.330881e-01
5.851449e-01
5.357926e-01
4.852111e-01
4.336550e-01
3.811056e-01
3.275381e-01
2.733499e-01
2.185346e-01
1.632662e-01
1.074888e-01
5.166165e-02
-4.382736e-03
-6.040850e-02
-1.162915e-01
-1.719758e-01
-2.271325e-01
-2.818360e-01
-3.359311e-01
-3.893248e-01
-4.418866e-01
-4.933371e-01
-5.438069e-01
-5.930227e-01
-6.409472e-01
-6.874563e-01
-7.323514e-01
-7.756325e-01
-8.172002e-01
-8.569676e-01
-8.948479e-01
-9.306671e-01
-9.644750e-01
-9.960481e-01
-1.025486e+00
-1.052564e+00
-1.077240e+00
-1.099731e+00
-1.119590e+00
-1.137022e+00
-1.151821e+00
-1.164088e+00
-1.173797e+00
-1.180874e+00
-1.185393e+00
-1.187057e+00
-1.186169e+00
-1.182668e+00
-1.176491e+00
-1.167627e+00
-1.156248e+00
-1.142243e+00
-1.125649e+00
-1.106604e+00
-1.085069e+00
-1.060988e+00
-1.034742e+00
-1.006117e+00
-9.751339e-01
-9.420337e-01
-9.068663e-01
-8.695944e-01
-8.304788e-01
-7.894139e-01
-7.465736e-01
-7.020944e-01
-6.560881e-01
-6.085360e-01
-5.596245e-01
-5.095644e-01
-4.581511e-01
-4.058749e-01
-3.526488e-01
-2.985289e-01
-2.438502e-01
-1.886066e-01
-1.329347e-01
-7.695861e-02
-2.079006e-02
3.540953e-02
9.144150e-02
1.474673e-01
2.031330e-01
2.582400e-01
3.128131e-01
3.667468e-01
4.198115e-01
4.718518e-01
5.229423e-01
5.728782e-01
6.215166e-01
6.689011e-01
7.145970e-01
7.588589e-01
8.014385e-01
8.419943e-01
8.808927e-01
9.177300e-01
9.525932e-01
9.852589e-01
1.015795e+00
1.043985e+00
1.069990e+00
1.093493e+00
1.114525e+00
1.133092e+00
1.149208e+00
1.162611e+00
1.173611e+00
1.181812e+00
1.187579e+00
1.190459e+00
1.190751e+00
1.188491e+00
1.183587e+00
1.175840e+00
1.165603e+00
1.152666e+00
1.137283e+00
1.119330e+00
1.098775e+00
1.075794e+00
1.050478e+00
1.022823e+00
9.927890e-01
9.606324e-01
9.261913e-01
8.898444e-01
8.514365e-01
8.110545e-01
7.688784e-01
7.250448e-01
6.795848e-01
6.325542e-01
5.840709e-01
5.343399e-01
4.834418e-01
4.314139e-01
3.784052e-01
3.245894e-01
2.700411e-01
2.148099e-01
1.591380e-01
1.030067e-01
4.678850e-02
-9.578699e-03
-6.595210e-02
-1.221269e-01
-1.781712e-01
-2.335266e-01
-2.884722e-01
-3.428839e-01
-3.965755e-01
-4.493298e-01
-5.011031e-01
-5.516101e-01
-6.010370e-01
-6.491291e-01
-6.957190e-01
-7.408251e-01
-7.841683e-01
-8.258850e-01
-8.656462e-01
-9.035947e-01
-9.394140e-01
-9.731722e-01
-1.004832e+00
-1.034226e+00
-1.061181e+00
-1.085950e+00
-1.108180e+00
-1.127934e+00
-1.145198e+00
-1.159867e+00
-1.172065e+00
-1.181507e+00
-1.188392e+00
-1.192613e+00
-1.194190e+00
-1.193054e+00
-1.189218e+00
-1.182786e+00
-1.173617e+00
-1.161866e+00
-1.147625e+00
-1.130678e+00
-1.111278e+00
-1.089358e+00
-1.065073e+00
-1.038255e+00
-1.009190e+00
-9.779398e-01
-9.444547e-01
-9.088093e-01
-8.712395e-01
-8.315589e-01
-7.901713e-01
-7.469275e-01
-7.020572e-01
-6.555977e-01
-6.076173e-01
-5.584388e-01
-5.077952e-01
-4.561646e-01
-4.034476e-01
-3.497125e-01
-2.953194e-01
-2.402683e-01
-1.845839e-01
-1.285271e-01
-7.225927e-02
-1.578654e-02
4.085380e-02
9.725204e-02
1.534951e-01
2.093594e-01
2.648265e-01
3.195424e-01
3.737865e-01
4.271181e-01
4.794130e-01
5.306835e-01
5.808242e-01
6.295806e-01
6.770830e-01
7.228783e-01
7.672085e-01
8.098129e-01
8.506046e-01
8.895402e-01
9.263092e-01
9.612345e-01
9.939747e-01
1.024368e+00
1.052595e+00
1.078389e+00
1.101824e+00
1.122769e+00
1.141262e+00
1.157216e+00
1.170526e+00
1.181284e+00
1.189404e+00
1.194755e+00
1.197517e+00
1.197592e+00
1.195022e+00
1.189776e+00
1.181849e+00
1.171240e+00
1.157973e+00
1.142268e+00
1.123917e+00
1.103071e+00
1.079786e+00
1.053986e+00
1.025982e+00
9.957129e-01
9.629852e-01
9.283392e-01
8.914150e-01
8.526780e-01
8.119173e-01
7.693626e-01
7.251193e-01
6.792372e-01
6.317782e-01
5.829411e-01
5.327569e-01
4.815112e-01
4.290674e-01
3.757048e-01
3.213924e-01
2.665150e-01
2.109424e-01
1.548174e-01
9.845636e-02
4.186568e-02
-1.484295e-02
-7.152675e-02
-1.280181e-01
-1.842673e-01
-2.399951e-01
-2.952822e-01
-3.498739e-01
-4.037828e-01
-4.566674e-01
-5.085712e-01
-5.594072e-01
-6.090016e-01
-6.571248e-01
-7.038326e-01
-7.489947e-01
-7.925427e-01
-8.342097e-01
-8.741447e-01
-9.120188e-01
-9.479560e-01
-9.818135e-01
-1.013294e+00
-1.042576e+00
-1.069543e+00
-1.094120e+00
-1.116437e+00
-1.135967e+00
-1.153144e+00
-1.167701e+00
-1.179583e+00
-1.188895e+00
-1.195581e+00
-1.199585e+00
-1.200826e+00
-1.199479e+00
-1.195345e+00
-1.188609e+00
-1.179248e+00
-1.167229e+00
-1.152504e+00
-1.135290e+00
-1.115655e+00
-1.093282e+00
-1.068568e+00
-1.041564e+00
-1.012133e+00
-9.804044e-01
-9.465778e-01
-9.105413e-01
-8.725183e-01
-8.324156e-01
-7.906555e-01
-7.470330e-01
-7.017095e-01
-6.549272e-01
-6.065185e-01
-5.568744e-01
-5.058832e-01
-4.537373e-01
-4.007658e-01
-3.466769e-01
-2.918430e-01
-2.364070e-01
-1.804557e-01
-1.240699e-01
-6.742957e-02
-1.059678e-02
4.621117e-02
1.029260e-01
1.594732e-01
2.156107e-01
2.713075e-01
3.263710e-01
3.807641e-01
4.342882e-01
4.868437e-01
5.382633e-01
5.885530e-01
6.374770e-01
6.851160e-01
7.310726e-01
7.754525e-01
8.180507e-01
8.589542e-01
8.978152e-01
9.348016e-01
9.696151e-01
1.002244e+00
1.032674e+00
1.060783e+00
1.086670e+00
1.109881e+00
1.130727e+00
1.149065e+00
1.164814e+00
1.178093e+00
1.188535e+00
1.196375e+00
1.201646e+00
1.204172e+00
1.203936e+00
1.201106e+00
1.195518e+00
1.187392e+00
1.176491e+00
1.162940e+00
1.146880e+00
1.128225e+00
1.107026e+00
1.083380e+00
1.057288e+00
1.028850e+00
9.980781e-01
9.651517e-01
9.300153e-01
8.927248e-01
8.535099e-01
8.124636e-01
7.694060e-01
7.248710e-01
6.785046e-01
6.307042e-01
5.814450e-01
5.309815e-01
4.792143e-01
4.264042e-01
3.726815e-01
3.181519e-01
2.627655e-01
2.069198e-01
1.505029e-01
9.367632e-02
3.683112e-02
-2.013203e-02
-7.710139e-02
-1.338659e-01
-1.903759e-01
-2.464265e-01
-3.018997e-01
-3.566777e-01
-4.108287e-01
-4.639927e-01
-5.160889e-01
-5.670304e-01
-6.167180e-01
-6.649902e-01
-7.118531e-01
-7.570586e-01
-8.006501e-01
-8.424475e-01
-8.823081e-01
-9.202876e-01
-9.562062e-01
-9.899272e-01
-1.021432e+00
-1.050714e+00
-1.077669e+00
-1.102053e+00
-1.124184e+00
-1.143664e+00
-1.160655e+00
-1.175014e+00
-1.186821e+00
-1.195891e+00
-1.202353e+00
-1.206159e+00
-1.207177e+00
-1.205494e+00
-1.201168e+00
-1.194109e+00
-1.184481e+00
-1.172109e+00
-1.157160e+00
-1.139499e+00
-1.119410e+00
-1.096876e+00
-1.071747e+00
-1.044333e+00
-1.014541e+00
-9.823598e-01
-9.482539e-01
-9.119132e-01
-8.734184e-01
-8.330364e-01
-7.907983e-01
-7.468281e-01
-7.010701e-01
-6.538905e-01
-6.051279e-01
-5.550493e-01
-5.038222e-01
-4.512480e-01
-3.977798e-01
-3.434426e-01
-2.883170e-01
-2.324961e-01
-1.762344e-01
-1.195009e-01
-6.260608e-02
-5.438069e-03
5.170511e-02
1.086124e-01
1.655073e-01
2.219676e-01
2.778692e-01
3.331190e-01
3.877604e-01
4.414148e-01
4.941007e-01
5.457499e-01
5.961452e-01
6.452368e-01
6.929068e-01
7.390000e-01
7.834482e-01
8.261830e-01
8.669312e-01
9.058792e-01
9.428904e-01
9.776419e-01
1.010295e+00
1.040676e+00
1.068680e+00
1.094418e+00
1.117635e+00
1.138257e+00
1.156527e+00
1.172121e+00
1.185170e+00
1.195481e+00
1.203092e+00
1.208120e+00
1.210343e+00
1.209927e+00
1.206792e+00
1.201019e+00
1.192446e+00
1.181346e+00
1.167521e+00
1.151064e+00
1.132099e+00
1.110657e+00
1.086540e+00
1.060026e+00
1.031346e+00
1.000158e+00
9.668837e-01
9.313003e-01
8.937615e-01
8.541865e-01
8.126002e-01
7.692943e-01
7.242005e-01
6.775859e-01
6.294192e-01
5.797255e-01
5.288770e-01
4.768057e-01
4.236231e-01
3.695466e-01
3.146444e-01
2.590718e-01
2.027295e-01
1.460519e-01
8.897078e-02
3.174690e-02
-2.553285e-02
-8.270086e-02
-1.397944e-01
-1.965651e-01
-2.528019e-01
-3.085607e-01
-3.634815e-01
-4.177939e-01
-4.710882e-01
-5.233769e-01
-5.744426e-01
-6.242667e-01
-6.726568e-01
-7.196440e-01
-7.648619e-01
-8.085279e-01
-8.503128e-01
-8.902479e-01
-9.282709e-01
-9.640715e-01
-9.978174e-01
-1.029198e+00
-1.058518e+00
-1.085261e+00
-1.109676e+00
-1.131571e+00
-1.150952e+00
-1.167850e+00
-1.182004e+00
-1.193563e+00
-1.202490e+00
-1.208710e+00
-1.212218e+00
-1.213093e+00
-1.211168e+00
-1.206525e+00
-1.199156e+00
-1.189174e+00
-1.176566e+00
-1.161301e+00
-1.143360e+00
-1.122986e+00
-1.099986e+00
-1.074590e+00
-1.046760e+00
-1.016608e+00
-9.841601e-01
-9.495203e-01
-9.127948e-01
-8.740516e-01
-8.332537e-01
-7.906617e-01
-7.462880e-01
-7.002631e-01
-6.526179e-01
-6.035698e-01
-5.531000e-01
-5.012956e-01
-4.485786e-01
-3.947318e-01
-3.400469e-01
-2.845985e-01
-2.284982e-01
-1.718393e-01
-1.147519e-01
-5.753427e-02
-1.986509e-04
5.724250e-02
1.144726e-01
1.715537e-01
2.281320e-01
2.842881e-01
3.398855e-01
3.946200e-01
4.484358e-01
5.013266e-01
5.530504e-01
6.036381e-01
6.527483e-01
7.004804e-01
7.467040e-01
7.911273e-01
8.339117e-01
8.748276e-01
9.136390e-01
9.506688e-01
9.853582e-01
1.017937e+00
1.048244e+00
1.076235e+00
1.101811e+00
1.124861e+00
1.145527e+00
1.163517e+00
1.178937e+00
1.191769e+00
1.201882e+00
1.209356e+00
1.214086e+00
1.216228e+00
1.215483e+00
1.212069e+00
1.206016e+00
1.197219e+00
1.185691e+00
1.171556e+00
1.154857e+00
1.135557e+00
1.113637e+00
1.089296e+00
1.062491e+00
1.033264e+00
1.001915e+00
9.681687e-01
9.323495e-01
8.943451e-01
8.543914e-01
8.125071e-01
7.688101e-01
7.234121e-01
6.763567e-01
6.277555e-01
5.778445e-01
5.265801e-01
4.741673e-01
4.206557e-01
3.663061e-01
3.109570e-01
2.550243e-01
1.984523e-01
1.413712e-01
8.404175e-02
2.663785e-02
-3.095850e-02
-8.835000e-02
-1.456670e-01
-2.026860e-01
-2.591277e-01
-3.150355e-01
-3.702853e-01
-4.246288e-01
-4.781217e-01
-5.305159e-01
-5.817182e-01
-6.316851e-01
-6.801062e-01
-7.271120e-01
-7.724727e-01
-8.161573e-01
-8.579733e-01
-8.979394e-01
-9.358569e-01
-9.716451e-01
-1.005329e+00
-1.036759e+00
-1.065812e+00
-1.092537e+00
-1.116791e+00
-1.138630e+00
-1.157893e+00
-1.174567e+00
-1.188504e+00
-1.199926e+00
-1.208629e+00
-1.214657e+00
-1.217873e+00
-1.218394e+00
-1.216265e+00
-1.211398e+00
-1.203769e+00
-1.193476e+00
-1.180514e+00
-1.164908e+00
-1.146743e+00
-1.125935e+00
-1.102624e+00
-1.076893e+00
-1.048796e+00
-1.018309e+00
-9.855134e-01
-9.505136e-01
-9.134093e-01
-8.742875e-01
-8.330985e-01
-7.901961e-01
-7.454624e-01
-6.990153e-01
-6.510473e-01
-6.016826e-01
-5.508342e-01
-4.988000e-01
-4.457106e-01
-3.915596e-01
-3.364153e-01
-2.806751e-01
-2.243452e-01
-1.673696e-01
-1.101147e-01
-5.257421e-02
5.096638e-03
6.281714e-02
1.203638e-01
1.775070e-01
2.343708e-01
2.907194e-01
3.463541e-01
4.013059e-01
4.552893e-01
5.083291e-01
5.601583e-01
6.107709e-01
6.600673e-01
7.078801e-01
7.540665e-01
7.986450e-01
8.413735e-01
8.822708e-01
9.212064e-01
9.580065e-01
9.927890e-01
1.025244e+00
1.055482e+00
1.083337e+00
1.108832e+00
1.131758e+00
1.152206e+00
1.170073e+00
1.185294e+00
1.197877e+00
1.207953e+00
1.215117e+00
1.219580e+00
1.221449e+00
1.220480e+00
1.216787e+00
1.210492e+00
1.201329e+00
1.189640e+00
1.175132e+00
1.158110e+00
1.138450e+00
1.116294e+00
1.091543e+00
1.064440e+00
1.035009e+00
1.003156e+00
9.691247e-01
9.328275e-01
8.945623e-01
8.542176e-01
8.120105e-01
7.679286e-01
7.221582e-01
6.748358e-01
6.259180e-01
5.756717e-01
5.240535e-01
4.713055e-01
4.174711e-01
3.627180e-01
3.072261e-01
2.509085e-01
1.941006e-01
1.368022e-01
7.921826e-02
2.148534e-02
-3.634691e-02
-9.404879e-02
-1.515520e-01
-2.086517e-01
-2.654100e-01
-3.214296e-01
-3.767911e-01
-4.314388e-01
-4.850124e-01
-5.375183e-01
-5.887641e-01
-6.387869e-01
-6.873446e-01
-7.344994e-01
-7.798104e-01
-8.235446e-01
-8.653110e-01
-9.051902e-01
-9.431263e-01
-9.788152e-01
-1.012400e+00
-1.043793e+00
-1.072833e+00
-1.099347e+00
-1.123563e+00
-1.145204e+00
-1.164256e+00
-1.180744e+00
-1.194656e+00
-1.205743e+00
-1.214229e+00
-1.220046e+00
-1.223056e+00
-1.223354e+00
-1.220964e+00
-1.215831e+00
-1.207835e+00
-1.197337e+00
-1.184034e+00
-1.168111e+00
-1.149618e+00
-1.128486e+00
-1.104909e+00
-1.078761e+00
-1.050392e+00
-1.019545e+00
-9.863701e-01
-9.510351e-01
-9.135956e-01
-8.739958e-01
-8.325957e-01
-7.892711e-01
-7.442270e-01
-6.974572e-01
-6.491602e-01
-5.994354e-01
-5.483324e-01
-4.959817e-01
-4.425446e-01
-3.880956e-01
-3.327341e-01
-2.766711e-01
-2.200618e-01
-1.628255e-01
-1.051857e-01
-4.748999e-02
1.043538e-02
6.828625e-02
1.260192e-01
1.835162e-01
2.405042e-01
2.970017e-01
3.528537e-01
4.079421e-01
4.620558e-01
5.151205e-01
5.671484e-01
6.178478e-01
6.672001e-01
7.149881e-01
7.612676e-01
8.058274e-01
8.485560e-01
8.894222e-01
9.282833e-01
9.650710e-01
9.997418e-01
1.032085e+00
1.062379e+00
1.090029e+00
1.115357e+00
1.138195e+00
1.158420e+00
1.176181e+00
1.191328e+00
1.203750e+00
1.213347e+00
1.220387e+00
1.224739e+00
1.226142e+00
1.224931e+00
1.221151e+00
1.214440e+00
1.205103e+00
1.192986e+00
1.178236e+00
1.160916e+00
1.140921e+00
1.118473e+00
1.093462e+00
1.065948e+00
1.036082e+00
1.003957e+00
9.696275e-01
9.329578e-01
8.943078e-01
8.537458e-01
8.110793e-01
7.668112e-01
7.206497e-01
6.729734e-01
6.236894e-01
5.730893e-01
5.213097e-01
4.682202e-01
4.140630e-01
3.590057e-01
3.031537e-01
2.466748e-01
1.895502e-01
1.320470e-01
7.416508e-02
1.611556e-02
-4.177877e-02
-9.967310e-02
-1.573874e-01
-2.146982e-01
-2.715434e-01
-3.277740e-01
-3.833963e-01
-4.380004e-01
-4.916734e-01
-5.443221e-01
-5.957044e-01
-6.457210e-01
-6.943843e-01
-7.414832e-01
-7.868315e-01
-8.305222e-01
-8.723072e-01
-9.122298e-01
-9.500604e-01
-9.857493e-01
-1.019210e+00
-1.050478e+00
-1.079357e+00
-1.105927e+00
-1.129864e+00
-1.151300e+00
-1.170209e+00
-1.186573e+00
-1.200193e+00
-1.211075e+00
-1.219443e+00
-1.224900e+00
-1.227613e+00
-1.227774e+00
-1.225043e+00
-1.219580e+00
-1.211479e+00
-1.200541e+00
-1.187094e+00
-1.170768e+00
-1.151977e+00
-1.130597e+00
-1.106616e+00
-1.080301e+00
-1.051385e+00
-1.020203e+00
-9.867984e-01
-9.511778e-01
-9.133783e-01
-8.734681e-01
-8.316893e-01
-7.881041e-01
-7.427247e-01
-6.956507e-01
-6.469750e-01
-5.969646e-01
-5.455140e-01
-4.928964e-01
-4.391303e-01
-3.843709e-01
-3.287424e-01
-2.724249e-01
-2.155362e-01
-1.581137e-01
-1.003373e-01
-4.231885e-02
1.570584e-02
7.381744e-02
1.317490e-01
1.894695e-01
2.466313e-01
3.031723e-01
3.591733e-01
4.143858e-01
4.686486e-01
5.217753e-01
5.738590e-01
6.245771e-01
6.739915e-01
7.218912e-01
7.680776e-01
8.126995e-01
8.553536e-01
8.962012e-01
9.350375e-01
9.718003e-01
1.006266e+00
1.038671e+00
1.068711e+00
1.096323e+00
1.121496e+00
1.144149e+00
1.164287e+00
1.181725e+00
1.196679e+00
1.208809e+00
1.218326e+00
1.225136e+00
1.229140e+00
1.230512e+00
1.229004e+00
1.224801e+00
1.217873e+00
1.208288e+00
1.195860e+00
1.180793e+00
1.163107e+00
1.142907e+00
1.120087e+00
1.094784e+00
1.066942e+00
1.036840e+00
1.004292e+00
9.695593e-01
9.327716e-01
8.936622e-01
8.527463e-01
8.098874e-01
7.651971e-01
7.187376e-01
6.707510e-01
6.212311e-01
5.703392e-01
5.181313e-01
4.648307e-01
4.104749e-01
3.550637e-01
2.990069e-01
2.422175e-01
1.849813e-01
1.271242e-01
6.904982e-02
1.091338e-02
-4.730375e-02
-1.054154e-01
-1.632724e-01
-2.207446e-01
-2.776147e-01
-3.340253e-01
-3.896786e-01
-4.444566e-01
-4.982165e-01
-5.508900e-01
-6.023717e-01
-6.523944e-01
-7.010577e-01
-7.481752e-01
-7.935235e-01
-8.371708e-01
-8.789310e-01
-9.187667e-01
-9.564048e-01
-9.921993e-01
-1.025529e+00
-1.056693e+00
-1.085373e+00
-1.111768e+00
-1.135625e+00
-1.156881e+00
-1.175703e+00
-1.191732e+00
-1.205203e+00
-1.215911e+00
-1.223926e+00
-1.229302e+00
-1.231865e+00
-1.231543e+00
-1.228737e+00
-1.222889e+00
-1.214452e+00
-1.203328e+00
-1.189453e+00
-1.172984e+00
-1.153814e+00
-1.132130e+00
-1.107845e+00
-1.081077e+00
-1.051981e+00
-1.020482e+00
-9.867612e-01
-9.508426e-01
-9.126706e-01
-8.725804e-01
-8.304477e-01
-7.864962e-01
-7.407258e-01
-6.934283e-01
-6.444981e-01
-5.940780e-01
-5.425157e-01
-4.894448e-01
-4.354552e-01
-3.805779e-01
-3.246142e-01
-2.680360e-01
-2.109424e-01
-1.532840e-01
-9.525932e-02
-3.702356e-02
2.122461e-02
7.942933e-02
1.374851e-01
1.952676e-01
2.526219e-01
3.093181e-01
3.654866e-01
4.207054e-01
4.750054e-01
5.282749e-01
5.803090e-01
6.311450e-01
6.805532e-01
7.284281e-01
7.746206e-01
8.191929e-01
8.618905e-01
9.026201e-01
9.413446e-01
9.780640e-01
1.012480e+00
1.044724e+00
1.074596e+00
1.102022e+00
1.127089e+00
1.149549e+00
1.169501e+00
1.186809e+00
1.201521e+00
1.213546e+00
1.222734e+00
1.229302e+00
1.233076e+00
1.234162e+00
1.232455e+00
1.228029e+00
1.220741e+00
1.210883e+00
1.198182e+00
1.182892e+00
1.164877e+00
1.144353e+00
1.121149e+00
1.095541e+00
1.067544e+00
1.036983e+00
1.004211e+00
9.691868e-01
9.319956e-01
8.926876e-01
8.513433e-01
8.083106e-01
7.631920e-01
7.166270e-01
6.683300e-01
6.184376e-01
5.672663e-01
5.148411e-01
4.611557e-01
4.065888e-01
3.510472e-01
2.947235e-01
2.376796e-01
1.801516e-01
1.221951e-01
6.390352e-02
5.549810e-03
-5.279769e-02
-1.110086e-01
-1.690209e-01
-2.266607e-01
-2.836611e-01
-3.401462e-01
-3.959051e-01
-4.506893e-01
-5.045237e-01
-5.572965e-01
-6.087782e-01
-6.588009e-01
-7.074890e-01
-7.545817e-01
-7.998928e-01
-8.435153e-01
-8.851575e-01
-9.249559e-01
-9.625506e-01
-9.981650e-01
-1.031408e+00
-1.062398e+00
-1.091053e+00
-1.117126e+00
-1.140883e+00
-1.161990e+00
-1.180502e+00
-1.196437e+00
-1.209716e+00
-1.220114e+00
-1.227936e+00
-1.233095e+00
-1.235342e+00
-1.234889e+00
-1.231654e+00
-1.225651e+00
-1.216942e+00
-1.205488e+00
-1.191372e+00
-1.174530e+00
-1.155112e+00
-1.133179e+00
-1.108503e+00
-1.081487e+00
-1.052130e+00
-1.020370e+00
-9.862335e-01
-9.499984e-01
-9.115532e-01
-8.711650e-01
-8.287096e-01
-7.845159e-01
-7.385096e-01
-6.908148e-01
-6.417480e-01
-5.910486e-01
-5.390517e-01
-4.859188e-01
-4.316747e-01
-3.764683e-01
-3.202936e-01
-2.635601e-01
-2.062307e-01
-1.483922e-01
-9.015027e-02
-3.177794e-02
2.659439e-02
8.496672e-02
1.431901e-01
2.011775e-01
2.585318e-01
3.153521e-01
3.714958e-01
4.268263e-01
4.812629e-01
5.344951e-01
5.866534e-01
6.374273e-01
6.868045e-01
7.346856e-01
7.807850e-01
8.253635e-01
8.680052e-01
9.086728e-01
9.472669e-01
9.838187e-01
1.018285e+00
1.050249e+00
1.080040e+00
1.107336e+00
1.132143e+00
1.154547e+00
1.174232e+00
1.191316e+00
1.205774e+00
1.217556e+00
1.226632e+00
1.232890e+00
1.236478e+00
1.237260e+00
1.235348e+00
1.230580e+00
1.223106e+00
1.212863e+00
1.199895e+00
1.184320e+00
1.166124e+00
1.145142e+00
1.121763e+00
1.095821e+00
1.067382e+00
1.036734e+00
1.003615e+00
9.682867e-01
9.307913e-01
8.911604e-01
8.496858e-01
8.061192e-01
7.609385e-01
7.139390e-01
6.654185e-01
6.153523e-01
5.639762e-01
5.111847e-01
4.574248e-01
4.025413e-01
3.467452e-01
2.902104e-01
2.330424e-01
1.752598e-01
1.170861e-01
5.871376e-02
2.979764e-04
-5.827301e-02
-1.166826e-01
-1.748252e-01
-2.324402e-01
-2.896392e-01
-3.461182e-01
-4.019205e-01
-4.568102e-01
-5.106570e-01
-5.634175e-01
-6.148805e-01
-6.649715e-01
-7.135541e-01
-7.606282e-01
-8.059640e-01
-8.494313e-01
-8.910673e-01
-9.306671e-01
-9.682991e-01
-1.003640e+00
-1.036803e+00
-1.067600e+00
-1.096081e+00
-1.122185e+00
-1.145707e+00
-1.166609e+00
-1.184928e+00
-1.200609e+00
-1.213546e+00
-1.223820e+00
-1.231487e+00
-1.236211e+00
-1.238228e+00
-1.237564e+00
-1.234044e+00
-1.227756e+00
-1.218823e+00
-1.207109e+00
-1.192657e+00
-1.175529e+00
-1.155801e+00
-1.133639e+00
-1.108708e+00
-1.081381e+00
-1.051714e+00
-1.019650e+00
-9.853023e-01
-9.487133e-01
-9.100136e-01
-8.692964e-01
-8.265989e-01
-7.822128e-01
-7.358899e-01
-6.880585e-01
-6.385199e-01
-5.876280e-01
-5.354573e-01
-4.820637e-01
-4.276147e-01
-3.721601e-01
-3.158922e-01
-2.588670e-01
-2.013762e-01
-1.433763e-01
-8.506605e-02
-2.651369e-02
3.202625e-02
9.052274e-02
1.488702e-01
2.068701e-01
2.643795e-01
3.212806e-01
3.774678e-01
4.328293e-01
4.872100e-01
5.405105e-01
5.925819e-01
6.433682e-01
6.928013e-01
7.406017e-01
7.867073e-01
8.311803e-01
8.736357e-01
9.142350e-01
9.527857e-01
9.893312e-01
1.023381e+00
1.055395e+00
1.084926e+00
1.112079e+00
1.136743e+00
1.158787e+00
1.178441e+00
1.195307e+00
1.209523e+00
1.221064e+00
1.229885e+00
1.235956e+00
1.239259e+00
1.239824e+00
1.237508e+00
1.232604e+00
1.224708e+00
1.214359e+00
1.201056e+00
1.185226e+00
1.166621e+00
1.145539e+00
1.121788e+00
1.095572e+00
1.066911e+00
1.035896e+00
1.002473e+00
9.668775e-01
9.291959e-01
8.891925e-01
8.474448e-01
8.037975e-01
7.581761e-01
7.110337e-01
6.622028e-01
6.118759e-01
5.602080e-01
5.073482e-01
4.533338e-01
3.981958e-01
3.421948e-01
2.855234e-01
2.281568e-01
1.703245e-01
1.118963e-01
5.346193e-02
-5.195963e-03
-6.386627e-02
-1.222572e-01
-1.804309e-01
-2.381887e-01
-2.953691e-01
-3.519349e-01
-4.077683e-01
-4.627325e-01
-5.165669e-01
-5.692839e-01
-6.207158e-01
-6.708131e-01
-7.193336e-01
-7.662959e-01
-8.114952e-01
-8.549998e-01
-8.964185e-01
-9.360245e-01
-9.735323e-01
-1.008706e+00
-1.041725e+00
-1.072417e+00
-1.100793e+00
-1.126525e+00
-1.149872e+00
-1.170619e+00
-1.188690e+00
-1.204154e+00
-1.216923e+00
-1.226980e+00
-1.234336e+00
-1.238806e+00
-1.240631e+00
-1.239687e+00
-1.235913e+00
-1.229407e+00
-1.220108e+00
-1.208133e+00
-1.193420e+00
-1.176069e+00
-1.156006e+00
-1.133459e+00
-1.108280e+00
-1.080754e+00
-1.050770e+00
-1.018440e+00
-9.838249e-01
-9.469441e-01
-9.080582e-01
-8.670181e-01
-8.240785e-01
-7.793324e-01
-7.329101e-01
-6.846442e-01
-6.350001e-01
-5.839220e-01
-5.315774e-01
-4.779976e-01
-4.232817e-01
-3.677028e-01
-3.111246e-01
-2.541056e-01
-1.964658e-01
-1.382548e-01
-7.982663e-02
-2.118736e-02
3.744570e-02
9.597943e-02
1.544759e-01
2.125317e-01
2.700535e-01
3.270353e-01
3.832597e-01
4.385902e-01
4.929895e-01
5.462404e-01
5.983117e-01
6.490733e-01
6.984008e-01
7.461142e-01
7.922137e-01
8.365314e-01
8.789124e-01
9.193627e-01
9.577892e-01
9.940616e-01
1.028149e+00
1.059871e+00
1.089377e+00
1.116251e+00
1.140784e+00
1.162642e+00
1.182041e+00
1.198716e+00
1.212770e+00
1.224012e+00
1.232598e+00
1.238427e+00
1.241394e+00
1.241754e+00
1.239228e+00
1.233914e+00
1.225931e+00
1.215154e+00
1.201701e+00
1.185567e+00
1.166652e+00
1.145285e+00
1.121316e+00
1.094778e+00
1.065868e+00
1.034487e+00
1.000878e+00
9.650586e-01
9.270169e-01
8.869329e-01
8.448810e-01
8.008860e-01
7.550473e-01
7.076877e-01
6.586333e-01
6.081574e-01
5.562412e-01
5.031704e-01
4.489387e-01
3.937385e-01
3.376134e-01
2.808241e-01
2.232091e-01
1.652962e-01
1.067500e-01
4.812318e-02
-1.052229e-02
-6.926709e-02
-1.278132e-01
-1.861359e-01
-2.437633e-01
-3.010679e-01
-3.576213e-01
-4.134857e-01
-4.683071e-01
-5.222843e-01
-5.748461e-01
-6.263215e-01
-6.762512e-01
-7.247468e-01
-7.716036e-01
-8.168029e-01
-8.600467e-01
-9.015275e-01
-9.408728e-01
-9.781509e-01
-1.013312e+00
-1.046121e+00
-1.076713e+00
-1.104710e+00
-1.130361e+00
-1.153473e+00
-1.173971e+00
-1.191918e+00
-1.207065e+00
-1.219673e+00
-1.229407e+00
-1.236559e+00
-1.240854e+00
-1.242357e+00
-1.241152e+00
-1.237179e+00
-1.230313e+00
-1.220753e+00
-1.208474e+00
-1.193637e+00
-1.175895e+00
-1.155683e+00
-1.132801e+00
-1.107404e+00
-1.079544e+00
-1.049231e+00
-1.016683e+00
-9.817825e-01
-9.446720e-01
-9.055626e-01
-8.642619e-01
-8.211360e-01
-7.761229e-01
-7.294027e-01
-6.810995e-01
-6.312878e-01
-5.798620e-01
-5.273623e-01
-4.736521e-01
-4.187810e-01
-3.629849e-01
-3.064935e-01
-2.491331e-01
-1.913815e-01
-1.330961e-01
-7.450030e-02
-1.584241e-02
4.297068e-02
1.015479e-01
1.600381e-01
2.181808e-01
2.756778e-01
3.326410e-01
3.888716e-01
4.441214e-01
4.985703e-01
5.518150e-01
6.038367e-01
6.545051e-01
7.036836e-01
7.513040e-01
7.972793e-01
8.414667e-01
8.837048e-01
9.240744e-01
9.624140e-01
9.984754e-01
1.032420e+00
1.063918e+00
1.093207e+00
1.119950e+00
1.144192e+00
1.165882e+00
1.185077e+00
1.201497e+00
1.215266e+00
1.226247e+00
1.234690e+00
1.240159e+00
1.242996e+00
1.243058e+00
1.240296e+00
1.234764e+00
1.226477e+00
1.215415e+00
1.201683e+00
1.185251e+00
1.166106e+00
1.144434e+00
1.120217e+00
1.093375e+00
1.064310e+00
1.032718e+00
9.987113e-01
9.626996e-01
9.243786e-01
8.841145e-01
8.418329e-01
7.975959e-01
7.516764e-01
7.040313e-01
6.547783e-01
6.041285e-01
5.520074e-01
4.987938e-01
4.444380e-01
3.890206e-01
3.327217e-01
2.757709e-01
2.181684e-01
1.599078e-01
1.014796e-01
4.284031e-02
-1.602244e-02
-7.469275e-02
-1.332389e-01
-1.915616e-01
-2.493131e-01
-3.065867e-01
-3.631711e-01
-4.190914e-01
-4.738693e-01
-5.276044e-01
-5.802345e-01
-6.316044e-01
-6.814720e-01
-7.298807e-01
-7.766258e-01
-8.217009e-01
-8.647957e-01
-9.060593e-01
-9.452431e-01
-9.823660e-01
-1.017434e+00
-1.050019e+00
-1.080313e+00
-1.108162e+00
-1.133583e+00
-1.156589e+00
-1.176783e+00
-1.194550e+00
-1.209467e+00
-1.221809e+00
-1.231350e+00
-1.238135e+00
-1.242214e+00
-1.243505e+00
-1.242009e+00
-1.237695e+00
-1.230667e+00
-1.220809e+00
-1.208251e+00
-1.193017e+00
-1.175213e+00
-1.154689e+00
-1.131478e+00
-1.105890e+00
-1.077793e+00
-1.047263e+00
-1.014361e+00
-9.793304e-01
-9.419840e-01
-9.026015e-01
-8.611207e-01
-8.178148e-01
-7.725783e-01
-7.256842e-01
-6.771637e-01
-6.270602e-01
-5.756779e-01
-5.229361e-01
-4.689838e-01
-4.139947e-01
-3.581117e-01
-3.014466e-01
-2.441544e-01
-1.861359e-01
-1.278319e-01
-6.919260e-02
-1.039813e-02
4.837771e-02
1.070915e-01
1.655383e-01
2.236002e-01
2.811593e-01
3.380294e-01
3.942910e-01
4.494912e-01
5.038160e-01
5.569799e-01
6.089085e-01
6.595335e-01
7.086561e-01
7.561523e-01
8.020407e-01
8.460170e-01
8.882490e-01
9.283640e-01
9.664367e-01
1.002380e+00
1.036089e+00
1.067469e+00
1.096485e+00
1.123067e+00
1.147072e+00
1.168564e+00
1.187548e+00
1.203589e+00
1.217221e+00
1.228010e+00
1.236081e+00
1.241407e+00
1.243915e+00
1.243679e+00
1.240643e+00
1.234882e+00
1.226371e+00
1.214968e+00
1.201000e+00
1.184326e+00
1.164957e+00
1.143050e+00
1.118473e+00
1.091550e+00
1.062056e+00
1.030328e+00
9.961723e-01
9.598378e-01
9.213678e-01
8.808554e-01
8.382758e-01
7.938587e-01
7.477034e-01
7.000210e-01
6.504824e-01
5.996899e-01
5.475688e-01
4.941131e-01
4.396641e-01
3.840543e-01
3.276809e-01
2.706122e-01
2.129290e-01
1.547304e-01
9.609117e-02
3.743949e-02
-2.134877e-02
-8.019910e-02
-1.386708e-01
-1.969127e-01
-2.547263e-01
-3.120309e-01
-3.685223e-01
-4.242563e-01
-4.790839e-01
-5.327445e-01
-5.853187e-01
-6.364962e-01
-6.863451e-01
-7.345490e-01
-7.811637e-01
-8.260650e-01
-8.691288e-01
-9.101378e-01
-9.492472e-01
-9.862025e-01
-1.020985e+00
-1.053415e+00
-1.083473e+00
-1.111191e+00
-1.136320e+00
-1.158979e+00
-1.179037e+00
-1.196499e+00
-1.211168e+00
-1.223224e+00
-1.232554e+00
-1.239166e+00
-1.242953e+00
-1.244058e+00
-1.242319e+00
-1.237670e+00
-1.230357e+00
-1.220294e+00
-1.207493e+00
-1.192023e+00
-1.173921e+00
-1.153020e+00
-1.129722e+00
-1.103878e+00
-1.075502e+00
-1.044755e+00
-1.011655e+00
-9.762761e-01
-9.387622e-01
-8.991437e-01
-8.575263e-01
-8.140094e-01
-7.685742e-01
-7.215374e-01
-6.727934e-01
-6.226403e-01
-5.710283e-01
-5.182244e-01
-4.641665e-01
-4.089788e-01
-3.530772e-01
-2.962878e-01
-2.388219e-01
-1.808841e-01
-1.224497e-01
-6.385385e-02
