3,914859e-01
9,630297e-01
1,013498e+00
5,141120e-01
-2,654381e-01
-9,026411e-01
-1,051489e+00
-6,298701e-01
1,347467e-01
8,281685e-01
1,074043e+00
7,377166e-01
1,742233e-04
-7,390556e-01
-1,079018e+00
-8,340545e-01
-1,356289e-01
6,381546e-01
1,067732e+00
9,190238e-01
2,711596e-01
-5,253143e-01
-1,038615e+00
-9,894120e-01
-4,029110e-01
4,038090e-01
9,935038e-01
1,045654e+00
5,304819e-01
-2,738455e-01
-9,313634e-01
-1,085010e+00
-6,499994e-01
1,390183e-01
8,545777e-01
1,108350e+00
7,612969e-01
1,991761e-04
-7,626357e-01
-1,113464e+00
-8,607079e-01
-1,399891e-01
6,584542e-01
1,101691e+00
9,482513e-01
2,798137e-01
-5,419389e-01
-1,071476e+00
-1,020696e+00
-4,156636e-01
4,164739e-01
1,024655e+00
1,078403e+00
5,470825e-01
-2,823381e-01
-9,602729e-01
-1,118617e+00
-6,701331e-01
1,432374e-01
8,807338e-01
1,142187e+00
7,844861e-01
2,539829e-04
-7,856057e-01
-1,146918e+00
-8,864940e-01
-1,442201e-01
6,779069e-01
1,134145e+00
9,760694e-01
2,880188e-01
-5,576029e-01
-1,102354e+00
-1,049976e+00
-4,275683e-01
4,282129e-01
1,053460e+00
1,108562e+00
5,623180e-01
-2,900692e-01
-9,865326e-01
-1,149029e+00
-6,882324e-01
1,470164e-01
9,040748e-01
1,172261e+00
8,050048e-01
3,132456e-04
-8,057393e-01
-1,176088e+00
-9,088745e-01
-1,478702e-01
6,946185e-01
1,161902e+00
9,997623e-01
2,949837e-01
-5,707993e-01
-1,128244e+00
-1,074394e+00
-4,374701e-01
4,378671e-01
1,077066e+00
1,133150e+00
5,746856e-01
-2,962834e-01
-1,007560e+00
-1,173252e+00
-7,026177e-01
1,499420e-01
9,222984e-01
1,195624e+00
8,208596e-01
3,818655e-04
-8,210438e-01
-1,198137e+00
-9,256850e-01
-1,506479e-01
7,069464e-01
1,182249e+00
1,017003e+00
3,000221e-01
-5,802239e-01
-1,146585e+00
-1,091573e+00
-4,443760e-01
4,445101e-01
1,093172e+00
1,149789e+00
5,829824e-01
-3,003796e-01
-1,021317e+00
-1,188932e+00
-7,118239e-01
1,517693e-01
9,336400e-01
1,209980e+00
8,304752e-01
4,675662e-04
-8,300095e-01
-1,210893e+00
-9,352645e-01
-1,521983e-01
7,136931e-01
1,193197e+00
1,026112e+00
3,026542e-01
-5,849278e-01
-1,155602e+00
-1,099814e+00
-4,475908e-01
4,474583e-01
1,100214e+00
1,156837e+00
5,863875e-01
-3,019662e-01
-1,026440e+00
-1,194536e+00
-7,149584e-01
1,523239e-01
9,369815e-01
1,213933e+00
8,329476e-01
5,272744e-04
-8,317892e-01
-1,213118e+00
-9,366969e-01
-1,524330e-01
7,141672e-01
1,193665e+00
1,026198e+00
3,026487e-01
-5,844886e-01
-1,154392e+00
-1,098321e+00
-4,468799e-01
4,464713e-01
1,097492e+00
1,153608e+00
5,845957e-01
-3,008313e-01
-1,022422e+00
-1,189497e+00
-7,117242e-01
1,514891e-01
9,319927e-01
1,207105e+00
8,280065e-01
5,691593e-04
-8,261796e-01
-1,204576e+00
-9,298128e-01
-1,513246e-01
7,083532e-01
1,183611e+00
1,017245e+00
2,999389e-01
-5,789118e-01
-1,143093e+00
-1,087237e+00
-4,422708e-01
4,416003e-01
1,085266e+00
1,140419e+00
5,777484e-01
-2,971214e-01
-1,009664e+00
-1,174311e+00
-7,024509e-01
1,494144e-01
9,191608e-01
1,190148e+00
8,161590e-01
6,294617e-04
-8,137436e-01
-1,186122e+00
-9,153230e-01
-1,489779e-01
6,968173e-01
1,164022e+00
1,000151e+00
2,948664e-01
-5,687544e-01
-1,122782e+00
-1,067647e+00
-4,342310e-01
4,333462e-01
1,064728e+00
1,118559e+00
5,665764e-01
-2,911822e-01
-9,894171e-01
-1,150498e+00
-6,880609e-01
1,462656e-01
8,997363e-01
1,164730e+00
7,985485e-01
6,744657e-04
-7,956743e-01
-1,159550e+00
-8,946358e-01
-1,456035e-01
6,806603e-01
1,136821e+00
9,765585e-01
2,878795e-01
-5,550129e-01
-1,095476e+00
-1,041492e+00
-4,235074e-01
4,224707e-01
1,037903e+00
1,090185e+00
5,521205e-01
-2,836227e-01
-9,636503e-01
-1,120343e+00
-6,699188e-01
1,423264e-01
8,756145e-01
1,133320e+00
7,769120e-01
7,049139e-04
-7,737749e-01
-1,127476e+00
-8,697531e-01
-1,415675e-01
6,614726e-01
1,104646e+00
9,488183e-01
2,796827e-01
-5,390256e-01
-1,063833e+00
-1,011298e+00
-4,112004e-01
4,100701e-01
1,007417e+00
1,058050e+00
5,357984e-01
-2,751720e-01
-9,348926e-01
-1,086836e+00
-6,498317e-01
1,380058e-01
8,491720e-01
1,099037e+00
7,533628e-01
7,184299e-04
-7,501557e-01
-1,093024e+00
-8,431511e-01
-1,372613e-01
6,411483e-01
1,070673e+00
9,196206e-01
2,711010e-01
-5,223574e-01
-1,030951e+00
-9,800341e-01
-3,985144e-01
3,973795e-01
9,762290e-01
1,025315e+00
5,192490e-01
-2,666075e-01
-9,059587e-01
-1,053227e+00
-6,297935e-01
1,337349e-01
8,229856e-01
1,065196e+00
7,302210e-01
7,300151e-04
-7,271432e-01
-1,059567e+00
-8,174136e-01
-1,331032e-01
6,216491e-01
1,038211e+00
8,918386e-01
2,629544e-01
-5,066424e-01
-1,000053e+00
-9,507735e-01
-3,866686e-01
3,855842e-01
9,474023e-01
9,951820e-01
5,040672e-01
-2,588207e-01
-8,796699e-01
-1,022834e+00
-6,117200e-01
1,298940e-01
7,996159e-01
1,035137e+00
7,097565e-01
7,282328e-04
-7,069721e-01
-1,030391e+00
-7,950713e-01
-1,295035e-01
6,048908e-01
1,010451e+00
8,681747e-01
2,560504e-01
-4,933818e-01
-9,741448e-01
-9,263792e-01
-3,768499e-01
3,758571e-01
9,237675e-01
9,706170e-01
4,917661e-01
-2,525359e-01
-8,585890e-01
-9,986099e-01
-5,974015e-01
1,268950e-01
7,813396e-01
1,011775e+00
6,939445e-01
7,279357e-04
-6,916146e-01
-1,008338e+00
-7,783054e-01
-1,268070e-01
5,925030e-01
9,900942e-01
8,509650e-01
2,510622e-01
-4,839246e-01
-9,557829e-01
-9,092293e-01
-3,700155e-01
3,691637e-01
9,076335e-01
9,540014e-01
4,835279e-01
-2,483780e-01
-8,448212e-01
-9,829445e-01
-5,882541e-01
1,250068e-01
7,699478e-01
9,974197e-01
6,843789e-01
7,355107e-04
-6,825777e-01
-9,955679e-01
-7,687585e-01
-1,252996e-01
5,857064e-01
9,791377e-01
8,418892e-01
2,485141e-01
-4,791527e-01
-9,467488e-01
-9,010098e-01
-3,668137e-01
3,661393e-01
9,005611e-01
9,469765e-01
4,801751e-01
-2,467457e-01
-8,396520e-01
-9,773680e-01
-5,851671e-01
1,243831e-01
7,665682e-01
9,934771e-01
6,819607e-01
7,439768e-04
-6,807650e-01
-9,933528e-01
-7,673741e-01
-1,251375e-01
5,851519e-01
9,786506e-01
8,418598e-01
2,486074e-01
-4,795250e-01
-9,479275e-01
-9,025363e-01
-3,675998e-01
3,670678e-01
9,032655e-01
9,502220e-01
4,820317e-01
-2,478080e-01
-8,436273e-01
-9,824137e-01
-5,884451e-01
1,251549e-01
7,715164e-01
1,000319e+00
6,869500e-01
7,573443e-04
-6,863072e-01
-1,001875e+00
-7,742869e-01
-1,263234e-01
5,909164e-01
9,886943e-01
8,508440e-01
2,513652e-01
-4,850339e-01
-9,592210e-01
-9,136526e-01
-3,722759e-01
3,718678e-01
9,154526e-01
9,634324e-01
4,889257e-01
-2,514410e-01
-8,563427e-01
-9,975990e-01
-5,977821e-01
1,271486e-01
7,842975e-01
1,017269e+00
6,988596e-01
7,852675e-04
-6,986956e-01
-1,020333e+00
-7,888405e-01
-1,287585e-01
6,023921e-01
1,008266e+00
8,679947e-01
2,565226e-01
-4,951264e-01
-9,794930e-01
-9,332723e-01
-3,804145e-01
3,800655e-01
9,359547e-01
9,853146e-01
5,002046e-01
-2,572766e-01
-8,765436e-01
-1,021453e+00
-6,122495e-01
1,302475e-01
8,036789e-01
1,042701e+00
7,165337e-01
8,085864e-04
-7,167057e-01
-1,046892e+00
-8,095831e-01
-1,321838e-01
6,184849e-01
1,035455e+00
8,916161e-01
2,635714e-01
-5,087779e-01
-1,006781e+00
-9,594854e-01
-3,911861e-01
3,908378e-01
9,627395e-01
1,013724e+00
5,147208e-01
-2,647812e-01
-9,022619e-01
-1,051613e+00
-6,304497e-01
1,340746e-01
8,277290e-01
1,074096e+00
7,382182e-01
8,571551e-04
-7,385512e-01
-1,078971e+00
-8,345070e-01
-1,363036e-01
6,375961e-01
1,067611e+00
9,193931e-01
2,718518e-01
-5,246992e-01
-1,038396e+00
-9,897098e-01
-4,035812e-01
4,031573e-01
9,932039e-01
1,045872e+00
5,311018e-01
-2,731650e-01
-9,309798e-01
-1,085142e+00
-6,505996e-01
1,383137e-01
8,541329e-01
1,108395e+00
7,618295e-01
9,238442e-04
-7,621058e-01
-1,113416e+00
-8,611566e-01
-1,407156e-01
6,578727e-01
1,101566e+00
9,486497e-01
2,805061e-01
-5,413008e-01
-1,071247e+00
-1,020998e+00
-4,163495e-01
4,157985e-01
1,024347e+00
1,078640e+00
5,477358e-01
-2,816204e-01
-9,598756e-01
-1,118754e+00
-6,707198e-01
1,425249e-01
8,802769e-01
1,142232e+00
7,850393e-01
9,969199e-04
-7,850792e-01
-1,146873e+00
-8,869534e-01
-1,449541e-01
6,773011e-01
1,134015e+00
9,764786e-01
2,887343e-01
-5,569594e-01
-1,102134e+00
-1,050297e+00
-4,282646e-01
4,275077e-01
1,053146e+00
1,108799e+00
5,629673e-01
-2,893522e-01
-9,861197e-01
-1,149177e+00
-6,888451e-01
1,462661e-01
9,035875e-01
1,172311e+00
8,055627e-01
1,068213e-03
-8,051951e-01
-1,176042e+00
-9,093477e-01
-1,486391e-01
6,939938e-01
1,161770e+00
1,000173e+00
2,957130e-01
-5,701331e-01
-1,128000e+00
-1,074727e+00
-4,381661e-01
4,371476e-01
1,076744e+00
1,133390e+00
5,753538e-01
-2,955486e-01
-1,007150e+00
-1,173404e+00
-7,032198e-01
1,491933e-01
9,218068e-01
1,195664e+00
8,214230e-01
1,155102e-03
-8,204826e-01
-1,198087e+00
-9,261787e-01
-1,514139e-01
7,063190e-01
1,182112e+00
1,017425e+00
3,007800e-01
-5,795318e-01
-1,146341e+00
-1,091909e+00
-4,450768e-01
4,437748e-01
1,092858e+00
1,150029e+00
5,836611e-01
-2,996492e-01
-1,020903e+00
-1,189087e+00
-7,124492e-01
1,510207e-01
9,331523e-01
1,210028e+00
8,310711e-01
1,236199e-03
-8,294438e-01
-1,210841e+00
-9,357575e-01
-1,529959e-01
7,130599e-01
1,193053e+00
1,026530e+00
3,034218e-01
-5,842524e-01
-1,155360e+00
-1,100149e+00
-4,483496e-01
4,467578e-01
1,099892e+00
1,157090e+00
5,870804e-01
-3,011878e-01
-1,026028e+00
-1,194676e+00
-7,155963e-01
1,515556e-01
9,364864e-01
1,213988e+00
8,335341e-01
1,312542e-03
-8,312193e-01
-1,213050e+00
-9,371851e-01
-1,532335e-01
7,135492e-01
1,193525e+00
1,026624e+00
3,033918e-01
-5,837960e-01
-1,154141e+00
-1,098661e+00
-4,476307e-01
4,457533e-01
1,097172e+00
1,153856e+00
5,852845e-01
-3,000583e-01
-1,022008e+00
-1,189645e+00
-7,123667e-01
1,507489e-01
9,314980e-01
1,207155e+00
8,285895e-01
1,358437e-03
-8,256223e-01
-1,204518e+00
-9,303152e-01
-1,521112e-01
7,077472e-01
1,183477e+00
1,017673e+00
3,006972e-01
-5,782341e-01
-1,142847e+00
-1,087572e+00
-4,430130e-01
4,409036e-01
1,084946e+00
1,140668e+00
5,784338e-01
-2,963680e-01
-1,009263e+00
-1,174462e+00
-7,030931e-01
1,486694e-01
9,186698e-01
1,190193e+00
8,167219e-01
1,417700e-03
-8,131810e-01
-1,186075e+00
-9,158164e-01
-1,497269e-01
6,962009e-01
1,163893e+00
1,000564e+00
2,955937e-01
-5,681009e-01
-1,122544e+00
-1,067979e+00
-4,349293e-01
4,326380e-01
1,064417e+00
1,118804e+00
5,672375e-01
-2,904517e-01
-9,890243e-01
-1,150642e+00
-6,886516e-01
1,455231e-01
8,992597e-01
1,164778e+00
7,991160e-01
1,422453e-03
-7,951432e-01
-1,159507e+00
-8,951085e-01
-1,463442e-01
6,800656e-01
1,136692e+00
9,769749e-01
2,885966e-01
-5,543681e-01
-1,095244e+00
-1,041807e+00
-4,242041e-01
4,217833e-01
1,037604e+00
1,090408e+00
5,527582e-01
-2,829197e-01
-9,632653e-01
-1,120486e+00
-6,705011e-01
1,416124e-01
8,751574e-01
1,133375e+00
7,774602e-01
1,435820e-03
-7,732472e-01
-1,127426e+00
-8,702171e-01
-1,422846e-01
6,609086e-01
1,104528e+00
9,492156e-01
2,803924e-01
-5,384097e-01
-1,063611e+00
-1,011610e+00
-4,118772e-01
4,094308e-01
1,007117e+00
1,058270e+00
5,364319e-01
-2,744735e-01
-9,345263e-01
-1,086972e+00
-6,504115e-01
1,373134e-01
8,487251e-01
1,099087e+00
7,538969e-01
1,434038e-03
-7,496422e-01
-1,092980e+00
-8,436062e-01
-1,379457e-01
6,405805e-01
1,070552e+00
9,200028e-01
2,717923e-01
-5,217429e-01
-1,030732e+00
-9,803441e-01
-3,991561e-01
3,967342e-01
9,759383e-01
1,025521e+00
5,198629e-01
-2,659257e-01
-9,055984e-01
-1,053357e+00
-6,303380e-01
1,330509e-01
8,225447e-01
1,065248e+00
7,307377e-01
1,427651e-03
-7,266487e-01
-1,059517e+00
-8,178534e-01
-1,337741e-01
6,210942e-01
1,038102e+00
8,922065e-01
2,636240e-01
-5,060440e-01
-9,998448e-01
-9,510714e-01
-3,873050e-01
3,849650e-01
9,471188e-01
9,954013e-01
5,046644e-01
-2,581540e-01
-8,793220e-01
-1,022963e+00
-6,122608e-01
1,292489e-01
7,991827e-01
1,035176e+00
7,102472e-01
1,398243e-03
-7,064901e-01
-1,030350e+00
-7,955004e-01
-1,301328e-01
6,043569e-01
1,010335e+00
8,685396e-01
2,566990e-01
-4,928051e-01
-9,739461e-01
-9,266658e-01
-3,774542e-01
3,752679e-01
9,234968e-01
9,708154e-01
4,923480e-01
-2,518941e-01
-8,582600e-01
-9,987366e-01
-5,979359e-01
1,262662e-01
7,809118e-01
1,011824e+00
6,944382e-01
1,379825e-03
-6,911419e-01
-1,008295e+00
-7,787127e-01
-1,274413e-01
5,919814e-01
9,899822e-01
8,513191e-01
2,517049e-01
-4,833398e-01
-9,555874e-01
-9,095188e-01
-3,706008e-01
3,685681e-01
9,073580e-01
9,541996e-01
4,840942e-01
-2,477466e-01
-8,444817e-01
-9,830743e-01
-5,887770e-01
1,243619e-01
7,695493e-01
9,974708e-01
6,848601e-01
1,377300e-03
-6,821220e-01
-9,955265e-01
-7,691725e-01
-1,259473e-01
5,851938e-01
9,790207e-01
8,422512e-01
2,491294e-01
-4,785737e-01
-9,465550e-01
-9,012927e-01
-3,674188e-01
3,655478e-01
9,002894e-01
9,471683e-01
4,807425e-01
-2,461385e-01
-8,393206e-01
-9,774883e-01
-5,856894e-01
1,237452e-01
7,661578e-01
9,935222e-01
6,824409e-01
1,380568e-03
-6,803062e-01
-9,933112e-01
-7,677834e-01
-1,257893e-01
5,846454e-01
9,785372e-01
8,422059e-01
2,492226e-01
-4,789569e-01
-9,477443e-01
-9,028209e-01
-3,682045e-01
3,664798e-01
9,029904e-01
9,504236e-01
4,826019e-01
-2,471788e-01
-8,432918e-01
-9,825433e-01
-5,889762e-01
1,244858e-01
7,710956e-01
1,000355e+00
6,874308e-01
1,385024e-03
-6,858482e-01
-1,001835e+00
-7,747106e-01
-1,269781e-01
5,903932e-01
9,885797e-01
8,511892e-01
2,519884e-01
-4,844686e-01
-9,590263e-01
-9,139434e-01
-3,728889e-01
3,712705e-01
9,151725e-01
9,636365e-01
4,895089e-01
-2,508065e-01
-8,560018e-01
-9,977306e-01
-5,983115e-01
1,265038e-01
7,838696e-01
1,017319e+00
6,993505e-01
1,434335e-03
-6,982102e-01
-1,020291e+00
-7,892632e-01
-1,294141e-01
6,018616e-01
1,008148e+00
8,683384e-01
2,571856e-01
-4,945305e-01
-9,792885e-01
-9,335670e-01
-3,810248e-01
3,794495e-01
9,356628e-01
9,855341e-01
5,007942e-01
-2,566445e-01
-8,761812e-01
-1,021583e+00
-6,127937e-01
1,295794e-01
8,032412e-01
1,042755e+00
7,170209e-01
1,482309e-03
-7,162074e-01
-1,046848e+00
-8,100200e-01
-1,328626e-01
6,179402e-01
1,035330e+00
8,919720e-01
2,642518e-01
-5,081893e-01
-1,006567e+00
-9,597856e-01
-3,918244e-01
3,902144e-01
9,624430e-01
1,013931e+00
5,153332e-01
-2,641092e-01
-9,018922e-01
-1,051747e+00
-6,310136e-01
1,334035e-01
8,272918e-01
1,074146e+00
7,387290e-01
1,537859e-03
-7,380356e-01
-1,078918e+00
-8,349568e-01
-1,369996e-01
6,370356e-01
1,067485e+00
9,197681e-01
2,725363e-01
-5,240919e-01
-1,038169e+00
-9,900138e-01
-4,042160e-01
4,025091e-01
9,928966e-01
1,046099e+00
5,317354e-01
-2,724895e-01
-9,305966e-01
-1,085283e+00
-6,511757e-01
1,376067e-01
8,536778e-01
1,108446e+00
7,623627e-01
1,633511e-03
-7,615911e-01
-1,113365e+00
-8,616219e-01
-1,414113e-01
6,572897e-01
1,101438e+00
9,490298e-01
2,812168e-01
-5,406685e-01
-1,071026e+00
-1,021319e+00
-4,170182e-01
4,151225e-01
1,024032e+00
1,078857e+00
5,483701e-01
-2,809259e-01
-9,594979e-01
-1,118891e+00
-6,713213e-01
1,417915e-01
8,797976e-01
1,142277e+00
7,855701e-01
1,733619e-03
-7,845340e-01
-1,146817e+00
-8,874260e-01
-1,456968e-01
6,767163e-01
1,133873e+00
9,768767e-01
2,894618e-01
-5,563063e-01
-1,101909e+00
-1,050622e+00
-4,289729e-01
4,268179e-01
1,052821e+00
1,109021e+00
5,636397e-01
-2,886313e-01
-9,857276e-01
-1,149313e+00
-6,894689e-01
1,455069e-01
9,031082e-01
1,172361e+00
8,061140e-01
1,837885e-03
-8,046404e-01
-1,175996e+00
-9,098457e-01
-1,494022e-01
6,933960e-01
1,161618e+00
1,000585e+00
2,964644e-01
-5,694678e-01
-1,127769e+00
-1,075052e+00
-4,388833e-01
4,364461e-01
1,076419e+00
1,133631e+00
5,760381e-01
-2,948070e-01
-1,006745e+00
-1,173542e+00
-7,038562e-01
1,484373e-01
9,213286e-01
1,195724e+00
8,219921e-01
1,927299e-03
-8,199274e-01
-1,198038e+00
-9,266675e-01
-1,521898e-01
7,057063e-01
1,181962e+00
1,017850e+00
3,015224e-01
-5,788393e-01
-1,146114e+00
-1,092236e+00
-4,458049e-01
4,430777e-01
1,092525e+00
1,150276e+00
5,843435e-01
-2,988838e-01
-1,020482e+00
-1,189234e+00
-7,130786e-01
1,502535e-01
9,326500e-01
1,210084e+00
8,316273e-01
2,016565e-03
-8,288884e-01
-1,210792e+00
-9,362587e-01
-1,537663e-01
7,124281e-01
1,192902e+00
1,026951e+00
3,041718e-01
-5,835613e-01
-1,155119e+00
-1,100486e+00
-4,490704e-01
4,460278e-01
1,099553e+00
1,157320e+00
5,877743e-01
-3,004395e-01
-1,025609e+00
-1,194825e+00
-7,162304e-01
1,507705e-01
9,359951e-01
1,214042e+00
8,341085e-01
2,087561e-03
-8,306660e-01
-1,213017e+00
-9,376900e-01
-1,540032e-01
7,129289e-01
1,193384e+00
1,027043e+00
3,041542e-01
-5,831150e-01
-1,153912e+00
-1,098989e+00
-4,483588e-01
4,450244e-01
1,096838e+00
1,154092e+00
5,859743e-01
-2,993068e-01
-1,021602e+00
-1,189791e+00
-7,129998e-01
1,499708e-01
9,310065e-01
1,207202e+00
8,291617e-01
2,135981e-03
-8,250679e-01
-1,204481e+00
-9,308104e-01
-1,528840e-01
7,071161e-01
1,183333e+00
1,018092e+00
3,014440e-01
-5,775366e-01
-1,142618e+00
-1,087903e+00
-4,437322e-01
4,401890e-01
1,084620e+00
1,140910e+00
5,791169e-01
-2,956291e-01
-1,008860e+00
-1,174607e+00
-7,037160e-01
1,479192e-01
9,181674e-01
1,190247e+00
8,172874e-01
2,176975e-03
-8,126401e-01
-1,186033e+00
-9,163052e-01
-1,504902e-01
6,955899e-01
1,163745e+00
1,000975e+00
2,963371e-01
-5,674309e-01
-1,122321e+00
-1,068310e+00
-4,356340e-01
4,319295e-01
1,064101e+00
1,119044e+00
5,679013e-01
-2,897419e-01
-9,886135e-01
-1,150780e+00
-6,892794e-01
1,447708e-01
8,987762e-01
1,164834e+00
7,996563e-01
2,169697e-03
-7,946021e-01
-1,159468e+00
-8,955806e-01
-1,470900e-01
6,794612e-01
1,136550e+00
9,773823e-01
2,893156e-01
-5,537145e-01
-1,095022e+00
-1,042130e+00
-4,248905e-01
4,211056e-01
1,037293e+00
1,090641e+00
5,534054e-01
-2,822194e-01
-9,628797e-01
-1,120624e+00
-6,711215e-01
1,408779e-01
8,746958e-01
1,133433e+00
7,779965e-01
2,167469e-03
-7,727269e-01
-1,127390e+00
-8,706790e-01
-1,430221e-01
6,603154e-01
1,104386e+00
9,496049e-01
2,810927e-01
-5,377741e-01
-1,063391e+00
-1,011918e+00
-4,125486e-01
4,087636e-01
1,006816e+00
1,058491e+00
5,370645e-01
-2,737855e-01
-9,341265e-01
-1,087108e+00
-6,509972e-01
1,366232e-01
8,482847e-01
1,099142e+00
7,544233e-01
2,132565e-03
-7,491351e-01
-1,092953e+00
-8,440468e-01
-1,386403e-01
6,400202e-01
1,070420e+00
9,203863e-01
2,724725e-01
-5,211366e-01
-1,030523e+00
-9,806389e-01
-3,998167e-01
3,961016e-01
9,756481e-01
1,025752e+00
5,204788e-01
-2,652728e-01
-9,052320e-01
-1,053491e+00
-6,309015e-01
1,323919e-01
8,221034e-01
1,065296e+00
7,312510e-01
2,101671e-03
-7,261430e-01
-1,059476e+00
-8,182846e-01
-1,344581e-01
6,205666e-01
1,037965e+00
8,925764e-01
2,642796e-01
-5,054463e-01
-9,996353e-01
-9,513477e-01
-3,879317e-01
3,843432e-01
9,468518e-01
9,956138e-01
5,052611e-01
-2,575100e-01
-8,789580e-01
-1,023086e+00
-6,128075e-01
1,285838e-01
7,987681e-01
1,035227e+00
7,107442e-01
2,069144e-03
-7,059955e-01
-1,030308e+00
-7,959130e-01
-1,308202e-01
6,038385e-01
1,010204e+00
8,688904e-01
2,573387e-01
-4,922251e-01
-9,737454e-01
-9,269466e-01
-3,780716e-01
3,746534e-01
9,232152e-01
9,710309e-01
4,929252e-01
-2,512660e-01
-8,578979e-01
-9,988587e-01
-5,984652e-01
1,256097e-01
7,805097e-01
1,011877e+00
6,949122e-01
2,046716e-03
-6,906698e-01
-1,008257e+00
-7,791274e-01
-1,280956e-01
5,914675e-01
9,898594e-01
8,516729e-01
2,523345e-01
-4,827683e-01
-9,553808e-01
-9,097851e-01
-3,712034e-01
3,679651e-01
9,070935e-01
9,544141e-01
4,846729e-01
-2,471295e-01
-8,441206e-01
-9,831918e-01
-5,892972e-01
1,237216e-01
7,691374e-01
9,975218e-01
6,853262e-01
2,032903e-03
-6,816425e-01
-9,955005e-01
-7,695718e-01
-1,265775e-01
5,846759e-01
9,789103e-01
8,426011e-01
2,497497e-01
-4,780242e-01
-9,463589e-01
-9,015572e-01
-3,680124e-01
3,649392e-01
9,000233e-01
9,473799e-01
4,813001e-01
-2,455076e-01
-8,389771e-01
-9,776168e-01
-5,861993e-01
1,231226e-01
7,657426e-01
9,935674e-01
6,829159e-01
2,009881e-03
-6,798272e-01
-9,932730e-01
-7,681867e-01
-1,264129e-01
5,841217e-01
9,784246e-01
8,425526e-01
2,498418e-01
-4,784078e-01
-9,475385e-01
-9,030840e-01
-3,688005e-01
3,658828e-01
9,027207e-01
9,506288e-01
4,831742e-01
-2,465626e-01
-8,429386e-01
-9,826678e-01
-5,894857e-01
1,238679e-01
7,706935e-01
1,000406e+00
6,879067e-01
2,037210e-03
-6,853721e-01
-1,001800e+00
-7,751084e-01
-1,276111e-01
5,898604e-01
9,884588e-01
8,515498e-01
2,526279e-01
-4,839013e-01
-9,588234e-01
-9,142078e-01
-3,734919e-01
3,706663e-01
9,149062e-01
9,638438e-01
4,900836e-01
-2,501755e-01
-8,556441e-01
-9,978557e-01
-5,988407e-01
1,258764e-01
7,834650e-01
1,017368e+00
6,998345e-01
2,089046e-03
-6,977378e-01
-1,020255e+00
-7,896765e-01
-1,300648e-01
6,013377e-01
1,008022e+00
8,687084e-01
2,578165e-01
-4,939511e-01
-9,790814e-01
-9,338423e-01
-3,816519e-01
3,788245e-01
9,353861e-01
9,857298e-01
5,013753e-01
-2,559942e-01
-8,758306e-01
-1,021712e+00
-6,133434e-01
1,289082e-01
8,028212e-01
1,042784e+00
7,175184e-01
2,160043e-03
-7,157248e-01
-1,046807e+00
-8,104411e-01
-1,335455e-01
6,173899e-01
1,035201e+00
8,923472e-01
2,648954e-01
-5,075956e-01
-1,006358e+00
-9,600722e-01
-3,924694e-01
3,895719e-01
9,621657e-01
1,014145e+00
5,159313e-01
-2,634429e-01
-9,015350e-01
-1,051878e+00
-6,315746e-01
1,327154e-01
8,268569e-01
1,074182e+00
7,392371e-01
2,247674e-03
-7,375482e-01
-1,078892e+00
-8,353914e-01
-1,377110e-01
6,364631e-01
1,067341e+00
9,201500e-01
2,732006e-01
-5,234719e-01
-1,037958e+00
-9,903047e-01
-4,048977e-01
4,018532e-01
9,926021e-01
1,046315e+00
5,323560e-01
-2,717777e-01
-9,302148e-01
-1,085421e+00
-6,517594e-01
1,369097e-01
8,532181e-01
1,108493e+00
7,628741e-01
2,354169e-03
-7,610786e-01
-1,113325e+00
-8,620749e-01
-1,421502e-01
6,567036e-01
1,101297e+00
9,494225e-01
2,819061e-01
-5,400454e-01
-1,070804e+00
-1,021620e+00
-4,177129e-01
4,144399e-01
1,023736e+00
1,079087e+00
5,490066e-01
-2,802316e-01
-9,590977e-01
-1,119043e+00
-6,719053e-01
1,410575e-01
8,793291e-01
1,142329e+00
7,861189e-01
2,464525e-03
-7,840039e-01
-1,146774e+00
-8,879008e-01
-1,464327e-01
6,761134e-01
1,133739e+00
9,772730e-01
2,901750e-01
-5,556646e-01
-1,101660e+00
-1,050934e+00
-4,296707e-01
4,261188e-01
1,052513e+00
1,109257e+00
5,642914e-01
-2,879030e-01
-9,853149e-01
-1,149459e+00
-6,900773e-01
1,447762e-01
9,026305e-01
1,172414e+00
8,066828e-01
2,579040e-03
-8,040813e-01
-1,175958e+00
-9,103151e-01
-1,501507e-01
6,927731e-01
1,161492e+00
1,000997e+00
2,971883e-01
-5,688140e-01
-1,127532e+00
-1,075381e+00
-4,395887e-01
4,357314e-01
1,076103e+00
1,133868e+00
5,767094e-01
-2,940739e-01
-1,006333e+00
-1,173697e+00
-7,044756e-01
1,476746e-01
9,208201e-01
1,195771e+00
8,225608e-01
2,687911e-03
-8,193504e-01
-1,197995e+00
-9,271632e-01
-1,529489e-01
7,050684e-01
1,181833e+00
1,018256e+00
3,022837e-01
-5,781941e-01
-1,145867e+00
-1,092574e+00
-4,465376e-01
4,423508e-01
1,092190e+00
1,150508e+00
5,850369e-01
-2,981168e-01
-1,020071e+00
-1,189387e+00
-7,137117e-01
1,494866e-01
9,321585e-01
1,210132e+00
8,322019e-01
2,806734e-03
-8,283318e-01
-1,210749e+00
-9,367532e-01
-1,545458e-01
7,117872e-01
1,192768e+00
1,027386e+00
3,049287e-01
-5,828674e-01
-1,154869e+00
-1,100823e+00
-4,498031e-01
4,453054e-01
1,099241e+00
1,157568e+00
5,884564e-01
-2,996606e-01
-1,025190e+00
-1,194977e+00
-7,168606e-01
1,500090e-01
9,354867e-01
1,214082e+00
8,346787e-01
2,872235e-03
-8,300973e-01
-1,212972e+00
-9,381828e-01
-1,547781e-01
7,122793e-01
1,193237e+00
1,027473e+00
3,049078e-01
-5,824232e-01
-1,153672e+00
-1,099330e+00
-4,490867e-01
4,443116e-01
1,096515e+00
1,154343e+00
5,866568e-01
-2,985542e-01
-1,021174e+00
-1,189942e+00
-7,136361e-01
1,492068e-01
9,305242e-01
1,207260e+00
8,297405e-01
2,921100e-03
-8,245002e-01
-1,204432e+00
-9,312963e-01
-1,536482e-01
7,064922e-01
1,183199e+00
1,018514e+00
3,022000e-01
-5,768736e-01
-1,142374e+00
-1,088230e+00
-4,444445e-01
4,394706e-01
1,084296e+00
1,141138e+00
5,798028e-01
-2,948645e-01
-1,008439e+00
-1,174750e+00
-7,043351e-01
1,471657e-01
9,176942e-01
1,190301e+00
8,178635e-01
2,930457e-03
-8,120751e-01
-1,185992e+00
-9,167919e-01
-1,512431e-01
6,949778e-01
1,163615e+00
1,001391e+00
2,970660e-01
-5,667735e-01
-1,122086e+00
-1,068632e+00
-4,363469e-01
4,312362e-01
1,063786e+00
1,119277e+00
5,685768e-01
-2,890125e-01
-9,882076e-01
-1,150926e+00
-6,898904e-01
1,440414e-01
8,983147e-01
1,164878e+00
8,002136e-01
2,921843e-03
-7,940681e-01
-1,159420e+00
-8,960599e-01
-1,478201e-01
6,788737e-01
1,136416e+00
9,777799e-01
2,900489e-01
-5,530816e-01
-1,094778e+00
-1,042446e+00
-4,255846e-01
4,204366e-01
1,036987e+00
1,090878e+00
5,540632e-01
-2,814952e-01
-9,624803e-01
-1,120770e+00
-6,717082e-01
1,401700e-01
8,742176e-01
1,133476e+00
7,785377e-01
2,886048e-03
-7,722076e-01
-1,127340e+00
-8,711562e-01
-1,436988e-01
6,597254e-01
1,104266e+00
9,499762e-01
2,817459e-01
-5,371777e-01
-1,063185e+00
-1,012213e+00
-4,131868e-01
4,081416e-01
1,006536e+00
1,058705e+00
5,376619e-01
-2,731292e-01
-9,337814e-01
-1,087234e+00
-6,515454e-01
1,359472e-01
8,478415e-01
1,099183e+00
7,549255e-01
2,799901e-03
-7,486566e-01
-1,092903e+00
-8,444772e-01
-1,393268e-01
6,394867e-01
1,070307e+00
9,207494e-01
2,730949e-01
-5,205684e-01
-1,030323e+00
-9,809297e-01
-4,004270e-01
3,954861e-01
9,753742e-01
1,025955e+00
5,210560e-01
-2,646472e-01
-9,048728e-01
-1,053617e+00
-6,314279e-01
1,317390e-01
8,217021e-01
1,065336e+00
7,317198e-01
2,749253e-03
-7,256851e-01
-1,059446e+00
-8,186910e-01
-1,351005e-01
6,200307e-01
1,037863e+00
8,929330e-01
2,648984e-01
-5,048846e-01
-9,994388e-01
-9,516314e-01
-3,885310e-01
3,837476e-01
9,465807e-01
9,958084e-01
5,058224e-01
-2,569090e-01
-8,786217e-01
-1,023226e+00
-6,133199e-01
1,279590e-01
7,983786e-01
1,035270e+00
7,112094e-01
2,686129e-03
-7,055613e-01
-1,030274e+00
-7,963137e-01
-1,314415e-01
6,033124e-01
1,010103e+00
8,692410e-01
2,579351e-01
-4,916965e-01
-9,735526e-01
-9,272071e-01
-3,786536e-01
3,740704e-01
9,229604e-01
9,712203e-01
4,934679e-01
-2,506767e-01
-8,575704e-01
-9,989876e-01
-5,989640e-01
1,249933e-01
7,801120e-01
1,011913e+00
6,953747e-01
2,647215e-03
-6,902380e-01
-1,008224e+00
-7,795292e-01
-1,286921e-01
5,909613e-01
9,897527e-01
8,520053e-01
2,529283e-01
-4,822382e-01
-9,551904e-01
-9,100553e-01
-3,717693e-01
3,674229e-01
9,068404e-01
9,545975e-01
4,852093e-01
-2,465412e-01
-8,437947e-01
-9,833200e-01
-5,897936e-01
1,231553e-01
7,687309e-01
9,975565e-01
6,857738e-01
2,629688e-03
-6,812186e-01
-9,954623e-01
-7,699729e-01
-1,271735e-01
5,841923e-01
9,787888e-01
8,429215e-01
2,503426e-01
-4,774978e-01
-9,461713e-01
-9,018299e-01
-3,685687e-01
3,644100e-01
8,997761e-01
9,475596e-01
4,818385e-01
-2,449294e-01
-8,386507e-01
-9,777283e-01
-5,866993e-01
1,225559e-01
7,653709e-01
9,936097e-01
6,833510e-01
2,633699e-03
-6,793971e-01
-9,932427e-01
-7,685827e-01
-1,269956e-01
5,836389e-01
9,783104e-01
8,428793e-01
2,504406e-01
-4,778773e-01
-9,473553e-01
-9,033553e-01
-3,693627e-01
3,653346e-01
9,024640e-01
9,508146e-01
4,837016e-01
-2,459754e-01
-8,426121e-01
-9,827804e-01
-5,899938e-01
1,232928e-01
7,703149e-01
1,000438e+00
6,883553e-01
2,650185e-03
-6,849397e-01
-1,001765e+00
-7,755052e-01
-1,282181e-01
5,893677e-01
9,883448e-01
8,518780e-01
2,532199e-01
-4,833630e-01
-9,586328e-01
-9,144741e-01
-3,740614e-01
3,700988e-01
9,146501e-01
9,640326e-01
4,906308e-01
-2,495807e-01
-8,553131e-01
-9,979729e-01
-5,993442e-01
1,252483e-01
7,830779e-01
1,017398e+00
7,002809e-01
2,715092e-03
-6,972871e-01
-1,020207e+00
-7,900741e-01
-1,306871e-01
6,008151e-01
1,007910e+00
8,690430e-01
2,584172e-01
-4,934005e-01
-9,788958e-01
-9,341119e-01
-3,822309e-01
3,782479e-01
9,351307e-01
9,859238e-01
5,019339e-01
-2,553712e-01
-8,754888e-01
-1,021821e+00
-6,138521e-01
1,282805e-01
8,024304e-01
1,042829e+00
7,179844e-01
2,808813e-03
-7,152713e-01
-1,046766e+00
-8,108552e-01
-1,341708e-01
6,168766e-01
1,035089e+00
8,926962e-01
2,655213e-01
-5,070311e-01
-1,006155e+00
-9,603448e-01
-3,930630e-01
3,889920e-01
9,618920e-01
1,014339e+00
5,165104e-01
-2,628101e-01
-9,011935e-01
-1,051989e+00
-6,320903e-01
1,320741e-01
8,264319e-01
1,074226e+00
7,397269e-01
2,894959e-03
-7,370588e-01
-1,078839e+00
-8,358079e-01
-1,383575e-01
6,359372e-01
1,067224e+00
9,205152e-01
2,738412e-01
-5,228769e-01
-1,037753e+00
-9,905909e-01
-4,055027e-01
4,012436e-01
9,923217e-01
1,046516e+00
5,329514e-01
-2,711416e-01
-9,298582e-01
-1,085539e+00
-6,522977e-01
1,362456e-01
8,527853e-01
1,108536e+00
7,633735e-01
3,024921e-03
-7,605791e-01
-1,113272e+00
-8,625181e-01
-1,428064e-01
6,561624e-01
1,101172e+00
9,497929e-01
2,825640e-01
-5,394518e-01
-1,070583e+00
-1,021914e+00
-4,183328e-01
4,138088e-01
1,023441e+00
1,079296e+00
5,496196e-01
-2,795634e-01
-9,587163e-01
-1,119160e+00
-6,724745e-01
1,403851e-01
8,788882e-01
1,142373e+00
7,866186e-01
3,162755e-03
-7,834987e-01
-1,146727e+00
-8,883406e-01
-1,471154e-01
6,755410e-01
1,133605e+00
9,776554e-01
2,908541e-01
-5,550564e-01
-1,101444e+00
-1,051240e+00
-4,303170e-01
4,254648e-01
1,052207e+00
1,109473e+00
5,649286e-01
-2,872180e-01
-9,849367e-01
-1,149594e+00
-6,906585e-01
1,440641e-01
9,021827e-01
1,172456e+00
8,071947e-01
3,302223e-03
-8,035695e-01
-1,175905e+00
-9,107758e-01
-1,508703e-01
6,921944e-01
1,161351e+00
1,001386e+00
2,978946e-01
-5,681841e-01
-1,127313e+00
-1,075684e+00
-4,402639e-01
4,350687e-01
1,075789e+00
1,134093e+00
5,773499e-01
-2,933752e-01
-1,005944e+00
-1,173832e+00
-7,050770e-01
1,469726e-01
9,203774e-01
1,195819e+00
8,230814e-01
3,435750e-03
-8,188176e-01
-1,197947e+00
-9,276220e-01
-1,536665e-01
7,044931e-01
1,181684e+00
1,018651e+00
3,029921e-01
-5,775369e-01
-1,145651e+00
-1,092883e+00
-4,472137e-01
4,416727e-01
1,091889e+00
1,150745e+00
5,856823e-01
-2,974120e-01
-1,019681e+00
-1,189512e+00
-7,143081e-01
1,487551e-01
9,316963e-01
1,210185e+00
8,327454e-01
3,534818e-03
-8,277809e-01
-1,210706e+00
-9,372237e-01
-1,552612e-01
7,112038e-01
1,192627e+00
1,027781e+00
3,056579e-01
-5,822201e-01
-1,154653e+00
-1,101138e+00
-4,504866e-01
4,446186e-01
1,098914e+00
1,157800e+00
5,891163e-01
-2,989588e-01
-1,024789e+00
-1,195113e+00
-7,174624e-01
1,492800e-01
9,350157e-01
1,214139e+00
8,352218e-01
3,611755e-03
-8,295469e-01
-1,212920e+00
-9,386603e-01
-1,555029e-01
7,116945e-01
1,193102e+00
1,027864e+00
3,056201e-01
-5,817787e-01
-1,153449e+00
-1,099637e+00
-4,497674e-01
4,436225e-01
1,096195e+00
1,154562e+00
5,873148e-01
-2,978459e-01
-1,020781e+00
-1,190074e+00
-7,142262e-01
1,484742e-01
9,300525e-01
1,207301e+00
8,302625e-01
3,652601e-03
-8,239463e-01
-1,204387e+00
-9,317730e-01
-1,543476e-01
7,059044e-01
1,183055e+00
1,018891e+00
3,029134e-01
-5,762539e-01
-1,142139e+00
-1,088542e+00
-4,451130e-01
4,387970e-01
1,083988e+00
1,141375e+00
5,804458e-01
-2,941946e-01
-1,008053e+00
-1,174896e+00
-7,049188e-01
1,464225e-01
9,172474e-01
1,190352e+00
8,183859e-01
3,660621e-03
-8,115607e-01
-1,185942e+00
-9,172428e-01
-1,519698e-01
6,943943e-01
1,163485e+00
1,001776e+00
2,977793e-01
-5,661506e-01
-1,121865e+00
-1,068944e+00
-4,370128e-01
4,305711e-01
1,063478e+00
1,119503e+00
5,691948e-01
-2,883098e-01
-9,878229e-01
-1,151066e+00
-6,904550e-01
1,433231e-01
8,978610e-01
1,164924e+00
8,007326e-01
3,632252e-03
-7,935529e-01
-1,159376e+00
-8,965126e-01
-1,485384e-01
6,782984e-01
1,136295e+00
9,781621e-01
2,907214e-01
-5,524752e-01
-1,094584e+00
-1,042743e+00
-4,262318e-01
4,197783e-01
1,036684e+00
1,091099e+00
5,546747e-01
-2,808360e-01
-9,621169e-01
-1,120901e+00
-6,722661e-01
1,394671e-01
8,738021e-01
1,133527e+00
7,790384e-01
3,573881e-03
-7,716957e-01
-1,127291e+00
-8,715938e-01
-1,444156e-01
6,591774e-01
1,104132e+00
9,503695e-01
2,824560e-01
-5,365619e-01
-1,062971e+00
-1,012509e+00
-4,138556e-01
4,074689e-01
1,006222e+00
1,058935e+00
5,382959e-01
-2,724488e-01
-9,333942e-01
-1,087371e+00
-6,521207e-01
1,352448e-01
8,474176e-01
1,099236e+00
7,554311e-01
3,514618e-03
-7,481390e-01
-1,092859e+00
-8,449326e-01
-1,400190e-01
6,389228e-01
1,070174e+00
9,211231e-01
2,737895e-01
-5,199557e-01
-1,030113e+00
-9,812165e-01
-4,010831e-01
3,948474e-01
9,750771e-01
1,026181e+00
5,216709e-01
-2,639813e-01
-9,045032e-01
-1,053750e+00
-6,319914e-01
1,310540e-01
8,212739e-01
1,065393e+00
7,322218e-01
3,433967e-03
-7,251805e-01
-1,059405e+00
-8,191379e-01
-1,357665e-01
6,194867e-01
1,037736e+00
8,932920e-01
2,655644e-01
-5,043001e-01
-9,992346e-01
-9,519102e-01
-3,891495e-01
3,831263e-01
9,462869e-01
9,960257e-01
5,064235e-01
-2,562675e-01
-8,782569e-01
-1,023342e+00
-6,138575e-01
1,272864e-01
7,979416e-01
1,035317e+00
7,116966e-01
3,351386e-03
-7,050669e-01
-1,030227e+00
-7,967427e-01
-1,320912e-01
6,027716e-01
1,009986e+00
8,695943e-01
2,585853e-01
-4,911108e-01
-9,733631e-01
-9,274926e-01
-3,792710e-01
3,734821e-01
9,226842e-01
9,714288e-01
4,940474e-01
-2,500314e-01
-8,572288e-01
-9,991100e-01
-5,994859e-01
1,243606e-01
7,796966e-01
1,011958e+00
6,958464e-01
3,303560e-03
-6,897562e-01
-1,008183e+00
-7,799422e-01
-1,293444e-01
5,904438e-01
9,896299e-01
8,523514e-01
2,535530e-01
-4,816742e-01
-9,550006e-01
-9,103274e-01
-3,723771e-01
3,668016e-01
9,065531e-01
9,547952e-01
4,857797e-01
-2,459108e-01
-8,434647e-01
-9,834363e-01
-5,903174e-01
1,224976e-01
7,683334e-01
9,975965e-01
6,862493e-01
3,277270e-03
-6,807479e-01
-9,954186e-01
-7,703758e-01
-1,278088e-01
5,836654e-01
9,786737e-01
8,432625e-01
2,509626e-01
-4,769200e-01
-9,459771e-01
-9,021047e-01
-3,691634e-01
3,637957e-01
8,994966e-01
9,477612e-01
4,824201e-01
-2,442995e-01
-8,383076e-01
-9,778432e-01
-5,872203e-01
1,218931e-01
7,649489e-01
9,936396e-01
6,838225e-01
3,271181e-03
-6,789343e-01
-9,931956e-01
-7,689959e-01
-1,276364e-01
5,831105e-01
9,781873e-01
8,432223e-01
2,510661e-01
-4,772885e-01
-9,471602e-01
-9,036234e-01
-3,699555e-01
3,647228e-01
9,021937e-01
9,510128e-01
4,842745e-01
-2,453494e-01
-8,422763e-01
-9,829034e-01
-5,905118e-01
1,226298e-01
7,698815e-01
1,000479e+00
6,888221e-01
3,306382e-03
-6,844709e-01
-1,001717e+00
-7,759274e-01
-1,288522e-01
5,888491e-01
9,882198e-01
8,522299e-01
2,538746e-01
-4,827903e-01
-9,584301e-01
-9,147445e-01
-3,746802e-01
3,694955e-01
9,143662e-01
9,642324e-01
4,912185e-01
-2,489401e-01
-8,549596e-01
-9,980892e-01
-5,998733e-01
1,245967e-01
7,826567e-01
1,017449e+00
7,007658e-01
3,390152e-03
-6,968218e-01
-1,020169e+00
-7,904908e-01
-1,313359e-01
6,002905e-01
1,007781e+00
8,693999e-01
2,590814e-01
-4,928291e-01
-9,786911e-01
-9,343931e-01
-3,828499e-01
3,776341e-01
9,348341e-01
9,861281e-01
5,025274e-01
-2,547248e-01
-8,751255e-01
-1,021947e+00
-6,143920e-01
1,276202e-01
8,019934e-01
1,042872e+00
7,184735e-01
3,494715e-03
-7,147750e-01
-1,046725e+00
-8,112905e-01
-1,348413e-01
6,163265e-01
1,034959e+00
8,930638e-01
2,662021e-01
-5,064353e-01
-1,005948e+00
-9,606344e-01
-3,937020e-01
3,883467e-01
9,615914e-01
1,014567e+00
5,171172e-01
-2,621463e-01
-9,008152e-01
-1,052123e+00
-6,326497e-01
1,314003e-01
8,260091e-01
1,074280e+00
7,402287e-01
3,593041e-03
-7,365612e-01
-1,078797e+00
-8,362590e-01
-1,390537e-01
6,353759e-01
1,067095e+00
9,208837e-01
2,745307e-01
-5,222799e-01
-1,037530e+00
-9,908864e-01
-4,061598e-01
4,005842e-01
9,920218e-01
1,046739e+00
5,335683e-01
-2,704650e-01
-9,294801e-01
-1,085670e+00
-6,528692e-01
1,355331e-01
8,523245e-01
1,108584e+00
7,638988e-01
3,745134e-03
-7,600543e-01
-1,113234e+00
-8,629631e-01
-1,435388e-01
6,555751e-01
1,101043e+00
9,501783e-01
2,832714e-01
-5,388063e-01
-1,070361e+00
-1,022222e+00
-4,190144e-01
4,131289e-01
1,023130e+00
1,079526e+00
5,502637e-01
-2,788579e-01
-9,583336e-01
-1,119307e+00
-6,730640e-01
1,396419e-01
8,784262e-01
1,142426e+00
7,871565e-01
3,901831e-03
-7,829642e-01
-1,146682e+00
-8,888143e-01
-1,478651e-01
6,749326e-01
1,133472e+00
9,780547e-01
2,915729e-01
-5,543953e-01
-1,101213e+00
-1,051553e+00
-4,310124e-01
4,247712e-01
1,051889e+00
1,109703e+00
5,655798e-01
-2,864998e-01
-9,845251e-01
-1,149731e+00
-6,912634e-01
1,433197e-01
9,016978e-01
1,172514e+00
8,077514e-01
4,055260e-03
-8,030226e-01
-1,175855e+00
-9,112606e-01
-1,516229e-01
6,915731e-01
1,161206e+00
1,001788e+00
2,986280e-01
-5,675065e-01
-1,127082e+00
-1,076013e+00
-4,409765e-01
4,343629e-01
1,075458e+00
1,134332e+00
5,780203e-01
-2,926290e-01
-1,005534e+00
-1,173977e+00
-7,056944e-01
1,462029e-01
9,198721e-01
1,195867e+00
8,236515e-01
4,207056e-03
-8,182675e-01
-1,197897e+00
-9,281207e-01
-1,544418e-01
7,038763e-01
1,181537e+00
1,019072e+00
3,037335e-01
-5,768577e-01
-1,145406e+00
-1,093212e+00
-4,479422e-01
4,409489e-01
1,091561e+00
1,150981e+00
5,863785e-01
-2,966510e-01
-1,019274e+00
-1,189667e+00
-7,149351e-01
1,479869e-01
9,311982e-01
1,210226e+00
8,333140e-01
4,327512e-03
-8,272157e-01
-1,210659e+00
-9,377219e-01
-1,560431e-01
7,105756e-01
1,192482e+00
1,028197e+00
3,064070e-01
-5,815526e-01
-1,154409e+00
-1,101470e+00
-4,512171e-01
4,438911e-01
1,098579e+00
1,158037e+00
5,897967e-01
-2,981884e-01
-1,024366e+00
-1,195270e+00
-7,180929e-01
1,485123e-01
9,345287e-01
1,214190e+00
8,357941e-01
4,401330e-03
-8,289845e-01
-1,212875e+00
-9,391538e-01
-1,562951e-01
7,110631e-01
1,192955e+00
1,028285e+00
3,063797e-01
-5,811045e-01
-1,153200e+00
-1,099976e+00
-4,504957e-01
4,429161e-01
1,095863e+00
1,154807e+00
5,880014e-01
-2,970881e-01
-1,020359e+00
-1,190234e+00
-7,148590e-01
1,477107e-01
9,295500e-01
1,207358e+00
8,308389e-01
4,412173e-03
-8,234089e-01
-1,204339e+00
-9,322581e-01
-1,551310e-01
7,052718e-01
1,182907e+00
1,019315e+00
3,036585e-01
-5,755571e-01
-1,141916e+00
-1,088880e+00
-4,458451e-01
4,380787e-01
1,083657e+00
1,141603e+00
5,811180e-01
-2,934330e-01
-1,007652e+00
-1,175044e+00
-7,055532e-01
1,456709e-01
9,167580e-01
1,190387e+00
8,189540e-01
4,431779e-03
-8,110036e-01
-1,185901e+00
-9,177403e-01
-1,527256e-01
6,937799e-01
1,163335e+00
1,002187e+00
2,985134e-01
-5,654581e-01
-1,121629e+00
-1,069270e+00
-4,377276e-01
4,298693e-01
1,063168e+00
1,119724e+00
5,698694e-01
-2,875735e-01
-9,874406e-01
-1,151206e+00
-6,910837e-01
1,425864e-01
8,973643e-01
1,164968e+00
8,012768e-01
4,390636e-03
-7,930066e-01
-1,159347e+00
-8,969832e-01
-1,492732e-01
6,776923e-01
1,136150e+00
9,785687e-01
2,914418e-01
-5,518117e-01
-1,094351e+00
-1,043059e+00
-4,269379e-01
4,190906e-01
1,036379e+00
1,091316e+00
5,553259e-01
-2,800974e-01
-9,617194e-01
-1,121042e+00
-6,728678e-01
1,387767e-01
8,733285e-01
1,133569e+00
7,795749e-01
4,316372e-03
-7,711711e-01
-1,127261e+00
-8,720465e-01
-1,451260e-01
6,586094e-01
1,104003e+00
9,507613e-01
2,831770e-01
-5,359317e-01
-1,062751e+00
-1,012816e+00
-4,145281e-01
4,068017e-01
1,005923e+00
1,059152e+00
5,389303e-01
-2,717508e-01
-9,330248e-01
-1,087516e+00
-6,527068e-01
1,345635e-01
8,469478e-01
1,099266e+00
7,559569e-01
4,225919e-03
-7,476326e-01
-1,092823e+00
-8,453733e-01
-1,407174e-01
6,383392e-01
1,070048e+00
9,215053e-01
2,744582e-01
-5,193605e-01
-1,029888e+00
-9,815223e-01
-4,017290e-01
3,941938e-01
9,747885e-01
1,026389e+00
5,222745e-01
-2,633094e-01
-9,041409e-01
-1,053890e+00
-6,325511e-01
1,303730e-01
8,208311e-01
1,065428e+00
7,327292e-01
4,125068e-03
-7,246947e-01
-1,059367e+00
-8,195560e-01
-1,364512e-01
6,189331e-01
1,037610e+00
8,936594e-01
2,662131e-01
-5,037155e-01
-9,990215e-01
-9,522154e-01
-3,897881e-01
3,824932e-01
9,460102e-01
9,962311e-01
5,070069e-01
-2,556194e-01
-8,779009e-01
-1,023477e+00
-6,143920e-01
1,266351e-01
7,975083e-01
1,035349e+00
7,121971e-01
4,025406e-03
-7,045760e-01
-1,030203e+00
-7,971635e-01
-1,327375e-01
6,022417e-01
1,009864e+00
8,699569e-01
2,592255e-01
-4,905365e-01
-9,731433e-01
-9,277855e-01
-3,798843e-01
3,728596e-01
9,224079e-01
9,716292e-01
4,946287e-01
-2,493940e-01
-8,568675e-01
-9,992368e-01
-6,000234e-01
1,237179e-01
7,792886e-01
1,011994e+00
6,963319e-01
3,966440e-03
-6,892812e-01
-1,008140e+00
-7,803471e-01
-1,299831e-01
5,899115e-01
9,895185e-01
8,527131e-01
2,541809e-01
-4,811110e-01
-9,547921e-01
-9,105984e-01
-3,729765e-01
3,662182e-01
9,062960e-01
9,549892e-01
4,863459e-01
-2,452805e-01
-8,431127e-01
-9,835533e-01
-5,908410e-01
1,218629e-01
7,679318e-01
9,976324e-01
6,867255e-01
3,926932e-03
-6,802779e-01
-9,953827e-01
-7,707825e-01
-1,284507e-01
5,831578e-01
9,785649e-01
8,436144e-01
2,515856e-01
-4,763642e-01
-9,457725e-01
-9,023706e-01
-3,697707e-01
3,632096e-01
8,992230e-01
9,479602e-01
4,829774e-01
-2,436820e-01
-8,379678e-01
-9,779707e-01
-5,877344e-01
1,212559e-01
7,645555e-01
9,936770e-01
6,842969e-01
3,915495e-03
-6,784663e-01
-9,931571e-01
-7,693994e-01
-1,282823e-01
5,825862e-01
9,780716e-01
8,435667e-01
2,516804e-01
-4,767410e-01
-9,469484e-01
-9,039041e-01
-3,705628e-01
3,641278e-01
9,019142e-01
9,512097e-01
4,848455e-01
-2,447167e-01
-8,419062e-01
-9,830210e-01
-5,910309e-01
1,220109e-01
7,694747e-01
1,000524e+00
6,892999e-01
3,965104e-03
-6,840083e-01
-1,001683e+00
-7,763288e-01
-1,294900e-01
5,883130e-01
9,880996e-01
8,525833e-01
2,544791e-01
-4,822321e-01
-9,582116e-01
-9,150234e-01
-3,752781e-01
3,688974e-01
9,140890e-01
9,644376e-01
4,917694e-01
-2,483269e-01
-8,546078e-01
-9,982156e-01
-6,004020e-01
1,239570e-01
7,822352e-01
1,017485e+00
7,012586e-01
4,021099e-03
-6,963461e-01
-1,020115e+00
-7,909086e-01
-1,319777e-01
5,997636e-01
1,007657e+00
8,697570e-01
2,596985e-01
-4,922490e-01
-9,784691e-01
-9,346735e-01
-3,834647e-01
3,770215e-01
9,345559e-01
9,863440e-01
5,031082e-01
-2,540956e-01
-8,747699e-01
-1,022079e+00
-6,149235e-01
1,269537e-01
8,015672e-01
1,042913e+00
7,189690e-01
4,136653e-03
-7,142838e-01
-1,046673e+00
-8,117109e-01
-1,355109e-01
6,157638e-01
1,034833e+00
8,934313e-01
2,668411e-01
-5,058461e-01
-1,005726e+00
-9,609138e-01
-3,943464e-01
3,877173e-01
9,613113e-01
1,014776e+00
5,177171e-01
-2,614904e-01
-9,004366e-01
-1,052257e+00
-6,332122e-01
1,307287e-01
8,255578e-01
1,074307e+00
7,407322e-01
4,304193e-03
-7,360535e-01
-1,078751e+00
-8,366918e-01
-1,397395e-01
6,348127e-01
1,066964e+00
9,212619e-01
2,752035e-01
-5,216455e-01
-1,037313e+00
-9,911869e-01
-4,068271e-01
3,999213e-01
9,917339e-01
1,046954e+00
5,341856e-01
-2,697517e-01
-9,291056e-01
-1,085804e+00
-6,534402e-01
1,348348e-01
8,518807e-01
1,108613e+00
7,644219e-01
4,476188e-03
-7,595224e-01
-1,113187e+00
-8,634173e-01
-1,442422e-01
6,549835e-01
1,100902e+00
9,505725e-01
2,839789e-01
-5,381550e-01
-1,070132e+00
-1,022525e+00
-4,196969e-01
4,124608e-01
1,022821e+00
1,079741e+00
5,509122e-01
-2,781220e-01
-9,579419e-01
-1,119430e+00
-6,736559e-01
1,389401e-01
8,779526e-01
1,142454e+00
7,876988e-01
4,653531e-03
-7,824186e-01
-1,146635e+00
-8,892793e-01
-1,485807e-01
6,743375e-01
1,133317e+00
9,784518e-01
2,923059e-01
-5,537228e-01
-1,100990e+00
-1,051863e+00
-4,317103e-01
4,240813e-01
1,051564e+00
1,109935e+00
5,662501e-01
-2,857414e-01
-9,841146e-01
-1,149876e+00
-6,918754e-01
1,425885e-01
9,012125e-01
1,172545e+00
8,082986e-01
4,829091e-03
-8,024505e-01
-1,175798e+00
-9,117394e-01
-1,523643e-01
6,909597e-01
1,161064e+00
1,002196e+00
2,993889e-01
-5,668375e-01
-1,126832e+00
-1,076334e+00
-4,416859e-01
4,336432e-01
1,075141e+00
1,134568e+00
5,787034e-01
-2,918798e-01
-1,005122e+00
-1,174128e+00
-7,063124e-01
1,454303e-01
9,193885e-01
1,195916e+00
8,242184e-01
4,972569e-03
-8,177029e-01
-1,197845e+00
-9,285996e-01
-1,552106e-01
7,032220e-01
1,181398e+00
1,019484e+00
3,044921e-01
-5,761955e-01
-1,145161e+00
-1,093541e+00
-4,486655e-01
4,402278e-01
1,091224e+00
1,151219e+00
5,870404e-01
-2,959233e-01
-1,018827e+00
-1,189811e+00
-7,155687e-01
1,472276e-01
9,306910e-01
1,210281e+00
8,338791e-01
5,096590e-03
-8,266434e-01
-1,210607e+00
-9,382209e-01
-1,568084e-01
7,099387e-01
1,192333e+00
1,028612e+00
3,071730e-01
-5,808651e-01
-1,154164e+00
-1,101804e+00
-4,519480e-01
4,431731e-01
1,098253e+00
1,158280e+00
5,904875e-01
-2,974266e-01
-1,023957e+00
-1,195411e+00
-7,187315e-01
1,477286e-01
9,340194e-01
1,214242e+00
8,363652e-01
5,175458e-03
-8,284099e-01
-1,212834e+00
-9,396526e-01
-1,570557e-01
7,104363e-01
1,192811e+00
1,028704e+00
3,071391e-01
-5,804201e-01
-1,152959e+00
-1,100312e+00
-4,512177e-01
4,421872e-01
1,095528e+00
1,155050e+00
5,886766e-01
-2,963244e-01
-1,019956e+00
-1,190378e+00
-7,154885e-01
1,469456e-01
9,290582e-01
1,207403e+00
8,314093e-01
5,193579e-03
-8,228420e-01
-1,204281e+00
-9,327648e-01
-1,559066e-01
7,046461e-01
1,182769e+00
1,019735e+00
3,044132e-01
-5,748904e-01
-1,141665e+00
-1,089209e+00
-4,465573e-01
4,373459e-01
1,083337e+00
1,141857e+00
5,818016e-01
-2,926914e-01
-1,007223e+00
-1,175180e+00
-7,061632e-01
1,449060e-01
9,162528e-01
1,190450e+00
8,195089e-01
5,195510e-03
-8,104456e-01
-1,185854e+00
-9,182227e-01
-1,534814e-01
6,931545e-01
1,163195e+00
1,002598e+00
2,992475e-01
-5,648195e-01
-1,121401e+00
-1,069595e+00
-4,384196e-01
4,291641e-01
1,062831e+00
1,119974e+00
5,705228e-01
-2,868682e-01
-9,870341e-01
-1,151350e+00
-6,916836e-01
1,418508e-01
8,968942e-01
1,165021e+00
8,018260e-01
5,140554e-03
-7,924581e-01
-1,159292e+00
-8,974534e-01
-1,500158e-01
6,770948e-01
1,136014e+00
9,789638e-01
2,921669e-01
-5,511742e-01
-1,094116e+00
-1,043375e+00
-4,276136e-01
4,184086e-01
1,036060e+00
1,091551e+00
5,559675e-01
-2,794121e-01
-9,613248e-01
-1,121180e+00
-6,734625e-01
1,380480e-01
8,728645e-01
1,133627e+00
7,801135e-01
5,044605e-03
-7,706365e-01
-1,127210e+00
-8,725142e-01
-1,458490e-01
6,580217e-01
1,103853e+00
9,511435e-01
2,838611e-01
-5,352836e-01
-1,062526e+00
-1,013133e+00
-4,151944e-01
4,061526e-01
1,005622e+00
1,059379e+00
5,395590e-01
-2,710367e-01
-9,326363e-01
-1,087642e+00
-6,532778e-01
1,338551e-01
8,464997e-01
1,099317e+00
7,564653e-01
4,933952e-03
-7,471059e-01
-1,092776e+00
-8,458245e-01
-1,414049e-01
6,377899e-01
1,069918e+00
9,218827e-01
2,751484e-01
-5,187262e-01
-1,029678e+00
-9,818191e-01
-4,023720e-01
3,935591e-01
9,745020e-01
1,026610e+00
5,228903e-01
-2,626274e-01
-9,037816e-01
-1,054004e+00
-6,331162e-01
1,296911e-01
8,203877e-01
1,065468e+00
7,332314e-01
4,817654e-03
-7,241697e-01
-1,059329e+00
-8,200088e-01
-1,371209e-01
6,183910e-01
1,037474e+00
8,940235e-01
2,668874e-01
-5,031101e-01
-9,988158e-01
-9,524992e-01
-3,904097e-01
3,818728e-01
9,457235e-01
9,964427e-01
5,076025e-01
-2,549391e-01
-8,775391e-01
-1,023588e+00
-6,149450e-01
1,259806e-01
7,971011e-01
1,035398e+00
7,126693e-01
4,717101e-03
-7,040814e-01
-1,030143e+00
-7,975975e-01
-1,334034e-01
6,017054e-01
1,009727e+00
8,703098e-01
2,598793e-01
-4,899720e-01
-9,729391e-01
-9,280622e-01
-3,804961e-01
3,722446e-01
9,221248e-01
9,718356e-01
4,952117e-01
-2,487667e-01
-8,565185e-01
-9,993586e-01
-6,005507e-01
1,230599e-01
7,788742e-01
1,012038e+00
6,968050e-01
4,605111e-03
-6,888047e-01
-1,008107e+00
-7,807609e-01
-1,306350e-01
5,893905e-01
9,893943e-01
8,530499e-01
2,548160e-01
-4,805567e-01
-9,545948e-01
-9,108760e-01
-3,735806e-01
3,655999e-01
9,060098e-01
9,551977e-01
4,869107e-01
-2,446800e-01
-8,427651e-01
-9,836861e-01
-5,913580e-01
1,212133e-01
7,675101e-01
9,976763e-01
6,871874e-01
4,549710e-03
-6,798189e-01
-9,953438e-01
-7,711966e-01
-1,290910e-01
5,826194e-01
9,784377e-01
8,439594e-01
2,522046e-01
-4,758207e-01
-9,455756e-01
-9,026513e-01
-3,703694e-01
3,625944e-01
8,989455e-01
9,481606e-01
4,835295e-01
-2,430751e-01
-8,376171e-01
-9,780899e-01
-5,882535e-01
1,206157e-01
7,641253e-01
9,937211e-01
6,847536e-01
4,535897e-03
-6,780127e-01
-9,931193e-01
-7,697970e-01
-1,289161e-01
5,820720e-01
9,779482e-01
8,439168e-01
2,523118e-01
-4,762047e-01
-9,467546e-01
-9,041697e-01
-3,711600e-01
3,635345e-01
9,016235e-01
9,514119e-01
4,853995e-01
-2,441034e-01
-8,415779e-01
-9,831428e-01
-5,915523e-01
1,213569e-01
7,690732e-01
1,000556e+00
6,897655e-01
4,596496e-03
-6,835165e-01
-1,001637e+00
-7,767431e-01
-1,301396e-01
5,877862e-01
9,879760e-01
8,529210e-01
2,551263e-01
-4,816551e-01
-9,580205e-01
-9,152918e-01
-3,758902e-01
3,682985e-01
9,138077e-01
9,646372e-01
4,923527e-01
-2,476779e-01
-8,542549e-01
-9,983348e-01
-6,009335e-01
1,233027e-01
7,818221e-01
1,017516e+00
7,017298e-01
4,676850e-03
-6,958573e-01
-1,020082e+00
-7,913315e-01
-1,326458e-01
5,992153e-01
1,007525e+00
8,701008e-01
2,603467e-01
-4,916758e-01
-9,782650e-01
-9,349544e-01
-3,840904e-01
3,763860e-01
9,342622e-01
9,865439e-01
5,036892e-01
-2,534605e-01
-8,744135e-01
-1,022202e+00
-6,154699e-01
1,262833e-01
8,011140e-01
1,042948e+00
7,194535e-01
4,814090e-03
-7,137834e-01
-1,046639e+00
-8,121450e-01
-1,361920e-01
6,152172e-01
1,034690e+00
8,937839e-01
2,675096e-01
-5,052528e-01
-1,005519e+00
-9,612095e-01
-3,949793e-01
3,870848e-01
9,610035e-01
1,014980e+00
5,183137e-01
-2,608186e-01
-9,000745e-01
-1,052373e+00
-6,337654e-01
1,300315e-01
8,251182e-01
1,074349e+00
7,412450e-01
5,013563e-03
-7,355417e-01
-1,078698e+00
-8,371473e-01
-1,404224e-01
6,342303e-01
1,066829e+00
9,216363e-01
2,758989e-01
-5,210563e-01
-1,037095e+00
-9,914791e-01
-4,074704e-01
3,992721e-01
9,914061e-01
1,047178e+00
5,348060e-01
-2,690880e-01
-9,287120e-01
-1,085935e+00
-6,540120e-01
1,341206e-01
8,514118e-01
1,108654e+00
7,649336e-01
5,180657e-03
-7,590136e-01
-1,113145e+00
-8,638738e-01
-1,449506e-01
6,543974e-01
1,100761e+00
9,509539e-01
2,846786e-01
-5,375384e-01
-1,069905e+00
-1,022834e+00
-4,203656e-01
4,117753e-01
1,022510e+00
1,079977e+00
5,515470e-01
-2,774261e-01
-9,575464e-01
-1,119562e+00
-6,742491e-01
1,381858e-01
8,774844e-01
1,142509e+00
7,882359e-01
5,398102e-03
-7,818741e-01
-1,146584e+00
-8,897557e-01
-1,493295e-01
6,737313e-01
1,133187e+00
9,788524e-01
2,930324e-01
-5,530953e-01
-1,100751e+00
-1,052177e+00
-4,323987e-01
4,233820e-01
1,051240e+00
1,110176e+00
5,669026e-01
-2,850273e-01
-9,837099e-01
-1,150003e+00
-6,924883e-01
1,418414e-01
9,007392e-01
1,172596e+00
8,088430e-01
5,589406e-03
-8,019058e-01
-1,175760e+00
-9,122229e-01
-1,531132e-01
6,903482e-01
1,160913e+00
1,002603e+00
3,001200e-01
-5,661538e-01
-1,126604e+00
-1,076655e+00
-4,424008e-01
4,329406e-01
1,074809e+00
1,134803e+00
5,793670e-01
-2,911271e-01
-1,004705e+00
-1,174248e+00
-7,069379e-01
1,446844e-01
9,188933e-01
1,195949e+00
8,247747e-01
5,758876e-03
-8,171280e-01
-1,197800e+00
-9,290991e-01
-1,559548e-01
7,026212e-01
1,181244e+00
1,019896e+00
3,052561e-01
-5,755012e-01
-1,144926e+00
-1,093865e+00
-4,493854e-01
4,395195e-01
1,090889e+00
1,151465e+00
5,877332e-01
-2,951486e-01
-1,018411e+00
-1,189947e+00
-7,162010e-01
1,464317e-01
9,302056e-01
1,210316e+00
8,344487e-01
5,882006e-03
-8,260682e-01
-1,210547e+00
-9,387268e-01
-1,575901e-01
7,092947e-01
1,192183e+00
1,029031e+00
3,079317e-01
-5,801884e-01
-1,153922e+00
-1,102123e+00
-4,526706e-01
4,424348e-01
1,097917e+00
1,158534e+00
5,911685e-01
-2,966951e-01
-1,023519e+00
-1,195556e+00
-7,193605e-01
1,469445e-01
9,335278e-01
1,214289e+00
8,369320e-01
5,957161e-03
-8,278535e-01
-1,212777e+00
-9,401525e-01
-1,578256e-01
7,097867e-01
1,192662e+00
1,029127e+00
3,079020e-01
-5,797477e-01
-1,152723e+00
-1,100634e+00
-4,519431e-01
4,414580e-01
1,095206e+00
1,155291e+00
5,893604e-01
-2,955758e-01
-1,019523e+00
-1,190516e+00
-7,161245e-01
1,461676e-01
9,285654e-01
1,207449e+00
8,319802e-01
5,989986e-03
-8,222620e-01
-1,204251e+00
-9,332562e-01
-1,566699e-01
7,040221e-01
1,182618e+00
1,020153e+00
3,051766e-01
-5,742027e-01
-1,141433e+00
-1,089526e+00
-4,472818e-01
4,366456e-01
1,083001e+00
1,142087e+00
5,824716e-01
-2,919330e-01
-1,006824e+00
-1,175322e+00
-7,067931e-01
1,441498e-01
9,157793e-01
1,190487e+00
8,200720e-01
5,974242e-03
-8,098706e-01
-1,185802e+00
-9,187143e-01
-1,542239e-01
6,925362e-01
1,163046e+00
1,003012e+00
3,000028e-01
-5,641343e-01
-1,121170e+00
-1,069905e+00
-4,391297e-01
4,284678e-01
1,062525e+00
1,120205e+00
5,711927e-01
-2,861080e-01
-9,866056e-01
-1,151487e+00
-6,923034e-01
1,411062e-01
8,964266e-01
1,165072e+00
8,023740e-01
5,902651e-03
-7,919115e-01
-1,159247e+00
-8,979397e-01
-1,507469e-01
6,764986e-01
1,135865e+00
9,793668e-01
2,929107e-01
-5,505230e-01
-1,093893e+00
-1,043685e+00
-4,282964e-01
4,177251e-01
1,035746e+00
1,091785e+00
5,566169e-01
-2,786984e-01
-9,609324e-01
-1,121314e+00
-6,740682e-01
1,373021e-01
8,723950e-01
1,133665e+00
7,806427e-01
5,776403e-03
-7,701135e-01
-1,127168e+00
-8,729766e-01
-1,465643e-01
6,574237e-01
1,103727e+00
9,515408e-01
2,845639e-01
-5,346714e-01
-1,062295e+00
-1,013424e+00
-4,158570e-01
4,054653e-01
1,005315e+00
1,059608e+00
5,401794e-01
-2,703759e-01
-9,322461e-01
-1,087780e+00
-6,538562e-01
1,331467e-01
8,460581e-01
1,099364e+00
7,569823e-01
5,651342e-03
-7,465958e-01
-1,092732e+00
-8,462739e-01
-1,421007e-01
6,372162e-01
1,069778e+00
9,222582e-01
2,758303e-01
-5,181226e-01
-1,029454e+00
-9,821024e-01
-4,030159e-01
3,929029e-01
9,742050e-01
1,026835e+00
5,234979e-01
-2,619643e-01
-9,033929e-01
-1,054136e+00
-6,336713e-01
1,290071e-01
8,199634e-01
1,065518e+00
7,337369e-01
5,497021e-03
-7,236881e-01
-1,059286e+00
-8,204302e-01
-1,377922e-01
6,178340e-01
1,037344e+00
8,943871e-01
2,675463e-01
-5,025406e-01
-9,986001e-01
-9,527795e-01
-3,910445e-01
3,812424e-01
9,454333e-01
9,966627e-01
5,081912e-01
-2,543186e-01
-8,771728e-01
-1,023717e+00
-6,154922e-01
1,253215e-01
7,966696e-01
1,035443e+00
7,131560e-01
5,377753e-03
-7,036046e-01
-1,030113e+00
-7,980120e-01
-1,340547e-01
6,011822e-01
1,009598e+00
8,706600e-01
2,605296e-01
-4,893653e-01
-9,727390e-01
-9,283364e-01
-3,811099e-01
3,716353e-01
9,218554e-01
9,720356e-01
4,957905e-01
-2,481246e-01
-8,561662e-01
-9,994792e-01
-6,010953e-01
1,224095e-01
7,784553e-01
1,012076e+00
6,972711e-01
5,282250e-03
-6,883202e-01
-1,008069e+00
-7,811839e-01
-1,312780e-01
5,888663e-01
9,892553e-01
8,534018e-01
2,554466e-01
-4,799850e-01
-9,543918e-01
-9,111431e-01
-3,741820e-01
3,650120e-01
9,057382e-01
9,553960e-01
4,874841e-01
-2,440324e-01
-8,424018e-01
-9,837880e-01
-5,918807e-01
1,205786e-01
7,671152e-01
9,977147e-01
6,876503e-01
5,213778e-03
-6,793256e-01
-9,953062e-01
-7,716059e-01
-1,297151e-01
5,820939e-01
9,783119e-01
8,442942e-01
2,528379e-01
-4,752348e-01
-9,453761e-01
-9,029093e-01
-3,709704e-01
3,620020e-01
8,986874e-01
9,483596e-01
4,841027e-01
-2,424382e-01
-8,372688e-01
-9,782002e-01
-5,887834e-01
1,200032e-01
7,637356e-01
9,937597e-01
6,852267e-01
5,204570e-03
-6,775247e-01
-9,930778e-01
-7,702129e-01
-1,295423e-01
5,815608e-01
9,778271e-01
8,442597e-01
2,529466e-01
-4,756308e-01
-9,465482e-01
-9,044378e-01
-3,717567e-01
3,629190e-01
9,013665e-01
9,516119e-01
4,859670e-01
-2,434921e-01
-8,412250e-01
-9,832658e-01
-5,920830e-01
1,207028e-01
7,686492e-01
1,000591e+00
6,902289e-01
5,249128e-03
-6,830483e-01
-1,001596e+00
-7,771570e-01
-1,307752e-01
5,872701e-01
9,878560e-01
8,532736e-01
2,557386e-01
-4,811012e-01
-9,578260e-01
-9,155703e-01
-3,764916e-01
3,676632e-01
9,135240e-01
9,648444e-01
4,929184e-01
-2,470549e-01
-8,538875e-01
-9,984544e-01
-6,014606e-01
1,226510e-01
7,813948e-01
1,017564e+00
7,022000e-01
5,334086e-03
-6,953615e-01
-1,020043e+00
-7,917511e-01
-1,333005e-01
5,986749e-01
1,007404e+00
8,704611e-01
2,609879e-01
-4,910927e-01
-9,780596e-01
-9,352274e-01
-3,847033e-01
3,757675e-01
9,339790e-01
9,867520e-01
5,042685e-01
-2,528007e-01
-8,740427e-01
-1,022319e+00
-6,160144e-01
1,256107e-01
8,007084e-01
1,042992e+00
7,199439e-01
5,484099e-03
-7,133008e-01
-1,046577e+00
-8,125717e-01
-1,368570e-01
6,146713e-01
1,034562e+00
8,941497e-01
2,681600e-01
-5,046600e-01
-1,005294e+00
-9,614971e-01
-3,956100e-01
3,864379e-01
9,606998e-01
1,015184e+00
5,189242e-01
-2,601417e-01
-8,996937e-01
-1,052500e+00
-6,343263e-01
1,293386e-01
8,246729e-01
1,074383e+00
7,417447e-01
5,707486e-03
-7,350334e-01
-1,078653e+00
-8,375920e-01
-1,411209e-01
6,336600e-01
1,066685e+00
9,220109e-01
2,765661e-01
-5,204487e-01
-1,036862e+00
-9,917773e-01
-4,081388e-01
3,986107e-01
9,910987e-01
1,047391e+00
5,354284e-01
-2,683995e-01
-9,283201e-01
-1,086068e+00
-6,545999e-01
1,334084e-01
8,509708e-01
1,108696e+00
7,654498e-01
5,904731e-03
-7,584844e-01
-1,113094e+00
-8,643375e-01
-1,456754e-01
6,538094e-01
1,100614e+00
9,513407e-01
2,853872e-01
-5,369018e-01
-1,069675e+00
-1,023138e+00
-4,210444e-01
4,110954e-01
1,022192e+00
1,080194e+00
5,521867e-01
-2,767102e-01
-9,571452e-01
-1,119705e+00
-6,748340e-01
1,374598e-01
8,770056e-01
1,142552e+00
7,887721e-01
6,138365e-03
-7,813362e-01
-1,146528e+00
-8,902134e-01
-1,500662e-01
6,731325e-01
1,133034e+00
9,792518e-01
2,937628e-01
-5,524349e-01
-1,100508e+00
-1,052493e+00
-4,331002e-01
4,226734e-01
1,050913e+00
1,110400e+00
5,675577e-01
-2,843083e-01
-9,833084e-01
-1,150144e+00
-6,931099e-01
1,410917e-01
9,002423e-01
1,172634e+00
8,093995e-01
6,356998e-03
-8,013597e-01
-1,175708e+00
-9,127046e-01
-1,538706e-01
6,897470e-01
1,160771e+00
1,003011e+00
3,008608e-01
-5,654733e-01
-1,126348e+00
-1,076973e+00
-4,431110e-01
4,322325e-01
1,074472e+00
1,135029e+00
5,800402e-01
-2,903817e-01
-1,004291e+00
-1,174402e+00
-7,075601e-01
1,439167e-01
9,184083e-01
1,195991e+00
8,253340e-01
6,532262e-03
-8,165548e-01
-1,197744e+00
-9,295875e-01
-1,567303e-01
7,019839e-01
1,181094e+00
1,020318e+00
3,060090e-01
-5,748086e-01
-1,144684e+00
-1,094199e+00
-4,501083e-01
4,387878e-01
1,090556e+00
1,151702e+00
5,884124e-01
-2,943877e-01
-1,017989e+00
-1,190100e+00
-7,168251e-01
1,456599e-01
9,297055e-01
1,210366e+00
8,350174e-01
6,670987e-03
-8,254941e-01
-1,210502e+00
-9,392159e-01
-1,583658e-01
7,086828e-01
1,192034e+00
1,029454e+00
3,086915e-01
-5,794866e-01
-1,153672e+00
-1,102455e+00
-4,534056e-01
4,417154e-01
1,097567e+00
1,158759e+00
5,918597e-01
-2,959122e-01
-1,023111e+00
-1,195695e+00
-7,199985e-01
1,461695e-01
9,330277e-01
1,214325e+00
8,375008e-01
6,758618e-03
-8,272797e-01
-1,212718e+00
-9,406583e-01
-1,586120e-01
7,091438e-01
1,192500e+00
1,029540e+00
3,086618e-01
-5,790453e-01
-1,152469e+00
-1,100967e+00
-4,526722e-01
4,407181e-01
1,094857e+00
1,155532e+00
5,900504e-01
-2,948305e-01
-1,019096e+00
-1,190659e+00
-7,167485e-01
1,453746e-01
9,280558e-01
1,207500e+00
8,325361e-01
6,773768e-03
-8,216835e-01
-1,204189e+00
-9,337479e-01
-1,574559e-01
7,033921e-01
1,182468e+00
1,020573e+00
3,059191e-01
-5,735358e-01
-1,141176e+00
-1,089857e+00
-4,479970e-01
4,359128e-01
1,082663e+00
1,142326e+00
5,831557e-01
-2,911969e-01
-1,006393e+00
-1,175474e+00
-7,074237e-01
1,433775e-01
9,152720e-01
1,190533e+00
8,206203e-01
6,740052e-03
-8,093246e-01
-1,185744e+00
-9,192003e-01
-1,550001e-01
6,919143e-01
1,162901e+00
1,003416e+00
3,007396e-01
-5,634790e-01
-1,120923e+00
-1,070224e+00
-4,398400e-01
4,277409e-01
1,062185e+00
1,120444e+00
5,718630e-01
-2,853881e-01
-9,862050e-01
-1,151630e+00
-6,929127e-01
1,403389e-01
8,959310e-01
1,165109e+00
8,029260e-01
6,634300e-03
-7,913606e-01
-1,159187e+00
-8,984236e-01
-1,514834e-01
6,758750e-01
1,135723e+00
9,797644e-01
2,936151e-01
-5,498643e-01
-1,093662e+00
-1,044003e+00
-4,289977e-01
4,170343e-01
1,035421e+00
1,091999e+00
5,572667e-01
-2,779583e-01
-9,605388e-01
-1,121444e+00
-6,746587e-01
1,365868e-01
8,719281e-01
1,133712e+00
7,811725e-01
6,524687e-03
-7,695592e-01
-1,127123e+00
-8,734467e-01
-1,472857e-01
6,568284e-01
1,103582e+00
9,519212e-01
2,852767e-01
-5,340142e-01
-1,062082e+00
-1,013742e+00
-4,165365e-01
4,048031e-01
1,005001e+00
1,059819e+00
5,408167e-01
-2,696578e-01
-9,318691e-01
-1,087906e+00
-6,544319e-01
1,324348e-01
8,455995e-01
1,099405e+00
7,574928e-01
6,365168e-03
-7,460668e-01
-1,092674e+00
-8,467238e-01
-1,428018e-01
6,366522e-01
1,069649e+00
9,226357e-01
2,765149e-01
-5,174852e-01
-1,029241e+00
-9,824012e-01
-4,036764e-01
3,922662e-01
9,738991e-01
1,027040e+00
5,241145e-01
-2,612674e-01
-9,030210e-01
-1,054267e+00
-6,342287e-01
1,283242e-01
8,195180e-01
1,065549e+00
7,342271e-01
6,191093e-03
-7,231723e-01
-1,059238e+00
-8,208788e-01
-1,384758e-01
6,172787e-01
1,037210e+00
8,947510e-01
2,682126e-01
-5,019323e-01
-9,983960e-01
-9,530685e-01
-3,916862e-01
3,806118e-01
9,451371e-01
9,968629e-01
5,087864e-01
-2,536526e-01
-8,768135e-01
-1,023845e+00
-6,160333e-01
1,246385e-01
7,962255e-01
1,035474e+00
7,136402e-01
6,036475e-03
-7,031235e-01
-1,030059e+00
-7,984365e-01
-1,347315e-01
6,006316e-01
1,009480e+00
8,710120e-01
2,611633e-01
-4,887967e-01
-9,725366e-01
-9,286156e-01
-3,817171e-01
3,710108e-01
9,215509e-01
9,722478e-01
4,963583e-01
-2,475023e-01
-8,557986e-01
-9,996028e-01
-6,016153e-01
1,217428e-01
7,780268e-01
1,012117e+00
6,977551e-01
5,923297e-03
-6,878604e-01
-1,008019e+00
-7,816005e-01
-1,319313e-01
5,883215e-01
9,891319e-01
8,537474e-01
2,560871e-01
-4,794113e-01
-9,541905e-01
-9,114223e-01
-3,747838e-01
3,643895e-01
9,054558e-01
9,555932e-01
4,880485e-01
-2,434205e-01
-8,420661e-01
-9,839114e-01
-5,923953e-01
1,199212e-01
7,666868e-01
9,977614e-01
6,881155e-01
5,850667e-03
-6,788771e-01
-9,952542e-01
-7,720248e-01
-1,303556e-01
5,815782e-01
9,781784e-01
8,446342e-01
2,534702e-01
-4,746783e-01
-9,451755e-01
-9,031845e-01
-3,715593e-01
3,614121e-01
8,983807e-01
9,485527e-01
4,846733e-01
-2,418129e-01
-8,369271e-01
-9,783153e-01
-5,892951e-01
1,193449e-01
7,633163e-01
9,937961e-01
6,856887e-01
5,846805e-03
-6,770298e-01
-9,930257e-01
-7,706320e-01
-1,301841e-01
5,810368e-01
9,776994e-01
8,445997e-01
2,535556e-01
-4,750413e-01
-9,463508e-01
-9,047101e-01
-3,723547e-01
3,623303e-01
9,010763e-01
9,518031e-01
4,865443e-01
-2,428446e-01
-8,408751e-01
-9,833730e-01
-5,925909e-01
1,200620e-01
7,682456e-01
1,000632e+00
6,907007e-01
5,897601e-03
-6,825582e-01
-1,001547e+00
-7,775719e-01
-1,314284e-01
5,867401e-01
9,877229e-01
8,536112e-01
2,563816e-01
-4,804914e-01
-9,576194e-01
-9,158498e-01
-3,770948e-01
3,670685e-01
9,132419e-01
9,650340e-01
4,934959e-01
-2,464023e-01
-8,535523e-01
-9,985647e-01
-6,019876e-01
1,219816e-01
7,809703e-01
1,017596e+00
7,026729e-01
6,015681e-03
-6,948639e-01
-1,019996e+00
-7,921823e-01
-1,339614e-01
5,981484e-01
1,007276e+00
8,708053e-01
2,616454e-01
-4,904889e-01
-9,778536e-01
-9,355161e-01
-3,853237e-01
3,751624e-01
9,336791e-01
9,869408e-01
5,048657e-01
-2,521431e-01
-8,736830e-01
-1,022443e+00
-6,165645e-01
1,249354e-01
8,002561e-01
1,043023e+00
7,204333e-01
6,168962e-03
-7,127857e-01
-1,046545e+00
-8,130056e-01
-1,375393e-01
6,141175e-01
1,034432e+00
8,945020e-01
2,688263e-01
-5,040449e-01
-1,005086e+00
-9,617810e-01
-3,962503e-01
3,857961e-01
9,604078e-01
1,015393e+00
5,195278e-01
-2,594786e-01
-8,993166e-01
-1,052626e+00
-6,348895e-01
1,286260e-01
8,242205e-01
1,074420e+00
7,422500e-01
6,391457e-03
-7,345042e-01
-1,078613e+00
-8,380306e-01
-1,418187e-01
6,331012e-01
1,066543e+00
9,223684e-01
2,772609e-01
-5,197870e-01
-1,036657e+00
-9,920759e-01
-4,087918e-01
3,979474e-01
9,907825e-01
1,047594e+00
5,360497e-01
-2,677017e-01
-9,279331e-01
-1,086189e+00
-6,551783e-01
1,327120e-01
8,505000e-01
1,108735e+00
7,659690e-01
6,638459e-03
-7,579423e-01
-1,113040e+00
-8,647964e-01
-1,463920e-01
6,532278e-01
1,100469e+00
9,517156e-01
2,861021e-01
-5,362675e-01
-1,069438e+00
-1,023446e+00
-4,217285e-01
4,104120e-01
1,021868e+00
1,080422e+00
5,528285e-01
-2,760124e-01
-9,567456e-01
-1,119828e+00
-6,754375e-01
1,367282e-01
8,765312e-01
1,142591e+00
7,893057e-01
6,871797e-03
-7,807857e-01
-1,146476e+00
-8,906963e-01
-1,507928e-01
6,725315e-01
1,132885e+00
9,796341e-01
2,944933e-01
-5,517484e-01
-1,100282e+00
-1,052805e+00
-4,337968e-01
4,219975e-01
1,050587e+00
1,110629e+00
5,682264e-01
-2,835556e-01
-9,829096e-01
-1,150270e+00
-6,937020e-01
1,403238e-01
8,997715e-01
1,172674e+00
8,099455e-01
7,108847e-03
-8,007715e-01
-1,175651e+00
-9,131962e-01
-1,546279e-01
6,891056e-01
1,160609e+00
1,003406e+00
3,016111e-01
-5,648039e-01
-1,126115e+00
-1,077294e+00
-4,438214e-01
4,315082e-01
1,074131e+00
1,135275e+00
5,807228e-01
-2,896326e-01
-1,003869e+00
-1,174528e+00
-7,081794e-01
1,431268e-01
9,179084e-01
1,196044e+00
8,259005e-01
7,306092e-03
-8,159815e-01
-1,197688e+00
-9,300846e-01
-1,575098e-01
7,013515e-01
1,180944e+00
1,020721e+00
3,067687e-01
-5,741249e-01
-1,144439e+00
-1,094523e+00
-4,508321e-01
4,380652e-01
1,090196e+00
1,151934e+00
5,890964e-01
-2,936353e-01
-1,017569e+00
-1,190234e+00
-7,174590e-01
1,448940e-01
9,292017e-01
1,210405e+00
8,355856e-01
7,459819e-03
-8,249082e-01
-1,210442e+00
-9,397166e-01
-1,591479e-01
7,080221e-01
1,191878e+00
1,029860e+00
3,094593e-01
-5,788209e-01
-1,153424e+00
-1,102784e+00
-4,541238e-01
4,409750e-01
1,097234e+00
1,159011e+00
5,925516e-01
-2,951617e-01
-1,022685e+00
-1,195844e+00
-7,206360e-01
1,453947e-01
9,325326e-01
1,214376e+00
8,380687e-01
7,530073e-03
-8,266844e-01
-1,212681e+00
-9,411538e-01
-1,593887e-01
7,085213e-01
1,192354e+00
1,029948e+00
3,094416e-01
-5,783514e-01
-1,152221e+00
-1,101296e+00
-4,533981e-01
4,399869e-01
1,094521e+00
1,155772e+00
5,907465e-01
-2,940626e-01
-1,018687e+00
-1,190802e+00
-7,173853e-01
1,446003e-01
9,275617e-01
1,207540e+00
8,331034e-01
7,545965e-03
-8,211079e-01
-1,204143e+00
-9,342405e-01
-1,582309e-01
7,027550e-01
1,182317e+00
1,020970e+00
3,066787e-01
-5,728474e-01
-1,140946e+00
-1,090189e+00
-4,487182e-01
4,351856e-01
1,082328e+00
1,142571e+00
5,838346e-01
-2,904487e-01
-1,005972e+00
-1,175609e+00
-7,080419e-01
1,426031e-01
9,147884e-01
1,190585e+00
8,211822e-01
7,495911e-03
-8,087516e-01
-1,185698e+00
-9,196991e-01
-1,557603e-01
6,912900e-01
1,162753e+00
1,003818e+00
3,014792e-01
-5,628170e-01
-1,120668e+00
-1,070555e+00
-4,405522e-01
4,270467e-01
1,061853e+00
1,120666e+00
5,725232e-01
-2,846403e-01
-9,858109e-01
-1,151751e+00
-6,935188e-01
1,395936e-01
8,954606e-01
1,165148e+00
8,034729e-01
7,413627e-03
-7,908131e-01
-1,159133e+00
-8,988933e-01
-1,522315e-01
6,752748e-01
1,135583e+00
9,801584e-01
2,943483e-01
-5,492095e-01
-1,093425e+00
-1,044318e+00
-4,296765e-01
4,163378e-01
1,035117e+00
1,092246e+00
5,579132e-01
-2,772707e-01
-9,601426e-01
-1,121579e+00
-6,752398e-01
1,358418e-01
8,714542e-01
1,133752e+00
7,817061e-01
7,244008e-03
-7,690349e-01
-1,127072e+00
-8,739056e-01
-1,480132e-01
6,562511e-01
1,103442e+00
9,523183e-01
2,859760e-01
-5,333703e-01
-1,061854e+00
-1,014044e+00
-4,172062e-01
4,041408e-01
1,004706e+00
1,060042e+00
5,414471e-01
-2,689569e-01
-9,314736e-01
-1,088037e+00
-6,550122e-01
1,317262e-01
8,451384e-01
1,099446e+00
7,580135e-01
7,070527e-03
-7,455354e-01
-1,092634e+00
-8,471863e-01
-1,434984e-01
6,360833e-01
1,069506e+00
9,230035e-01
2,772095e-01
-5,168706e-01
-1,029020e+00
-9,826987e-01
-4,043229e-01
3,916227e-01
9,735932e-01
1,027247e+00
5,247172e-01
-2,606052e-01
-9,026473e-01
-1,054393e+00
-6,347964e-01
1,276325e-01
8,190765e-01
1,065592e+00
7,347373e-01
6,881896e-03
-7,226801e-01
-1,059177e+00
-8,213169e-01
-1,391486e-01
6,167252e-01
1,037087e+00
8,951129e-01
2,688712e-01
-5,013353e-01
-9,981762e-01
-9,533608e-01
-3,923029e-01
3,799832e-01
9,448490e-01
9,970714e-01
5,093805e-01
-2,529912e-01
-8,764557e-01
-1,023970e+00
-6,165871e-01
1,239851e-01
7,958211e-01
1,035518e+00
7,141293e-01
6,709158e-03
-7,026148e-01
-1,030023e+00
-7,988634e-01
-1,353886e-01
6,001051e-01
1,009347e+00
8,713697e-01
2,618194e-01
-4,882108e-01
-9,723300e-01
-9,288938e-01
-3,823391e-01
3,704069e-01
9,212761e-01
9,724446e-01
4,969451e-01
-2,468403e-01
-8,554586e-01
-9,997181e-01
-6,021456e-01
1,211028e-01
7,776154e-01
1,012155e+00
6,982245e-01
6,583504e-03
-6,873473e-01
-1,007978e+00
-7,820252e-01
-1,325776e-01
5,878079e-01
9,890053e-01
8,540925e-01
2,567188e-01
-4,788357e-01
-9,539906e-01
-9,116977e-01
-3,753904e-01
3,638063e-01
9,051674e-01
9,557795e-01
4,886172e-01
-2,427816e-01
-8,417242e-01
-9,840350e-01
-5,929315e-01
1,192974e-01
7,662790e-01
9,977921e-01
6,885881e-01
6,507903e-03
-6,783849e-01
-9,952117e-01
-7,724341e-01
-1,310090e-01
5,810573e-01
9,780576e-01
8,449825e-01
2,540983e-01
-4,741204e-01
-9,449564e-01
-9,034493e-01
-3,721619e-01
3,608013e-01
8,981087e-01
9,487525e-01
4,852239e-01
-2,411945e-01
-8,365825e-01
-9,784358e-01
-5,898173e-01
1,187147e-01
7,628973e-01
9,938319e-01
6,861515e-01
6,492753e-03
-6,765768e-01
-9,929865e-01
-7,710371e-01
-1,308340e-01
5,805097e-01
9,775702e-01
8,449332e-01
2,541819e-01
-4,744797e-01
-9,461434e-01
-9,049847e-01
-3,729556e-01
3,617315e-01
9,008042e-01
9,520020e-01
4,871010e-01
-2,422227e-01
-8,405272e-01
-9,834857e-01
-5,931132e-01
1,194247e-01
7,678305e-01
1,000665e+00
6,911780e-01
6,553798e-03
-6,820988e-01
-1,001501e+00
-7,779714e-01
-1,320677e-01
5,862133e-01
9,875911e-01
8,539570e-01
2,570151e-01
-4,799443e-01
-9,574041e-01
-9,161209e-01
-3,777115e-01
3,664508e-01
9,129551e-01
9,652373e-01
4,940601e-01
-2,457824e-01
-8,531872e-01
-9,986950e-01
-6,025237e-01
1,213263e-01
7,805540e-01
1,017633e+00
7,031546e-01
6,666531e-03
-6,944061e-01
-1,019951e+00
-7,925925e-01
-1,346013e-01
5,975989e-01
1,007134e+00
8,711678e-01
2,622826e-01
-4,899180e-01
-9,776480e-01
-9,357886e-01
-3,859565e-01
3,745376e-01
9,333875e-01
9,871480e-01
5,054614e-01
-2,514800e-01
-8,733216e-01
-1,022557e+00
-6,171092e-01
1,242854e-01
7,998346e-01
1,043066e+00
7,209323e-01
6,853528e-03
-7,122926e-01
-1,046491e+00
-8,134299e-01
-1,382029e-01
6,135571e-01
1,034303e+00
8,948735e-01
2,694926e-01
-5,034505e-01
-1,004849e+00
-9,620650e-01
-3,968866e-01
3,851637e-01
9,601152e-01
1,015608e+00
5,201206e-01
-2,588054e-01
-8,989506e-01
-1,052755e+00
-6,354481e-01
