4.199280e-02
1.204884e-01
1.976932e-01
2.735728e-01
3.481100e-01
4.209434e-01
4.911265e-01
5.586247e-01
6.226810e-01
6.834845e-01
7.403469e-01
7.928723e-01
8.409059e-01
8.843271e-01
9.226025e-01
9.556116e-01
9.832511e-01
1.005280e+00
1.021613e+00
1.032111e+00
1.036809e+00
1.035604e+00
1.028514e+00
1.015606e+00
9.967955e-01
9.723915e-01
9.425319e-01
9.072510e-01
8.668588e-01
8.214584e-01
7.715661e-01
7.171476e-01
6.586158e-01
5.964355e-01
5.308819e-01
4.621618e-01
3.909805e-01
3.174415e-01
2.423019e-01
1.658371e-01
8.796115e-02
1.003353e-02
-6.794573e-02
-1.461143e-01
-2.230093e-01
-2.984243e-01
-3.723591e-01
-4.443492e-01
-5.136546e-01
-5.799998e-01
-6.430406e-01
-7.026222e-01
-7.580217e-01
-8.091531e-01
-8.556894e-01
-8.974068e-01
-9.339784e-01
-9.652149e-01
-9.909096e-01
-1.011132e+00
-1.025605e+00
-1.034124e+00
-1.036775e+00
-1.033625e+00
-1.024607e+00
-1.009669e+00
-9.889649e-01
-9.627710e-01
-9.310871e-01
-8.940508e-01
-8.519031e-01
-8.050743e-01
-7.535471e-01
-6.978205e-01
-6.379464e-01
-5.746130e-01
-5.080441e-01
-4.385150e-01
-3.663528e-01
-2.922114e-01
-2.166416e-01
-1.396777e-01
-6.131982e-02
1.581614e-02
9.443217e-02
1.721016e-01
2.484631e-01
3.234823e-01
3.968492e-01
4.679616e-01
5.363548e-01
6.016501e-01
6.635723e-01
7.217771e-01
7.758170e-01
8.254167e-01
8.703352e-01
9.103833e-01
9.451650e-01
9.746460e-01
9.985510e-01
1.016863e+00
1.029323e+00
1.035931e+00
1.036637e+00
1.031577e+00
1.020580e+00
1.003645e+00
9.811343e-01
9.531678e-01
9.196596e-01
8.809195e-01
8.371196e-01
7.886730e-01
7.357862e-01
6.785624e-01
6.175007e-01
5.530314e-01
4.853266e-01
4.150059e-01
3.421897e-01
2.674976e-01
1.915147e-01
1.140518e-01
3.547015e-02
-4.156255e-02
-1.201786e-01
-1.974866e-01
-2.733835e-01
-3.479379e-01
-4.206164e-01
-4.908339e-01
-5.581256e-01
-6.224400e-01
-6.831231e-01
-7.400715e-01
-7.926141e-01
-8.406821e-01
-8.840173e-01
-9.223271e-01
-9.553362e-01
-9.829930e-01
-1.005005e+00
-1.021440e+00
-1.031904e+00
-1.036534e+00
-1.035312e+00
-1.028256e+00
-1.015331e+00
-9.964857e-01
-9.721334e-01
-9.422565e-01
-9.069929e-01
-8.664802e-01
-8.211830e-01
-7.712391e-01
-7.168378e-01
-6.582888e-01
-5.960913e-01
-5.306066e-01
-4.620241e-01
-3.906535e-01
-3.172005e-01
-2.420265e-01
-1.654929e-01
-8.753090e-02
-9.758163e-03
6.816946e-02
1.462864e-01
2.231298e-01
2.986480e-01
3.726001e-01
4.445386e-01
5.139127e-01
5.802579e-01
6.433160e-01
7.028459e-01
7.583143e-01
8.093768e-01
8.558959e-01
8.975961e-01
9.342366e-01
9.653870e-01
9.911678e-01
1.011390e+00
1.025812e+00
1.034365e+00
1.037033e+00
1.033918e+00
1.024900e+00
1.009979e+00
9.893091e-01
9.630980e-01
9.313625e-01
8.943434e-01
8.522646e-01
8.053841e-01
7.538568e-01
6.980787e-01
6.382734e-01
5.749055e-01
5.083194e-01
4.387387e-01
3.666109e-01
2.925384e-01
2.169685e-01
1.400219e-01
6.169844e-02
-1.550636e-02
-9.400192e-02
-1.717574e-01
-2.482566e-01
-3.232069e-01
-3.965910e-01
-4.677206e-01
-5.360794e-01
-6.012887e-01
-6.633142e-01
-7.214845e-01
-7.755589e-01
-8.251413e-01
-8.701459e-01
-9.101596e-01
-9.449585e-01
-9.743190e-01
-9.983100e-01
-1.016604e+00
-1.029099e+00
-1.035622e+00
-1.036396e+00
-1.031267e+00
-1.020219e+00
-1.003404e+00
-9.808761e-01
-9.527891e-01
-9.193670e-01
-8.806613e-01
-8.368443e-01
-7.884321e-01
-7.354248e-01
-6.782870e-01
-6.172426e-01
-5.528077e-01
-4.852062e-01
-4.147478e-01
-3.417939e-01
-2.672394e-01
-1.910845e-01
-1.137076e-01
-3.505711e-02
4.190675e-02
1.204195e-01
1.976587e-01
2.735900e-01
3.480928e-01
4.208229e-01
4.910404e-01
5.585215e-01
6.226465e-01
6.834328e-01
7.402952e-01
7.928207e-01
8.409231e-01
8.842410e-01
9.226025e-01
9.555944e-01
9.832167e-01
1.005280e+00
1.021664e+00
1.032197e+00
1.036775e+00
1.035570e+00
1.028531e+00
1.015555e+00
9.967955e-01
9.724604e-01
9.425491e-01
9.073371e-01
8.668072e-01
8.215272e-01
7.715661e-01
7.171820e-01
6.586846e-01
5.964010e-01
5.308475e-01
4.622134e-01
3.909977e-01
3.174071e-01
2.423707e-01
1.658371e-01
8.797836e-02
1.008516e-02
-6.787689e-02
-1.460627e-01
-2.229061e-01
-2.983726e-01
-3.723419e-01
-4.442632e-01
-5.136202e-01
-5.798793e-01
-6.429890e-01
-7.026222e-01
-7.579701e-01
-8.091015e-01
-8.556550e-01
-8.973896e-01
-9.339956e-01
-9.651632e-01
-9.909785e-01
-1.011149e+00
-1.025571e+00
-1.034107e+00
-1.036758e+00
-1.033642e+00
-1.024573e+00
-1.009669e+00
-9.890165e-01
-9.627538e-01
-9.310699e-01
-8.940853e-01
-8.519548e-01
-8.050915e-01
-7.535815e-01
-6.977861e-01
-6.378775e-01
-5.746646e-01
-5.080613e-01
-4.385322e-01
-3.664044e-01
-2.922974e-01
-2.166760e-01
-1.396949e-01
-6.135424e-02
1.578172e-02
9.434612e-02
1.720672e-01
2.484287e-01
3.234823e-01
3.968320e-01
4.679272e-01
5.363204e-01
6.016157e-01
6.635895e-01
7.217599e-01
7.757654e-01
8.253651e-01
8.703008e-01
9.104005e-01
9.451650e-01
9.746288e-01
9.985854e-01
1.016863e+00
1.029357e+00
1.035949e+00
1.036671e+00
1.031594e+00
1.020528e+00
1.003697e+00
9.812031e-01
9.530989e-01
9.196940e-01
8.808506e-01
8.371540e-01
7.886902e-01
7.358034e-01
6.785796e-01
6.175523e-01
5.530831e-01
4.853955e-01
4.150059e-01
3.421381e-01
2.675492e-01
1.915319e-01
1.140690e-01
3.553899e-02
-4.157976e-02
-1.200925e-01
-1.974694e-01
-2.733663e-01
-3.479035e-01
-4.205820e-01
-4.907995e-01
-5.581256e-01
-6.223368e-01
-6.831403e-01
-7.400027e-01
-7.925625e-01
-8.405616e-01
-8.840001e-01
-9.223616e-01
-9.553707e-01
-9.829758e-01
-1.005039e+00
-1.021389e+00
-1.031853e+00
-1.036603e+00
-1.035312e+00
-1.028290e+00
-1.015279e+00
-9.965202e-01
-9.721334e-01
-9.422393e-01
-9.069585e-01
-8.665662e-01
-8.212346e-01
-7.712907e-01
-7.168722e-01
-6.583232e-01
-5.961085e-01
-5.306238e-01
-4.620757e-01
-3.907396e-01
-3.171317e-01
-2.420438e-01
-1.654757e-01
-8.758253e-02
-9.775373e-03
6.818667e-02
1.463208e-01
2.230782e-01
2.985447e-01
3.725829e-01
4.445213e-01
5.138439e-01
5.801891e-01
6.432987e-01
7.028115e-01
7.582799e-01
8.093596e-01
8.558959e-01
8.976822e-01
9.341333e-01
9.654042e-01
9.911850e-01
1.011407e+00
1.025846e+00
1.034348e+00
1.036981e+00
1.033815e+00
1.024848e+00
1.009910e+00
9.893091e-01
9.630636e-01
9.314657e-01
8.943950e-01
8.522818e-01
8.053497e-01
7.538913e-01
6.980787e-01
6.383078e-01
5.749744e-01
5.083366e-01
4.387043e-01
3.666970e-01
2.925212e-01
2.169858e-01
1.401252e-01
6.176728e-02
-1.552357e-02
-9.400192e-02
-1.718091e-01
-2.482566e-01
-3.231725e-01
-3.965738e-01
-4.676518e-01
-5.359762e-01
-6.012543e-01
-6.632281e-01
-7.215189e-01
-7.755761e-01
-8.250725e-01
-8.700771e-01
-9.101079e-01
-9.449585e-01
-9.744051e-01
-9.982928e-01
-1.016604e+00
-1.029013e+00
-1.035639e+00
-1.036310e+00
-1.031285e+00
-1.020339e+00
-1.003439e+00
-9.808761e-01
-9.528236e-01
-9.193670e-01
-8.806269e-01
-8.369131e-01
-7.884321e-01
-7.354764e-01
-6.783042e-01
-6.172426e-01
-5.527733e-01
-4.852406e-01
-4.146789e-01
-3.418799e-01
-2.672739e-01
-1.912221e-01
-1.137420e-01
-3.512595e-02
4.185512e-02
1.203851e-01
1.976415e-01
2.735556e-01
3.481444e-01
4.207885e-01
4.910060e-01
5.584871e-01
6.225949e-01
6.834156e-01
7.402608e-01
7.928379e-01
8.408542e-01
8.842583e-01
9.225853e-01
9.555772e-01
9.831307e-01
1.005280e+00
1.021647e+00
1.032111e+00
1.036740e+00
1.035570e+00
1.028514e+00
1.015589e+00
9.967955e-01
9.723915e-01
9.425835e-01
9.073715e-01
8.668760e-01
8.215444e-01
7.715489e-01
7.172164e-01
6.586502e-01
5.964527e-01
5.309164e-01
4.622306e-01
3.909805e-01
3.174243e-01
2.423535e-01
1.658888e-01
8.797836e-02
1.005074e-02
-6.789410e-02
-1.459766e-01
-2.228372e-01
-2.983382e-01
-3.723419e-01
-4.442460e-01
-5.135857e-01
-5.799137e-01
-6.429201e-01
-7.025878e-01
-7.579184e-01
-8.091187e-01
-8.555861e-01
-8.973208e-01
-9.339096e-01
-9.651805e-01
-9.909096e-01
-1.011183e+00
-1.025605e+00
-1.034142e+00
-1.036775e+00
-1.033625e+00
-1.024556e+00
-1.009669e+00
-9.889993e-01
-9.627538e-01
-9.311215e-01
-8.941369e-01
-8.518687e-01
-8.050571e-01
-7.535815e-01
-6.978205e-01
-6.379464e-01
-5.746474e-01
-5.081301e-01
-4.385666e-01
-3.663700e-01
-2.922630e-01
-2.167104e-01
-1.397121e-01
-6.142308e-02
1.579893e-02
9.431170e-02
1.720500e-01
2.484459e-01
3.234306e-01
3.967976e-01
4.678583e-01
5.363376e-01
6.015985e-01
6.635035e-01
7.217255e-01
7.757310e-01
8.253479e-01
8.703352e-01
9.104177e-01
9.452339e-01
9.745944e-01
9.985854e-01
1.016845e+00
1.029340e+00
1.035863e+00
1.036637e+00
1.031543e+00
1.020563e+00
1.003662e+00
9.811687e-01
9.531505e-01
9.196940e-01
8.809023e-01
8.372229e-01
7.886730e-01
7.357862e-01
6.786828e-01
6.175523e-01
5.530486e-01
4.854471e-01
4.150059e-01
3.422413e-01
2.675492e-01
1.914975e-01
1.141722e-01
3.552178e-02
-4.152813e-02
-1.200753e-01
-1.974006e-01
-2.732974e-01
-3.478691e-01
-4.205476e-01
-4.907823e-01
-5.580740e-01
-6.223023e-01
-6.831059e-01
-7.400027e-01
-7.925797e-01
-8.405789e-01
-8.840173e-01
-9.222927e-01
-9.553190e-01
-9.829586e-01
-1.005022e+00
-1.021354e+00
-1.031939e+00
-1.036534e+00
-1.035364e+00
-1.028273e+00
-1.015279e+00
-9.965374e-01
-9.720817e-01
-9.422565e-01
-9.070101e-01
-8.665834e-01
-8.212346e-01
-7.713424e-01
-7.168722e-01
-6.583576e-01
-5.961945e-01
-5.306410e-01
-4.620585e-01
-3.906879e-01
-3.172350e-01
-2.420610e-01
-1.655790e-01
-8.763416e-02
-9.844214e-03
6.810062e-02
1.462864e-01
2.230609e-01
2.985791e-01
3.726001e-01
4.445558e-01
5.138611e-01
5.801891e-01
6.432815e-01
7.027771e-01
7.582799e-01
8.093080e-01
8.558615e-01
8.975445e-01
9.342194e-01
9.653870e-01
9.911506e-01
1.011338e+00
1.025812e+00
1.034262e+00
1.037033e+00
1.033832e+00
1.024865e+00
1.009910e+00
9.893091e-01
9.630808e-01
9.313969e-01
8.944295e-01
8.523162e-01
8.053841e-01
7.539085e-01
6.980787e-01
6.383250e-01
5.749916e-01
5.083022e-01
4.388076e-01
3.666798e-01
2.926416e-01
2.170374e-01
1.400735e-01
6.175007e-02
-1.545473e-02
-9.396750e-02
-1.718263e-01
-2.482050e-01
-3.231897e-01
-3.965738e-01
-4.676002e-01
-5.359589e-01
-6.013232e-01
-6.632453e-01
-7.215362e-01
-7.755589e-01
-8.250553e-01
-8.700599e-01
-9.101079e-01
-9.449241e-01
-9.743363e-01
-9.982928e-01
-1.016604e+00
-1.029116e+00
-1.035604e+00
-1.036379e+00
-1.031250e+00
-1.020287e+00
-1.003456e+00
-9.809622e-01
-9.528924e-01
-9.194186e-01
-8.806785e-01
-8.368787e-01
-7.883804e-01
-7.354936e-01
-6.783214e-01
-6.172770e-01
-5.528421e-01
-4.852234e-01
-4.147650e-01
-3.418799e-01
-2.672911e-01
-1.912221e-01
-1.137592e-01
-3.512595e-02
4.192396e-02
1.204023e-01
1.976071e-01
2.735211e-01
3.480756e-01
4.207713e-01
4.910232e-01
5.584698e-01
6.225605e-01
6.833984e-01
7.402608e-01
7.928034e-01
8.408198e-01
8.842238e-01
9.226025e-01
9.556116e-01
9.831479e-01
1.005280e+00
1.021716e+00
1.032214e+00
1.036826e+00
1.035570e+00
1.028548e+00
1.015641e+00
9.967955e-01
9.724431e-01
9.426351e-01
9.073715e-01
8.668760e-01
8.215960e-01
7.715661e-01
7.171992e-01
6.587191e-01
5.965043e-01
5.308992e-01
4.623339e-01
3.910666e-01
3.175275e-01
2.423880e-01
1.659404e-01
8.806441e-02
1.011958e-02
-6.780805e-02
-1.459938e-01
-2.229061e-01
-2.983554e-01
-3.723075e-01
-4.442804e-01
-5.135341e-01
-5.799137e-01
-6.429717e-01
-7.025189e-01
-7.579012e-01
-8.090670e-01
-8.555689e-01
-8.973036e-01
-9.339612e-01
-9.651116e-01
-9.908924e-01
-1.011183e+00
-1.025519e+00
-1.034090e+00
-1.036758e+00
-1.033608e+00
-1.024573e+00
-1.009720e+00
-9.889993e-01
-9.628227e-01
-9.311215e-01
-8.940853e-01
-8.519548e-01
-8.051087e-01
-7.536159e-01
-6.978205e-01
-6.379808e-01
-5.747334e-01
-5.081473e-01
-4.386010e-01
-3.664560e-01
-2.922974e-01
-2.167448e-01
-1.397465e-01
-6.145750e-02
1.578172e-02
9.429449e-02
1.720156e-01
2.482910e-01
3.234306e-01
3.967976e-01
4.678755e-01
5.363031e-01
6.015469e-01
6.635207e-01
7.217255e-01
7.757654e-01
8.253651e-01
8.703008e-01
9.102972e-01
9.451822e-01
9.745772e-01
9.985682e-01
1.016863e+00
1.029323e+00
1.035863e+00
1.036637e+00
1.031560e+00
1.020597e+00
1.003662e+00
9.812203e-01
9.530989e-01
9.197112e-01
8.809367e-01
8.372057e-01
7.887591e-01
7.358034e-01
6.786312e-01
6.176384e-01
5.531691e-01
4.854987e-01
4.150920e-01
3.422585e-01
2.676008e-01
1.915491e-01
1.141378e-01
3.557341e-02
-4.145929e-02
-1.200409e-01
-1.973662e-01
-2.732630e-01
-3.478346e-01
-4.205132e-01
-4.907823e-01
-5.580052e-01
-6.223196e-01
-6.830198e-01
-7.399682e-01
-7.925453e-01
-8.405444e-01
-8.839829e-01
-9.222239e-01
-9.553190e-01
-9.829930e-01
-1.005022e+00
-1.021389e+00
-1.031921e+00
-1.036551e+00
-1.035295e+00
-1.028238e+00
-1.015314e+00
-9.965374e-01
-9.721678e-01
-9.423081e-01
-9.070617e-01
-8.666006e-01
-8.212346e-01
-7.713252e-01
-7.169066e-01
-6.583748e-01
-5.961773e-01
-5.306582e-01
-4.621101e-01
-3.907740e-01
-3.172522e-01
-2.420610e-01
-1.655274e-01
-8.761695e-02
-9.792584e-03
6.794573e-02
1.458734e-01
2.223381e-01
2.973056e-01
3.707930e-01
4.420431e-01
5.107288e-01
5.762652e-01
6.386004e-01
6.971493e-01
7.516711e-01
8.017183e-01
8.473080e-01
8.880101e-01
9.236007e-01
9.537873e-01
9.787076e-01
9.978798e-01
1.011390e+00
1.019255e+00
1.021165e+00
1.017327e+00
1.007844e+00
9.924758e-01
9.715654e-01
9.451478e-01
9.134639e-01
8.766169e-01
8.346758e-01
7.882427e-01
7.373867e-01
6.822453e-01
6.234038e-01
5.610858e-01
4.958248e-01
4.276382e-01
3.571625e-01
2.847766e-01
2.110999e-01
1.361324e-01
6.002905e-02
-1.493842e-02
-9.121387e-02
-1.665256e-01
-2.402883e-01
-3.128808e-01
-3.835974e-01
-4.521282e-01
-5.177506e-01
-5.804300e-01
-6.398051e-01
-6.955488e-01
-7.470244e-01
-7.943696e-01
-8.369819e-01
-8.749303e-01
-9.078190e-01
-9.354413e-01
-9.576768e-01
-9.746460e-01
-9.859531e-01
-9.915464e-01
-9.915636e-01
-9.859531e-01
-9.747321e-01
-9.579694e-01
-9.358027e-01
-9.084902e-01
-8.759457e-01
-8.384276e-01
-7.963143e-01
-7.495887e-01
-6.988359e-01
-6.439699e-01
-5.856275e-01
-5.241528e-01
-4.597351e-01
-3.927015e-01
-3.234995e-01
-2.527141e-01
-1.806895e-01
-1.074258e-01
-3.326725e-02
3.929081e-02
1.132429e-01
1.858526e-01
2.571715e-01
3.270620e-01
3.951282e-01
4.607677e-01
5.236709e-01
5.833902e-01
6.399256e-01
6.927091e-01
7.413795e-01
7.857129e-01
8.256749e-01
8.608696e-01
8.911079e-01
9.161831e-01
9.361125e-01
9.506895e-01
9.598109e-01
9.634766e-01
9.616352e-01
9.544069e-01
9.417058e-01
9.236695e-01
9.003498e-01
8.721251e-01
8.388923e-01
8.008234e-01
7.584692e-01
7.117952e-01
6.611457e-01
6.066927e-01
5.490043e-01
4.881319e-01
4.249362e-01
3.590901e-01
2.912648e-01
2.222004e-01
1.519313e-01
8.044031e-02
9.155808e-03
-6.207706e-02
-1.334820e-01
-2.035446e-01
-2.722304e-01
-3.395565e-01
-4.049380e-01
-4.676862e-01
-5.276636e-01
-5.847153e-01
-6.383766e-01
-6.882345e-01
-7.341856e-01
-7.758342e-01
-8.130254e-01
-8.455354e-01
-8.732782e-01
-8.958063e-01
-9.134639e-01
-9.258208e-01
-9.329286e-01
-9.345808e-01
-9.310527e-01
-9.222239e-01
-9.081804e-01
-8.889222e-01
-8.647247e-01
-8.356223e-01
-8.019076e-01
-7.634257e-01
-7.208477e-01
-6.742942e-01
-6.239373e-01
-5.701211e-01
-5.131211e-01
-4.533846e-01
-3.910149e-01
-3.264596e-01
-2.602521e-01
-1.927883e-01
-1.241541e-01
-5.462506e-02
1.371650e-02
8.333162e-02
1.520862e-01
2.195673e-01
2.857920e-01
3.504678e-01
4.130267e-01
4.730042e-01
5.303484e-01
5.845088e-01
6.353476e-01
6.824002e-01
7.254773e-01
7.644067e-01
7.990163e-01
8.289792e-01
8.541060e-01
8.744485e-01
8.897999e-01
8.999883e-01
9.050998e-01
9.050309e-01
8.999539e-01
8.896622e-01
8.743280e-01
8.540200e-01
8.289276e-01
7.992400e-01
7.649746e-01
7.263378e-01
6.837943e-01
6.374989e-01
5.874690e-01
5.341002e-01
4.779091e-01
4.192052e-01
3.580403e-01
2.949134e-01
2.302892e-01
1.647013e-01
9.792584e-02
3.025547e-02
-3.571109e-02
-1.030889e-01
-1.694685e-01
-2.344024e-01
-2.980284e-01
-3.600711e-01
-4.198420e-01
-4.770658e-01
-5.315015e-01
-5.829771e-01
-6.309591e-01
-6.752408e-01
-7.157363e-01
-7.520498e-01
-7.840779e-01
-8.114765e-01
-8.342455e-01
-8.523334e-01
-8.656369e-01
-8.738117e-01
-8.770300e-01
-8.753262e-01
-8.686142e-01
-8.570490e-01
-8.405272e-01
-8.193587e-01
-7.936123e-01
-7.632364e-01
-7.285923e-01
-6.900243e-01
-6.474464e-01
-6.013748e-01
-5.518783e-01
-4.993185e-01
-4.441771e-01
-3.864542e-01
-3.264768e-01
-2.649333e-01
-2.019097e-01
-1.379911e-01
-7.309157e-02
-8.432981e-03
5.622561e-02
1.211251e-01
1.846995e-01
2.471896e-01
3.083029e-01
3.676607e-01
4.246264e-01
4.790966e-01
5.309680e-01
5.795867e-01
6.248322e-01
6.664464e-01
7.042227e-01
7.379719e-01
7.674701e-01
7.925453e-01
8.130082e-01
8.289276e-01
8.400798e-01
8.463615e-01
8.478932e-01
8.446577e-01
8.365001e-01
8.237817e-01
8.062446e-01
7.842328e-01
7.577980e-01
7.270606e-01
6.921756e-01
6.535904e-01
6.112706e-01
5.655260e-01
5.166664e-01
4.648293e-01
4.107378e-01
3.541852e-01
2.957050e-01
2.356416e-01
1.744766e-01
1.123652e-01
4.927270e-02
-1.252900e-02
-7.556983e-02
-1.379739e-01
-1.990872e-01
-2.590646e-01
-3.176136e-01
-3.741834e-01
-4.285159e-01
-4.803529e-01
-5.293675e-01
-5.753186e-01
-6.178793e-01
-6.568259e-01
-6.921412e-01
-7.233260e-01
-7.503976e-01
-7.731322e-01
-7.914610e-01
-8.052980e-01
-8.144366e-01
-8.190317e-01
-8.188768e-01
-8.141613e-01
-8.047817e-01
-7.908931e-01
-7.724782e-01
-7.496231e-01
-7.227581e-01
-6.917281e-01
-6.567743e-01
-6.182580e-01
-5.762996e-01
-5.310713e-01
-4.829000e-01
-4.320956e-01
-3.789506e-01
-3.236888e-01
-2.665854e-01
-2.082774e-01
-1.488679e-01
-8.852909e-02
-2.748463e-02
3.183880e-02
9.276279e-02
1.524821e-01
2.111343e-01
2.685990e-01
3.245837e-01
3.784859e-01
4.300820e-01
4.791826e-01
5.256673e-01
5.689336e-01
6.088440e-01
6.452435e-01
6.778912e-01
7.067354e-01
7.314320e-01
7.519121e-01
7.681413e-01
7.800163e-01
7.873478e-01
7.901703e-01
7.885181e-01
7.825634e-01
7.720136e-01
7.570407e-01
7.378686e-01
7.146177e-01
6.872363e-01
6.560343e-01
6.210976e-01
5.826845e-01
5.411736e-01
4.964616e-01
4.491165e-01
3.994307e-01
3.474388e-01
2.935194e-01
2.379477e-01
1.814123e-01
1.238099e-01
6.541584e-02
7.228269e-03
-5.076999e-02
-1.091124e-01
-1.664739e-01
-2.226995e-01
-2.776344e-01
-3.309687e-01
-3.821689e-01
-4.311490e-01
-4.776337e-01
-5.213647e-01
-5.621012e-01
-5.993096e-01
-6.332996e-01
-6.634863e-01
-6.900071e-01
-7.123803e-01
-7.307952e-01
-7.450108e-01
-7.549755e-01
-7.605172e-01
-7.618596e-01
-7.588306e-01
-7.515679e-01
-7.399166e-01
-7.240660e-01
-7.042744e-01
-6.804727e-01
-6.528848e-01
-6.215623e-01
-5.867978e-01
-5.488666e-01
-5.077171e-01
-4.638484e-01
-4.173637e-01
-3.687794e-01
-3.180094e-01
-2.654152e-01
-2.115818e-01
-1.567674e-01
-1.010065e-01
-4.457433e-02
1.070472e-02
6.718848e-02
1.230010e-01
1.777294e-01
2.314595e-01
2.839333e-01
3.346172e-01
3.832359e-01
4.295485e-01
4.734000e-01
5.145667e-01
5.527389e-01
5.875034e-01
6.189980e-01
6.468440e-01
6.710243e-01
6.913151e-01
7.076303e-01
7.199528e-01
7.280072e-01
7.320344e-01
7.318967e-01
7.275597e-01
7.191611e-01
7.066149e-01
6.900588e-01
6.697163e-01
6.455533e-01
6.177416e-01
5.864536e-01
5.519472e-01
5.143430e-01
4.738130e-01
4.307360e-01
3.853700e-01
3.378183e-01
2.884079e-01
2.374314e-01
1.854051e-01
1.323978e-01
7.851277e-02
2.397376e-02
-2.879261e-02
-8.317673e-02
-1.365454e-01
-1.888471e-01
-2.401506e-01
-2.900257e-01
-3.381109e-01
-3.840792e-01
-4.278963e-01
-4.692007e-01
-5.076999e-01
-5.432905e-01
-5.756456e-01
-6.048168e-01
-6.304083e-01
-6.523169e-01
-6.704908e-01
-6.848957e-01
-6.953767e-01
-7.017961e-01
-7.042744e-01
-7.027599e-01
-6.973559e-01
-6.878042e-01
-6.745180e-01
-6.573767e-01
-6.365868e-01
-6.121483e-01
-5.843023e-01
-5.531863e-01
-5.190586e-01
-4.819707e-01
-4.422152e-01
-4.000159e-01
-3.556825e-01
-3.094560e-01
-2.614396e-01
-2.120292e-01
-1.617411e-01
-1.104893e-01
-5.863503e-02
-7.038957e-03
4.441943e-02
9.623924e-02
1.470781e-01
1.969015e-01
2.457784e-01
2.930891e-01
3.386272e-01
3.820140e-01
4.232324e-01
4.619724e-01
4.980966e-01
5.312089e-01
5.611890e-01
5.879681e-01
6.113911e-01
6.312172e-01
6.474292e-01
6.599410e-01
6.687009e-01
6.735542e-01
6.745696e-01
6.719365e-01
6.653622e-01
6.550017e-01
6.409582e-01
6.232489e-01
6.021148e-01
5.775559e-01
5.497615e-01
5.189209e-01
4.850685e-01
4.487206e-01
4.097740e-01
3.686589e-01
3.255131e-01
2.806289e-01
2.340754e-01
1.864721e-01
1.379395e-01
8.864956e-02
3.856798e-02
-1.006795e-02
-5.990858e-02
-1.092673e-01
-1.578172e-01
-2.051968e-01
-2.515782e-01
-2.963074e-01
-3.392468e-01
-3.801553e-01
-4.188610e-01
-4.552089e-01
-4.886654e-01
-5.194200e-01
-5.471283e-01
-5.717389e-01
-5.929590e-01
-6.108060e-01
-6.250904e-01
-6.358984e-01
-6.430406e-01
-6.464310e-01
-6.461901e-01
-6.423522e-01
-6.347969e-01
-6.237308e-01
-6.090849e-01
-5.909282e-01
-5.696564e-01
-5.449943e-01
-5.174236e-01
-4.868928e-01
-4.537460e-01
-4.180693e-01
-3.801037e-01
-3.400040e-01
-2.981145e-01
-2.545900e-01
-2.096886e-01
-1.637719e-01
-1.170635e-01
-6.963233e-02
-2.175365e-02
2.438680e-02
7.223106e-02
1.191115e-01
1.651315e-01
2.101189e-01
2.540392e-01
2.962386e-01
3.366308e-01
3.749751e-01
4.112541e-01
4.450549e-01
4.762397e-01
5.046537e-01
5.301935e-01
5.526184e-01
5.717217e-01
5.876239e-01
6.001873e-01
6.093947e-01
6.148848e-01
6.169328e-01
6.155560e-01
6.106855e-01
6.023558e-01
5.905324e-01
5.753874e-01
5.571274e-01
5.355803e-01
5.110558e-01
4.836573e-01
4.537460e-01
4.211844e-01
3.863166e-01
3.493319e-01
3.104886e-01
2.699586e-01
2.278798e-01
1.846306e-01
1.405210e-01
9.575736e-02
5.032252e-02
5.352361e-03
-3.956617e-02
-8.493216e-02
-1.293344e-01
-1.729794e-01
-2.155917e-01
-2.569650e-01
-2.966860e-01
-3.345656e-01
-3.704832e-01
-4.043356e-01
-4.357958e-01
-4.646400e-01
-4.907651e-01
-5.140332e-01
-5.344100e-01
-5.516546e-01
-5.656981e-01
-5.765749e-01
-5.841130e-01
-5.882434e-01
-5.890695e-01
-5.866429e-01
-5.808775e-01
-5.717045e-01
-5.593131e-01
-5.438756e-01
-5.253575e-01
-5.039480e-01
-4.796989e-01
-4.527822e-01
-4.233012e-01
-3.915140e-01
-3.575928e-01
-3.216752e-01
-2.840710e-01
-2.449523e-01
-2.044051e-01
-1.629114e-01
-1.206433e-01
-7.780715e-02
-3.436870e-02
7.761784e-03
5.104535e-02
9.389866e-02
1.359259e-01
1.771270e-01
2.173472e-01
2.561733e-01
2.934333e-01
3.288690e-01
3.624289e-01
3.938718e-01
4.229398e-01
4.494779e-01
4.735205e-01
4.947406e-01
5.131038e-01
5.285069e-01
5.407606e-01
5.500024e-01
5.561120e-01
5.589345e-01
5.586592e-01
5.553204e-01
5.486084e-01
5.389707e-01
5.261664e-01
5.104707e-01
4.918149e-01
4.704743e-01
4.464833e-01
4.200657e-01
3.912387e-01
3.603464e-01
3.273890e-01
2.927621e-01
2.565175e-01
2.188445e-01
1.800011e-01
1.402456e-01
1.000083e-01
5.908250e-02
1.769205e-02
-2.199459e-02
-6.319572e-02
-1.036740e-01
-1.433435e-01
-1.821868e-01
-2.199803e-01
-2.563970e-01
-2.911616e-01
-3.242567e-01
-3.553899e-01
-3.844751e-01
-4.112369e-01
-4.356237e-01
-4.575322e-01
-4.767732e-01
-4.931745e-01
-5.068393e-01
-5.175096e-01
-5.252026e-01
-5.299182e-01
-5.315876e-01
-5.303140e-01
-5.260287e-01
-5.187316e-01
-5.084743e-01
-4.954806e-01
-4.796301e-01
-4.610259e-01
-4.399779e-01
-4.163483e-01
-3.905503e-01
-3.625837e-01
-3.325864e-01
-3.007648e-01
-2.673771e-01
-2.325610e-01
-1.963680e-01
-1.592801e-01
-1.214177e-01
-8.297020e-02
-4.409244e-02
-5.610514e-03
3.281978e-02
7.181802e-02
1.102311e-01
1.479214e-01
1.849232e-01
2.209613e-01
2.555882e-01
2.887521e-01
3.202295e-01
3.499515e-01
3.777287e-01
4.032514e-01
4.265367e-01
4.474126e-01
4.656554e-01
4.813167e-01
4.942243e-01
5.043095e-01
5.115549e-01
5.157714e-01
5.170966e-01
5.155821e-01
5.111075e-01
5.036210e-01
4.933294e-01
4.801464e-01
4.643475e-01
4.458465e-01
4.247985e-01
4.012894e-01
3.755774e-01
3.477142e-01
3.178717e-01
2.861878e-01
2.529378e-01
2.181560e-01
1.821352e-01
1.450989e-01
1.072537e-01
6.889229e-02
2.975637e-02
-8.002727e-03
-4.713864e-02
-8.596477e-02
-1.241885e-01
-1.617239e-01
-1.984504e-01
-2.339378e-01
-2.681172e-01
-3.007476e-01
-3.316915e-01
-3.608283e-01
-3.878655e-01
-4.125965e-01
-4.351074e-01
-4.551916e-01
-4.725911e-01
-4.872886e-01
-4.993013e-01
-5.084227e-01
-5.146356e-01
-5.179055e-01
-5.182669e-01
-5.157370e-01
-5.102297e-01
-5.017968e-01
-4.905413e-01
-4.764978e-01
-4.598384e-01
-4.404425e-01
-4.185684e-01
-3.942849e-01
-3.678673e-01
-3.393156e-01
-3.088192e-01
-2.766190e-01
-2.428182e-01
-2.075546e-01
-1.711035e-01
-1.338090e-01
-9.579178e-02
-5.710333e-02
-1.793299e-02
1.955075e-02
5.882434e-02
9.746116e-02
1.354268e-01
1.727212e-01
2.090691e-01
2.441950e-01
2.778237e-01
3.098862e-01
3.402966e-01
3.686417e-01
3.949733e-01
4.190159e-01
4.407523e-01
4.599072e-01
4.763601e-01
4.902487e-01
5.012116e-01
5.094553e-01
5.147216e-01
5.171138e-01
5.164426e-01
5.129145e-01
5.064607e-01
4.970640e-01
4.848275e-01
4.699924e-01
4.522831e-01
4.321128e-01
4.094642e-01
3.844062e-01
3.572658e-01
3.280429e-01
2.969270e-01
2.641932e-01
2.299106e-01
1.942167e-01
1.575074e-01
1.199376e-01
8.173107e-02
4.283610e-02
4.405802e-03
-3.407613e-02
-7.310878e-02
-1.115563e-01
-1.493154e-01
-1.862828e-01
-2.221832e-01
-2.568617e-01
-2.900601e-01
-3.215719e-01
-3.513455e-01
-3.791399e-01
-4.045765e-01
-4.278791e-01
-4.487550e-01
-4.670667e-01
-4.826419e-01
-4.955667e-01
-5.056691e-01
-5.128629e-01
-5.170966e-01
-5.184734e-01
-5.168557e-01
-5.123466e-01
-5.049979e-01
-4.946201e-01
-4.814716e-01
-4.656554e-01
-4.472233e-01
-4.261409e-01
-4.026662e-01
-3.769542e-01
-3.491082e-01
-3.191969e-01
-2.874958e-01
-2.542113e-01
-2.194640e-01
-1.833571e-01
-1.463208e-01
-1.084929e-01
-7.009700e-02
-3.099551e-02
6.763595e-03
4.584788e-02
8.467401e-02
1.227945e-01
1.603471e-01
1.970392e-01
2.326298e-01
2.667920e-01
2.994224e-01
3.303835e-01
3.595031e-01
3.864198e-01
4.112025e-01
4.337478e-01
4.537804e-01
4.711627e-01
4.859290e-01
4.978901e-01
5.070114e-01
5.133104e-01
5.165803e-01
5.169761e-01
5.143946e-01
5.089046e-01
5.005404e-01
4.892678e-01
4.752587e-01
4.585476e-01
4.391173e-01
4.172432e-01
3.929597e-01
3.665765e-01
3.379388e-01
3.074940e-01
2.752594e-01
2.414414e-01
2.062466e-01
1.698299e-01
1.325011e-01
9.453543e-02
5.589861e-02
1.665944e-02
-2.087593e-02
-6.008068e-02
-9.876913e-02
-1.367692e-01
-1.739603e-01
-2.103771e-01
-2.454686e-01
-2.791489e-01
-3.112802e-01
-3.416562e-01
-3.700530e-01
-3.963845e-01
-4.204271e-01
-4.420775e-01
-4.612840e-01
-4.777714e-01
-4.915567e-01
-5.026229e-01
-5.108321e-01
-5.160124e-01
-5.183357e-01
-5.177162e-01
-5.141537e-01
-5.078031e-01
-4.984064e-01
-4.862216e-01
-4.712659e-01
-4.536771e-01
-4.334724e-01
-4.107550e-01
-3.858003e-01
-3.586082e-01
-3.294026e-01
-2.982349e-01
-2.654840e-01
-2.312186e-01
-1.955935e-01
-1.586949e-01
-1.212456e-01
-8.297020e-02
-4.419570e-02
-5.644934e-03
3.271652e-02
7.181802e-02
1.101623e-01
1.479214e-01
1.849060e-01
2.209441e-01
2.555193e-01
2.886833e-01
3.201951e-01
3.499859e-01
3.776943e-01
4.032858e-01
4.265711e-01
4.473438e-01
4.656726e-01
4.813339e-01
4.942415e-01
5.042578e-01
5.115205e-01
5.157370e-01
5.171138e-01
5.155133e-01
5.111075e-01
5.036210e-01
4.932777e-01
4.801980e-01
4.643647e-01
4.458637e-01
4.248329e-01
4.013927e-01
3.756635e-01
3.477486e-01
3.179406e-01
2.862050e-01
2.529550e-01
2.181733e-01
1.820663e-01
1.450128e-01
1.072710e-01
6.887508e-02
2.977358e-02
-8.002727e-03
-4.710422e-02
-8.594756e-02
-1.241885e-01
-1.616895e-01
-1.983644e-01
-2.339378e-01
-2.680827e-01
-3.007648e-01
-3.317603e-01
-3.608799e-01
-3.878483e-01
-4.126309e-01
-4.351246e-01
-4.552089e-01
-4.724706e-01
-4.872542e-01
-4.991980e-01
-5.083883e-01
-5.146183e-01
-5.179055e-01
-5.182841e-01
-5.157542e-01
-5.102125e-01
-5.018140e-01
-4.905930e-01
-4.765322e-01
-4.598212e-01
-4.405114e-01
-4.185512e-01
-3.943709e-01
-3.679533e-01
-3.393844e-01
-3.088364e-01
-2.766706e-01
-2.428010e-01
-2.075718e-01
-1.711379e-01
-1.337918e-01
-9.584341e-02
-5.712054e-02
-1.795020e-02
1.953354e-02
5.884155e-02
9.742674e-02
1.353924e-01
1.726868e-01
2.090519e-01
2.441262e-01
2.778065e-01
3.098518e-01
3.403310e-01
3.687106e-01
3.949905e-01
4.189987e-01
4.406663e-01
4.598384e-01
4.763429e-01
4.902143e-01
5.012977e-01
5.094381e-01
5.146700e-01
5.170794e-01
5.164426e-01
5.129145e-01
5.064607e-01
4.970468e-01
4.848275e-01
4.699752e-01
4.523175e-01
4.320784e-01
4.094126e-01
3.844407e-01
3.573174e-01
3.280602e-01
2.969958e-01
2.641416e-01
2.299622e-01
1.942511e-01
1.574730e-01
1.200065e-01
8.174828e-02
4.290494e-02
4.457433e-03
-3.409334e-02
-7.312599e-02
-1.114874e-01
-1.493842e-01
-1.863172e-01
-2.222176e-01
-2.568445e-01
-2.900945e-01
-3.215719e-01
-3.514144e-01
-3.790883e-01
-4.046110e-01
-4.278447e-01
-4.487378e-01
-4.670494e-01
-4.826591e-01
-4.954806e-01
-5.056518e-01
-5.128629e-01
-5.171827e-01
-5.184734e-01
-5.168729e-01
-5.123982e-01
-5.049290e-01
-4.946029e-01
-4.815404e-01
-4.657243e-01
-4.472233e-01
-4.261753e-01
-4.027006e-01
-3.769887e-01
-3.491598e-01
-3.192141e-01
-2.875646e-01
-2.541769e-01
-2.194468e-01
-1.833915e-01
-1.464069e-01
-1.085101e-01
-7.009700e-02
-3.109877e-02
6.780805e-03
4.581346e-02
8.463959e-02
1.227601e-01
1.603643e-01
1.970564e-01
2.325782e-01
2.667403e-01
2.993364e-01
3.303491e-01
3.594343e-01
3.864370e-01
4.113057e-01
4.337650e-01
4.537460e-01
4.711799e-01
4.859462e-01
4.979245e-01
5.069942e-01
5.132759e-01
5.165631e-01
5.169245e-01
5.144118e-01
5.089734e-01
5.005060e-01
4.892161e-01
4.752243e-01
4.584960e-01
4.391518e-01
4.172949e-01
3.930629e-01
3.664732e-01
3.379216e-01
3.074768e-01
2.753110e-01
2.414930e-01
2.062810e-01
1.698471e-01
1.326215e-01
9.458706e-02
5.588140e-02
1.667665e-02
-2.087593e-02
-6.006347e-02
-9.873471e-02
-1.367864e-01
-1.739087e-01
-2.104115e-01
-2.454686e-01
-2.791661e-01
-3.112286e-01
-3.416046e-01
-3.700530e-01
-3.962985e-01
-4.203583e-01
-4.420431e-01
-4.612152e-01
-4.777197e-01
-4.914879e-01
-5.025884e-01
-5.107805e-01
-5.160124e-01
-5.183185e-01
-5.178194e-01
-5.142913e-01
-5.077687e-01
-4.983892e-01
-4.862216e-01
-4.712143e-01
-4.536771e-01
-4.334896e-01
-4.107550e-01
-3.858347e-01
-3.586254e-01
-3.293337e-01
-2.982522e-01
-2.655184e-01
-2.311841e-01
-1.955419e-01
-1.587810e-01
-1.212284e-01
-8.293578e-02
-4.410965e-02
-5.627724e-03
3.273373e-02
7.176639e-02
1.101106e-01
1.479386e-01
1.849232e-01
2.208925e-01
2.555537e-01
2.885973e-01
3.201951e-01
3.499343e-01
3.776943e-01
4.031997e-01
4.265367e-01
4.473610e-01
4.656898e-01
4.812995e-01
4.942243e-01
5.043095e-01
5.114689e-01
5.157542e-01
5.172343e-01
5.155821e-01
5.110558e-01
5.036038e-01
4.933122e-01
4.801464e-01
4.643819e-01
4.458637e-01
4.248845e-01
4.013755e-01
3.756463e-01
3.477486e-01
3.179234e-01
2.861362e-01
2.529206e-01
2.182249e-01
1.821352e-01
1.450989e-01
1.072882e-01
6.892671e-02
2.977358e-02
-7.968306e-03
-4.705259e-02
-8.596477e-02
-1.241885e-01
-1.617067e-01
-1.983471e-01
-2.339033e-01
-2.680483e-01
-3.007993e-01
-3.317259e-01
-3.608283e-01
-3.878483e-01
-4.126137e-01
-4.350730e-01
-4.551056e-01
-4.725395e-01
-4.872025e-01
-4.991636e-01
-5.083883e-01
-5.145839e-01
-5.178711e-01
-5.182841e-01
-5.157026e-01
-5.102470e-01
-5.018484e-01
-4.905930e-01
-4.765322e-01
-4.598900e-01
-4.404425e-01
-4.185684e-01
-3.943193e-01
-3.679189e-01
-3.393328e-01
-3.088020e-01
-2.766190e-01
-2.427494e-01
-2.075718e-01
-1.711723e-01
-1.338435e-01
-9.577457e-02
-5.717217e-02
-1.796741e-02
1.956796e-02
5.885876e-02
9.753000e-02
1.354096e-01
1.726868e-01
2.089830e-01
2.441262e-01
2.778065e-01
3.099206e-01
3.402277e-01
3.687106e-01
3.949389e-01
4.190331e-01
4.407007e-01
4.598384e-01
4.763946e-01
4.902143e-01
5.012805e-01
5.094037e-01
5.146872e-01
5.170278e-01
5.164426e-01
5.129490e-01
5.064607e-01
4.971156e-01
4.847759e-01
4.699580e-01
4.523520e-01
4.321128e-01
4.094814e-01
3.844407e-01
3.572486e-01
3.280085e-01
2.969270e-01
2.641760e-01
2.299622e-01
1.942511e-01
1.574730e-01
1.199376e-01
8.174828e-02
4.285331e-02
4.474643e-03
-3.405892e-02
-7.307436e-02
-1.114702e-01
-1.492810e-01
-1.862828e-01
-2.222004e-01
-2.568789e-01
-2.900085e-01
-3.215891e-01
-3.513111e-01
-3.790367e-01
-4.045593e-01
-4.277931e-01
-4.487550e-01
-4.669978e-01
-4.826935e-01
-4.955495e-01
-5.056174e-01
-5.128457e-01
-5.171138e-01
-5.184734e-01
-5.168901e-01
-5.124154e-01
-5.049979e-01
-4.946890e-01
-4.815576e-01
-4.657243e-01
-4.471717e-01
-4.261753e-01
-4.026490e-01
-3.770059e-01
-3.491598e-01
-3.192141e-01
-2.875474e-01
-2.542113e-01
-2.194640e-01
-1.834087e-01
-1.463380e-01
-1.085101e-01
-7.016584e-02
-3.104714e-02
6.729174e-03
4.584788e-02
8.463959e-02
1.228117e-01
1.603471e-01
1.970564e-01
2.325265e-01
2.667231e-01
2.993880e-01
3.302631e-01
3.595031e-01
3.865059e-01
4.112713e-01
4.337650e-01
4.537288e-01
4.711455e-01
4.858602e-01
4.978729e-01
5.070459e-01
5.133104e-01
5.165631e-01
5.169417e-01
5.143946e-01
5.089046e-01
5.005232e-01
4.892161e-01
4.752243e-01
4.584960e-01
4.391346e-01
4.172604e-01
3.930629e-01
3.665421e-01
3.380421e-01
3.075112e-01
2.752766e-01
2.415274e-01
2.062638e-01
1.698815e-01
1.325871e-01
9.462148e-02
5.591582e-02
1.677991e-02
-2.084151e-02
-6.009789e-02
-9.873471e-02
-1.367692e-01
-1.740120e-01
-2.103254e-01
-2.454169e-01
-2.791144e-01
-3.112286e-01
-3.416734e-01
-3.700185e-01
-3.963157e-01
-4.203755e-01
-4.420947e-01
-4.612324e-01
-4.777025e-01
-4.915395e-01
-5.026056e-01
-5.107288e-01
-5.159952e-01
-5.182841e-01
-5.176818e-01
-5.142741e-01
-5.077687e-01
-4.984064e-01
-4.861699e-01
-4.712659e-01
-4.537116e-01
-4.334552e-01
-4.107722e-01
-3.858003e-01
-3.586426e-01
-3.293681e-01
-2.983038e-01
-2.655700e-01
-2.312186e-01
-1.955247e-01
-1.587982e-01
-1.212112e-01
-8.297020e-02
-4.416128e-02
-5.679354e-03
3.278536e-02
7.176639e-02
1.101795e-01
1.479214e-01
1.849060e-01
2.208580e-01
2.554677e-01
2.886833e-01
3.201951e-01
3.499171e-01
3.776771e-01
4.031997e-01
4.264679e-01
4.473266e-01
4.656898e-01
4.812306e-01
4.941899e-01
5.043267e-01
5.114861e-01
5.158058e-01
5.171827e-01
5.155649e-01
5.111419e-01
5.036727e-01
4.933294e-01
4.801636e-01
4.643819e-01
4.459326e-01
4.248157e-01
4.013927e-01
3.756463e-01
3.478002e-01
3.179062e-01
2.861878e-01
2.529722e-01
2.182421e-01
1.821696e-01
1.450989e-01
1.073226e-01
6.890950e-02
2.977358e-02
-7.968306e-03
-4.712143e-02
-8.594756e-02
-1.241541e-01
-1.617411e-01
-1.983644e-01
-2.339033e-01
-2.680311e-01
-3.007476e-01
-3.317087e-01
-3.607767e-01
-3.877794e-01
-4.125793e-01
-4.350558e-01
-4.551056e-01
-4.725739e-01
-4.872542e-01
-4.991980e-01
-5.084055e-01
-5.145839e-01
-5.179055e-01
-5.182669e-01
-5.157370e-01
-5.101953e-01
-5.018312e-01
-4.905413e-01
-4.765150e-01
-4.598212e-01
-4.405114e-01
-4.185684e-01
-3.944226e-01
-3.680394e-01
-3.393844e-01
-3.088708e-01
-2.766362e-01
-2.427838e-01
-2.075890e-01
-1.711379e-01
-1.338607e-01
-9.584341e-02
-5.725822e-02
-1.805346e-02
1.958517e-02
5.908250e-02
9.808073e-02
1.364250e-01
1.741669e-01
2.111171e-01
2.469314e-01
2.813518e-01
3.142920e-01
3.454596e-01
3.749406e-01
4.021327e-01
4.271563e-01
4.499598e-01
4.701129e-01
4.876500e-01
5.024852e-01
5.144290e-01
5.235160e-01
5.296600e-01
5.326890e-01
5.327579e-01
5.298493e-01
5.238602e-01
5.147904e-01
5.028638e-01
4.879770e-01
4.703022e-01
4.498565e-01
4.267949e-01
4.013582e-01
3.734089e-01
3.433772e-01
3.112458e-01
2.772041e-01
2.415791e-01
2.044223e-01
1.660092e-01
1.266668e-01
8.649829e-02
4.546925e-02
4.818846e-03
-3.596924e-02
-7.742853e-02
-1.184404e-01
-1.587293e-01
-1.982955e-01
-2.369151e-01
-2.741407e-01
-3.099206e-01
-3.440656e-01
-3.764035e-01
-4.066418e-01
-4.345222e-01
-4.600965e-01
-4.831410e-01
-5.034145e-01
-5.209517e-01
-5.355631e-01
-5.471111e-01
-5.555957e-01
-5.608965e-01
-5.630994e-01
-5.620496e-01
-5.578503e-01
-5.504671e-01
-5.398312e-01
-5.262180e-01
-5.095069e-01
-4.899045e-01
-4.674797e-01
-4.422152e-01
-4.145240e-01
-3.843374e-01
-3.518790e-01
-3.172178e-01
-2.809215e-01
-2.426977e-01
-2.031144e-01
-1.623091e-01
-1.205744e-01
-7.789320e-02
-3.454080e-02
7.727364e-03
5.138955e-02
9.479359e-02
1.376125e-01
1.797430e-01
2.210818e-01
2.612675e-01
2.999732e-01
3.370611e-01
3.723247e-01
4.055575e-01
4.365530e-01
4.650703e-01
4.911265e-01
5.143774e-01
5.347542e-01
5.521365e-01
5.663521e-01
5.774182e-01
5.852144e-01
5.897235e-01
5.908766e-01
5.886565e-01
5.830115e-01
5.740450e-01
5.617570e-01
5.463195e-01
5.277841e-01
5.059616e-01
4.813855e-01
4.540041e-01
4.239552e-01
3.914108e-01
3.565430e-01
3.196444e-01
2.808527e-01
2.402367e-01
1.980374e-01
1.548571e-01
1.107646e-01
6.563957e-02
1.991216e-02
-2.424912e-02
-7.035515e-02
-1.157384e-01
-1.605364e-01
-2.044568e-01
-2.474650e-01
-2.891308e-01
-3.291100e-01
-3.674198e-01
-4.037505e-01
-4.378610e-01
-4.694589e-01
-4.985613e-01
-5.247723e-01
-5.481610e-01
-5.685034e-01
-5.855586e-01
-5.993784e-01
-6.099282e-01
-6.168467e-01
-6.202888e-01
-6.202715e-01
-6.167090e-01
-6.096529e-01
-5.990686e-01
-5.850940e-01
-5.678150e-01
-5.470939e-01
-5.233439e-01
-4.965477e-01
-4.668601e-01
-4.344534e-01
-3.994135e-01
-3.620847e-01
-3.226906e-01
-2.813862e-01
-2.382403e-01
-1.936488e-01
-1.480418e-01
-1.014023e-01
-5.391945e-02
-6.677544e-03
4.065041e-02
8.861514e-02
1.359431e-01
1.824966e-01
2.282584e-01
2.728499e-01
3.158409e-01
3.572142e-01
3.966255e-01
4.338855e-01
4.687016e-01
5.009363e-01
5.304345e-01
5.569898e-01
5.802923e-01
6.004454e-01
6.171049e-01
6.303911e-01
6.401493e-01
6.462073e-01
6.485306e-01
6.472743e-01
6.423866e-01
6.336783e-01
6.213386e-01
6.055396e-01
5.861954e-01
5.634780e-01
5.374734e-01
5.083883e-01
4.763085e-01
4.415268e-01
4.040258e-01
3.643048e-01
3.223292e-01
2.784777e-01
2.328535e-01
1.858181e-01
1.377674e-01
8.871840e-02
3.879171e-02
-1.003353e-02
-6.028721e-02
-1.101451e-01
-1.594178e-01
-2.078644e-01
-2.552784e-01
-3.013844e-01
-3.456489e-01
-3.882613e-01
-4.286536e-01
-4.668085e-01
-5.022787e-01
-5.349263e-01
-5.646999e-01
-5.912896e-01
-6.145233e-01
-6.343322e-01
-6.505614e-01
-6.631765e-01
-6.720397e-01
-6.770479e-01
-6.782354e-01
-6.755850e-01
-6.690796e-01
-6.587018e-01
-6.446067e-01
-6.267942e-01
-6.054364e-01
-5.805333e-01
-5.522226e-01
-5.208140e-01
-4.864281e-01
-4.490648e-01
-4.090684e-01
-3.667486e-01
-3.222948e-01
-2.757757e-01
-2.276733e-01
-1.781596e-01
-1.276306e-01
-7.617219e-02
-2.381887e-02
2.696833e-02
7.954538e-02
1.313308e-01
1.824105e-01
2.325954e-01
2.816788e-01
3.290928e-01
3.747513e-01
4.183619e-01
4.597695e-01
4.986989e-01
5.347370e-01
5.677461e-01
5.977090e-01
6.242815e-01
6.472743e-01
6.666529e-01
6.824002e-01
6.941892e-01
7.020715e-01
7.058921e-01
7.058061e-01
7.016928e-01
6.935524e-01
6.813504e-01
6.653622e-01
6.455533e-01
6.220098e-01
5.948693e-01
5.641664e-01
5.303484e-01
4.933810e-01
4.535395e-01
4.110820e-01
3.662323e-01
3.191109e-01
2.700963e-01
2.194124e-01
1.675410e-01
1.146025e-01
6.059699e-02
6.815225e-03
-4.710422e-02
-1.016604e-01
-1.554766e-01
-2.082602e-01
-2.602005e-01
-3.107812e-01
-3.595892e-01
-4.064008e-01
-4.510784e-01
-4.933122e-01
-5.327751e-01
-5.692262e-01
-6.025967e-01
-6.325596e-01
-6.589772e-01
-6.816602e-01
-7.006602e-01
-7.155126e-01
-7.265271e-01
-7.332735e-01
-7.358378e-01
-7.342717e-01
-7.285579e-01
-7.186793e-01
-7.046013e-01
-6.865479e-01
-6.646738e-01
-6.388413e-01
-6.094463e-01
-5.763856e-01
-5.400550e-01
-5.005404e-01
-4.582034e-01
-4.130440e-01
-3.655955e-01
-3.158409e-01
-2.642621e-01
-2.109794e-01
-1.566125e-01
-1.011958e-01
-4.476364e-02
1.058425e-02
6.746385e-02
1.238443e-01
1.793471e-01
2.340066e-01
2.876163e-01
3.395738e-01
3.897242e-01
4.376545e-01
4.832442e-01
5.263557e-01
5.662660e-01
6.031302e-01
6.364835e-01
6.665153e-01
6.926919e-01
7.149447e-01
7.331358e-01
7.472998e-01
7.571956e-01
7.627029e-01
7.639936e-01
7.609474e-01
7.535298e-01
7.417581e-01
7.257699e-01
7.057028e-01
6.814709e-01
6.534011e-01
6.214246e-01
5.860061e-01
5.470767e-01
5.050323e-01
4.599244e-01
4.123039e-01
3.622051e-01
3.099034e-01
2.556226e-01
1.999477e-01
1.432402e-01
8.524195e-02
2.629713e-02
-3.104714e-02
-9.007800e-02
-1.485237e-01
-2.059196e-01
-2.622829e-01
-3.174071e-01
-3.707586e-01
-4.219932e-01
-4.710250e-01
-5.174580e-01
-5.609997e-01
-6.014436e-01
-6.384455e-01
-6.720225e-01
-7.018305e-01
-7.275769e-01
-7.493306e-01
-7.667989e-01
-7.800335e-01
-7.886902e-01
-7.929239e-01
-7.927174e-01
-7.881051e-01
-7.788460e-01
-7.651295e-01
-7.470588e-01
-7.247717e-01
-6.982852e-01
-6.676855e-01
-6.332996e-01
-5.953684e-01
-5.539264e-01
-5.091283e-01
-4.614906e-01
-4.111508e-01
-3.583500e-01
-3.033292e-01
-2.465012e-01
-1.884169e-01
-1.290590e-01
-6.853088e-02
-8.209249e-03
5.238774e-02
1.133634e-01
1.734440e-01
2.325782e-01
2.906280e-01
3.471979e-01
4.019090e-01
4.541762e-01
5.042234e-01
5.513965e-01
5.955061e-01
6.362082e-01
6.734510e-01
7.069075e-01
7.364229e-01
7.617735e-01
7.827183e-01
7.993605e-01
8.115109e-01
8.189973e-01
8.217681e-01
8.200643e-01
8.135761e-01
8.024756e-01
7.866938e-01
7.664891e-01
7.418958e-01
7.130171e-01
6.799736e-01
6.430922e-01
6.024934e-01
5.583666e-01
5.108665e-01
4.605096e-01
4.075539e-01
3.520855e-01
2.943971e-01
2.351081e-01
1.744939e-01
1.126061e-01
4.961690e-02
-1.230527e-02
-7.567309e-02
-1.386623e-01
-2.005845e-01
-2.615257e-01
-3.211589e-01
-3.791227e-01
-4.349353e-01
-4.883040e-01
-5.390224e-01
-5.868494e-01
-6.313893e-01
-6.722807e-01
-7.096267e-01
-7.428423e-01
-7.719619e-01
-7.965897e-01
-8.168805e-01
-8.325589e-01
-8.434702e-01
-8.496314e-01
-8.508877e-01
-8.473597e-01
-8.390644e-01
-8.259158e-01
-8.080172e-01
-7.855752e-01
-7.585724e-01
-7.272327e-01
-6.917109e-01
-6.521792e-01
-6.089817e-01
-5.621012e-01
-5.120024e-01
-4.589779e-01
-4.031825e-01
-3.449777e-01
-2.846905e-01
-2.227684e-01
-1.596587e-01
-9.513779e-02
-2.973916e-02
3.421381e-02
9.988780e-02
1.645464e-01
2.282412e-01
2.908690e-01
3.520855e-01
4.113057e-01
4.681681e-01
5.225350e-01
5.740450e-01
6.224056e-01
6.672209e-01
7.082843e-01
7.454066e-01
7.783985e-01
8.069330e-01
8.309067e-01
8.503198e-01
8.648108e-01
8.744657e-01
8.791124e-01
8.788026e-01
8.735019e-01
8.631414e-01
8.479792e-01
8.278433e-01
8.031468e-01
7.737002e-01
7.397617e-01
7.016412e-01
6.594935e-01
6.134907e-01
5.638910e-01
5.109354e-01
4.551400e-01
3.967115e-01
3.357703e-01
2.728672e-01
2.084667e-01
1.427411e-01
7.579356e-02
8.828814e-03
-5.823920e-02
-1.259096e-01
-1.922892e-01
-2.577738e-01
-3.220366e-01
-3.846988e-01
-4.450376e-01
-5.029326e-01
-5.581084e-01
-6.102036e-01
-6.589600e-01
-7.039990e-01
-7.450969e-01
-7.820471e-01
-8.145743e-01
-8.425236e-01
-8.656541e-01
-8.840345e-01
-8.973036e-01
-9.055128e-01
-9.085762e-01
-9.064938e-01
-8.992655e-01
-8.868742e-01
-8.694403e-01
-8.470327e-01
-8.198234e-01
-7.878641e-01
-7.513786e-01
-7.106077e-01
-6.656375e-01
-6.168984e-01
-5.645106e-01
-5.088357e-01
-4.503040e-01
-3.890358e-01
-3.253065e-01
-2.597874e-01
-1.928399e-01
-1.245500e-01
-5.505532e-02
1.350998e-02
8.348651e-02
1.527746e-01
2.210301e-01
2.882358e-01
3.540647e-01
4.179316e-01
4.794063e-01
5.383339e-01
5.941981e-01
6.469301e-01
6.958930e-01
7.409836e-01
7.819782e-01
8.185498e-01
8.505435e-01
8.777012e-01
8.999711e-01
9.171641e-01
9.291768e-01
9.357166e-01
9.371795e-01
9.332556e-01
9.240654e-01
9.095400e-01
8.897827e-01
8.649657e-01
8.352265e-01
8.006685e-01
7.614293e-01
7.179220e-01
6.702327e-01
6.186710e-01
5.634092e-01
5.049806e-01
4.436092e-01
3.795185e-01
3.131045e-01
2.450727e-01
1.755953e-01
1.047411e-01
3.271652e-02
-3.777631e-02
-1.100246e-01
-1.812058e-01
-2.512340e-01
-3.201091e-01
-3.873492e-01
-4.523520e-01
-5.148593e-01
-5.745613e-01
-6.311828e-01
-6.841901e-01
-7.334112e-01
-7.785190e-01
-8.192038e-01
-8.553968e-01
-8.868054e-01
-9.129992e-01
-9.342366e-01
-9.501388e-01
-9.606886e-01
-9.656451e-01
-9.653009e-01
-9.593462e-01
-9.480563e-01
-9.311560e-01
-9.090925e-01
-8.817284e-01
-8.493733e-01
-8.121305e-01
-7.702409e-01
-7.239456e-01
-6.733649e-01
-6.188775e-01
-5.608621e-01
-4.996111e-01
-4.354688e-01
-3.684868e-01
-2.994052e-01
-2.287059e-01
-1.566985e-01
-8.315952e-02
-9.706533e-03
6.402181e-02
1.380083e-01
2.109106e-01
2.826253e-01
3.531182e-01
4.216318e-01
4.877877e-01
5.513276e-01
6.117353e-01
6.689075e-01
7.222590e-01
7.714456e-01
8.164158e-01
8.569113e-01
8.924675e-01
9.229123e-01
9.482284e-01
9.683127e-01
9.828381e-01
9.917529e-01
9.949885e-01
9.927683e-01
9.848861e-01
9.711696e-01
9.520319e-01
9.274213e-01
8.975789e-01
8.625390e-01
8.225426e-01
7.777962e-01
7.286784e-01
6.752580e-01
6.178449e-01
5.569381e-01
4.927959e-01
4.256762e-01
3.559923e-01
2.843463e-01
2.110655e-01
1.365110e-01
6.039047e-02
-1.468027e-02
-9.126550e-02
-1.671279e-01
-2.417684e-01
-3.151870e-01
-3.870910e-01
-4.568610e-01
-5.240323e-01
-5.883123e-01
-6.494256e-01
-7.070624e-01
-7.605000e-01
-8.097382e-01
-8.545019e-01
-8.944123e-01
-9.293317e-01
-9.588987e-01
-9.832339e-01
-1.001873e+00
-1.014935e+00
-1.022077e+00
-1.023540e+00
-1.019186e+00
-1.009084e+00
-9.930437e-01
-9.714794e-01
-9.443045e-01
-9.119150e-01
-8.740182e-01
-8.312337e-01
-7.836476e-01
-7.316041e-01
-6.751548e-01
-6.148503e-01
-5.511039e-01
-4.841219e-01
-4.141454e-01
-3.416218e-01
-2.673255e-01
-1.915147e-01
-1.141894e-01
-3.559062e-02
4.144208e-02
1.199721e-01
1.971941e-01
2.731253e-01
3.477142e-01
4.204099e-01
4.907134e-01
5.580740e-01
6.223023e-01
6.830714e-01
7.399510e-01
7.925453e-01
8.406649e-01
8.839829e-01
9.224648e-01
9.554739e-01
9.830446e-01
1.005211e+00
1.021595e+00
1.032111e+00
1.036792e+00
1.035587e+00
1.028583e+00
1.015675e+00
9.969332e-01
9.725636e-01
9.427384e-01
9.075264e-01
8.671341e-01
8.217681e-01
7.718759e-01
7.174746e-01
6.589944e-01
5.968313e-01
5.312434e-01
4.626264e-01
3.914452e-01
3.178373e-01
2.428010e-01
1.663018e-01
8.847746e-02
1.051541e-02
-6.741221e-02
-1.456324e-01
-2.224930e-01
-2.979252e-01
-3.719289e-01
-4.439018e-01
-5.131555e-01
-5.795351e-01
-6.426964e-01
-7.022608e-01
-7.576947e-01
-8.088433e-01
-8.553452e-01
-8.971831e-01
-9.337203e-01
-9.649567e-01
-9.908408e-01
-1.011080e+00
-1.025536e+00
-1.034038e+00
-1.036758e+00
-1.033711e+00
-1.024624e+00
-1.009806e+00
-9.891542e-01
-9.629431e-01
-9.312764e-01
-8.943606e-01
-8.522474e-01
-8.053324e-01
-7.538741e-01
-6.981647e-01
-6.382906e-01
-5.750260e-01
-5.084743e-01
-4.389280e-01
-3.667830e-01
-2.926761e-01
-2.171579e-01
-1.401596e-01
-6.180170e-02
1.535147e-02
9.388145e-02
1.716886e-01
2.479985e-01
3.230520e-01
3.964534e-01
4.675658e-01
5.360278e-01
6.012715e-01
6.632453e-01
7.214157e-01
7.754556e-01
8.251413e-01
8.700599e-01
9.101940e-01
9.450273e-01
9.744739e-01
9.984821e-01
1.016742e+00
1.029306e+00
1.035863e+00
1.036637e+00
1.031594e+00
1.020649e+00
1.003903e+00
9.813236e-01
9.532882e-01
9.198317e-01
8.811776e-01
8.374294e-01
7.889828e-01
7.360960e-01
6.788377e-01
6.178449e-01
5.534789e-01
4.857913e-01
4.154362e-01
3.426027e-01
2.679278e-01
1.919622e-01
1.145336e-01
3.596924e-02
-4.109787e-02
-1.196623e-01
-1.969359e-01
-2.729704e-01
-3.475076e-01
-4.202034e-01
-4.903864e-01
-5.577298e-01
-6.219753e-01
-6.827617e-01
-7.396929e-01
-7.923216e-01
-8.403207e-01
-8.837764e-01
-9.221034e-01
-9.551469e-01
-9.828037e-01
-1.004988e+00
-1.021268e+00
-1.031870e+00
-1.036568e+00
-1.035381e+00
-1.028325e+00
-1.015417e+00
-9.966578e-01
-9.722882e-01
-9.424114e-01
-9.072166e-01
-8.667899e-01
-8.214584e-01
-7.715661e-01
-7.171992e-01
-6.586502e-01
-5.964527e-01
-5.309680e-01
-4.623511e-01
-3.911182e-01
-3.176136e-01
-2.424568e-01
-1.659404e-01
-8.804720e-02
-1.022284e-02
6.770479e-02
1.459078e-01
2.226307e-01
2.981833e-01
3.721354e-01
4.440739e-01
5.135341e-01
5.798965e-01
6.429373e-01
7.024157e-01
7.579873e-01
8.091187e-01
8.556205e-01
8.973552e-01
9.339956e-01
9.651632e-01
9.910645e-01
1.011286e+00
1.025726e+00
1.034331e+00
1.037050e+00
1.033952e+00
1.025003e+00
1.010030e+00
9.894296e-01
9.632185e-01
9.316551e-01
8.946532e-01
8.525571e-01
8.057111e-01
7.541838e-01
6.984229e-01
6.386176e-01
5.752842e-01
5.087153e-01
4.391862e-01
3.670928e-01
2.929514e-01
2.174332e-01
1.405210e-01
6.219753e-02
-1.509331e-02
-9.355445e-02
-1.712928e-01
-2.477747e-01
-3.227766e-01
-3.962124e-01
-4.672560e-01
-5.356320e-01
-6.009445e-01
-6.629011e-01
-7.211919e-01
-7.752835e-01
-8.247799e-01
-8.698017e-01
-9.098498e-01
-9.447004e-01
-9.742158e-01
-9.981207e-01
-1.016553e+00
-1.028961e+00
-1.035673e+00
-1.036327e+00
-1.031302e+00
-1.020356e+00
-1.003542e+00
-9.810138e-01
-9.529784e-01
-9.195907e-01
-8.808679e-01
-8.370508e-01
-7.886558e-01
-7.357001e-01
-6.785968e-01
-6.176384e-01
-5.532035e-01
-4.856364e-01
-4.152296e-01
-3.423102e-01
-2.676869e-01
-1.916008e-01
-1.141550e-01
-3.557341e-02
4.142487e-02
1.199204e-01
1.972113e-01
2.731081e-01
3.476625e-01
4.203927e-01
4.906618e-01
5.581084e-01
6.223023e-01
6.830198e-01
7.398994e-01
7.925281e-01
8.406133e-01
8.839829e-01
9.223099e-01
9.554395e-01
9.830618e-01
1.005142e+00
1.021647e+00
1.032145e+00
1.036775e+00
1.035553e+00
1.028634e+00
1.015692e+00
9.969332e-01
9.725980e-01
9.427384e-01
9.075436e-01
8.670997e-01
8.217854e-01
7.718587e-01
7.175262e-01
6.590633e-01
5.968141e-01
5.312262e-01
4.626264e-01
3.913075e-01
3.178717e-01
2.427322e-01
1.663362e-01
8.842583e-02
1.051541e-02
-6.739500e-02
-1.455980e-01
-2.224758e-01
-2.979424e-01
-3.718944e-01
-4.437985e-01
-5.131383e-01
-5.795351e-01
-6.425759e-01
-7.021747e-01
-7.576259e-01
-8.088089e-01
-8.553452e-01
-8.971315e-01
-9.337547e-01
-9.649567e-01
-9.908064e-01
-1.011028e+00
-1.025468e+00
-1.034124e+00
-1.036758e+00
-1.033746e+00
-1.024642e+00
-1.009806e+00
-9.891542e-01
-9.629087e-01
-9.312936e-01
-8.943262e-01
-8.522301e-01
-8.053669e-01
-7.539257e-01
-6.981131e-01
-6.383766e-01
-5.750604e-01
-5.084743e-01
-4.389969e-01
-3.668347e-01
-2.926761e-01
-2.171406e-01
-1.401768e-01
-6.183612e-02
1.531705e-02
9.388145e-02
1.716370e-01
2.479641e-01
3.229832e-01
3.963845e-01
4.676002e-01
5.359934e-01
6.012199e-01
6.632453e-01
7.213985e-01
7.754900e-01
8.251241e-01
8.700943e-01
9.101079e-01
9.449757e-01
9.743879e-01
9.984133e-01
1.016708e+00
1.029254e+00
1.035845e+00
1.036620e+00
1.031543e+00
1.020683e+00
1.003869e+00
9.812892e-01
9.532882e-01
9.198489e-01
8.811948e-01
8.374294e-01
7.890172e-01
7.361304e-01
6.789410e-01
6.179482e-01
5.534961e-01
4.858257e-01
4.154534e-01
3.426200e-01
2.679795e-01
1.919622e-01
1.145336e-01
3.598645e-02
-4.108066e-02
-1.196795e-01
-1.969703e-01
-2.728844e-01
-3.474044e-01
-4.201517e-01
-4.904209e-01
-5.576954e-01
-6.219409e-01
-6.827789e-01
-7.396757e-01
-7.922527e-01
-8.403207e-01
-8.837936e-01
-9.221206e-01
-9.551641e-01
-9.828381e-01
-1.004936e+00
-1.021389e+00
-1.031887e+00
-1.036568e+00
-1.035364e+00
-1.028256e+00
-1.015383e+00
-9.966406e-01
-9.723227e-01
-9.424458e-01
-9.072166e-01
-8.668244e-01
-8.214412e-01
-7.716522e-01
-7.171992e-01
-6.586674e-01
-5.965043e-01
-5.309852e-01
-4.625060e-01
-3.911526e-01
-3.176308e-01
-2.424740e-01
-1.659748e-01
-8.806441e-02
-1.027447e-02
6.770479e-02
1.458045e-01
2.225791e-01
2.981145e-01
3.721698e-01
4.440567e-01
5.134825e-01
5.797760e-01
6.429717e-01
7.024845e-01
7.579356e-01
8.089982e-01
8.555861e-01
8.972864e-01
9.339784e-01
9.652493e-01
9.909957e-01
1.011321e+00
1.025743e+00
1.034296e+00
1.037050e+00
1.033918e+00
1.024969e+00
1.010065e+00
9.894124e-01
9.632701e-01
9.316551e-01
8.946876e-01
8.525743e-01
8.056594e-01
7.542010e-01
6.984401e-01
6.386348e-01
5.753358e-01
5.087153e-01
4.392034e-01
3.670756e-01
2.930375e-01
2.175021e-01
1.405382e-01
6.221475e-02
-1.500726e-02
-9.358888e-02
-1.713272e-01
-2.477575e-01
-3.227594e-01
-3.961780e-01
-4.673248e-01
-5.356320e-01
-6.009273e-01
-6.629011e-01
-7.211919e-01
-7.753007e-01
-8.247971e-01
-8.698017e-01
-9.098842e-01
-9.446659e-01
-9.741297e-01
-9.981551e-01
-1.016467e+00
-1.029047e+00
-1.035622e+00
-1.036396e+00
-1.031388e+00
-1.020373e+00
-1.003542e+00
-9.810654e-01
-9.530129e-01
-9.196424e-01
-8.808506e-01
-8.371885e-01
-7.887246e-01
-7.357862e-01
-6.786828e-01
-6.176900e-01
-5.532035e-01
-4.856708e-01
-4.152469e-01
-3.423446e-01
-2.676697e-01
-1.916696e-01
-1.141894e-01
-3.564225e-02
4.137324e-02
1.198860e-01
1.972113e-01
2.730909e-01
3.476453e-01
4.203411e-01
4.906102e-01
5.581256e-01
6.222507e-01
6.830026e-01
7.399166e-01
7.924937e-01
8.405789e-01
8.839657e-01
9.223444e-01
9.554051e-01
9.829586e-01
1.005142e+00
1.021492e+00
1.032180e+00
1.036740e+00
1.035604e+00
1.028600e+00
1.015692e+00
9.968988e-01
9.725808e-01
9.427384e-01
9.075952e-01
8.670653e-01
8.218026e-01
7.719103e-01
7.175434e-01
6.590633e-01
5.967969e-01
5.312262e-01
4.626092e-01
3.914108e-01
3.179406e-01
2.428010e-01
1.663535e-01
8.844304e-02
1.054983e-02
-6.739500e-02
-1.455980e-01
-2.223553e-01
-2.979940e-01
-3.719461e-01
-4.438846e-01
-5.131555e-01
-5.795179e-01
-6.425587e-01
-7.021575e-01
-7.576947e-01
-8.087573e-01
-8.553108e-01
-8.971315e-01
-9.336686e-01
-9.649911e-01
-9.908408e-01
-1.010977e+00
-1.025519e+00
-1.034038e+00
-1.036723e+00
-1.033642e+00
-1.024676e+00
-1.009806e+00
-9.891886e-01
-9.629776e-01
-9.313797e-01
-8.943090e-01
-8.522818e-01
-8.054185e-01
-7.539257e-01
-6.981647e-01
-6.383250e-01
-5.750432e-01
-5.085432e-01
-4.389625e-01
-3.668519e-01
-2.927793e-01
-2.172267e-01
-1.401596e-01
-6.187054e-02
1.528263e-02
9.389866e-02
1.715853e-01
2.479468e-01
3.229832e-01
3.963329e-01
4.674797e-01
5.358901e-01
6.011683e-01
6.631765e-01
7.214157e-01
7.754384e-01
8.250037e-01
8.700427e-01
9.101423e-01
9.449757e-01
9.744223e-01
9.984305e-01
1.016828e+00
1.029288e+00
1.035897e+00
1.036603e+00
1.031646e+00
1.020666e+00
1.003852e+00
9.813580e-01
9.533571e-01
9.199005e-01
8.811948e-01
8.374294e-01
7.890688e-01
7.360615e-01
6.790270e-01
6.179826e-01
5.534789e-01
4.858774e-01
4.154706e-01
3.426544e-01
2.680483e-01
1.919622e-01
1.146369e-01
3.600366e-02
-4.104624e-02
-1.196451e-01
-1.969531e-01
-2.728499e-01
-3.474216e-01
-4.201173e-01
-4.904209e-01
-5.576954e-01
-6.219753e-01
-6.827100e-01
-7.396240e-01
-7.922355e-01
-8.403379e-01
-8.837764e-01
-9.221206e-01
-9.551641e-01
-9.827692e-01
-1.004988e+00
-1.021337e+00
-1.031904e+00
-1.036465e+00
-1.035329e+00
-1.028290e+00
-1.015348e+00
-9.966923e-01
-9.723399e-01
-9.424458e-01
-9.073027e-01
-8.668416e-01
-8.214928e-01
-7.716349e-01
-7.172164e-01
-6.587018e-01
-5.965559e-01
-5.310368e-01
-4.624888e-01
-3.911354e-01
-3.176480e-01
-2.425428e-01
-1.659920e-01
-8.811604e-02
-1.030889e-02
6.765316e-02
1.457357e-01
2.225963e-01
2.981489e-01
3.721526e-01
4.440739e-01
5.134308e-01
5.797932e-01
6.429029e-01
7.023812e-01
7.578840e-01
8.089810e-01
8.555689e-01
8.973552e-01
9.339784e-01
9.652493e-01
9.909957e-01
1.011304e+00
1.025674e+00
1.034348e+00
1.037033e+00
1.033918e+00
1.024986e+00
1.010047e+00
9.894468e-01
9.633562e-01
9.316551e-01
8.947220e-01
8.525743e-01
8.057111e-01
7.542871e-01
6.984745e-01
6.387036e-01
5.754219e-01
5.087325e-01
4.392034e-01
3.670928e-01
2.930547e-01
2.174504e-01
1.405382e-01
6.230080e-02
-1.500726e-02
-9.348561e-02
-1.713788e-01
-2.477403e-01
-3.227250e-01
-3.960919e-01
-4.672904e-01
-5.355459e-01
-6.008929e-01
-6.628495e-01
-7.211403e-01
-7.752147e-01
-8.247627e-01
-8.698878e-01
-9.098326e-01
-9.447004e-01
-9.741642e-01
-9.981895e-01
-1.016501e+00
-1.028996e+00
-1.035639e+00
-1.036379e+00
-1.031302e+00
-1.020373e+00
-1.003525e+00
-9.810482e-01
-9.530129e-01
-9.196424e-01
-8.808851e-01
-8.372401e-01
-7.888451e-01
-7.358378e-01
-6.786656e-01
-6.177244e-01
-5.532380e-01
-4.857053e-01
-4.152469e-01
-3.423618e-01
-2.677213e-01
-1.917040e-01
-1.142755e-01
-3.569388e-02
4.140766e-02
1.198344e-01
1.971596e-01
2.730393e-01
3.476281e-01
4.203239e-01
4.905930e-01
5.580396e-01
6.222163e-01
6.830026e-01
7.398478e-01
7.924592e-01
8.405961e-01
8.839485e-01
9.223444e-01
9.553362e-01
9.830446e-01
1.005142e+00
1.021509e+00
1.032162e+00
1.036706e+00
1.035639e+00
1.028600e+00
1.015692e+00
9.969848e-01
9.725808e-01
9.428072e-01
9.075780e-01
8.671858e-01
8.218370e-01
7.718931e-01
7.175950e-01
6.590805e-01
5.969001e-01
5.313122e-01
4.626781e-01
3.914452e-01
3.179406e-01
2.428871e-01
1.663535e-01
8.854630e-02
1.060146e-02
-6.734337e-02
-1.455464e-01
-2.223553e-01
-2.978047e-01
-3.718428e-01
-4.438157e-01
-5.131038e-01
-5.794662e-01
-6.425931e-01
-7.022263e-01
-7.575742e-01
-8.087745e-01
-8.552936e-01
-8.970970e-01
-9.337203e-01
-9.649395e-01
-9.908408e-01
-1.011063e+00
-1.025468e+00
-1.034056e+00
-1.036792e+00
-1.033694e+00
-1.024693e+00
-1.009824e+00
-9.891370e-01
-9.629431e-01
-9.314141e-01
-8.944123e-01
-8.522646e-01
-8.054357e-01
-7.539601e-01
-6.983024e-01
-6.383938e-01
-5.751121e-01
-5.085604e-01
-4.390313e-01
-3.668863e-01
-2.928137e-01
-2.172095e-01
-1.402112e-01
-6.188775e-02
1.526542e-02
9.381261e-02
1.715681e-01
2.479124e-01
3.228971e-01
3.962985e-01
4.674969e-01
5.359245e-01
6.012371e-01
6.632281e-01
7.214673e-01
7.754556e-01
8.250897e-01
8.700427e-01
9.100907e-01
9.450101e-01
9.744395e-01
9.984133e-01
1.016690e+00
1.029219e+00
1.035897e+00
1.036637e+00
1.031612e+00
1.020632e+00
1.003852e+00
9.813408e-01
9.534259e-01
9.199693e-01
8.811948e-01
8.374810e-01
7.891549e-01
7.361648e-01
6.790098e-01
6.180170e-01
5.535994e-01
4.858946e-01
4.155394e-01
3.427232e-01
2.680827e-01
1.919966e-01
1.145853e-01
3.603808e-02
-4.101182e-02
-1.195934e-01
-1.969015e-01
-2.728499e-01
-3.474388e-01
-4.201001e-01
-4.903520e-01
-5.576438e-01
-6.219237e-01
-6.826928e-01
-7.396585e-01
-7.922011e-01
-8.402863e-01
-8.837247e-01
-9.220690e-01
-9.551986e-01
-9.827864e-01
-1.004833e+00
-1.021320e+00
-1.031887e+00
-1.036499e+00
-1.035364e+00
-1.028342e+00
-1.015383e+00
-9.966406e-01
-9.723571e-01
-9.424802e-01
-9.072855e-01
-8.668932e-01
-8.215616e-01
-7.716866e-01
-7.172336e-01
-6.587707e-01
-5.966248e-01
-5.310713e-01
-4.625404e-01
-3.912215e-01
-3.176996e-01
-2.425601e-01
-1.660437e-01
-8.811604e-02
-1.036052e-02
6.763595e-02
1.458045e-01
2.225791e-01
2.980628e-01
3.721182e-01
4.439878e-01
5.134308e-01
5.798104e-01
6.428169e-01
7.024157e-01
7.578496e-01
8.090154e-01
8.555861e-01
8.973380e-01
9.338752e-01
9.652149e-01
9.909957e-01
1.011286e+00
1.025709e+00
1.034296e+00
1.036981e+00
1.033918e+00
1.024917e+00
1.010065e+00
9.894468e-01
9.632873e-01
9.317067e-01
8.947048e-01
8.525743e-01
8.057455e-01
7.542527e-01
6.985262e-01
6.388069e-01
5.753702e-01
5.088185e-01
4.392550e-01
3.671961e-01
2.931063e-01
2.175709e-01
1.406243e-01
6.228359e-02
-1.497284e-02
-9.352003e-02
-1.713444e-01
-2.477403e-01
-3.227422e-01
-3.960747e-01
-4.672043e-01
-5.355631e-01
-6.008413e-01
-6.628151e-01
-7.211403e-01
-7.751802e-01
-8.247627e-01
-8.698189e-01
-9.098326e-01
-9.447348e-01
-9.740781e-01
-9.981379e-01
-1.016518e+00
-1.029013e+00
-1.035604e+00
-1.036362e+00
-1.031302e+00
-1.020408e+00
-1.003542e+00
-9.810999e-01
-9.530473e-01
-9.196596e-01
-8.809023e-01
-8.371540e-01
-7.887935e-01
-7.359066e-01
-6.786828e-01
-6.177589e-01
-5.533068e-01
-4.857569e-01
-4.152296e-01
-3.424651e-01
-2.678074e-01
-1.918073e-01
-1.143099e-01
-3.569388e-02
4.133882e-02
1.198344e-01
1.971596e-01
2.730737e-01
3.475937e-01
4.203066e-01
4.905413e-01
5.580052e-01
6.221819e-01
6.829338e-01
7.398478e-01
7.923904e-01
8.404928e-01
8.839313e-01
9.223099e-01
9.553707e-01
9.830618e-01
1.005142e+00
1.021613e+00
1.032180e+00
1.036878e+00
1.035587e+00
1.028669e+00
1.015658e+00
9.969676e-01
9.725636e-01
9.428244e-01
9.076297e-01
8.671686e-01
8.218542e-01
7.719103e-01
7.175262e-01
6.591149e-01
5.969001e-01
5.313294e-01
4.626953e-01
3.915312e-01
3.180094e-01
2.428871e-01
1.664567e-01
8.856351e-02
1.067030e-02
-6.730895e-02
-1.454431e-01
-2.223725e-01
-2.978219e-01
-3.718428e-01
-4.438501e-01
-5.131211e-01
-5.794318e-01
-6.425415e-01
-7.021575e-01
-7.575914e-01
-8.087056e-01
-8.552591e-01
-8.970798e-01
-9.337031e-01
-9.649567e-01
-9.908064e-01
-1.011046e+00
-1.025519e+00
-1.034073e+00
-1.036792e+00
-1.033677e+00
-1.024659e+00
-1.009892e+00
-9.891714e-01
-9.630120e-01
-9.313797e-01
-8.943606e-01
-8.522818e-01
-8.054013e-01
-7.539945e-01
-6.982164e-01
-6.384111e-01
-5.751637e-01
-5.086464e-01
-4.390829e-01
-3.669551e-01
-2.928310e-01
-2.172439e-01
-1.402801e-01
-6.193938e-02
1.523100e-02
9.381261e-02
1.715165e-01
2.478952e-01
3.229143e-01
3.962813e-01
4.674109e-01
5.359073e-01
6.011855e-01
6.630904e-01
7.213468e-01
7.753868e-01
8.250725e-01
8.700082e-01
9.100735e-01
9.449757e-01
9.744567e-01
9.984305e-01
1.016759e+00
1.029219e+00
1.035897e+00
1.036620e+00
1.031594e+00
1.020683e+00
1.003921e+00
9.813580e-01
9.533743e-01
9.199521e-01
8.812809e-01
8.375327e-01
7.890860e-01
7.361648e-01
6.790270e-01
6.180686e-01
5.535649e-01
4.859290e-01
4.155566e-01
3.427576e-01
2.680655e-01
1.920826e-01
1.146713e-01
3.607251e-02
-4.096019e-02
-1.195590e-01
-1.968843e-01
-2.727983e-01
-3.473528e-01
-4.200313e-01
-4.903520e-01
-5.576265e-01
-6.219065e-01
-6.826584e-01
-7.395552e-01
-7.922011e-01
-8.403035e-01
-8.837420e-01
-9.220518e-01
-9.551641e-01
-9.827176e-01
-1.004884e+00
-1.021303e+00
-1.031853e+00
-1.036517e+00
-1.035346e+00
-1.028307e+00
-1.015417e+00
-9.966751e-01
-9.723227e-01
-9.425147e-01
-9.073027e-01
-8.668588e-01
-8.215272e-01
-7.715661e-01
-7.172508e-01
-6.587707e-01
-5.965904e-01
-5.311573e-01
-4.625748e-01
-3.913075e-01
-3.176824e-01
-2.426633e-01
-1.661125e-01
-8.818488e-02
-1.039494e-02
6.756711e-02
1.457357e-01
2.225274e-01
2.980628e-01
3.721010e-01
4.439706e-01
5.133620e-01
5.796900e-01
6.427996e-01
7.023468e-01
7.578324e-01
8.089982e-01
8.555173e-01
8.972691e-01
9.339440e-01
9.651977e-01
9.910301e-01
1.011321e+00
1.025691e+00
1.034296e+00
1.036998e+00
1.033935e+00
1.025003e+00
1.010099e+00
9.894984e-01
9.633045e-01
9.317067e-01
8.947048e-01
8.525916e-01
8.057799e-01
7.543387e-01
6.985606e-01
6.388585e-01
5.754735e-01
5.088701e-01
4.393067e-01
3.672477e-01
2.931924e-01
2.175537e-01
1.405898e-01
6.238685e-02
-1.490400e-02
-9.343398e-02
-1.712067e-01
-2.476198e-01
-3.226906e-01
-3.960747e-01
-4.671699e-01
-5.355459e-01
-6.007896e-01
-6.628151e-01
-7.211231e-01
-7.751974e-01
-8.247283e-01
-8.697501e-01
-9.098842e-01
-9.447520e-01
-9.741642e-01
-9.981207e-01
-1.016501e+00
-1.028944e+00
-1.035587e+00
-1.036379e+00
-1.031371e+00
-1.020373e+00
-1.003559e+00
-9.810654e-01
-9.530129e-01
-9.196768e-01
-8.809023e-01
-8.371712e-01
-7.888451e-01
-7.359411e-01
-6.787689e-01
-6.177072e-01
-5.533068e-01
-4.857397e-01
-4.154017e-01
-3.424479e-01
-2.678590e-01
-1.917729e-01
-1.143271e-01
-3.574551e-02
4.125276e-02
1.197655e-01
1.970392e-01
2.729876e-01
3.475076e-01
4.202550e-01
4.905585e-01
5.579535e-01
6.221130e-01
6.829854e-01
7.398306e-01
7.924420e-01
8.405272e-01
8.839313e-01
9.222755e-01
9.553534e-01
9.830274e-01
1.005142e+00
1.021561e+00
1.032094e+00
1.036723e+00
1.035553e+00
1.028634e+00
1.015709e+00
9.969676e-01
9.726497e-01
9.428589e-01
9.075780e-01
8.671858e-01
8.219058e-01
7.719619e-01
7.176294e-01
6.591149e-01
5.970206e-01
5.314327e-01
4.627641e-01
3.915485e-01
3.180611e-01
2.429559e-01
1.665256e-01
8.864956e-02
1.067030e-02
-6.720569e-02
-1.454259e-01
-2.222865e-01
-2.977531e-01
-3.717740e-01
-4.436953e-01
-5.130178e-01
-5.794146e-01
-6.424899e-01
-7.022263e-01
-7.575914e-01
-8.087573e-01
-8.552419e-01
-8.970798e-01
-9.337375e-01
-9.649739e-01
-9.907720e-01
-1.011011e+00
-1.025519e+00
-1.034090e+00
-1.036740e+00
-1.033642e+00
-1.024659e+00
-1.009806e+00
-9.892231e-01
-9.630120e-01
-9.313625e-01
-8.944295e-01
-8.523850e-01
-8.055045e-01
-7.539773e-01
-6.983368e-01
-6.384455e-01
-5.751465e-01
-5.086636e-01
-4.391346e-01
-3.669723e-01
-2.928482e-01
-2.172955e-01
-1.403833e-01
-6.200822e-02
1.519658e-02
9.374377e-02
1.714993e-01
2.478264e-01
3.228111e-01
3.961780e-01
4.673764e-01
5.357868e-01
6.010650e-01
6.630904e-01
7.213296e-01
7.753868e-01
8.249692e-01
8.699910e-01
9.100907e-01
9.449929e-01
9.744223e-01
9.983961e-01
1.016708e+00
1.029237e+00
1.035828e+00
1.036603e+00
1.031594e+00
1.020700e+00
1.003852e+00
9.813408e-01
9.534087e-01
9.199521e-01
8.812465e-01
8.375499e-01
7.890860e-01
7.362853e-01
6.790787e-01
6.180686e-01
5.536166e-01
4.859462e-01
4.155566e-01
3.427404e-01
2.681860e-01
1.922031e-01
1.147230e-01
3.619298e-02
-4.097740e-02
-1.194558e-01
-1.968671e-01
-2.727467e-01
-3.472495e-01
-4.200141e-01
-4.902315e-01
-5.576610e-01
-6.218032e-01
-6.826584e-01
-7.395552e-01
-7.922011e-01
-8.402691e-01
-8.836903e-01
-9.220690e-01
-9.551125e-01
-9.827692e-01
-1.004902e+00
-1.021303e+00
-1.031853e+00
-1.036482e+00
-1.035381e+00
-1.028290e+00
-1.015469e+00
-9.966751e-01
-9.724431e-01
-9.425491e-01
-9.073027e-01
-8.669793e-01
-8.216133e-01
-7.716694e-01
-7.173197e-01
-6.588051e-01
-5.966076e-01
-5.311401e-01
-4.625920e-01
-3.913247e-01
-3.177685e-01
-2.426977e-01
-1.661297e-01
-8.827093e-02
-1.041215e-02
6.753269e-02
1.456496e-01
2.225274e-01
2.979596e-01
3.719805e-01
4.439534e-01
5.133620e-01
5.797416e-01
6.427824e-01
7.023812e-01
7.577980e-01
8.089122e-01
8.555517e-01
8.972175e-01
9.338580e-01
9.651805e-01
9.909957e-01
1.011252e+00
1.025743e+00
1.034279e+00
1.037050e+00
1.033952e+00
1.024986e+00
1.010168e+00
9.894640e-01
9.633390e-01
9.316723e-01
8.946876e-01
8.526260e-01
8.057283e-01
7.542699e-01
6.985778e-01
6.388069e-01
5.754735e-01
5.088701e-01
4.393239e-01
3.672821e-01
2.931752e-01
2.176225e-01
1.406759e-01
6.240406e-02
-1.486958e-02
-9.338235e-02
-1.711207e-01
-2.475338e-01
-3.226217e-01
-3.959715e-01
-4.671527e-01
-5.354599e-01
-6.007380e-01
-6.626946e-01
-7.210371e-01
-7.750770e-01
-8.247111e-01
-8.697157e-01
-9.097981e-01
-9.447004e-01
-9.741814e-01
-9.981723e-01
-1.016467e+00
-1.028996e+00
-1.035656e+00
-1.036362e+00
-1.031336e+00
-1.020339e+00
-1.003611e+00
-9.810826e-01
-9.530817e-01
-9.196940e-01
-8.808851e-01
-8.372057e-01
-7.887763e-01
-7.358722e-01
-6.787345e-01
-6.177933e-01
-5.533756e-01
-4.858602e-01
-4.153845e-01
-3.424823e-01
-2.678590e-01
-1.917729e-01
-1.143443e-01
-3.572830e-02
4.120113e-02
1.197311e-01
1.970048e-01
2.729360e-01
3.475421e-01
4.202206e-01
4.904553e-01
5.579363e-01
6.220958e-01
6.829165e-01
7.397789e-01
7.923560e-01
8.404584e-01
8.839141e-01
9.222755e-01
9.553707e-01
9.830102e-01
1.005142e+00
1.021630e+00
1.032128e+00
1.036809e+00
1.035604e+00
1.028600e+00
1.015744e+00
9.970193e-01
9.726152e-01
9.427556e-01
9.076641e-01
8.671686e-01
8.219403e-01
7.719447e-01
7.176467e-01
6.591149e-01
5.970206e-01
5.314327e-01
4.628674e-01
3.916001e-01
3.181299e-01
2.429903e-01
1.664739e-01
8.863235e-02
1.068751e-02
-6.727453e-02
-1.453915e-01
-2.222004e-01
-2.977358e-01
-3.717223e-01
-4.437297e-01
-5.130522e-01
-5.794146e-01
-6.424727e-01
-7.021059e-01
-7.574882e-01
-8.087745e-01
-8.552419e-01
-8.970282e-01
-9.336342e-01
-9.649051e-01
-9.907892e-01
-1.011046e+00
-1.025502e+00
-1.034004e+00
-1.036809e+00
-1.033608e+00
-1.024728e+00
-1.009858e+00
-9.892231e-01
-9.630292e-01
-9.314313e-01
-8.944467e-01
-8.523506e-01
-8.054701e-01
-7.540289e-01
-6.983368e-01
-6.384627e-01
-5.752670e-01
-5.086808e-01
-4.390657e-01
-3.670584e-01
-2.929170e-01
-2.173127e-01
-1.403661e-01
-6.204264e-02
1.517937e-02
9.370935e-02
1.714649e-01
2.477403e-01
3.227766e-01
3.962124e-01
4.673076e-01
5.357696e-01
6.010478e-01
6.630732e-01
7.213296e-01
7.753179e-01
8.249865e-01
8.699738e-01
9.100219e-01
9.449241e-01
9.743018e-01
9.983616e-01
1.016690e+00
1.029237e+00
1.035880e+00
1.036706e+00
1.031560e+00
1.020683e+00
1.003869e+00
9.813236e-01
9.534087e-01
9.200382e-01
8.812637e-01
8.375499e-01
7.891377e-01
7.363025e-01
6.790443e-01
6.181031e-01
5.536682e-01
4.859462e-01
4.156771e-01
3.428265e-01
2.681688e-01
1.921515e-01
1.147918e-01
3.612414e-02
-4.085693e-02
-1.194730e-01
-1.967810e-01
-2.726778e-01
-3.472495e-01
-4.199796e-01
-4.902143e-01
-5.575749e-01
-6.217860e-01
-6.826068e-01
-7.395552e-01
-7.921495e-01
-8.402002e-01
-8.836559e-01
-9.219829e-01
-9.550953e-01
-9.827176e-01
-1.004902e+00
-1.021320e+00
-1.031904e+00
-1.036534e+00
-1.035364e+00
-1.028325e+00
-1.015434e+00
-9.967267e-01
-9.723399e-01
-9.425147e-01
-9.073543e-01
-8.669620e-01
-8.216305e-01
-7.717382e-01
-7.173025e-01
-6.588051e-01
-5.966592e-01
-5.311573e-01
-4.626264e-01
-3.913247e-01
-3.178545e-01
-2.426805e-01
-1.661297e-01
-8.827093e-02
-1.039494e-02
6.748106e-02
1.456668e-01
2.224414e-01
2.979424e-01
3.719977e-01
4.439534e-01
5.133104e-01
5.796556e-01
6.427824e-01
7.023468e-01
7.577980e-01
8.089638e-01
8.554657e-01
8.972347e-01
9.338924e-01
9.651288e-01
9.909957e-01
1.011235e+00
1.025691e+00
1.034296e+00
1.037050e+00
1.033901e+00
1.024969e+00
1.010116e+00
9.894984e-01
9.633218e-01
9.316723e-01
8.947565e-01
8.526432e-01
8.057971e-01
7.543387e-01
6.986466e-01
6.388757e-01
5.754563e-01
5.089046e-01
4.393239e-01
3.672821e-01
2.931752e-01
2.175709e-01
1.406587e-01
6.247290e-02
-1.481795e-02
-9.334793e-02
-1.711895e-01
-2.476026e-01
-3.226045e-01
-3.959887e-01
-4.669806e-01
-5.353910e-01
-6.007208e-01
-6.626774e-01
-7.210371e-01
-7.751286e-01
-8.246939e-01
-8.697157e-01
-9.097809e-01
-9.446143e-01
-9.741469e-01
-9.981207e-01
-1.016518e+00
-1.028979e+00
-1.035656e+00
-1.036396e+00
-1.031354e+00
-1.020373e+00
-1.003594e+00
-9.811171e-01
-9.530473e-01
-9.196940e-01
-8.809711e-01
-8.372057e-01
-7.889139e-01
-7.359238e-01
-6.787861e-01
-6.177933e-01
-5.534101e-01
-4.858257e-01
-4.153845e-01
-3.424995e-01
-2.679106e-01
-1.918589e-01
-1.143960e-01
-3.584877e-02
