4.188954e-02
1.204023e-01
1.976243e-01
2.736072e-01
3.481272e-01
4.208057e-01
4.910404e-01
5.585903e-01
6.226465e-01
6.834156e-01
7.402780e-01
7.927690e-01
8.408886e-01
8.842238e-01
9.225853e-01
9.555428e-01
9.831479e-01
1.005211e+00
1.021595e+00
1.032162e+00
1.036740e+00
1.035536e+00
1.028497e+00
1.015486e+00
9.967095e-01
9.723227e-01
9.424975e-01
9.072338e-01
8.667383e-01
8.214067e-01
7.715317e-01
7.170787e-01
6.585986e-01
5.963838e-01
5.307443e-01
4.621101e-01
3.908945e-01
3.173554e-01
2.421814e-01
1.657167e-01
8.785789e-02
1.005074e-02
-6.791131e-02
-1.460971e-01
-2.229921e-01
-2.984759e-01
-3.724624e-01
-4.443664e-01
-5.136202e-01
-5.799481e-01
-6.430750e-01
-7.026394e-01
-7.580389e-01
-8.091703e-01
-8.556722e-01
-8.974585e-01
-9.339784e-01
-9.652321e-01
-9.909785e-01
-1.011200e+00
-1.025605e+00
-1.034176e+00
-1.036809e+00
-1.033694e+00
-1.024693e+00
-1.009738e+00
-9.891026e-01
-9.627882e-01
-9.311387e-01
-8.941713e-01
-8.519720e-01
-8.051603e-01
-7.536159e-01
-6.978378e-01
-6.379808e-01
-5.746302e-01
-5.080957e-01
-4.385322e-01
-3.664560e-01
-2.923146e-01
-2.166588e-01
-1.396949e-01
-6.131982e-02
1.581614e-02
9.436333e-02
1.720156e-01
2.484287e-01
3.234134e-01
3.967803e-01
4.679444e-01
5.363720e-01
6.016157e-01
6.635551e-01
7.217943e-01
7.756965e-01
8.253651e-01
8.703008e-01
9.103833e-01
9.451306e-01
9.745256e-01
9.985338e-01
1.016725e+00
1.029271e+00
1.035828e+00
1.036603e+00
1.031440e+00
1.020528e+00
1.003611e+00
9.810826e-01
9.530473e-01
9.195563e-01
8.808162e-01
8.370852e-01
7.886902e-01
7.357001e-01
6.785107e-01
6.174663e-01
5.530314e-01
4.853783e-01
4.149715e-01
3.420692e-01
2.674460e-01
1.914287e-01
1.139657e-01
3.543573e-02
-4.166581e-02
-1.202130e-01
-1.975038e-01
-2.734867e-01
-3.479551e-01
-4.207025e-01
-4.909372e-01
-5.582977e-01
-6.224572e-01
-6.832435e-01
-7.401231e-01
-7.926486e-01
-8.406305e-01
-8.840345e-01
-9.223788e-01
-9.554223e-01
-9.830102e-01
-1.005074e+00
-1.021475e+00
-1.031973e+00
-1.036654e+00
-1.035381e+00
-1.028290e+00
-1.015400e+00
-9.965718e-01
-9.721678e-01
-9.422909e-01
-9.070961e-01
-8.665662e-01
-8.213895e-01
-7.713596e-01
-7.169582e-01
-6.583232e-01
-5.961429e-01
-5.306410e-01
-4.620585e-01
-3.907396e-01
-3.172005e-01
-2.420954e-01
-1.655446e-01
-8.759974e-02
-9.792584e-03
6.818667e-02
1.463036e-01
2.230782e-01
2.985619e-01
3.725484e-01
4.445041e-01
5.138611e-01
5.801374e-01
6.432471e-01
7.028115e-01
7.582282e-01
8.093080e-01
8.558787e-01
8.975273e-01
9.341849e-01
9.653181e-01
9.911162e-01
1.011355e+00
1.025760e+00
1.034296e+00
1.036981e+00
1.033832e+00
1.024796e+00
1.009944e+00
9.892231e-01
9.629431e-01
9.313281e-01
8.943262e-01
8.521785e-01
8.053497e-01
7.539085e-01
6.980099e-01
6.381873e-01
5.748539e-01
5.083022e-01
4.387043e-01
3.665937e-01
2.925040e-01
2.169513e-01
1.399875e-01
6.166402e-02
-1.552357e-02
-9.405355e-02
-1.718951e-01
-2.482910e-01
-3.232757e-01
-3.967115e-01
-4.677379e-01
-5.360966e-01
-6.013576e-01
-6.633314e-01
-7.216394e-01
-7.756105e-01
-8.251586e-01
-8.701631e-01
-9.102800e-01
-9.450273e-01
-9.743879e-01
-9.983444e-01
-1.016622e+00
-1.029099e+00
-1.035673e+00
-1.036431e+00
-1.031319e+00
-1.020322e+00
-1.003490e+00
-9.809278e-01
-9.528924e-01
-9.193670e-01
-8.806441e-01
-8.369131e-01
-7.885181e-01
-7.355452e-01
-6.783386e-01
-6.173630e-01
-5.527905e-01
-4.852578e-01
-4.147994e-01
-3.418455e-01
-2.672911e-01
-1.912221e-01
-1.137592e-01
-3.514316e-02
4.188954e-02
1.203163e-01
1.975899e-01
2.735728e-01
3.481100e-01
4.207885e-01
4.909888e-01
5.584182e-01
6.225433e-01
6.833468e-01
7.402608e-01
7.927690e-01
8.408370e-01
8.841034e-01
9.225337e-01
9.556116e-01
9.831307e-01
1.005246e+00
1.021647e+00
1.032162e+00
1.036723e+00
1.035536e+00
1.028445e+00
1.015486e+00
9.967267e-01
9.723743e-01
9.424802e-01
9.072682e-01
8.668072e-01
8.214412e-01
7.714284e-01
7.171131e-01
6.586158e-01
5.964010e-01
5.308131e-01
4.622134e-01
3.909117e-01
3.173382e-01
2.423191e-01
1.658027e-01
8.790952e-02
1.005074e-02
-6.785968e-02
-1.460627e-01
-2.229405e-01
-2.984243e-01
-3.724280e-01
-4.443492e-01
-5.136202e-01
-5.798965e-01
-6.430062e-01
-7.026222e-01
-7.580389e-01
-8.091531e-01
-8.557238e-01
-8.974240e-01
-9.340473e-01
-9.652493e-01
-9.909785e-01
-1.011183e+00
-1.025571e+00
-1.034193e+00
-1.036826e+00
-1.033677e+00
-1.024676e+00
-1.009738e+00
-9.890854e-01
-9.628227e-01
-9.311732e-01
-8.941713e-01
-8.520408e-01
-8.051259e-01
-7.535987e-01
-6.978033e-01
-6.379636e-01
-5.746302e-01
-5.081129e-01
-4.386010e-01
-3.664388e-01
-2.923319e-01
-2.167276e-01
-1.397810e-01
-6.142308e-02
1.567846e-02
9.432891e-02
1.719812e-01
2.483771e-01
3.233962e-01
3.967287e-01
4.678927e-01
5.362687e-01
6.015297e-01
6.635207e-01
7.217083e-01
7.757482e-01
8.252618e-01
8.703180e-01
9.103144e-01
9.451650e-01
9.745428e-01
9.985338e-01
1.016794e+00
1.029288e+00
1.035880e+00
1.036568e+00
1.031474e+00
1.020494e+00
1.003714e+00
9.810999e-01
9.530817e-01
9.196251e-01
8.808334e-01
8.371024e-01
7.886730e-01
7.357862e-01
6.785796e-01
6.175695e-01
5.530314e-01
4.854127e-01
4.149371e-01
3.421381e-01
2.674460e-01
1.914459e-01
1.140518e-01
3.545294e-02
-4.159697e-02
-1.202130e-01
-1.975038e-01
-2.734007e-01
-3.479035e-01
-4.205992e-01
-4.907478e-01
-5.581256e-01
-6.224228e-01
-6.831231e-01
-7.400715e-01
-7.926141e-01
-8.406649e-01
-8.840173e-01
-9.223444e-01
-9.554223e-01
-9.830274e-01
-1.005108e+00
-1.021440e+00
-1.031939e+00
-1.036585e+00
-1.035381e+00
-1.028342e+00
-1.015400e+00
-9.966062e-01
-9.722022e-01
-9.422909e-01
-9.071134e-01
-8.666695e-01
-8.212346e-01
-7.713079e-01
-7.168550e-01
-6.583404e-01
-5.961945e-01
-5.306238e-01
-4.620757e-01
-3.907396e-01
-3.172866e-01
-2.420438e-01
-1.655618e-01
-8.763416e-02
-9.861424e-03
6.810062e-02
1.462176e-01
2.230782e-01
2.985447e-01
3.724968e-01
4.444353e-01
5.137923e-01
5.801891e-01
6.432643e-01
7.027599e-01
7.581766e-01
8.092736e-01
8.557754e-01
8.975273e-01
9.341505e-01
9.653353e-01
9.910817e-01
1.011390e+00
1.025760e+00
1.034262e+00
1.036964e+00
1.033763e+00
1.024831e+00
1.009892e+00
9.892058e-01
9.630292e-01
9.313797e-01
8.943262e-01
8.522474e-01
8.053324e-01
7.538568e-01
6.980787e-01
6.382906e-01
5.748711e-01
5.083366e-01
4.387043e-01
3.666281e-01
2.925384e-01
2.170030e-01
1.399875e-01
6.175007e-02
-1.552357e-02
-9.405355e-02
-1.718779e-01
-2.482394e-01
-3.232241e-01
-3.966255e-01
-4.677895e-01
-5.360622e-01
-6.013232e-01
-6.632797e-01
-7.215362e-01
-7.755244e-01
-8.250897e-01
-8.700943e-01
-9.101251e-01
-9.449929e-01
-9.743879e-01
-9.983616e-01
-1.016622e+00
-1.029116e+00
-1.035725e+00
-1.036431e+00
-1.031302e+00
-1.020305e+00
-1.003525e+00
-9.809450e-01
-9.528408e-01
-9.194875e-01
-8.806958e-01
-8.368959e-01
-7.884321e-01
-7.355452e-01
-6.783558e-01
-6.172942e-01
-5.528765e-01
-4.852750e-01
-4.148166e-01
-3.419488e-01
-2.673255e-01
-1.912393e-01
-1.137592e-01
-3.519479e-02
4.182070e-02
1.202991e-01
1.976071e-01
2.735384e-01
3.480584e-01
4.207541e-01
4.910060e-01
5.584354e-01
6.225433e-01
6.833984e-01
7.402092e-01
7.928034e-01
8.408370e-01
8.841550e-01
9.225165e-01
9.555083e-01
9.831823e-01
1.005246e+00
1.021561e+00
1.032076e+00
1.036706e+00
1.035536e+00
1.028462e+00
1.015469e+00
9.967439e-01
9.723055e-01
9.425491e-01
9.072338e-01
8.668416e-01
8.213723e-01
7.715489e-01
7.170959e-01
6.585814e-01
5.963494e-01
5.308647e-01
4.621962e-01
3.909633e-01
3.174243e-01
2.423363e-01
1.658544e-01
8.794394e-02
1.010237e-02
-6.787689e-02
-1.460799e-01
-2.229061e-01
-2.984243e-01
-3.723935e-01
-4.442976e-01
-5.136374e-01
-5.799309e-01
-6.430234e-01
-7.026222e-01
-7.580045e-01
-8.091187e-01
-8.556033e-01
-8.973552e-01
-9.340301e-01
-9.652493e-01
-9.909269e-01
-1.011200e+00
-1.025640e+00
-1.034159e+00
-1.036809e+00
-1.033642e+00
-1.024624e+00
-1.009789e+00
-9.891026e-01
-9.628054e-01
-9.311732e-01
-8.942229e-01
-8.520064e-01
-8.051087e-01
-7.536847e-01
-6.979066e-01
-6.380324e-01
-5.747334e-01
-5.081645e-01
-4.386010e-01
-3.664560e-01
-2.923319e-01
-2.167448e-01
-1.397810e-01
-6.144029e-02
1.569567e-02
9.420844e-02
1.719468e-01
2.482910e-01
3.233618e-01
3.967115e-01
4.677895e-01
5.363031e-01
6.015985e-01
6.634863e-01
7.216738e-01
7.756965e-01
8.252618e-01
8.702492e-01
9.103661e-01
9.450790e-01
9.745256e-01
9.984821e-01
1.016811e+00
1.029306e+00
1.035845e+00
1.036534e+00
1.031491e+00
1.020511e+00
1.003628e+00
9.810826e-01
9.530817e-01
9.196424e-01
8.808506e-01
8.371196e-01
7.887246e-01
7.357345e-01
6.785107e-01
6.175868e-01
5.531003e-01
4.853783e-01
4.149887e-01
3.421553e-01
2.675148e-01
1.915147e-01
1.140346e-01
3.545294e-02
-4.159697e-02
-1.201614e-01
-1.974694e-01
-2.733490e-01
-3.479207e-01
-4.205820e-01
-4.908167e-01
-5.581084e-01
-6.223196e-01
-6.830886e-01
-7.400199e-01
-7.926141e-01
-8.406133e-01
-8.840345e-01
-9.223271e-01
-9.553362e-01
-9.830274e-01
-1.005074e+00
-1.021440e+00
-1.031956e+00
-1.036620e+00
-1.035346e+00
-1.028238e+00
-1.015314e+00
-9.966406e-01
-9.721850e-01
-9.423426e-01
-9.071134e-01
-8.666178e-01
-8.212863e-01
-7.713424e-01
-7.169582e-01
-6.584265e-01
-5.962462e-01
-5.305894e-01
-4.621790e-01
-3.907912e-01
-3.172178e-01
-2.421814e-01
-1.655962e-01
-8.766858e-02
-9.878634e-03
6.804899e-02
1.461659e-01
2.230093e-01
2.984587e-01
3.724968e-01
4.444869e-01
5.137578e-01
5.801030e-01
6.431439e-01
7.027599e-01
7.581766e-01
8.092391e-01
8.557754e-01
8.975101e-01
9.341505e-01
9.653353e-01
9.911506e-01
1.011338e+00
1.025726e+00
1.034331e+00
1.037016e+00
1.033832e+00
1.024831e+00
1.009910e+00
9.892231e-01
9.630292e-01
9.313797e-01
8.943606e-01
8.522646e-01
8.053669e-01
7.538913e-01
6.981303e-01
6.383250e-01
5.748711e-01
5.083194e-01
4.387731e-01
3.666626e-01
2.925040e-01
2.170202e-01
1.400391e-01
6.171565e-02
-1.547194e-02
-9.401913e-02
-1.718263e-01
-2.482050e-01
-3.231725e-01
-3.965738e-01
-4.677034e-01
-5.360278e-01
-6.013059e-01
-6.632453e-01
-7.215017e-01
-7.755761e-01
-8.251241e-01
-8.700771e-01
-9.101251e-01
-9.449413e-01
-9.743707e-01
-9.983272e-01
-1.016656e+00
-1.029133e+00
-1.035725e+00
-1.036448e+00
-1.031371e+00
-1.020270e+00
-1.003542e+00
-9.809450e-01
-9.528580e-01
-9.194703e-01
-8.806785e-01
-8.369647e-01
-7.885181e-01
-7.355280e-01
-6.783558e-01
-6.173286e-01
-5.529110e-01
-4.853439e-01
-4.148510e-01
-3.419660e-01
-2.673255e-01
-1.912049e-01
-1.137936e-01
-3.524642e-02
4.178628e-02
1.202818e-01
1.975727e-01
2.734867e-01
3.480067e-01
4.207197e-01
4.909544e-01
5.584182e-01
6.225949e-01
6.833124e-01
7.401748e-01
7.927518e-01
8.407682e-01
8.841722e-01
9.224820e-01
9.554567e-01
9.831134e-01
1.005229e+00
1.021578e+00
1.032180e+00
1.036723e+00
1.035570e+00
1.028497e+00
1.015555e+00
9.967955e-01
9.723399e-01
9.425319e-01
9.073027e-01
8.668072e-01
8.214928e-01
7.715489e-01
7.171476e-01
6.586158e-01
5.964010e-01
5.308992e-01
4.622650e-01
3.909633e-01
3.174587e-01
2.423707e-01
1.658544e-01
8.794394e-02
1.010237e-02
-6.782526e-02
-1.461143e-01
-2.229233e-01
-2.984243e-01
-3.723075e-01
-4.443148e-01
-5.136029e-01
-5.798965e-01
-6.429717e-01
-7.025878e-01
-7.578840e-01
-8.091359e-01
-8.555689e-01
-8.973896e-01
-9.340128e-01
-9.652149e-01
-9.909441e-01
-1.011149e+00
-1.025571e+00
-1.034176e+00
-1.036775e+00
-1.033625e+00
-1.024676e+00
-1.009738e+00
-9.891714e-01
-9.628054e-01
-9.312076e-01
-8.941713e-01
-8.520408e-01
-8.051431e-01
-7.536503e-01
-6.978550e-01
-6.380324e-01
-5.747162e-01
-5.081990e-01
-4.386699e-01
-3.665077e-01
-2.923835e-01
-2.167792e-01
-1.397982e-01
-6.150913e-02
1.564404e-02
9.427728e-02
1.719812e-01
2.483083e-01
3.233446e-01
3.967115e-01
4.678411e-01
5.362171e-01
6.015297e-01
6.635207e-01
7.216566e-01
7.756965e-01
8.252962e-01
8.702664e-01
9.102800e-01
9.450790e-01
9.744912e-01
9.984821e-01
1.016708e+00
1.029254e+00
1.035794e+00
1.036551e+00
1.031491e+00
1.020459e+00
1.003594e+00
9.811343e-01
9.530473e-01
9.196424e-01
8.808851e-01
8.371368e-01
7.886902e-01
7.358378e-01
6.786140e-01
6.175695e-01
5.531003e-01
4.853611e-01
4.150920e-01
3.422069e-01
2.675664e-01
1.914975e-01
1.141550e-01
3.557341e-02
-4.154534e-02
-1.201269e-01
-1.973834e-01
-2.733663e-01
-3.478174e-01
-4.205992e-01
-4.907823e-01
-5.581084e-01
-6.223368e-01
-6.830714e-01
-7.400199e-01
-7.925969e-01
-8.405616e-01
-8.839657e-01
-9.223271e-01
-9.553018e-01
-9.829930e-01
-1.005022e+00
-1.021389e+00
-1.031939e+00
-1.036585e+00
-1.035346e+00
-1.028290e+00
-1.015383e+00
-9.966234e-01
-9.722194e-01
-9.423598e-01
-9.071134e-01
-8.666695e-01
-8.212863e-01
-7.713596e-01
-7.169582e-01
-6.583921e-01
-5.962289e-01
-5.306926e-01
-4.621273e-01
-3.908600e-01
-3.172866e-01
-2.421814e-01
-1.656478e-01
-8.768579e-02
-9.878634e-03
6.806620e-02
1.462003e-01
2.229749e-01
2.984587e-01
3.724968e-01
4.444009e-01
5.137923e-01
5.801202e-01
6.431611e-01
7.027082e-01
7.581594e-01
8.092564e-01
8.557754e-01
8.975273e-01
9.340989e-01
9.653526e-01
9.910990e-01
1.011338e+00
1.025743e+00
1.034279e+00
1.036964e+00
1.033797e+00
1.024848e+00
1.009961e+00
9.892747e-01
9.630464e-01
9.313797e-01
8.943950e-01
8.522474e-01
8.053669e-01
7.538052e-01
6.981475e-01
6.383078e-01
5.749400e-01
5.083366e-01
4.388420e-01
3.666970e-01
2.925728e-01
2.170546e-01
1.401080e-01
6.181891e-02
-1.545473e-02
-9.401913e-02
-1.717747e-01
-2.481706e-01
-3.232241e-01
-3.965910e-01
-4.676690e-01
-5.360106e-01
-6.012887e-01
-6.632281e-01
-7.215534e-01
-7.754900e-01
-8.250897e-01
-8.700427e-01
-9.100907e-01
-9.448897e-01
-9.743363e-01
-9.983616e-01
-1.016656e+00
-1.029133e+00
-1.035725e+00
-1.036499e+00
-1.031319e+00
-1.020339e+00
-1.003525e+00
-9.809794e-01
-9.529268e-01
-9.195047e-01
-8.807474e-01
-8.370164e-01
-7.885525e-01
-7.355796e-01
-6.783731e-01
-6.173802e-01
-5.528937e-01
-4.853266e-01
-4.148682e-01
-3.420348e-01
-2.673599e-01
-1.912910e-01
-1.138108e-01
-3.524642e-02
4.173465e-02
1.202130e-01
1.975211e-01
2.734179e-01
3.479895e-01
4.207025e-01
4.909027e-01
5.583838e-01
6.225089e-01
6.832952e-01
7.401059e-01
7.927518e-01
8.407510e-01
8.841894e-01
9.224476e-01
9.554567e-01
9.830962e-01
1.005211e+00
1.021647e+00
1.032094e+00
1.036758e+00
1.035518e+00
1.028514e+00
1.015572e+00
9.967611e-01
9.723743e-01
9.425663e-01
9.073199e-01
8.668588e-01
8.215272e-01
7.716349e-01
7.171648e-01
6.587191e-01
5.964183e-01
5.309336e-01
4.622650e-01
3.909977e-01
3.174415e-01
2.424052e-01
1.658716e-01
8.801278e-02
1.015400e-02
-6.779084e-02
-1.460282e-01
-2.228544e-01
-2.983038e-01
-3.723075e-01
-4.442632e-01
-5.135857e-01
-5.798621e-01
-6.429890e-01
-7.025017e-01
-7.579184e-01
-8.090498e-01
-8.555689e-01
-8.973036e-01
-9.339956e-01
-9.651460e-01
-9.909957e-01
-1.011114e+00
-1.025623e+00
-1.034142e+00
-1.036844e+00
-1.033677e+00
-1.024693e+00
-1.009755e+00
-9.891542e-01
-9.629087e-01
-9.312076e-01
-8.942402e-01
-8.520236e-01
-8.053152e-01
-7.536847e-01
-6.979926e-01
-6.379980e-01
-5.747679e-01
-5.077687e-01
-4.378610e-01
-3.653890e-01
-2.911616e-01
-2.156089e-01
-1.388860e-01
-6.101003e-02
1.554078e-02
9.321025e-02
1.699160e-01
2.450727e-01
3.187150e-01
3.905847e-01
4.601138e-01
5.267859e-01
5.901193e-01
6.501656e-01
7.063052e-01
7.582454e-01
8.057627e-01
8.485988e-01
8.864956e-01
9.193498e-01
9.468516e-01
9.689151e-01
9.853852e-01
9.962792e-01
1.001373e+00
1.000892e+00
9.946959e-01
9.829241e-01
9.654386e-01
9.425835e-01
9.145998e-01
8.812809e-01
8.431604e-01
8.002899e-01
7.530135e-01
7.015896e-01
6.462933e-01
5.874345e-01
5.253919e-01
4.604752e-01
3.931490e-01
3.236888e-01
2.528173e-01
1.806723e-01
1.074603e-01
3.335330e-02
-3.903265e-02
-1.128126e-01
-1.852158e-01
-2.561045e-01
-3.255131e-01
-3.929769e-01
-4.580830e-01
-5.201772e-01
-5.792081e-01
-6.350034e-01
-6.869954e-01
-7.348740e-01
-7.785018e-01
-8.176033e-01
-8.518859e-01
-8.812809e-01
-9.055817e-01
-9.247021e-01
-9.385391e-01
-9.469549e-01
-9.499495e-01
-9.475917e-01
-9.399159e-01
-9.269395e-01
-9.086279e-01
-8.851188e-01
-8.568941e-01
-8.237817e-01
-7.860054e-01
-7.438405e-01
-6.976829e-01
-6.476873e-01
-5.940605e-01
-5.372153e-01
-4.774960e-01
-4.152813e-01
-3.506915e-01
-2.843291e-01
-2.167792e-01
-1.481279e-01
-7.835788e-02
-8.949286e-03
6.021837e-02
1.296097e-01
1.975727e-01
2.642793e-01
3.293681e-01
3.925294e-01
4.531436e-01
5.111247e-01
5.659391e-01
6.175523e-01
6.653450e-01
7.092309e-01
7.490724e-01
7.844909e-01
8.153488e-01
8.414566e-01
8.627628e-01
8.791296e-01
8.904367e-01
8.966668e-01
8.977338e-01
8.937238e-01
8.846885e-01
8.706450e-01
8.516450e-01
8.278778e-01
7.995498e-01
7.667645e-01
7.295905e-01
6.884238e-01
6.435397e-01
5.950587e-01
5.432388e-01
4.885449e-01
4.313211e-01
3.718084e-01
3.101788e-01
2.470519e-01
1.828752e-01
1.177519e-01
5.164770e-02
-1.307973e-02
-7.894303e-02
-1.440835e-01
-2.078127e-01
-2.702340e-01
-3.311408e-01
-3.899307e-01
-4.462768e-01
-4.998176e-01
-5.505876e-01
-5.979844e-01
-6.418359e-01
-6.819011e-01
-7.181285e-01
-7.500534e-01
-7.776585e-01
-8.006685e-01
-8.191178e-01
-8.329031e-01
-8.419385e-01
-8.460345e-01
-8.453633e-01
-8.399937e-01
-8.298741e-01
-8.150218e-01
-7.955054e-01
-7.716522e-01
-7.433758e-01
-7.110552e-01
-6.746557e-01
-6.347453e-01
-5.913240e-01
-5.445124e-01
-4.947922e-01
-4.425422e-01
-3.877622e-01
-3.309859e-01
-2.724885e-01
-2.127693e-01
-1.520002e-01
-9.033615e-02
-2.812141e-02
3.242395e-02
9.436333e-02
1.550980e-01
2.146108e-01
2.728327e-01
3.294198e-01
3.839588e-01
4.358990e-01
4.854127e-01
5.321555e-01
5.756112e-01
6.155387e-01
6.519038e-01
6.844999e-01
7.130687e-01
7.374728e-01
7.576603e-01
7.734420e-01
7.848868e-01
7.916848e-01
7.939737e-01
7.918569e-01
7.851965e-01
7.740444e-01
7.585724e-01
7.388668e-01
7.150135e-01
6.871158e-01
6.554319e-01
6.200650e-01
5.814798e-01
5.395903e-01
4.946890e-01
4.472061e-01
3.973483e-01
3.454424e-01
2.915746e-01
2.363128e-01
1.798118e-01
1.227085e-01
6.472743e-02
7.125008e-03
-5.032252e-02
-1.079422e-01
-1.644775e-01
-2.197910e-01
-2.738309e-01
-3.261326e-01
-3.764896e-01
-4.243510e-01
-4.697514e-01
-5.123638e-01
-5.519472e-01
-5.881746e-01
-6.209255e-01
-6.501484e-01
-6.755506e-01
-6.970633e-01
-7.144972e-01
-7.278007e-01
-7.369392e-01
-7.418614e-01
-7.425670e-01
-7.391077e-01
-7.313804e-01
-7.195398e-01
-7.036204e-01
-6.837426e-01
-6.602163e-01
-6.329038e-01
-6.020804e-01
-5.680043e-01
-5.307959e-01
-4.906618e-01
-4.478945e-01
-4.027179e-01
-3.554759e-01
-3.063754e-01
-2.555537e-01
-2.035790e-01
-1.507438e-01
-9.701370e-02
-4.283610e-02
1.013679e-02
6.414228e-02
1.175626e-01
1.698127e-01
2.209785e-01
2.708536e-01
3.189388e-01
3.650448e-01
4.088447e-01
4.502523e-01
4.890096e-01
5.248412e-01
5.574544e-01
5.867978e-01
6.127679e-01
6.350379e-01
6.537453e-01
6.685288e-01
6.796294e-01
6.867372e-01
6.898694e-01
6.891638e-01
6.844827e-01
6.759981e-01
6.636412e-01
6.475669e-01
6.278956e-01
6.046619e-01
5.780894e-01
5.483847e-01
5.154616e-01
4.799399e-01
4.418366e-01
4.012550e-01
3.586426e-01
3.141199e-01
2.679106e-01
2.203245e-01
1.717402e-01
1.224847e-01
7.254084e-02
2.197738e-02
-2.667576e-02
-7.691223e-02
-1.260817e-01
-1.742013e-01
-2.212711e-01
-2.669985e-01
-3.109533e-01
-3.529633e-01
-3.927360e-01
-4.302713e-01
-4.651735e-01
-4.972017e-01
-5.263901e-01
-5.524291e-01
-5.753186e-01
-5.948349e-01
-6.107715e-01
-6.233694e-01
-6.323359e-01
-6.375161e-01
-6.391683e-01
-6.371891e-01
-6.316130e-01
-6.224056e-01
-6.097733e-01
-5.936990e-01
-5.743548e-01
-5.518267e-01
-5.261319e-01
-4.976147e-01
-4.664127e-01
-4.327324e-01
-3.966599e-01
-3.584705e-01
-3.184569e-01
-2.767739e-01
-2.335764e-01
-1.893462e-01
-1.442212e-01
-9.844214e-02
-5.223285e-02
-6.453812e-03
3.904986e-02
8.496658e-02
1.299712e-01
1.739087e-01
2.168825e-01
2.584967e-01
2.983038e-01
3.362350e-01
3.722559e-01
4.059017e-01
4.370521e-01
4.656554e-01
4.915051e-01
5.144979e-01
5.343928e-01
5.510867e-01
5.646655e-01
5.750088e-01
5.820306e-01
5.855931e-01
5.858856e-01
5.828739e-01
5.765405e-01
5.669028e-01
5.540985e-01
5.382651e-01
5.193683e-01
4.975803e-01
4.730558e-01
4.460186e-01
4.165892e-01
3.848021e-01
3.509669e-01
3.153418e-01
2.780646e-01
2.393762e-01
1.994142e-01
1.585400e-01
1.170119e-01
7.496748e-02
3.237232e-02
-8.673923e-03
-5.092488e-02
-9.265953e-02
-1.335337e-01
-1.734612e-01
-2.123046e-01
-2.498400e-01
-2.856371e-01
-3.196444e-01
-3.517930e-01
-3.817215e-01
-4.093266e-01
-4.345739e-01
-4.572052e-01
-4.772207e-01
-4.943448e-01
-5.085087e-01
-5.197986e-01
-5.280939e-01
-5.332742e-01
-5.355287e-01
-5.346338e-01
-5.307271e-01
-5.238946e-01
-5.140504e-01
-5.013837e-01
-4.858946e-01
-4.677379e-01
-4.470340e-01
-4.237831e-01
-3.982948e-01
-3.707414e-01
-3.411571e-01
-3.097141e-01
-2.767050e-01
-2.423191e-01
-2.066424e-01
-1.699848e-01
-1.326387e-01
-9.474196e-02
-5.638050e-02
-1.772647e-02
1.901723e-02
5.744753e-02
9.506895e-02
1.317782e-01
1.676614e-01
2.024432e-01
2.358997e-01
2.677385e-01
2.979596e-01
3.264080e-01
3.527223e-01
3.769198e-01
3.988800e-01
4.184479e-01
4.355548e-01
4.500630e-01
4.618692e-01
4.711971e-01
4.776165e-01
4.812478e-01
4.821600e-01
4.804045e-01
4.758783e-01
4.686500e-01
4.587541e-01
4.463112e-01
4.314588e-01
4.141626e-01
3.946635e-01
3.729959e-01
3.492114e-01
3.236716e-01
2.963246e-01
2.674976e-01
2.373626e-01
2.059368e-01
1.734957e-01
1.401940e-01
1.064277e-01
7.221385e-02
3.760421e-02
3.700185e-03
-3.008337e-02
-6.424554e-02
-9.766768e-02
-1.304014e-01
-1.622746e-01
-1.931153e-01
-2.224930e-01
-2.505800e-01
-2.770492e-01
-3.017802e-01
-3.246525e-01
-3.456145e-01
-3.643908e-01
-3.811191e-01
-3.955928e-01
-4.075711e-01
-4.173293e-01
-4.245920e-01
-4.294452e-01
-4.317514e-01
-4.316309e-01
-4.290838e-01
-4.242133e-01
-4.166753e-01
-4.070204e-01
-3.950937e-01
-3.809470e-01
-3.648383e-01
-3.466127e-01
-3.265973e-01
-3.048264e-01
-2.814722e-01
-2.566036e-01
-2.304097e-01
-2.031660e-01
-1.748553e-01
-1.457357e-01
-1.159277e-01
-8.574104e-02
-5.531347e-02
-2.450727e-02
4.818846e-03
3.512595e-02
6.520931e-02
9.458706e-02
1.232420e-01
1.510708e-01
1.778326e-01
2.034241e-01
2.277077e-01
2.505284e-01
2.717485e-01
2.913165e-01
3.090429e-01
3.248935e-01
3.388337e-01
3.507259e-01
3.605702e-01
3.682459e-01
3.738048e-01
3.771435e-01
3.783483e-01
3.773501e-01
3.742694e-01
3.689515e-01
3.616716e-01
3.523609e-01
3.411055e-01
3.279569e-01
3.130357e-01
2.963935e-01
2.782023e-01
2.585311e-01
2.375347e-01
2.151959e-01
1.919450e-01
1.676786e-01
1.426378e-01
1.169086e-01
9.071478e-02
6.427996e-02
3.755258e-02
1.063588e-02
-1.440491e-02
-4.102903e-02
-6.698196e-02
-9.226369e-02
-1.169431e-01
-1.408996e-01
-1.638063e-01
-1.856288e-01
-2.062294e-01
-2.254359e-01
-2.433001e-01
-2.595981e-01
-2.743644e-01
-2.874097e-01
-2.988029e-01
-3.083545e-01
-3.160475e-01
-3.219850e-01
-3.259605e-01
-3.280946e-01
-3.283183e-01
-3.266489e-01
-3.231897e-01
-3.179062e-01
-3.108500e-01
-3.021416e-01
-2.917811e-01
-2.797340e-01
-2.662240e-01
-2.513889e-01
-2.351769e-01
-2.177430e-01
-1.992249e-01
-1.796913e-01
-1.593317e-01
-1.382148e-01
-1.164096e-01
-9.420844e-02
-7.171476e-02
-4.898013e-02
-2.607340e-02
-3.769026e-03
1.796741e-02
4.040947e-02
6.230080e-02
8.357256e-02
1.043452e-01
1.243262e-01
1.434295e-01
1.615002e-01
1.784694e-01
1.943544e-01
2.088970e-01
2.221144e-01
2.339894e-01
2.444360e-01
2.533680e-01
2.607168e-01
2.664822e-01
2.707503e-01
2.734351e-01
2.745365e-01
2.739858e-01
2.719722e-01
2.682720e-01
2.631262e-01
2.565003e-01
2.485148e-01
2.391352e-01
2.285166e-01
2.166760e-01
2.036651e-01
1.896044e-01
1.746143e-01
1.586777e-01
1.420699e-01
1.248253e-01
1.069268e-01
8.863235e-02
6.995932e-02
5.114861e-02
3.223464e-02
1.314857e-02
-4.216490e-03
-2.285510e-02
-4.130440e-02
-5.920297e-02
-7.653360e-02
-9.339956e-02
-1.095427e-01
-1.248942e-01
-1.393507e-01
-1.529467e-01
-1.654069e-01
-1.768517e-01
-1.871605e-01
-1.962647e-01
-2.042158e-01
-2.109450e-01
-2.163490e-01
-2.204450e-01
-2.232330e-01
-2.247475e-01
-2.249196e-01
-2.238526e-01
-2.214948e-01
-2.179667e-01
-2.131307e-01
-2.072276e-01
-2.001026e-01
-1.920310e-01
-1.828752e-01
-1.727728e-01
-1.618960e-01
-1.501931e-01
-1.376469e-01
-1.246188e-01
-1.109195e-01
-9.682439e-02
-8.238506e-02
-6.754990e-02
-5.255984e-02
-3.753537e-02
-2.237321e-02
-7.297110e-03
5.868666e-03
2.070383e-02
3.502268e-02
4.896292e-02
6.247290e-02
7.553541e-02
8.780626e-02
9.950917e-02
1.104376e-01
1.205572e-01
1.299023e-01
1.383525e-01
1.458045e-01
1.524648e-01
1.580582e-01
1.626361e-01
1.661986e-01
1.687457e-01
1.703806e-01
1.708797e-01
1.704150e-01
1.689350e-01
1.665772e-01
1.632040e-01
1.590047e-01
1.538589e-01
1.479902e-01
1.412266e-01
1.337918e-01
1.257203e-01
1.169603e-01
1.076668e-01
9.790863e-02
8.772021e-02
7.730806e-02
6.644845e-02
5.543394e-02
4.423012e-02
3.300910e-02
2.175365e-02
1.048099e-02
2.409423e-04
-9.999106e-03
-2.065220e-02
-3.104714e-02
-4.108066e-02
-5.078720e-02
-5.990858e-02
-6.861693e-02
-7.674012e-02
-8.419213e-02
-9.114503e-02
-9.740953e-02
-1.029340e-01
-1.079077e-01
-1.120382e-01
-1.155490e-01
-1.181994e-01
-1.201442e-01
-1.213317e-01
-1.218652e-01
-1.216070e-01
-1.206949e-01
-1.190943e-01
-1.168054e-01
-1.138624e-01
-1.104376e-01
-1.063072e-01
-1.017465e-01
-9.666949e-02
-9.114503e-02
-8.513868e-02
-7.885697e-02
-7.223106e-02
-6.529536e-02
-5.820478e-02
-5.126908e-02
-4.426454e-02
-3.703627e-02
-2.970474e-02
-2.211506e-02
-1.447375e-02
-6.746385e-03
6.884066e-05
7.176639e-03
1.492121e-02
2.257974e-02
3.006616e-02
3.736327e-02
4.443664e-02
5.121745e-02
5.775731e-02
6.400460e-02
6.980443e-02
7.522563e-02
8.018216e-02
8.458796e-02
8.866677e-02
9.214322e-02
9.508616e-02
9.746116e-02
9.930265e-02
1.005590e-01
1.012130e-01
1.012818e-01
1.006967e-01
9.964685e-02
9.799468e-02
9.568852e-02
9.302094e-02
8.956170e-02
8.570662e-02
8.135245e-02
7.655081e-02
7.125008e-02
6.550189e-02
5.946112e-02
5.299010e-02
4.620929e-02
3.922197e-02
3.192486e-02
2.452448e-02
1.696922e-02
9.190228e-03
1.789857e-03
-4.663955e-03
-1.246016e-02
-2.017031e-02
-2.774279e-02
-3.519479e-02
-4.247469e-02
-4.947922e-02
-5.622561e-02
-6.261058e-02
-6.865135e-02
-7.433070e-02
-7.957980e-02
-8.436423e-02
-8.878724e-02
-9.253906e-02
-9.589504e-02
-9.857982e-02
-1.007655e-01
-1.024865e-01
-1.034675e-01
-1.039494e-01
-1.038633e-01
-1.031405e-01
-1.019014e-01
-1.000255e-01
-9.758163e-02
-9.456985e-02
-9.109340e-02
-8.699738e-02
-8.245390e-02
-7.744574e-02
-7.207617e-02
-6.620750e-02
-5.996021e-02
-5.343756e-02
-4.653629e-02
-3.948012e-02
-3.216580e-02
-2.469659e-02
-1.703806e-02
-9.379540e-03
-1.807067e-03
4.646744e-03
1.235690e-02
2.001542e-02
2.750184e-02
3.493663e-02
4.211327e-02
4.899734e-02
5.565767e-02
6.192217e-02
6.792852e-02
7.341856e-02
7.859882e-02
8.322836e-02
8.732438e-02
9.102456e-02
9.408797e-02
9.672113e-02
9.875192e-02
1.002148e-01
1.010409e-01
1.013334e-01
1.009720e-01
1.000599e-01
9.859703e-02
9.648018e-02
9.388145e-02
9.074920e-02
8.703180e-02
8.283252e-02
7.818578e-02
7.302273e-02
6.748106e-02
6.147471e-02
5.519300e-02
4.853266e-02
4.159697e-02
3.435149e-02
2.700275e-02
1.943028e-02
1.184059e-02
4.113229e-03
-2.099640e-03
-9.895845e-03
-1.764042e-02
-2.524731e-02
-3.266489e-02
-4.008247e-02
-4.710422e-02
-5.393666e-02
-6.045931e-02
-6.667218e-02
-7.243758e-02
-7.789320e-02
-8.281531e-02
-8.737601e-02
-9.136876e-02
-9.484522e-02
-9.775373e-02
-1.001976e-01
-1.019702e-01
-1.032094e-01
-1.038633e-01
-1.038978e-01
-1.034331e-01
-1.023488e-01
-1.006795e-01
-9.840772e-02
-9.565409e-02
-9.224648e-02
-8.839141e-02
-8.405444e-02
-7.920118e-02
-7.395208e-02
-6.825551e-02
-6.212869e-02
-5.572651e-02
-4.889408e-02
-4.187233e-02
-3.464406e-02
-2.719206e-02
-1.961959e-02
-1.192664e-02
-4.147650e-03
2.065220e-03
9.809794e-03
1.743390e-02
2.504079e-02
3.254442e-02
3.975548e-02
4.674281e-02
5.350640e-02
5.987416e-02
6.594935e-02
7.164592e-02
7.689502e-02
8.174828e-02
8.606803e-02
8.987148e-02
9.317583e-02
9.592946e-02
9.811515e-02
9.978453e-02
1.007999e-01
1.012302e-01
1.011269e-01
1.003869e-01
9.913055e-02
9.730627e-02
9.479359e-02
9.183344e-02
8.833977e-02
8.424376e-02
7.976911e-02
7.479538e-02
6.940859e-02
6.352272e-02
5.732706e-02
5.080441e-02
4.388592e-02
3.679533e-02
2.944659e-02
2.196017e-02
1.442212e-02
6.694754e-03
-8.605082e-05
-7.297110e-03
-1.504168e-02
-2.268300e-02
-3.023826e-02
-3.758700e-02
-4.476364e-02
-5.173375e-02
-5.832525e-02
-6.458975e-02
-7.059610e-02
-7.612056e-02
-8.124919e-02
-8.587872e-02
-9.004358e-02
-9.370935e-02
-9.682439e-02
-9.938870e-02
-1.014195e-01
-1.028307e-01
-1.037429e-01
-1.039322e-01
-1.037085e-01
-1.028135e-01
-1.012646e-01
-9.921660e-02
-9.665228e-02
-9.348561e-02
-8.981985e-02
-8.555173e-02
-8.087056e-02
-7.569030e-02
-7.009700e-02
-6.426275e-02
-5.782615e-02
-5.120024e-02
-4.428175e-02
-3.712233e-02
-2.965311e-02
-2.221832e-02
-1.445654e-02
-6.711964e-03
1.032610e-04
7.193849e-03
1.493842e-02
2.256253e-02
3.001453e-02
3.738048e-02
4.441943e-02
5.125187e-02
5.779173e-02
6.400460e-02
6.982164e-02
7.512237e-02
8.018216e-02
8.460517e-02
8.863235e-02
9.212601e-02
9.503453e-02
9.742674e-02
9.928544e-02
1.005418e-01
1.011613e-01
1.012646e-01
1.007139e-01
9.966406e-02
9.799468e-02
9.568852e-02
9.295210e-02
8.963054e-02
8.568941e-02
8.136966e-02
7.651639e-02
7.126729e-02
6.551910e-02
5.940949e-02
5.295568e-02
4.632976e-02
3.918754e-02
3.190765e-02
2.452448e-02
1.690038e-02
9.224648e-03
1.772647e-03
-4.612324e-03
-1.251179e-02
-2.015310e-02
-2.776000e-02
-3.517758e-02
-4.240585e-02
-4.947922e-02
-5.624282e-02
-6.264500e-02
-6.861693e-02
-7.431349e-02
-7.954538e-02
-8.436423e-02
-8.864956e-02
-9.259069e-02
-9.586062e-02
-9.864866e-02
-1.008860e-01
-1.024349e-01
-1.035191e-01
-1.039838e-01
-1.038461e-01
-1.031749e-01
-1.018498e-01
-1.000255e-01
-9.756442e-02
-9.458706e-02
-9.104177e-02
-8.708343e-02
-8.247111e-02
-7.749737e-02
-7.207617e-02
-6.625913e-02
-6.001184e-02
-5.345477e-02
-4.655350e-02
-3.946291e-02
-3.211417e-02
-2.464496e-02
-1.708969e-02
-9.276279e-03
-1.875908e-03
4.595114e-03
1.235690e-02
2.003263e-02
2.751905e-02
3.493663e-02
4.211327e-02
4.899734e-02
5.567488e-02
6.193938e-02
6.789410e-02
7.350461e-02
7.856440e-02
8.314231e-02
8.734159e-02
9.097293e-02
9.410518e-02
9.673834e-02
9.871750e-02
1.001459e-01
1.010409e-01
1.012646e-01
1.009720e-01
1.000599e-01
9.859703e-02
9.642855e-02
9.389866e-02
9.074920e-02
8.703180e-02
8.281531e-02
7.818578e-02
7.303994e-02
6.749827e-02
6.150913e-02
5.514137e-02
4.860150e-02
4.157976e-02
3.440312e-02
2.698554e-02
1.951633e-02
1.184059e-02
4.061599e-03
-2.168481e-03
-9.861424e-03
-1.758879e-02
-2.519568e-02
-3.273373e-02
-4.001363e-02
-4.717306e-02
-5.395387e-02
-6.047652e-02
-6.662055e-02
-7.245479e-02
-7.789320e-02
-8.281531e-02
-8.735880e-02
-9.131713e-02
-9.484522e-02
-9.771931e-02
-1.000599e-01
-1.019530e-01
-1.032094e-01
-1.038806e-01
-1.039322e-01
-1.034847e-01
-1.023661e-01
-1.006967e-01
-9.840772e-02
-9.563688e-02
-9.226369e-02
-8.840862e-02
-8.407165e-02
-7.918397e-02
-7.386603e-02
-6.820388e-02
-6.212869e-02
-5.570930e-02
-4.892850e-02
-4.187233e-02
-3.462685e-02
-2.717485e-02
-1.956796e-02
-1.189222e-02
-4.216490e-03
2.048010e-03
9.809794e-03
1.748553e-02
2.507521e-02
3.254442e-02
3.973827e-02
4.677723e-02
5.347198e-02
5.982253e-02
6.591493e-02
7.166313e-02
7.689502e-02
8.167944e-02
8.603361e-02
8.985427e-02
9.317583e-02
9.591225e-02
9.814957e-02
9.973290e-02
1.008688e-01
1.012818e-01
1.011613e-01
1.004557e-01
9.916497e-02
9.725464e-02
9.482801e-02
9.190228e-02
8.833977e-02
8.427818e-02
7.973469e-02
7.482980e-02
6.933975e-02
6.352272e-02
5.730985e-02
5.075278e-02
4.393755e-02
3.686417e-02
2.948101e-02
2.202901e-02
1.442212e-02
6.660334e-03
-8.605082e-05
-7.245479e-03
-1.505889e-02
-2.271742e-02
-3.025547e-02
-3.760421e-02
-4.479806e-02
-5.175096e-02
-5.835967e-02
-6.457254e-02
-7.061331e-02
-7.617219e-02
-8.119756e-02
-8.587872e-02
-9.006079e-02
-9.367493e-02
-9.682439e-02
-9.940591e-02
-1.014367e-01
-1.028824e-01
-1.036568e-01
-1.040182e-01
-1.036052e-01
-1.027791e-01
-1.012646e-01
-9.918218e-02
-9.658344e-02
-9.346840e-02
-8.973380e-02
-8.553452e-02
-8.087056e-02
-7.574193e-02
-7.013142e-02
-6.417670e-02
-5.786057e-02
-5.116582e-02
-4.428175e-02
-3.703627e-02
-2.965311e-02
-2.209785e-02
-1.449096e-02
-6.729174e-03
3.442033e-05
7.193849e-03
1.493842e-02
2.254532e-02
3.004895e-02
3.734606e-02
4.436780e-02
5.126908e-02
5.772289e-02
6.403902e-02
6.977001e-02
7.520842e-02
8.018216e-02
8.469122e-02
8.868398e-02
9.216043e-02
9.506895e-02
9.746116e-02
9.928544e-02
1.005418e-01
1.011786e-01
1.012646e-01
1.007139e-01
9.966406e-02
9.792584e-02
9.565409e-02
9.295210e-02
8.954449e-02
8.570662e-02
8.138687e-02
7.655081e-02
7.123287e-02
6.553631e-02
5.942670e-02
5.297289e-02
4.624371e-02
3.918754e-02
3.194207e-02
2.449006e-02
1.691759e-02
9.241858e-03
1.721016e-03
-4.646744e-03
-1.242574e-02
-2.017031e-02
-2.776000e-02
-3.522921e-02
-4.244027e-02
-4.946201e-02
-5.617398e-02
-6.259337e-02
-6.858251e-02
-7.434791e-02
-7.957980e-02
-8.438144e-02
-8.868398e-02
-9.253906e-02
-9.586062e-02
-9.863145e-02
-1.007483e-01
-1.024349e-01
-1.034331e-01
-1.039494e-01
-1.038461e-01
-1.031405e-01
-1.018498e-01
-9.995664e-02
-9.753000e-02
-9.453543e-02
-9.104177e-02
-8.694575e-02
-8.250553e-02
-7.748016e-02
-7.202454e-02
-6.622471e-02
-5.999463e-02
-5.343756e-02
-4.660513e-02
-3.949733e-02
-3.214859e-02
-2.469659e-02
-1.705527e-02
-9.345119e-03
-1.824277e-03
4.543483e-03
1.233969e-02
2.003263e-02
2.750184e-02
3.488500e-02
4.213048e-02
4.898013e-02
5.569209e-02
6.199101e-02
6.784247e-02
7.343577e-02
7.854719e-02
8.319394e-02
8.732438e-02
9.100735e-02
9.419123e-02
9.673834e-02
9.873471e-02
1.001804e-01
1.010581e-01
1.013334e-01
1.009892e-01
1.001115e-01
9.861424e-02
9.644576e-02
9.396750e-02
9.076641e-02
8.715227e-02
8.291857e-02
7.815136e-02
7.302273e-02
6.744664e-02
6.149192e-02
5.515858e-02
4.858429e-02
4.163139e-02
3.436870e-02
2.696833e-02
1.949912e-02
1.182338e-02
4.078809e-03
-2.099640e-03
-9.895845e-03
-1.758879e-02
-2.517847e-02
-3.269931e-02
-4.003084e-02
-4.715585e-02
-5.397108e-02
-6.044210e-02
-6.662055e-02
-7.247200e-02
-7.787599e-02
-8.288415e-02
-8.732438e-02
-9.129992e-02
-9.484522e-02
-9.768489e-02
-1.001804e-01
-1.019530e-01
-1.032094e-01
-1.038117e-01
-1.039322e-01
-1.034675e-01
-1.023661e-01
-1.006450e-01
-9.837330e-02
-9.556804e-02
-9.228090e-02
-8.839141e-02
-8.405444e-02
-7.921839e-02
-7.391766e-02
-6.822109e-02
-6.211148e-02
-5.565767e-02
-4.892850e-02
-4.190675e-02
-3.457522e-02
-2.719206e-02
-1.960238e-02
-1.190943e-02
-4.199280e-03
2.065220e-03
9.809794e-03
1.743390e-02
2.504079e-02
3.251000e-02
3.975548e-02
4.674281e-02
5.347198e-02
5.989137e-02
6.600098e-02
7.161149e-02
7.687781e-02
8.173107e-02
8.605082e-02
8.990590e-02
9.319304e-02
9.589504e-02
9.813236e-02
9.981895e-02
1.007999e-01
1.012646e-01
1.011441e-01
1.004041e-01
9.914776e-02
9.732348e-02
9.479359e-02
9.186786e-02
8.833977e-02
8.424376e-02
7.976911e-02
7.479538e-02
6.935696e-02
6.353993e-02
5.734427e-02
5.078720e-02
4.392034e-02
3.681254e-02
2.946380e-02
2.199459e-02
1.440491e-02
6.677544e-03
-1.032610e-04
-7.228269e-03
-1.504168e-02
-2.271742e-02
-3.020384e-02
-3.756979e-02
-4.478085e-02
-5.176818e-02
-5.834246e-02
-6.465859e-02
-7.054446e-02
-7.608614e-02
-8.116314e-02
-8.584430e-02
-9.002637e-02
-9.370935e-02
-9.682439e-02
-9.937149e-02
-1.014195e-01
-1.028479e-01
-1.037085e-01
-1.040354e-01
-1.036568e-01
-1.027963e-01
-1.013162e-01
-9.923381e-02
-9.665228e-02
-9.345119e-02
-8.980264e-02
-8.553452e-02
-8.093940e-02
-7.574193e-02
-7.014863e-02
-6.424554e-02
-5.784336e-02
-5.120024e-02
-4.428175e-02
-3.703627e-02
-2.970474e-02
-2.216669e-02
-1.447375e-02
-6.763595e-03
6.884066e-05
7.211059e-03
1.486958e-02
2.261416e-02
2.999732e-02
3.731164e-02
4.441943e-02
5.125187e-02
5.779173e-02
6.395297e-02
6.977001e-02
7.519121e-02
8.014774e-02
8.462238e-02
8.868398e-02
9.214322e-02
9.501732e-02
9.746116e-02
9.925102e-02
1.005590e-01
1.012302e-01
1.012474e-01
1.007311e-01
9.966406e-02
9.796026e-02
9.565409e-02
9.290047e-02
8.957891e-02
8.565499e-02
8.133524e-02
7.653360e-02
7.125008e-02
6.551910e-02
5.947833e-02
5.297289e-02
4.626092e-02
3.918754e-02
3.201091e-02
2.454169e-02
1.693480e-02
9.276279e-03
1.772647e-03
-4.663955e-03
-1.251179e-02
-2.013589e-02
-2.776000e-02
-3.514316e-02
-4.249190e-02
-4.937596e-02
-5.615677e-02
-6.261058e-02
-6.861693e-02
-7.429628e-02
-7.956259e-02
-8.436423e-02
-8.871840e-02
-9.253906e-02
-9.584341e-02
-9.861424e-02
-1.008171e-01
-1.024349e-01
-1.035191e-01
-1.039838e-01
-1.038117e-01
-1.031233e-01
-1.018325e-01
-9.992222e-02
-9.756442e-02
-9.456985e-02
-9.109340e-02
-8.698017e-02
-8.247111e-02
-7.749737e-02
-7.207617e-02
-6.619029e-02
-5.999463e-02
-5.366129e-02
-4.734516e-02
-4.059878e-02
-3.342214e-02
-2.593572e-02
-1.805346e-02
-9.964685e-03
-1.910328e-03
5.283521e-03
1.402628e-02
2.283789e-02
3.161507e-02
4.047831e-02
4.923828e-02
5.787778e-02
6.636239e-02
7.458885e-02
8.253995e-02
9.018126e-02
9.735790e-02
1.040871e-01
1.103860e-01
1.160826e-01
1.212628e-01
1.256342e-01
1.295753e-01
1.326387e-01
1.349793e-01
1.365282e-01
1.374232e-01
1.373887e-01
1.365799e-01
1.349621e-01
1.325183e-01
1.291967e-01
1.250491e-01
1.200925e-01
1.143099e-01
1.078045e-01
1.004902e-01
9.245300e-02
8.371024e-02
7.443396e-02
6.445207e-02
5.402271e-02
4.309425e-02
3.163228e-02
1.991216e-02
7.778994e-03
-3.011779e-03
-1.543752e-02
-2.808699e-02
-4.073646e-02
-5.331709e-02
-6.584609e-02
-7.811694e-02
-9.014684e-02
-1.017293e-01
-1.129675e-01
-1.238099e-01
-1.339467e-01
-1.434467e-01
-1.523100e-01
-1.603987e-01
-1.676614e-01
-1.740636e-01
-1.795536e-01
-1.840455e-01
-1.875220e-01
-1.899658e-01
-1.913770e-01
-1.916696e-01
-1.908435e-01
-1.889160e-01
-1.858526e-01
-1.817221e-01
-1.763870e-01
-1.700192e-01
-1.626188e-01
-1.542203e-01
-1.448063e-01
-1.343253e-01
-1.229494e-01
-1.108851e-01
-9.794305e-02
-8.431260e-02
-6.995932e-02
-5.505532e-02
-3.982432e-02
-2.400818e-02
-7.847835e-03
6.625913e-03
2.330256e-02
3.977269e-02
5.622561e-02
7.252363e-02
8.856351e-02
1.043108e-01
1.195590e-01
1.342909e-01
1.484205e-01
1.618616e-01
1.744939e-01
1.862140e-01
1.969531e-01
2.067113e-01
2.153336e-01
2.228372e-01
2.290673e-01
2.340582e-01
2.377240e-01
2.400302e-01
2.410456e-01
2.406669e-01
2.388255e-01
2.355211e-01
2.309260e-01
2.248336e-01
2.175365e-01
2.087249e-01
1.987602e-01
1.875047e-01
1.749930e-01
1.613281e-01
1.466478e-01
1.309521e-01
1.143443e-01
9.691044e-02
7.871929e-02
5.999463e-02
4.065041e-02
2.084151e-02
1.600545e-03
-1.795020e-02
-3.841309e-02
-5.870387e-02
-7.885697e-02
-9.880355e-02
-1.184576e-01
-1.374232e-01
-1.558553e-01
-1.735301e-01
-1.904477e-01
-2.063499e-01
-2.212367e-01
-2.349187e-01
-2.474650e-01
-2.586688e-01
-2.684786e-01
-2.768771e-01
-2.836751e-01
-2.890103e-01
-2.926072e-01
-2.946036e-01
-2.950166e-01
-2.936742e-01
-2.906108e-01
-2.858953e-01
-2.794931e-01
-2.714387e-01
-2.616633e-01
-2.504423e-01
-2.375863e-01
-2.233363e-01
-2.076751e-01
-1.907403e-01
-1.724458e-01
-1.531877e-01
-1.327420e-01
-1.113326e-01
-8.930354e-02
-6.663776e-02
-4.324914e-02
-1.941307e-02
3.407613e-03
2.743300e-02
5.173375e-02
7.586241e-02
9.964685e-02
1.231043e-01
1.461315e-01
1.683670e-01
1.898625e-01
2.104287e-01
2.298934e-01
2.481534e-01
2.651398e-01
2.807666e-01
2.948101e-01
3.073219e-01
3.181299e-01
3.271996e-01
3.343935e-01
3.398147e-01
3.432051e-01
3.447540e-01
3.443066e-01
3.418627e-01
3.373881e-01
3.310375e-01
3.226562e-01
3.123645e-01
3.001797e-01
2.862395e-01
2.704922e-01
2.531615e-01
2.341443e-01
2.137330e-01
1.919105e-01
1.688833e-01
1.446170e-01
1.193869e-01
9.336514e-02
6.660334e-02
3.925639e-02
1.128987e-02
-1.516216e-02
-4.350730e-02
-7.161149e-02
-9.938870e-02
-1.269250e-01
-1.539449e-01
-1.802248e-01
-2.055238e-01
-2.299622e-01
-2.531615e-01
-2.750873e-01
-2.955674e-01
-3.144985e-01
-3.317603e-01
-3.473011e-01
-3.608455e-01
-3.724796e-01
-3.820657e-01
-3.894832e-01
-3.947668e-01
-3.977785e-01
-3.985702e-01
-3.970557e-01
-3.932867e-01
-3.871943e-01
-3.789678e-01
-3.684696e-01
-3.557513e-01
-3.410366e-01
-3.240846e-01
-3.053944e-01
-2.848110e-01
-2.623517e-01
-2.383091e-01
-2.127865e-01
-1.858698e-01
-1.576623e-01
-1.284739e-01
-9.842493e-02
-6.768758e-02
-3.619298e-02
-4.956527e-03
2.626271e-02
5.849735e-02
9.035336e-02
1.217619e-01
1.528435e-01
1.832194e-01
2.126660e-01
2.410456e-01
2.682376e-01
2.940357e-01
3.182676e-01
3.407957e-01
3.615339e-01
3.803446e-01
3.970041e-01
4.115467e-01
4.237143e-01
4.336273e-01
4.410621e-01
4.460014e-01
4.484280e-01
4.483420e-01
4.456056e-01
4.403565e-01
4.324742e-01
4.222170e-01
4.093782e-01
3.941472e-01
3.765240e-01
3.567151e-01
3.347377e-01
3.108156e-01
2.847766e-01
2.571543e-01
2.278626e-01
1.969703e-01
1.648562e-01
1.316233e-01
9.754721e-02
6.267942e-02
2.712322e-02
-7.314320e-03
-4.340404e-02
-7.939049e-02
-1.149123e-01
-1.501071e-01
-1.845274e-01
-2.181216e-01
-2.508209e-01
-2.820058e-01
-3.117966e-01
-3.400729e-01
-3.664044e-01
-3.908600e-01
-4.132333e-01
-4.332831e-01
-4.510096e-01
-4.662234e-01
-4.789761e-01
-4.889064e-01
-4.961174e-01
-5.004372e-01
-5.021754e-01
-5.008846e-01
-4.967886e-01
-4.898701e-01
-4.800259e-01
-4.674625e-01
-4.521627e-01
-4.341608e-01
-4.136979e-01
-3.906879e-01
-3.653374e-01
-3.378011e-01
-3.081652e-01
-2.767567e-01
-2.434206e-01
-2.086732e-01
-1.725147e-01
-1.352547e-01
-9.708254e-02
-5.817036e-02
-1.838046e-02
1.980890e-02
6.004626e-02
9.973290e-02
1.389204e-01
1.775745e-01
2.155057e-01
2.522666e-01
2.877884e-01
3.217612e-01
3.541852e-01
3.845955e-01
4.129923e-01
4.391346e-01
4.629878e-01
4.842080e-01
5.027777e-01
5.185250e-01
5.314499e-01
5.413457e-01
5.481954e-01
5.519128e-01
5.524807e-01
5.499680e-01
5.442026e-01
5.353910e-01
5.234299e-01
5.084399e-01
4.904725e-01
4.696482e-01
4.459842e-01
4.198248e-01
3.909977e-01
3.598473e-01
3.263908e-01
2.911099e-01
2.539188e-01
2.150926e-01
1.748036e-01
1.334820e-01
9.129992e-02
4.817125e-02
5.180260e-03
-3.794841e-02
-8.195480e-02
-1.253588e-01
-1.681949e-01
-2.103254e-01
-2.514233e-01
-2.913337e-01
-3.296091e-01
-3.662667e-01
-4.010313e-01
-4.335585e-01
-4.637107e-01
-4.914363e-01
-5.165115e-01
-5.386954e-01
-5.578331e-01
-5.740106e-01
-5.869182e-01
-5.965904e-01
-6.026483e-01
-6.055741e-01
-6.049717e-01
-6.009962e-01
-5.933893e-01
-5.825813e-01
-5.682624e-01
-5.507081e-01
-5.298493e-01
-5.059788e-01
-4.791138e-01
-4.493918e-01
-4.170539e-01
-3.820829e-01
-3.448573e-01
-3.055321e-01
-2.643309e-01
-2.213571e-01
-1.770238e-01
-1.315373e-01
-8.515589e-02
-3.781073e-02
8.570662e-03
5.631166e-02
1.039666e-01
1.509504e-01
1.972973e-01
2.428354e-01
2.871516e-01
3.298844e-01
3.709135e-01
4.101526e-01
4.471029e-01
4.815060e-01
5.134481e-01
5.425504e-01
5.687443e-01
5.916338e-01
6.112534e-01
6.274826e-01
6.403214e-01
6.494772e-01
6.548812e-01
6.565678e-01
6.545542e-01
6.488404e-01
6.393748e-01
6.261230e-01
6.093947e-01
5.890867e-01
5.653023e-01
5.381963e-01
5.079408e-01
4.746391e-01
4.385838e-01
3.998265e-01
3.586598e-01
3.154279e-01
2.699931e-01
2.228544e-01
1.745111e-01
1.249286e-01
7.424465e-02
2.271742e-02
-2.734695e-02
-7.927002e-02
-1.306079e-01
-1.811886e-01
-2.310637e-01
-2.798545e-01
-3.271824e-01
-3.728066e-01
-4.163483e-01
-4.578420e-01
-4.968919e-01
-5.331021e-01
-5.663693e-01
-5.967452e-01
-6.237480e-01
-6.473087e-01
-6.672037e-01
-6.834328e-01
-6.958070e-01
-7.042227e-01
-7.087146e-01
-7.090244e-01
-7.055135e-01
-6.978378e-01
-6.861348e-01
-6.705252e-01
-6.510949e-01
-6.278612e-01
-6.009789e-01
-5.704481e-01
-5.366990e-01
-4.998004e-01
-4.598384e-01
-4.170883e-01
-3.719117e-01
-3.244977e-01
-2.749324e-01
-2.236117e-01
-1.710002e-01
-1.173045e-01
-6.245569e-02
-7.675733e-03
4.732795e-02
1.029340e-01
1.578516e-01
2.119948e-01
2.652258e-01
3.171661e-01
3.674542e-01
4.156943e-01
4.618520e-01
5.055658e-01
5.464571e-01
5.842851e-01
6.190324e-01
6.503205e-01
6.779600e-01
7.019166e-01
7.218459e-01
7.377653e-01
7.495887e-01
7.571268e-01
7.603451e-01
7.592953e-01
7.539257e-01
7.442019e-01
7.301412e-01
7.120189e-01
6.896629e-01
6.633142e-01
6.330931e-01
5.991719e-01
5.618258e-01
5.210549e-01
4.770486e-01
4.304090e-01
3.811707e-01
3.294886e-01
2.757413e-01
2.203073e-01
1.635826e-01
1.055671e-01
4.650186e-02
-1.168570e-02
-7.130171e-02
-1.306424e-01
-1.891053e-01
-2.466561e-01
-3.032947e-01
-3.582812e-01
-4.112885e-01
-4.620929e-01
-5.105567e-01
-5.562153e-01
-5.988621e-01
-6.381357e-01
-6.740017e-01
-7.060986e-01
-7.342545e-01
-7.583143e-01
-7.782264e-01
-7.936295e-01
-8.047301e-01
-8.111495e-01
-8.129565e-01
-8.102373e-01
-8.028370e-01
-7.907726e-01
-7.742337e-01
-7.532201e-01
-7.279039e-01
-6.983196e-01
-6.646221e-01
-6.272761e-01
-5.860061e-01
-5.413629e-01
-4.933810e-01
-4.425594e-01
-3.891046e-01
-3.331716e-01
-2.751045e-01
-2.154368e-01
-1.544784e-01
-9.229811e-02
-2.891308e-02
3.300910e-02
9.675555e-02
1.596415e-01
2.215464e-01
2.826081e-01
3.423618e-01
4.002396e-01
4.558801e-01
5.091627e-01
5.598639e-01
6.073811e-01
6.515252e-01
6.921412e-01
7.289193e-01
7.617047e-01
7.901187e-01
8.141613e-01
8.336776e-01
8.485127e-01
8.585463e-01
8.636577e-01
8.638814e-01
8.592863e-01
8.496830e-01
8.352265e-01
8.159683e-01
7.920462e-01
7.635117e-01
7.305715e-01
6.933631e-01
6.521276e-01
6.069681e-01
5.582461e-01
5.061682e-01
4.511989e-01
3.935276e-01
3.332576e-01
2.710257e-01
2.071071e-01
1.420183e-01
7.541494e-02
8.811604e-03
-5.803268e-02
-1.254449e-01
-1.919622e-01
-2.573952e-01
-3.218301e-01
-3.844923e-01
-4.451065e-01
-5.033801e-01
-5.589001e-01
-6.115288e-01
-6.606982e-01
-7.062707e-01
-7.478505e-01
-7.855408e-01
-8.186703e-01
-8.472392e-01
-8.711613e-01
-8.900925e-01
-9.039983e-01
-9.128099e-01
-9.164413e-01
-9.149268e-01
-9.081804e-01
-8.961677e-01
-8.791124e-01
-8.569629e-01
-8.299946e-01
-7.980698e-01
-7.614982e-01
-7.205552e-01
-6.754301e-01
-6.263812e-01
-5.735115e-01
-5.172515e-01
-4.579969e-01
-3.959198e-01
-3.313645e-01
-2.647095e-01
-1.966433e-01
-1.271143e-01
-5.622561e-02
1.373371e-02
8.519031e-02
1.561822e-01
2.261071e-01
2.949306e-01
3.624633e-01
4.281373e-01
4.913158e-01
5.521365e-01
6.098938e-01
6.642607e-01
7.150307e-01
7.617391e-01
8.043515e-01
8.424203e-01
8.758425e-01
9.043425e-01
9.278516e-01
9.460255e-01
9.589160e-01
9.663163e-01
9.682783e-01
9.647846e-01
9.557837e-01
9.412239e-01
9.212945e-01
8.961677e-01
8.658434e-01
8.303904e-01
7.902391e-01
7.454583e-01
6.964265e-01
6.430750e-01
5.859889e-01
5.254780e-01
4.618692e-01
3.954552e-01
3.264080e-01
2.556914e-01
1.833055e-01
1.094566e-01
3.424823e-02
-3.944570e-02
-1.150327e-01
-1.896216e-01
-2.629369e-01
-3.351163e-01
-4.057296e-01
-4.741056e-01
-5.399001e-01
-6.028032e-01
-6.625225e-01
-7.185932e-01
-7.706712e-01
-8.184466e-01
-8.617818e-01
-9.002981e-01
-9.337719e-01
-9.619449e-01
-9.847312e-01
-1.002010e+00
-1.013610e+00
-1.019444e+00
-1.019479e+00
-1.013799e+00
-1.002337e+00
-9.850238e-01
-9.620998e-01
-9.337203e-01
-8.998507e-01
-8.608524e-01
-8.168116e-01
-7.681413e-01
-7.147381e-01
-6.572046e-01
-5.959536e-01
-5.310024e-01
-4.624371e-01
-3.911010e-01
-3.176308e-01
-2.425256e-01
-1.660265e-01
-8.813325e-02
-1.030889e-02
6.767037e-02
1.458045e-01
2.225963e-01
2.980628e-01
3.721182e-01
4.440567e-01
5.133792e-01
5.797588e-01
6.429201e-01
7.023812e-01
7.579184e-01
8.090154e-01
8.555689e-01
8.973208e-01
9.339784e-01
9.652149e-01
9.909613e-01
1.011218e+00
1.025691e+00
1.034279e+00
1.037016e+00
1.033866e+00
1.024917e+00
1.009996e+00
9.893091e-01
9.632013e-01
9.315518e-01
8.946016e-01
8.524883e-01
8.056422e-01
7.541322e-01
6.984573e-01
6.386176e-01
5.752670e-01
5.086808e-01
4.391346e-01
3.670240e-01
2.929858e-01
2.173816e-01
1.404866e-01
6.216311e-02
-1.509331e-02
-9.367493e-02
-1.714477e-01
-2.477919e-01
-3.228455e-01
-3.961780e-01
-4.673076e-01
-5.355975e-01
-6.009962e-01
-6.628839e-01
-7.211919e-01
-7.752319e-01
-8.248832e-01
-8.699050e-01
-9.099358e-01
-9.447520e-01
-9.742674e-01
-9.982068e-01
-1.016587e+00
-1.029013e+00
-1.035622e+00
-1.036396e+00
-1.031371e+00
-1.020408e+00
-1.003662e+00
-9.810310e-01
-9.530645e-01
-9.196596e-01
-8.809367e-01
-8.371540e-01
-7.887763e-01
-7.358722e-01
-6.786312e-01
-6.177072e-01
-5.531863e-01
-4.856881e-01
-4.152124e-01
-3.423962e-01
-2.677213e-01
-1.916696e-01
-1.142411e-01
-3.562504e-02
4.137324e-02
1.199204e-01
1.971769e-01
2.730909e-01
3.476453e-01
4.203066e-01
4.905585e-01
5.580224e-01
6.221991e-01
6.830026e-01
7.398650e-01
7.924764e-01
8.405789e-01
8.839657e-01
9.222927e-01
9.553362e-01
9.829930e-01
1.005125e+00
1.021475e+00
1.032076e+00
1.036654e+00
1.035570e+00
1.028479e+00
1.015589e+00
9.968816e-01
9.725636e-01
9.427040e-01
9.075092e-01
8.670481e-01
8.217681e-01
7.717898e-01
7.174746e-01
6.590116e-01
5.967797e-01
5.312434e-01
4.626436e-01
3.913591e-01
3.178373e-01
2.427494e-01
1.663018e-01
8.835699e-02
1.051541e-02
-6.742942e-02
-1.455980e-01
-2.224758e-01
-2.979596e-01
-3.719633e-01
-4.438846e-01
-5.131211e-01
-5.794835e-01
-6.425931e-01
-7.023124e-01
-7.576603e-01
-8.088089e-01
-8.553796e-01
-8.971487e-01
-9.337891e-01
-9.649395e-01
-9.908752e-01
-1.011149e+00
-1.025554e+00
-1.034038e+00
-1.036775e+00
-1.033694e+00
-1.024676e+00
-1.009824e+00
-9.892747e-01
-9.629431e-01
-9.314141e-01
-8.943606e-01
-8.523162e-01
-8.054185e-01
-7.539601e-01
-6.982336e-01
-6.383938e-01
-5.751981e-01
-5.085604e-01
-4.390485e-01
-3.668691e-01
-2.928310e-01
-2.172439e-01
-1.402628e-01
-6.197380e-02
1.524821e-02
9.382982e-02
1.715509e-01
2.478608e-01
3.229487e-01
3.964017e-01
4.674281e-01
5.359073e-01
6.011338e-01
6.631593e-01
7.213296e-01
7.753868e-01
8.250553e-01
8.699910e-01
9.101079e-01
9.449413e-01
9.743707e-01
9.983272e-01
1.016690e+00
1.029168e+00
1.035863e+00
1.036585e+00
1.031508e+00
1.020563e+00
1.003697e+00
9.812892e-01
9.532366e-01
9.198661e-01
8.811432e-01
8.373606e-01
7.889484e-01
7.360787e-01
6.789238e-01
6.179482e-01
5.534961e-01
4.857741e-01
4.154190e-01
3.425855e-01
2.679623e-01
1.919278e-01
1.145164e-01
3.590040e-02
-4.108066e-02
-1.196795e-01
-1.969875e-01
-2.729360e-01
-3.474732e-01
-4.201345e-01
-4.903864e-01
-5.577470e-01
-6.219753e-01
-6.827961e-01
-7.396929e-01
-7.923043e-01
-8.403895e-01
-8.838624e-01
-9.221550e-01
-9.551986e-01
-9.828209e-01
-1.004970e+00
-1.021389e+00
-1.031921e+00
-1.036568e+00
-1.035364e+00
-1.028325e+00
-1.015537e+00
-9.966578e-01
-9.723743e-01
-9.425147e-01
-9.072855e-01
-8.668760e-01
-8.215444e-01
-7.716522e-01
-7.172336e-01
-6.587707e-01
-5.965904e-01
-5.310540e-01
-4.625404e-01
-3.911870e-01
-3.177168e-01
-2.425945e-01
-1.660781e-01
-8.816767e-02
-1.034331e-02
6.765316e-02
1.457701e-01
2.225274e-01
2.980628e-01
3.720665e-01
4.439878e-01
5.134308e-01
5.797072e-01
6.428513e-01
7.024157e-01
7.578840e-01
8.090154e-01
8.555001e-01
8.973036e-01
9.339096e-01
9.652321e-01
9.909613e-01
1.011200e+00
1.025674e+00
1.034228e+00
1.036964e+00
1.033866e+00
1.024814e+00
1.009979e+00
9.893435e-01
9.632185e-01
9.315346e-01
8.945499e-01
8.524883e-01
8.056250e-01
7.542355e-01
6.983713e-01
6.386692e-01
5.752498e-01
5.086980e-01
4.391173e-01
3.670756e-01
2.929686e-01
2.174676e-01
1.405382e-01
6.221475e-02
-1.504168e-02
-9.355445e-02
-1.713272e-01
-2.477231e-01
-3.228283e-01
-3.961780e-01
-4.672560e-01
-5.355975e-01
-6.009273e-01
-6.629011e-01
-7.212608e-01
-7.753007e-01
-8.248316e-01
-8.698361e-01
-9.098670e-01
-9.447348e-01
-9.741814e-01
-9.981551e-01
-1.016570e+00
-1.029065e+00
-1.035673e+00
-1.036465e+00
-1.031422e+00
-1.020459e+00
-1.003680e+00
-9.810826e-01
-9.529957e-01
-9.196251e-01
-8.809023e-01
-8.372229e-01
-7.888451e-01
-7.358722e-01
-6.787173e-01
-6.177072e-01
-5.532380e-01
-4.856881e-01
-4.152813e-01
-3.423790e-01
-2.677557e-01
-1.916696e-01
-1.142239e-01
-3.565946e-02
4.132161e-02
1.198172e-01
1.970908e-01
2.729876e-01
3.475421e-01
4.202894e-01
4.905069e-01
5.580396e-01
6.221302e-01
6.829510e-01
7.398650e-01
7.924248e-01
8.405789e-01
8.839141e-01
9.223271e-01
9.553707e-01
9.829930e-01
1.005074e+00
1.021509e+00
1.032025e+00
1.036671e+00
1.035518e+00
1.028583e+00
1.015589e+00
9.968988e-01
9.725120e-01
9.427212e-01
9.074748e-01
8.670997e-01
8.217337e-01
7.718759e-01
7.174746e-01
6.589772e-01
5.967797e-01
5.312434e-01
4.627125e-01
3.914108e-01
3.178717e-01
2.428010e-01
1.663018e-01
8.846025e-02
1.054983e-02
-6.744664e-02
-1.455636e-01
-2.224414e-01
-2.979252e-01
-3.719977e-01
-4.438501e-01
-5.132759e-01
-5.794662e-01
-6.426448e-01
-7.022263e-01
-7.576431e-01
-8.087917e-01
-8.553108e-01
-8.971659e-01
-9.337719e-01
-9.649911e-01
-9.908752e-01
-1.011114e+00
-1.025554e+00
-1.034142e+00
-1.036809e+00
-1.033729e+00
-1.024710e+00
-1.009875e+00
-9.892403e-01
-9.630120e-01
-9.314657e-01
-8.944295e-01
-8.522474e-01
-8.054185e-01
-7.539773e-01
-6.982508e-01
-6.384111e-01
-5.751293e-01
-5.085776e-01
-4.390141e-01
-3.669379e-01
-2.928137e-01
-2.172095e-01
-1.402628e-01
-6.188775e-02
1.524821e-02
9.379540e-02
1.715165e-01
2.478780e-01
3.229315e-01
3.962985e-01
4.673764e-01
5.358385e-01
6.011510e-01
6.631076e-01
7.213468e-01
7.753523e-01
8.250381e-01
8.700255e-01
9.101079e-01
9.448897e-01
9.743363e-01
9.983272e-01
1.016622e+00
1.029202e+00
1.035759e+00
1.036620e+00
1.031543e+00
1.020580e+00
1.003800e+00
9.812720e-01
9.532194e-01
9.199005e-01
8.810916e-01
8.374294e-01
7.889828e-01
7.361304e-01
6.789582e-01
6.179482e-01
5.534617e-01
4.857569e-01
4.154706e-01
3.425855e-01
2.679795e-01
1.919622e-01
1.145509e-01
3.593482e-02
-4.104624e-02
-1.196795e-01
-1.969703e-01
-2.729188e-01
-3.474388e-01
-4.202034e-01
-4.904036e-01
-5.577126e-01
-6.219409e-01
-6.827272e-01
-7.397617e-01
-7.923043e-01
-8.403379e-01
-8.837764e-01
-9.221034e-01
-9.551813e-01
-9.828381e-01
-1.004953e+00
-1.021337e+00
-1.031853e+00
-1.036551e+00
-1.035329e+00
-1.028325e+00
-1.015434e+00
-9.967955e-01
-9.723399e-01
-9.425663e-01
-9.073027e-01
-8.668932e-01
-8.215272e-01
-7.716694e-01
-7.172680e-01
-6.587191e-01
-5.966076e-01
-5.310885e-01
-4.625576e-01
-3.911870e-01
-3.177341e-01
-2.426633e-01
-1.660953e-01
-8.813325e-02
-1.039494e-02
6.760153e-02
1.457529e-01
2.225274e-01
2.980456e-01
3.721010e-01
4.439706e-01
5.133448e-01
5.796728e-01
6.428513e-01
7.023640e-01
7.578668e-01
8.089638e-01
8.555173e-01
8.972864e-01
9.338580e-01
9.652149e-01
9.909613e-01
1.011183e+00
1.025691e+00
1.034228e+00
1.036981e+00
1.033832e+00
1.024969e+00
1.009979e+00
9.893435e-01
9.632529e-01
9.316206e-01
8.945844e-01
8.525743e-01
8.056766e-01
7.542355e-01
6.984573e-01
6.386692e-01
5.753358e-01
5.087153e-01
4.392034e-01
3.670756e-01
2.930031e-01
2.174504e-01
1.405726e-01
6.224917e-02
-1.502447e-02
-9.357166e-02
-1.713444e-01
-2.477747e-01
-3.227422e-01
-3.961091e-01
-4.672560e-01
-5.355803e-01
-6.009617e-01
-6.628495e-01
-7.211919e-01
-7.751974e-01
-8.248143e-01
-8.698189e-01
-9.099358e-01
-9.447864e-01
-9.742330e-01
-9.981551e-01
-1.016570e+00
-1.029013e+00
-1.035656e+00
-1.036396e+00
-1.031422e+00
-1.020425e+00
-1.003611e+00
-9.811343e-01
-9.531161e-01
-9.196596e-01
-8.809883e-01
-8.372229e-01
-7.888623e-01
-7.359238e-01
-6.786656e-01
-6.176900e-01
-5.532380e-01
-4.857397e-01
-4.152985e-01
-3.424651e-01
-2.677557e-01
-1.917040e-01
-1.142927e-01
-3.576272e-02
4.132161e-02
1.197655e-01
1.971252e-01
2.729532e-01
3.475421e-01
4.202722e-01
4.905413e-01
5.580052e-01
6.221647e-01
6.829854e-01
7.398306e-01
7.924076e-01
8.405272e-01
8.839485e-01
9.222755e-01
9.553707e-01
9.830102e-01
1.005108e+00
1.021492e+00
1.032042e+00
1.036671e+00
1.035536e+00
1.028548e+00
1.015623e+00
9.968988e-01
9.725292e-01
9.427384e-01
9.075264e-01
8.670997e-01
8.218198e-01
7.719275e-01
7.175262e-01
6.589256e-01
5.967625e-01
5.312089e-01
4.626781e-01
3.914624e-01
3.179406e-01
2.428182e-01
1.663707e-01
8.851188e-02
1.058425e-02
-6.741221e-02
-1.455464e-01
-2.224242e-01
-2.979252e-01
-3.718600e-01
-4.438501e-01
-5.131555e-01
-5.795007e-01
-6.426103e-01
-7.022091e-01
-7.576603e-01
-8.088089e-01
-8.553108e-01
-8.971315e-01
-9.337547e-01
-9.649567e-01
-9.908064e-01
-1.011097e+00
-1.025502e+00
-1.034107e+00
-1.036809e+00
-1.033694e+00
-1.024728e+00
-1.009875e+00
-9.892575e-01
-9.630292e-01
-9.315002e-01
-8.944295e-01
-8.523850e-01
-8.054357e-01
-7.540289e-01
-6.983024e-01
-6.384627e-01
-5.751809e-01
-5.086464e-01
-4.391001e-01
-3.669035e-01
-2.928482e-01
-2.172095e-01
-1.402628e-01
-6.193938e-02
1.521379e-02
9.376098e-02
1.714649e-01
2.478264e-01
3.228455e-01
3.962813e-01
4.673592e-01
5.358385e-01
6.011338e-01
6.631249e-01
7.213124e-01
7.753351e-01
8.249520e-01
8.699394e-01
9.100907e-01
9.449585e-01
9.744051e-01
9.983789e-01
1.016708e+00
1.029151e+00
1.035811e+00
1.036585e+00
1.031560e+00
1.020563e+00
1.003817e+00
9.812720e-01
9.532366e-01
9.199177e-01
8.811260e-01
8.374466e-01
7.890516e-01
7.361304e-01
6.790270e-01
6.179482e-01
5.534789e-01
4.858085e-01
4.154706e-01
3.426372e-01
2.680311e-01
1.919794e-01
1.145853e-01
3.598645e-02
-4.101182e-02
-1.196451e-01
-1.969359e-01
-2.728672e-01
-3.473700e-01
-4.201517e-01
-4.903520e-01
-5.576265e-01
-6.219409e-01
-6.826928e-01
-7.396240e-01
-7.922699e-01
-8.403379e-01
-8.837592e-01
-9.221550e-01
-9.551641e-01
-9.828209e-01
-1.004970e+00
-1.021354e+00
-1.031904e+00
-1.036517e+00
-1.035381e+00
-1.028359e+00
-1.015469e+00
-9.967955e-01
-9.723399e-01
-9.425319e-01
-9.073715e-01
-8.669104e-01
-8.215960e-01
-7.717554e-01
-7.173025e-01
-6.587707e-01
-5.966592e-01
-5.311229e-01
-4.625576e-01
-3.912559e-01
-3.176996e-01
-2.426461e-01
-1.660609e-01
-8.820209e-02
-1.039494e-02
6.756711e-02
1.456840e-01
2.225102e-01
2.980456e-01
3.720493e-01
4.439190e-01
5.133620e-01
5.796900e-01
6.428169e-01
7.023984e-01
7.578324e-01
8.089294e-01
8.555173e-01
8.973036e-01
9.339268e-01
9.651116e-01
9.909441e-01
1.011218e+00
1.025640e+00
1.034228e+00
1.036930e+00
1.033866e+00
1.024917e+00
1.010047e+00
9.893952e-01
9.632873e-01
9.315862e-01
8.947048e-01
8.525571e-01
8.056939e-01
7.543215e-01
6.985262e-01
6.387380e-01
5.753702e-01
5.088357e-01
4.391862e-01
3.671272e-01
2.930203e-01
2.175365e-01
1.405898e-01
6.228359e-02
-1.497284e-02
-9.352003e-02
-1.712756e-01
-2.477403e-01
-3.227766e-01
-3.961091e-01
-4.672560e-01
-5.355459e-01
-6.009101e-01
-6.628151e-01
-7.211403e-01
-7.752319e-01
-8.247455e-01
-8.698017e-01
-9.098670e-01
-9.447348e-01
-9.741642e-01
-9.982240e-01
-1.016518e+00
-1.029099e+00
-1.035656e+00
-1.036431e+00
-1.031388e+00
-1.020477e+00
-1.003628e+00
-9.811515e-01
-9.530645e-01
-9.196940e-01
-8.809711e-01
-8.372057e-01
-7.888623e-01
-7.359066e-01
-6.787689e-01
-6.177244e-01
-5.533584e-01
-4.858429e-01
-4.153845e-01
-3.424995e-01
-2.678418e-01
-1.917384e-01
-1.143615e-01
-3.574551e-02
4.126997e-02
1.198172e-01
1.970564e-01
2.729704e-01
3.475076e-01
4.202378e-01
4.904897e-01
5.579707e-01
6.221475e-01
6.829165e-01
7.398306e-01
7.923904e-01
8.405100e-01
8.838968e-01
9.222755e-01
9.552846e-01
9.829069e-01
1.005056e+00
1.021509e+00
1.032008e+00
1.036723e+00
1.035587e+00
1.028531e+00
1.015658e+00
9.968988e-01
9.725808e-01
9.427212e-01
9.075264e-01
8.670997e-01
8.218542e-01
7.718931e-01
7.175262e-01
6.590460e-01
5.968829e-01
5.313638e-01
4.626953e-01
3.914796e-01
3.180438e-01
2.428526e-01
1.663535e-01
8.851188e-02
1.061867e-02
-6.729174e-02
-1.455119e-01
-2.223725e-01
-2.978735e-01
-3.718772e-01
-4.437813e-01
-5.130866e-01
-5.794662e-01
-6.425243e-01
-7.021575e-01
-7.575914e-01
-8.086884e-01
-8.553108e-01
-8.971487e-01
-9.338235e-01
-9.650083e-01
-9.908752e-01
-1.011063e+00
-1.025536e+00
-1.034107e+00
-1.036809e+00
-1.033729e+00
-1.024676e+00
-1.009841e+00
-9.892403e-01
-9.630292e-01
-9.314313e-01
-8.944295e-01
-8.523334e-01
-8.054529e-01
-7.540289e-01
-6.983024e-01
-6.384283e-01
-5.751637e-01
-5.086292e-01
-4.391518e-01
-3.670068e-01
-2.929514e-01
-2.173472e-01
-1.403145e-01
-6.202543e-02
1.517937e-02
9.372656e-02
1.714477e-01
2.477747e-01
3.228111e-01
3.961780e-01
4.673248e-01
5.358041e-01
6.010994e-01
6.631076e-01
7.213296e-01
7.753179e-01
8.249865e-01
8.699910e-01
9.100391e-01
9.449413e-01
9.743535e-01
9.983100e-01
1.016639e+00
1.029202e+00
1.035811e+00
1.036585e+00
1.031543e+00
1.020563e+00
1.003817e+00
9.812720e-01
9.532538e-01
9.199349e-01
8.811260e-01
8.374982e-01
7.891033e-01
7.361304e-01
6.789582e-01
6.179998e-01
5.534789e-01
4.858429e-01
4.155222e-01
3.426716e-01
2.680827e-01
1.920826e-01
1.146369e-01
3.602087e-02
-4.097740e-02
-1.195934e-01
-1.969187e-01
-2.727983e-01
-3.473700e-01
-4.200829e-01
-4.903348e-01
-5.576782e-01
-6.219065e-01
-6.827100e-01
-7.396240e-01
-7.922183e-01
-8.403551e-01
-8.837075e-01
-9.220174e-01
-9.551986e-01
-9.828725e-01
-1.004936e+00
-1.021354e+00
-1.031904e+00
-1.036568e+00
-1.035364e+00
-1.028411e+00
-1.015486e+00
-9.967439e-01
-9.725292e-01
-9.425663e-01
-9.074231e-01
-8.669276e-01
-8.216133e-01
-7.716866e-01
-7.173541e-01
-6.587879e-01
-5.966592e-01
-5.311573e-01
-4.626264e-01
-3.913247e-01
-3.178373e-01
-2.426633e-01
-1.661297e-01
-8.828814e-02
-1.044657e-02
6.753269e-02
1.456840e-01
2.224586e-01
2.979940e-01
3.719461e-01
4.439706e-01
5.133104e-01
5.797072e-01
6.427824e-01
7.022608e-01
7.578152e-01
8.089294e-01
8.554829e-01
8.972003e-01
9.339096e-01
9.651288e-01
9.909957e-01
1.011166e+00
1.025709e+00
1.034210e+00
1.036947e+00
1.033901e+00
1.024865e+00
1.010047e+00
9.894124e-01
9.632873e-01
9.316551e-01
8.946532e-01
8.525571e-01
8.056766e-01
7.543215e-01
6.985434e-01
6.387725e-01
5.754219e-01
5.088013e-01
4.392722e-01
3.671961e-01
2.930891e-01
2.175193e-01
1.406587e-01
6.231801e-02
-1.492121e-02
-9.348561e-02
-1.712411e-01
-2.477403e-01
-3.227422e-01
-3.960059e-01
-4.671699e-01
-5.355631e-01
-6.008413e-01
-6.628151e-01
-7.211231e-01
-7.751630e-01
-8.247627e-01
-8.698017e-01
-9.098842e-01
-9.447176e-01
-9.741986e-01
-9.981895e-01
-1.016587e+00
-1.029047e+00
-1.035604e+00
-1.036431e+00
-1.031388e+00
-1.020459e+00
-1.003680e+00
-9.811343e-01
-9.530473e-01
-9.197112e-01
-8.809883e-01
-8.372401e-01
-7.888795e-01
-7.360099e-01
-6.787689e-01
-6.177933e-01
-5.533756e-01
-4.858085e-01
-4.153673e-01
-3.424995e-01
-2.678762e-01
-1.918589e-01
-1.143960e-01
-3.579714e-02
4.121834e-02
1.197139e-01
1.970392e-01
2.729704e-01
3.475076e-01
4.201690e-01
4.904553e-01
5.578675e-01
6.220958e-01
6.829165e-01
7.397789e-01
7.923560e-01
8.404240e-01
8.839313e-01
9.222583e-01
9.553707e-01
9.829413e-01
1.005056e+00
1.021527e+00
1.032059e+00
1.036706e+00
1.035536e+00
1.028531e+00
1.015658e+00
9.968988e-01
9.725636e-01
9.427384e-01
9.075952e-01
8.671686e-01
8.218370e-01
7.719791e-01
7.175606e-01
6.591149e-01
5.969346e-01
5.314155e-01
4.627641e-01
3.914968e-01
3.180094e-01
2.429215e-01
1.664567e-01
8.856351e-02
1.065309e-02
-6.720569e-02
-1.454603e-01
-2.223209e-01
-2.978047e-01
-3.718600e-01
-4.437985e-01
-5.130522e-01
-5.794662e-01
-6.425759e-01
-7.022263e-01
-7.576087e-01
-8.087917e-01
-8.552936e-01
-8.970798e-01
-9.336514e-01
-9.649567e-01
-9.907548e-01
-1.011063e+00
-1.025502e+00
-1.034056e+00
-1.036792e+00
-1.033694e+00
-1.024710e+00
-1.009892e+00
-9.892919e-01
-9.630120e-01
-9.314657e-01
-8.944811e-01
-8.523506e-01
-8.055734e-01
-7.540634e-01
-6.983024e-01
-6.385315e-01
-5.752153e-01
-5.086808e-01
-4.391862e-01
-3.671100e-01
-2.929858e-01
-2.173816e-01
-1.404005e-01
-6.209427e-02
1.512773e-02
9.369214e-02
1.713616e-01
2.477231e-01
3.227766e-01
3.961780e-01
4.673764e-01
5.358041e-01
6.010994e-01
6.630216e-01
7.212264e-01
7.753007e-01
8.249865e-01
8.699910e-01
9.099875e-01
9.449069e-01
9.742674e-01
9.983100e-01
1.016622e+00
1.029185e+00
1.035811e+00
1.036585e+00
1.031560e+00
1.020614e+00
1.003800e+00
9.812547e-01
9.532882e-01
9.198661e-01
8.811604e-01
8.374638e-01
7.890688e-01
7.361648e-01
6.789754e-01
6.180170e-01
5.535994e-01
4.859118e-01
4.155566e-01
3.427232e-01
2.681344e-01
1.920826e-01
1.147057e-01
3.612414e-02
-4.089135e-02
-1.195246e-01
-1.968843e-01
-2.728155e-01
-3.472839e-01
-4.200485e-01
-4.903348e-01
-5.576438e-01
-6.219237e-01
-6.826584e-01
-7.396068e-01
-7.922355e-01
-8.402519e-01
-8.836903e-01
-9.220690e-01
-9.551469e-01
-9.828381e-01
-1.004953e+00
-1.021372e+00
-1.031887e+00
-1.036585e+00
-1.035381e+00
-1.028376e+00
-1.015486e+00
-9.967783e-01
-9.724431e-01
-9.425491e-01
-9.073199e-01
-8.669793e-01
-8.216477e-01
-7.717726e-01
-7.173541e-01
-6.588912e-01
-5.967797e-01
-5.312262e-01
-4.626781e-01
-3.913247e-01
-3.178029e-01
-2.426977e-01
-1.661986e-01
-8.830535e-02
-1.044657e-02
6.744664e-02
1.455808e-01
2.224242e-01
2.978907e-01
3.719289e-01
4.438846e-01
5.132759e-01
5.796211e-01
6.427996e-01
7.022952e-01
7.578496e-01
8.089810e-01
8.554829e-01
8.972347e-01
9.338752e-01
9.650944e-01
9.909785e-01
1.011269e+00
1.025709e+00
1.034245e+00
1.036998e+00
1.033901e+00
1.024900e+00
1.010047e+00
9.894124e-01
9.632357e-01
9.316206e-01
8.946360e-01
8.525916e-01
8.057111e-01
7.542871e-01
6.985606e-01
6.387380e-01
5.754391e-01
5.088701e-01
4.393239e-01
3.672649e-01
2.931752e-01
2.176053e-01
1.406415e-01
6.240406e-02
-1.490400e-02
-9.341677e-02
-1.712067e-01
-2.476026e-01
-3.226045e-01
-3.960059e-01
-4.671699e-01
-5.354771e-01
-6.007896e-01
-6.627979e-01
-7.211231e-01
-7.751458e-01
-8.247799e-01
-8.698189e-01
-9.098326e-01
-9.447176e-01
-9.741814e-01
-9.981723e-01
-1.016501e+00
-1.028979e+00
-1.035639e+00
-1.036448e+00
-1.031354e+00
-1.020442e+00
-1.003680e+00
-9.811515e-01
-9.531333e-01
-9.197112e-01
-8.810400e-01
-8.372229e-01
-7.888795e-01
-7.360271e-01
-6.787345e-01
-6.177933e-01
-5.533756e-01
-4.858085e-01
-4.154362e-01
-3.425683e-01
-2.679106e-01
-1.918933e-01
-1.143788e-01
-3.584877e-02
4.116671e-02
1.196795e-01
1.969703e-01
2.729532e-01
3.474560e-01
4.201345e-01
4.903864e-01
5.578675e-01
6.220442e-01
6.828477e-01
7.396929e-01
7.923560e-01
8.405272e-01
8.838968e-01
9.222927e-01
9.553707e-01
9.829241e-01
1.005074e+00
1.021509e+00
1.032059e+00
1.036723e+00
1.035536e+00
1.028531e+00
1.015606e+00
9.968988e-01
9.725808e-01
9.428072e-01
9.075952e-01
8.671514e-01
8.218714e-01
7.719447e-01
7.176122e-01
6.590977e-01
5.969001e-01
5.313983e-01
4.627641e-01
3.914796e-01
3.180955e-01
2.429731e-01
1.664911e-01
8.854630e-02
1.070472e-02
-6.720569e-02
-1.453915e-01
-2.222865e-01
-2.977531e-01
-3.717223e-01
-4.437641e-01
-5.130522e-01
-5.793974e-01
-6.424727e-01
-7.020887e-01
-7.575398e-01
-8.087573e-01
-8.552936e-01
-8.970454e-01
-9.336686e-01
-9.649395e-01
-9.907720e-01
-1.011028e+00
-1.025502e+00
-1.034090e+00
-1.036878e+00
-1.033711e+00
-1.024728e+00
-1.009892e+00
-9.892403e-01
-9.630636e-01
-9.314657e-01
-8.944983e-01
-8.523678e-01
-8.055734e-01
-7.541150e-01
-6.983196e-01
-6.385832e-01
-5.752325e-01
-5.086464e-01
-4.392034e-01
-3.670584e-01
-2.929686e-01
-2.173644e-01
-1.404177e-01
-6.207706e-02
1.511052e-02
9.365772e-02
1.713616e-01
2.477575e-01
3.227422e-01
3.961091e-01
4.672560e-01
5.357524e-01
6.010306e-01
6.629528e-01
7.212264e-01
7.752663e-01
8.249004e-01
8.699566e-01
9.100391e-01
9.448897e-01
9.743018e-01
9.983100e-01
1.016656e+00
1.029202e+00
1.035777e+00
1.036603e+00
1.031560e+00
1.020563e+00
1.003852e+00
9.813408e-01
9.533054e-01
9.199005e-01
8.812121e-01
8.375327e-01
7.891205e-01
7.361992e-01
6.791131e-01
6.179998e-01
5.535994e-01
4.859634e-01
4.156255e-01
3.427921e-01
2.681344e-01
1.921343e-01
1.147057e-01
3.615856e-02
-4.090856e-02
-1.194902e-01
-1.968154e-01
-2.727467e-01
-3.473355e-01
-4.200313e-01
-4.902832e-01
-5.576093e-01
-6.218549e-01
-6.826240e-01
-7.395552e-01
-7.921839e-01
-8.402174e-01
-8.836903e-01
-9.220174e-01
-9.551641e-01
-9.827864e-01
-1.004902e+00
-1.021337e+00
-1.031904e+00
-1.036568e+00
-1.035450e+00
-1.028325e+00
-1.015486e+00
-9.967783e-01
-9.725120e-01
-9.425835e-01
-9.074231e-01
-8.669448e-01
-8.216821e-01
-7.717726e-01
-7.173713e-01
-6.588395e-01
-5.966764e-01
-5.312950e-01
-4.626781e-01
-3.913936e-01
-3.178545e-01
-2.427494e-01
-1.662330e-01
-8.828814e-02
-1.051541e-02
6.741221e-02
1.455464e-01
2.223897e-01
2.979768e-01
3.718772e-01
4.438846e-01
5.132759e-01
5.796556e-01
6.427136e-01
7.022608e-01
7.577119e-01
8.088949e-01
8.554140e-01
8.972175e-01
9.338235e-01
9.650944e-01
9.909096e-01
1.011183e+00
1.025674e+00
1.034193e+00
1.036930e+00
1.033866e+00
1.024934e+00
1.010047e+00
9.893779e-01
9.633045e-01
9.316206e-01
8.947220e-01
8.526088e-01
8.057455e-01
7.543387e-01
6.985262e-01
6.388413e-01
5.754563e-01
5.088874e-01
4.394271e-01
3.672821e-01
2.932096e-01
2.176397e-01
1.407103e-01
6.242127e-02
-1.486958e-02
-9.338235e-02
-1.712239e-01
-2.475682e-01
-3.225529e-01
-3.959370e-01
-4.671183e-01
-5.354599e-01
-6.007896e-01
-6.626946e-01
-7.210887e-01
-7.751286e-01
-8.247455e-01
-8.697157e-01
-9.098670e-01
-9.447348e-01
-9.741469e-01
-9.981723e-01
-1.016501e+00
-1.029030e+00
-1.035639e+00
-1.036448e+00
-1.031440e+00
-1.020459e+00
-1.003628e+00
-9.811687e-01
-9.531505e-01
-9.197800e-01
-8.810227e-01
-8.373089e-01
-7.888967e-01
-7.359411e-01
-6.787689e-01
-6.178793e-01
-5.534273e-01
-4.858602e-01
-4.154878e-01
-3.426200e-01
-2.679795e-01
-1.918933e-01
-1.144648e-01
-3.588319e-02
