4,166985e-02
1,202092e-01
1,974714e-01
2,734375e-01
3,479458e-01
4,206331e-01
4,909125e-01
5,583020e-01
6,224659e-01
6,832444e-01
7,401209e-01
7,926669e-01
8,407826e-01
8,841736e-01
9,225198e-01
9,555080e-01
9,831520e-01
1,005235e+00
1,021643e+00
1,032182e+00
1,036818e+00
1,035614e+00
1,028605e+00
1,015646e+00
9,968663e-01
9,725030e-01
9,426663e-01
9,074612e-01
8,669824e-01
8,216585e-01
7,717425e-01
7,173720e-01
6,588741e-01
5,966843e-01
5,310866e-01
4,625474e-01
3,912164e-01
3,177132e-01
2,425440e-01
1,660615e-01
8,819688e-02
1,031677e-02
-6,759431e-02
-1,457515e-01
-2,226127e-01
-2,981090e-01
-3,720562e-01
-4,440481e-01
-5,132982e-01
-5,796550e-01
-6,428017e-01
-7,023375e-01
-7,577923e-01
-8,088821e-01
-8,554178e-01
-8,971875e-01
-9,337712e-01
-9,650245e-01
-9,907992e-01
-1,011051e+00
-1,025472e+00
-1,034049e+00
-1,036746e+00
-1,033614e+00
-1,024655e+00
-1,009715e+00
-9,890556e-01
-9,628265e-01
-9,311826e-01
-8,941960e-01
-8,520666e-01
-8,052023e-01
-7,537320e-01
-6,979381e-01
-6,381408e-01
-5,747651e-01
-5,082448e-01
-4,386986e-01
-3,666086e-01
-2,924394e-01
-2,168553e-01
-1,399374e-01
-6,162525e-02
1,560425e-02
9,417110e-02
1,719049e-01
2,482325e-01
3,232537e-01
3,966639e-01
4,678004e-01
5,361503e-01
6,013935e-01
6,633664e-01
7,216113e-01
7,756186e-01
8,252196e-01
8,702286e-01
9,102943e-01
9,450656e-01
9,745288e-01
9,985376e-01
1,016777e+00
1,029314e+00
1,035903e+00
1,036691e+00
1,031557e+00
1,020622e+00
1,003753e+00
9,812535e-01
9,532567e-01
9,197849e-01
8,810669e-01
8,373540e-01
7,889078e-01
7,359814e-01
6,788072e-01
6,177757e-01
5,533536e-01
4,858040e-01
4,153147e-01
3,424088e-01
2,677817e-01
1,917329e-01
1,143313e-01
3,575414e-02
-4,131012e-02
-1,198666e-01
-1,971288e-01
-2,731225e-01
-3,475844e-01
-4,203784e-01
-4,905613e-01
-5,579491e-01
-6,221286e-01
-6,829552e-01
-7,397784e-01
-7,923450e-01
-8,403987e-01
-8,837846e-01
-9,221515e-01
-9,552034e-01
-9,828094e-01
-1,004915e+00
-1,021326e+00
-1,031858e+00
-1,036550e+00
-1,035295e+00
-1,028259e+00
-1,015354e+00
-9,965720e-01
-9,721725e-01
-9,423496e-01
-9,071101e-01
-8,666485e-01
-8,214554e-01
-7,714344e-01
-7,170398e-01
-6,585179e-01
-5,962971e-01
-5,308164e-01
-4,622083e-01
-3,908997e-01
-3,173707e-01
-2,422376e-01
-1,657534e-01
-8,788362e-02
-9,979421e-03
6,801428e-02
1,461336e-01
2,229001e-01
2,984256e-01
3,724365e-01
4,443648e-01
5,136837e-01
5,799510e-01
6,431150e-01
7,026387e-01
7,581279e-01
8,092229e-01
8,557706e-01
8,974611e-01
9,341309e-01
9,652930e-01
9,911314e-01
1,011388e+00
1,025779e+00
1,034340e+00
1,037049e+00
1,033922e+00
1,024934e+00
1,010056e+00
9,893792e-01
9,631570e-01
9,315302e-01
8,945403e-01
8,524092e-01
8,055844e-01
7,541588e-01
6,983099e-01
6,384902e-01
5,752005e-01
5,086355e-01
4,390980e-01
3,669356e-01
2,928456e-01
2,172925e-01
1,403229e-01
6,202112e-02
-1,520665e-02
-9,378728e-02
-1,715004e-01
-2,478848e-01
-3,229267e-01
-3,963627e-01
-4,674459e-01
-5,357975e-01
-6,010923e-01
-6,630308e-01
-7,213135e-01
-7,752864e-01
-8,248805e-01
-8,699188e-01
-9,100154e-01
-9,448229e-01
-9,742087e-01
-9,981572e-01
-1,016502e+00
-1,029009e+00
-1,035560e+00
-1,036321e+00
-1,031261e+00
-1,020276e+00
-1,003486e+00
-9,809024e-01
-9,529228e-01
-9,194251e-01
-8,807106e-01
-8,369736e-01
-7,885687e-01
-7,356837e-01
-6,784991e-01
-6,174711e-01
-5,529405e-01
-4,854116e-01
-4,149498e-01
-3,420456e-01
-2,674495e-01
-1,914231e-01
-1,140060e-01
-3,539958e-02
4,167845e-02
1,201369e-01
1,974335e-01
2,733945e-01
3,479682e-01
4,206297e-01
4,908815e-01
5,582159e-01
6,224126e-01
6,831841e-01
7,400951e-01
7,926531e-01
8,407413e-01
8,840961e-01
9,224648e-01
9,555683e-01
9,831485e-01
1,005249e+00
1,021660e+00
1,032204e+00
1,036794e+00
1,035641e+00
1,028598e+00
1,015636e+00
9,968543e-01
9,725357e-01
9,426715e-01
9,074870e-01
8,670237e-01
8,216723e-01
7,717287e-01
7,174116e-01
6,589275e-01
5,966843e-01
5,311520e-01
4,626093e-01
3,912439e-01
3,177339e-01
2,426473e-01
1,661166e-01
8,826400e-02
1,039250e-02
-6,757710e-02
-1,457446e-01
-2,225645e-01
-2,980504e-01
-3,720596e-01
-4,440033e-01
-5,132947e-01
-5,796085e-01
-6,427484e-01
-7,023013e-01
-7,577682e-01
-8,088581e-01
-8,554694e-01
-8,971599e-01
-9,338125e-01
-9,650382e-01
-9,907940e-01
-1,011025e+00
-1,025486e+00
-1,034073e+00
-1,036720e+00
-1,033540e+00
-1,024632e+00
-1,009710e+00
-9,890659e-01
-9,628609e-01
-9,312221e-01
-8,942133e-01
-8,520907e-01
-8,052005e-01
-7,537509e-01
-6,979450e-01
-6,381563e-01
-5,748253e-01
-5,082844e-01
-4,387537e-01
-3,665776e-01
-2,925358e-01
-2,169018e-01
-1,399701e-01
-6,168893e-02
1,551819e-02
9,412291e-02
1,718120e-01
2,482205e-01
3,232331e-01
3,966002e-01
4,677832e-01
5,360660e-01
6,013367e-01
6,633475e-01
7,215562e-01
7,756409e-01
8,251663e-01
8,702217e-01
9,102633e-01
9,451069e-01
9,745323e-01
9,985273e-01
1,016839e+00
1,029343e+00
1,035965e+00
1,036676e+00
1,031627e+00
1,020615e+00
1,003872e+00
9,812552e-01
9,532912e-01
9,198331e-01
8,810996e-01
8,373643e-01
7,889319e-01
7,360227e-01
6,788726e-01
6,178566e-01
5,533415e-01
4,858350e-01
4,153250e-01
3,424725e-01
2,678024e-01
1,917829e-01
1,144002e-01
3,578512e-02
-4,127053e-02
-1,198322e-01
-1,970893e-01
-2,730210e-01
-3,475792e-01
-4,202785e-01
-4,904564e-01
-5,577976e-01
-6,221217e-01
-6,828709e-01
-7,397577e-01
-7,923278e-01
-8,404418e-01
-8,837984e-01
-9,221257e-01
-9,552103e-01
-9,828043e-01
-1,004944e+00
-1,021300e+00
-1,031810e+00
-1,036512e+00
-1,035300e+00
-1,028276e+00
-1,015374e+00
-9,965669e-01
-9,722276e-01
-9,423444e-01
-9,071566e-01
-8,666950e-01
-8,213384e-01
-7,713982e-01
-7,170226e-01
-6,585385e-01
-5,963040e-01
-5,307854e-01
-4,622221e-01
-3,909238e-01
-3,174034e-01
-2,422548e-01
-1,657861e-01
-8,790600e-02
-1,003450e-02
6,790757e-02
1,460562e-01
2,228898e-01
2,984033e-01
3,723591e-01
4,443097e-01
5,136028e-01
5,799820e-01
6,430806e-01
7,026301e-01
7,580745e-01
8,091627e-01
8,557465e-01
8,974801e-01
9,341017e-01
9,653102e-01
9,911348e-01
1,011400e+00
1,025827e+00
1,034340e+00
1,037051e+00
1,033918e+00
1,024949e+00
1,010052e+00
9,893930e-01
9,632155e-01
9,315870e-01
8,945644e-01
8,524849e-01
8,055809e-01
7,541502e-01
6,983392e-01
6,386106e-01
5,752040e-01
5,086992e-01
4,391083e-01
3,669855e-01
2,928576e-01
2,173269e-01
1,403573e-01
6,207276e-02
-1,521698e-02
-9,374253e-02
-1,714798e-01
-2,478814e-01
-3,228682e-01
-3,962663e-01
-4,674355e-01
-5,357699e-01
-6,010613e-01
-6,630274e-01
-7,212670e-01
-7,752588e-01
-8,248805e-01
-8,698465e-01
-9,099414e-01
-9,447644e-01
-9,741863e-01
-9,981607e-01
-1,016478e+00
-1,029020e+00
-1,035593e+00
-1,036368e+00
-1,031262e+00
-1,020297e+00
-1,003488e+00
-9,809230e-01
-9,528729e-01
-9,195301e-01
-8,807192e-01
-8,370046e-01
-7,885257e-01
-7,357026e-01
-6,785473e-01
-6,174005e-01
-5,529990e-01
-4,854357e-01
-4,150186e-01
-3,420938e-01
-2,675098e-01
-1,914283e-01
-1,140336e-01
-3,541163e-02
4,159756e-02
1,201334e-01
1,974352e-01
2,733669e-01
3,479045e-01
4,205987e-01
4,908591e-01
5,581763e-01
6,223954e-01
6,832478e-01
7,400847e-01
7,926807e-01
8,407378e-01
8,840996e-01
9,224889e-01
9,554925e-01
9,831520e-01
1,005224e+00
1,021631e+00
1,032137e+00
1,036798e+00
1,035624e+00
1,028591e+00
1,015632e+00
9,969042e-01
9,724875e-01
9,427231e-01
9,074492e-01
8,670822e-01
8,216826e-01
7,717924e-01
7,173978e-01
6,588931e-01
5,966843e-01
5,312105e-01
4,625938e-01
3,913127e-01
3,177907e-01
2,426645e-01
1,661975e-01
8,830875e-02
1,041832e-02
-6,757710e-02
-1,456999e-01
-2,225438e-01
-2,980676e-01
-3,720372e-01
-4,439896e-01
-5,133068e-01
-5,796154e-01
-6,427260e-01
-7,022686e-01
-7,577458e-01
-8,088391e-01
-8,553524e-01
-8,971238e-01
-9,338022e-01
-9,650348e-01
-9,907716e-01
-1,011044e+00
-1,025481e+00
-1,034049e+00
-1,036713e+00
-1,033583e+00
-1,024579e+00
-1,009736e+00
-9,890866e-01
-9,628437e-01
-9,312239e-01
-8,942460e-01
-8,520925e-01
-8,051988e-01
-7,537940e-01
-6,980259e-01
-6,382062e-01
-5,748649e-01
-5,083446e-01
-4,387727e-01
-3,666327e-01
-2,925340e-01
-2,169706e-01
-1,400011e-01
-6,173024e-02
1,551647e-02
9,405578e-02
1,717620e-01
2,481310e-01
3,232227e-01
3,965865e-01
4,676799e-01
5,360866e-01
6,013935e-01
6,633320e-01
7,215648e-01
7,755996e-01
8,251990e-01
8,701804e-01
9,102908e-01
9,450673e-01
9,745306e-01
9,985101e-01
1,016877e+00
1,029350e+00
1,035884e+00
1,036676e+00
1,031605e+00
1,020632e+00
1,003794e+00
9,812759e-01
9,532808e-01
9,198400e-01
8,810944e-01
8,373953e-01
7,889715e-01
7,360090e-01
6,788364e-01
6,178807e-01
5,534517e-01
4,858246e-01
4,153353e-01
3,425069e-01
2,678850e-01
1,918379e-01
1,143864e-01
3,581610e-02
-4,126365e-02
-1,198030e-01
-1,970462e-01
-2,729969e-01
-3,475431e-01
-4,202889e-01
-4,904822e-01
-5,578217e-01
-6,220511e-01
-6,828537e-01
-7,397216e-01
-7,923054e-01
-8,403901e-01
-8,838001e-01
-9,221136e-01
-9,551638e-01
-9,827905e-01
-1,004923e+00
-1,021314e+00
-1,031853e+00
-1,036509e+00
-1,035278e+00
-1,028213e+00
-1,015326e+00
-9,966151e-01
-9,721760e-01
-9,423754e-01
-9,071239e-01
-8,666709e-01
-8,213693e-01
-7,714361e-01
-7,170966e-01
-6,586194e-01
-5,964021e-01
-5,307940e-01
-4,622703e-01
-3,909737e-01
-3,174172e-01
-2,423478e-01
-1,658222e-01
-8,794042e-02
-1,006720e-02
6,787831e-02
1,459994e-01
2,228588e-01
2,983327e-01
3,723608e-01
4,443252e-01
5,135942e-01
5,799217e-01
6,429979e-01
7,025888e-01
7,580780e-01
8,091214e-01
8,557001e-01
8,974456e-01
9,341017e-01
9,652998e-01
9,911451e-01
1,011366e+00
1,025825e+00
1,034378e+00
1,037097e+00
1,033922e+00
1,024972e+00
1,010045e+00
9,893792e-01
9,632155e-01
9,315767e-01
8,946091e-01
8,524849e-01
8,056394e-01
7,541795e-01
6,984011e-01
6,386193e-01
5,752487e-01
5,086906e-01
4,391754e-01
3,670320e-01
2,928714e-01
2,173614e-01
1,403969e-01
6,204177e-02
-1,517051e-02
-9,371499e-02
-1,714075e-01
-2,478349e-01
-3,228303e-01
-3,962508e-01
-4,673529e-01
-5,357114e-01
-6,010097e-01
-6,629878e-01
-7,211879e-01
-7,752795e-01
-8,248668e-01
-8,698447e-01
-9,099208e-01
-9,447455e-01
-9,741932e-01
-9,981400e-01
-1,016519e+00
-1,029004e+00
-1,035617e+00
-1,036350e+00
-1,031288e+00
-1,020250e+00
-1,003508e+00
-9,809454e-01
-9,528850e-01
-9,194957e-01
-8,807347e-01
-8,370510e-01
-7,885877e-01
-7,356544e-01
-6,785318e-01
-6,174952e-01
-5,530351e-01
-4,854804e-01
-4,150203e-01
-3,421816e-01
-2,674943e-01
-1,914627e-01
-1,140542e-01
-3,549252e-02
4,157002e-02
1,201145e-01
1,974077e-01
2,733050e-01
3,478632e-01
4,205643e-01
4,907989e-01
5,581711e-01
6,224040e-01
6,831532e-01
7,400314e-01
7,926187e-01
8,406879e-01
8,840720e-01
9,224114e-01
9,554650e-01
9,830883e-01
1,005259e+00
1,021601e+00
1,032214e+00
1,036815e+00
1,035657e+00
1,028602e+00
1,015682e+00
9,969369e-01
9,725478e-01
9,427351e-01
9,075111e-01
8,670805e-01
8,217325e-01
7,717924e-01
7,174494e-01
6,589516e-01
5,967308e-01
5,312432e-01
4,626627e-01
3,913162e-01
3,178234e-01
2,427127e-01
1,661975e-01
8,833629e-02
1,043726e-02
-6,749620e-02
-1,457223e-01
-2,225180e-01
-2,980177e-01
-3,719666e-01
-4,440137e-01
-5,132465e-01
-5,795930e-01
-6,426899e-01
-7,022566e-01
-7,576546e-01
-8,088512e-01
-8,553438e-01
-8,971393e-01
-9,338056e-01
-9,649935e-01
-9,907802e-01
-1,010999e+00
-1,025459e+00
-1,034034e+00
-1,036732e+00
-1,033574e+00
-1,024593e+00
-1,009691e+00
-9,891210e-01
-9,628489e-01
-9,312480e-01
-8,942305e-01
-8,521475e-01
-8,052332e-01
-7,538129e-01
-6,979777e-01
-6,382320e-01
-5,748683e-01
-5,083687e-01
-4,388019e-01
-3,666929e-01
-2,925908e-01
-2,169724e-01
-1,400527e-01
-6,175778e-02
1,545106e-02
9,405750e-02
1,717397e-01
2,481103e-01
3,231831e-01
3,965555e-01
4,677092e-01
5,360092e-01
6,013229e-01
6,633406e-01
7,215011e-01
7,755738e-01
8,251800e-01
8,701821e-01
9,102168e-01
9,450622e-01
9,745013e-01
9,985032e-01
1,016784e+00
1,029300e+00
1,035884e+00
1,036672e+00
1,031602e+00
1,020610e+00
1,003775e+00
9,813086e-01
9,532206e-01
9,198606e-01
8,811099e-01
8,373849e-01
7,889560e-01
7,360830e-01
6,789276e-01
6,178996e-01
5,533966e-01
4,858419e-01
4,154300e-01
3,425430e-01
2,679091e-01
1,918603e-01
1,144948e-01
3,586602e-02
-4,121718e-02
-1,197393e-01
-1,970273e-01
-2,729693e-01
-3,474673e-01
-4,202734e-01
-4,904477e-01
-5,578011e-01
-6,220494e-01
-6,827883e-01
-7,397164e-01
-7,922762e-01
-8,403247e-01
-8,837450e-01
-9,221136e-01
-9,551242e-01
-9,827853e-01
-1,004854e+00
-1,021269e+00
-1,031839e+00
-1,036507e+00
-1,035278e+00
-1,028273e+00
-1,015362e+00
-9,965755e-01
-9,722259e-01
-9,423909e-01
-9,071273e-01
-8,667277e-01
-8,213986e-01
-7,714447e-01
-7,171241e-01
-6,586005e-01
-5,963814e-01
-5,308525e-01
-4,622978e-01
-3,910236e-01
-3,174843e-01
-2,423684e-01
-1,658790e-01
-8,798689e-02
-1,008958e-02
6,783872e-02
1,459942e-01
2,227779e-01
2,983086e-01
3,723333e-01
4,442615e-01
5,136063e-01
5,799080e-01
6,430048e-01
7,025543e-01
7,580281e-01
8,091455e-01
8,556966e-01
8,974405e-01
9,340845e-01
9,653171e-01
9,910866e-01
1,011366e+00
1,025808e+00
1,034347e+00
1,037049e+00
1,033910e+00
1,024960e+00
1,010066e+00
9,894016e-01
9,632207e-01
9,315681e-01
8,946005e-01
8,524763e-01
8,056188e-01
7,540986e-01
6,983650e-01
6,386210e-01
5,752659e-01
5,087560e-01
4,392305e-01
3,670630e-01
2,929454e-01
2,174164e-01
1,404400e-01
6,215537e-02
-1,512060e-02
-9,366508e-02
-1,713748e-01
-2,477643e-01
-3,228458e-01
-3,962112e-01
-4,673546e-01
-5,356994e-01
-6,010148e-01
-6,629602e-01
-7,211930e-01
-7,752192e-01
-8,248306e-01
-8,697931e-01
-9,098846e-01
-9,447197e-01
-9,741743e-01
-9,981934e-01
-1,016496e+00
-1,029015e+00
-1,035602e+00
-1,036385e+00
-1,031276e+00
-1,020304e+00
-1,003505e+00
-9,809643e-01
-9,529555e-01
-9,195611e-01
-8,807932e-01
-8,370510e-01
-7,886324e-01
-7,357250e-01
-6,785455e-01
-6,175072e-01
-5,530644e-01
-4,854804e-01
-4,150444e-01
-3,422057e-01
-2,675339e-01
-1,915195e-01
-1,140990e-01
-3,549252e-02
4,151322e-02
1,200439e-01
1,973492e-01
2,732602e-01
3,478305e-01
4,205780e-01
4,907765e-01
5,581384e-01
6,223420e-01
6,831136e-01
7,399694e-01
7,926307e-01
8,406569e-01
8,841151e-01
9,223976e-01
9,554289e-01
9,830917e-01
1,005245e+00
1,021660e+00
1,032152e+00
1,036825e+00
1,035631e+00
1,028633e+00
1,015684e+00
9,969163e-01
9,725684e-01
9,427437e-01
9,075180e-01
8,670857e-01
8,218014e-01
7,718836e-01
7,174753e-01
6,590256e-01
5,967394e-01
5,313155e-01
4,626971e-01
3,913782e-01
3,178079e-01
2,427419e-01
1,662267e-01
8,835867e-02
1,048373e-02
-6,746350e-02
-1,456379e-01
-2,224388e-01
-2,979265e-01
-3,719684e-01
-4,439259e-01
-5,132224e-01
-5,795259e-01
-6,427122e-01
-7,021998e-01
-7,576683e-01
-8,087462e-01
-8,553334e-01
-8,970928e-01
-9,337850e-01
-9,649539e-01
-9,907510e-01
-1,010994e+00
-1,025466e+00
-1,034030e+00
-1,036744e+00
-1,033591e+00
-1,024636e+00
-1,009734e+00
-9,891382e-01
-9,629195e-01
-9,312445e-01
-8,942718e-01
-8,521252e-01
-8,053193e-01
-7,538146e-01
-6,980844e-01
-6,381804e-01
-5,749217e-01
-5,079539e-01
-4,380308e-01
-3,655449e-01
-2,913481e-01
-2,158175e-01
-1,391370e-01
-6,131716e-02
1,528239e-02
9,299553e-02
1,697293e-01
2,449123e-01
3,185514e-01
3,904384e-01
4,599725e-01
5,265513e-01
5,899683e-01
6,500118e-01
7,061671e-01
7,581640e-01
8,056670e-01
8,485158e-01
8,864920e-01
9,193184e-01
9,468092e-01
9,689040e-01
9,854394e-01
9,963328e-01
1,001462e+00
1,000963e+00
9,948319e-01
9,830384e-01
9,656234e-01
9,427575e-01
9,147711e-01
8,814903e-01
8,433884e-01
8,004845e-01
7,532656e-01
7,018504e-01
6,465677e-01
5,876688e-01
5,257165e-01
4,608864e-01
3,935055e-01
3,240730e-01
2,531327e-01
1,810100e-01
1,078184e-01
3,366807e-02
-3,870425e-02
-1,124776e-01
-1,848121e-01
-2,557386e-01
-3,251694e-01
-3,926329e-01
-4,577229e-01
-5,198817e-01
-5,789510e-01
-6,347466e-01
-6,867694e-01
-7,346028e-01
-7,782451e-01
-8,173435e-01
-8,516949e-01
-8,810772e-01
-9,054199e-01
-9,245680e-01
-9,384253e-01
-9,468556e-01
-9,498746e-01
-9,475579e-01
-9,398694e-01
-9,269157e-01
-9,085765e-01
-8,851495e-01
-8,569118e-01
-8,237790e-01
-7,860352e-01
-7,439178e-01
-6,978090e-01
-6,478259e-01
-5,941869e-01
-5,373242e-01
-4,776370e-01
-4,154437e-01
-3,508340e-01
-2,844823e-01
-2,169328e-01
-1,483126e-01
-7,863054e-02
-9,182513e-03
6,005897e-02
1,294416e-01
1,973991e-01
2,640966e-01
3,292520e-01
3,924315e-01
4,530636e-01
5,109797e-01
5,657908e-01
6,173885e-01
6,652425e-01
7,091344e-01
7,489815e-01
7,843966e-01
8,152936e-01
8,414641e-01
8,627862e-01
8,791667e-01
8,904817e-01
8,966986e-01
8,978174e-01
8,938174e-01
8,848328e-01
8,707449e-01
8,518102e-01
8,280733e-01
7,997427e-01
7,669438e-01
7,297886e-01
6,886558e-01
6,437828e-01
5,953126e-01
5,435204e-01
4,888952e-01
4,316332e-01
3,720923e-01
3,104808e-01
2,473685e-01
1,831769e-01
1,180560e-01
5,196425e-02
-1,276946e-02
-7,867013e-02
-1,437429e-01
-2,074559e-01
-2,699142e-01
-3,308063e-01
-3,896191e-01
-4,459947e-01
-4,995631e-01
-5,503380e-01
-5,977618e-01
-6,416640e-01
-6,817435e-01
-7,178866e-01
-7,498490e-01
-7,774051e-01
-8,004690e-01
-8,189769e-01
-8,328066e-01
-8,417808e-01
-8,459633e-01
-8,453110e-01
-8,399633e-01
-8,298186e-01
-8,149579e-01
-7,954518e-01
-7,716375e-01
-7,434032e-01
-7,110656e-01
-6,747589e-01
-6,348034e-01
-5,913521e-01
-5,446168e-01
-4,948712e-01
-4,426229e-01
-3,878859e-01
-3,310782e-01
-2,725924e-01
-2,128846e-01
-1,521956e-01
-9,058416e-02
-2,828248e-02
3,223604e-02
9,419004e-02
1,549358e-01
2,144594e-01
2,727232e-01
3,293192e-01
3,838497e-01
4,358518e-01
4,853427e-01
5,319988e-01
5,754708e-01
6,154401e-01
6,518345e-01
6,844406e-01
7,130157e-01
7,374720e-01
7,576683e-01
7,734843e-01
7,848992e-01
7,917581e-01
7,940696e-01
7,919371e-01
7,853037e-01
7,741951e-01
7,587148e-01
7,390296e-01
7,151672e-01
6,873270e-01
6,556418e-01
6,203007e-01
5,817135e-01
5,398319e-01
4,949727e-01
4,475111e-01
3,976209e-01
3,456859e-01
2,917974e-01
2,365577e-01
1,801425e-01
1,229751e-01
6,501598e-02
7,416579e-03
-5,001070e-02
-1,076858e-01
-1,641355e-01
-2,194801e-01
-2,735270e-01
-3,258527e-01
-3,761818e-01
-4,241116e-01
-4,695130e-01
-5,121915e-01
-5,517253e-01
-5,879803e-01
-6,207671e-01
-6,499842e-01
-6,754113e-01
-6,968572e-01
-7,143324e-01
-7,276802e-01
-7,368558e-01
-7,417629e-01
-7,424892e-01
-7,390434e-01
-7,313033e-01
-7,195063e-01
-7,036025e-01
-6,837952e-01
-6,602339e-01
-6,329118e-01
-6,021112e-01
-5,680404e-01
-5,308525e-01
-4,907300e-01
-4,479621e-01
-4,028206e-01
-3,555775e-01
-3,064378e-01
-2,556353e-01
-2,036642e-01
-1,508445e-01
-9,721932e-02
-4,294008e-02
1,001384e-02
6,405728e-02
1,174243e-01
1,697035e-01
2,208846e-01
2,707593e-01
3,188888e-01
3,649373e-01
4,088069e-01
4,502220e-01
4,889572e-01
5,247062e-01
5,573846e-01
5,867583e-01
6,127103e-01
6,350426e-01
6,537140e-01
6,685730e-01
6,796488e-01
6,867900e-01
6,899277e-01
6,892410e-01
6,846110e-01
6,760929e-01
6,637416e-01
6,476641e-01
6,280185e-01
6,048221e-01
5,782883e-01
5,485411e-01
5,157371e-01
4,801964e-01
4,420963e-01
4,015004e-01
3,588753e-01
3,143638e-01
2,681741e-01
2,205610e-01
1,719824e-01
1,227152e-01
7,276819e-02
2,221015e-02
-2,642533e-02
-7,668044e-02
-1,258185e-01
-1,739256e-01
-2,210137e-01
-2,667180e-01
-3,107046e-01
-3,526980e-01
-3,925038e-01
-4,300531e-01
-4,649433e-01
-4,970158e-01
-5,262484e-01
-5,522950e-01
-5,751833e-01
-5,946809e-01
-6,106517e-01
-6,232508e-01
-6,322199e-01
-6,374299e-01
-6,390943e-01
-6,371184e-01
-6,315744e-01
-6,223730e-01
-6,097636e-01
-5,936619e-01
-5,743365e-01
-5,518062e-01
-5,261468e-01
-4,976423e-01
-4,664527e-01
-4,327520e-01
-3,966760e-01
-3,584984e-01
-3,184740e-01
-2,768214e-01
-2,336592e-01
-1,894042e-01
-1,443212e-01
-9,861003e-02
-5,236184e-02
-6,542218e-03
3,898824e-02
8,488876e-02
1,298667e-01
1,738240e-01
2,168347e-01
2,584030e-01
2,982793e-01
3,362022e-01
3,722197e-01
4,058688e-01
4,370962e-01
4,656317e-01
4,915149e-01
5,144462e-01
5,343637e-01
5,510988e-01
5,646962e-01
5,750301e-01
5,820767e-01
5,856791e-01
5,859459e-01
5,829579e-01
5,766343e-01
5,670232e-01
5,542314e-01
5,384051e-01
5,195134e-01
4,977800e-01
4,733254e-01
4,462374e-01
4,167587e-01
3,849857e-01
3,511627e-01
3,155463e-01
2,782844e-01
2,395784e-01
1,996125e-01
1,587465e-01
1,172091e-01
7,519161e-02
3,256823e-02
-8,480270e-03
-5,070778e-02
-9,243099e-02
-1,332816e-01
-1,732044e-01
-2,120515e-01
-2,495836e-01
-2,853946e-01
-3,194551e-01
-3,515672e-01
-3,815416e-01
-4,091580e-01
-4,344095e-01
-4,570327e-01
-4,770501e-01
-4,941810e-01
-5,083653e-01
-5,196717e-01
-5,279988e-01
-5,332346e-01
-5,354205e-01
-5,345927e-01
-5,306942e-01
-5,238490e-01
-5,140194e-01
-5,013411e-01
-4,858780e-01
-4,677298e-01
-4,470034e-01
-4,237898e-01
-3,982784e-01
-3,707463e-01
-3,411661e-01
-3,097304e-01
-2,767405e-01
-2,423547e-01
-2,066986e-01
-1,700546e-01
-1,326877e-01
-9,483720e-02
-5,642900e-02
-1,779015e-02
1,899326e-02
5,742728e-02
9,500071e-02
1,317359e-01
1,676295e-01
2,024507e-01
2,358469e-01
2,676991e-01
2,979609e-01
3,264000e-01
3,527032e-01
3,769357e-01
3,989032e-01
4,184833e-01
4,355850e-01
4,500791e-01
4,619553e-01
4,712514e-01
4,776714e-01
4,813392e-01
4,822807e-01
4,804993e-01
4,759709e-01
4,687195e-01
4,588554e-01
4,464887e-01
4,316263e-01
4,143508e-01
3,947947e-01
3,731095e-01
3,494123e-01
3,238372e-01
2,965186e-01
2,676767e-01
2,375181e-01
2,061048e-01
1,736777e-01
1,403832e-01
1,066015e-01
7,237748e-02
3,777825e-02
3,877826e-03
-2,990728e-02
-6,410892e-02
-9,749815e-02
-1,302092e-01
-1,620615e-01
-1,928913e-01
-2,223321e-01
-2,503427e-01
-2,768489e-01
-3,016270e-01
-3,244999e-01
-3,454415e-01
-3,642609e-01
-3,809839e-01
-3,954384e-01
-4,074351e-01
-4,171546e-01
-4,244765e-01
-4,293199e-01
-4,316435e-01
-4,315781e-01
-4,289981e-01
-4,240944e-01
-4,166400e-01
-4,069721e-01
-3,950374e-01
-3,809134e-01
-3,647601e-01
-3,465981e-01
-3,265377e-01
-3,048026e-01
-2,814720e-01
-2,566147e-01
-2,304131e-01
-2,031943e-01
-1,748774e-01
-1,457498e-01
-1,160009e-01
-8,583369e-02
-5,532916e-02
-2,451654e-02
4,784890e-03
3,507944e-02
6,515884e-02
9,457214e-02
1,232212e-01
1,510924e-01
1,778309e-01
2,034094e-01
2,277091e-01
2,505251e-01
2,717680e-01
2,913086e-01
3,090608e-01
3,249284e-01
3,388958e-01
3,508013e-01
3,606172e-01
3,683195e-01
3,738634e-01
3,772541e-01
3,784676e-01
3,774400e-01
3,743918e-01
3,691060e-01
3,618254e-01
3,524846e-01
3,412349e-01
3,280696e-01
3,131349e-01
2,965169e-01
2,783498e-01
2,586887e-01
2,376920e-01
2,154061e-01
1,920961e-01
1,678498e-01
1,427549e-01
1,170577e-01
9,087848e-02
6,442217e-02
3,768015e-02
1,078838e-02
-1,424107e-02
-4,087122e-02
-6,683011e-02
-9,212978e-02
-1,167961e-01
-1,407463e-01
-1,636381e-01
-1,854472e-01
-2,060721e-01
-2,252840e-01
-2,431636e-01
-2,594684e-01
-2,742034e-01
-2,872775e-01
-2,986752e-01
-3,082261e-01
-3,159404e-01
-3,218630e-01
-3,258682e-01
-3,280162e-01
-3,282073e-01
-3,266049e-01
-3,231470e-01
-3,178285e-01
-3,107941e-01
-3,020573e-01
-2,917027e-01
-2,796906e-01
-2,662034e-01
-2,513289e-01
-2,351136e-01
-2,177452e-01
-1,992080e-01
-1,796778e-01
-1,593213e-01
-1,382368e-01
-1,164346e-01
-9,424339e-02
-7,172687e-02
-4,900037e-02
-2,610175e-02
-3,798652e-03
1,796571e-02
4,042199e-02
6,229823e-02
8,359443e-02
1,043502e-01
1,243555e-01
1,434486e-01
1,615417e-01
1,784798e-01
1,943767e-01
2,089052e-01
2,221514e-01
2,340276e-01
2,444666e-01
2,534098e-01
2,607748e-01
2,665924e-01
2,708316e-01
2,735322e-01
2,746131e-01
2,740606e-01
2,720571e-01
2,683979e-01
2,632688e-01
2,566284e-01
2,486094e-01
2,392823e-01
2,286540e-01
2,167813e-01
2,037675e-01
1,897398e-01
1,747397e-01
1,588411e-01
1,421973e-01
1,249579e-01
1,070490e-01
8,876142e-02
7,007798e-02
5,129126e-02
3,234276e-02
1,329270e-02
-4,105022e-03
-2,276265e-02
-4,115694e-02
-5,908134e-02
-7,646701e-02
-9,330535e-02
-1,094087e-01
-1,247479e-01
-1,392162e-01
-1,527860e-01
-1,652990e-01
-1,767242e-01
-1,870324e-01
-1,961598e-01
-2,041048e-01
-2,108295e-01
-2,162150e-01
-2,203115e-01
-2,231273e-01
-2,246265e-01
-2,248089e-01
-2,237642e-01
-2,214320e-01
-2,179207e-01
-2,130412e-01
-2,071754e-01
-2,000463e-01
-1,919601e-01
-1,828034e-01
-1,727448e-01
-1,618377e-01
-1,501061e-01
-1,376413e-01
-1,246051e-01
-1,109268e-01
-9,682517e-02
-8,236723e-02
-6,756849e-02
-5,255461e-02
-3,748565e-02
-2,236333e-02
-7,261672e-03
5,881283e-03
2,072133e-02
3,506739e-02
4,899176e-02
6,251682e-02
7,554618e-02
8,786985e-02
9,956873e-02
1,104535e-01
1,206205e-01
1,299614e-01
1,383900e-01
1,459133e-01
1,525054e-01
1,581062e-01
1,626759e-01
1,662766e-01
1,688532e-01
1,704574e-01
1,709944e-01
1,704849e-01
1,690271e-01
1,666484e-01
1,632646e-01
1,591062e-01
1,539771e-01
1,480958e-01
1,413178e-01
1,338909e-01
1,258030e-01
1,170887e-01
1,077530e-01
9,802311e-02
8,783887e-02
7,740506e-02
6,656676e-02
5,553914e-02
4,433596e-02
3,310868e-02
2,188312e-02
1,057667e-02
3,855451e-04
-9,905410e-03
-2,057158e-02
-3,096753e-02
-4,096933e-02
-5,065098e-02
-5,983866e-02
-6,850826e-02
-7,664085e-02
-8,412283e-02
-9,107297e-02
-9,733808e-02
-1,028820e-01
-1,077839e-01
-1,119389e-01
-1,154036e-01
-1,180783e-01
-1,200543e-01
-1,212763e-01
-1,217754e-01
-1,215328e-01
-1,206068e-01
-1,190267e-01
-1,167720e-01
-1,138683e-01
-1,103692e-01
-1,062917e-01
-1,016961e-01
-9,660486e-02
-9,107297e-02
-8,508498e-02
-7,880610e-02
-7,220020e-02
-6,527588e-02
-5,815706e-02
-5,119832e-02
-4,421376e-02
-3,702093e-02
-2,962673e-02
-2,209483e-02
-1,441663e-02
-6,698845e-03
1,222040e-04
7,232412e-03
1,497602e-02
2,260086e-02
3,010350e-02
3,738238e-02
4,449087e-02
5,125340e-02
5,783348e-02
6,402974e-02
6,985078e-02
7,525702e-02
8,024329e-02
8,466157e-02
8,873905e-02
9,219863e-02
9,516595e-02
9,752741e-02
9,937424e-02
1,006359e-01
1,013140e-01
1,013691e-01
1,008149e-01
9,974946e-02
9,807130e-02
9,577008e-02
9,307643e-02
8,967365e-02
8,581304e-02
8,144984e-02
7,661848e-02
7,130690e-02
6,557881e-02
5,954434e-02
5,307785e-02
4,633425e-02
3,930666e-02
3,205532e-02
2,459055e-02
1,705521e-02
9,316765e-03
1,855436e-03
-4,554251e-03
-1,236498e-02
-2,006900e-02
-2,764393e-02
-3,508804e-02
-4,237553e-02
-4,938591e-02
-5,612607e-02
-6,248584e-02
-6,857366e-02
-7,423119e-02
-7,950834e-02
-8,427258e-02
-8,869086e-02
-9,247402e-02
-9,581311e-02
-9,851193e-02
-1,007047e-01
-1,023966e-01
-1,034242e-01
-1,038889e-01
-1,038063e-01
-1,030782e-01
-1,018063e-01
-9,997321e-02
-9,754118e-02
-9,451018e-02
-9,103511e-02
-8,693181e-02
-8,241026e-02
-7,740850e-02
-7,200054e-02
-6,615540e-02
-5,992472e-02
-5,341692e-02
-4,651670e-02
-3,943919e-02
-3,210523e-02
-2,465423e-02
-1,699669e-02
-9,297832e-03
-1,738395e-03
4,657522e-03
1,239768e-02
2,007072e-02
2,757680e-02
3,499338e-02
4,218104e-02
4,907782e-02
5,567167e-02
6,198842e-02
6,797469e-02
7,348420e-02
7,863054e-02
8,327945e-02
8,741718e-02
9,110568e-02
9,415045e-02
9,680279e-02
9,883207e-02
1,002641e-01
1,011195e-01
1,014362e-01
1,010421e-01
1,001798e-01
9,868060e-02
9,657904e-02
9,398177e-02
9,083545e-02
8,713146e-02
8,293694e-02
7,828974e-02
7,311070e-02
6,756677e-02
6,160459e-02
5,528269e-02
4,863031e-02
4,170083e-02
3,445465e-02
2,709659e-02
1,952682e-02
1,194157e-02
4,199687e-03
-2,017227e-03
-9,757388e-03
-1,752853e-02
-2,515165e-02
-3,260782e-02
-3,996588e-02
-4,701929e-02
-5,384378e-02
-6,038772e-02
-6,657881e-02
-7,236887e-02
-7,782158e-02
-8,275449e-02
-8,725883e-02
-9,126575e-02
-9,475975e-02
-9,769953e-02
-1,000903e-01
-1,019009e-01
-1,031264e-01
-1,038424e-01
-1,038442e-01
-1,033708e-01
-1,022796e-01
-1,006376e-01
-9,832948e-02
-9,557903e-02
-9,219863e-02
-8,835178e-02
-8,400752e-02
-7,914001e-02
-7,388524e-02
-6,817263e-02
-6,208480e-02
-5,566479e-02
-4,884030e-02
-4,183164e-02
-3,460095e-02
-2,714306e-02
-1,959395e-02
-1,184518e-02
-4,098137e-03
2,105007e-03
9,843447e-03
1,749583e-02
2,508280e-02
3,259061e-02
3,979376e-02
4,679725e-02
5,354085e-02
5,994709e-02
6,602287e-02
7,170450e-02
7,697476e-02
8,177514e-02
8,613146e-02
8,991290e-02
9,322962e-02
9,596458e-02
9,820556e-02
9,985961e-02
1,008734e-01
1,013347e-01
1,012280e-01
1,004741e-01
9,922105e-02
9,737250e-02
9,490433e-02
9,196627e-02
8,846366e-02
8,433626e-02
7,985774e-02
7,489901e-02
6,948589e-02
6,360461e-02
5,744105e-02
5,087990e-02
4,400205e-02
3,688496e-02
2,956477e-02
2,206557e-02
1,449753e-02
6,774578e-03
-2,581775e-05
-7,172171e-03
-1,491750e-02
-2,257848e-02
-3,013276e-02
-3,748909e-02
-4,468536e-02
-5,161140e-02
-5,825173e-02
-6,455470e-02
-7,048934e-02
-7,605393e-02
-8,118133e-02
-8,578722e-02
-8,996453e-02
-9,364098e-02
-9,675804e-02
-9,930884e-02
-1,013760e-01
-1,027598e-01
-1,036342e-01
-1,038855e-01
-1,036221e-01
-1,027736e-01
-1,012159e-01
-9,916253e-02
-9,656699e-02
-9,343616e-02
-8,972873e-02
-8,548257e-02
-8,085431e-02
-7,564084e-02
-7,003151e-02
-6,418981e-02
-5,779734e-02
-5,116217e-02
-4,418794e-02
-3,705019e-02
-2,961812e-02
-2,214130e-02
-1,443212e-02
-6,685076e-03
1,308099e-04
7,261672e-03
1,498462e-02
2,260086e-02
3,006907e-02
3,739615e-02
4,446161e-02
5,131536e-02
5,783004e-02
6,407793e-02
6,985078e-02
7,520022e-02
8,022608e-02
8,465468e-02
8,867881e-02
9,219174e-02
9,511259e-02
9,755151e-02
9,934670e-02
1,006376e-01
1,012383e-01
1,013381e-01
1,008080e-01
9,977183e-02
9,805237e-02
9,578385e-02
9,305233e-02
8,970807e-02
8,578378e-02
8,143779e-02
7,663913e-02
7,132412e-02
6,563044e-02
5,949442e-02
5,306752e-02
4,633942e-02
3,932732e-02
3,201401e-02
2,460948e-02
1,701734e-02
9,356353e-03
1,834781e-03
-4,533597e-03
-1,239768e-02
-2,007588e-02
-2,765253e-02
-3,507599e-02
-4,232218e-02
-4,935837e-02
-5,609853e-02
-6,253920e-02
-6,855645e-02
-7,423980e-02
-7,949629e-02
-8,428807e-02
-8,858931e-02
-9,246025e-02
-9,576320e-02
-9,854635e-02
-1,007615e-01
-1,023743e-01
-1,034276e-01
-1,039268e-01
-1,037839e-01
-1,031023e-01
-1,017942e-01
-9,993535e-02
-9,752053e-02
-9,453427e-02
-9,101101e-02
-8,700237e-02
-8,241886e-02
-7,746702e-02
-7,198677e-02
-6,619155e-02
-5,997119e-02
-5,340660e-02
-4,655112e-02
-3,943747e-02
-3,210867e-02
-2,460432e-02
-1,701218e-02
-9,235870e-03
-1,776261e-03
4,619656e-03
1,239768e-02
2,007588e-02
2,758024e-02
3,495895e-02
4,213629e-02
4,908126e-02
5,571470e-02
6,198153e-02
6,794715e-02
7,353067e-02
7,862193e-02
8,320200e-02
8,742579e-02
9,102994e-02
9,416594e-02
9,679074e-02
9,879420e-02
1,002486e-01
1,011471e-01
1,013450e-01
1,010558e-01
1,001471e-01
9,869609e-02
9,653257e-02
9,398866e-02
9,084750e-02
8,716072e-02
8,293005e-02
7,829491e-02
7,313996e-02
6,757538e-02
6,159255e-02
5,524482e-02
4,869228e-02
4,167157e-02
3,452350e-02
2,707077e-02
1,959739e-02
1,192092e-02
4,187639e-03
-2,058535e-03
-9,772879e-03
-1,750271e-02
-2,510518e-02
-3,265945e-02
-3,992113e-02
-4,708469e-02
-5,386271e-02
-6,039977e-02
-6,656160e-02
-7,239986e-02
-7,779749e-02
-8,278031e-02
-8,724678e-02
-9,124681e-02
-9,476491e-02
-9,768404e-02
-9,999214e-02
-1,018665e-01
-1,031144e-01
-1,037977e-01
-1,038837e-01
-1,034156e-01
-1,022934e-01
-1,006445e-01
-9,834669e-02
-9,558419e-02
-9,222789e-02
-8,832941e-02
-8,400924e-02
-7,914345e-02
-7,385426e-02
-6,813648e-02
-6,207792e-02
-5,563897e-02
-4,887472e-02
-4,184713e-02
-3,458029e-02
-2,712757e-02
-1,953027e-02
-1,185379e-02
-4,130840e-03
2,094680e-03
9,834841e-03
1,754919e-02
2,513272e-02
3,258716e-02
3,980925e-02
4,681447e-02
5,355290e-02
5,988169e-02
6,598328e-02
7,170450e-02
7,695755e-02
8,175793e-02
8,608326e-02
8,990945e-02
9,323994e-02
9,597662e-02
9,819007e-02
9,983724e-02
1,009285e-01
1,013656e-01
1,012245e-01
1,005257e-01
9,923999e-02
9,737250e-02
9,494736e-02
9,198348e-02
8,842407e-02
8,436896e-02
7,983709e-02
7,489557e-02
6,943426e-02
6,360977e-02
5,739802e-02
5,086785e-02
4,404852e-02
3,694348e-02
2,958886e-02
2,211204e-02
1,451302e-02
6,786626e-03
-1,032710e-05
-7,125699e-03
-1,495708e-02
-2,262323e-02
-3,016374e-02
-3,751491e-02
-4,471806e-02
-5,166476e-02
-5,825861e-02
-6,452888e-02
-7,051000e-02
-7,605737e-02
-8,115379e-02
-8,579582e-02
-8,997314e-02
-9,359623e-02
-9,676665e-02
-9,933465e-02
-1,013467e-01
-1,028269e-01
-1,036256e-01
-1,039423e-01
-1,035670e-01
-1,026892e-01
-1,011901e-01
-9,911606e-02
-9,653773e-02
-9,338969e-02
-8,968054e-02
-8,548429e-02
-8,084226e-02
-7,568732e-02
-7,011757e-02
-6,413301e-02
-5,782487e-02
-5,113464e-02
-4,425162e-02
-3,700028e-02
-2,961124e-02
-2,205008e-02
-1,442180e-02
-6,636883e-03
7,228970e-05
7,275442e-03
1,496741e-02
2,256988e-02
3,009145e-02
3,737722e-02
4,445989e-02
5,130675e-02
5,781283e-02
6,404867e-02
6,983529e-02
7,526218e-02
8,022091e-02
8,471148e-02
8,872184e-02
9,221584e-02
9,513669e-02
9,751708e-02
9,936736e-02
1,005980e-01
1,012658e-01
1,013502e-01
1,008028e-01
9,974946e-02
9,804032e-02
9,574082e-02
9,304545e-02
8,965128e-02
8,580959e-02
8,148942e-02
7,664946e-02
7,134133e-02
6,562011e-02
5,953573e-02
5,305548e-02
4,637556e-02
3,929462e-02
3,205532e-02
2,459055e-02
1,703455e-02
9,361516e-03
1,845109e-03
-4,535318e-03
-1,232884e-02
-2,007588e-02
-2,764909e-02
-3,511386e-02
-4,233250e-02
-4,937386e-02
-5,610025e-02
-6,250477e-02
-6,851514e-02
-7,425013e-02
-7,948769e-02
-8,428118e-02
-8,861684e-02
-9,244131e-02
-9,579246e-02
-9,853947e-02
-1,006875e-01
-1,023725e-01
-1,033794e-01
-1,038872e-01
-1,037874e-01
-1,030593e-01
-1,017598e-01
-9,990436e-02
-9,748610e-02
-9,451362e-02
-9,098519e-02
-8,693353e-02
-8,243435e-02
-7,742571e-02
-7,200743e-02
-6,618294e-02
-5,998668e-02
-5,340832e-02
-4,653391e-02
-3,944092e-02
-3,211212e-02
-2,464390e-02
-1,698808e-02
-9,277178e-03
-1,771098e-03
4,631704e-03
1,241490e-02
2,004834e-02
2,756819e-02
3,493486e-02
4,217932e-02
4,902963e-02
5,572847e-02
6,204866e-02
6,791445e-02
7,349797e-02
7,862365e-02
8,324159e-02
8,740341e-02
9,104543e-02
9,421069e-02
9,680451e-02
9,880109e-02
1,002658e-01
1,011385e-01
1,014276e-01
1,010558e-01
1,001884e-01
9,868232e-02
9,660314e-02
9,401964e-02
9,086815e-02
8,720203e-02
8,300234e-02
7,824671e-02
7,311931e-02
6,756505e-02
6,160631e-02
5,525687e-02
4,867506e-02
4,167157e-02
3,448047e-02
2,708626e-02
1,959395e-02
1,194845e-02
4,189360e-03
-2,013784e-03
-9,800418e-03
-1,750788e-02
-2,509830e-02
-3,259749e-02
-3,994178e-02
-4,705887e-02
-5,386615e-02
-6,033092e-02
-6,654955e-02
-7,239125e-02
-7,778544e-02
-8,277515e-02
-8,727088e-02
-9,124165e-02
-9,475803e-02
-9,761863e-02
-1,000851e-01
-1,018734e-01
-1,031522e-01
-1,037615e-01
-1,038820e-01
-1,033966e-01
-1,022762e-01
-1,006049e-01
-9,833637e-02
-9,554289e-02
-9,221068e-02
-8,833113e-02
-8,400924e-02
-7,916583e-02
-7,384049e-02
-6,815714e-02
-6,207792e-02
-5,560283e-02
-4,887300e-02
-4,185574e-02
-3,452694e-02
-2,714822e-02
-1,953887e-02
-1,185723e-02
-4,129119e-03
2,108450e-03
9,852053e-03
1,751820e-02
2,508625e-02
3,254758e-02
3,976622e-02
4,679037e-02
5,351159e-02
5,991095e-02
6,605041e-02
7,168556e-02
7,691968e-02
8,179235e-02
8,610047e-02
8,993355e-02
9,322101e-02
9,599556e-02
9,820039e-02
9,988543e-02
1,008854e-01
1,013226e-01
1,012452e-01
1,004999e-01
9,920901e-02
9,738283e-02
9,490261e-02
9,195766e-02
8,843612e-02
8,436896e-02
7,985602e-02
7,491450e-02
6,947040e-02
6,363215e-02
5,744277e-02
5,084548e-02
4,404680e-02
3,690389e-02
2,957165e-02
2,208795e-02
1,451646e-02
6,786626e-03
-6,884733e-06
-7,158401e-03
-1,493987e-02
-2,261979e-02
-3,011382e-02
-3,745811e-02
-4,470774e-02
-5,163378e-02
-5,827582e-02
-6,457363e-02
-7,049106e-02
-7,599713e-02
-8,110216e-02
-8,578378e-02
-8,994732e-02
-9,361688e-02
-9,678386e-02
-9,930884e-02
-1,013295e-01
-1,027719e-01
-1,036428e-01
-1,039474e-01
-1,036032e-01
-1,027564e-01
-1,012503e-01
-9,916598e-02
-9,657904e-02
-9,337936e-02
-8,975110e-02
-8,547568e-02
-8,087496e-02
-7,567871e-02
-7,009175e-02
-6,418120e-02
-5,779906e-02
-5,116906e-02
-4,421720e-02
-3,700372e-02
-2,963189e-02
-2,211721e-02
-1,442352e-02
-6,721221e-03
1,342523e-04
7,239297e-03
1,492610e-02
2,259914e-02
3,007768e-02
3,736517e-02
4,449947e-02
5,131708e-02
5,781455e-02
6,402458e-02
6,984218e-02
7,522604e-02
8,022435e-02
8,468222e-02
8,876142e-02
9,216076e-02
9,510226e-02
9,751192e-02
9,934498e-02
1,006359e-01
1,012813e-01
1,013519e-01
1,008080e-01
9,974257e-02
9,805753e-02
9,577180e-02
9,300930e-02
8,967881e-02
8,576656e-02
8,143951e-02
7,659438e-02
7,133789e-02
6,561667e-02
5,958565e-02
5,306752e-02
4,639450e-02
3,932388e-02
3,207425e-02
2,460776e-02
1,704832e-02
9,377007e-03
1,827897e-03
-4,538760e-03
-1,235982e-02
-2,002769e-02
-2,762155e-02
-3,505018e-02
-4,234799e-02
-4,931707e-02
-5,606238e-02
-6,247379e-02
-6,851687e-02
-7,423292e-02
-7,951351e-02
-8,428463e-02
-8,864955e-02
-9,246713e-02
-9,579590e-02
-9,855496e-02
-1,007391e-01
-1,023588e-01
-1,034242e-01
-1,039010e-01
-1,037547e-01
-1,030679e-01
-1,017650e-01
-9,989232e-02
-9,748954e-02
-9,453772e-02
-9,101790e-02
-8,693353e-02
-8,242058e-02
-7,745325e-02
-7,200398e-02
-6,616401e-02
-5,995398e-02
-5,363379e-02
-4,727058e-02
-4,055624e-02
-3,338751e-02
-2,590037e-02
-1,805349e-02
-9,929507e-03
-1,869205e-03
5,333947e-03
1,404830e-02
2,283322e-02
3,163707e-02
4,053559e-02
4,927576e-02
5,791610e-02
6,638604e-02
7,463739e-02
8,261164e-02
9,019345e-02
9,737767e-02
1,041368e-01
1,104156e-01
1,161437e-01
1,212918e-01
1,257049e-01
1,296034e-01
1,327394e-01
1,350750e-01
1,366241e-01
1,375139e-01
1,374795e-01
1,366981e-01
1,350475e-01
1,325982e-01
1,292901e-01
1,251128e-01
1,201971e-01
1,144243e-01
1,079079e-01
1,005842e-01
9,253082e-02
8,384228e-02
7,453412e-02
6,458913e-02
5,410368e-02
4,317416e-02
3,174034e-02
2,001908e-02
7,884741e-03
-2,896752e-03
-1,532714e-02
-2,798988e-02
-4,061476e-02
-5,317596e-02
-6,570617e-02
-7,797993e-02
-9,004543e-02
-1,016307e-01
-1,128735e-01
-1,236601e-01
-1,338323e-01
-1,433522e-01
-1,521715e-01
-1,603059e-01
-1,675538e-01
-1,739634e-01
-1,794316e-01
-1,839360e-01
-1,873990e-01
-1,898741e-01
-1,912854e-01
-1,915935e-01
-1,907433e-01
-1,888396e-01
-1,857742e-01
-1,816348e-01
-1,763387e-01
-1,699755e-01
-1,625640e-01
-1,541492e-01
-1,447291e-01
-1,343005e-01
-1,229476e-01
-1,108649e-01
-9,793189e-02
-8,426914e-02
-6,994373e-02
-5,502451e-02
-3,979892e-02
-2,398469e-02
-7,857202e-03
6,673028e-03
2,332892e-02
3,977827e-02
5,622417e-02
7,255993e-02
8,858758e-02
1,043588e-01
1,195740e-01
1,343487e-01
1,484503e-01
1,619272e-01
1,745504e-01
1,862424e-01
1,970152e-01
2,067658e-01
2,154095e-01
2,228709e-01
2,291532e-01
2,341412e-01
2,378211e-01
2,401274e-01
2,411206e-01
2,407350e-01
2,388796e-01
2,356025e-01
2,310155e-01
2,249742e-01
2,175954e-01
2,088432e-01
1,988449e-01
1,876090e-01
1,751149e-01
1,614298e-01
1,467687e-01
1,310716e-01
1,144828e-01
9,704032e-02
7,884741e-02
6,011405e-02
4,080926e-02
2,100704e-02
1,747001e-03
-1,782974e-02
-3,828084e-02
-5,858392e-02
-7,872520e-02
-9,866339e-02
-1,182832e-01
-1,372592e-01
-1,557086e-01
-1,733868e-01
-1,902803e-01
-2,061995e-01
-2,210826e-01
-2,348142e-01
-2,473426e-01
-2,585389e-01
-2,683858e-01
-2,767508e-01
-2,835856e-01
-2,888920e-01
-2,925272e-01
-2,945478e-01
-2,948800e-01
-2,935857e-01
-2,905271e-01
-2,858404e-01
-2,794255e-01
-2,713721e-01
-2,616285e-01
-2,504046e-01
-2,375663e-01
-2,233201e-01
-2,076625e-01
-1,907037e-01
-1,724299e-01
-1,531698e-01
-1,327566e-01
-1,114036e-01
-8,931392e-02
-6,662529e-02
-4,328432e-02
-1,944077e-02
3,385568e-03
2,742361e-02
5,171812e-02
7,584222e-02
9,966512e-02
1,231352e-01
1,461405e-01
1,683937e-01
1,898362e-01
2,104456e-01
2,298881e-01
2,481774e-01
2,651466e-01
2,807646e-01
2,948490e-01
3,073982e-01
3,181814e-01
3,272624e-01
3,344776e-01
3,398993e-01
3,433348e-01
3,448442e-01
3,444260e-01
3,419527e-01
3,375051e-01
3,311144e-01
3,227546e-01
3,124739e-01
3,003155e-01
2,863602e-01
2,706371e-01
2,532738e-01
2,343030e-01
2,138398e-01
1,920428e-01
1,690236e-01
1,447412e-01
1,194880e-01
9,349468e-02
6,675610e-02
3,939444e-02
1,147169e-02
-1,498118e-02
-4,331874e-02
-7,144116e-02
-9,926064e-02
-1,267221e-01
-1,537550e-01
-1,800186e-01
-2,053406e-01
-2,297608e-01
-2,529675e-01
-2,749091e-01
-2,953774e-01
-3,143466e-01
-3,316118e-01
-3,471334e-01
-3,607428e-01
-3,723591e-01
-3,819306e-01
-3,893902e-01
-3,946518e-01
-3,976674e-01
-3,984557e-01
-3,969909e-01
-3,932026e-01
-3,871526e-01
-3,788961e-01
-3,684296e-01
-3,557238e-01
-3,409836e-01
-3,241178e-01
-3,053500e-01
-2,847732e-01
-2,623187e-01
-2,382531e-01
-2,127865e-01
-1,858551e-01
-1,577069e-01
-1,285001e-01
-9,848095e-02
-6,771652e-02
-3,622575e-02
-4,993153e-03
2,624977e-02
5,843762e-02
9,030533e-02
1,217531e-01
1,528376e-01
1,832062e-01
2,126419e-01
2,410328e-01
2,682017e-01
2,940280e-01
3,182709e-01
3,408339e-01
3,615191e-01
3,803695e-01
3,970340e-01
4,115883e-01
4,237812e-01
4,337261e-01
4,411427e-01
4,461152e-01
4,485128e-01
4,484268e-01
4,457521e-01
4,404715e-01
4,326039e-01
4,223629e-01
4,095315e-01
3,942766e-01
3,766947e-01
3,568891e-01
3,349388e-01
3,109593e-01
2,849815e-01
2,573135e-01
2,279914e-01
1,971615e-01
1,650339e-01
1,317979e-01
9,773912e-02
6,287138e-02
2,728420e-02
-7,175613e-03
-4,322063e-02
-7,918304e-02
-1,147065e-01
-1,498376e-01
-1,842888e-01
-2,179689e-01
-2,505595e-01
-2,817577e-01
-3,116375e-01
-3,398511e-01
-3,662145e-01
-3,906725e-01
-4,130461e-01
-4,331134e-01
-4,508330e-01
-4,661050e-01
-4,788263e-01
-4,887851e-01
-4,960485e-01
-5,003927e-01
-5,020468e-01
-5,008162e-01
-4,967490e-01
-4,897782e-01
-4,799692e-01
-4,674114e-01
-4,521480e-01
-4,341341e-01
-4,136554e-01
-3,906897e-01
-3,653797e-01
-3,378321e-01
-3,081865e-01
-2,767697e-01
-2,435010e-01
-2,087227e-01
-1,725658e-01
-1,353590e-01
-9,718489e-02
-5,820181e-02
-1,844764e-02
1,974025e-02
6,001422e-02
9,967028e-02
1,388616e-01
1,775194e-01
2,154629e-01
2,522360e-01
2,877147e-01
3,217322e-01
3,541472e-01
3,846087e-01
4,129824e-01
4,391479e-01
4,629553e-01
4,842188e-01
5,027731e-01
5,185564e-01
5,314394e-01
5,414223e-01
5,482520e-01
5,519697e-01
5,525343e-01
5,500695e-01
5,443655e-01
5,355221e-01
5,235599e-01
5,086269e-01
4,906939e-01
4,698228e-01
4,462168e-01
4,200049e-01
3,912198e-01
3,600268e-01
3,265859e-01
2,913223e-01
2,541293e-01
2,152804e-01
1,750375e-01
1,337067e-01
9,152909e-02
4,835148e-02
5,397631e-03
-3,774555e-02
-8,172178e-02
-1,251180e-01
-1,679066e-01
-2,100704e-01
-2,511826e-01
-2,910796e-01
-3,293760e-01
-3,660268e-01
-4,008120e-01
-4,333974e-01
-4,635543e-01
-4,912722e-01
-5,163309e-01
-5,385256e-01
-5,577030e-01
-5,738718e-01
-5,867927e-01
-5,964520e-01
-6,025897e-01
-6,054882e-01
-6,049082e-01
-6,009271e-01
-5,933797e-01
-5,825259e-01
-5,682263e-01
-5,507064e-01
-5,298835e-01
-5,059763e-01
-4,791206e-01
-4,494216e-01
-4,170651e-01
-3,821285e-01
-3,448942e-01
-3,056133e-01
-2,643892e-01
-2,213993e-01
-1,770616e-01
-1,316654e-01
-8,527603e-02
-3,787464e-02
8,481991e-03
5,623278e-02
1,038820e-01
1,508893e-01
1,972562e-01
2,427299e-01
2,870882e-01
3,298355e-01
3,709047e-01
4,100891e-01
4,470361e-01
4,815234e-01
5,133515e-01
5,425308e-01
5,686893e-01
5,916309e-01
6,112507e-01
6,275039e-01
6,403370e-01
6,494730e-01
6,549120e-01
6,566641e-01
6,546624e-01
6,489274e-01
6,394644e-01
6,262474e-01
6,095192e-01
5,892488e-01
5,654621e-01
5,384137e-01
5,081863e-01
4,749227e-01
4,387899e-01
4,000426e-01
3,589166e-01
3,156340e-01
2,702189e-01
2,231049e-01
1,747139e-01
1,251610e-01
7,451003e-02
2,298124e-02
-2,711724e-02
-7,902813e-02
-1,303400e-01
-1,809187e-01
-2,307900e-01
-2,796028e-01
-3,269147e-01
-3,725088e-01
-4,161098e-01
-4,575869e-01
-4,966492e-01
-5,329111e-01
-5,662177e-01
-5,965948e-01
-6,235830e-01
-6,471357e-01
-6,670171e-01
-6,833063e-01
-6,956266e-01
-7,040913e-01
-7,085664e-01
-7,089502e-01
-7,054408e-01
-6,977815e-01
-6,861394e-01
-6,705214e-01
-6,510909e-01
-6,278773e-01
-6,009684e-01
-5,704828e-01
-5,367717e-01
-4,998368e-01
-4,599071e-01
-4,171563e-01
-3,720166e-01
-3,245463e-01
-2,750072e-01
-2,237194e-01
-1,711614e-01
-1,174346e-01
-6,260288e-02
-7,781470e-03
4,721550e-02
1,028579e-01
1,577585e-01
2,119155e-01
2,651517e-01
3,171280e-01
3,673883e-01
4,156141e-01
4,617763e-01
5,054547e-01
5,463638e-01
5,841954e-01
6,189771e-01
6,502493e-01
6,779586e-01
7,018934e-01
7,218540e-01
7,377973e-01
7,496442e-01
7,571744e-01
7,603947e-01
7,593861e-01
7,540091e-01
7,442775e-01
7,302705e-01
7,121258e-01
6,898382e-01
6,634886e-01
6,333283e-01
5,993986e-01
5,620472e-01
5,212741e-01
4,773995e-01
4,307158e-01
3,814555e-01
3,297787e-01
2,760158e-01
2,205765e-01
1,638153e-01
1,058597e-01
4,676111e-02
-1,142866e-02
-7,107454e-02
-1,303607e-01
-1,887691e-01
-2,463926e-01
-3,030006e-01
-3,579941e-01
-4,110100e-01
-4,618365e-01
-5,102775e-01
-5,559990e-01
-5,985966e-01
-6,379032e-01
-6,737520e-01
-7,058745e-01
-7,340812e-01
-7,581554e-01
-7,780127e-01
-7,935120e-01
-8,045912e-01
-8,110147e-01
-8,128374e-01
-8,101696e-01
-8,027547e-01
-7,907443e-01
-7,741969e-01
-7,532174e-01
-7,279383e-01
-6,983856e-01
-6,647330e-01
-6,273094e-01
-5,861060e-01
-5,414223e-01
-4,934633e-01
-4,426574e-01
-3,891836e-01
-3,332366e-01
-2,751845e-01
-2,155903e-01
-1,546449e-01
-9,244820e-02
-2,908972e-02
3,287632e-02
9,660486e-02
1,595330e-01
2,214664e-01
2,825546e-01
3,422694e-01
4,001562e-01
4,558072e-01
5,090365e-01
5,597426e-01
6,072696e-01
6,514180e-01
6,920534e-01
7,288420e-01
7,616236e-01
7,900954e-01
8,141180e-01
8,336844e-01
8,485812e-01
8,585865e-01
8,637208e-01
8,639841e-01
8,593886e-01
8,498325e-01
8,353677e-01
8,161146e-01
7,922263e-01
7,637131e-01
7,307404e-01
6,935543e-01
6,523698e-01
6,072231e-01
5,585033e-01
5,065150e-01
4,515473e-01
3,938257e-01
3,335670e-01
2,713256e-01
2,074473e-01
1,422919e-01
7,570969e-02
9,093011e-03
-5,778012e-02
-1,251507e-01
-1,915729e-01
-2,570811e-01
-3,214826e-01
-3,841698e-01
-4,447865e-01
-5,030537e-01
-5,586324e-01
-6,112593e-01
-6,604559e-01
-7,059657e-01
-7,476424e-01
-7,852847e-01
-8,184623e-01
-8,470459e-01
-8,709291e-01
-8,899206e-01
-9,038949e-01
-9,127211e-01
-9,163494e-01
-9,148623e-01
-9,081428e-01
-8,961634e-01
-8,790565e-01
-8,569755e-01
-8,300131e-01
-7,981007e-01
-7,615720e-01
-7,206319e-01
-6,755558e-01
-6,264643e-01
-5,736067e-01
-5,173791e-01
-4,581325e-01
-3,960460e-01
-3,314775e-01
-2,648471e-01
-1,968259e-01
-1,273245e-01
-5,645998e-02
1,358186e-02
8,502473e-02
1,560218e-01
2,259449e-01
2,948146e-01
3,623642e-01
4,280359e-01
4,912636e-01
5,519508e-01
6,097344e-01
6,641358e-01
7,149021e-01
7,616219e-01
8,042504e-01
8,423867e-01
8,758172e-01
9,042942e-01
9,278503e-01
9,460587e-01
9,589504e-01
9,663876e-01
9,683584e-01
9,648902e-01
9,559108e-01
9,413651e-01
9,214527e-01
8,963458e-01
8,660065e-01
8,306207e-01
7,904861e-01
7,457027e-01
6,966386e-01
6,433559e-01
5,863159e-01
5,258336e-01
4,622737e-01
3,957775e-01
3,267649e-01
2,559933e-01
1,836468e-01
1,097857e-01
3,459234e-02
-3,915348e-02
-1,147151e-01
-1,891753e-01
-2,625321e-01
-3,347529e-01
-4,053886e-01
-4,738056e-01
-5,395824e-01
-6,025054e-01
-6,622666e-01
-7,183135e-01
-7,703965e-01
-8,181972e-01
-8,615572e-01
-9,000911e-01
-9,335320e-01
-9,617611e-01
-9,845478e-01
-1,001894e+00
-1,013486e+00
-1,019328e+00
-1,019424e+00
-1,013768e+00
-1,002267e+00
-9,849971e-01
-9,621311e-01
-9,337626e-01
-8,999190e-01
-8,609118e-01
-8,169132e-01
-7,682106e-01
-7,149176e-01
-6,574025e-01
-5,960836e-01
-5,311555e-01
-4,626231e-01
-3,912869e-01
-3,178182e-01
-2,426989e-01
-1,662594e-01
-8,837932e-02
-1,049578e-02
6,748243e-02
1,456259e-01
2,224285e-01
2,979179e-01
3,719821e-01
4,439242e-01
5,132465e-01
5,795775e-01
6,427673e-01
7,022342e-01
7,577664e-01
8,088890e-01
8,554884e-01
8,972374e-01
9,339003e-01
9,651570e-01
9,909661e-01
1,011285e+00
1,025755e+00
1,034355e+00
1,037070e+00
1,033973e+00
1,025035e+00
1,010169e+00
9,894928e-01
9,634083e-01
9,317454e-01
8,948036e-01
8,527207e-01
8,058993e-01
7,544360e-01
6,987006e-01
6,389394e-01
5,756016e-01
5,090606e-01
4,395317e-01
3,673866e-01
2,933189e-01
2,177262e-01
1,408048e-01
6,250649e-02
-1,478669e-02
-9,331395e-02
-1,710219e-01
-2,473891e-01
-3,224775e-01
-3,958653e-01
-4,670052e-01
-5,353242e-01
-6,006947e-01
-6,626366e-01
-7,209348e-01
-7,749611e-01
-8,246327e-01
-8,696692e-01
-9,097091e-01
-9,445871e-01
-9,740469e-01
-9,980161e-01
-1,016402e+00
-1,028906e+00
-1,035531e+00
-1,036340e+00
-1,031287e+00
-1,020379e+00
-1,003624e+00
-9,810779e-01
-9,530967e-01
-9,196954e-01
-8,809515e-01
-8,372283e-01
-7,888665e-01
-7,359935e-01
-6,788347e-01
-6,178188e-01
-5,533381e-01
-4,858453e-01
-4,153835e-01
-3,425344e-01
-2,679022e-01
-1,918913e-01
-1,144793e-01
-3,586946e-02
4,115177e-02
1,197393e-01
1,970066e-01
2,729263e-01
3,474656e-01
4,201959e-01
4,904443e-01
5,577649e-01
6,220391e-01
6,828416e-01
7,397061e-01
7,923726e-01
8,404573e-01
8,838965e-01
9,222221e-01
9,553256e-01
9,829764e-01
1,005130e+00
1,021543e+00
1,032104e+00
1,036763e+00
1,035657e+00
1,028627e+00
1,015763e+00
9,970213e-01
9,727078e-01
9,428780e-01
9,077400e-01
8,673043e-01
8,220062e-01
7,720695e-01
7,177885e-01
6,593010e-01
5,971129e-01
5,315978e-01
4,630654e-01
3,917430e-01
3,181900e-01
2,430879e-01
1,666157e-01
8,870462e-02
1,082108e-02
-6,710033e-02
-1,452472e-01
-2,221032e-01
-2,975960e-01
-3,716052e-01
-4,435386e-01
-5,128266e-01
-5,791730e-01
-6,423181e-01
-7,019760e-01
-7,574239e-01
-8,085517e-01
-8,551114e-01
-8,969258e-01
-9,335819e-01
-9,647887e-01
-9,906649e-01
-1,010961e+00
-1,025423e+00
-1,033961e+00
-1,036698e+00
-1,033627e+00
-1,024657e+00
-1,009784e+00
-9,892708e-01
-9,629866e-01
-9,314872e-01
-8,944129e-01
-8,523885e-01
-8,055052e-01
-7,540814e-01
-6,983701e-01
-6,385797e-01
-5,752849e-01
-5,087078e-01
-4,392219e-01
-3,670406e-01
-2,929712e-01
-2,174250e-01
-1,404727e-01
-6,219668e-02
1,507757e-02
9,362205e-02
1,713972e-01
2,477058e-01
3,228045e-01
3,962457e-01
4,673047e-01
5,356856e-01
6,009666e-01
6,630239e-01
7,212223e-01
7,752881e-01
8,249477e-01
8,699153e-01
9,100705e-01
9,448952e-01
9,743688e-01
9,983569e-01
1,016724e+00
1,029237e+00
1,035908e+00
1,036701e+00
1,031627e+00
1,020731e+00
1,003875e+00
9,814583e-01
9,534254e-01
9,200534e-01
8,813491e-01
8,376001e-01
7,892331e-01
7,363825e-01
6,792529e-01
6,182559e-01
5,538011e-01
4,862119e-01
4,157570e-01
3,429423e-01
2,682946e-01
1,922699e-01
1,148614e-01
3,625845e-02
-4,075418e-02
-1,193124e-01
-1,966039e-01
-2,725425e-01
-3,471541e-01
-4,197966e-01
-4,900880e-01
-5,574465e-01
-6,216966e-01
-6,825249e-01
-7,393963e-01
-7,919973e-01
-8,401647e-01
-8,836004e-01
-9,219123e-01
-9,550054e-01
-9,826614e-01
-1,004789e+00
-1,021226e+00
-1,031810e+00
-1,036450e+00
-1,035309e+00
-1,028273e+00
-1,015481e+00
-9,966512e-01
-9,723584e-01
-9,425338e-01
-9,073304e-01
-8,669480e-01
-8,216568e-01
-7,717218e-01
-7,173961e-01
-6,589309e-01
-5,967652e-01
-5,312295e-01
-4,627074e-01
-3,913386e-01
-3,178595e-01
-2,427987e-01
-1,662784e-01
-8,841719e-02
-1,052676e-02
6,745145e-02
1,455897e-01
2,223872e-01
2,979248e-01
3,718961e-01
4,438484e-01
5,132259e-01
5,795138e-01
6,426967e-01
7,022617e-01
7,577785e-01
8,088701e-01
8,554488e-01
8,972408e-01
9,338659e-01
9,651897e-01
9,909954e-01
1,011224e+00
1,025727e+00
1,034311e+00
1,037058e+00
1,033972e+00
1,024980e+00
1,010164e+00
9,895221e-01
9,633859e-01
9,317660e-01
8,947899e-01
8,527586e-01
8,058649e-01
7,544910e-01
6,986886e-01
6,389566e-01
5,755706e-01
5,090813e-01
4,395524e-01
3,674348e-01
2,933447e-01
2,177848e-01
1,408926e-01
6,258223e-02
-1,473505e-02
-9,324511e-02
-1,709307e-01
-2,473358e-01
-3,224448e-01
-3,957999e-01
-4,669605e-01
-5,353069e-01
-6,006310e-01
-6,626504e-01
-7,209538e-01
-7,749645e-01
-8,245639e-01
-8,695848e-01
-9,096850e-01
-9,445596e-01
-9,740314e-01
-9,979800e-01
-1,016436e+00
-1,028925e+00
-1,035569e+00
-1,036371e+00
-1,031362e+00
-1,020386e+00
-1,003627e+00
-9,811003e-01
-9,530622e-01
-9,196764e-01
-8,809894e-01
-8,373195e-01
-7,889491e-01
-7,360072e-01
-6,789035e-01
-6,178446e-01
-5,534138e-01
-4,858436e-01
-4,154265e-01
-3,425654e-01
-2,679641e-01
-1,919051e-01
-1,144914e-01
-3,592798e-02
4,111735e-02
1,196377e-01
1,969275e-01
2,728816e-01
3,474329e-01
4,201495e-01
4,904219e-01
5,577753e-01
6,219737e-01
6,828072e-01
7,397371e-01
7,923003e-01
8,404796e-01
8,838724e-01
9,222806e-01
9,553376e-01
9,829902e-01
1,005104e+00
1,021546e+00
1,032114e+00
1,036755e+00
1,035643e+00
1,028682e+00
1,015758e+00
9,970471e-01
9,727044e-01
9,429107e-01
9,077297e-01
8,673146e-01
8,219976e-01
7,721280e-01
7,177541e-01
6,592408e-01
5,970596e-01
5,315995e-01
4,631016e-01
3,917671e-01
3,182382e-01
2,431533e-01
1,666622e-01
8,879413e-02
1,087099e-02
-6,711066e-02
-1,451887e-01
-2,220567e-01
-2,975444e-01
-3,715863e-01
-4,435403e-01
-5,129212e-01
-5,791593e-01
-6,423663e-01
-7,019261e-01
-7,574050e-01
-8,085087e-01
-8,550684e-01
-8,968828e-01
-9,335320e-01
-9,648214e-01
-9,906563e-01
-1,010953e+00
-1,025433e+00
-1,034037e+00
-1,036726e+00
-1,033646e+00
-1,024648e+00
-1,009851e+00
-9,892226e-01
-9,630537e-01
-9,315096e-01
-8,944938e-01
-8,523730e-01
-8,055431e-01
-7,541434e-01
-6,983805e-01
-6,385986e-01
-5,752711e-01
-5,087456e-01
-4,391875e-01
-3,670905e-01
-2,929833e-01
-2,174164e-01
-1,404864e-01
-6,220529e-02
1,503282e-02
9,359795e-02
1,713455e-01
2,477213e-01
3,227804e-01
3,961562e-01
4,672634e-01
5,356581e-01
6,009374e-01
6,629792e-01
7,212016e-01
7,752588e-01
8,249253e-01
8,699360e-01
9,100258e-01
9,448780e-01
9,743223e-01
9,983328e-01
1,016663e+00
1,029271e+00
1,035824e+00
1,036703e+00
1,031648e+00
1,020694e+00
1,003952e+00
9,814377e-01
9,534082e-01
9,201171e-01
8,813181e-01
8,376827e-01
7,892572e-01
7,364152e-01
6,792289e-01
6,182490e-01
5,538320e-01
4,862188e-01
4,158207e-01
3,429372e-01
2,683411e-01
1,922958e-01
1,149045e-01
3,628599e-02
-4,070943e-02
-1,192866e-01
-1,965677e-01
-2,725459e-01
-3,470697e-01
-4,198379e-01
-4,900553e-01
-5,573966e-01
-6,216381e-01
-6,824802e-01
-7,394272e-01
-7,919767e-01
-8,401027e-01
-8,835075e-01
-9,219174e-01
-9,549917e-01
-9,826511e-01
-1,004765e+00
-1,021219e+00
-1,031756e+00
-1,036440e+00
-1,035269e+00
-1,028295e+00
-1,015367e+00
-9,967424e-01
-9,723447e-01
-9,425888e-01
-9,073407e-01
-8,669618e-01
-8,216499e-01
-7,717304e-01
-7,174288e-01
-6,589413e-01
-5,967360e-01
-5,312260e-01
-4,627005e-01
-3,913850e-01
-3,179077e-01
-2,428297e-01
-1,663231e-01
-8,842751e-02
-1,057151e-02
6,740498e-02
1,455742e-01
2,223734e-01
2,978938e-01
3,719391e-01
4,438295e-01
5,131915e-01
5,794656e-01
6,426744e-01
7,022118e-01
7,577578e-01
8,088374e-01
8,554350e-01
8,972012e-01
9,338504e-01
9,651708e-01
9,909988e-01
1,011212e+00
1,025727e+00
1,034306e+00
1,037063e+00
1,033960e+00
1,025056e+00
1,010133e+00
9,895100e-01
9,633997e-01
9,317884e-01
8,947967e-01
8,527620e-01
8,059355e-01
7,545289e-01
6,987419e-01
6,389962e-01
5,756825e-01
5,091243e-01
4,396281e-01
3,674658e-01
2,933516e-01
2,178295e-01
1,409098e-01
6,259599e-02
-1,470579e-02
-9,322789e-02
-1,709410e-01
-2,473444e-01
-3,223501e-01
-3,957482e-01
-4,669243e-01
-5,352897e-01
-6,006379e-01
-6,626091e-01
-7,208780e-01
-7,749215e-01
-8,245793e-01
-8,695607e-01
-9,097125e-01
-9,445613e-01
-9,740349e-01
-9,980161e-01
-1,016428e+00
-1,028910e+00
-1,035560e+00
-1,036337e+00
-1,031349e+00
-1,020400e+00
-1,003560e+00
-9,810986e-01
-9,531225e-01
-9,196902e-01
-8,809842e-01
-8,372920e-01
-7,889732e-01
-7,360916e-01
-6,788381e-01
-6,178583e-01
-5,534069e-01
-4,858901e-01
-4,154627e-01
-3,426222e-01
-2,679762e-01
-1,919567e-01
-1,145516e-01
-3,598994e-02
4,108809e-02
1,195930e-01
1,969395e-01
2,728162e-01
3,473933e-01
4,201546e-01
4,904236e-01
5,577615e-01
6,219840e-01
6,828433e-01
7,396957e-01
7,923192e-01
8,404418e-01
8,838689e-01
9,222238e-01
9,553308e-01
9,829850e-01
1,005135e+00
1,021564e+00
1,032130e+00
1,036772e+00
1,035653e+00
1,028669e+00
1,015755e+00
9,970832e-01
9,727233e-01
9,429382e-01
9,077590e-01
8,673284e-01
8,220647e-01
7,721538e-01
7,177971e-01
6,592511e-01
5,970699e-01
5,316012e-01
4,630947e-01
3,918257e-01
3,182761e-01
2,432084e-01
1,667414e-01
8,887674e-02
1,093812e-02
-6,703148e-02
-1,451732e-01
-2,220172e-01
-2,974928e-01
-3,715191e-01
-4,435025e-01
-5,128489e-01
-5,791747e-01
-6,423336e-01
-7,019106e-01
-7,573809e-01
-8,085224e-01
-8,550581e-01
-8,968708e-01
-9,335268e-01
-9,647955e-01
-9,906305e-01
-1,010942e+00
-1,025369e+00
-1,033973e+00
-1,036732e+00
-1,033639e+00
-1,024684e+00
-1,009849e+00
-9,892484e-01
-9,630399e-01
-9,315199e-01
-8,944921e-01
-8,524333e-01
-8,055258e-01
-7,541416e-01
-6,984063e-01
-6,386416e-01
-5,753262e-01
-5,087938e-01
-4,392821e-01
-3,671026e-01
-2,930401e-01
-2,174216e-01
-1,405174e-01
-6,223110e-02
1,498806e-02
9,353254e-02
1,712784e-01
2,476542e-01
3,226978e-01
3,961183e-01
4,672359e-01
5,356185e-01
6,009443e-01
6,629482e-01
7,211689e-01
7,752244e-01
8,248410e-01
8,699084e-01
9,100103e-01
9,448918e-01
9,744204e-01
9,983810e-01
1,016743e+00
1,029231e+00
1,035879e+00
1,036677e+00
1,031665e+00
1,020706e+00
1,003975e+00
9,814222e-01
9,534426e-01
9,200981e-01
8,813491e-01
8,376672e-01
7,892762e-01
7,364169e-01
6,792908e-01
6,182869e-01
5,538544e-01
4,862704e-01
4,158413e-01
3,429888e-01
2,683721e-01
1,923422e-01
1,149406e-01
3,631525e-02
-4,066812e-02
-1,192522e-01
-1,965436e-01
-2,724995e-01
-3,470078e-01
-4,197777e-01
-4,900484e-01
-5,573192e-01
-6,216226e-01
-6,824096e-01
-7,393240e-01
-7,919440e-01
-8,400941e-01
-8,835127e-01
-9,219088e-01
-9,549727e-01
-9,826150e-01
-1,004765e+00
-1,021206e+00
-1,031786e+00
-1,036455e+00
-1,035302e+00
-1,028293e+00
-1,015459e+00
-9,967562e-01
-9,723653e-01
-9,425923e-01
-9,073975e-01
-8,669686e-01
-8,216964e-01
-7,718147e-01
-7,174581e-01
-6,589516e-01
-5,967807e-01
-5,312863e-01
-4,627126e-01
-3,914160e-01
-3,179215e-01
-2,428263e-01
-1,663352e-01
-8,849120e-02
-1,059560e-02
6,737056e-02
1,455174e-01
2,223321e-01
2,978680e-01
3,718685e-01
4,438088e-01
5,131897e-01
5,794966e-01
6,426658e-01
7,022256e-01
7,577010e-01
8,088150e-01
8,554109e-01
8,971961e-01
9,338814e-01
9,650950e-01
9,909248e-01
1,011230e+00
1,025724e+00
1,034318e+00
1,037001e+00
1,033953e+00
1,025032e+00
1,010156e+00
9,895720e-01
9,634220e-01
9,318005e-01
8,948794e-01
8,528016e-01
8,059406e-01
7,545926e-01
6,987763e-01
6,390186e-01
5,756790e-01
5,091897e-01
4,396023e-01
3,674795e-01
2,933723e-01
2,179053e-01
1,409253e-01
6,264591e-02
-1,464211e-02
-9,318659e-02
-1,708653e-01
-2,473082e-01
-3,223656e-01
-3,957310e-01
-4,669347e-01
-5,352501e-01
-6,006104e-01
-6,625730e-01
-7,208488e-01
-7,749060e-01
-8,245208e-01
-8,695401e-01
-9,096540e-01
-9,445441e-01
-9,740004e-01
-9,980264e-01
-1,016374e+00
-1,028958e+00
-1,035534e+00
-1,036328e+00
-1,031300e+00
-1,020422e+00
-1,003591e+00
-9,810900e-01
-9,530949e-01
-9,197591e-01
-8,810083e-01
-8,373006e-01
-7,889285e-01
-7,360451e-01
-6,789397e-01
-6,178411e-01
-5,534947e-01
-4,859778e-01
-4,155057e-01
-3,426549e-01
-2,680313e-01
-1,919739e-01
-1,146222e-01
-3,598822e-02
4,105194e-02
1,196119e-01
1,968827e-01
2,728093e-01
3,473520e-01
4,201254e-01
4,903582e-01
5,577030e-01
6,219754e-01
6,827607e-01
7,397061e-01
7,922400e-01
8,404108e-01
8,838276e-01
9,222272e-01
9,552981e-01
9,829316e-01
1,005068e+00
1,021548e+00
1,032082e+00
1,036777e+00
1,035674e+00
1,028653e+00
1,015782e+00
9,970436e-01
9,727354e-01
9,429107e-01
9,077538e-01
8,673645e-01
8,220681e-01
7,721590e-01
7,178488e-01
6,593423e-01
5,971732e-01
5,316959e-01
4,631498e-01
3,918119e-01
3,183690e-01
2,432101e-01
1,667241e-01
8,887846e-02
1,095533e-02
-6,695747e-02
-1,451353e-01
-2,219845e-01
-2,974721e-01
-3,715054e-01
-4,434870e-01
-5,127663e-01
-5,791558e-01
-6,422664e-01
-7,018521e-01
-7,573327e-01
-8,084329e-01
-8,550994e-01
-8,969035e-01
-9,335767e-01
-9,648282e-01
-9,906494e-01
-1,010928e+00
-1,025397e+00
-1,033980e+00
-1,036731e+00
-1,033615e+00
-1,024627e+00
-1,009808e+00
-9,892157e-01
-9,630571e-01
-9,314459e-01
-8,944405e-01
-8,524246e-01
-8,055517e-01
-7,541485e-01
-6,984200e-01
-6,385659e-01
-5,753072e-01
-5,087783e-01
-4,392804e-01
-3,671732e-01
-2,930865e-01
-2,175111e-01
-1,405690e-01
-6,231200e-02
1,498634e-02
9,351877e-02
1,712784e-01
2,475905e-01
3,226530e-01
3,960305e-01
4,671842e-01
5,355651e-01
6,009064e-01
6,629482e-01
7,211947e-01
7,752106e-01
8,248874e-01
8,698843e-01
9,099707e-01
9,449055e-01
9,743533e-01
9,983087e-01
1,016693e+00
1,029252e+00
1,035896e+00
1,036727e+00
1,031650e+00
1,020746e+00
1,003977e+00
9,814428e-01
9,534443e-01
9,201412e-01
8,813681e-01
8,377361e-01
7,893381e-01
7,364289e-01
6,792719e-01
6,182904e-01
5,538079e-01
4,862859e-01
4,158672e-01
3,430043e-01
2,684117e-01
1,923681e-01
1,149785e-01
3,638409e-02
-4,062681e-02
-1,191816e-01
-1,964696e-01
-2,724272e-01
-3,470060e-01
-4,197450e-01
-4,899710e-01
-5,573880e-01
-6,216054e-01
-6,824337e-01
-7,393136e-01
-7,919302e-01
-8,400734e-01
-8,834662e-01
-9,218245e-01
-9,550020e-01
-9,826494e-01
-1,004787e+00
-1,021204e+00
-1,031782e+00
-1,036476e+00
-1,035302e+00
-1,028336e+00
-1,015474e+00
-9,967304e-01
-9,724875e-01
-9,425957e-01
-9,074405e-01
-8,669773e-01
-8,216912e-01
-7,717579e-01
-7,174804e-01
-6,589654e-01
-5,967721e-01
-5,313121e-01
-4,627677e-01
-3,914745e-01
-3,179645e-01
-2,428435e-01
-1,663747e-01
-8,850497e-02
-1,062142e-02
6,732925e-02
1,455243e-01
2,222908e-01
2,977802e-01
3,718100e-01
4,438037e-01
5,131209e-01
5,795052e-01
6,426055e-01
7,021085e-01
7,576924e-01
8,087978e-01
8,554212e-01
8,971307e-01
9,338521e-01
9,650933e-01
9,909833e-01
1,011207e+00
1,025784e+00
1,034326e+00
1,037046e+00
1,033994e+00
1,025032e+00
1,010199e+00
9,895530e-01
9,634547e-01
9,318263e-01
8,948673e-01
8,528102e-01
8,059234e-01
7,545909e-01
6,987901e-01
6,390805e-01
5,757720e-01
5,091863e-01
4,396883e-01
3,675346e-01
2,934273e-01
2,178244e-01
1,409546e-01
6,265279e-02
-1,462834e-02
-9,314011e-02
-1,708343e-01
-2,473031e-01
-3,223449e-01
-3,956519e-01
-4,668228e-01
-5,352347e-01
-6,005346e-01
-6,625506e-01
-7,208092e-01
-7,748750e-01
-8,245311e-01
-8,695435e-01
-9,096419e-01
-9,445097e-01
-9,739918e-01
-9,979972e-01
-1,016410e+00
-1,028896e+00
-1,035559e+00
-1,036355e+00
-1,031328e+00
-1,020421e+00
-1,003655e+00
-9,811399e-01
-9,531173e-01
-9,197487e-01
-8,810255e-01
-8,373247e-01
-7,889818e-01
-7,361054e-01
-6,789242e-01
-6,179306e-01
-5,534981e-01
-4,859537e-01
-4,154885e-01
-3,426618e-01
-2,680313e-01
-1,920531e-01
-1,146205e-01
-3,603986e-02
4,100203e-02
1,195586e-01
1,968345e-01
2,727697e-01
3,473572e-01
4,200186e-01
4,903238e-01
5,576238e-01
6,219289e-01
6,827211e-01
7,396458e-01
7,922280e-01
8,403557e-01
8,838345e-01
9,221549e-01
9,553084e-01
9,829282e-01
1,005106e+00
1,021546e+00
1,032120e+00
1,036770e+00
1,035660e+00
1,028646e+00
1,015784e+00
9,970849e-01
9,727612e-01
9,429245e-01
9,078037e-01
8,673714e-01
8,220802e-01
7,722055e-01
7,178574e-01
6,593767e-01
5,972196e-01
5,317320e-01
4,631945e-01
3,918257e-01
3,183311e-01
2,432393e-01
1,667723e-01
8,889051e-02
1,097599e-02
-6,692305e-02
-1,450958e-01
-2,219449e-01
-2,974102e-01
-3,714778e-01
-4,434629e-01
-5,127491e-01
-5,791386e-01
-6,422974e-01
-7,018624e-01
-7,573275e-01
-8,084691e-01
-8,550443e-01
-8,968501e-01
-9,334511e-01
-9,647611e-01
-9,905703e-01
-1,010915e+00
-1,025378e+00
-1,033973e+00
-1,036705e+00
-1,033657e+00
-1,024703e+00
-1,009851e+00
-9,892553e-01
-9,630571e-01
-9,314941e-01
-8,945127e-01
-8,524677e-01
-8,056257e-01
-7,542088e-01
-6,984424e-01
-6,387053e-01
-5,753847e-01
-5,088541e-01
-4,393148e-01
-3,672420e-01
-2,931468e-01
-2,175559e-01
-1,406121e-01
-6,232405e-02
1,491922e-02
9,348435e-02
1,711941e-01
2,475819e-01
3,226479e-01
3,960150e-01
4,672238e-01
5,355548e-01
6,008703e-01
6,628690e-01
7,210898e-01
7,752089e-01
8,248478e-01
8,699101e-01
9,099483e-01
9,448918e-01
9,742793e-01
9,983345e-01
1,016672e+00
1,029247e+00
1,035884e+00
1,036682e+00
1,031669e+00
1,020732e+00
1,003940e+00
9,814463e-01
9,535080e-01
9,200775e-01
8,813715e-01
8,376844e-01
7,893295e-01
7,364393e-01
6,793115e-01
6,183454e-01
5,539078e-01
4,863548e-01
4,159136e-01
3,430525e-01
2,684753e-01
1,924352e-01
1,150525e-01
3,642540e-02
-4,057173e-02
-1,191919e-01
-1,964920e-01
-2,724582e-01
-3,469699e-01
-4,197037e-01
-4,899796e-01
-5,573054e-01
-6,216140e-01
-6,823958e-01
-7,392999e-01
-7,918769e-01
-8,400046e-01
-8,834266e-01
-9,218486e-01
-9,549624e-01
-9,825960e-01
-1,004773e+00
-1,021212e+00
-1,031777e+00
-1,036503e+00
-1,035314e+00
-1,028328e+00
-1,015465e+00
-9,967321e-01
-9,724187e-01
-9,425957e-01
-9,073941e-01
-8,670323e-01
-8,217291e-01
-7,718457e-01
-7,175131e-01
-6,590497e-01
-5,969098e-01
-5,313706e-01
-4,628228e-01
-3,914711e-01
-3,179921e-01
-2,428521e-01
-1,664161e-01
-8,854455e-02
-1,064380e-02
6,727589e-02
1,454021e-01
2,222426e-01
2,977544e-01
3,717894e-01
4,437417e-01
5,130710e-01
5,794054e-01
6,426141e-01
7,021550e-01
7,576787e-01
8,088047e-01
8,553782e-01
8,971668e-01
9,338160e-01
9,650709e-01
9,909816e-01
1,011262e+00
1,025751e+00
1,034311e+00
1,037063e+00
1,034013e+00
1,025032e+00
1,010193e+00
9,895789e-01
9,634186e-01
9,318332e-01
8,948862e-01
8,528222e-01
8,059751e-01
7,545805e-01
6,988262e-01
6,390478e-01
5,757375e-01
5,092706e-01
4,397193e-01
3,676034e-01
2,934859e-01
2,179517e-01
1,409684e-01
6,272336e-02
-1,458187e-02
-9,308848e-02
-1,708051e-01
-2,472273e-01
-3,222795e-01
-3,956656e-01
-4,668211e-01
-5,352054e-01
-6,005019e-01
-6,625076e-01
-7,208058e-01
-7,748337e-01
-8,244984e-01
-8,695573e-01
-9,096213e-01
-9,445011e-01
-9,740142e-01
-9,979868e-01
-1,016376e+00
-1,028880e+00
-1,035534e+00
-1,036368e+00
-1,031311e+00
-1,020400e+00
-1,003651e+00
-9,811502e-01
-9,531741e-01
-9,197642e-01
-8,810841e-01
-8,372972e-01
-7,889595e-01
-7,361226e-01
-6,789466e-01
-6,179496e-01
-5,535171e-01
-4,859778e-01
-4,155384e-01
-3,427031e-01
-2,681173e-01
-1,920651e-01
-1,146360e-01
-3,607256e-02
4,097449e-02
1,195138e-01
1,967812e-01
2,727852e-01
3,473073e-01
4,199911e-01
4,903014e-01
5,576410e-01
6,218704e-01
6,826953e-01
7,396183e-01
7,922452e-01
8,403867e-01
8,838018e-01
9,222238e-01
9,552929e-01
9,829213e-01
1,005125e+00
1,021514e+00
1,032096e+00
1,036817e+00
1,035651e+00
1,028665e+00
1,015772e+00
9,970694e-01
9,727629e-01
9,430071e-01
9,077831e-01
8,674058e-01
8,221215e-01
7,722192e-01
7,178797e-01
6,593905e-01
5,971973e-01
5,317458e-01
4,631911e-01
3,918618e-01
3,184344e-01
2,433220e-01
1,668223e-01
8,887330e-02
1,100697e-02
-6,687830e-02
-1,450166e-01
-2,219018e-01
-2,973654e-01
-3,714073e-01
-4,434371e-01
-5,127526e-01
-5,790732e-01
-6,422079e-01
-7,018177e-01
-7,572759e-01
-8,084501e-01
-8,550236e-01
-8,967813e-01
-9,334597e-01
-9,647387e-01
-9,905926e-01
-1,010873e+00
-1,025373e+00
-1,033977e+00
-1,036781e+00
-1,033653e+00
-1,024691e+00
-1,009856e+00
-9,892243e-01
-9,631002e-01
-9,315165e-01
-8,945454e-01
-8,524935e-01
-8,056463e-01
-7,542518e-01
-6,984631e-01
-6,387191e-01
-5,753881e-01
-5,088145e-01
-4,393682e-01
-3,672437e-01
-2,931468e-01
-2,175421e-01
-1,406207e-01
-6,235503e-02
1,490028e-02
9,344993e-02
1,711700e-01
2,475819e-01
3,225945e-01
3,960081e-01
4,671464e-01
5,355410e-01
6,008341e-01
6,628397e-01
7,210777e-01
7,751745e-01
8,248031e-01
8,698465e-01
9,099380e-01
9,448315e-01
9,743068e-01
9,983053e-01
1,016720e+00
1,029247e+00
1,035863e+00
1,036701e+00
1,031648e+00
1,020717e+00
1,004013e+00
9,814996e-01
9,535183e-01
9,201326e-01
8,814438e-01
8,377550e-01
7,893846e-01
7,364892e-01
6,793820e-01
6,183093e-01
5,538974e-01
4,864133e-01
4,159635e-01
3,431558e-01
2,684839e-01
1,924644e-01
1,150559e-01
3,647876e-02
-4,055968e-02
-1,191317e-01
-1,964163e-01
-2,723910e-01
-3,469820e-01
-4,197037e-01
-4,899383e-01
-5,573054e-01
-6,215468e-01
-6,823631e-01
-7,392414e-01
-7,918992e-01
-8,399822e-01
-8,834438e-01
-9,218055e-01
-9,549676e-01
-9,825822e-01
-1,004748e+00
-1,021173e+00
-1,031803e+00
-1,036479e+00
-1,035352e+00
-1,028309e+00
-1,015479e+00
-9,967390e-01
-9,724686e-01
-9,426456e-01
-9,074767e-01
-8,670254e-01
-8,217807e-01
-7,718629e-01
-7,175200e-01
-6,590549e-01
-5,968324e-01
-5,314205e-01
-4,628468e-01
-3,915675e-01
-3,180299e-01
-2,429158e-01
-1,664057e-01
-8,857554e-02
-1,072641e-02
6,721565e-02
1,453935e-01
2,222134e-01
2,977923e-01
3,717274e-01
4,437366e-01
5,130865e-01
5,794312e-01
6,425504e-01
7,021137e-01
7,575857e-01
8,087634e-01
8,553438e-01
8,971307e-01
9,338039e-01
9,650795e-01
9,909386e-01
1,011212e+00
1,025719e+00
1,034304e+00
1,037039e+00
1,033935e+00
1,025046e+00
1,010207e+00
9,895599e-01
9,634582e-01
9,318280e-01
8,949138e-01
8,528463e-01
8,060043e-01
7,546201e-01
6,988331e-01
6,391528e-01
5,758047e-01
5,092792e-01
4,397933e-01
3,676362e-01
2,935478e-01
2,179603e-01
1,410475e-01
6,273885e-02
-1,454228e-02
-9,309536e-02
-1,708343e-01
-2,471877e-01
-3,222004e-01
-3,956002e-01
-4,668176e-01
-5,351830e-01
-6,004864e-01
-6,624594e-01
-7,207765e-01
-7,748389e-01
-8,244933e-01
-8,694850e-01
-9,096557e-01
-9,445252e-01
-9,739540e-01
-9,979662e-01
-1,016340e+00
-1,028882e+00
-1,035522e+00
-1,036357e+00
-1,031395e+00
-1,020414e+00
-1,003598e+00
-9,811657e-01
-9,531793e-01
-9,198210e-01
-8,810720e-01
-8,374090e-01
-7,890111e-01
-7,361019e-01
-6,789724e-01
-6,180339e-01
-5,535945e-01
-4,860191e-01
-4,156348e-01
-3,427633e-01
-2,681380e-01
-1,921013e-01
-1,147341e-01
-3,614829e-02
