3.801471e-01
9.337352e-01
9.805019e-01
4.965026e-01
-2.547562e-01
-8.657519e-01
-1.006406e+00
-6.017433e-01
1.277256e-01
7.860732e-01
1.017416e+00
6.975193e-01
7.692971e-04
-6.944392e-01
-1.011990e+00
-7.807980e-01
-1.271627e-01
5.938736e-01
9.920191e-01
8.523263e-01
2.514235e-01
-4.843156e-01
-9.562898e-01
-9.094785e-01
-3.700200e-01
3.690755e-01
9.071409e-01
9.532602e-01
4.830919e-01
-2.480939e-01
-8.436917e-01
-9.815593e-01
-5.873227e-01
1.247865e-01
7.686095e-01
9.956175e-01
6.831359e-01
7.663269e-04
-6.813537e-01
-9.937864e-01
-7.673947e-01
-1.250984e-01
5.848084e-01
9.777084e-01
8.407735e-01
2.482201e-01
-4.786617e-01
-9.460350e-01
-9.005499e-01
-3.666963e-01
3.661632e-01
9.008499e-01
9.475305e-01
4.806310e-01
-2.470929e-01
-8.411076e-01
-9.794326e-01
-5.866173e-01
1.248058e-01
7.692199e-01
9.973819e-01
6.849685e-01
7.188027e-04
-6.845482e-01
-9.994254e-01
-7.724634e-01
-1.260058e-01
5.898252e-01
9.870335e-01
8.495981e-01
2.510151e-01
-4.846379e-01
-9.586556e-01
-9.134008e-01
-3.722596e-01
3.721067e-01
9.162418e-01
9.645768e-01
4.896844e-01
-2.520116e-01
-8.585104e-01
-1.000587e+00
-5.997711e-01
1.277405e-01
7.878167e-01
1.022328e+00
7.026579e-01
7.188027e-04
-7.033797e-01
-1.027696e+00
-7.949231e-01
-1.297484e-01
6.078829e-01
1.017967e+00
8.768458e-01
2.592413e-01
-5.009075e-01
-9.914666e-01
-9.452731e-01
-3.854773e-01
3.855842e-01
9.499572e-01
1.000679e+00
5.082871e-01
-2.617779e-01
-8.921590e-01
-1.040342e+00
-6.239327e-01
1.329399e-01
8.203485e-01
1.065004e+00
7.323367e-01
7.247433e-04
-7.337149e-01
-1.072427e+00
-8.298637e-01
-1.355017e-01
6.350147e-01
1.063755e+00
9.165715e-01
2.711045e-01
-5.239166e-01
-1.037262e+00
-9.891810e-01
-4.035023e-01
4.036181e-01
9.946522e-01
1.047952e+00
5.324234e-01
-2.741713e-01
-9.347020e-01
-1.090072e+00
-6.538402e-01
1.392487e-01
8.596792e-01
1.116131e+00
7.675224e-01
8.153362e-04
-7.689229e-01
-1.123879e+00
-8.696548e-01
-1.420734e-01
6.652638e-01
1.114429e+00
9.601393e-01
2.839716e-01
-5.486039e-01
-1.086062e+00
-1.035559e+00
-4.224021e-01
4.222877e-01
1.040577e+00
1.096109e+00
5.567736e-01
-2.865929e-01
-9.768277e-01
-1.138903e+00
-6.829770e-01
1.453467e-01
8.972292e-01
1.164545e+00
8.005710e-01
8.925629e-04
-8.013106e-01
-1.170829e+00
-9.056380e-01
-1.479486e-01
6.921075e-01
1.158912e+00
9.980532e-01
2.950834e-01
-5.696393e-01
-1.127242e+00
-1.074337e+00
-4.380345e-01
4.375326e-01
1.077711e+00
1.134664e+00
5.760684e-01
-2.962655e-01
-1.009371e+00
-1.176227e+00
-7.049717e-01
1.498184e-01
9.248541e-01
1.199719e+00
8.242603e-01
9.935517e-04
-8.238489e-01
-1.203074e+00
-9.300327e-01
-1.519050e-01
7.096380e-01
1.187536e+00
1.022063e+00
3.020338e-01
-5.824203e-01
-1.151832e+00
-1.097019e+00
-4.470240e-01
4.460260e-01
1.097959e+00
1.155184e+00
5.861510e-01
-3.010848e-01
-1.025264e+00
-1.193896e+00
-7.151018e-01
1.517431e-01
9.365005e-01
1.213960e+00
8.334830e-01
1.085630e-03
-8.316251e-01
-1.213508e+00
-9.374510e-01
-1.531050e-01
7.140370e-01
1.194062e+00
1.026920e+00
3.033348e-01
-5.841743e-01
-1.154433e+00
-1.098721e+00
-4.474458e-01
4.458938e-01
1.096911e+00
1.153222e+00
5.847431e-01
-2.999620e-01
-1.020994e+00
-1.188056e+00
-7.110979e-01
1.506382e-01
9.296466e-01
1.204167e+00
8.261642e-01
1.204440e-03
-8.228925e-01
-1.199946e+00
-9.262709e-01
-1.512382e-01
7.043168e-01
1.177029e+00
1.011559e+00
2.986299e-01
-5.744110e-01
-1.134523e+00
-1.078982e+00
-4.391513e-01
4.371301e-01
1.074779e+00
1.129205e+00
5.722056e-01
-2.932151e-01
-9.974843e-01
-1.159953e+00
-6.938615e-01
1.468110e-01
9.057241e-01
1.172492e+00
8.039452e-01
1.237113e-03
-7.995819e-01
-1.165279e+00
-8.990009e-01
-1.467442e-01
6.826339e-01
1.140199e+00
9.793539e-01
2.890092e-01
-5.553835e-01
-1.096403e+00
-1.042184e+00
-4.239941e-01
4.217100e-01
1.036402e+00
1.088394e+00
5.512564e-01
-2.822563e-01
-9.599106e-01
-1.115766e+00
-6.671366e-01
1.410353e-01
8.700097e-01
1.125832e+00
7.716526e-01
1.244539e-03
-7.667620e-01
-1.117094e+00
-8.615519e-01
-1.406136e-01
6.536976e-01
1.091561e+00
9.373425e-01
2.765594e-01
-5.311833e-01
-1.048383e+00
-9.963601e-01
-4.052429e-01
4.029424e-01
9.901330e-01
1.039643e+00
5.265379e-01
-2.694842e-01
-9.164096e-01
-1.065126e+00
-6.368370e-01
1.346092e-01
8.302617e-01
1.074347e+00
7.363703e-01
1.256420e-03
-7.315823e-01
-1.065891e+00
-8.220757e-01
-1.342186e-01
6.238213e-01
1.041728e+00
8.946510e-01
2.640397e-01
-5.070767e-01
-1.000957e+00
-9.514275e-01
-3.870842e-01
3.848951e-01
9.460513e-01
9.935814e-01
5.033416e-01
-2.576403e-01
-8.764745e-01
-1.019022e+00
-6.094452e-01
1.288291e-01
7.951354e-01
1.029268e+00
7.057336e-01
1.211866e-03
-7.017178e-01
-1.022818e+00
-7.892335e-01
-1.288825e-01
5.994458e-01
1.001564e+00
8.605836e-01
2.541131e-01
-4.882794e-01
-9.644387e-01
-9.172413e-01
-3.733764e-01
3.715497e-01
9.137706e-01
9.602729e-01
4.867839e-01
-2.493399e-01
-8.488036e-01
-9.875340e-01
-5.910296e-01
1.250791e-01
7.722778e-01
1.000415e+00
6.864626e-01
1.164342e-03
-6.836616e-01
-9.972616e-01
-7.701021e-01
-1.258380e-01
5.859668e-01
9.798128e-01
8.425957e-01
2.489968e-01
-4.789335e-01
-9.467924e-01
-9.012643e-01
-3.671552e-01
3.657681e-01
9.003272e-01
9.469959e-01
4.804632e-01
-2.463919e-01
-8.394369e-01
-9.775316e-01
-5.855762e-01
1.240945e-01
7.666878e-01
9.940983e-01
6.827987e-01
1.107907e-03
-6.813493e-01
-9.948141e-01
-7.689571e-01
-1.257222e-01
5.862653e-01
9.812385e-01
8.446333e-01
2.498003e-01
-4.810691e-01
-9.518567e-01
-9.069286e-01
-3.698359e-01
3.688275e-01
9.086409e-01
9.566255e-01
4.858067e-01
-2.493993e-01
-8.504105e-01
-9.911993e-01
-5.942984e-01
1.260949e-01
7.795683e-01
1.011682e+00
6.954580e-01
1.121273e-03
-6.952813e-01
-1.015979e+00
-7.859915e-01
-1.286315e-01
6.002983e-01
1.005506e+00
8.662019e-01
2.563972e-01
-4.941947e-01
-9.785252e-01
-9.330446e-01
-3.807664e-01
3.800061e-01
9.368807e-01
9.870573e-01
5.015981e-01
-2.576952e-01
-8.793066e-01
-1.025549e+00
-6.152729e-01
1.305845e-01
8.080679e-01
1.049324e+00
7.217374e-01
1.155431e-03
-7.223656e-01
-1.056192e+00
-8.174955e-01
-1.338785e-01
6.249351e-01
1.047321e+00
9.026499e-01
2.672862e-01
-5.154024e-01
-1.020988e+00
-9.739005e-01
-3.975737e-01
3.968979e-01
9.789024e-01
1.031679e+00
5.244260e-01
-2.694946e-01
-9.198358e-01
-1.073091e+00
-6.439685e-01
1.366795e-01
8.460383e-01
1.098834e+00
7.559310e-01
1.216321e-03
-7.567790e-01
-1.106634e+00
-8.566257e-01
-1.403076e-01
6.548739e-01
1.097585e+00
9.460157e-01
2.801385e-01
-5.401357e-01
-1.069990e+00
-1.020632e+00
-4.166561e-01
4.158452e-01
1.025562e+00
1.080766e+00
5.493153e-01
-2.821939e-01
-9.631571e-01
-1.123478e+00
-6.741286e-01
1.429868e-01
8.851491e-01
1.149419e+00
7.905820e-01
1.296518e-03
-7.909741e-01
-1.156303e+00
-8.948842e-01
-1.465660e-01
6.835755e-01
1.145322e+00
9.868360e-01
2.921978e-01
-5.629592e-01
-1.114826e+00
-1.063013e+00
-4.338702e-01
4.326673e-01
1.066665e+00
1.123584e+00
5.709106e-01
-2.930785e-01
-9.998591e-01
-1.165720e+00
-6.991708e-01
1.480897e-01
9.169012e-01
1.190046e+00
8.181104e-01
1.442061e-03
-8.174881e-01
-1.194421e+00
-9.238769e-01
-1.513392e-01
7.047460e-01
1.180136e+00
1.016256e+00
3.007625e-01
-5.788575e-01
-1.145757e+00
-1.091820e+00
-4.453726e-01
4.436350e-01
1.093241e+00
1.150874e+00
5.843970e-01
-2.996279e-01
-1.021870e+00
-1.190599e+00
-7.136137e-01
1.509456e-01
9.343218e-01
1.211864e+00
8.325369e-01
1.557901e-03
-8.304919e-01
-1.212645e+00
-9.373084e-01
-1.535000e-01
7.137399e-01
1.194442e+00
1.027820e+00
3.040164e-01
-5.844460e-01
-1.155992e+00
-1.100775e+00
-4.487393e-01
4.464656e-01
1.099501e+00
1.156612e+00
5.869069e-01
-3.005531e-01
-1.024413e+00
-1.192715e+00
-7.143607e-01
1.508803e-01
9.336550e-01
1.210121e+00
8.307251e-01
1.633643e-03
-8.272335e-01
-1.207005e+00
-9.322604e-01
-1.526297e-01
7.086771e-01
1.185099e+00
1.019062e+00
3.012348e-01
-5.784357e-01
-1.143329e+00
-1.087953e+00
-4.432102e-01
4.404998e-01
1.084078e+00
1.139602e+00
5.778788e-01
-2.955972e-01
-1.006965e+00
-1.171589e+00
-7.012856e-01
1.479115e-01
9.150299e-01
1.185188e+00
8.130981e-01
1.663345e-03
-8.083813e-01
-1.178736e+00
-9.098736e-01
-1.489139e-01
6.905853e-01
1.154163e+00
9.918305e-01
2.931022e-01
-5.621631e-01
-1.110526e+00
-1.056110e+00
-4.300698e-01
4.270208e-01
1.050355e+00
1.103503e+00
5.593429e-01
-2.857998e-01
-9.733094e-01
-1.131828e+00
-6.771538e-01
1.426497e-01
8.825041e-01
1.142476e+00
7.834475e-01
1.709384e-03
-7.780401e-01
-1.133989e+00
-8.749686e-01
-1.432155e-01
6.634223e-01
1.108358e+00
9.521032e-01
2.812999e-01
-5.391125e-01
-1.064722e+00
-1.012227e+00
-4.120596e-01
4.089082e-01
1.005642e+00
1.056227e+00
5.352467e-01
-2.733381e-01
-9.307411e-01
-1.082107e+00
-6.472611e-01
1.363037e-01
8.431333e-01
1.091359e+00
7.482751e-01
1.684137e-03
-7.427906e-01
-1.082530e+00
-8.351924e-01
-1.366943e-01
6.331271e-01
1.057686e+00
9.085474e-01
2.684461e-01
-5.143836e-01
-1.015897e+00
-9.658333e-01
-3.932014e-01
3.901955e-01
9.596997e-01
1.008091e+00
5.109024e-01
-2.609135e-01
-8.885991e-01
-1.033270e+00
-6.181614e-01
1.301954e-01
8.055403e-01
1.042935e+00
7.152414e-01
1.603940e-03
-7.103494e-01
-1.035569e+00
-7.992403e-01
-1.308459e-01
6.062745e-01
1.013178e+00
8.706617e-01
2.573373e-01
-4.933274e-01
-9.747069e-01
-9.270996e-01
-3.775823e-01
3.749210e-01
9.225388e-01
9.695446e-01
4.916418e-01
-2.512097e-01
-8.560139e-01
-9.959547e-01
-5.961979e-01
1.256895e-01
7.778960e-01
1.007785e+00
6.915863e-01
1.544535e-03
-6.877828e-01
-1.003333e+00
-7.748857e-01
-1.269474e-01
5.887173e-01
9.845474e-01
8.467006e-01
2.504582e-01
-4.804929e-01
-9.501057e-01
-9.044083e-01
-3.686448e-01
3.664112e-01
9.022682e-01
9.490424e-01
4.816468e-01
-2.463251e-01
-8.401066e-01
-9.782935e-01
-5.861331e-01
1.236905e-01
7.662229e-01
9.935324e-01
6.824215e-01
1.519288e-03
-6.799696e-01
-9.928671e-01
-7.674987e-01
-1.258335e-01
5.842515e-01
9.780188e-01
8.418428e-01
2.492359e-01
-4.786855e-01
-9.474830e-01
-9.027568e-01
-3.682988e-01
3.664513e-01
9.032648e-01
9.509983e-01
4.830741e-01
-2.473617e-01
-8.443363e-01
-9.841286e-01
-5.901950e-01
1.246945e-01
7.730322e-01
1.003321e+00
6.897655e-01
1.495526e-03
-6.886546e-01
-1.006431e+00
-7.787114e-01
-1.277509e-01
5.938915e-01
9.950190e-01
8.572332e-01
2.539765e-01
-4.883567e-01
-9.673793e-01
-9.224808e-01
-3.766660e-01
3.751230e-01
9.253665e-01
9.750366e-01
4.956620e-01
-2.540478e-01
-8.677657e-01
-1.012238e+00
-6.074670e-01
1.284637e-01
7.968909e-01
1.034984e+00
7.120617e-01
1.514832e-03
-7.118909e-01
-1.041092e+00
-8.060185e-01
-1.323028e-01
6.155224e-01
1.031829e+00
8.894872e-01
2.636788e-01
-5.073307e-01
-1.005458e+00
-9.593195e-01
-3.919257e-01
3.904822e-01
9.637051e-01
1.015907e+00
5.166974e-01
-2.649486e-01
-9.053172e-01
-1.056432e+00
-6.342617e-01
1.341666e-01
8.325592e-01
1.081666e+00
7.444093e-01
1.624732e-03
-7.446559e-01
-1.089268e+00
-8.435447e-01
-1.385448e-01
6.443874e-01
1.080450e+00
9.315684e-01
2.762401e-01
-5.314700e-01
-1.053437e+00
-1.005207e+00
-4.107245e-01
4.091458e-01
1.009924e+00
1.064685e+00
5.415065e-01
-2.776034e-01
-9.487780e-01
-1.107115e+00
-6.646609e-01
1.404962e-01
8.722642e-01
1.133152e+00
7.797629e-01
1.724236e-03
-7.797391e-01
-1.140473e+00
-8.830581e-01
-1.450482e-01
6.741805e-01
1.130264e+00
9.743089e-01
2.888533e-01
-5.554890e-01
-1.100837e+00
-1.050144e+00
-4.289975e-01
4.271055e-01
1.053976e+00
1.110763e+00
5.647755e-01
-2.893612e-01
-9.886449e-01
-1.153242e+00
-6.921061e-01
1.461561e-01
9.073132e-01
1.178253e+00
8.104575e-01
1.829680e-03
-8.095442e-01
-1.183562e+00
-9.159671e-01
-1.504540e-01
6.984669e-01
1.170408e+00
1.008403e+00
2.988304e-01
-5.741719e-01
-1.137324e+00
-1.084388e+00
-4.427558e-01
4.403736e-01
1.086216e+00
1.144081e+00
5.813985e-01
-2.975873e-01
-1.016256e+00
-1.184752e+00
-7.105766e-01
1.498689e-01
9.301174e-01
1.207096e+00
8.298058e-01
1.952945e-03
-8.275543e-01
-1.209080e+00
-9.351178e-01
-1.535401e-01
7.119147e-01
1.192148e+00
1.026428e+00
3.040253e-01
-5.834762e-01
-1.154938e+00
-1.100425e+00
-4.490468e-01
4.461018e-01
1.099651e+00
1.157402e+00
5.877876e-01
-3.004878e-01
-1.025610e+00
-1.194742e+00
-7.161087e-01
1.507511e-01
9.356777e-01
1.213437e+00
8.335468e-01
2.082152e-03
-8.298414e-01
-1.211545e+00
-9.363267e-01
-1.537406e-01
7.115716e-01
1.190728e+00
1.024450e+00
3.032961e-01
-5.812783e-01
-1.149890e+00
-1.094777e+00
-4.464552e-01
4.429577e-01
1.091333e+00
1.147799e+00
5.825317e-01
-2.973942e-01
-1.014635e+00
-1.181115e+00
-7.074385e-01
1.487224e-01
9.227586e-01
1.195859e+00
8.208980e-01
2.143042e-03
-8.158530e-01
-1.190382e+00
-9.193279e-01
-1.509011e-01
6.974852e-01
1.166461e+00
1.002907e+00
2.967452e-01
-5.681259e-01
-1.123181e+00
-1.068677e+00
-4.355618e-01
4.317435e-01
1.063038e+00
1.117352e+00
5.667448e-01
-2.890419e-01
-9.856969e-01
-1.146749e+00
-6.864923e-01
1.441645e-01
8.942010e-01
1.158202e+00
7.946156e-01
2.140072e-03
-7.887167e-01
-1.150142e+00
-8.878343e-01
-1.456986e-01
6.728053e-01
1.124613e+00
9.664837e-01
2.858785e-01
-5.468782e-01
-1.080693e+00
-1.027818e+00
-4.187457e-01
4.148294e-01
1.021000e+00
1.072766e+00
5.439317e-01
-2.772054e-01
-9.451543e-01
-1.099208e+00
-6.578278e-01
1.380562e-01
8.562322e-01
1.108683e+00
7.604859e-01
2.091063e-03
-7.542988e-01
-1.099712e+00
-8.487189e-01
-1.392576e-01
6.428354e-01
1.074350e+00
9.231536e-01
2.730797e-01
-5.221255e-01
-1.031691e+00
-9.811123e-01
-3.997108e-01
3.958880e-01
9.743297e-01
1.023692e+00
5.190721e-01
-2.644897e-01
-9.017989e-01
-1.048825e+00
-6.277004e-01
1.317028e-01
8.170916e-01
1.058109e+00
7.258660e-01
2.052449e-03
-7.200993e-01
-1.050013e+00
-8.105050e-01
-1.330542e-01
6.141011e-01
1.026603e+00
8.823274e-01
2.610873e-01
-4.992620e-01
-9.868389e-01
-9.387460e-01
-3.825813e-01
3.790229e-01
9.332258e-01
9.808643e-01
4.975481e-01
-2.535859e-01
-8.650910e-01
-1.006591e+00
-6.027027e-01
1.265286e-01
7.853039e-01
1.017480e+00
6.983451e-01
1.967797e-03
-6.935526e-01
-1.011881e+00
-7.815346e-01
-1.283464e-01
5.929053e-01
9.917755e-01
8.529233e-01
2.525225e-01
-4.832820e-01
-9.558977e-01
-9.099374e-01
-3.710760e-01
3.679587e-01
9.066122e-01
9.536077e-01
4.840691e-01
-2.469474e-01
-8.430427e-01
-9.817182e-01
-5.882435e-01
1.236534e-01
7.678373e-01
9.956591e-01
6.839408e-01
1.892055e-03
-6.804701e-01
-9.936483e-01
-7.680942e-01
-1.262227e-01
5.838327e-01
9.774678e-01
8.413928e-01
2.492968e-01
-4.776563e-01
-9.456296e-01
-9.010103e-01
-3.677448e-01
3.650879e-01
9.003123e-01
9.478795e-01
4.816246e-01
-2.459835e-01
-8.404467e-01
-9.796049e-01
-5.875425e-01
1.236757e-01
7.684625e-01
9.974116e-01
6.858061e-01
1.854927e-03
-6.836883e-01
-9.992814e-01
-7.731867e-01
-1.271449e-01
5.888673e-01
9.867825e-01
8.502026e-01
2.521423e-01
-4.836176e-01
-9.582650e-01
-9.138686e-01
-3.733527e-01
3.710166e-01
9.157072e-01
9.649125e-01
4.906987e-01
-2.508518e-01
-8.578554e-01
-1.000738e+00
-6.007127e-01
1.265360e-01
7.870415e-01
1.022348e+00
7.035000e-01
1.897996e-03
-7.025034e-01
-1.027551e+00
-7.956537e-01
-1.309424e-01
6.068656e-01
1.017695e+00
8.774265e-01
2.604011e-01
-4.998174e-01
-9.910537e-01
-9.457409e-01
-3.866149e-01
3.844184e-01
9.493899e-01
1.001009e+00
5.093475e-01
-2.605645e-01
-8.914580e-01
-1.040512e+00
-6.249039e-01
1.316983e-01
8.195020e-01
1.065031e+00
7.331847e-01
1.970767e-03
-7.327644e-01
-1.072283e+00
-8.306122e-01
-1.367715e-01
6.339528e-01
1.063466e+00
9.171893e-01
2.722748e-01
-5.227701e-01
-1.036815e+00
-9.896726e-01
-4.046577e-01
4.024033e-01
9.940478e-01
1.048316e+00
5.334749e-01
-2.729505e-01
-9.339713e-01
-1.090243e+00
-6.548427e-01
1.379789e-01
8.588059e-01
1.116160e+00
7.684076e-01
2.082152e-03
-7.679323e-01
-1.123728e+00
-8.704582e-01
-1.433462e-01
6.641930e-01
1.114131e+00
9.608135e-01
2.851865e-01
-5.474574e-01
-1.085609e+00
-1.036098e+00
-4.236065e-01
4.210536e-01
1.039959e+00
1.096477e+00
5.579142e-01
-2.853112e-01
-9.760851e-01
-1.139100e+00
-6.840581e-01
1.440130e-01
8.963500e-01
1.164596e+00
8.015334e-01
2.260367e-03
-8.003126e-01
-1.170691e+00
-9.064949e-01
-1.493120e-01
6.909981e-01
1.158618e+00
9.987601e-01
2.963947e-01
-5.684334e-01
-1.126787e+00
-1.074871e+00
-4.393162e-01
4.362227e-01
1.077084e+00
1.135042e+00
5.772669e-01
-2.948873e-01
-1.008614e+00
-1.176416e+00
-7.061004e-01
1.484194e-01
9.239556e-01
1.199766e+00
8.252672e-01
2.399969e-03
-8.228093e-01
-1.202912e+00
-9.308807e-01
-1.533055e-01
7.084692e-01
1.187248e+00
1.022773e+00
3.033912e-01
-5.811728e-01
-1.151354e+00
-1.097588e+00
-4.483309e-01
4.447013e-01
1.097325e+00
1.155597e+00
5.873435e-01
-2.997006e-01
-1.024472e+00
-1.194102e+00
-7.162023e-01
1.503308e-01
9.355797e-01
1.214019e+00
8.344602e-01
2.496503e-03
-8.305691e-01
-1.213381e+00
-9.383019e-01
-1.544758e-01
7.128652e-01
1.193772e+00
1.027632e+00
3.046417e-01
-5.829089e-01
-1.153977e+00
-1.099278e+00
-4.487022e-01
4.445587e-01
1.096290e+00
1.153658e+00
5.859326e-01
-2.986269e-01
-1.020226e+00
-1.188289e+00
-7.121835e-01
1.492733e-01
9.287184e-01
1.204250e+00
8.271801e-01
2.561849e-03
-8.218722e-01
-1.199818e+00
-9.271635e-01
-1.525867e-01
7.031970e-01
1.176766e+00
1.012303e+00
2.999190e-01
-5.732021e-01
-1.134064e+00
-1.079566e+00
-4.404315e-01
4.358603e-01
1.074187e+00
1.129631e+00
5.734175e-01
-2.919082e-01
-9.967537e-01
-1.160198e+00
-6.949634e-01
1.454907e-01
9.048494e-01
1.172556e+00
8.049180e-01
2.615313e-03
-7.985973e-01
-1.165151e+00
-8.998504e-01
-1.480986e-01
6.815601e-01
1.139926e+00
9.800786e-01
2.903117e-01
-5.542326e-01
-1.095954e+00
-1.042735e+00
-4.252401e-01
4.204640e-01
1.035835e+00
1.088768e+00
5.524385e-01
-2.809539e-01
-9.592007e-01
-1.115989e+00
-6.682073e-01
1.397225e-01
8.691587e-01
1.125878e+00
7.726194e-01
2.563334e-03
-7.657937e-01
-1.116970e+00
-8.623554e-01
-1.419041e-01
6.526447e-01
1.091294e+00
9.379975e-01
2.777950e-01
-5.300502e-01
-1.047958e+00
-9.968547e-01
-4.064414e-01
4.017439e-01
9.895731e-01
1.039990e+00
5.276190e-01
-2.682456e-01
-9.157176e-01
-1.065313e+00
-6.378157e-01
1.333602e-01
8.294449e-01
1.074399e+00
7.372599e-01
2.466800e-03
-7.306704e-01
-1.065757e+00
-8.228450e-01
-1.354230e-01
6.228040e-01
1.041465e+00
8.952748e-01
2.651818e-01
-5.059852e-01
-1.000542e+00
-9.519250e-01
-3.881847e-01
3.837887e-01
9.455315e-01
9.939334e-01
5.043678e-01
-2.564730e-01
-8.758255e-01
-1.019207e+00
-6.103883e-01
1.276751e-01
7.943602e-01
1.029311e+00
7.066083e-01
2.368782e-03
-7.008594e-01
-1.022683e+00
-7.899553e-01
-1.300439e-01
5.984998e-01
1.001314e+00
8.612014e-01
2.552596e-01
-4.872666e-01
-9.640318e-01
-9.177225e-01
-3.744725e-01
3.704760e-01
9.132508e-01
9.606012e-01
4.877923e-01
-2.482335e-01
-8.481783e-01
-9.877018e-01
-5.919519e-01
1.239059e-01
7.715204e-01
1.000462e+00
6.872987e-01
2.324228e-03
-6.828210e-01
-9.971502e-01
-7.708150e-01
-1.269919e-01
5.850193e-01
9.795648e-01
8.431987e-01
2.500958e-01
-4.778984e-01
-9.464078e-01
-9.016920e-01
-3.682230e-01
3.646736e-01
8.998089e-01
9.473122e-01
4.814582e-01
-2.452424e-01
-8.388131e-01
-9.776950e-01
-5.864747e-01
1.229301e-01
7.659021e-01
9.941294e-01
6.835844e-01
2.272248e-03
-6.804805e-01
-9.946878e-01
-7.696283e-01
-1.268835e-01
5.852822e-01
9.809771e-01
8.452140e-01
2.508948e-01
-4.800206e-01
-9.514528e-01
-9.073563e-01
-3.708681e-01
3.677092e-01
9.080974e-01
9.569255e-01
4.867765e-01
-2.482424e-01
-8.497481e-01
-9.913597e-01
-5.951939e-01
1.249009e-01
7.787604e-01
1.011712e+00
6.962689e-01
2.270763e-03
-6.943946e-01
-1.015857e+00
-7.866850e-01
-1.297751e-01
5.992973e-01
1.005229e+00
8.668226e-01
2.574933e-01
-4.931224e-01
-9.781183e-01
-9.335050e-01
-3.818268e-01
3.788967e-01
9.363282e-01
9.873706e-01
5.025991e-01
-2.565339e-01
-8.786279e-01
-1.025712e+00
-6.162545e-01
1.294053e-01
8.072675e-01
1.049342e+00
7.226210e-01
2.340564e-03
-7.214567e-01
-1.056046e+00
-8.182634e-01
-1.350711e-01
6.239297e-01
1.047042e+00
9.032737e-01
2.684862e-01
-5.142989e-01
-1.020551e+00
-9.743965e-01
-3.987454e-01
3.957529e-01
9.783529e-01
1.032011e+00
5.255250e-01
-2.682991e-01
-9.191274e-01
-1.073266e+00
-6.449844e-01
1.354141e-01
8.452081e-01
1.098859e+00
7.568518e-01
2.492048e-03
-7.558374e-01
-1.106479e+00
-8.574292e-01
-1.415997e-01
6.537956e-01
1.097295e+00
9.466602e-01
2.813875e-01
-5.389595e-01
-1.069529e+00
-1.021123e+00
-4.178680e-01
4.146022e-01
1.024983e+00
1.081099e+00
5.504722e-01
-2.809078e-01
-9.624041e-01
-1.123658e+00
-6.751518e-01
1.416546e-01
8.842610e-01
1.149447e+00
7.915073e-01
2.652442e-03
-7.899612e-01
-1.156157e+00
-8.956802e-01
-1.479115e-01
6.824468e-01
1.145020e+00
9.875102e-01
2.934482e-01
-5.617354e-01
-1.114354e+00
-1.063530e+00
-4.350955e-01
4.313693e-01
1.066039e+00
1.123955e+00
5.720704e-01
-2.917210e-01
-9.990690e-01
-1.165922e+00
-7.002119e-01
1.467457e-01
9.159745e-01
1.190083e+00
8.190668e-01
2.797984e-03
-8.164352e-01
-1.194268e+00
-9.247323e-01
-1.526817e-01
7.035920e-01
1.179839e+00
1.016965e+00
3.020546e-01
-5.776605e-01
-1.145271e+00
-1.092375e+00
-4.466349e-01
4.423637e-01
1.092613e+00
1.151244e+00
5.856341e-01
-2.982987e-01
-1.021076e+00
-1.190810e+00
-7.147394e-01
1.495748e-01
9.334099e-01
1.211909e+00
8.335587e-01
2.924220e-03
-8.294672e-01
-1.212503e+00
-9.381995e-01
-1.549228e-01
7.126157e-01
1.194141e+00
1.028540e+00
3.053649e-01
-5.832357e-01
-1.155521e+00
-1.101351e+00
-4.500596e-01
4.451854e-01
1.098892e+00
1.156995e+00
5.881247e-01
-2.991838e-01
-1.023652e+00
-1.192923e+00
-7.155028e-01
1.494738e-01
9.327594e-01
1.210161e+00
8.317246e-01
3.040060e-03
-8.262281e-01
-1.206873e+00
-9.331441e-01
-1.540287e-01
7.075143e-01
1.184819e+00
1.019764e+00
3.025981e-01
-5.772016e-01
-1.142883e+00
-1.088486e+00
-4.445127e-01
4.391885e-01
1.083467e+00
1.139977e+00
5.791011e-01
-2.942487e-01
-1.006201e+00
-1.171800e+00
-7.023416e-01
1.465377e-01
9.141314e-01
1.185245e+00
8.140634e-01
3.035605e-03
-8.073625e-01
-1.178623e+00
-9.106934e-01
-1.502788e-01
6.894640e-01
1.153889e+00
9.925225e-01
2.943675e-01
-5.609543e-01
-1.110084e+00
-1.056633e+00
-4.313069e-01
4.257421e-01
1.049751e+00
1.103895e+00
5.604850e-01
-2.845167e-01
-9.725817e-01
-1.132042e+00
-6.781993e-01
1.413635e-01
8.816249e-01
1.142544e+00
7.843786e-01
3.004417e-03
-7.770555e-01
-1.133880e+00
-8.757928e-01
-1.444883e-01
6.623767e-01
1.108095e+00
9.528042e-01
2.825147e-01
-5.379941e-01
-1.064309e+00
-1.012743e+00
-4.132819e-01
4.077201e-01
1.005076e+00
1.056610e+00
5.363783e-01
-2.721218e-01
-9.300699e-01
-1.082313e+00
-6.482992e-01
1.350562e-01
8.423269e-01
1.091417e+00
7.492048e-01
2.942042e-03
-7.418772e-01
-1.082443e+00
-8.359616e-01
-1.379626e-01
6.321246e-01
1.057429e+00
9.092186e-01
2.696476e-01
-5.133143e-01
-1.015499e+00
-9.663367e-01
-3.943554e-01
3.890267e-01
9.591635e-01
1.008440e+00
5.119895e-01
-2.597210e-01
-8.879397e-01
-1.033448e+00
-6.191283e-01
1.289672e-01
8.047710e-01
1.042987e+00
7.161280e-01
2.817291e-03
-7.094598e-01
-1.035475e+00
-7.999487e-01
-1.320458e-01
6.052824e-01
1.012945e+00
8.712661e-01
2.585091e-01
-4.922611e-01
-9.743178e-01
-9.275555e-01
-3.786917e-01
3.738131e-01
9.220219e-01
9.698788e-01
4.926368e-01
-2.500557e-01
-8.553738e-01
-9.961195e-01
-5.970934e-01
1.244969e-01
7.771193e-01
1.007807e+00
6.923823e-01
2.714817e-03
-6.869066e-01
-1.003233e+00
-7.755778e-01
-1.280702e-01
5.877371e-01
9.842875e-01
8.472561e-01
2.515320e-01
-4.794637e-01
-9.497330e-01
-9.048731e-01
-3.696933e-01
3.652914e-01
9.017336e-01
9.493335e-01
4.825958e-01
-2.452187e-01
-8.394829e-01
-9.784554e-01
-5.870287e-01
1.225529e-01
7.654492e-01
9.935547e-01
6.832309e-01
2.639075e-03
-6.791141e-01
-9.927750e-01
-7.681982e-01
-1.269444e-01
5.833084e-01
9.777589e-01
8.424249e-01
2.503156e-01
-4.776890e-01
-9.470894e-01
-9.032113e-01
-3.693681e-01
3.653879e-01
9.027568e-01
9.513042e-01
4.840691e-01
-2.462508e-01
-8.437007e-01
-9.843023e-01
-5.911039e-01
1.235613e-01
7.722763e-01
1.003333e+00
6.905749e-01
2.665808e-03
-6.877903e-01
-1.006331e+00
-7.794064e-01
-1.289196e-01
5.929335e-01
9.947517e-01
8.578109e-01
2.551081e-01
-4.873067e-01
-9.669709e-01
-9.229501e-01
-3.777487e-01
3.739913e-01
9.248244e-01
9.753351e-01
4.966749e-01
-2.528819e-01
-8.671122e-01
-1.012394e+00
-6.084056e-01
1.272518e-01
7.960800e-01
1.035011e+00
7.128979e-01
2.716302e-03
-7.109746e-01
-1.040982e+00
-8.067358e-01
-1.335295e-01
6.144798e-01
1.031556e+00
8.900931e-01
2.648521e-01
-5.062436e-01
-1.005042e+00
-9.597724e-01
-3.930262e-01
3.893030e-01
9.631259e-01
1.016221e+00
5.177281e-01
-2.637397e-01
-9.046103e-01
-1.056590e+00
-6.352271e-01
1.328953e-01
8.317053e-01
1.081693e+00
7.452678e-01
2.839568e-03
-7.437009e-01
-1.089154e+00
-8.442695e-01
-1.397834e-01
6.433136e-01
1.080169e+00
9.321847e-01
2.774252e-01
-5.303160e-01
-1.053004e+00
-1.005688e+00
-4.118873e-01
4.079458e-01
1.009336e+00
1.065030e+00
5.426055e-01
-2.763648e-01
-9.480221e-01
-1.107280e+00
-6.657064e-01
1.392057e-01
8.713671e-01
1.133188e+00
7.806925e-01
3.005902e-03
-7.787574e-01
-1.140343e+00
-8.838571e-01
-1.463402e-01
6.731008e-01
1.129973e+00
9.749861e-01
2.901527e-01
-5.543068e-01
-1.100383e+00
-1.050664e+00
-4.302495e-01
4.258565e-01
1.053361e+00
1.111134e+00
5.659487e-01
-2.880765e-01
-9.878963e-01
-1.153414e+00
-6.932021e-01
1.447764e-01
9.064192e-01
1.178280e+00
8.114258e-01
3.218276e-03
-8.085298e-01
-1.183412e+00
-9.167809e-01
-1.518307e-01
6.973456e-01
1.170120e+00
1.009108e+00
3.001803e-01
-5.729378e-01
-1.136874e+00
-1.084902e+00
-4.440226e-01
4.390444e-01
1.085607e+00
1.144475e+00
5.826060e-01
-2.962254e-01
-1.015480e+00
-1.184945e+00
-7.116697e-01
1.484521e-01
9.291817e-01
1.207140e+00
8.307622e-01
3.357878e-03
-8.265073e-01
-1.208965e+00
-9.359480e-01
-1.549436e-01
7.107266e-01
1.191843e+00
1.027144e+00
3.053798e-01
-5.822183e-01
-1.154485e+00
-1.100958e+00
-4.502928e-01
4.447488e-01
1.099014e+00
1.157795e+00
5.889757e-01
-2.991140e-01
-1.024832e+00
-1.194986e+00
-7.171914e-01
1.493788e-01
9.347450e-01
1.213470e+00
8.345122e-01
3.457382e-03
-8.288004e-01
-1.211419e+00
-9.371599e-01
-1.550951e-01
7.104028e-01
1.190425e+00
1.025175e+00
3.046075e-01
-5.800723e-01
-1.149416e+00
-1.095322e+00
-4.477057e-01
4.416776e-01
1.090693e+00
1.148201e+00
5.836856e-01
-2.960888e-01
-1.013849e+00
-1.181333e+00
-7.085301e-01
1.473724e-01
9.218660e-01
1.195913e+00
8.218767e-01
3.470748e-03
-8.148550e-01
-1.190248e+00
-9.201581e-01
-1.522154e-01
6.963773e-01
1.166173e+00
1.003609e+00
2.980804e-01
-5.669527e-01
-1.122742e+00
-1.069209e+00
-4.368063e-01
4.305005e-01
1.062454e+00
1.117758e+00
5.679314e-01
-2.877201e-01
-9.849721e-01
-1.146966e+00
-6.875705e-01
1.428116e-01
8.933515e-01
1.158254e+00
7.955691e-01
3.478174e-03
-7.877677e-01
-1.150044e+00
-8.886570e-01
-1.470115e-01
6.717033e-01
1.124353e+00
9.671446e-01
2.871632e-01
-5.457153e-01
-1.080291e+00
-1.028328e+00
-4.199694e-01
4.135834e-01
1.020439e+00
1.073123e+00
5.450589e-01
-2.759371e-01
-9.444370e-01
-1.099407e+00
-6.588451e-01
1.367626e-01
8.553871e-01
1.108743e+00
7.613636e-01
3.384610e-03
-7.533573e-01
-1.099611e+00
-8.494927e-01
-1.405289e-01
6.417720e-01
1.074087e+00
9.237699e-01
2.742767e-01
-5.210117e-01
-1.031286e+00
-9.815831e-01
-4.008231e-01
3.946881e-01
9.737861e-01
1.024055e+00
5.201206e-01
-2.632912e-01
-9.011158e-01
-1.049029e+00
-6.286435e-01
1.304969e-01
8.162822e-01
1.058155e+00
7.267021e-01
3.237583e-03
-7.192008e-01
-1.049923e+00
-8.112417e-01
-1.342290e-01
6.131165e-01
1.026343e+00
8.829304e-01
2.622100e-01
-4.982194e-01
-9.864617e-01
-9.392079e-01
-3.836431e-01
3.779209e-01
9.326867e-01
9.811954e-01
4.985818e-01
-2.524676e-01
-8.644568e-01
-1.006787e+00
-6.036191e-01
1.253687e-01
7.845405e-01
1.017523e+00
6.991857e-01
3.114317e-03
-6.926912e-01
-1.011797e+00
-7.822594e-01
-1.295256e-01
5.919593e-01
9.915230e-01
8.535337e-01
2.536468e-01
-4.822721e-01
-9.555220e-01
-9.103830e-01
-3.721765e-01
3.668938e-01
9.060969e-01
9.539314e-01
4.850820e-01
-2.458201e-01
-8.424145e-01
-9.818816e-01
-5.891821e-01
1.224861e-01
7.670962e-01
9.956977e-01
6.847457e-01
3.041545e-03
-6.796057e-01
-9.935606e-01
-7.688041e-01
-1.273825e-01
5.828763e-01
9.772094e-01
8.419497e-01
2.504151e-01
-4.766271e-01
-9.452568e-01
-9.014351e-01
-3.688349e-01
3.640008e-01
8.997866e-01
9.481884e-01
4.825914e-01
-2.448652e-01
-8.397933e-01
-9.797757e-01
-5.884544e-01
1.224994e-01
7.676917e-01
9.974502e-01
6.865903e-01
3.014813e-03
-6.828166e-01
-9.991729e-01
-7.738758e-01
-1.283078e-01
5.878990e-01
9.865211e-01
8.507624e-01
2.532324e-01
-4.825751e-01
-9.578685e-01
-9.142918e-01
-3.744160e-01
3.699116e-01
9.151562e-01
9.652273e-01
4.916744e-01
-2.497439e-01
-8.571841e-01
-1.000897e+00
-6.016305e-01
1.253806e-01
7.862395e-01
1.022374e+00
7.043079e-01
3.060852e-03
-7.015960e-01
-1.027423e+00
-7.963829e-01
-1.321053e-01
6.058972e-01
1.017418e+00
8.780279e-01
2.615402e-01
-4.987748e-01
-9.906483e-01
-9.461865e-01
-3.877258e-01
3.832941e-01
9.488315e-01
1.001335e+00
5.103900e-01
-2.594076e-01
-8.907882e-01
-1.040676e+00
-6.258722e-01
1.304998e-01
8.187104e-01
1.065050e+00
7.340461e-01
3.227187e-03
-7.318407e-01
-1.072155e+00
-8.313652e-01
-1.379893e-01
6.329385e-01
1.063195e+00
9.178161e-01
2.734896e-01
-5.216800e-01
-1.036393e+00
-9.901389e-01
-4.058176e-01
4.011914e-01
9.934834e-01
1.048644e+00
5.345873e-01
-2.716762e-01
-9.332525e-01
-1.090419e+00
-6.558540e-01
1.366735e-01
8.579757e-01
1.116192e+00
7.693269e-01
3.381640e-03
-7.669521e-01
-1.123607e+00
-8.712186e-01
-1.446442e-01
6.631000e-01
1.113846e+00
9.614521e-01
2.864637e-01
-5.462455e-01
-1.085172e+00
-1.036571e+00
-4.248080e-01
4.198016e-01
1.039340e+00
1.096844e+00
5.590473e-01
-2.839969e-01
-9.753247e-01
-1.139290e+00
-6.850517e-01
1.426512e-01
8.954574e-01
1.164631e+00
8.024527e-01
3.573222e-03
-7.992908e-01
-1.170560e+00
-9.072835e-01
-1.506263e-01
6.898605e-01
1.158327e+00
9.994254e-01
2.976720e-01
-5.671963e-01
-1.126333e+00
-1.075412e+00
-4.405355e-01
4.349618e-01
1.076447e+00
1.135423e+00
5.784268e-01
-2.935864e-01
-1.007833e+00
-1.176641e+00
-7.071519e-01
1.470724e-01
9.230333e-01
1.199824e+00
8.262281e-01
3.749952e-03
-8.217920e-01
-1.202784e+00
-9.317302e-01
-1.546391e-01
7.073361e-01
1.186954e+00
1.023476e+00
3.047026e-01
-5.799580e-01
-1.150904e+00
-1.098127e+00
-4.496215e-01
4.433944e-01
1.096706e+00
1.155980e+00
5.885539e-01
-2.983670e-01
-1.023698e+00
-1.194322e+00
-7.173250e-01
1.489659e-01
9.346693e-01
1.214080e+00
8.354478e-01
3.922227e-03
-8.295429e-01
-1.213247e+00
-9.391692e-01
-1.558777e-01
7.117424e-01
1.193475e+00
1.028341e+00
3.060154e-01
-5.816480e-01
-1.153525e+00
-1.099801e+00
-4.500002e-01
4.432340e-01
1.095666e+00
1.154041e+00
5.871430e-01
-2.972546e-01
-1.019467e+00
-1.188502e+00
-7.132766e-01
1.478625e-01
9.277961e-01
1.204311e+00
8.281350e-01
3.957870e-03
-8.208326e-01
-1.199694e+00
-9.279862e-01
-1.539664e-01
7.020520e-01
1.176468e+00
1.012983e+00
3.012541e-01
-5.719739e-01
-1.133623e+00
-1.080089e+00
-4.416612e-01
4.345727e-01
1.073563e+00
1.130007e+00
5.745655e-01
-2.905775e-01
-9.960081e-01
-1.160412e+00
-6.959971e-01
1.441140e-01
9.039598e-01
1.172626e+00
8.058640e-01
3.941534e-03
-7.975993e-01
-1.165038e+00
-9.006628e-01
-1.493892e-01
6.804686e-01
1.139650e+00
9.807514e-01
2.915636e-01
-5.530415e-01
-1.095537e+00
-1.043286e+00
-4.264357e-01
4.192565e-01
1.035238e+00
1.089151e+00
5.535435e-01
-2.797153e-01
-9.584952e-01
-1.116216e+00
-6.692425e-01
1.384482e-01
8.683182e-01
1.125950e+00
7.735238e-01
3.819753e-03
-7.648626e-01
-1.116871e+00
-8.631618e-01
-1.431442e-01
6.516214e-01
1.091036e+00
9.386450e-01
2.790499e-01
-5.289349e-01
-1.047567e+00
-9.973670e-01
-4.075983e-01
4.005840e-01
9.890280e-01
1.040356e+00
5.287032e-01
-2.670530e-01
-9.150507e-01
-1.065527e+00
-6.387914e-01
1.320845e-01
8.286578e-01
1.074460e+00
7.381183e-01
3.703913e-03
-7.297838e-01
-1.065677e+00
-8.235950e-01
-1.366601e-01
6.218193e-01
1.041217e+00
8.958837e-01
2.663639e-01
-5.049055e-01
-1.000184e+00
-9.523914e-01
-3.893119e-01
3.826451e-01
9.449865e-01
9.942690e-01
5.054074e-01
-2.552968e-01
-8.751854e-01
-1.019386e+00
-6.113091e-01
1.264543e-01
7.935671e-01
1.029370e+00
7.074207e-01
3.552430e-03
-6.999698e-01
-1.022598e+00
-7.906652e-01
-1.312305e-01
5.975226e-01
1.001071e+00
8.617777e-01
2.563675e-01
-4.862136e-01
-9.636620e-01
-9.181799e-01
-3.755239e-01
3.693681e-01
9.127221e-01
9.609205e-01
4.887725e-01
-2.470855e-01
-8.475367e-01
-9.879023e-01
-5.928489e-01
1.227816e-01
7.707481e-01
1.000514e+00
6.880799e-01
3.438075e-03
-6.819552e-01
-9.970447e-01
-7.715219e-01
-1.281088e-01
5.840688e-01
9.793093e-01
8.437749e-01
2.511740e-01
-4.768974e-01
-9.460276e-01
-9.021509e-01
-3.692582e-01
3.636236e-01
8.992757e-01
9.476330e-01
4.824117e-01
-2.441509e-01
-8.381685e-01
-9.778673e-01
-5.873821e-01
1.217985e-01
7.651655e-01
9.941755e-01
6.843982e-01
3.384610e-03
-6.796295e-01
-9.945898e-01
-7.703353e-01
-1.280078e-01
5.843777e-01
9.807247e-01
8.457917e-01
2.520072e-01
-4.790048e-01
-9.510904e-01
-9.078092e-01
-3.719388e-01
3.666547e-01
9.075731e-01
9.572492e-01
4.877849e-01
-2.471033e-01
-8.491169e-01
-9.915201e-01
-5.961013e-01
1.237306e-01
7.780059e-01
1.011753e+00
6.970872e-01
3.436590e-03
-6.935229e-01
-1.015740e+00
-7.873935e-01
-1.309558e-01
5.983142e-01
1.004965e+00
8.673692e-01
2.586353e-01
-4.920413e-01
-9.777188e-01
-9.339520e-01
-3.829229e-01
3.777709e-01
9.357802e-01
9.876944e-01
5.036401e-01
-2.553576e-01
-8.779507e-01
-1.025874e+00
-6.171337e-01
1.281667e-01
8.064581e-01
1.049384e+00
7.234274e-01
3.552430e-03
-7.205463e-01
-1.055924e+00
-8.189569e-01
-1.362874e-01
6.229243e-01
1.046761e+00
9.038573e-01
2.696223e-01
-5.132014e-01
-1.020137e+00
-9.748510e-01
-3.998296e-01
3.945588e-01
9.777648e-01
1.032333e+00
5.265542e-01
-2.670649e-01
-9.184101e-01
-1.073440e+00
-6.459052e-01
1.341562e-01
8.443511e-01
1.098898e+00
7.576923e-01
3.739556e-03
-7.548706e-01
-1.106349e+00
-8.581747e-01
-1.428413e-01
6.527650e-01
1.096995e+00
9.472855e-01
2.825845e-01
-5.378248e-01
-1.069097e+00
-1.021619e+00
-4.190249e-01
4.133918e-01
1.024365e+00
1.081461e+00
5.515950e-01
-2.796544e-01
-9.616942e-01
-1.123857e+00
-6.761706e-01
1.403626e-01
8.834056e-01
1.149496e+00
7.924399e-01
3.928168e-03
-7.889915e-01
-1.156040e+00
-8.964851e-01
-1.492511e-01
6.813671e-01
1.144742e+00
9.881874e-01
2.947537e-01
-5.605592e-01
-1.113919e+00
-1.064066e+00
-4.363222e-01
4.301128e-01
1.065416e+00
1.124338e+00
5.732333e-01
-2.903859e-01
-9.983249e-01
-1.166127e+00
-7.012842e-01
1.453585e-01
9.150997e-01
1.190131e+00
8.200381e-01
4.188066e-03
-8.154357e-01
-1.194156e+00
-9.255432e-01
-1.540644e-01
7.024381e-01
1.179537e+00
1.017638e+00
3.034150e-01
-5.764115e-01
-1.144824e+00
-1.092910e+00
-4.479121e-01
4.410330e-01
1.091976e+00
1.151633e+00
5.867836e-01
-2.969279e-01
-1.020314e+00
-1.191018e+00
-7.158147e-01
1.481758e-01
9.325010e-01
1.211967e+00
8.345062e-01
4.330638e-03
-8.284231e-01
-1.212392e+00
-9.390089e-01
-1.562579e-01
7.114573e-01
1.193844e+00
1.029244e+00
3.066837e-01
-5.819777e-01
-1.155071e+00
-1.101886e+00
-4.512819e-01
4.438414e-01
1.098250e+00
1.157408e+00
5.892935e-01
-2.978531e-01
-1.022882e+00
-1.193155e+00
-7.165557e-01
1.480942e-01
9.318401e-01
1.210223e+00
8.327003e-01
4.412320e-03
-8.251841e-01
-1.206782e+00
-9.339936e-01
-1.553713e-01
7.064004e-01
1.184528e+00
1.020495e+00
3.038947e-01
-5.759971e-01
-1.142432e+00
-1.089054e+00
-4.457409e-01
4.379157e-01
1.082861e+00
1.140381e+00
5.802921e-01
-2.929403e-01
-1.005468e+00
-1.172045e+00
-7.034316e-01
1.451996e-01
9.132701e-01
1.185301e+00
8.150466e-01
4.430142e-03
-8.063868e-01
-1.178520e+00
-9.115310e-01
-1.516332e-01
6.883858e-01
1.153612e+00
9.932413e-01
2.956878e-01
-5.597884e-01
-1.109641e+00
-1.057188e+00
-4.325277e-01
4.244872e-01
1.049183e+00
1.104284e+00
5.616344e-01
-2.832053e-01
-9.718792e-01
-1.132273e+00
-6.792478e-01
1.400418e-01
8.807918e-01
1.142617e+00
7.853232e-01
4.330638e-03
-7.760886e-01
-1.133795e+00
-8.765547e-01
-1.457907e-01
6.612956e-01
1.107841e+00
9.534651e-01
2.837607e-01
-5.368357e-01
-1.063899e+00
-1.013245e+00
-4.144165e-01
4.065052e-01
1.004518e+00
1.056979e+00
5.374432e-01
-2.708787e-01
-9.293748e-01
-1.082532e+00
-6.492556e-01
1.337834e-01
8.414923e-01
1.091484e+00
7.500647e-01
4.167274e-03
-7.409564e-01
-1.082346e+00
-8.366894e-01
-1.391537e-01
6.310984e-01
1.057191e+00
9.098335e-01
2.707911e-01
-5.122108e-01
-1.015108e+00
-9.668149e-01
-3.954366e-01
3.878995e-01
9.586230e-01
1.008797e+00
5.129979e-01
-2.585566e-01
-8.872818e-01
-1.033684e+00
-6.200416e-01
1.277865e-01
8.039794e-01
1.043035e+00
7.169820e-01
3.989058e-03
-7.085895e-01
-1.035388e+00
-8.006571e-01
-1.332042e-01
6.043141e-01
1.012699e+00
8.718854e-01
2.595932e-01
-4.912319e-01
-9.739302e-01
-9.280159e-01
-3.797788e-01
3.727156e-01
9.215066e-01
9.702203e-01
4.936779e-01
-2.489330e-01
-8.547396e-01
-9.963319e-01
-5.980394e-01
1.233801e-01
7.763827e-01
1.007858e+00
6.932288e-01
3.889555e-03
-6.860868e-01
-1.003140e+00
-7.762877e-01
-1.292167e-01
5.868059e-01
9.840528e-01
8.478590e-01
2.526488e-01
-4.784538e-01
-9.493439e-01
-9.053231e-01
-3.707507e-01
3.642117e-01
9.012375e-01
9.496528e-01
4.836072e-01
-2.440885e-01
-8.388502e-01
-9.786470e-01
-5.879198e-01
1.214183e-01
7.646947e-01
9.935903e-01
6.840284e-01
3.804902e-03
-6.782736e-01
-9.926666e-01
-7.688605e-01
-1.280909e-01
5.823565e-01
9.775183e-01
8.430086e-01
2.514161e-01
-4.766613e-01
-9.466959e-01
-9.036420e-01
-3.703913e-01
3.642949e-01
9.022385e-01
9.516131e-01
4.850329e-01
-2.451117e-01
-8.430413e-01
-9.844969e-01
-5.919578e-01
1.223895e-01
7.715144e-01
1.003365e+00
6.913783e-01
3.800447e-03
-6.869155e-01
-1.006223e+00
-7.800495e-01
-1.300424e-01
5.919593e-01
9.944933e-01
8.583975e-01
2.561967e-01
-4.862805e-01
-9.665654e-01
-9.233897e-01
-3.787912e-01
3.729101e-01
9.242912e-01
9.756678e-01
4.976655e-01
-2.517458e-01
-8.664424e-01
-1.012578e+00
-6.092848e-01
1.260979e-01
7.953062e-01
1.035042e+00
7.137429e-01
3.905891e-03
-7.101132e-01
-1.040849e+00
-8.074442e-01
-1.346730e-01
6.135056e-01
1.031298e+00
8.906961e-01
2.660268e-01
-5.051832e-01
-1.004614e+00
-9.602373e-01
-3.941400e-01
3.881876e-01
9.625823e-01
1.016559e+00
5.187781e-01
-2.625546e-01
-9.039331e-01
-1.056780e+00
-6.361672e-01
1.316567e-01
8.308974e-01
1.081715e+00
7.461425e-01
4.109354e-03
-7.427831e-01
-1.089035e+00
-8.450031e-01
-1.410368e-01
6.422844e-01
1.079885e+00
9.328263e-01
2.786356e-01
-5.291651e-01
-1.052560e+00
-1.006175e+00
-4.130457e-01
4.067206e-01
1.008776e+00
1.065362e+00
5.436970e-01
-2.750876e-01
-9.473211e-01
-1.107501e+00
-6.666613e-01
1.378958e-01
8.705013e-01
1.133201e+00
7.815970e-01
4.320242e-03
-7.777743e-01
-1.140231e+00
-8.845922e-01
-1.476531e-01
6.719855e-01
1.129692e+00
9.756351e-01
2.913780e-01
-5.531083e-01
-1.099924e+00
-1.051182e+00
-4.314361e-01
4.245807e-01
1.052755e+00
1.111486e+00
5.670611e-01
-2.867399e-01
-9.871300e-01
-1.153641e+00
-6.941971e-01
1.434680e-01
9.055162e-01
1.178320e+00
8.123585e-01
4.540041e-03
-8.075184e-01
-1.183298e+00
-9.175651e-01
-1.531555e-01
6.962006e-01
1.169828e+00
1.009814e+00
3.014561e-01
-5.717601e-01
-1.136389e+00
-1.085463e+00
-4.452612e-01
4.377939e-01
1.084973e+00
1.144858e+00
5.837554e-01
-2.948933e-01
-1.014743e+00
-1.185165e+00
-7.127791e-01
1.471080e-01
9.282936e-01
1.207179e+00
8.317543e-01
4.739049e-03
-8.254974e-01
-1.208833e+00
-9.368153e-01
-1.562757e-01
7.096053e-01
1.191567e+00
1.027851e+00
3.067298e-01
-5.810094e-01
-1.154030e+00
-1.101524e+00
-4.516012e-01
4.434701e-01
1.098409e+00
1.158195e+00
5.901816e-01
-2.977804e-01
-1.024077e+00
-1.195204e+00
-7.182919e-01
1.479694e-01
9.338451e-01
1.213513e+00
8.355117e-01
4.865285e-03
-8.277786e-01
-1.211290e+00
-9.380079e-01
-1.564896e-01
7.092355e-01
1.190147e+00
1.025877e+00
3.059605e-01
-5.788248e-01
-1.148965e+00
-1.095864e+00
-4.489948e-01
4.403662e-01
1.090104e+00
1.148573e+00
5.848901e-01
-2.947076e-01
-1.013084e+00
-1.181557e+00
-7.095935e-01
1.459868e-01
9.209630e-01
1.195945e+00
8.228435e-01
4.866770e-03
-8.138421e-01
-1.190140e+00
-9.209779e-01
-1.536010e-01
6.952575e-01
1.165892e+00
1.004301e+00
2.993546e-01
-5.657393e-01
-1.122309e+00
-1.069748e+00
-4.380405e-01
4.292143e-01
1.061856e+00
1.118142e+00
5.690690e-01
-2.864473e-01
-9.842296e-01
-1.147206e+00
-6.885922e-01
1.415284e-01
8.924783e-01
1.158316e+00
7.965196e-01
4.796969e-03
-7.867860e-01
-1.149937e+00
-8.894486e-01
-1.482857e-01
6.706474e-01
1.124095e+00
9.678545e-01
2.884018e-01
-5.445881e-01
-1.079867e+00
-1.028868e+00
-4.211412e-01
4.123953e-01
1.019867e+00
1.073510e+00
5.461772e-01
-2.747267e-01
-9.437509e-01
-1.099661e+00
-6.598372e-01
1.355017e-01
8.545733e-01
1.108805e+00
7.623007e-01
4.608357e-03
-7.524498e-01
-1.099534e+00
-8.502679e-01
-1.417898e-01
6.407711e-01
1.073844e+00
9.244338e-01
2.754797e-01
-5.199350e-01
-1.030901e+00
-9.821162e-01
-4.019830e-01
3.935490e-01
9.732545e-01
1.024404e+00
5.211958e-01
-2.620719e-01
-9.004683e-01
-1.049263e+00
-6.296341e-01
1.292627e-01
8.155174e-01
1.058202e+00
7.275873e-01
4.459844e-03
-7.183216e-01
-1.049838e+00
-8.119694e-01
-1.354409e-01
6.121303e-01
1.026115e+00
8.835497e-01
2.633744e-01
-4.971575e-01
-9.860682e-01
-9.396905e-01
-3.847481e-01
3.767908e-01
9.321728e-01
9.815296e-01
4.995768e-01
-2.512958e-01
-8.637915e-01
-1.006982e+00
-6.045354e-01
1.242118e-01
7.837920e-01
1.017568e+00
7.000010e-01
4.300935e-03
-6.918402e-01
-1.011706e+00
-7.829455e-01
-1.306305e-01
5.910014e-01
9.912839e-01
8.541040e-01
2.547324e-01
-4.812369e-01
-9.551507e-01
-9.108374e-01
-3.731819e-01
3.657934e-01
9.055875e-01
9.542567e-01
4.860428e-01
-2.447226e-01
-8.417744e-01
-9.820850e-01
-5.900331e-01
1.213707e-01
7.663388e-01
9.957393e-01
6.855447e-01
4.180640e-03
-6.787740e-01
-9.934760e-01
-7.694947e-01
-1.284756e-01
5.819584e-01
9.769613e-01
8.425393e-01
2.514785e-01
-4.756350e-01
-9.448840e-01
-9.019044e-01
-3.698314e-01
3.629345e-01
8.992846e-01
9.484914e-01
4.835864e-01
-2.437573e-01
-8.391784e-01
-9.799762e-01
-5.893247e-01
1.213871e-01
7.669551e-01
9.974769e-01
6.873997e-01
4.185095e-03
-6.819834e-01
-9.990779e-01
-7.745768e-01
-1.294469e-01
5.869618e-01
9.862701e-01
8.513506e-01
2.543641e-01
-4.815622e-01
-9.574868e-01
-9.147552e-01
-3.754630e-01
3.687963e-01
9.146438e-01
9.655377e-01
4.926769e-01
-2.485706e-01
-8.565426e-01
-1.001096e+00
-6.025171e-01
1.241999e-01
7.854940e-01
1.022406e+00
7.051321e-01
4.271233e-03
-7.007213e-01
-1.027306e+00
-7.970795e-01
-1.332637e-01
6.049096e-01
1.017171e+00
8.786339e-01
2.626823e-01
-4.977026e-01
-9.902369e-01
-9.466454e-01
-3.887965e-01
3.821461e-01
9.482835e-01
1.001653e+00
5.113866e-01
-2.582061e-01
-8.900902e-01
-1.040869e+00
-6.267841e-01
1.292642e-01
8.178861e-01
1.065079e+00
7.349015e-01
4.419746e-03
-7.309214e-01
-1.072042e+00
-8.320632e-01
-1.391938e-01
6.319034e-01
1.062913e+00
9.184354e-01
2.746554e-01
-5.205394e-01
-1.035964e+00
-9.906379e-01
-4.069285e-01
4.000256e-01
9.929087e-01
1.048977e+00
5.356343e-01
-2.704748e-01
-9.325456e-01
-1.090629e+00
-6.568105e-01
1.354305e-01
8.571203e-01
1.116223e+00
7.702387e-01
4.663307e-03
-7.660120e-01
-1.123490e+00
-8.719983e-01
-1.459021e-01
6.620455e-01
1.113544e+00
9.621100e-01
2.876904e-01
-5.451139e-01
-1.084730e+00
-1.037102e+00
-4.260273e-01
4.185808e-01
1.038765e+00
1.097205e+00
5.601894e-01
-2.827286e-01
-9.745955e-01
-1.139507e+00
-6.861136e-01
1.413532e-01
8.945901e-01
1.164668e+00
8.034061e-01
4.939541e-03
-7.983136e-01
-1.170438e+00
-9.080944e-01
-1.519703e-01
6.887704e-01
1.158036e+00
1.000131e+00
2.990011e-01
-5.660319e-01
-1.125869e+00
-1.075927e+00
-4.417875e-01
4.336638e-01
1.075853e+00
1.135800e+00
5.796134e-01
-2.922394e-01
-1.007084e+00
-1.176858e+00
-7.082256e-01
1.456972e-01
9.221170e-01
1.199856e+00
8.271949e-01
5.154885e-03
-8.207584e-01
-1.202667e+00
-9.325456e-01
-1.560203e-01
7.061910e-01
1.186653e+00
1.024184e+00
3.060451e-01
-5.787075e-01
-1.150422e+00
-1.098672e+00
-4.508467e-01
4.420741e-01
1.096088e+00
1.156372e+00
5.897182e-01
-2.970007e-01
-1.022932e+00
-1.194557e+00
-7.183676e-01
1.475536e-01
9.337574e-01
1.214123e+00
8.364280e-01
5.287061e-03
-8.285137e-01
-1.213146e+00
-9.399816e-01
-1.572173e-01
7.105722e-01
1.193192e+00
1.029057e+00
3.073208e-01
-5.804466e-01
-1.153062e+00
-1.100385e+00
-4.512537e-01
4.419523e-01
1.095050e+00
1.154442e+00
5.883163e-01
-2.959373e-01
-1.018696e+00
-1.188742e+00
-7.143592e-01
1.465259e-01
9.269199e-01
1.204361e+00
8.291390e-01
5.324190e-03
-8.198391e-01
-1.199585e+00
-9.288387e-01
-1.552956e-01
7.009500e-01
1.176191e+00
1.013705e+00
3.025952e-01
-5.707947e-01
-1.133185e+00
-1.080653e+00
-4.429280e-01
4.333163e-01
1.072996e+00
1.130405e+00
5.757565e-01
-2.892914e-01
-9.952878e-01
-1.160636e+00
-6.970946e-01
1.427863e-01
9.031058e-01
1.172678e+00
8.068457e-01
5.304883e-03
-7.966414e-01
-1.164967e+00
-9.014885e-01
-1.507169e-01
6.793904e-01
1.139391e+00
9.814449e-01
2.928423e-01
-5.518638e-01
-1.095118e+00
-1.043811e+00
-4.276416e-01
4.180120e-01
1.034688e+00
1.089537e+00
5.546944e-01
-2.784306e-01
-9.577957e-01
-1.116454e+00
-6.702420e-01
1.371473e-01
8.674820e-01
1.126007e+00
7.744491e-01
5.123697e-03
-7.639136e-01
-1.116791e+00
-8.639177e-01
-1.444155e-01
6.505625e-01
1.090780e+00
9.393178e-01
2.802410e-01
-5.278166e-01
-1.047172e+00
-9.978928e-01
-4.087359e-01
3.993900e-01
9.884919e-01
1.040718e+00
5.297621e-01
-2.658278e-01
-9.143646e-01
-1.065748e+00
-6.397537e-01
1.309038e-01
8.278528e-01
1.074505e+00
7.390005e-01
4.914294e-03
-7.288808e-01
-1.065575e+00
-8.243435e-01
-1.378052e-01
6.208094e-01
1.040982e+00
8.965445e-01
2.675105e-01
-5.038599e-01
-9.997804e-01
-9.529052e-01
-3.903678e-01
3.815387e-01
9.444786e-01
9.946255e-01
5.064247e-01
-2.541606e-01
-8.745290e-01
-1.019619e+00
-6.122640e-01
1.253197e-01
7.928305e-01
1.029418e+00
7.082761e-01
4.713801e-03
-6.991233e-01
-1.022522e+00
-7.913959e-01
-1.323310e-01
5.965766e-01
1.000839e+00
8.623955e-01
2.574992e-01
-4.852141e-01
-9.633026e-01
-9.186418e-01
-3.765947e-01
3.683121e-01
9.122364e-01
9.612739e-01
4.897794e-01
-2.459805e-01
-8.469189e-01
-9.880820e-01
-5.937623e-01
1.216202e-01
7.700338e-01
1.000544e+00
6.889175e-01
4.602417e-03
-6.811235e-01
-9.969527e-01
-7.722184e-01
-1.292390e-01
5.831243e-01
9.790910e-01
8.443645e-01
2.522805e-01
-4.758756e-01
-9.456533e-01
-9.026024e-01
-3.702978e-01
3.625320e-01
8.987886e-01
9.479493e-01
4.834112e-01
-2.430311e-01
-8.375433e-01
-9.780707e-01
-5.882569e-01
1.206712e-01
7.644111e-01
9.942096e-01
6.851853e-01
4.538556e-03
-6.787785e-01
-9.944874e-01
-7.710288e-01
-1.291350e-01
5.834064e-01
9.804870e-01
8.463605e-01
2.530899e-01
-4.779801e-01
-9.506924e-01
-9.082726e-01
-3.729472e-01
3.655587e-01
9.070578e-01
9.575596e-01
4.887473e-01
-2.459998e-01
-8.484605e-01
-9.917235e-01
-5.969909e-01
1.226153e-01
7.772456e-01
1.011779e+00
6.978936e-01
4.597961e-03
-6.926362e-01
-1.015630e+00
-7.880959e-01
-1.320607e-01
5.973681e-01
1.004718e+00
8.679840e-01
2.597521e-01
-4.910433e-01
-9.772985e-01
-9.344183e-01
-3.839639e-01
3.766719e-01
9.352470e-01
9.880345e-01
5.046708e-01
-2.542096e-01
-8.772943e-01
-1.026072e+00
-6.180872e-01
1.270365e-01
8.056828e-01
1.049418e+00
7.242903e-01
4.746474e-03
-7.196597e-01
-1.055820e+00
-8.197084e-01
-1.374695e-01
6.219233e-01
1.046498e+00
9.044885e-01
2.708282e-01
-5.121425e-01
-1.019724e+00
-9.753381e-01
-4.009553e-01
3.934301e-01
9.772034e-01
1.032691e+00
5.276369e-01
-2.658397e-01
-9.177329e-01
-1.073648e+00
-6.469136e-01
1.329102e-01
8.435447e-01
1.098932e+00
7.585894e-01
5.009342e-03
-7.539424e-01
-1.106248e+00
-8.589381e-01
-1.440828e-01
6.516882e-01
1.096724e+00
9.479300e-01
2.838320e-01
-5.366724e-01
-1.068678e+00
-1.022136e+00
-4.201996e-01
4.121472e-01
1.023793e+00
1.081810e+00
5.526895e-01
-2.783816e-01
-9.609472e-01
-1.124062e+00
-6.771998e-01
1.390453e-01
8.825294e-01
1.149523e+00
7.933444e-01
5.281121e-03
-7.879830e-01
-1.155918e+00
-8.972871e-01
-1.505194e-01
6.802517e-01
1.144442e+00
9.888513e-01
2.960116e-01
-5.593637e-01
-1.113466e+00
-1.064585e+00
-4.375014e-01
4.288282e-01
1.064819e+00
1.124723e+00
5.743739e-01
-2.890998e-01
-9.975720e-01
-1.166329e+00
-7.023445e-01
1.440665e-01
9.141968e-01
1.190171e+00
8.209915e-01
5.524682e-03
-8.144109e-01
-1.194047e+00
-9.263986e-01
-1.553713e-01
7.013287e-01
1.179239e+00
1.018364e+00
3.047026e-01
-5.752174e-01
-1.144370e+00
-1.093465e+00
-4.491299e-01
4.397677e-01
1.091371e+00
1.152030e+00
5.879940e-01
-2.956017e-01
-1.019547e+00
-1.191269e+00
-7.169122e-01
1.468273e-01
9.316099e-01
1.212013e+00
8.354983e-01
5.692502e-03
-8.274236e-01
-1.212280e+00
-9.398895e-01
-1.576198e-01
7.103375e-01
1.193565e+00
1.029970e+00
3.080515e-01
-5.807792e-01
-1.154620e+00
-1.102468e+00
-4.525650e-01
4.425256e-01
1.097655e+00
1.157800e+00
5.905172e-01
-2.964883e-01
-1.022146e+00
-1.193397e+00
-7.176755e-01
1.467160e-01
9.309654e-01
1.210284e+00
8.336953e-01
5.800916e-03
-8.241564e-01
-1.206674e+00
-9.348535e-01
-1.567228e-01
7.052613e-01
1.184245e+00
1.021191e+00
3.052476e-01
-5.747734e-01
-1.142005e+00
-1.089620e+00
-4.470047e-01
4.366177e-01
1.082263e+00
1.140777e+00
5.814461e-01
-2.915978e-01
-1.004723e+00
-1.172274e+00
-7.044965e-01
1.438511e-01
9.123820e-01
1.185353e+00
8.159896e-01
5.744481e-03
-8.053903e-01
-1.178421e+00
-9.123716e-01
-1.529223e-01
6.872779e-01
1.153350e+00
9.939215e-01
2.969457e-01
-5.586092e-01
-1.109239e+00
-1.057736e+00
-4.337128e-01
4.232753e-01
1.048604e+00
1.104678e+00
5.627602e-01
-2.819682e-01
-9.711441e-01
-1.132508e+00
-6.802755e-01
1.387720e-01
8.799601e-01
1.142675e+00
7.862826e-01
5.598939e-03
-7.751560e-01
-1.133705e+00
-8.773982e-01
-1.470115e-01
6.602753e-01
1.107578e+00
9.541394e-01
2.849845e-01
-5.357561e-01
-1.063491e+00
-1.013784e+00
-4.155942e-01
4.053483e-01
1.003983e+00
1.057360e+00
5.385496e-01
-2.696802e-01
-9.286976e-01
-1.082774e+00
-6.502848e-01
1.325939e-01
8.407185e-01
1.091539e+00
7.509736e-01
5.429634e-03
-7.400653e-01
-1.082264e+00
-8.375047e-01
-1.403507e-01
6.301197e-01
1.056944e+00
9.104884e-01
2.719896e-01
-5.111371e-01
-1.014730e+00
-9.673169e-01
-3.965534e-01
3.867649e-01
9.581091e-01
1.009144e+00
5.140628e-01
-2.573834e-01
-8.866343e-01
-1.033888e+00
-6.210084e-01
1.266147e-01
8.032145e-01
1.043097e+00
7.178211e-01
5.193498e-03
-7.077148e-01
-1.035308e+00
-8.014012e-01
-1.343463e-01
6.033621e-01
1.012468e+00
8.724914e-01
2.607501e-01
-4.901849e-01
-9.735708e-01
-9.284941e-01
-3.808214e-01
3.716344e-01
9.209942e-01
9.705530e-01
4.946506e-01
-2.478058e-01
-8.541040e-01
-9.965279e-01
-5.989379e-01
1.222410e-01
7.756253e-01
1.007917e+00
6.940308e-01
5.004887e-03
-6.852299e-01
-1.003055e+00
-7.769782e-01
-1.303082e-01
5.858599e-01
9.838122e-01
8.484456e-01
2.537255e-01
-4.774484e-01
-9.489934e-01
-9.057746e-01
-3.717591e-01
3.631795e-01
9.007371e-01
9.499929e-01
4.845651e-01
-2.430207e-01
-8.382220e-01
-9.788445e-01
-5.888420e-01
1.203386e-01
7.639655e-01
9.936542e-01
6.848423e-01
4.912809e-03
-6.774404e-01
-9.925686e-01
-7.695778e-01
-1.291498e-01
5.814401e-01
9.772792e-01
8.435937e-01
2.525285e-01
-4.756841e-01
-9.463409e-01
-9.041083e-01
-3.714324e-01
3.632523e-01
9.017455e-01
9.519488e-01
4.860384e-01
-2.440335e-01
-8.424324e-01
-9.846781e-01
-5.928845e-01
1.212831e-01
7.707808e-01
1.003419e+00
6.921981e-01
4.966273e-03
-6.860764e-01
-1.006119e+00
-7.807831e-01
-1.311533e-01
5.910296e-01
9.942512e-01
8.590019e-01
2.573462e-01
-4.852483e-01
-9.661838e-01
-9.238531e-01
-3.798650e-01
3.718141e-01
9.237848e-01
9.759915e-01
4.986828e-01
-2.506156e-01
-8.658068e-01
-1.012754e+00
-6.102383e-01
1.249410e-01
7.945265e-01
1.035088e+00
7.145493e-01
5.080628e-03
-7.092043e-01
-1.040755e+00
-8.081704e-01
-1.358478e-01
6.125209e-01
1.031029e+00
8.912931e-01
2.671451e-01
-5.041094e-01
-1.004215e+00
-9.607125e-01
-3.952108e-01
3.870292e-01
9.620313e-01
1.016883e+00
5.198058e-01
-2.613591e-01
-9.032336e-01
-1.056976e+00
-6.371266e-01
1.304731e-01
8.300880e-01
1.081755e+00
7.469950e-01
5.304883e-03
-7.418401e-01
-1.088913e+00
-8.457724e-01
-1.422160e-01
6.412463e-01
1.079611e+00
9.334767e-01
2.798266e-01
-5.280809e-01
-1.052145e+00
-1.006685e+00
-4.141804e-01
4.055607e-01
1.008197e+00
1.065731e+00
5.447827e-01
-2.738832e-01
-9.466008e-01
-1.107688e+00
-6.676950e-01
1.366691e-01
8.696681e-01
1.133249e+00
7.825193e-01
5.584087e-03
-7.768253e-01
-1.140104e+00
-8.854239e-01
-1.488961e-01
6.709296e-01
1.129397e+00
9.763109e-01
2.926537e-01
-5.519856e-01
-1.099492e+00
-1.051702e+00
-4.326480e-01
4.233674e-01
1.052171e+00
1.111866e+00
5.682462e-01
-2.854493e-01
-9.864142e-01
-1.153839e+00
-6.952857e-01
1.421254e-01
9.046578e-01
1.178360e+00
8.133194e-01
5.900420e-03
-8.065279e-01
-1.183175e+00
-9.184443e-01
-1.544565e-01
6.950897e-01
1.169540e+00
1.010482e+00
3.027897e-01
-5.705363e-01
-1.135977e+00
-1.085998e+00
-4.465176e-01
4.364989e-01
1.084376e+00
1.145247e+00
5.849658e-01
-2.935552e-01
-1.013950e+00
-1.185380e+00
-7.138365e-01
1.457402e-01
9.273818e-01
1.207241e+00
8.327181e-01
6.124675e-03
-8.244563e-01
-1.208737e+00
-9.376589e-01
-1.576435e-01
7.084618e-01
1.191267e+00
1.028561e+00
3.080486e-01
-5.797753e-01
-1.153582e+00
-1.102075e+00
-4.528428e-01
4.421795e-01
1.097793e+00
1.158599e+00
5.913653e-01
-2.964230e-01
-1.023308e+00
-1.195430e+00
-7.193819e-01
1.466491e-01
9.329480e-01
1.213594e+00
8.364859e-01
6.222693e-03
-8.267449e-01
-1.211190e+00
-9.389123e-01
-1.578039e-01
7.081425e-01
1.189868e+00
1.026608e+00
3.072718e-01
-5.776427e-01
-1.148524e+00
-1.096458e+00
-4.502170e-01
4.391306e-01
1.089504e+00
1.148991e+00
5.861034e-01
-2.934185e-01
-1.012356e+00
-1.181793e+00
-7.107103e-01
1.446813e-01
9.201061e-01
1.196031e+00
8.238267e-01
6.198931e-03
-8.128501e-01
-1.190033e+00
-9.218719e-01
-1.549243e-01
6.941823e-01
1.165629e+00
1.005020e+00
3.006868e-01
-5.645750e-01
-1.121891e+00
-1.070318e+00
-4.392895e-01
4.280129e-01
1.061291e+00
1.118554e+00
5.702541e-01
-2.851508e-01
-9.835345e-01
-1.147433e+00
-6.896615e-01
1.402051e-01
8.916421e-01
1.158382e+00
7.974715e-01
6.117249e-03
-7.858370e-01
-1.149862e+00
-8.902877e-01
-1.495823e-01
6.695751e-01
1.123841e+00
9.685199e-01
2.896671e-01
-5.434268e-01
-1.079478e+00
-1.029403e+00
-4.223367e-01
4.112042e-01
1.019305e+00
1.073887e+00
5.472777e-01
-2.734673e-01
-9.430514e-01
-1.099875e+00
-6.608560e-01
1.342542e-01
8.537565e-01
1.108874e+00
7.631829e-01
5.884084e-03
-7.515098e-01
-1.099438e+00
-8.510639e-01
-1.429749e-01
6.397552e-01
1.073593e+00
9.250843e-01
2.766559e-01
-5.188300e-01
-1.030521e+00
-9.826256e-01
-4.030939e-01
3.924069e-01
9.727168e-01
1.024772e+00
5.222488e-01
-2.609224e-01
-8.998103e-01
-1.049465e+00
-6.305920e-01
1.281162e-01
8.147466e-01
1.058290e+00
7.284279e-01
5.630126e-03
-7.174320e-01
-1.049748e+00
-8.127669e-01
-1.365606e-01
6.111947e-01
1.025887e+00
8.841853e-01
2.644882e-01
-4.961373e-01
-9.857162e-01
-9.401940e-01
-3.858471e-01
3.757304e-01
9.316723e-01
9.818905e-01
5.006149e-01
-2.501894e-01
-8.631841e-01
-1.007202e+00
-6.054770e-01
1.230861e-01
7.830628e-01
1.017629e+00
7.008327e-01
5.456366e-03
-6.910056e-01
-1.011612e+00
-7.836866e-01
-1.317562e-01
5.900866e-01
9.910656e-01
8.547055e-01
2.558596e-01
-4.802508e-01
-9.547973e-01
-9.113260e-01
-3.742542e-01
3.647449e-01
9.050929e-01
9.545715e-01
4.870453e-01
-2.436118e-01
-8.411819e-01
-9.822647e-01
-5.909717e-01
1.202495e-01
7.656304e-01
9.957898e-01
6.863527e-01
5.318249e-03
-6.779275e-01
-9.933780e-01
-7.702075e-01
-1.295835e-01
5.810377e-01
9.767415e-01
8.431200e-01
2.525819e-01
-4.746148e-01
-9.445291e-01
-9.023484e-01
-3.708785e-01
3.618845e-01
8.987841e-01
9.488166e-01
4.845428e-01
-2.426553e-01
-8.385398e-01
-9.801603e-01
-5.902143e-01
1.202732e-01
7.662185e-01
9.975289e-01
6.881853e-01
5.295972e-03
-6.811235e-01
-9.989814e-01
-7.752778e-01
-1.305147e-01
5.860292e-01
9.860310e-01
8.519075e-01
2.554408e-01
-4.805449e-01
-9.571170e-01
-9.152304e-01
-3.764922e-01
3.677612e-01
9.141225e-01
9.658719e-01
4.936452e-01
-2.474924e-01
-8.558995e-01
-1.001280e+00
-6.034394e-01
1.230950e-01
7.847366e-01
1.022458e+00
7.059727e-01
5.391021e-03
-6.998495e-01
-1.027211e+00
-7.978161e-01
-1.343983e-01
6.039666e-01
1.016914e+00
8.792294e-01
2.637887e-01
-4.966912e-01
-9.898493e-01
-9.471281e-01
-3.898822e-01
3.810590e-01
9.477533e-01
1.001999e+00
5.124469e-01
-2.570774e-01
-8.894516e-01
-1.041064e+00
-6.277658e-01
1.280791e-01
8.171079e-01
1.065132e+00
7.357600e-01
5.656859e-03
-7.300437e-01
-1.071944e+00
-8.328473e-01
-1.403893e-01
6.309217e-01
1.062647e+00
9.190561e-01
2.758569e-01
-5.194434e-01
-1.035568e+00
-9.911250e-01
-4.080809e-01
3.988524e-01
9.923503e-01
1.049336e+00
5.367348e-01
-2.692451e-01
-9.318446e-01
-1.090823e+00
-6.578382e-01
1.341874e-01
8.562708e-01
1.116265e+00
7.711149e-01
5.949429e-03
-7.650452e-01
-1.123386e+00
-8.727914e-01
-1.471526e-01
6.609807e-01
1.113283e+00
9.627590e-01
2.889587e-01
-5.439599e-01
-1.084304e+00
-1.037613e+00
-4.271916e-01
4.173526e-01
1.038158e+00
1.097569e+00
5.613018e-01
-2.814439e-01
-9.738559e-01
-1.139715e+00
-6.871531e-01
1.400566e-01
8.937094e-01
1.164725e+00
8.043210e-01
6.236059e-03
-7.973141e-01
-1.170327e+00
-9.089350e-01
-1.532535e-01
6.876596e-01
1.157748e+00
1.000811e+00
3.002546e-01
-5.648408e-01
-1.125442e+00
-1.076492e+00
-4.430082e-01
4.324415e-01
1.075232e+00
1.136192e+00
5.807614e-01
-2.909607e-01
-1.006343e+00
-1.177086e+00
-7.093350e-01
1.443591e-01
9.212437e-01
1.199916e+00
8.281796e-01
6.466254e-03
-8.197678e-01
-1.202554e+00
-9.334352e-01
-1.573302e-01
7.051054e-01
1.186368e+00
1.024898e+00
3.073936e-01
-5.775164e-01
-1.149992e+00
-1.099259e+00
-4.521329e-01
4.408355e-01
1.095488e+00
1.156781e+00
5.909331e-01
-2.956923e-01
-1.022191e+00
-1.194785e+00
-7.195022e-01
1.461887e-01
9.328857e-01
1.214187e+00
8.374230e-01
6.672687e-03
-8.274964e-01
-1.213032e+00
-9.408801e-01
-1.585777e-01
7.094850e-01
1.192910e+00
1.029777e+00
3.086783e-01
-5.792139e-01
-1.152631e+00
-1.100952e+00
-4.525324e-01
4.406766e-01
1.094465e+00
1.154852e+00
5.895311e-01
-2.945963e-01
-1.017949e+00
-1.188977e+00
-7.154864e-01
1.451685e-01
9.260377e-01
1.204439e+00
8.300939e-01
6.693479e-03
-8.188069e-01
-1.199492e+00
-9.296986e-01
-1.566426e-01
6.998406e-01
1.175923e+00
1.014400e+00
3.038976e-01
-5.695992e-01
-1.132753e+00
-1.081220e+00
-4.441607e-01
4.320599e-01
1.072399e+00
1.130806e+00
5.769090e-01
-2.879889e-01
-9.945690e-01
-1.160887e+00
-6.981669e-01
1.415061e-01
9.022385e-01
1.172764e+00
8.077843e-01
6.571699e-03
-7.956597e-01
-1.164854e+00
-9.023529e-01
-1.519911e-01
6.783181e-01
1.139132e+00
9.821340e-01
2.940987e-01
-5.507470e-01
-1.094717e+00
-1.044394e+00
-4.288252e-01
4.168358e-01
1.034102e+00
1.089946e+00
5.558365e-01
-2.772262e-01
-9.571007e-01
-1.116678e+00
-6.713024e-01
1.359012e-01
8.666697e-01
1.126091e+00
7.753773e-01
6.354870e-03
-7.630136e-01
-1.116699e+00
-8.647420e-01
-1.456823e-01
6.495838e-01
1.090546e+00
9.399697e-01
2.814603e-01
-5.267458e-01
-1.046791e+00
-9.984185e-01
-4.099121e-01
3.982746e-01
9.879602e-01
1.041100e+00
5.308596e-01
-2.646382e-01
-9.137349e-01
-1.065959e+00
-6.407785e-01
1.296726e-01
8.270984e-01
1.074592e+00
7.398797e-01
6.120219e-03
-7.280195e-01
-1.065502e+00
-8.251232e-01
-1.390111e-01
6.198367e-01
1.040752e+00
8.971490e-01
2.686748e-01
-5.028174e-01
-9.994269e-01
-9.533938e-01
-3.914980e-01
3.804323e-01
9.439647e-01
9.949685e-01
5.074688e-01
-2.530319e-01
-8.738844e-01
-1.019816e+00
-6.132056e-01
1.241479e-01
7.920553e-01
1.029476e+00
7.091019e-01
5.875173e-03
-6.982619e-01
-1.022426e+00
-7.921325e-01
-1.334879e-01
5.956528e-01
1.000614e+00
8.629836e-01
2.585819e-01
-4.841834e-01
-9.629298e-01
-9.191274e-01
-3.776269e-01
3.672384e-01
9.117300e-01
9.616229e-01
4.907403e-01
-2.448890e-01
-8.462952e-01
-9.882958e-01
-5.946563e-01
1.205480e-01
7.692882e-01
1.000615e+00
6.897076e-01
5.693987e-03
-6.802725e-01
-9.968695e-01
-7.729565e-01
-1.303186e-01
5.822362e-01
9.788593e-01
8.449393e-01
2.533394e-01
-4.749073e-01
-9.453028e-01
-9.030895e-01
-3.713195e-01
3.615236e-01
8.982940e-01
9.482865e-01
4.843973e-01
-2.419781e-01
-8.369344e-01
-9.782564e-01
-5.891762e-01
1.196019e-01
7.637027e-01
9.942690e-01
6.859962e-01
5.640522e-03
-6.779557e-01
-9.944042e-01
-7.717521e-01
-1.302429e-01
5.825287e-01
9.802583e-01
8.469486e-01
2.541963e-01
-4.770058e-01
-9.503419e-01
-9.087419e-01
-3.740121e-01
3.645072e-01
9.065528e-01
9.578923e-01
4.897408e-01
-2.449068e-01
-8.478442e-01
-9.919003e-01
-5.979280e-01
1.214836e-01
7.765060e-01
1.011828e+00
6.987000e-01
5.738541e-03
-6.917660e-01
-1.015554e+00
-7.888385e-01
-1.332206e-01
5.964132e-01
1.004482e+00
8.685602e-01
2.608660e-01
-4.900081e-01
-9.769450e-01
-9.348906e-01
-3.850510e-01
3.755804e-01
9.347109e-01
9.883597e-01
5.056569e-01
-2.530824e-01
-8.766379e-01
-1.026257e+00
-6.190050e-01
1.258410e-01
8.048913e-01
1.049465e+00
7.251220e-01
5.933093e-03
-7.187582e-01
-1.055693e+00
-8.204361e-01
-1.386294e-01
6.209312e-01
1.046250e+00
9.050929e-01
2.719555e-01
-5.110494e-01
-1.019317e+00
-9.758505e-01
-4.020602e-01
3.922777e-01
9.766584e-01
1.033040e+00
5.286794e-01
-2.646724e-01
-9.170334e-01
-1.073847e+00
-6.478848e-01
1.317221e-01
8.427145e-01
1.098984e+00
7.594834e-01
6.233089e-03
-7.529904e-01
-1.106138e+00
-8.597415e-01
-1.452991e-01
6.506902e-01
1.096456e+00
9.485820e-01
2.850394e-01
-5.355674e-01
-1.068242e+00
-1.022662e+00
-4.213996e-01
4.109977e-01
1.023217e+00
1.082177e+00
5.538212e-01
-2.771579e-01
-9.602596e-01
-1.124265e+00
-6.782513e-01
1.378081e-01
8.817022e-01
1.149578e+00
7.942874e-01
6.592490e-03
-7.870192e-01
-1.155808e+00
-8.981173e-01
-1.518263e-01
6.792018e-01
1.144175e+00
9.895389e-01
2.973081e-01
-5.582112e-01
-1.113027e+00
-1.065132e+00
-4.387593e-01
4.275792e-01
1.064241e+00
1.125093e+00
5.755471e-01
-2.877691e-01
-9.968532e-01
-1.166566e+00
-7.034391e-01
1.427031e-01
9.132923e-01
1.190232e+00
8.219673e-01
6.874665e-03
-8.133758e-01
-1.193928e+00
-9.272377e-01
-1.567376e-01
7.002119e-01
1.178969e+00
1.019048e+00
3.060318e-01
-5.740085e-01
-1.143918e+00
-1.094012e+00
-4.504146e-01
4.384771e-01
1.090755e+00
1.152428e+00
5.891569e-01
-2.942784e-01
-1.018790e+00
-1.191484e+00
-7.179919e-01
1.454447e-01
9.306862e-01
1.212092e+00
8.364740e-01
7.069217e-03
-8.263840e-01
-1.212179e+00
-9.407286e-01
-1.589698e-01
7.091969e-01
1.193282e+00
1.030674e+00
3.093510e-01
-5.795525e-01
-1.154186e+00
-1.103040e+00
-4.538215e-01
4.412914e-01
1.097058e+00
1.158218e+00
5.916994e-01
-2.951784e-01
-1.021368e+00
-1.193634e+00
-7.187775e-01
1.454105e-01
9.300743e-01
1.210364e+00
8.346993e-01
7.137533e-03
-8.231613e-01
-1.206574e+00
-9.357297e-01
-1.580445e-01
7.041906e-01
1.183987e+00
1.021930e+00
3.065441e-01
-5.736031e-01
-1.141557e+00
-1.090202e+00
-4.482790e-01
4.354014e-01
1.081700e+00
1.141187e+00
5.826505e-01
-2.903206e-01
-1.004007e+00
-1.172528e+00
-7.056133e-01
1.425116e-01
9.115354e-01
1.185444e+00
8.169817e-01
7.094464e-03
-8.044264e-01
-1.178346e+00
-9.132329e-01
-1.542515e-01
6.862398e-01
1.153102e+00
9.946388e-01
2.982408e-01
-5.574300e-01
-1.108823e+00
-1.058291e+00
-4.349603e-01
4.220308e-01
1.048037e+00
1.105079e+00
5.639275e-01
-2.806969e-01
-9.704698e-01
-1.132753e+00
-6.813374e-01
1.374784e-01
8.790987e-01
1.142764e+00
7.872048e-01
6.886546e-03
-7.742144e-01
-1.133622e+00
-8.782062e-01
-1.483125e-01
6.592283e-01
1.107342e+00
9.548062e-01
2.862335e-01
-5.346214e-01
-1.063096e+00
-1.014323e+00
-4.167452e-01
4.041825e-01
1.003420e+00
1.057732e+00
5.396278e-01
-2.684624e-01
-9.280278e-01
-1.083004e+00
-6.512680e-01
1.313597e-01
8.399136e-01
1.091613e+00
7.518617e-01
6.614767e-03
-7.391609e-01
-1.082187e+00
-8.382517e-01
-1.415596e-01
6.291247e-01
1.056698e+00
9.111434e-01
2.731450e-01
-5.101049e-01
-1.014342e+00
-9.678575e-01
-3.976628e-01
3.856763e-01
9.575908e-01
1.009521e+00
5.150905e-01
-2.562665e-01
-8.859986e-01
-1.034106e+00
-6.219975e-01
1.254652e-01
8.024645e-01
1.043167e+00
7.186943e-01
6.335563e-03
-7.068890e-01
-1.035227e+00
-8.021512e-01
-1.354973e-01
6.024369e-01
1.012241e+00
8.731211e-01
2.618833e-01
-4.892076e-01
-9.731995e-01
-9.289991e-01
-3.819070e-01
3.706007e-01
9.205130e-01
9.709065e-01
4.956605e-01
-2.466845e-01
-8.534936e-01
-9.967344e-01
-5.998528e-01
1.210990e-01
7.749095e-01
1.007989e+00
6.948714e-01
6.145466e-03
-6.844086e-01
-1.002985e+00
-7.777104e-01
-1.314488e-01
5.849866e-01
9.836103e-01
8.490545e-01
2.548215e-01
-4.764504e-01
-9.486340e-01
-9.062573e-01
-3.728165e-01
3.621370e-01
9.002663e-01
9.503300e-01
4.855587e-01
-2.419024e-01
-8.376027e-01
-9.790405e-01
-5.897093e-01
1.192158e-01
7.632378e-01
9.937077e-01
6.856383e-01
6.038537e-03
-6.766072e-01
-9.924913e-01
-7.702684e-01
-1.302771e-01
5.805327e-01
9.770534e-01
8.441759e-01
2.535814e-01
-4.746846e-01
-9.459682e-01
-9.045628e-01
-3.724542e-01
3.622157e-01
9.012435e-01
9.522681e-01
4.869889e-01
-2.429167e-01
-8.418041e-01
-9.848741e-01
-5.937623e-01
1.202019e-01
7.700249e-01
1.003468e+00
6.930120e-01
6.068240e-03
-6.852284e-01
-1.006030e+00
-7.814841e-01
-1.322656e-01
5.900970e-01
9.940284e-01
8.595975e-01
2.584155e-01
-4.842636e-01
-9.658036e-01
-9.243343e-01
-3.809016e-01
3.707879e-01
9.232576e-01
9.763331e-01
4.996986e-01
-2.494929e-01
-8.651623e-01
-1.012965e+00
-6.111769e-01
1.238078e-01
7.937706e-01
1.035128e+00
7.154077e-01
6.228634e-03
-7.083682e-01
-1.040654e+00
-8.089145e-01
-1.370314e-01
6.115660e-01
1.030779e+00
8.919184e-01
2.683005e-01
-5.030684e-01
-1.003826e+00
-9.612160e-01
-3.963306e-01
3.859347e-01
9.614878e-01
1.017235e+00
5.208721e-01
-2.601665e-01
-9.025757e-01
-1.057182e+00
-6.381067e-01
1.292523e-01
8.292830e-01
1.081792e+00
7.478786e-01
6.550907e-03
-7.409534e-01
-1.088798e+00
-8.465477e-01
-1.434531e-01
6.402201e-01
1.079365e+00
9.341050e-01
2.810370e-01
-5.269656e-01
-1.051735e+00
-1.007197e+00
-4.153596e-01
4.043785e-01
1.007607e+00
1.066087e+00
5.458995e-01
-2.726297e-01
-9.458820e-01
-1.107902e+00
-6.686989e-01
1.353844e-01
8.688038e-01
1.133307e+00
7.834267e-01
6.893972e-03
-7.758644e-01
-1.139987e+00
-8.862214e-01
-1.501897e-01
6.698692e-01
1.129119e+00
9.769777e-01
2.938864e-01
-5.508078e-01
-1.099063e+00
-1.052235e+00
-4.338420e-01
4.221436e-01
1.051568e+00
1.112255e+00
5.693645e-01
-2.841810e-01
-9.856657e-01
-1.154073e+00
-6.963149e-01
1.408482e-01
9.037742e-01
1.178421e+00
8.142609e-01
7.216245e-03
-8.055492e-01
-1.183065e+00
-9.192923e-01
-1.557634e-01
6.939981e-01
1.169275e+00
1.011207e+00
3.040565e-01
-5.693779e-01
-1.135517e+00
-1.086580e+00
-4.477592e-01
4.352766e-01
1.083778e+00
1.145651e+00
5.861658e-01
-2.922557e-01
-1.013222e+00
-1.185631e+00
-7.149444e-01
1.444289e-01
9.265115e-01
1.207320e+00
8.337206e-01
7.505845e-03
-8.234821e-01
-1.208618e+00
-9.385425e-01
-1.590321e-01
7.073732e-01
1.191012e+00
1.029297e+00
3.093763e-01
-5.785872e-01
-1.153133e+00
-1.102664e+00
-4.541378e-01
4.409038e-01
1.097212e+00
1.158997e+00
5.925890e-01
-2.950656e-01
-1.022568e+00
-1.195681e+00
-7.204898e-01
1.452724e-01
9.320674e-01
1.213673e+00
8.374913e-01
7.614260e-03
-8.257544e-01
-1.211082e+00
-9.397633e-01
-1.591836e-01
7.070108e-01
1.189613e+00
1.027324e+00
3.085981e-01
-5.764204e-01
-1.148111e+00
-1.097027e+00
-4.515136e-01
4.378504e-01
1.088903e+00
1.149403e+00
5.872693e-01
-2.920790e-01
-1.011615e+00
-1.182038e+00
-7.117855e-01
1.433180e-01
9.192165e-01
1.196114e+00
8.248068e-01
7.572676e-03
-8.118803e-01
-1.189942e+00
-9.227021e-01
-1.562549e-01
6.930729e-01
1.165389e+00
1.005731e+00
3.019432e-01
-5.633884e-01
-1.121469e+00
-1.070902e+00
-4.405117e-01
4.267772e-01
1.060735e+00
1.118963e+00
5.713947e-01
-2.838721e-01
-9.828024e-01
-1.147701e+00
-6.907145e-01
1.389398e-01
8.908030e-01
1.158477e+00
7.984502e-01
7.398916e-03
-7.848821e-01
-1.149773e+00
-8.911372e-01
-1.508476e-01
6.685578e-01
1.123615e+00
9.692372e-01
2.908983e-01
-5.423233e-01
-1.079074e+00
-1.029966e+00
-4.235575e-01
4.100606e-01
1.018786e+00
1.074288e+00
5.484257e-01
-2.722673e-01
-9.423801e-01
-1.100116e+00
-6.618941e-01
1.330453e-01
8.529768e-01
1.108963e+00
7.641111e-01
7.156840e-03
-7.506291e-01
-1.099352e+00
-8.518614e-01
-1.442195e-01
6.387884e-01
1.073388e+00
9.257600e-01
2.778574e-01
-5.177474e-01
-1.030145e+00
-9.831647e-01
-4.042567e-01
3.912812e-01
9.722193e-01
1.025148e+00
5.233211e-01
-2.597328e-01
-8.991673e-01
-1.049699e+00
-6.315826e-01
1.269236e-01
8.139609e-01
1.058360e+00
7.293219e-01
6.850903e-03
-7.165765e-01
-1.049679e+00
-8.134902e-01
-1.377562e-01
6.102487e-01
1.025657e+00
8.848031e-01
2.656422e-01
-4.951021e-01
-9.853434e-01
-9.406796e-01
-3.869238e-01
3.746551e-01
9.311510e-01
9.822395e-01
5.016114e-01
-2.490696e-01
-8.625455e-01
-1.007417e+00
-6.063888e-01
