3,798688e-01
9,336096e-01
9,805807e-01
4,967601e-01
-2,544778e-01
-8,656193e-01
-1,006460e+00
-6,019524e-01
1,274259e-01
7,858878e-01
1,017427e+00
6,977020e-01
1,063312e-03
-6,942407e-01
-1,011985e+00
-7,809613e-01
-1,274639e-01
5,936320e-01
9,919590e-01
8,524554e-01
2,516800e-01
-4,840807e-01
-9,562095e-01
-9,095965e-01
-3,702637e-01
3,687921e-01
9,070121e-01
9,533363e-01
4,833158e-01
-2,478062e-01
-8,435571e-01
-9,816115e-01
-5,875310e-01
1,245189e-01
7,684144e-01
9,956243e-01
6,833202e-01
1,017714e-03
-6,811518e-01
-9,937688e-01
-7,675722e-01
-1,253567e-01
5,845559e-01
9,776484e-01
8,409158e-01
2,484750e-01
-4,784546e-01
-9,459523e-01
-9,006723e-01
-3,669485e-01
3,659078e-01
9,007167e-01
9,476087e-01
4,808561e-01
-2,468381e-01
-8,409670e-01
-9,794935e-01
-5,868295e-01
1,245263e-01
7,690429e-01
9,973893e-01
6,851641e-01
9,868200e-04
-6,843627e-01
-9,994108e-01
-7,726458e-01
-1,262790e-01
5,895969e-01
9,869784e-01
8,497367e-01
2,512870e-01
-4,844172e-01
-9,585850e-01
-9,135299e-01
-3,725148e-01
3,718357e-01
9,161134e-01
9,646588e-01
4,899297e-01
-2,517429e-01
-8,583800e-01
-1,000639e+00
-6,000037e-01
1,274507e-01
7,876332e-01
1,022333e+00
7,028598e-01
1,004198e-03
-7,031853e-01
-1,027683e+00
-7,951099e-01
-1,300429e-01
6,076383e-01
1,017908e+00
8,769817e-01
2,595172e-01
-5,006566e-01
-9,913874e-01
-9,453885e-01
-3,857538e-01
3,852923e-01
9,498284e-01
1,000749e+00
5,085465e-01
-2,614812e-01
-8,920148e-01
-1,040397e+00
-6,241616e-01
1,326373e-01
8,201462e-01
1,065014e+00
7,325288e-01
1,029745e-03
-7,335033e-01
-1,072411e+00
-8,300418e-01
-1,358205e-01
6,347499e-01
1,063691e+00
9,167154e-01
2,713648e-01
-5,236456e-01
-1,037173e+00
-9,893115e-01
-4,037844e-01
4,033164e-01
9,945117e-01
1,048032e+00
5,326749e-01
-2,738953e-01
-9,345379e-01
-1,090134e+00
-6,540806e-01
1,389515e-01
8,594603e-01
1,116139e+00
7,677331e-01
1,105345e-03
-7,686973e-01
-1,123861e+00
-8,698529e-01
-1,423714e-01
6,650153e-01
1,114354e+00
9,602959e-01
2,842612e-01
-5,483498e-01
-1,085968e+00
-1,035697e+00
-4,226832e-01
4,219911e-01
1,040426e+00
1,096198e+00
5,570375e-01
-2,862938e-01
-9,766750e-01
-1,138966e+00
-6,832282e-01
1,450218e-01
8,970240e-01
1,164559e+00
8,007964e-01
1,207087e-03
-8,010948e-01
-1,170810e+00
-9,058460e-01
-1,482694e-01
6,918390e-01
1,158843e+00
9,982248e-01
2,953999e-01
-5,693785e-01
-1,127153e+00
-1,074483e+00
-4,383398e-01
4,372211e-01
1,077568e+00
1,134752e+00
5,763552e-01
-2,959429e-01
-1,009211e+00
-1,176292e+00
-7,052462e-01
1,494830e-01
9,246321e-01
1,199734e+00
8,245037e-01
1,327840e-03
-8,236222e-01
-1,203056e+00
-9,302236e-01
-1,522495e-01
7,093498e-01
1,187469e+00
1,022223e+00
3,023705e-01
-5,821363e-01
-1,151736e+00
-1,097155e+00
-4,473551e-01
4,456994e-01
1,097801e+00
1,155277e+00
5,864160e-01
-3,007478e-01
-1,025095e+00
-1,193961e+00
-7,153597e-01
1,513933e-01
9,362730e-01
1,213972e+00
8,337062e-01
1,430622e-03
-8,313813e-01
-1,213496e+00
-9,376506e-01
-1,534193e-01
7,137374e-01
1,193992e+00
1,027089e+00
3,036294e-01
-5,838691e-01
-1,154340e+00
-1,098858e+00
-4,477411e-01
4,455588e-01
1,096752e+00
1,153318e+00
5,850191e-01
-2,996596e-01
-1,020819e+00
-1,188123e+00
-7,113616e-01
1,503213e-01
9,294068e-01
1,204182e+00
8,263984e-01
1,510975e-03
-8,226492e-01
-1,199928e+00
-9,264791e-01
-1,515590e-01
7,040529e-01
1,176963e+00
1,011726e+00
2,989475e-01
-5,741533e-01
-1,134420e+00
-1,079125e+00
-4,394502e-01
4,368232e-01
1,074642e+00
1,129305e+00
5,724847e-01
-2,929041e-01
-9,973314e-01
-1,160027e+00
-6,941171e-01
1,464881e-01
9,055117e-01
1,172513e+00
8,041695e-01
1,555534e-03
-7,993630e-01
-1,165266e+00
-8,992068e-01
-1,470675e-01
6,823641e-01
1,140134e+00
9,795279e-01
2,893172e-01
-5,551166e-01
-1,096318e+00
-1,042325e+00
-4,242890e-01
4,214016e-01
1,036263e+00
1,088479e+00
5,515323e-01
-2,819523e-01
-9,597523e-01
-1,115824e+00
-6,674073e-01
1,407190e-01
8,697994e-01
1,125850e+00
7,718870e-01
1,558059e-03
-7,665456e-01
-1,117079e+00
-8,617372e-01
-1,409327e-01
6,534353e-01
1,091499e+00
9,374924e-01
2,768577e-01
-5,309123e-01
-1,048299e+00
-9,964845e-01
-4,055462e-01
4,026434e-01
9,899920e-01
1,039725e+00
5,267754e-01
-2,691785e-01
-9,162593e-01
-1,065179e+00
-6,370587e-01
1,342839e-01
8,300538e-01
1,074361e+00
7,365726e-01
1,519739e-03
-7,313707e-01
-1,065877e+00
-8,222610e-01
-1,344911e-01
6,235526e-01
1,041664e+00
8,947933e-01
2,642955e-01
-5,068053e-01
-1,000874e+00
-9,515534e-01
-3,873368e-01
3,846308e-01
9,459139e-01
9,936641e-01
5,035788e-01
-2,573692e-01
-8,763261e-01
-1,019086e+00
-6,096749e-01
1,285510e-01
7,949259e-01
1,029276e+00
7,059273e-01
1,480082e-03
-7,015346e-01
-1,022807e+00
-7,894061e-01
-1,291611e-01
5,992169e-01
1,001498e+00
8,607257e-01
2,543838e-01
-4,880516e-01
-9,643582e-01
-9,173672e-01
-3,736310e-01
3,712815e-01
9,136470e-01
9,603565e-01
4,870196e-01
-2,490714e-01
-8,486770e-01
-9,875925e-01
-5,912546e-01
1,247925e-01
7,720939e-01
1,000430e+00
6,866619e-01
1,429879e-03
-6,834725e-01
-9,972488e-01
-7,702949e-01
-1,261110e-01
5,857352e-01
9,797565e-01
8,427378e-01
2,492667e-01
-4,787093e-01
-9,467114e-01
-9,013760e-01
-3,674191e-01
3,654999e-01
9,001978e-01
9,470719e-01
4,807036e-01
-2,461164e-01
-8,393044e-01
-9,775819e-01
-5,858035e-01
1,238027e-01
7,664994e-01
9,941147e-01
6,829723e-01
1,387846e-03
-6,811528e-01
-9,948000e-01
-7,691291e-01
-1,260066e-01
5,860251e-01
9,811794e-01
8,447613e-01
2,500818e-01
-4,808319e-01
-9,517783e-01
-9,070397e-01
-3,700742e-01
3,685477e-01
9,085060e-01
9,567001e-01
4,860297e-01
-2,491187e-01
-8,502714e-01
-9,912502e-01
-5,945111e-01
1,257870e-01
7,793677e-01
1,011697e+00
6,956463e-01
1,377152e-03
-6,950689e-01
-1,015973e+00
-7,861624e-01
-1,289003e-01
6,000417e-01
1,005440e+00
8,663450e-01
2,566521e-01
-4,939300e-01
-9,784374e-01
-9,331694e-01
-3,810132e-01
3,797387e-01
9,367418e-01
9,871363e-01
5,018286e-01
-2,574275e-01
-8,791539e-01
-1,025605e+00
-6,155107e-01
1,303058e-01
8,078806e-01
1,049335e+00
7,219385e-01
1,429433e-03
-7,221736e-01
-1,056174e+00
-8,176789e-01
-1,341584e-01
6,246908e-01
1,047252e+00
9,027989e-01
2,675577e-01
-5,151523e-01
-1,020911e+00
-9,740297e-01
-3,978575e-01
3,966218e-01
9,787643e-01
1,031770e+00
5,246811e-01
-2,692100e-01
-9,196934e-01
-1,073150e+00
-6,442127e-01
1,363729e-01
8,458341e-01
1,098844e+00
7,561504e-01
1,516322e-03
-7,565630e-01
-1,106619e+00
-8,568291e-01
-1,406167e-01
6,546143e-01
1,097512e+00
9,461644e-01
2,804356e-01
-5,398626e-01
-1,069905e+00
-1,020759e+00
-4,169521e-01
4,155398e-01
1,025419e+00
1,080856e+00
5,495943e-01
-2,818913e-01
-9,630027e-01
-1,123534e+00
-6,743663e-01
1,426601e-01
8,849327e-01
1,149428e+00
7,907932e-01
1,622074e-03
-7,907374e-01
-1,156300e+00
-8,950731e-01
-1,469018e-01
6,832921e-01
1,145251e+00
9,869920e-01
2,924846e-01
-5,626731e-01
-1,114736e+00
-1,063153e+00
-4,341390e-01
4,323337e-01
1,066509e+00
1,123670e+00
5,711693e-01
-2,927396e-01
-9,996898e-01
-1,165783e+00
-6,994179e-01
1,477785e-01
9,166648e-01
1,190058e+00
8,183331e-01
1,744164e-03
-8,172430e-01
-1,194407e+00
-9,240815e-01
-1,516551e-01
7,044438e-01
1,180069e+00
1,016423e+00
3,010707e-01
-5,785972e-01
-1,145656e+00
-1,091961e+00
-4,456734e-01
4,433399e-01
1,093074e+00
1,150970e+00
5,846778e-01
-2,993215e-01
-1,021689e+00
-1,190664e+00
-7,138886e-01
1,506228e-01
9,341061e-01
1,211879e+00
8,327797e-01
1,881256e-03
-8,302678e-01
-1,212627e+00
-9,375226e-01
-1,538260e-01
7,134642e-01
1,194373e+00
1,028002e+00
3,043305e-01
-5,841646e-01
-1,155907e+00
-1,100925e+00
-4,490575e-01
4,461560e-01
1,099348e+00
1,156714e+00
5,872028e-01
-3,002315e-01
-1,024251e+00
-1,192779e+00
-7,146453e-01
1,505489e-01
9,334322e-01
1,210131e+00
8,309735e-01
1,962649e-03
-8,270005e-01
-1,206992e+00
-9,324821e-01
-1,529702e-01
7,083917e-01
1,185028e+00
1,019221e+00
3,015714e-01
-5,781533e-01
-1,143236e+00
-1,088083e+00
-4,435342e-01
4,401779e-01
1,083926e+00
1,139689e+00
5,781772e-01
-2,952637e-01
-1,006802e+00
-1,171648e+00
-7,015330e-01
1,475672e-01
9,147991e-01
1,185197e+00
8,133144e-01
2,000821e-03
-8,081434e-01
-1,178724e+00
-9,100770e-01
-1,492564e-01
6,903063e-01
1,154088e+00
9,919927e-01
2,933899e-01
-5,618771e-01
-1,110434e+00
-1,056249e+00
-4,303383e-01
4,266899e-01
1,050202e+00
1,103595e+00
5,595954e-01
-2,855130e-01
-9,731425e-01
-1,131890e+00
-6,773995e-01
1,423470e-01
8,822788e-01
1,142494e+00
7,836652e-01
1,999335e-03
-7,778049e-01
-1,133974e+00
-8,751672e-01
-1,435124e-01
6,631725e-01
1,108284e+00
9,522638e-01
2,815852e-01
-5,388599e-01
-1,064633e+00
-1,012362e+00
-4,123402e-01
4,086258e-01
1,005489e+00
1,056321e+00
5,355073e-01
-2,730580e-01
-9,305960e-01
-1,082169e+00
-6,475096e-01
1,360041e-01
8,429384e-01
1,091371e+00
7,484902e-01
1,971858e-03
-7,425812e-01
-1,082518e+00
-8,353842e-01
-1,369893e-01
6,328765e-01
1,057620e+00
9,087095e-01
2,687219e-01
-5,141294e-01
-1,015818e+00
-9,659722e-01
-3,934752e-01
3,899228e-01
9,595582e-01
1,008165e+00
5,111557e-01
-2,606307e-01
-8,884553e-01
-1,033325e+00
-6,184127e-01
1,299013e-01
8,053436e-01
1,042946e+00
7,154527e-01
1,891801e-03
-7,101458e-01
-1,035556e+00
-7,994117e-01
-1,311358e-01
6,060253e-01
1,013115e+00
8,708013e-01
2,576137e-01
-4,930736e-01
-9,746255e-01
-9,272210e-01
-3,778540e-01
3,746405e-01
9,224066e-01
9,696208e-01
4,918673e-01
-2,509314e-01
-8,558760e-01
-9,960077e-01
-5,964036e-01
1,253864e-01
7,777041e-01
1,007791e+00
6,917775e-01
1,823181e-03
-6,875759e-01
-1,003326e+00
-7,750543e-01
-1,272059e-01
5,884723e-01
9,844827e-01
8,468351e-01
2,507068e-01
-4,802540e-01
-9,500252e-01
-9,045333e-01
-3,688882e-01
3,661294e-01
9,021292e-01
9,491190e-01
4,818724e-01
-2,460742e-01
-8,399608e-01
-9,783510e-01
-5,863434e-01
1,234187e-01
7,660257e-01
9,935402e-01
6,826111e-01
1,767335e-03
-6,797885e-01
-9,928550e-01
-7,676860e-01
-1,260934e-01
5,840313e-01
9,779559e-01
8,419894e-01
2,494901e-01
-4,784727e-01
-9,473966e-01
-9,028765e-01
-3,685535e-01
3,661979e-01
9,031456e-01
9,510789e-01
4,833118e-01
-2,471031e-01
-8,442011e-01
-9,841889e-01
-5,904162e-01
1,244123e-01
7,728509e-01
1,003326e+00
6,899696e-01
1,759908e-03
-6,884606e-01
-1,006422e+00
-7,788927e-01
-1,280285e-01
5,936614e-01
9,949515e-01
8,573812e-01
2,542502e-01
-4,881200e-01
-9,673021e-01
-9,226135e-01
-3,769243e-01
3,748532e-01
9,252339e-01
9,751168e-01
4,959133e-01
-2,537745e-01
-8,676303e-01
-1,012289e+00
-6,077078e-01
1,281693e-01
7,966947e-01
1,034992e+00
7,122455e-01
1,802387e-03
-7,116868e-01
-1,041086e+00
-8,061934e-01
-1,325964e-01
6,152669e-01
1,031763e+00
8,896275e-01
2,639614e-01
-5,070688e-01
-1,005373e+00
-9,594413e-01
-3,921721e-01
3,901942e-01
9,635631e-01
1,015984e+00
5,169294e-01
-2,646459e-01
-9,051607e-01
-1,056498e+00
-6,344838e-01
1,338435e-01
8,323494e-01
1,081676e+00
7,446087e-01
1,896703e-03
-7,444301e-01
-1,089252e+00
-8,437304e-01
-1,388278e-01
6,441177e-01
1,080380e+00
9,317260e-01
2,765026e-01
-5,311906e-01
-1,053344e+00
-1,005337e+00
-4,109966e-01
4,088725e-01
1,009772e+00
1,064777e+00
5,417681e-01
-2,773276e-01
-9,486036e-01
-1,107177e+00
-6,649166e-01
1,402027e-01
8,720345e-01
1,133165e+00
7,799826e-01
2,010029e-03
-7,795225e-01
-1,140457e+00
-8,832550e-01
-1,453562e-01
6,739262e-01
1,130192e+00
9,744723e-01
2,891506e-01
-5,552235e-01
-1,100752e+00
-1,050284e+00
-4,292823e-01
4,267986e-01
1,053827e+00
1,110859e+00
5,650515e-01
-2,890539e-01
-9,884833e-01
-1,153313e+00
-6,923683e-01
1,458319e-01
9,070976e-01
1,178262e+00
8,106915e-01
2,149349e-03
-8,093151e-01
-1,183545e+00
-9,161926e-01
-1,507766e-01
6,981920e-01
1,170337e+00
1,008582e+00
2,991614e-01
-5,738988e-01
-1,137228e+00
-1,084518e+00
-4,430767e-01
4,400567e-01
1,086060e+00
1,144171e+00
5,816912e-01
-2,972632e-01
-1,016092e+00
-1,184812e+00
-7,108633e-01
1,495266e-01
9,298881e-01
1,207103e+00
8,300254e-01
2,289114e-03
-8,273120e-01
-1,209065e+00
-9,353191e-01
-1,538878e-01
7,116214e-01
1,192068e+00
1,026594e+00
3,043567e-01
-5,831772e-01
-1,154845e+00
-1,100563e+00
-4,493438e-01
4,457774e-01
1,099485e+00
1,157495e+00
5,880602e-01
-3,001501e-01
-1,025437e+00
-1,194806e+00
-7,163708e-01
1,504464e-01
9,354383e-01
1,213446e+00
8,337772e-01
2,385211e-03
-8,295934e-01
-1,211531e+00
-9,365328e-01
-1,540541e-01
7,112690e-01
1,190649e+00
1,024623e+00
3,035955e-01
-5,810194e-01
-1,149789e+00
-1,094922e+00
-4,467556e-01
4,426653e-01
1,091164e+00
1,147896e+00
5,828069e-01
-2,970856e-01
-1,014457e+00
-1,181177e+00
-7,077105e-01
1,484055e-01
9,225434e-01
1,195868e+00
8,211333e-01
2,454574e-03
-8,156305e-01
-1,190358e+00
-9,195444e-01
-1,512202e-01
6,972194e-01
1,166385e+00
1,003080e+00
2,970634e-01
-5,678641e-01
-1,123094e+00
-1,068821e+00
-4,358627e-01
4,314398e-01
1,062890e+00
1,117453e+00
5,670214e-01
-2,887303e-01
-9,855359e-01
-1,146810e+00
-6,867556e-01
1,438411e-01
8,939900e-01
1,158210e+00
7,948550e-01
2,446702e-03
-7,884919e-01
-1,150132e+00
-8,880467e-01
-1,460208e-01
6,725369e-01
1,124544e+00
9,666336e-01
2,861873e-01
-5,466080e-01
-1,080606e+00
-1,027939e+00
-4,190510e-01
4,145290e-01
1,020851e+00
1,072849e+00
5,442131e-01
-2,769088e-01
-9,449895e-01
-1,099267e+00
-6,580625e-01
1,377374e-01
8,560184e-01
1,108691e+00
7,606902e-01
2,401401e-03
-7,540755e-01
-1,099699e+00
-8,489097e-01
-1,395773e-01
6,425752e-01
1,074282e+00
9,233012e-01
2,733402e-01
-5,218585e-01
-1,031602e+00
-9,812397e-01
-3,999822e-01
3,955987e-01
9,741864e-01
1,023774e+00
5,193068e-01
-2,641795e-01
-9,016415e-01
-1,048891e+00
-6,279314e-01
1,314292e-01
8,168850e-01
1,058115e+00
7,260668e-01
2,319265e-03
-7,198794e-01
-1,049999e+00
-8,106957e-01
-1,333257e-01
6,138731e-01
1,026533e+00
8,824788e-01
2,613410e-01
-4,990229e-01
-9,867492e-01
-9,388699e-01
-3,828354e-01
3,787589e-01
9,330789e-01
9,809513e-01
4,977861e-01
-2,533216e-01
-8,649592e-01
-1,006650e+00
-6,029315e-01
1,262541e-01
7,851230e-01
1,017486e+00
6,985450e-01
2,233861e-03
-6,933589e-01
-1,011872e+00
-7,817165e-01
-1,286229e-01
5,926821e-01
9,917085e-01
8,530716e-01
2,527926e-01
-4,830584e-01
-9,558252e-01
-9,100646e-01
-3,713347e-01
3,676962e-01
9,064784e-01
9,536873e-01
4,843105e-01
-2,466805e-01
-8,429064e-01
-9,817683e-01
-5,884700e-01
1,233674e-01
7,676520e-01
9,956600e-01
6,841473e-01
2,160340e-03
-6,802734e-01
-9,936378e-01
-7,682886e-01
-1,264985e-01
5,836042e-01
9,773997e-01
8,415245e-01
2,495695e-01
-4,774275e-01
-9,455465e-01
-9,011232e-01
-3,680129e-01
3,648188e-01
9,001782e-01
9,479512e-01
4,818434e-01
-2,457109e-01
-8,403037e-01
-9,796597e-01
-5,877492e-01
1,233791e-01
7,682697e-01
9,974162e-01
6,859956e-01
2,131674e-03
-6,834812e-01
-9,992714e-01
-7,733590e-01
-1,274376e-01
5,886242e-01
9,867161e-01
8,503348e-01
2,523987e-01
-4,833780e-01
-9,581827e-01
-9,139892e-01
-3,735959e-01
3,707339e-01
9,155645e-01
9,649907e-01
4,909301e-01
-2,506013e-01
-8,577055e-01
-1,000796e+00
-6,009361e-01
1,262686e-01
7,868430e-01
1,022348e+00
7,036951e-01
2,159300e-03
-7,022845e-01
-1,027535e+00
-7,958326e-01
-1,312193e-01
6,066389e-01
1,017626e+00
8,775744e-01
2,606598e-01
-4,995768e-01
-9,909628e-01
-9,458731e-01
-3,868767e-01
3,841476e-01
9,492456e-01
1,001084e+00
5,095871e-01
-2,602876e-01
-8,913165e-01
-1,040572e+00
-6,251489e-01
1,314100e-01
8,193090e-01
1,065034e+00
7,333989e-01
2,254655e-03
-7,325593e-01
-1,072270e+00
-8,308114e-01
-1,370643e-01
6,337053e-01
1,063394e+00
9,173482e-01
2,725524e-01
-5,225182e-01
-1,036729e+00
-9,898046e-01
-4,049595e-01
4,021217e-01
9,939108e-01
1,048387e+00
5,337452e-01
-2,726566e-01
-9,338116e-01
-1,090301e+00
-6,551070e-01
1,376673e-01
8,585966e-01
1,116162e+00
7,686395e-01
2,389073e-03
-7,677089e-01
-1,123710e+00
-8,706504e-01
-1,436655e-01
6,639274e-01
1,114054e+00
9,609637e-01
2,854989e-01
-5,471798e-01
-1,085514e+00
-1,036229e+00
-4,239108e-01
4,207414e-01
1,039807e+00
1,096561e+00
5,581702e-01
-2,849957e-01
-9,759139e-01
-1,139160e+00
-6,842988e-01
1,436726e-01
8,961274e-01
1,164598e+00
8,017491e-01
2,548443e-03
-8,000731e-01
-1,170672e+00
-9,066965e-01
-1,496109e-01
6,907152e-01
1,158537e+00
9,989202e-01
2,966911e-01
-5,681486e-01
-1,126682e+00
-1,075010e+00
-4,396072e-01
4,359341e-01
1,076925e+00
1,135134e+00
5,775401e-01
-2,945937e-01
-1,008436e+00
-1,176482e+00
-7,063695e-01
1,481083e-01
9,237150e-01
1,199772e+00
8,255030e-01
2,710042e-03
-8,225858e-01
-1,202894e+00
-9,310968e-01
-1,536271e-01
7,082031e-01
1,187165e+00
1,022946e+00
3,036998e-01
-5,808979e-01
-1,151250e+00
-1,097739e+00
-4,486478e-01
4,443990e-01
1,097171e+00
1,155697e+00
5,876346e-01
-2,993919e-01
-1,024309e+00
-1,194171e+00
-7,164871e-01
1,500072e-01
9,353600e-01
1,214020e+00
8,347081e-01
2,816685e-03
-8,303385e-01
-1,213365e+00
-9,385239e-01
-1,548131e-01
7,125858e-01
1,193692e+00
1,027817e+00
3,049630e-01
-5,826192e-01
-1,153884e+00
-1,099413e+00
-4,490296e-01
4,442458e-01
1,096131e+00
1,153747e+00
5,862323e-01
-2,983047e-01
-1,020058e+00
-1,188353e+00
-7,124769e-01
1,489379e-01
9,284915e-01
1,204249e+00
8,274029e-01
2,893920e-03
-8,216312e-01
-1,199802e+00
-9,273618e-01
-1,529292e-01
7,029141e-01
1,176685e+00
1,012463e+00
3,002559e-01
-5,729242e-01
-1,133964e+00
-1,079704e+00
-4,407179e-01
4,355391e-01
1,074031e+00
1,129723e+00
5,736792e-01
-2,915798e-01
-9,965819e-01
-1,160268e+00
-6,952094e-01
1,451456e-01
9,046227e-01
1,172562e+00
8,051367e-01
2,908475e-03
-7,983526e-01
-1,165139e+00
-9,000515e-01
-1,483989e-01
6,812743e-01
1,139846e+00
9,802395e-01
2,906008e-01
-5,539481e-01
-1,095858e+00
-1,042870e+00
-4,255217e-01
4,201784e-01
1,035678e+00
1,088855e+00
5,526997e-01
-2,806740e-01
-9,590260e-01
-1,116051e+00
-6,684672e-01
1,394302e-01
8,689576e-01
1,125886e+00
7,728389e-01
2,849807e-03
-7,655894e-01
-1,116954e+00
-8,625606e-01
-1,422007e-01
6,523993e-01
1,091218e+00
9,381587e-01
2,780762e-01
-5,298041e-01
-1,047870e+00
-9,969911e-01
-4,067329e-01
4,014725e-01
9,894327e-01
1,040081e+00
5,278785e-01
-2,679597e-01
-9,155728e-01
-1,065376e+00
-6,380629e-01
1,330590e-01
8,292498e-01
1,074404e+00
7,374772e-01
2,749402e-03
-7,304659e-01
-1,065743e+00
-8,230443e-01
-1,357154e-01
6,225585e-01
1,041395e+00
8,954346e-01
2,654608e-01
-5,057289e-01
-1,000458e+00
-9,520470e-01
-3,884622e-01
3,835113e-01
9,453922e-01
9,940087e-01
5,046260e-01
-2,561905e-01
-8,756794e-01
-1,019265e+00
-6,106390e-01
1,273825e-01
7,941653e-01
1,029315e+00
7,067925e-01
2,652710e-03
-7,006507e-01
-1,022672e+00
-7,901299e-01
-1,303405e-01
5,982579e-01
1,001246e+00
8,613427e-01
2,555044e-01
-4,870215e-01
-9,639552e-01
-9,178417e-01
-3,747130e-01
3,701967e-01
9,131157e-01
9,606766e-01
4,880214e-01
-2,479559e-01
-8,480318e-01
-9,877565e-01
-5,921661e-01
1,236441e-01
7,713264e-01
1,000460e+00
6,874959e-01
2,569534e-03
-6,826127e-01
-9,971315e-01
-7,709947e-01
-1,272499e-01
5,847779e-01
9,794982e-01
8,433378e-01
2,503521e-01
-4,776928e-01
-9,463123e-01
-9,018129e-01
-3,684745e-01
3,644256e-01
8,996674e-01
9,473900e-01
4,816912e-01
-2,449935e-01
-8,386647e-01
-9,777514e-01
-5,866962e-01
1,226590e-01
7,657232e-01
9,941306e-01
6,837794e-01
2,530026e-03
-6,802960e-01
-9,946709e-01
-7,698191e-01
-1,271486e-01
5,850652e-01
9,809137e-01
8,453550e-01
2,511598e-01
-4,798011e-01
-9,513734e-01
-9,074832e-01
-3,711297e-01
3,674514e-01
9,079650e-01
9,570078e-01
4,870223e-01
-2,479843e-01
-8,496081e-01
-9,914103e-01
-5,954220e-01
1,246148e-01
7,785743e-01
1,011711e+00
6,964848e-01
2,541314e-03
-6,941954e-01
-1,015849e+00
-7,868702e-01
-1,300670e-01
5,990613e-01
1,005157e+00
8,669551e-01
2,577692e-01
-4,928734e-01
-9,780343e-01
-9,336197e-01
-3,821006e-01
3,786147e-01
9,361935e-01
9,874413e-01
5,028558e-01
-2,562494e-01
-8,784760e-01
-1,025767e+00
-6,164839e-01
1,291072e-01
8,070746e-01
1,049345e+00
7,228154e-01
2,634293e-03
-7,212448e-01
-1,056029e+00
-8,184450e-01
-1,353732e-01
6,236725e-01
1,046971e+00
9,034141e-01
2,687412e-01
-5,140342e-01
-1,020462e+00
-9,745203e-01
-3,990159e-01
3,954628e-01
9,782039e-01
1,032093e+00
5,257692e-01
-2,679932e-01
-9,189634e-01
-1,073323e+00
-6,452192e-01
1,351207e-01
8,449975e-01
1,098860e+00
7,570634e-01
2,769750e-03
-7,556035e-01
-1,106460e+00
-8,576256e-01
-1,418959e-01
6,535554e-01
1,097215e+00
9,468171e-01
2,816725e-01
-5,387084e-01
-1,069428e+00
-1,021260e+00
-4,181552e-01
4,143224e-01
1,024824e+00
1,081193e+00
5,507329e-01
-2,806244e-01
-9,622505e-01
-1,123717e+00
-6,754091e-01
1,413490e-01
8,840620e-01
1,149448e+00
7,917402e-01
2,954222e-03
-7,897385e-01
-1,156142e+00
-8,958864e-01
-1,482305e-01
6,821916e-01
1,144947e+00
9,876794e-01
2,937596e-01
-5,614740e-01
-1,114260e+00
-1,063684e+00
-4,353981e-01
4,310645e-01
1,065892e+00
1,124050e+00
5,723525e-01
-2,914078e-01
-9,989032e-01
-1,165983e+00
-7,004894e-01
1,464155e-01
9,157583e-01
1,190086e+00
8,193121e-01
3,125178e-03
-8,161982e-01
-1,194250e+00
-9,249292e-01
-1,530217e-01
7,033135e-01
1,179769e+00
1,017121e+00
3,023877e-01
-5,773787e-01
-1,145170e+00
-1,092510e+00
-4,469640e-01
4,420484e-01
1,092459e+00
1,151332e+00
5,859012e-01
-2,979681e-01
-1,020900e+00
-1,190870e+00
-7,150074e-01
1,492311e-01
9,331799e-01
1,211907e+00
8,337873e-01
3,269101e-03
-8,292219e-01
-1,212485e+00
-9,384014e-01
-1,552345e-01
7,123208e-01
1,194062e+00
1,028706e+00
3,056616e-01
-5,829314e-01
-1,155419e+00
-1,101493e+00
-4,503660e-01
4,448576e-01
1,098724e+00
1,157087e+00
5,884070e-01
-2,988833e-01
-1,023472e+00
-1,192989e+00
-7,157766e-01
1,491616e-01
9,325188e-01
1,210163e+00
8,319633e-01
3,350643e-03
-8,259733e-01
-1,206853e+00
-9,333556e-01
-1,543493e-01
7,072538e-01
1,184735e+00
1,019934e+00
3,029070e-01
-5,769450e-01
-1,142775e+00
-1,088633e+00
-4,448286e-01
4,388930e-01
1,083324e+00
1,140067e+00
5,793831e-01
-2,939454e-01
-1,006040e+00
-1,171868e+00
-7,026148e-01
1,462135e-01
9,139180e-01
1,185246e+00
8,143031e-01
3,352871e-03
-8,071396e-01
-1,178605e+00
-9,109191e-01
-1,505986e-01
6,892017e-01
1,153812e+00
9,926951e-01
2,946874e-01
-5,606902e-01
-1,109993e+00
-1,056782e+00
-4,316051e-01
4,254348e-01
1,049607e+00
1,103974e+00
5,607675e-01
-2,842152e-01
-9,724148e-01
-1,132100e+00
-6,784685e-01
1,410410e-01
8,814182e-01
1,142549e+00
7,846206e-01
3,312174e-03
-7,768304e-01
-1,133860e+00
-8,759788e-01
-1,448138e-01
6,621120e-01
1,108024e+00
9,529524e-01
2,828254e-01
-5,377275e-01
-1,064215e+00
-1,012872e+00
-4,135476e-01
4,074255e-01
1,004932e+00
1,056688e+00
5,366232e-01
-2,718229e-01
-9,299052e-01
-1,082372e+00
-6,485345e-01
1,347351e-01
8,421229e-01
1,091417e+00
7,494065e-01
3,208353e-03
-7,416559e-01
-1,082417e+00
-8,361472e-01
-1,382411e-01
6,318632e-01
1,057356e+00
9,093634e-01
2,699086e-01
-5,130448e-01
-1,015407e+00
-9,664625e-01
-3,946230e-01
3,887686e-01
9,590202e-01
1,008515e+00
5,122258e-01
-2,594567e-01
-8,877802e-01
-1,033512e+00
-6,193734e-01
1,286933e-01
8,045656e-01
1,042990e+00
7,163293e-01
3,086560e-03
-7,092667e-01
-1,035455e+00
-8,001370e-01
-1,323267e-01
6,050548e-01
1,012873e+00
8,714130e-01
2,587667e-01
-4,920342e-01
-9,742270e-01
-9,276792e-01
-3,789520e-01
3,735499e-01
9,218916e-01
9,699569e-01
4,928823e-01
-2,497991e-01
-8,552339e-01
-9,961795e-01
-5,973267e-01
1,242180e-01
7,769415e-01
1,007809e+00
6,925941e-01
2,973976e-03
-6,867157e-01
-1,003221e+00
-7,757638e-01
-1,283505e-01
5,875147e-01
9,842229e-01
8,473987e-01
2,518062e-01
-4,792476e-01
-9,496442e-01
-9,049877e-01
-3,699571e-01
3,650313e-01
9,016061e-01
9,494003e-01
4,828458e-01
-2,449548e-01
-8,393435e-01
-9,785102e-01
-5,872625e-01
1,222635e-01
7,652631e-01
9,935553e-01
6,834106e-01
2,910703e-03
-6,789218e-01
-9,927533e-01
-7,683747e-01
-1,272248e-01
5,830792e-01
9,776915e-01
8,425552e-01
2,505984e-01
-4,774651e-01
-9,469979e-01
-9,033256e-01
-3,696066e-01
3,651184e-01
9,026249e-01
9,513713e-01
4,842956e-01
-2,459762e-01
-8,435547e-01
-9,843626e-01
-5,913151e-01
1,232577e-01
7,720826e-01
1,003334e+00
6,907718e-01
2,911000e-03
-6,875785e-01
-1,006317e+00
-7,795764e-01
-1,291837e-01
5,926881e-01
9,946807e-01
8,579479e-01
2,553663e-01
-4,870894e-01
-9,668852e-01
-9,230674e-01
-3,779998e-01
3,737382e-01
9,246801e-01
9,754101e-01
4,969132e-01
-2,526271e-01
-8,669633e-01
-1,012447e+00
-6,086385e-01
1,269779e-01
7,959002e-01
1,035015e+00
7,130996e-01
2,987641e-03
-7,107815e-01
-1,040962e+00
-8,069225e-01
-1,338107e-01
6,142466e-01
1,031485e+00
8,902364e-01
2,651214e-01
-5,060024e-01
-1,004954e+00
-9,599105e-01
-3,933014e-01
3,890366e-01
9,629941e-01
1,016296e+00
5,179828e-01
-2,634576e-01
-9,044656e-01
-1,056651e+00
-6,354698e-01
1,325896e-01
8,315135e-01
1,081691e+00
7,454849e-01
3,129931e-03
-7,434888e-01
-1,089134e+00
-8,444769e-01
-1,400938e-01
6,430671e-01
1,080097e+00
9,323407e-01
2,777194e-01
-5,300614e-01
-1,052909e+00
-1,005816e+00
-4,121844e-01
4,076571e-01
1,009190e+00
1,065106e+00
5,428883e-01
-2,760711e-01
-9,478588e-01
-1,107343e+00
-6,659485e-01
1,388905e-01
8,711586e-01
1,133192e+00
7,809011e-01
3,318858e-03
-7,785259e-01
-1,140320e+00
-8,840430e-01
-1,466741e-01
6,728305e-01
1,129897e+00
9,751395e-01
2,904302e-01
-5,540282e-01
-1,100283e+00
-1,050804e+00
-4,305233e-01
4,255327e-01
1,053205e+00
1,111217e+00
5,662078e-01
-2,877467e-01
-9,877194e-01
-1,153479e+00
-6,934501e-01
1,444732e-01
9,061885e-01
1,178281e+00
8,116418e-01
3,514024e-03
-8,082826e-01
-1,183391e+00
-9,169941e-01
-1,521405e-01
6,970577e-01
1,170037e+00
1,009272e+00
3,004897e-01
-5,726928e-01
-1,136764e+00
-1,085044e+00
-4,443297e-01
4,387492e-01
1,085445e+00
1,144564e+00
5,828866e-01
-2,959221e-01
-1,015325e+00
-1,185007e+00
-7,119485e-01
1,481316e-01
9,289742e-01
1,207141e+00
8,310011e-01
3,673395e-03
-8,262831e-01
-1,208946e+00
-9,361652e-01
-1,552768e-01
7,104623e-01
1,191768e+00
1,027316e+00
3,056925e-01
-5,819421e-01
-1,154387e+00
-1,101107e+00
-4,506213e-01
4,444448e-01
1,098862e+00
1,157890e+00
5,892771e-01
-2,988000e-01
-1,024669e+00
-1,195045e+00
-7,174846e-01
1,490487e-01
9,345263e-01
1,213474e+00
8,347596e-01
3,783454e-03
-8,285641e-01
-1,211404e+00
-9,373821e-01
-1,554395e-01
7,101259e-01
1,190348e+00
1,025327e+00
3,049327e-01
-5,797878e-01
-1,149315e+00
-1,095456e+00
-4,480371e-01
4,413624e-01
1,090541e+00
1,148279e+00
5,839944e-01
-2,957626e-01
-1,013681e+00
-1,181391e+00
-7,087866e-01
1,470273e-01
9,216412e-01
1,195916e+00
8,220980e-01
3,808109e-03
-8,146219e-01
-1,190223e+00
-9,203633e-01
-1,525648e-01
6,960989e-01
1,166095e+00
1,003762e+00
2,983827e-01
-5,666753e-01
-1,122640e+00
-1,069350e+00
-4,370947e-01
4,301750e-01
1,062303e+00
1,117841e+00
5,681983e-01
-2,874369e-01
-9,847965e-01
-1,147033e+00
-6,878204e-01
1,425055e-01
8,931268e-01
1,158257e+00
7,957888e-01
3,773057e-03
-7,875284e-01
-1,150025e+00
-8,888597e-01
-1,473196e-01
6,714538e-01
1,124276e+00
9,673057e-01
2,874575e-01
-5,454660e-01
-1,080189e+00
-1,028467e+00
-4,202542e-01
4,133014e-01
1,020284e+00
1,073208e+00
5,453252e-01
-2,756617e-01
-9,442825e-01
-1,099475e+00
-6,590991e-01
1,364620e-01
8,551904e-01
1,108746e+00
7,615757e-01
3,673395e-03
-7,531525e-01
-1,099590e+00
-8,496978e-01
-1,408314e-01
6,415334e-01
1,074019e+00
9,239205e-01
2,745597e-01
-5,207664e-01
-1,031195e+00
-9,817180e-01
-4,011219e-01
3,944198e-01
9,736541e-01
1,024121e+00
5,203824e-01
-2,630060e-01
-9,009709e-01
-1,049085e+00
-6,288937e-01
1,301924e-01
8,160919e-01
1,058152e+00
7,269200e-01
3,518777e-03
-7,189970e-01
-1,049905e+00
-8,114205e-01
-1,345257e-01
6,128753e-01
1,026277e+00
8,830666e-01
2,624882e-01
-4,979680e-01
-9,863724e-01
-9,393303e-01
-3,839211e-01
3,776381e-01
9,325546e-01
9,812642e-01
4,988063e-01
-2,521864e-01
-8,643104e-01
-1,006839e+00
-6,038363e-01
1,250728e-01
7,843551e-01
1,017521e+00
6,993750e-01
3,399954e-03
-6,924857e-01
-1,011781e+00
-7,824347e-01
-1,297931e-01
5,917219e-01
9,914534e-01
8,536651e-01
2,538987e-01
-4,820332e-01
-9,554389e-01
-9,105098e-01
-3,724206e-01
3,666213e-01
9,059644e-01
9,539977e-01
4,853106e-01
-2,455772e-01
-8,422620e-01
-9,819347e-01
-5,893964e-01
1,222163e-01
7,668982e-01
9,956965e-01
6,849381e-01
3,291529e-03
-6,794257e-01
-9,935390e-01
-7,689908e-01
-1,276463e-01
5,826663e-01
9,771369e-01
8,420862e-01
2,506734e-01
-4,764221e-01
-9,451617e-01
-9,015531e-01
-3,690913e-01
3,637504e-01
8,996641e-01
9,482571e-01
4,828307e-01
-2,446120e-01
-8,396631e-01
-9,798303e-01
-5,886763e-01
1,222231e-01
7,675177e-01
9,974483e-01
6,867910e-01
3,275340e-03
-6,826279e-01
-9,991592e-01
-7,740659e-01
-1,285856e-01
5,876796e-01
9,864573e-01
8,508976e-01
2,535089e-01
-4,823567e-01
-9,577861e-01
-9,144201e-01
-3,746842e-01
3,696470e-01
9,150249e-01
9,652914e-01
4,919270e-01
-2,494777e-01
-8,570450e-01
-1,000949e+00
-6,018744e-01
1,250870e-01
7,860577e-01
1,022368e+00
7,045152e-01
3,341286e-03
-7,013919e-01
-1,027408e+00
-7,965482e-01
-1,324059e-01
6,056569e-01
1,017349e+00
8,781622e-01
2,618214e-01
-4,985231e-01
-9,905560e-01
-9,463107e-01
-3,879750e-01
3,830100e-01
9,486950e-01
1,001402e+00
5,106231e-01
-2,591133e-01
-8,906330e-01
-1,040732e+00
-6,260993e-01
1,301887e-01
8,185077e-01
1,065052e+00
7,342451e-01
3,490854e-03
-7,316235e-01
-1,072131e+00
-8,315480e-01
-1,382711e-01
6,326829e-01
1,063122e+00
9,179558e-01
2,737594e-01
-5,214096e-01
-1,036296e+00
-9,902660e-01
-4,061017e-01
4,009338e-01
9,933375e-01
1,048721e+00
5,348395e-01
-2,714077e-01
-9,330850e-01
-1,090474e+00
-6,561054e-01
1,363817e-01
8,577553e-01
1,116196e+00
7,695417e-01
3,675920e-03
-7,667489e-01
-1,123578e+00
-8,714162e-01
-1,449488e-01
6,628569e-01
1,113768e+00
9,616076e-01
2,867621e-01
-5,459944e-01
-1,085070e+00
-1,036713e+00
-4,251018e-01
4,195044e-01
1,039203e+00
1,096924e+00
5,593164e-01
-2,837042e-01
-9,751603e-01
-1,139358e+00
-6,853146e-01
1,423274e-01
8,952510e-01
1,164628e+00
8,026872e-01
3,890840e-03
-7,990695e-01
-1,170537e+00
-9,075076e-01
-1,509529e-01
6,895961e-01
1,158248e+00
9,995923e-01
2,980042e-01
-5,669339e-01
-1,126231e+00
-1,075540e+00
-4,408547e-01
4,346528e-01
1,076299e+00
1,135502e+00
5,787189e-01
-2,932712e-01
-1,007669e+00
-1,176696e+00
-7,074389e-01
1,467345e-01
9,228131e-01
1,199823e+00
8,264432e-01
4,082292e-03
-8,215601e-01
-1,202759e+00
-9,319335e-01
-1,549909e-01
7,070572e-01
1,186877e+00
1,023634e+00
3,050361e-01
-5,796645e-01
-1,150801e+00
-1,098262e+00
-4,499216e-01
4,430734e-01
1,096546e+00
1,156066e+00
5,888315e-01
-2,980330e-01
-1,023523e+00
-1,194385e+00
-7,175905e-01
1,486119e-01
9,344416e-01
1,214083e+00
8,356782e-01
4,221908e-03
-8,292978e-01
-1,213229e+00
-9,393784e-01
-1,562007e-01
7,114494e-01
1,193395e+00
1,028503e+00
3,063164e-01
-5,813876e-01
-1,153417e+00
-1,099943e+00
-4,503128e-01
4,429445e-01
1,095505e+00
1,154126e+00
5,874281e-01
-2,969538e-01
-1,019290e+00
-1,188561e+00
-7,135573e-01
1,475444e-01
9,275906e-01
1,204308e+00
8,283719e-01
4,273596e-03
-8,206142e-01
-1,199670e+00
-9,281990e-01
-1,542959e-01
7,017939e-01
1,176392e+00
1,013148e+00
3,015775e-01
-5,717190e-01
-1,133528e+00
-1,080235e+00
-4,419718e-01
4,342733e-01
1,073422e+00
1,130096e+00
5,748519e-01
-2,902711e-01
-9,958492e-01
-1,160481e+00
-6,962656e-01
1,437895e-01
9,037529e-01
1,172632e+00
8,060941e-01
4,259040e-03
-7,973735e-01
-1,165022e+00
-9,008788e-01
-1,497190e-01
6,802043e-01
1,139578e+00
9,808939e-01
2,918802e-01
-5,527776e-01
-1,095445e+00
-1,043413e+00
-4,267336e-01
4,189437e-01
1,035097e+00
1,089226e+00
5,538226e-01
-2,794131e-01
-9,583327e-01
-1,116271e+00
-6,694889e-01
1,381340e-01
8,681165e-01
1,125952e+00
7,737263e-01
4,131158e-03
-7,646443e-01
-1,116849e+00
-8,633548e-01
-1,434684e-01
6,513623e-01
1,090968e+00
9,387923e-01
2,793164e-01
-5,286741e-01
-1,047470e+00
-9,974943e-01
-4,078736e-01
4,002965e-01
9,888780e-01
1,040430e+00
5,289458e-01
-2,667487e-01
-9,148939e-01
-1,065579e+00
-6,390264e-01
1,318002e-01
8,284535e-01
1,074464e+00
7,383229e-01
3,974312e-03
-7,295669e-01
-1,065655e+00
-8,237835e-01
-1,369375e-01
6,215609e-01
1,041148e+00
8,960244e-01
2,666272e-01
-5,046716e-01
-1,000091e+00
-9,525254e-01
-3,895708e-01
3,823821e-01
9,448445e-01
9,943424e-01
5,056489e-01
-2,550336e-01
-8,750348e-01
-1,019446e+00
-6,115437e-01
1,261790e-01
7,933944e-01
1,029373e+00
7,076180e-01
3,824596e-03
-6,997779e-01
-1,022577e+00
-7,908519e-01
-1,315097e-01
5,972996e-01
1,001004e+00
8,619176e-01
2,566322e-01
-4,859836e-01
-9,635882e-01
-9,183082e-01
-3,757849e-01
3,691072e-01
9,125960e-01
9,609930e-01
4,890203e-01
-2,468268e-01
-8,473986e-01
-9,879475e-01
-5,930814e-01
1,224967e-01
7,705714e-01
1,000510e+00
6,882844e-01
3,707110e-03
-6,817655e-01
-9,970260e-01
-7,717124e-01
-1,283941e-01
5,838493e-01
9,792485e-01
8,438929e-01
2,514546e-01
-4,766772e-01
-9,459459e-01
-9,022660e-01
-3,695298e-01
3,633531e-01
8,991475e-01
9,477016e-01
4,826588e-01
-2,438840e-01
-8,380335e-01
-9,779146e-01
-5,875841e-01
1,215084e-01
7,649820e-01
9,941772e-01
6,845768e-01
3,660918e-03
-6,794318e-01
-9,945717e-01
-7,705108e-01
-1,282963e-01
5,841400e-01
9,806633e-01
8,459149e-01
2,522641e-01
-4,787748e-01
-9,509987e-01
-9,079248e-01
-3,721846e-01
3,663804e-01
9,074397e-01
9,573124e-01
4,880125e-01
-2,468607e-01
-8,489708e-01
-9,915686e-01
-5,963212e-01
1,234605e-01
7,778217e-01
1,011749e+00
6,972748e-01
3,696268e-03
-6,933093e-01
-1,015720e+00
-7,875705e-01
-1,312322e-01
5,980957e-01
1,004894e+00
8,675072e-01
2,588931e-01
-4,918135e-01
-9,776328e-01
-9,340727e-01
-3,831820e-01
3,775013e-01
9,356474e-01
9,877693e-01
5,038762e-01
-2,550911e-01
-8,778162e-01
-1,025933e+00
-6,173806e-01
1,278905e-01
8,062761e-01
1,049387e+00
7,236321e-01
3,830686e-03
-7,203498e-01
-1,055904e+00
-8,191512e-01
-1,365757e-01
6,226775e-01
1,046694e+00
9,040045e-01
2,699021e-01
-5,129517e-01
-1,020053e+00
-9,749824e-01
-4,001236e-01
3,942905e-01
9,776333e-01
1,032416e+00
5,268143e-01
-2,667747e-01
-9,182671e-01
-1,073494e+00
-6,461608e-01
1,338417e-01
8,441579e-01
1,098899e+00
7,579148e-01
4,041595e-03
-7,546516e-01
-1,106329e+00
-8,583591e-01
-1,431595e-01
6,525092e-01
1,096928e+00
9,474294e-01
2,828900e-01
-5,375580e-01
-1,069003e+00
-1,021746e+00
-4,193329e-01
4,130871e-01
1,024220e+00
1,081538e+00
5,518396e-01
-2,793507e-01
-9,615336e-01
-1,123911e+00
-6,764132e-01
1,400273e-01
8,831959e-01
1,149495e+00
7,926475e-01
4,259783e-03
-7,887587e-01
-1,156022e+00
-8,966806e-01
-1,495485e-01
6,810916e-01
1,144663e+00
9,883387e-01
2,950482e-01
-5,602776e-01
-1,113816e+00
-1,064203e+00
-4,366102e-01
4,297796e-01
1,065267e+00
1,124421e+00
5,734975e-01
-2,900905e-01
-9,981509e-01
-1,166184e+00
-7,015451e-01
1,450453e-01
9,148685e-01
1,190135e+00
8,202593e-01
4,493269e-03
-8,151884e-01
-1,194132e+00
-9,257525e-01
-1,543845e-01
7,021823e-01
1,179461e+00
1,017800e+00
3,037200e-01
-5,761504e-01
-1,144713e+00
-1,093052e+00
-4,482277e-01
4,407369e-01
1,091833e+00
1,151719e+00
5,870684e-01
-2,966198e-01
-1,020155e+00
-1,191080e+00
-7,161010e-01
1,478492e-01
9,322834e-01
1,211970e+00
8,347479e-01
4,651451e-03
-8,282002e-01
-1,212371e+00
-9,392291e-01
-1,565966e-01
7,111847e-01
1,193771e+00
1,029415e+00
3,070014e-01
-5,817001e-01
-1,154976e+00
-1,102034e+00
-4,516135e-01
4,435342e-01
1,098100e+00
1,157487e+00
5,895953e-01
-2,975331e-01
-1,022715e+00
-1,193212e+00
-7,168486e-01
1,477570e-01
9,316230e-01
1,210228e+00
8,329476e-01
4,744727e-03
-8,249527e-01
-1,206759e+00
-9,341886e-01
-1,557172e-01
7,061247e-01
1,184455e+00
1,020645e+00
3,042292e-01
-5,757137e-01
-1,142331e+00
-1,089192e+00
-4,460774e-01
4,375972e-01
1,082718e+00
1,140456e+00
5,805559e-01
-2,926123e-01
-1,005301e+00
-1,172101e+00
-7,036842e-01
1,448522e-01
9,130450e-01
1,185302e+00
8,152600e-01
4,720963e-03
-8,061466e-01
-1,178496e+00
-9,117394e-01
-1,519403e-01
6,881075e-01
1,153537e+00
9,933897e-01
2,959914e-01
-5,595121e-01
-1,109542e+00
-1,057326e+00
-4,328076e-01
4,241969e-01
1,049034e+00
1,104363e+00
5,618975e-01
-2,829231e-01
-9,717029e-01
-1,132327e+00
-6,795030e-01
1,397322e-01
8,805763e-01
1,142620e+00
7,855401e-01
4,621003e-03
-7,758883e-01
-1,133772e+00
-8,767535e-01
-1,460985e-01
6,610527e-01
1,107768e+00
9,536174e-01
2,840540e-01
-5,365890e-01
-1,063805e+00
-1,013379e+00
-4,147019e-01
4,062265e-01
1,004384e+00
1,057059e+00
5,377064e-01
-2,705916e-01
-9,292291e-01
-1,082586e+00
-6,495055e-01
1,334793e-01
8,413063e-01
1,091485e+00
7,502735e-01
4,454949e-03
-7,407524e-01
-1,082324e+00
-8,368914e-01
-1,394570e-01
6,308574e-01
1,057122e+00
9,099812e-01
2,710741e-01
-5,119635e-01
-1,015025e+00
-9,669313e-01
-3,957276e-01
3,876264e-01
9,584912e-01
1,008859e+00
5,132550e-01
-2,582716e-01
-8,871362e-01
-1,033737e+00
-6,203057e-01
1,274970e-01
8,037908e-01
1,043041e+00
7,171614e-01
4,278349e-03
-7,083886e-01
-1,035369e+00
-8,008297e-01
-1,335031e-01
6,040766e-01
1,012631e+00
8,720158e-01
2,598739e-01
-4,909859e-01
-9,738467e-01
-9,281332e-01
-3,800181e-01
3,724310e-01
9,213771e-01
9,702850e-01
4,939049e-01
-2,486593e-01
-8,545943e-01
-9,963801e-01
-5,982552e-01
1,230743e-01
7,761934e-01
1,007860e+00
6,934113e-01
4,138584e-03
-6,858806e-01
-1,003123e+00
-7,764579e-01
-1,294829e-01
5,865708e-01
9,839909e-01
8,479894e-01
2,529072e-01
-4,782204e-01
-9,492546e-01
-9,054375e-01
-3,710032e-01
3,639649e-01
9,011065e-01
9,497232e-01
4,838341e-01
-2,438421e-01
-8,387011e-01
-9,786927e-01
-5,881410e-01
1,211475e-01
7,645262e-01
9,935953e-01
6,842162e-01
4,062389e-03
-6,780903e-01
-9,926440e-01
-7,690508e-01
-1,283540e-01
5,821421e-01
9,774524e-01
8,431384e-01
2,516828e-01
-4,764518e-01
-9,466125e-01
-9,037633e-01
-3,706533e-01
3,640383e-01
9,021194e-01
9,516804e-01
4,852714e-01
-2,448530e-01
-8,429105e-01
-9,845468e-01
-5,921871e-01
1,221034e-01
7,713316e-01
1,003365e+00
6,915804e-01
4,066845e-03
-6,867219e-01
-1,006204e+00
-7,802338e-01
-1,303341e-01
5,917335e-01
9,944351e-01
8,585415e-01
2,564692e-01
-4,860453e-01
-9,664889e-01
-9,235002e-01
-3,790635e-01
3,726351e-01
9,241607e-01
9,757342e-01
4,979138e-01
-2,514732e-01
-8,663061e-01
-1,012626e+00
-6,095335e-01
1,257971e-01
7,951233e-01
1,035041e+00
7,139194e-01
4,195322e-03
-7,099050e-01
-1,040830e+00
-8,076210e-01
-1,349750e-01
6,132540e-01
1,031233e+00
8,908246e-01
2,662742e-01
-5,049217e-01
-1,004529e+00
-9,603589e-01
-3,943999e-01
3,878972e-01
9,624441e-01
1,016630e+00
5,190118e-01
-2,622500e-01
-9,037837e-01
-1,056837e+00
-6,363950e-01
1,313687e-01
8,306980e-01
1,081721e+00
7,463403e-01
4,382022e-03
-7,425605e-01
-1,089014e+00
-8,451953e-01
-1,413302e-01
6,420188e-01
1,079816e+00
9,329736e-01
2,789127e-01
-5,289265e-01
-1,052463e+00
-1,006307e+00
-4,133257e-01
4,064454e-01
1,008624e+00
1,065440e+00
5,439621e-01
-2,748099e-01
-9,471558e-01
-1,107558e+00
-6,669221e-01
1,375954e-01
8,703093e-01
1,133209e+00
7,818082e-01
4,615211e-03
-7,775637e-01
-1,140210e+00
-8,847982e-01
-1,479685e-01
6,717327e-01
1,129618e+00
9,757918e-01
2,916837e-01
-5,528561e-01
-1,099834e+00
-1,051321e+00
-4,317262e-01
4,242722e-01
1,052615e+00
1,111572e+00
5,673388e-01
-2,864321e-01
-9,869709e-01
-1,153704e+00
-6,944655e-01
1,431352e-01
9,053091e-01
1,178323e+00
8,125859e-01
4,863401e-03
-8,072932e-01
-1,183269e+00
-9,177973e-01
-1,534868e-01
6,959308e-01
1,169757e+00
1,009959e+00
3,017899e-01
-5,714958e-01
-1,136290e+00
-1,085592e+00
-4,455904e-01
4,374772e-01
1,084830e+00
1,144932e+00
5,840546e-01
-2,945662e-01
-1,014578e+00
-1,185217e+00
-7,130388e-01
1,467592e-01
9,280750e-01
1,207183e+00
8,319705e-01
5,080549e-03
-8,252569e-01
-1,208816e+00
-9,370134e-01
-1,566351e-01
7,093215e-01
1,191491e+00
1,028010e+00
3,070193e-01
-5,807100e-01
-1,153931e+00
-1,101655e+00
-4,519077e-01
4,431450e-01
1,098254e+00
1,158278e+00
5,904564e-01
-2,974367e-01
-1,023901e+00
-1,195261e+00
-7,185675e-01
1,476548e-01
9,336181e-01
1,213519e+00
8,357402e-01
5,173973e-03
-8,275299e-01
-1,211272e+00
-9,382198e-01
-1,568124e-01
7,089764e-01
1,190074e+00
1,026036e+00
3,062616e-01
-5,785611e-01
-1,148859e+00
-1,096004e+00
-4,493083e-01
4,400698e-01
1,089944e+00
1,148663e+00
5,851693e-01
-2,944033e-01
-1,012933e+00
-1,181612e+00
-7,098710e-01
1,456614e-01
9,207549e-01
1,195955e+00
8,230740e-01
5,190163e-03
-8,136224e-01
-1,190114e+00
-9,212004e-01
-1,539263e-01
6,949916e-01
1,165827e+00
1,004461e+00
2,996780e-01
-5,654766e-01
-1,122220e+00
-1,069892e+00
-4,383505e-01
4,289104e-01
1,061718e+00
1,118229e+00
5,693456e-01
-2,861334e-01
-9,840702e-01
-1,147264e+00
-6,888580e-01
1,411931e-01
8,922740e-01
1,158323e+00
7,967499e-01
5,111591e-03
-7,865612e-01
-1,149920e+00
-8,896590e-01
-1,486174e-01
6,703825e-01
1,124027e+00
9,679903e-01
2,887144e-01
-5,443189e-01
-1,079780e+00
-1,028991e+00
-4,214492e-01
4,120893e-01
1,019727e+00
1,073585e+00
5,464232e-01
-2,744211e-01
-9,435917e-01
-1,099717e+00
-6,600770e-01
1,351776e-01
8,543703e-01
1,108813e+00
7,624923e-01
4,923703e-03
-7,522267e-01
-1,099515e+00
-8,504572e-01
-1,420788e-01
6,405139e-01
1,073780e+00
9,245739e-01
2,757468e-01
-5,196664e-01
-1,030813e+00
-9,822365e-01
-4,022631e-01
3,932600e-01
9,731182e-01
1,024478e+00
5,214331e-01
-2,618044e-01
-9,003159e-01
-1,049316e+00
-6,298642e-01
1,289750e-01
8,153151e-01
1,058210e+00
7,277805e-01
4,732251e-03
-7,181044e-01
-1,049816e+00
-8,121553e-01
-1,357188e-01
6,119015e-01
1,026050e+00
8,836908e-01
2,636322e-01
-4,969236e-01
-9,859797e-01
-9,398126e-01
-3,850103e-01
3,765272e-01
9,320437e-01
9,816078e-01
4,998166e-01
-2,510359e-01
-8,636634e-01
-1,007035e+00
-6,047690e-01
1,239270e-01
7,836181e-01
1,017573e+00
7,001917e-01
4,569613e-03
-6,916523e-01
-1,011692e+00
-7,831243e-01
-1,309117e-01
5,907716e-01
9,912227e-01
8,542419e-01
2,550049e-01
-4,810075e-01
-9,550763e-01
-9,109617e-01
-3,734490e-01
3,655265e-01
9,054714e-01
9,543221e-01
4,862839e-01
-2,444578e-01
-8,416408e-01
-9,821312e-01
-5,902650e-01
1,210765e-01
7,661602e-01
9,957423e-01
6,857428e-01
4,453909e-03
-6,785839e-01
-9,934573e-01
-7,696645e-01
-1,287579e-01
5,817286e-01
9,769027e-01
8,426632e-01
2,517578e-01
-4,754068e-01
-9,447994e-01
-9,020114e-01
-3,701064e-01
3,626631e-01
8,991585e-01
9,485548e-01
4,837989e-01
-2,434851e-01
-8,390372e-01
-9,800201e-01
-5,895363e-01
1,210861e-01
7,667724e-01
9,974811e-01
6,875802e-01
4,430739e-03
-6,817813e-01
-9,990625e-01
-7,747430e-01
-1,297077e-01
5,867250e-01
9,862118e-01
8,514767e-01
2,546112e-01
-4,813191e-01
-9,574045e-01
-9,148717e-01
-3,757069e-01
3,685436e-01
9,145168e-01
9,656067e-01
4,929105e-01
-2,483220e-01
-8,563948e-01
-1,001142e+00
-6,027465e-01
1,239239e-01
7,853025e-01
1,022410e+00
7,053218e-01
4,532183e-03
-7,005319e-01
-1,027286e+00
-7,972545e-01
-1,335478e-01
6,046819e-01
1,017104e+00
8,787725e-01
2,629406e-01
-4,974654e-01
-9,901484e-01
-9,467671e-01
-3,890629e-01
3,818757e-01
9,481673e-01
1,001727e+00
5,116311e-01
-2,579315e-01
-8,899498e-01
-1,040922e+00
-6,270276e-01
1,289651e-01
8,176979e-01
1,065086e+00
7,351038e-01
4,705219e-03
-7,307227e-01
-1,072020e+00
-8,322582e-01
-1,394984e-01
6,316586e-01
1,062849e+00
9,185857e-01
2,749411e-01
-5,202862e-01
-1,035878e+00
-9,907508e-01
-4,072316e-01
3,997428e-01
9,927729e-01
1,049050e+00
5,358963e-01
-2,701756e-01
-9,323902e-01
-1,090678e+00
-6,570778e-01
1,351127e-01
8,569167e-01
1,116227e+00
7,704305e-01
4,971975e-03
-7,657958e-01
-1,123468e+00
-8,721827e-01
-1,462261e-01
6,617769e-01
1,113476e+00
9,622550e-01
2,880041e-01
-5,448410e-01
-1,084637e+00
-1,037226e+00
-4,262954e-01
4,182608e-01
1,038624e+00
1,097285e+00
5,604363e-01
-2,824097e-01
-9,744251e-01
-1,139562e+00
-6,863586e-01
1,410034e-01
8,943734e-01
1,164677e+00
8,036151e-01
5,231008e-03
-7,980756e-01
-1,170418e+00
-9,083004e-01
-1,522792e-01
6,884883e-01
1,157959e+00
1,000285e+00
2,993038e-01
-5,657466e-01
-1,125772e+00
-1,076063e+00
-4,420848e-01
4,333677e-01
1,075701e+00
1,135889e+00
5,798774e-01
-2,919318e-01
-1,006915e+00
-1,176916e+00
-7,084937e-01
1,453733e-01
9,219130e-01
1,199862e+00
8,274204e-01
5,467910e-03
-8,205394e-01
-1,202646e+00
-9,327520e-01
-1,563481e-01
7,059255e-01
1,186575e+00
1,024351e+00
3,063507e-01
-5,784350e-01
-1,150331e+00
-1,098811e+00
-4,511687e-01
4,417757e-01
1,095945e+00
1,156468e+00
5,900073e-01
-2,966807e-01
-1,022771e+00
-1,194621e+00
-7,186545e-01
1,472248e-01
9,335384e-01
1,214131e+00
8,366707e-01
5,613913e-03
-8,282820e-01
-1,213129e+00
-9,401995e-01
-1,575625e-01
7,102998e-01
1,193118e+00
1,029233e+00
3,076406e-01
-5,801588e-01
-1,152970e+00
-1,100512e+00
-4,515874e-01
4,416378e-01
1,094904e+00
1,154525e+00
5,886163e-01
-2,956122e-01
-1,018537e+00
-1,188798e+00
-7,146548e-01
1,461836e-01
9,267016e-01
1,204363e+00
8,293563e-01
5,656095e-03
-8,196086e-01
-1,199565e+00
-9,290331e-01
-1,556459e-01
7,006688e-01
1,176125e+00
1,013858e+00
3,028877e-01
-5,705105e-01
-1,133087e+00
-1,080784e+00
-4,432177e-01
4,329915e-01
1,072849e+00
1,130492e+00
5,760100e-01
-2,889541e-01
-9,951196e-01
-1,160702e+00
-6,973448e-01
1,424759e-01
9,028830e-01
1,172693e+00
8,070508e-01
5,599506e-03
-7,963987e-01
-1,164947e+00
-9,016874e-01
-1,510258e-01
6,791082e-01
1,139320e+00
9,816008e-01
2,931377e-01
-5,516184e-01
-1,095023e+00
-1,043943e+00
-4,279173e-01
4,177106e-01
1,034539e+00
1,089621e+00
5,549493e-01
-2,781396e-01
-9,576291e-01
-1,116511e+00
-6,705060e-01
1,368470e-01
8,672874e-01
1,126020e+00
7,746625e-01
5,419193e-03
-7,637096e-01
-1,116769e+00
-8,641163e-01
-1,447215e-01
6,503162e-01
1,090720e+00
9,394730e-01
2,805201e-01
-5,275663e-01
-1,047086e+00
-9,980192e-01
-4,090249e-01
3,991103e-01
9,883583e-01
1,040804e+00
5,300173e-01
-2,655369e-01
-9,142274e-01
-1,065797e+00
-6,400023e-01
1,305925e-01
8,276634e-01
1,074514e+00
7,392114e-01
5,203381e-03
-7,286727e-01
-1,065561e+00
-8,245361e-01
-1,381076e-01
6,205614e-01
1,040924e+00
8,966705e-01
2,677886e-01
-5,036054e-01
-9,997007e-01
-9,530183e-01
-3,906506e-01
3,812525e-01
9,443519e-01
9,946972e-01
5,066776e-01
-2,538788e-01
-8,743909e-01
-1,019667e+00
-6,124861e-01
1,250224e-01
7,926423e-01
1,029429e+00
7,084548e-01
5,004948e-03
-6,989202e-01
-1,022507e+00
-7,915641e-01
-1,326367e-01
5,963387e-01
1,000777e+00
8,625256e-01
2,577396e-01
-4,849597e-01
-9,632247e-01
-9,187589e-01
-3,768314e-01
3,680289e-01
9,121075e-01
9,613450e-01
4,899997e-01
-2,456980e-01
-8,467761e-01
-9,881313e-01
-5,939754e-01
1,213533e-01
7,698426e-01
1,000550e+00
6,891016e-01
4,851667e-03
-6,809149e-01
-9,969401e-01
-7,723908e-01
-1,295023e-01
5,829085e-01
9,790324e-01
8,444923e-01
2,525368e-01
-4,756700e-01
-9,455628e-01
-9,027175e-01
-3,705548e-01
3,622839e-01
8,986580e-01
9,480227e-01
4,836348e-01
-2,427791e-01
-8,374147e-01
-9,781200e-01
-5,884758e-01
1,203910e-01
7,642378e-01
9,942190e-01
6,853737e-01
4,797603e-03
-6,785909e-01
-9,944691e-01
-7,712092e-01
-1,294116e-01
5,831870e-01
9,804332e-01
8,464970e-01
2,533555e-01
-4,777608e-01
-9,506143e-01
-9,083953e-01
-3,732108e-01
3,652948e-01
9,069377e-01
9,576402e-01
4,889851e-01
-2,457359e-01
-8,483266e-01
-9,917694e-01
-5,972262e-01
1,223256e-01
7,770629e-01
1,011784e+00
6,980904e-01
4,871718e-03
-6,924368e-01
-1,015619e+00
-7,882773e-01
-1,323561e-01
5,971274e-01
1,004659e+00
8,681098e-01
2,600194e-01
-4,907924e-01
-9,772213e-01
-9,345236e-01
-3,842405e-01
3,763881e-01
9,351209e-01
9,880995e-01
5,048875e-01
-2,539256e-01
-8,771516e-01
-1,026124e+00
-6,183157e-01
1,267355e-01
8,054881e-01
1,049423e+00
7,244768e-01
5,043565e-03
-7,194465e-01
-1,055802e+00
-8,198848e-01
-1,377417e-01
6,216677e-01
1,046438e+00
9,046246e-01
2,710811e-01
-5,118725e-01
-1,019639e+00
-9,754591e-01
-4,012356e-01
3,931367e-01
9,770668e-01
1,032770e+00
5,278690e-01
-2,655684e-01
-9,175751e-01
-1,073701e+00
-6,471517e-01
1,326177e-01
8,433355e-01
1,098933e+00
7,587920e-01
5,290716e-03
-7,537058e-01
-1,106228e+00
-8,591329e-01
-1,443815e-01
6,514472e-01
1,096655e+00
9,480813e-01
2,841165e-01
-5,364233e-01
-1,068585e+00
-1,022266e+00
-4,204854e-01
4,118546e-01
1,023642e+00
1,081900e+00
5,529455e-01
-2,780908e-01
-9,608000e-01
-1,124119e+00
-6,774555e-01
1,387311e-01
8,823299e-01
1,149530e+00
7,935679e-01
5,586732e-03
-7,877628e-01
-1,155905e+00
-8,974919e-01
-1,508427e-01
6,799908e-01
1,144378e+00
9,890145e-01
2,963244e-01
-5,590982e-01
-1,113379e+00
-1,064725e+00
-4,378114e-01
4,285167e-01
1,064680e+00
1,124803e+00
5,746482e-01
-2,887794e-01
-9,974089e-01
-1,166386e+00
-7,026226e-01
1,437237e-01
9,139792e-01
1,190179e+00
8,212256e-01
5,852152e-03
-8,141721e-01
-1,194029e+00
-9,265897e-01
-1,557120e-01
7,010476e-01
1,179173e+00
1,018512e+00
3,050299e-01
-5,749307e-01
-1,144274e+00
-1,093596e+00
-4,494695e-01
4,394418e-01
1,091223e+00
1,152120e+00
5,882554e-01
-2,952679e-01
-1,019384e+00
-1,191326e+00
-7,171749e-01
1,464770e-01
9,313826e-01
1,212022e+00
8,357243e-01
6,037515e-03
-8,271688e-01
-1,212265e+00
-9,400878e-01
-1,579389e-01
7,100441e-01
1,193489e+00
1,030132e+00
3,083407e-01
-5,804745e-01
-1,154525e+00
-1,102602e+00
-4,528796e-01
4,422395e-01
1,097498e+00
1,157892e+00
5,907902e-01
-2,961877e-01
-1,021968e+00
-1,193459e+00
-7,179489e-01
1,463997e-01
9,307313e-01
1,210292e+00
8,339256e-01
6,110145e-03
-8,239344e-01
-1,206654e+00
-9,350568e-01
-1,570510e-01
7,050000e-01
1,184175e+00
1,021357e+00
3,055488e-01
-5,745035e-01
-1,141898e+00
-1,089762e+00
-4,473194e-01
4,363159e-01
1,082124e+00
1,140868e+00
5,817234e-01
-2,912844e-01
-1,004564e+00
-1,172337e+00
-7,047707e-01
1,435199e-01
9,121705e-01
1,185369e+00
8,162203e-01
6,061576e-03
-8,051620e-01
-1,178404e+00
-9,125872e-01
-1,532463e-01
6,870140e-01
1,153284e+00
9,940902e-01
2,972614e-01
-5,583428e-01
-1,109153e+00
-1,057861e+00
-4,340146e-01
4,229613e-01
1,048467e+00
1,104759e+00
5,630374e-01
-2,816608e-01
-9,709847e-01
-1,132560e+00
-6,805421e-01
1,384363e-01
8,797562e-01
1,142683e+00
7,864821e-01
5,908890e-03
-7,749343e-01
-1,133690e+00
-8,775796e-01
-1,473430e-01
6,600068e-01
1,107516e+00
9,542834e-01
2,852887e-01
-5,354816e-01
-1,063407e+00
-1,013904e+00
-4,158615e-01
4,050440e-01
1,003841e+00
1,057439e+00
5,387879e-01
-2,693725e-01
-9,285440e-01
-1,082828e+00
-6,505166e-01
1,322663e-01
8,405128e-01
1,091548e+00
7,511685e-01
5,695009e-03
-7,398423e-01
-1,082248e+00
-8,376859e-01
-1,406394e-01
6,298538e-01
1,056877e+00
9,106317e-01
2,722474e-01
-5,109032e-01
-1,014643e+00
-9,674412e-01
-3,968279e-01
3,865005e-01
9,579726e-01
1,009221e+00
5,142980e-01
-2,571152e-01
-8,864779e-01
-1,033943e+00
-6,212573e-01
1,263363e-01
8,030324e-01
1,043108e+00
7,180117e-01
5,460929e-03
-7,075207e-01
-1,035292e+00
-8,015828e-01
-1,346258e-01
6,031306e-01
1,012399e+00
8,726332e-01
2,610068e-01
-4,899458e-01
-9,734963e-01
-9,286201e-01
-3,810778e-01
3,713580e-01
9,208736e-01
9,706295e-01
4,948888e-01
-2,475426e-01
-8,539713e-01
-9,965859e-01
-5,991672e-01
1,219516e-01
7,754442e-01
1,007924e+00
6,942285e-01
5,269922e-03
-6,850321e-01
-1,003048e+00
-7,771594e-01
-1,305941e-01
5,856317e-01
9,837535e-01
8,485867e-01
2,539921e-01
-4,772236e-01
-9,489138e-01
-9,058842e-01
-3,720271e-01
3,629080e-01
9,006139e-01
9,500592e-01
4,848040e-01
-2,427534e-01
-8,380813e-01
-9,788947e-01
-5,890395e-01
1,200394e-01
7,637837e-01
9,936617e-01
6,850137e-01
5,182588e-03
-6,772406e-01
-9,925571e-01
-7,697455e-01
-1,294344e-01
5,812020e-01
9,772223e-01
8,437258e-01
2,527709e-01
-4,754519e-01
-9,462551e-01
-9,042184e-01
-3,716757e-01
3,629730e-01
9,016178e-01
9,520222e-01
4,862529e-01
-2,437541e-01
-8,422855e-01
-9,847252e-01
-5,930922e-01
1,210135e-01
7,705902e-01
1,003424e+00
6,923850e-01
5,207243e-03
-6,858612e-01
-1,006105e+00
-7,809497e-01
-1,314214e-01
5,907793e-01
9,941943e-01
8,591391e-01
2,575884e-01
-4,850201e-01
-9,661054e-01
-9,239630e-01
-3,801121e-01
3,715517e-01
9,236474e-01
9,760715e-01
4,989116e-01
-2,503575e-01
-8,656567e-01
-1,012810e+00
-6,104703e-01
1,246601e-01
7,943514e-01
1,035096e+00
7,147414e-01
5,349087e-03
-7,090067e-01
-1,040738e+00
-8,083513e-01
-1,361371e-01
6,122814e-01
1,030973e+00
8,914413e-01
2,674065e-01
-5,038591e-01
-1,004140e+00
-9,608388e-01
-3,954919e-01
3,867533e-01
9,619043e-01
1,016966e+00
5,200502e-01
-2,610803e-01
-9,030923e-01
-1,057031e+00
-6,373684e-01
1,301625e-01
8,298913e-01
1,081767e+00
7,472080e-01
5,596090e-03
-7,416263e-01
-1,088893e+00
-8,459715e-01
-1,425355e-01
6,409934e-01
1,079547e+00
9,336173e-01
2,801148e-01
-5,278204e-01
-1,052053e+00
-1,006806e+00
-4,144821e-01
4,052624e-01
1,008052e+00
1,065814e+00
5,450563e-01
-2,735816e-01
-9,464393e-01
-1,107748e+00
-6,679374e-01
1,363432e-01
8,694603e-01
1,133263e+00
7,827170e-01
5,897304e-03
-7,765917e-01
-1,140087e+00
-8,856052e-01
-1,492334e-01
6,706485e-01
1,129332e+00
9,764607e-01
2,929344e-01
-5,516998e-01
-1,099396e+00
-1,051839e+00
-4,329244e-01
4,230376e-01
1,052018e+00
1,111952e+00
5,684979e-01
-2,851600e-01
-9,862387e-01
-1,153903e+00
-6,955347e-01
1,418116e-01
9,044286e-01
1,178373e+00
8,135330e-01
6,197331e-03
-8,062801e-01
-1,183154e+00
-9,186433e-01
-1,547733e-01
6,948285e-01
1,169471e+00
1,010645e+00
3,030894e-01
-5,702773e-01
-1,135875e+00
-1,086135e+00
-4,468250e-01
4,362043e-01
1,084220e+00
1,145336e+00
5,852438e-01
-2,932439e-01
-1,013797e+00
-1,185441e+00
-7,141124e-01
1,454140e-01
9,271715e-01
1,207254e+00
8,329514e-01
6,440026e-03
-8,242313e-01
-1,208718e+00
-9,378686e-01
-1,579771e-01
7,081897e-01
1,191201e+00
1,028737e+00
3,083541e-01
-5,794897e-01
-1,153484e+00
-1,102218e+00
-4,531733e-01
4,418695e-01
1,097647e+00
1,158683e+00
5,916573e-01
-2,960984e-01
-1,023143e+00
-1,195489e+00
-7,196693e-01
1,463106e-01
9,327276e-01
1,213604e+00
8,367291e-01
6,550085e-03
-8,265087e-01
-1,211176e+00
-9,391029e-01
-1,581538e-01
7,078605e-01
1,189799e+00
1,026760e+00
3,075883e-01
-5,773474e-01
-1,148430e+00
-1,096586e+00
-4,505573e-01
4,388059e-01
1,089354e+00
1,149080e+00
5,863649e-01
-2,930882e-01
-1,012192e+00
-1,181854e+00
-7,109660e-01
1,443321e-01
9,198768e-01
1,196041e+00
8,240415e-01
6,536866e-03
-8,126069e-01
-1,190012e+00
-9,220673e-01
-1,552348e-01
6,939008e-01
1,165559e+00
1,005170e+00
3,009831e-01
-5,642925e-01
-1,121794e+00
-1,070453e+00
-4,395753e-01
4,276824e-01
1,061139e+00
1,118640e+00
5,705102e-01
-2,848614e-01
-9,833619e-01
-1,147499e+00
-6,899066e-01
1,398895e-01
8,914146e-01
1,158395e+00
7,976840e-01
6,406458e-03
-7,855899e-01
-1,149852e+00
-8,904873e-01
-1,498943e-01
6,693257e-01
1,123773e+00
9,686738e-01
2,899579e-01
-5,431746e-01
-1,079384e+00
-1,029538e+00
-4,226241e-01
4,109136e-01
1,019174e+00
1,073976e+00
5,475419e-01
-2,731859e-01
-9,429005e-01
-1,099940e+00
-6,611091e-01
1,339492e-01
8,535616e-01
1,108887e+00
7,633934e-01
6,168368e-03
-7,512956e-01
-1,099430e+00
-8,512556e-01
-1,432793e-01
6,395105e-01
1,073534e+00
9,252356e-01
2,769336e-01
-5,185776e-01
-1,030438e+00
-9,827574e-01
-4,033915e-01
3,921313e-01
9,725848e-01
1,024847e+00
5,224974e-01
-2,606365e-01
-8,996598e-01
-1,049523e+00
-6,308375e-01
1,278055e-01
8,145506e-01
1,058296e+00
7,286398e-01
5,911563e-03
-7,172235e-01
-1,049735e+00
-8,129352e-01
-1,368593e-01
6,109465e-01
1,025828e+00
8,843195e-01
2,647601e-01
-4,958793e-01
-9,856330e-01
-9,403086e-01
-3,860895e-01
3,754431e-01
9,315453e-01
9,819656e-01
5,008318e-01
-2,499067e-01
-8,630419e-01
-1,007257e+00
-6,056921e-01
1,227830e-01
7,828713e-01
1,017637e+00
7,010152e-01
5,698871e-03
-6,907932e-01
-1,011607e+00
-7,838512e-01
-1,320242e-01
5,898392e-01
9,910041e-01
8,548415e-01
2,561015e-01
-4,800000e-01
-9,547165e-01
-9,114440e-01
-3,744994e-01
3,644910e-01
9,049655e-01
9,546480e-01
4,872706e-01
-2,433680e-01
-8,410321e-01
-9,823213e-01
-5,911838e-01
1,199766e-01
7,654352e-01
9,957990e-01
6,865404e-01
5,564305e-03
-6,777434e-01
-9,933617e-01
-7,703920e-01
-1,298466e-01
5,808131e-01
9,766763e-01
8,432524e-01
2,528398e-01
-4,744029e-01
-9,444429e-01
-9,024705e-01
-3,711332e-01
3,616274e-01
8,986641e-01
9,488943e-01
4,847719e-01
-2,423990e-01
-8,384083e-01
-9,802122e-01
-5,904397e-01
1,199860e-01
7,660379e-01
9,975387e-01
6,883814e-01
5,550046e-03
-6,809254e-01
-9,989696e-01
-7,754543e-01
-1,308018e-01
5,857982e-01
9,859770e-01
8,520496e-01
2,557011e-01
-4,803112e-01
-9,570406e-01
-9,153420e-01
-3,767552e-01
3,674859e-01
9,139951e-01
9,659450e-01
4,938923e-01
-2,472238e-01
-8,557618e-01
-1,001331e+00
-6,036775e-01
1,227943e-01
7,845444e-01
1,022464e+00
7,061488e-01
5,672284e-03
-6,996370e-01
-1,027196e+00
-7,979842e-01
-1,346957e-01
6,037173e-01
1,016856e+00
8,793661e-01
2,640639e-01
-4,964303e-01
-9,897689e-01
-9,472416e-01
-3,901349e-01
3,807704e-01
9,476173e-01
1,002074e+00
5,126698e-01
-2,567850e-01
-8,892939e-01
-1,041118e+00
-6,279866e-01
1,277987e-01
8,169034e-01
1,065141e+00
7,359560e-01
5,915870e-03
-7,298151e-01
-1,071926e+00
-8,330300e-01
-1,406753e-01
6,306555e-01
1,062583e+00
9,192019e-01
2,761167e-01
-5,192052e-01
-1,035478e+00
-9,912518e-01
-4,083617e-01
3,985851e-01
9,922006e-01
1,049419e+00
5,369831e-01
-2,689713e-01
-9,316786e-01
-1,090882e+00
-6,580832e-01
1,338876e-01
8,560768e-01
1,116279e+00
7,713295e-01
6,230601e-03
-7,648354e-01
-1,123367e+00
-8,729873e-01
-1,474580e-01
6,607286e-01
1,113213e+00
9,629241e-01
2,892494e-01
-5,437047e-01
-1,084213e+00
-1,037749e+00
-4,274762e-01
4,170451e-01
1,038026e+00
1,097657e+00
5,615639e-01
-2,811455e-01
-9,736972e-01
-1,139782e+00
-6,874134e-01
1,397279e-01
8,934969e-01
1,164734e+00
8,045483e-01
6,548154e-03
-7,970813e-01
-1,170313e+00
-9,091497e-01
-1,535824e-01
6,873903e-01
1,157678e+00
1,000958e+00
3,005780e-01
-5,645686e-01
-1,125346e+00
-1,076621e+00
-4,433249e-01
4,321193e-01
1,075092e+00
1,136283e+00
5,810496e-01
-2,906387e-01
-1,006173e+00
-1,177146e+00
-7,095839e-01
1,440120e-01
9,210199e-01
1,199929e+00
8,283953e-01
6,800800e-03
-8,195301e-01
-1,202534e+00
-9,336298e-01
-1,576842e-01
7,048181e-01
1,186295e+00
1,025062e+00
3,076720e-01
-5,772177e-01
-1,149891e+00
-1,099394e+00
-4,524378e-01
4,405052e-01
1,095329e+00
1,156872e+00
5,912013e-01
-2,953488e-01
-1,022009e+00
-1,194854e+00
-7,197685e-01
1,458723e-01
9,326516e-01
1,214202e+00
8,376516e-01
6,967449e-03
-8,272410e-01
-1,213021e+00
-9,410829e-01
-1,589031e-01
7,091884e-01
1,192833e+00
1,029946e+00
3,089647e-01
-5,789397e-01
-1,152530e+00
-1,101096e+00
-4,528481e-01
4,403787e-01
1,094306e+00
1,154945e+00
5,898108e-01
-2,942903e-01
-1,017796e+00
-1,189040e+00
-7,157590e-01
1,448464e-01
9,258254e-01
1,204447e+00
8,303280e-01
6,997897e-03
-8,185821e-01
-1,199474e+00
-9,299081e-01
-1,569711e-01
6,995737e-01
1,175859e+00
1,014570e+00
3,042042e-01
-5,693300e-01
-1,132659e+00
-1,081362e+00
-4,444757e-01
4,317485e-01
1,072256e+00
1,130908e+00
5,771837e-01
-2,876759e-01
-9,944082e-01
-1,160954e+00
-6,984286e-01
1,411705e-01
9,020223e-01
1,172780e+00
8,080133e-01
6,883085e-03
-7,954289e-01
-1,164844e+00
-9,025408e-01
-1,523241e-01
6,780505e-01
1,139065e+00
9,822862e-01
2,944069e-01
-5,504766e-01
-1,094633e+00
-1,044520e+00
-4,291270e-01
4,165143e-01
1,033963e+00
1,090029e+00
5,560743e-01
-2,769196e-01
-9,569404e-01
-1,116736e+00
-6,715475e-01
1,355835e-01
8,664573e-01
1,126101e+00
7,755749e-01
6,660144e-03
-7,627846e-01
-1,116685e+00
-8,649291e-01
-1,459683e-01
6,493176e-01
1,090478e+00
9,401245e-01
2,817194e-01
-5,264776e-01
-1,046700e+00
-9,985435e-01
-4,101815e-01
3,979783e-01
9,878112e-01
1,041183e+00
5,311000e-01
-2,643735e-01
-9,135770e-01
-1,066021e+00
-6,410021e-01
1,293811e-01
8,268870e-01
1,074603e+00
7,400832e-01
6,380169e-03
-7,277924e-01
-1,065489e+00
-8,253068e-01
-1,392991e-01
6,196003e-01
1,040691e+00
8,972954e-01
2,689306e-01
-5,025758e-01
-9,993402e-01
-9,535220e-01
-3,917627e-01
3,801680e-01
9,438225e-01
9,950546e-01
5,077048e-01
-2,527667e-01
-8,737516e-01
-1,019879e+00
-6,134403e-01
1,238661e-01
7,918791e-01
1,029488e+00
7,092995e-01
6,136286e-03
-6,980641e-01
-1,022418e+00
-7,923118e-01
-1,337704e-01
5,954228e-01
1,000552e+00
8,631283e-01
2,588383e-01
-4,839466e-01
-9,628598e-01
-9,192551e-01
-3,778839e-01
3,669707e-01
9,116050e-01
9,616943e-01
4,909826e-01
-2,446274e-01
-8,461548e-01
-9,883482e-01
-5,948836e-01
1,202535e-01
7,691027e-01
1,000626e+00
6,899106e-01
5,952854e-03
-6,800735e-01
-9,968613e-01
-7,731168e-01
-1,306038e-01
5,820034e-01
9,788044e-01
8,450655e-01
2,536168e-01
-4,746811e-01
-9,452233e-01
-9,032022e-01
-3,715865e-01
3,612525e-01
8,981628e-01
9,483593e-01
4,846083e-01
-2,417073e-01
-8,367892e-01
-9,783106e-01
-5,893787e-01
1,192986e-01
7,635140e-01
9,942797e-01
6,861741e-01
5,909038e-03
-6,777465e-01
-9,943834e-01
-7,719236e-01
-1,305009e-01
5,822852e-01
9,801982e-01
8,470830e-01
2,544401e-01
-4,767649e-01
-9,502600e-01
-9,088604e-01
-3,742579e-01
3,642544e-01
9,064202e-01
9,579712e-01
4,899660e-01
-2,446611e-01
-8,476959e-01
-9,919553e-01
-5,981426e-01
1,212067e-01
7,763082e-01
1,011838e+00
6,988915e-01
5,990580e-03
-6,915749e-01
-1,015540e+00
-7,890079e-01
-1,334989e-01
5,961892e-01
1,004412e+00
8,687058e-01
2,611167e-01
-4,897703e-01
-9,768563e-01
-9,350172e-01
-3,853085e-01
3,753089e-01
9,345894e-01
9,884448e-01
5,058895e-01
-2,528165e-01
-8,764945e-01
-1,026323e+00
-6,192502e-01
1,255541e-01
8,047008e-01
1,049474e+00
7,253274e-01
6,203569e-03
-7,185528e-01
-1,055682e+00
-8,206321e-01
-1,389194e-01
6,206852e-01
1,046190e+00
9,052495e-01
2,722316e-01
-5,107952e-01
-1,019236e+00
-9,759687e-01
-4,023503e-01
3,920025e-01
9,765238e-01
1,033121e+00
5,289355e-01
-2,643850e-01
-9,168882e-01
-1,073902e+00
-6,481367e-01
1,314030e-01
8,425134e-01
1,098990e+00
7,596780e-01
6,525132e-03
-7,527690e-01
-1,106121e+00
-8,599265e-01
-1,456172e-01
6,504270e-01
1,096388e+00
9,487321e-01
2,853373e-01
-5,353010e-01
-1,068151e+00
-1,022786e+00
-4,216643e-01
4,106859e-01
1,023070e+00
1,082268e+00
5,540567e-01
-2,768474e-01
-9,600932e-01
-1,124325e+00
-6,784845e-01
1,374636e-01
8,814782e-01
1,149587e+00
7,944995e-01
6,866450e-03
-7,867753e-01
-1,155795e+00
-8,983122e-01
-1,521273e-01
6,789206e-01
1,144103e+00
9,896991e-01
2,975995e-01
-5,579243e-01
-1,112934e+00
-1,065269e+00
-4,390454e-01
4,272802e-01
1,064083e+00
1,125187e+00
5,758120e-01
-2,874828e-01
-9,966731e-01
-1,166634e+00
-7,036975e-01
1,423884e-01
9,130850e-01
1,190250e+00
8,221931e-01
7,176130e-03
-8,131543e-01
-1,193910e+00
-9,274391e-01
-1,570611e-01
6,999462e-01
1,178897e+00
1,019219e+00
3,063289e-01
-5,737368e-01
-1,143823e+00
-1,094159e+00
-4,507323e-01
4,381733e-01
1,090609e+00
1,152531e+00
5,894417e-01
-2,939659e-01
-1,018629e+00
-1,191551e+00
-7,182721e-01
1,451135e-01
9,304657e-01
1,212099e+00
8,367203e-01
7,379762e-03
-8,261466e-01
-1,212162e+00
-9,409493e-01
-1,593104e-01
7,089193e-01
1,193209e+00
1,030855e+00
3,096620e-01
-5,792654e-01
-1,154088e+00
-1,103177e+00
-4,541514e-01
4,409761e-01
1,096907e+00
1,158307e+00
5,920022e-01
-2,948554e-01
-1,021200e+00
-1,193696e+00
-7,190707e-01
1,450669e-01
9,298465e-01
1,210374e+00
8,349206e-01
7,464720e-03
-8,229188e-01
-1,206557e+00
-9,359256e-01
-1,584007e-01
7,038969e-01
1,183916e+00
1,022090e+00
3,068675e-01
-5,733133e-01
-1,141457e+00
-1,090338e+00
-4,485693e-01
4,350765e-01
1,081546e+00
1,141281e+00
5,829148e-01
-2,899901e-01
-1,003830e+00
-1,172589e+00
-7,058643e-01
1,422028e-01
9,113045e-01
1,185456e+00
8,172008e-01
7,381545e-03
-8,041771e-01
-1,178329e+00
-9,134370e-01
-1,545568e-01
6,859503e-01
1,153028e+00
9,948005e-01
2,985364e-01
-5,571826e-01
-1,108726e+00
-1,058439e+00
-4,352421e-01
4,217395e-01
1,047882e+00
1,105172e+00
5,641879e-01
-2,804109e-01
-9,702920e-01
-1,132814e+00
-6,815864e-01
1,371594e-01
8,788996e-01
1,142776e+00
7,874260e-01
7,171675e-03
-7,739975e-01
-1,133606e+00
-8,784053e-01
-1,486195e-01
6,589740e-01
1,107271e+00
9,549730e-01
2,865191e-01
-5,343703e-01
-1,063013e+00
-1,014460e+00
-4,170298e-01
4,038938e-01
1,003286e+00
1,057825e+00
5,398944e-01
-2,681842e-01
-9,278751e-01
-1,083061e+00
-6,515172e-01
1,310488e-01
8,397143e-01
1,091622e+00
7,520773e-01
6,898829e-03
-7,389431e-01
-1,082171e+00
-8,384525e-01
-1,418671e-01
6,288762e-01
1,056637e+00
9,112846e-01
2,734203e-01
-5,098534e-01
-1,014260e+00
-9,679753e-01
-3,979502e-01
3,853956e-01
9,574580e-01
1,009603e+00
5,153467e-01
-2,559847e-01
-8,858458e-01
-1,034164e+00
-6,222224e-01
1,251641e-01
8,022673e-01
1,043178e+00
7,188789e-01
6,613506e-03
-7,066726e-01
-1,035211e+00
-8,023255e-01
-1,357971e-01
6,021893e-01
1,012178e+00
8,732569e-01
2,621224e-01
-4,889520e-01
-9,731151e-01
-9,291215e-01
-3,821440e-01
3,703088e-01
9,203793e-01
9,709834e-01
4,958893e-01
-2,464445e-01
-8,533425e-01
-9,967885e-01
-6,000718e-01
1,208290e-01
7,747154e-01
1,007999e+00
6,950594e-01
6,388635e-03
-6,841939e-01
-1,002976e+00
-7,778836e-01
-1,317123e-01
5,847397e-01
9,835456e-01
8,491887e-01
2,550729e-01
-4,762400e-01
-9,485436e-01
-9,063788e-01
-3,730640e-01
3,618906e-01
9,001231e-01
9,504060e-01
4,857856e-01
-2,416620e-01
-8,374673e-01
-9,790929e-01
-5,899237e-01
1,189377e-01
7,630571e-01
9,937169e-01
6,858330e-01
6,287042e-03
-6,764191e-01
-9,924758e-01
-7,704568e-01
-1,305462e-01
5,803062e-01
9,769930e-01
8,443174e-01
2,538385e-01
-4,744684e-01
-9,458883e-01
-9,046940e-01
-3,727113e-01
3,619510e-01
9,011103e-01
9,523528e-01
4,872244e-01
-2,426624e-01
-8,416621e-01
-9,849257e-01
-5,939880e-01
1,199083e-01
7,698411e-01
1,003479e+00
6,932136e-01
6,327887e-03
-6,850239e-01
-1,006019e+00
-7,816656e-01
-1,325571e-01
5,898631e-01
9,939653e-01
8,597264e-01
2,586789e-01
-4,840195e-01
-9,657246e-01
-9,244444e-01
-3,811679e-01
3,704992e-01
9,231241e-01
9,764102e-01
4,999188e-01
-2,492232e-01
-8,650174e-01
-1,013020e+00
-6,113912e-01
1,235033e-01
7,935762e-01
1,035140e+00
7,155902e-01
6,510725e-03
-7,081475e-01
-1,040641e+00
-8,090914e-01
-1,372962e-01
6,113077e-01
1,030717e+00
8,920648e-01
2,685455e-01
-5,028028e-01
-1,003738e+00
-9,613462e-01
-3,965913e-01
3,856417e-01
9,613454e-01
1,017318e+00
5,211057e-01
-2,599063e-01
-9,024143e-01
-1,057247e+00
-6,383298e-01
1,289568e-01
8,290757e-01
1,081808e+00
7,480865e-01
6,815059e-03
-7,407181e-01
-1,088776e+00
-8,467370e-01
-1,437463e-01
6,399828e-01
1,079289e+00
9,342615e-01
2,813086e-01
-5,267200e-01
-1,051634e+00
-1,007331e+00
-4,156323e-01
4,040973e-01
1,007467e+00
1,066179e+00
5,461590e-01
-2,723561e-01
-9,457270e-01
-1,107969e+00
-6,689576e-01
1,350804e-01
8,686056e-01
1,133325e+00
7,836478e-01
7,180883e-03
-7,756440e-01
-1,139972e+00
-8,864240e-01
-1,505034e-01
6,696061e-01
1,129056e+00
9,771469e-01
2,941881e-01
-5,505432e-01
-1,098970e+00
-1,052384e+00
-4,341350e-01
4,218329e-01
1,051421e+00
1,112340e+00
5,696390e-01
-2,838787e-01
-9,854965e-01
-1,154140e+00
-6,965821e-01
1,405131e-01
9,035576e-01
1,178438e+00
8,144964e-01
7,532152e-03
-8,053083e-01
-1,183042e+00
-9,194892e-01
-1,561040e-01
6,937235e-01
1,169203e+00
1,011363e+00
3,043767e-01
-5,690929e-01
-1,135415e+00
-1,086712e+00
-4,480873e-01
4,349537e-01
1,083624e+00
1,145738e+00
5,864288e-01
-2,919294e-01
-1,013049e+00
-1,185693e+00
-7,152064e-01
1,440794e-01
9,262820e-01
1,207326e+00
8,339494e-01
7,797572e-03
-8,232310e-01
-1,208598e+00
-9,387403e-01
-1,593466e-01
7,070782e-01
1,190935e+00
1,029467e+00
3,096625e-01
-5,782835e-01
-1,153031e+00
-1,102808e+00
-4,544455e-01
4,406105e-01
1,097047e+00
1,159095e+00
5,928703e-01
-2,947748e-01
-1,022388e+00
-1,195748e+00
-7,207608e-01
1,449572e-01
9,318305e-01
1,213686e+00
8,377245e-01
7,916988e-03
-8,255238e-01
-1,211062e+00
-9,399725e-01
-1,595100e-01
7,067500e-01
1,189539e+00
1,027497e+00
3,088973e-01
-5,761472e-01
-1,147999e+00
-1,097172e+00
-4,518293e-01
4,375506e-01
1,088760e+00
1,149501e+00
5,875558e-01
-2,917779e-01
-1,011457e+00
-1,182102e+00
-7,120608e-01
1,429925e-01
9,190019e-01
1,196127e+00
8,250485e-01
7,881490e-03
-8,116507e-01
-1,189921e+00
-9,229190e-01
-1,565803e-01
6,928014e-01
1,165321e+00
1,005906e+00
3,022576e-01
-5,631221e-01
-1,121376e+00
-1,071031e+00
-4,408206e-01
4,264636e-01
1,060588e+00
1,119050e+00
5,716777e-01
-2,835723e-01
-9,826292e-01
-1,147767e+00
-6,909809e-01
1,386040e-01
8,905850e-01
1,158485e+00
7,986579e-01
7,707415e-03
-7,846488e-01
-1,149758e+00
-8,913226e-01
-1,511789e-01
6,682876e-01
1,123543e+00
9,693909e-01
2,912070e-01
-5,420521e-01
-1,078981e+00
-1,030097e+00
-4,238192e-01
4,097424e-01
1,018639e+00
1,074374e+00
5,486724e-01
-2,719708e-01
-9,422159e-01
-1,100178e+00
-6,621340e-01
1,327191e-01
8,527608e-01
1,108973e+00
7,643153e-01
7,419122e-03
-7,503964e-01
-1,099339e+00
-8,520524e-01
-1,445069e-01
6,385214e-01
1,073322e+00
9,259112e-01
2,781205e-01
-5,175105e-01
-1,030052e+00
-9,832919e-01
-4,045310e-01
3,910215e-01
9,720749e-01
1,025233e+00
5,235637e-01
-2,594744e-01
-8,990075e-01
-1,049762e+00
-6,318096e-01
1,266366e-01
8,137775e-01
1,058372e+00
7,295305e-01
7,111372e-03
-7,163816e-01
-1,049666e+00
-8,136804e-01
-1,380321e-01
6,100112e-01
1,025593e+00
8,849581e-01
2,658996e-01
-4,948629e-01
-9,852572e-01
-9,408080e-01
-3,871810e-01
3,743837e-01
9,310277e-01
9,823269e-01
5,018515e-01
-2,488147e-01
-8,624121e-01
-1,007474e+00
-6,066198e-01
