9,117619e-02
1,452173e-01
1,987181e-01
2,519332e-01
3,046080e-01
3,564815e-01
4,076408e-01
4,576573e-01
5,068042e-01
5,548332e-01
6,015765e-01
6,468603e-01
6,908025e-01
7,332230e-01
7,739293e-01
8,128842e-01
8,500503e-01
8,852475e-01
9,185380e-01
9,496050e-01
9,787342e-01
1,005578e+00
1,030086e+00
1,052483e+00
1,072395e+00
1,089953e+00
1,105058e+00
1,117654e+00
1,127746e+00
1,135311e+00
1,140466e+00
1,142938e+00
1,142858e+00
1,140280e+00
1,135100e+00
1,127442e+00
1,117188e+00
1,104493e+00
1,089413e+00
1,071817e+00
1,051855e+00
1,029564e+00
1,004907e+00
9,781193e-01
9,490646e-01
9,180101e-01
8,848003e-01
8,496776e-01
8,126233e-01
7,738486e-01
7,332603e-01
6,911192e-01
6,473696e-01
6,022846e-01
5,558207e-01
5,080340e-01
4,593218e-01
4,094544e-01
3,587423e-01
3,071669e-01
2,550200e-01
2,022956e-01
1,490619e-01
9,560457e-02
4,187397e-02
-1,185042e-02
-6,561207e-02
-1,190942e-01
-1,723218e-01
-2,252884e-01
-2,775657e-01
-3,292094e-01
-3,801761e-01
-4,302299e-01
-4,794079e-01
-5,274120e-01
-5,742112e-01
-6,196503e-01
-6,637664e-01
-7,064664e-01
-7,474833e-01
-7,868977e-01
-8,244737e-01
-8,601741e-01
-8,939800e-01
-9,258358e-01
-9,555737e-01
-9,831439e-01
-1,008429e+00
-1,031570e+00
-1,052290e+00
-1,070743e+00
-1,086816e+00
-1,100449e+00
-1,111592e+00
-1,120237e+00
-1,126330e+00
-1,129951e+00
-1,131075e+00
-1,129641e+00
-1,125672e+00
-1,119281e+00
-1,110275e+00
-1,098878e+00
-1,084910e+00
-1,068569e+00
-1,049911e+00
-1,028831e+00
-1,005503e+00
-9,799080e-01
-9,521514e-01
-9,223763e-01
-8,904336e-01
-8,565593e-01
-8,206540e-01
-7,831028e-01
-7,436884e-01
-7,026840e-01
-6,601082e-01
-6,160666e-01
-5,706959e-01
-5,240271e-01
-4,761471e-01
-4,273045e-01
-3,775427e-01
-3,267996e-01
-2,755409e-01
-2,235307e-01
-1,710858e-01
-1,182930e-01
-6,525805e-02
-1,212370e-02
4,106034e-02
9,413879e-02
1,470433e-01
1,994759e-01
2,514985e-01
3,029559e-01
3,537487e-01
4,037528e-01
4,527258e-01
5,007858e-01
5,476720e-01
5,932974e-01
6,375812e-01
6,804365e-01
7,218074e-01
7,614889e-01
7,995307e-01
8,356968e-01
8,700370e-01
9,023337e-01
9,327796e-01
9,609958e-01
9,871189e-01
1,010987e+00
1,032533e+00
1,051899e+00
1,068830e+00
1,083494e+00
1,095592e+00
1,105195e+00
1,112474e+00
1,117188e+00
1,119386e+00
1,119101e+00
1,116331e+00
1,111089e+00
1,103325e+00
1,093145e+00
1,080463e+00
1,065352e+00
1,047843e+00
1,028061e+00
1,006075e+00
9,817402e-01
9,552755e-01
9,266805e-01
8,960172e-01
8,633727e-01
8,287655e-01
7,924192e-01
7,541165e-01
7,143729e-01
6,728840e-01
6,299418e-01
5,856766e-01
5,400140e-01
4,932334e-01
4,453286e-01
3,963928e-01
3,466931e-01
2,961487e-01
2,450391e-01
1,933395e-01
1,412361e-01
8,879741e-02
3,618477e-02
-1,645892e-02
-6,904671e-02
-1,214420e-01
-1,736074e-01
-2,252698e-01
-2,763980e-01
-3,269983e-01
-3,767850e-01
-4,257208e-01
-4,737000e-01
-5,207167e-01
-5,664352e-01
-6,108867e-01
-6,539469e-01
-6,955911e-01
-7,355832e-01
-7,739355e-01
-8,105923e-01
-8,454293e-01
-8,783285e-01
-9,092092e-01
-9,382079e-01
-9,650018e-01
-9,897275e-01
-1,012112e+00
-1,032216e+00
-1,050060e+00
-1,065575e+00
-1,078643e+00
-1,089338e+00
-1,097636e+00
-1,103412e+00
-1,106642e+00
-1,107499e+00
-1,105977e+00
-1,101834e+00
-1,095307e+00
-1,086344e+00
-1,074829e+00
-1,060985e+00
-1,044856e+00
-1,026217e+00
-1,005497e+00
-9,824421e-01
-9,572133e-01
-9,297735e-01
-9,003649e-01
-8,689376e-01
-8,355354e-01
-8,003319e-01
-7,633273e-01
-7,245898e-01
-6,843059e-01
-6,424940e-01
-5,992971e-01
-5,546655e-01
-5,088476e-01
-4,619801e-01
-4,139821e-01
-3,651954e-01
-3,154274e-01
-2,651314e-01
-2,143324e-01
-1,628191e-01
-1,110760e-01
-5,917136e-02
-7,036963e-03
4,496079e-02
9,700202e-02
1,487079e-01
2,001032e-01
2,509954e-01
3,012168e-01
3,508917e-01
3,997219e-01
4,477819e-01
4,945873e-01
5,404736e-01
5,850058e-01
6,283021e-01
6,701574e-01
7,105159e-01
7,492099e-01
7,862394e-01
8,215546e-01
8,550190e-01
8,865207e-01
9,161095e-01
9,435431e-01
9,688588e-01
9,920938e-01
1,013068e+00
1,031744e+00
1,048135e+00
1,062190e+00
1,073873e+00
1,083245e+00
1,089990e+00
1,094356e+00
1,096350e+00
1,095940e+00
1,092916e+00
1,087493e+00
1,079761e+00
1,069469e+00
1,056892e+00
1,041856e+00
1,024782e+00
1,005112e+00
9,832681e-01
9,592754e-01
9,330902e-01
9,049423e-01
8,746765e-01
8,425351e-01
8,084931e-01
7,726809e-01
7,351546e-01
6,959762e-01
6,552202e-01
6,130978e-01
5,695034e-01
5,247972e-01
4,787682e-01
4,318137e-01
3,838344e-01
3,349421e-01
2,855032e-01
2,353563e-01
1,846877e-01
1,336402e-01
8,220142e-02
3,075023e-02
-2,083761e-02
-7,232607e-02
-1,237089e-01
-1,747005e-01
-2,252760e-01
-2,753359e-01
-3,247500e-01
-3,735242e-01
-4,214725e-01
-4,682407e-01
-5,141641e-01
-5,588703e-01
-6,023591e-01
-6,444442e-01
-6,849829e-01
-7,240619e-01
-7,615199e-01
-7,971892e-01
-8,312623e-01
-8,632360e-01
-8,934335e-01
-9,215875e-01
-9,476113e-01
-9,715730e-01
-9,933733e-01
-1,012931e+00
-1,030161e+00
-1,045147e+00
-1,057743e+00
-1,068010e+00
-1,075860e+00
-1,081332e+00
-1,084475e+00
-1,085015e+00
-1,083214e+00
-1,078966e+00
-1,072233e+00
-1,063265e+00
-1,051936e+00
-1,038142e+00
-1,022099e+00
-1,003721e+00
-9,831501e-01
-9,603561e-01
-9,354379e-01
-9,084266e-01
-8,793658e-01
-8,484541e-01
-8,155362e-01
-7,809973e-01
-7,444710e-01
-7,064912e-01
-6,667538e-01
-6,257121e-01
-5,832171e-01
-5,394674e-01
-4,945190e-01
-4,484341e-01
-4,012808e-01
-3,534071e-01
-3,046080e-01
-2,552374e-01
-2,052893e-01
-1,549685e-01
-1,041446e-01
-5,329584e-02
-2,180030e-03
4,884882e-02
9,969135e-02
1,504221e-01
2,007118e-01
2,504488e-01
2,997572e-01
3,484260e-01
3,961692e-01
4,430927e-01
4,889665e-01
5,337658e-01
5,773291e-01
6,195509e-01
6,605305e-01
6,999325e-01
7,377321e-01
7,739169e-01
8,083626e-01
8,409202e-01
8,717015e-01
9,005201e-01
9,272395e-01
9,518844e-01
9,744548e-01
9,947769e-01
1,012882e+00
1,028738e+00
1,042334e+00
1,053532e+00
1,062470e+00
1,069004e+00
1,073084e+00
1,074773e+00
1,074109e+00
1,071097e+00
1,065476e+00
1,057687e+00
1,047483e+00
1,034918e+00
1,020031e+00
1,002864e+00
9,835414e-01
9,619523e-01
9,382266e-01
9,124202e-01
8,846016e-01
8,547768e-01
8,230390e-01
7,896057e-01
7,542656e-01
7,174162e-01
6,788403e-01
6,388296e-01
5,972848e-01
5,544792e-01
5,104811e-01
4,653153e-01
4,191372e-01
3,719715e-01
3,240978e-01
2,754850e-01
2,262946e-01
1,764769e-01
1,264480e-01
7,600293e-02
2,552064e-02
-2,509208e-02
-7,560543e-02
-1,259262e-01
-1,759179e-01
-2,254996e-01
-2,744664e-01
-3,230792e-01
-3,706610e-01
-4,176279e-01
-4,635266e-01
-5,084315e-01
-5,521439e-01
-5,945830e-01
-6,358049e-01
-6,755361e-01
-7,136027e-01
-7,502595e-01
-7,851649e-01
-8,183311e-01
-8,496528e-01
-8,790676e-01
-9,064826e-01
-9,318418e-01
-9,551762e-01
-9,762436e-01
-9,953546e-01
-1,012130e+00
-1,026583e+00
-1,038756e+00
-1,048607e+00
-1,056166e+00
-1,061321e+00
-1,064078e+00
-1,064457e+00
-1,062445e+00
-1,058184e+00
-1,051396e+00
-1,042334e+00
-1,031018e+00
-1,017310e+00
-1,001466e+00
-9,832557e-01
-9,628342e-01
-9,401892e-01
-9,155692e-01
-8,889740e-01
-8,603169e-01
-8,297033e-01
-7,973196e-01
-7,631223e-01
-7,273351e-01
-6,898336e-01
-6,507980e-01
-6,103401e-01
-5,685407e-01
-5,255674e-01
-4,812463e-01
-4,358880e-01
-3,896602e-01
-3,424697e-01
-2,946581e-01
-2,460950e-01
-1,970288e-01
-1,475278e-01
-9,764796e-02
-4,769980e-02
2,434678e-03
5,248221e-02
1,023869e-01
1,521549e-01
2,015503e-01
2,503867e-01
2,986641e-01
3,464260e-01
3,932066e-01
4,391674e-01
4,841965e-01
5,280455e-01
5,707145e-01
6,121289e-01
6,521023e-01
6,907838e-01
7,277885e-01
7,631410e-01
7,967917e-01
8,287096e-01
8,587393e-01
8,867443e-01
9,128736e-01
9,369844e-01
9,588344e-01
9,787404e-01
9,963297e-01
1,011695e+00
1,024918e+00
1,035682e+00
1,044191e+00
1,050371e+00
1,054166e+00
1,055700e+00
1,054781e+00
1,051601e+00
1,046079e+00
1,038110e+00
1,027813e+00
1,015329e+00
1,000584e+00
9,835538e-01
9,643248e-01
9,429717e-01
9,195317e-01
8,940235e-01
8,665216e-01
8,370943e-01
8,058534e-01
7,726188e-01
7,378812e-01
7,014604e-01
6,633875e-01
6,239606e-01
5,830618e-01
5,409704e-01
4,975624e-01
4,531109e-01
4,076470e-01
3,613757e-01
3,141914e-01
2,663922e-01
2,179409e-01
1,689554e-01
1,196594e-01
7,019573e-02
2,051464e-02
-2,920992e-02
-7,877921e-02
-1,282678e-01
-1,773588e-01
-2,261020e-01
-2,742615e-01
-3,218246e-01
-3,685866e-01
-4,147150e-01
-4,597317e-01
-5,037733e-01
-5,466721e-01
-5,883721e-01
-6,287244e-01
-6,676730e-01
-7,049944e-01
-7,408314e-01
-7,749852e-01
-8,074807e-01
-8,381564e-01
-8,668570e-01
-8,937068e-01
-9,185256e-01
-9,412699e-01
-9,619212e-01
-9,803490e-01
-9,966340e-01
-1,010739e+00
-1,022577e+00
-1,032005e+00
-1,039266e+00
-1,044197e+00
-1,046669e+00
-1,046849e+00
-1,044731e+00
-1,040228e+00
-1,033458e+00
-1,024347e+00
-1,012987e+00
-9,993047e-01
-9,833613e-01
-9,653248e-01
-9,451828e-01
-9,228111e-01
-8,984705e-01
-8,720493e-01
-8,437027e-01
-8,134680e-01
-7,814135e-01
-7,476323e-01
-7,123233e-01
-6,752193e-01
-6,367303e-01
-5,967941e-01
-5,555909e-01
-5,130959e-01
-4,694642e-01
-4,247891e-01
-3,792507e-01
-3,327869e-01
-2,856150e-01
-2,377102e-01
-1,894887e-01
-1,406461e-01
-9,163580e-02
-4,235842e-02
6,850636e-03
5,615907e-02
1,053060e-01
1,541921e-01
2,027490e-01
2,508401e-01
2,984157e-01
3,452584e-01
3,913558e-01
4,364097e-01
4,806438e-01
5,238532e-01
5,655781e-01
6,062471e-01
6,456678e-01
6,835171e-01
7,198136e-01
7,544519e-01
7,875374e-01
8,187411e-01
8,481808e-01
8,756827e-01
9,012965e-01
9,246806e-01
9,462324e-01
9,655794e-01
9,827588e-01
9,977147e-01
1,010491e+00
1,020999e+00
1,029123e+00
1,035092e+00
1,038682e+00
1,039986e+00
1,038837e+00
1,035458e+00
1,029831e+00
1,021850e+00
1,011590e+00
9,991059e-01
9,843240e-01
9,673992e-01
9,482262e-01
9,270407e-01
9,037622e-01
8,784776e-01
8,512179e-01
8,220515e-01
7,910839e-01
7,583399e-01
7,239501e-01
6,878150e-01
6,502949e-01
6,112966e-01
5,708698e-01
5,293063e-01
4,863765e-01
4,426020e-01
3,976971e-01
3,519351e-01
3,054713e-01
2,581628e-01
2,104319e-01
1,621607e-01
1,135168e-01
6,464317e-02
1,580677e-02
-3,337744e-02
-8,218279e-02
-1,308701e-01
-1,793649e-01
-2,272945e-01
-2,747148e-01
-3,215638e-01
-3,676487e-01
-4,129884e-01
-4,574026e-01
-5,007051e-01
-5,428586e-01
-5,838630e-01
-6,236439e-01
-6,618224e-01
-6,986903e-01
-7,338814e-01
-7,674886e-01
-7,993195e-01
-8,293679e-01
-8,576338e-01
-8,838811e-01
-9,081906e-01
-9,304816e-01
-9,507105e-01
-9,686849e-01
-9,846345e-01
-9,983731e-01
-1,009782e+00
-1,019068e+00
-1,025968e+00
-1,030583e+00
-1,033005e+00
-1,032955e+00
-1,030608e+00
-1,026123e+00
-1,019198e+00
-1,009987e+00
-9,985283e-01
-9,848954e-01
-9,690886e-01
-9,510335e-01
-9,308729e-01
-9,086999e-01
-8,844836e-01
-8,582362e-01
-8,302126e-01
-8,001953e-01
-7,683643e-01
-7,350118e-01
-6,998890e-01
-6,631826e-01
-6,251097e-01
-5,855834e-01
-5,447094e-01
-5,026926e-01
-4,595702e-01
-4,153920e-01
-3,703194e-01
-3,243152e-01
-2,777520e-01
-2,304124e-01
-1,827002e-01
-1,345097e-01
-8,606461e-02
-3,742074e-02
1,129144e-02
5,994151e-02
1,085792e-01
1,567883e-01
2,046992e-01
2,521755e-01
2,989312e-01
3,452957e-01
3,906477e-01
4,352980e-01
4,788178e-01
5,213626e-01
5,626527e-01
6,026634e-01
6,414568e-01
6,787471e-01
7,144474e-01
7,487068e-01
7,811216e-01
8,118718e-01
8,408208e-01
8,678321e-01
8,929242e-01
9,159605e-01
9,370714e-01
9,559898e-01
9,728773e-01
9,875785e-01
9,998637e-01
1,010180e+00
1,018037e+00
1,023658e+00
1,027080e+00
1,028142e+00
1,026887e+00
1,023384e+00
1,017614e+00
1,009584e+00
9,992239e-01
9,867152e-01
9,719829e-01
9,550271e-01
9,359658e-01
9,147680e-01
8,915826e-01
8,663974e-01
8,392743e-01
8,103066e-01
7,795564e-01
7,470547e-01
7,128388e-01
6,771385e-01
6,397860e-01
6,010300e-01
5,610503e-01
5,197664e-01
4,773459e-01
4,338570e-01
3,892938e-01
3,439914e-01
2,979002e-01
2,511755e-01
2,038173e-01
1,561051e-01
1,079394e-01
5,956886e-02
1,108027e-02
-3,732758e-02
-8,577270e-02
-1,340004e-01
-1,818244e-01
-2,293007e-01
-2,762614e-01
-3,225327e-01
-3,681829e-01
-4,129511e-01
-4,568374e-01
-4,996058e-01
-5,413307e-01
-5,817202e-01
-6,210477e-01
-6,587728e-01
-6,950259e-01
-7,297946e-01
-7,628801e-01
-7,943384e-01
-8,239272e-01
-8,517583e-01
-8,777012e-01
-9,015511e-01
-9,234446e-01
-9,433257e-01
-9,610765e-01
-9,766100e-01
-9,900380e-01
-1,001348e+00
-1,010205e+00
-1,016882e+00
-1,021304e+00
-1,023316e+00
-1,023192e+00
-1,020794e+00
-1,016105e+00
-1,009112e+00
-9,998140e-01
-9,883362e-01
-9,745791e-01
-9,588220e-01
-9,408103e-01
-9,206435e-01
-8,985140e-01
-8,742728e-01
-8,482243e-01
-8,201696e-01
-7,904069e-01
-7,587312e-01
-7,254035e-01
-6,905540e-01
-6,540463e-01
-6,161225e-01
-5,768509e-01
-5,363495e-01
-4,945004e-01
-4,516637e-01
-4,077526e-01
-3,629843e-01
-3,174024e-01
-2,711374e-01
-2,242201e-01
-1,767936e-01
-1,289882e-01
-8,097787e-02
-3,268182e-02
1,570119e-02
6,394134e-02
1,119890e-01
1,599558e-01
2,074258e-01
2,544486e-01
3,009187e-01
3,467366e-01
3,917098e-01
4,357949e-01
4,790414e-01
5,210583e-01
5,620006e-01
6,016697e-01
6,399289e-01
6,769584e-01
7,121804e-01
7,459926e-01
7,780596e-01
8,084309e-01
8,370695e-01
8,637329e-01
8,885082e-01
9,111718e-01
9,319846e-01
9,505987e-01
9,671135e-01
9,814980e-01
9,937211e-01
1,003690e+00
1,011372e+00
1,016782e+00
1,019987e+00
1,020925e+00
1,019503e+00
1,015788e+00
1,009851e+00
1,001702e+00
9,913050e-01
9,786099e-01
9,638528e-01
9,468163e-01
9,277239e-01
9,065820e-01
8,833656e-01
8,582921e-01
8,312001e-01
8,022759e-01
7,715878e-01
7,391606e-01
7,050130e-01
6,694183e-01
6,322957e-01
5,936700e-01
5,537401e-01
5,126549e-01
4,704207e-01
4,270747e-01
3,828096e-01
3,377246e-01
2,917886e-01
2,453621e-01
1,982337e-01
1,507575e-01
1,029272e-01
5,481130e-02
6,602199e-03
-4,153237e-02
-8,964830e-02
-1,375841e-01
-1,851349e-01
-2,322198e-01
-2,789196e-01
-3,249425e-01
-3,702697e-01
-4,146653e-01
-4,581914e-01
-5,006803e-01
-5,420201e-01
-5,821736e-01
-6,209918e-01
-6,585554e-01
-6,946036e-01
-7,290306e-01
-7,618118e-01
-7,929037e-01
-8,222130e-01
-8,497149e-01
-8,754156e-01
-8,990047e-01
-9,206621e-01
-9,402700e-01
-9,576233e-01
-9,730387e-01
-9,862680e-01
-9,971992e-01
-1,005963e+00
-1,012441e+00
-1,016639e+00
-1,018583e+00
-1,018223e+00
-1,015683e+00
-1,010770e+00
-1,003634e+00
-9,942304e-01
-9,826346e-01
-9,688340e-01
-9,528843e-01
-9,348044e-01
-9,145941e-01
-8,923776e-01
-8,682172e-01
-8,420692e-01
-8,141015e-01
-7,841835e-01
-7,525141e-01
-7,192547e-01
-6,843866e-01
-6,479720e-01
-6,101165e-01
-5,709008e-01
-5,304243e-01
-4,886621e-01
-4,459559e-01
-4,021752e-01
-3,574690e-01
-3,119306e-01
-2,658457e-01
-2,190030e-01
-1,717628e-01
-1,241686e-01
-7,624516e-02
-2,817270e-02
1,996808e-02
6,809644e-02
1,160012e-01
1,637134e-01
2,109785e-01
2,577653e-01
3,040987e-01
3,497302e-01
3,945730e-01
4,383972e-01
4,813643e-01
5,232755e-01
5,639819e-01
6,032969e-01
6,414319e-01
6,780950e-01
7,132425e-01
7,467876e-01
7,786745e-01
8,088160e-01
8,371813e-01
8,635714e-01
8,881977e-01
9,106501e-01
9,312828e-01
9,496609e-01
9,660577e-01
9,801813e-01
9,921808e-01
1,001907e+00
1,009410e+00
1,014683e+00
1,017652e+00
1,018441e+00
1,016913e+00
1,012981e+00
1,006919e+00
9,985718e-01
9,880505e-01
9,752747e-01
9,603561e-01
9,432636e-01
9,240036e-01
9,027809e-01
8,794465e-01
8,542551e-01
8,269581e-01
7,979842e-01
7,672961e-01
7,347571e-01
7,006530e-01
6,648968e-01
6,277120e-01
5,891112e-01
5,491999e-01
5,080029e-01
4,657314e-01
4,224724e-01
3,781700e-01
3,330664e-01
2,872174e-01
2,406791e-01
1,937246e-01
1,461800e-01
9,834358e-02
5,027733e-02
2,298037e-03
-4,604149e-02
-9,398973e-02
-1,417454e-01
-1,893024e-01
-2,363625e-01
-2,829133e-01
-3,287746e-01
-3,739776e-01
-4,183422e-01
-4,617254e-01
-5,041273e-01
-5,453616e-01
-5,853536e-01
-6,240849e-01
-6,614870e-01
-6,973860e-01
-7,317138e-01
-7,644887e-01
-7,953073e-01
-8,246166e-01
-8,518825e-01
-8,773783e-01
-9,007748e-01
-9,222583e-01
-9,417047e-01
-9,590083e-01
-9,742250e-01
-9,872058e-01
-9,979942e-01
-1,006528e+00
-1,012795e+00
-1,016931e+00
-1,018732e+00
-1,018155e+00
-1,015422e+00
-1,010366e+00
-1,003050e+00
-9,934913e-01
-9,817402e-01
-9,677533e-01
-9,516422e-01
-9,333883e-01
-9,130848e-01
-8,906137e-01
-8,662235e-01
-8,399762e-01
-8,118469e-01
-7,818234e-01
-7,499863e-01
-7,166275e-01
-6,815606e-01
-6,450156e-01
-6,069676e-01
-5,676774e-01
-5,270890e-01
-4,851964e-01
-4,422853e-01
-3,984735e-01
-3,536059e-01
-3,081606e-01
-2,618396e-01
-2,149535e-01
-1,676325e-01
-1,199141e-01
-7,187888e-02
-2,383748e-02
2,446478e-02
7,252482e-02
1,205165e-01
1,682288e-01
2,157609e-01
2,624794e-01
3,087444e-01
3,543760e-01
3,991877e-01
4,431113e-01
4,859852e-01
5,278468e-01
5,685842e-01
6,079800e-01
6,460156e-01
6,827035e-01
7,177827e-01
7,512098e-01
7,830345e-01
8,131264e-01
8,414047e-01
8,676520e-01
8,921913e-01
9,146375e-01
9,351211e-01
9,533936e-01
9,694799e-01
9,835911e-01
9,954726e-01
1,005037e+00
1,012435e+00
1,017559e+00
1,020298e+00
1,020906e+00
1,019198e+00
1,015149e+00
1,008888e+00
1,000435e+00
9,895349e-01
9,765603e-01
9,615237e-01
9,441269e-01
9,247427e-01
9,032032e-01
8,797012e-01
8,542240e-01
8,267842e-01
7,976302e-01
7,665694e-01
7,339497e-01
6,994978e-01
6,636360e-01
6,261717e-01
5,873163e-01
5,472124e-01
5,058726e-01
4,633961e-01
4,197831e-01
3,753316e-01
3,299920e-01
2,839753e-01
2,371761e-01
1,900229e-01
1,423168e-01
9,430028e-02
4,612844e-02
-2,273194e-03
-5,053819e-02
-9,879077e-02
-1,467390e-01
-1,943084e-01
-2,415486e-01
-2,882671e-01
-3,342961e-01
-3,795613e-01
-4,240128e-01
-4,675575e-01
-5,100277e-01
-5,513799e-01
-5,914652e-01
-6,302896e-01
-6,676606e-01
-7,035162e-01
-7,378439e-01
-7,704761e-01
-8,015430e-01
-8,306784e-01
-8,581182e-01
-8,834277e-01
-9,068553e-01
-9,282829e-01
-9,477231e-01
-9,649832e-01
-9,800136e-01
-9,928391e-01
-1,003609e+00
-1,012056e+00
-1,018260e+00
-1,022080e+00
-1,023689e+00
-1,023037e+00
-1,019981e+00
-1,014757e+00
-1,007298e+00
-9,975159e-01
-9,855475e-01
-9,713307e-01
-9,549153e-01
-9,364627e-01
-9,157866e-01
-8,931664e-01
-8,684843e-01
-8,419140e-01
-8,134928e-01
-7,831960e-01
-7,510794e-01
-7,173417e-01
-6,820451e-01
-6,451833e-01
-6,067937e-01
-5,671743e-01
-5,261574e-01
-4,840909e-01
-4,408319e-01
-3,966661e-01
-3,514817e-01
-3,056266e-01
-2,590447e-01
-2,118728e-01
-1,642724e-01
-1,162434e-01
-6,790390e-02
-1,943394e-02
2,902359e-02
7,749355e-02
1,257834e-01
1,737068e-01
2,213383e-01
2,684232e-01
3,149553e-01
3,607857e-01
4,058210e-01
4,499060e-01
4,930284e-01
5,350639e-01
5,758447e-01
6,154393e-01
6,536488e-01
6,904112e-01
7,256457e-01
7,592095e-01
7,911646e-01
8,212130e-01
8,495037e-01
8,759622e-01
9,003959e-01
9,228918e-01
9,433009e-01
9,615237e-01
9,776845e-01
9,917150e-01
1,003454e+00
1,012894e+00
1,020223e+00
1,025148e+00
1,027807e+00
1,028192e+00
1,026310e+00
1,022111e+00
1,015521e+00
1,006770e+00
9,958452e-01
9,824731e-01
9,671508e-01
9,494870e-01
9,297984e-01
9,080043e-01
8,841295e-01
8,583605e-01
8,305853e-01
8,010400e-01
7,695258e-01
7,364962e-01
7,017337e-01
6,653874e-01
6,275506e-01
5,883473e-01
5,477962e-01
5,059657e-01
4,630670e-01
4,191061e-01
3,742758e-01
3,284144e-01
2,819506e-01
2,347787e-01
1,871224e-01
1,389940e-01
9,056752e-02
4,201061e-02
-6,776105e-03
-5,542618e-02
-1,040638e-01
-1,523599e-01
-2,003330e-01
-2,479458e-01
-2,949935e-01
-3,413766e-01
-3,868963e-01
-4,318137e-01
-4,755571e-01
-5,183130e-01
-5,599820e-01
-6,002101e-01
-6,393202e-01
-6,769149e-01
-7,129692e-01
-7,475951e-01
-7,804135e-01
-8,115550e-01
-8,407712e-01
-8,681985e-01
-8,937378e-01
-9,172896e-01
-9,387172e-01
-9,580891e-01
-9,752436e-01
-9,903548e-01
-1,003224e+00
-1,013789e+00
-1,022068e+00
-1,028148e+00
-1,032005e+00
-1,033359e+00
-1,032514e+00
-1,029359e+00
-1,023869e+00
-1,016149e+00
-1,006068e+00
-9,937583e-01
-9,792745e-01
-9,625299e-01
-9,436984e-01
-9,228049e-01
-8,997748e-01
-8,747076e-01
-8,476591e-01
-8,187286e-01
-7,880405e-01
-7,554581e-01
-7,213415e-01
-6,854921e-01
-6,481025e-01
-6,093277e-01
-5,691431e-01
-5,277039e-01
-4,850722e-01
-4,412853e-01
-3,965357e-01
-3,509041e-01
-3,044900e-01
-2,573367e-01
-2,097239e-01
-1,615707e-01
-1,128957e-01
-6,413388e-02
-1,517947e-02
3,379357e-02
8,276040e-02
1,315223e-01
1,799674e-01
2,280088e-01
2,756092e-01
3,226258e-01
3,688102e-01
4,143362e-01
4,588684e-01
5,023013e-01
5,448460e-01
5,859064e-01
6,257991e-01
6,643440e-01
7,013051e-01
7,368440e-01
7,706003e-01
8,027852e-01
8,331007e-01
8,614970e-01
8,881232e-01
9,126500e-01
9,351894e-01
9,557165e-01
9,739828e-01
9,901250e-01
1,004106e+00
1,015801e+00
1,025279e+00
1,032434e+00
1,037166e+00
1,039732e+00
1,040017e+00
1,037930e+00
1,033415e+00
1,026682e+00
1,017571e+00
1,006267e+00
9,926590e-01
9,770013e-01
9,589710e-01
9,388601e-01
9,166437e-01
8,922720e-01
8,660061e-01
8,377527e-01
8,077415e-01
7,757740e-01
7,422350e-01
7,068701e-01
6,700580e-01
6,315317e-01
5,917695e-01
5,506284e-01
5,082638e-01
4,647625e-01
4,201061e-01
3,746422e-01
3,282032e-01
2,811369e-01
2,333129e-01
1,850479e-01
1,362736e-01
8,717636e-02
3,797352e-02
-1,130386e-02
-6,067440e-02
-1,099518e-01
-1,587758e-01
-2,073575e-01
-2,555852e-01
-3,031174e-01
-3,499911e-01
-3,961630e-01
-4,414033e-01
-4,856685e-01
-5,289710e-01
-5,710002e-01
-6,117873e-01
-6,511148e-01
-6,891752e-01
-7,256705e-01
-7,602902e-01
-7,936055e-01
-8,248836e-01
-8,544352e-01
-8,821234e-01
-9,077621e-01
-9,314194e-01
-9,529651e-01
-9,724487e-01
-9,896591e-01
-1,004814e+00
-1,017720e+00
-1,028210e+00
-1,036471e+00
-1,042377e+00
-1,046029e+00
-1,047309e+00
-1,046216e+00
-1,042887e+00
-1,037160e+00
-1,029086e+00
-1,018714e+00
-1,006093e+00
-9,911932e-01
-9,740387e-01
-9,547973e-01
-9,333821e-01
-9,098800e-01
-8,842662e-01
-8,567332e-01
-8,273183e-01
-7,959843e-01
-7,629050e-01
-7,281425e-01
-6,916720e-01
-6,536799e-01
-6,142157e-01
-5,733169e-01
-5,312628e-01
-4,878485e-01
-4,434405e-01
-3,980139e-01
-3,516122e-01
-3,044651e-01
-2,566349e-01
-2,082767e-01
-1,592726e-01
-1,100574e-01
-6,051913e-02
-1,081941e-02
3,889894e-02
8,848686e-02
1,379878e-01
1,871037e-01
2,357724e-01
2,840685e-01
3,316130e-01
3,784495e-01
4,245655e-01
4,696816e-01
5,136611e-01
5,566530e-01
5,983531e-01
6,386929e-01
6,776788e-01
7,150437e-01
7,509986e-01
7,851711e-01
8,176107e-01
8,482553e-01
8,769373e-01
9,037312e-01
9,285376e-01
9,512509e-01
9,718587e-01
9,902864e-01
1,006497e+00
1,020509e+00
1,032142e+00
1,041551e+00
1,048613e+00
1,053321e+00
1,055675e+00
1,055687e+00
1,053396e+00
1,048737e+00
1,041589e+00
1,032291e+00
1,020627e+00
1,006665e+00
9,903734e-01
9,720326e-01
9,513999e-01
9,286431e-01
9,038554e-01
8,769684e-01
8,481932e-01
8,174430e-01
7,849413e-01
7,506136e-01
7,145654e-01
6,770080e-01
6,378731e-01
5,973283e-01
5,554046e-01
5,122077e-01
4,679612e-01
4,225159e-01
3,762384e-01
3,290603e-01
2,811431e-01
2,325738e-01
1,834703e-01
1,339073e-01
8,405848e-02
3,400474e-02
-1,608005e-02
-6,622074e-02
-1,161813e-01
-1,659245e-01
-2,152640e-01
-2,641439e-01
-3,123902e-01
-3,599907e-01
-4,068582e-01
-4,527444e-01
-4,977176e-01
-5,415853e-01
-5,840804e-01
-6,254823e-01
-6,655054e-01
-7,038827e-01
-7,408065e-01
-7,761218e-01
-8,096980e-01
-8,414233e-01
-8,712792e-01
-8,992034e-01
-9,251775e-01
-9,488845e-01
-9,707469e-01
-9,903423e-01
-1,007677e+00
-1,022869e+00
-1,035713e+00
-1,046278e+00
-1,054433e+00
-1,060302e+00
-1,063793e+00
-1,064954e+00
-1,063693e+00
-1,060023e+00
-1,053967e+00
-1,045601e+00
-1,034918e+00
-1,021869e+00
-1,006422e+00
-9,889387e-01
-9,691321e-01
-9,472138e-01
-9,231279e-01
-8,969302e-01
-8,688010e-01
-8,386843e-01
-8,066981e-01
-7,728238e-01
-7,372601e-01
-7,000878e-01
-6,612447e-01
-6,210477e-01
-5,794036e-01
-5,362874e-01
-4,921775e-01
-4,468565e-01
-4,005790e-01
-3,532891e-01
-3,053719e-01
-2,566535e-01
-2,073140e-01
-1,575584e-01
-1,072997e-01
-5,699754e-02
-6,459349e-03
4,419685e-02
9,454250e-02
1,450248e-01
1,949605e-01
2,444801e-01
2,935277e-01
3,418424e-01
3,895298e-01
4,363352e-01
4,821345e-01
5,269214e-01
5,704785e-01
6,127189e-01
6,536426e-01
6,932744e-01
7,312169e-01
7,675631e-01
8,022449e-01
8,351565e-01
8,661117e-01
8,953402e-01
9,223080e-01
9,474560e-01
9,702687e-01
9,911311e-01
1,009714e+00
1,026086e+00
1,040054e+00
1,051706e+00
1,061122e+00
1,068128e+00
1,072755e+00
1,074991e+00
1,074749e+00
1,072252e+00
1,067153e+00
1,059755e+00
1,050110e+00
1,038036e+00
1,023577e+00
1,006950e+00
9,879449e-01
9,667657e-01
9,434127e-01
9,180225e-01
8,905703e-01
8,610312e-01
8,295232e-01
7,962141e-01
7,610976e-01
7,243352e-01
6,859083e-01
6,459286e-01
6,045143e-01
5,616838e-01
5,176857e-01
4,723336e-01
4,261120e-01
3,788222e-01
3,307621e-01
2,818947e-01
2,323440e-01
1,822033e-01
1,317334e-01
8,090334e-02
2,992417e-02
-2,114816e-02
-7,215217e-02
-1,230009e-01
-1,736509e-01
-2,239282e-01
-2,736466e-01
-3,227563e-01
-3,712014e-01
-4,188639e-01
-4,656197e-01
-5,112326e-01
-5,557959e-01
-5,991356e-01
-6,411152e-01
-6,817097e-01
-7,207888e-01
-7,582344e-01
-7,940713e-01
-8,281009e-01
-8,601865e-01
-8,905703e-01
-9,189293e-01
-9,451083e-01
-9,692004e-01
-9,913112e-01
-1,011056e+00
-1,028564e+00
-1,043769e+00
-1,056638e+00
-1,067271e+00
-1,075401e+00
-1,081071e+00
-1,084525e+00
-1,085438e+00
-1,083916e+00
-1,080022e+00
-1,073674e+00
-1,064966e+00
-1,053768e+00
-1,040290e+00
-1,024453e+00
-1,006373e+00
-9,859823e-01
-9,633497e-01
-9,387172e-01
-9,118240e-01
-8,829184e-01
-8,520502e-01
-8,192255e-01
-7,846059e-01
-7,482099e-01
-7,101557e-01
-6,705052e-01
-6,292523e-01
-5,867386e-01
-5,427468e-01
-4,976742e-01
-4,514153e-01
-4,040757e-01
-3,558604e-01
-3,067321e-01
-2,570572e-01
-2,067551e-01
-1,559436e-01
-1,048091e-01
-5,334552e-02
-1,670735e-03
4,974319e-02
1,012379e-01
1,525586e-01
2,034633e-01
2,539083e-01
3,038751e-01
3,531276e-01
4,016348e-01
4,492850e-01
4,958606e-01
5,414673e-01
5,858381e-01
6,287865e-01
6,704555e-01
7,106898e-01
7,492906e-01
7,861524e-01
8,214801e-01
8,547830e-01
8,862226e-01
9,157058e-01
9,432326e-01
9,685234e-01
9,918143e-01
1,012851e+00
1,031570e+00
1,047998e+00
1,062047e+00
1,073916e+00
1,083233e+00
1,090158e+00
1,094679e+00
1,096698e+00
1,096263e+00
1,093431e+00
1,088127e+00
1,080537e+00
1,070283e+00
1,057693e+00
1,042812e+00
1,025546e+00
1,006062e+00
9,842432e-01
9,602318e-01
9,340653e-01
9,058926e-01
8,755398e-01
8,433052e-01
8,091514e-01
7,731964e-01
7,354962e-01
6,961377e-01
6,553133e-01
6,128369e-01
5,690872e-01
5,240146e-01
4,777123e-01
4,304162e-01
3,821388e-01
3,329173e-01
2,829443e-01
2,323316e-01
1,812406e-01
1,296776e-01
7,777925e-02
2,575044e-02
-2,632185e-02
-7,848108e-02
-1,303236e-01
-1,819238e-01
-2,331638e-01
-2,838697e-01
-3,339111e-01
-3,833375e-01
-4,318509e-01
-4,794576e-01
-5,259711e-01
-5,712300e-01
-6,153772e-01
-6,582014e-01
-6,994170e-01
-7,391855e-01
-7,772584e-01
-8,136046e-01
-8,482988e-01
-8,808750e-01
-9,117122e-01
-9,403383e-01
-9,669955e-01
-9,914044e-01
-1,013664e+00
-1,033688e+00
-1,051309e+00
-1,066656e+00
-1,079593e+00
-1,090114e+00
-1,098319e+00
-1,103909e+00
-1,107151e+00
-1,107847e+00
-1,106021e+00
-1,101865e+00
-1,095158e+00
-1,086021e+00
-1,074562e+00
-1,060532e+00
-1,044135e+00
-1,025471e+00
-1,004466e+00
-9,812185e-01
-9,557786e-01
-9,282084e-01
-8,985264e-01
-8,668943e-01
-8,332063e-01
-7,975991e-01
-7,603709e-01
-7,214036e-01
-6,807408e-01
-6,385314e-01
-5,949246e-01
-5,499328e-01
-5,037422e-01
-4,563902e-01
-4,080569e-01
-3,586926e-01
-3,085457e-01
-2,577777e-01
-2,062706e-01
-1,544095e-01
-1,021012e-01
-4,963140e-02
3,068191e-03
5,556282e-02
1,082251e-01
1,605334e-01
2,125001e-01
2,640569e-01
3,148870e-01
3,651830e-01
4,145908e-01
4,631912e-01
5,106177e-01
5,569573e-01
6,022287e-01
6,460404e-01
6,883367e-01
7,292729e-01
7,685755e-01
8,061702e-01
8,418705e-01
8,758069e-01
9,076999e-01
9,376490e-01
9,654801e-01
9,913050e-01
1,014702e+00
1,035980e+00
1,054899e+00
1,071581e+00
1,085705e+00
1,097412e+00
1,106778e+00
1,113666e+00
1,117983e+00
1,119871e+00
1,119250e+00
1,116132e+00
1,110455e+00
1,102331e+00
1,091717e+00
1,078742e+00
1,063277e+00
1,045464e+00
1,025347e+00
1,002814e+00
9,781627e-01
9,512757e-01
9,222149e-01
8,911603e-01
8,580064e-01
8,229707e-01
7,861213e-01
7,474646e-01
7,071372e-01
6,652384e-01
6,218055e-01
5,768819e-01
5,309025e-01
4,834450e-01
4,350433e-01
3,856666e-01
3,353271e-01
2,842921e-01
2,325428e-01
1,802841e-01
1,275846e-01
7,457442e-02
2,142765e-02
-3,173155e-02
-8,503360e-02
-1,378450e-01
-1,906067e-01
-2,429150e-01
-2,945587e-01
-3,456807e-01
-3,960450e-01
-4,455522e-01
-4,940905e-01
-5,414487e-01
-5,875895e-01
-6,324820e-01
-6,761385e-01
-7,180932e-01
-7,585263e-01
-7,972451e-01
-8,342683e-01
-8,694966e-01
-9,026691e-01
-9,338106e-01
-9,629087e-01
-9,898765e-01
-1,014714e+00
-1,037197e+00
-1,057389e+00
-1,075183e+00
-1,090611e+00
-1,103660e+00
-1,114163e+00
-1,122169e+00
-1,127790e+00
-1,130870e+00
-1,131361e+00
-1,129312e+00
-1,124796e+00
-1,117734e+00
-1,108194e+00
-1,096102e+00
-1,081587e+00
-1,064668e+00
-1,045396e+00
-1,023695e+00
-9,998388e-01
-9,735791e-01
-9,451766e-01
-9,147183e-01
-8,821358e-01
-8,476280e-01
-8,111513e-01
-7,728983e-01
-7,328876e-01
-6,912683e-01
-6,481521e-01
-6,035143e-01
-5,573300e-01
-5,100712e-01
-4,616136e-01
-4,121437e-01
-3,616304e-01
-3,103841e-01
-2,584671e-01
-2,058110e-01
-1,528568e-01
-9,939323e-02
-4,579927e-02
8,024498e-03
6,174889e-02
1,153366e-01
1,687877e-01
2,217979e-01
2,743857e-01
3,263337e-01
3,775179e-01
4,278946e-01
4,774514e-01
5,258034e-01
5,731492e-01
6,190727e-01
6,636794e-01
7,069384e-01
7,485267e-01
7,883821e-01
8,265792e-01
8,630311e-01
8,974457e-01
9,298419e-01
9,602132e-01
9,884977e-01
1,014534e+00
1,038197e+00
1,059774e+00
1,078842e+00
1,095543e+00
1,109878e+00
1,121598e+00
1,130957e+00
1,137696e+00
1,141882e+00
1,143566e+00
1,142708e+00
1,139168e+00
1,133181e+00
1,124684e+00
1,113685e+00
1,100120e+00
1,084177e+00
1,065743e+00
1,044992e+00
1,021807e+00
9,964104e-01
9,686849e-01
9,388290e-01
9,068677e-01
8,728381e-01
8,369701e-01
7,992202e-01
7,595200e-01
7,181802e-01
6,752379e-01
6,307740e-01
5,847387e-01
5,375979e-01
4,890596e-01
4,396580e-01
3,890577e-01
3,376438e-01
2,853604e-01
2,324993e-01
1,791413e-01
1,252803e-01
7,118947e-02
1,686263e-02
-3,737106e-02
-9,173517e-02
-1,457701e-01
-1,994697e-01
-2,528338e-01
-3,056079e-01
-3,576554e-01
-4,090196e-01
-4,593839e-01
-5,089035e-01
-5,571312e-01
-6,042286e-01
-6,500030e-01
-6,942930e-01
-7,369868e-01
-7,780409e-01
-8,174927e-01
-8,551246e-01
-8,907379e-01
-9,245191e-01
-9,561140e-01
-9,856966e-01
-1,012931e+00
-1,038073e+00
-1,060718e+00
-1,081208e+00
-1,099189e+00
-1,114660e+00
-1,127709e+00
-1,138230e+00
-1,146205e+00
-1,151714e+00
-1,154534e+00
-1,154739e+00
-1,152466e+00
-1,147634e+00
-1,140106e+00
-1,130106e+00
-1,117560e+00
-1,102561e+00
-1,085059e+00
-1,065084e+00
-1,042781e+00
-1,018086e+00
-9,911995e-01
-9,619088e-01
-9,306306e-01
-8,972656e-01
-8,618262e-01
-8,244489e-01
-7,852332e-01
-7,442660e-01
-7,015536e-01
-6,572760e-01
-6,115885e-01
-5,644353e-01
-5,161268e-01
-4,665389e-01
-4,159013e-01
-3,643259e-01
-3,119741e-01
-2,588211e-01
-2,050967e-01
-1,509562e-01
-9,643062e-02
-4,168764e-02
1,321682e-02
6,807781e-02
1,227649e-01
1,772408e-01
2,312136e-01
2,848138e-01
3,377742e-01
3,899956e-01
4,413971e-01
4,917614e-01
5,410698e-01
5,891423e-01
6,360160e-01
6,814488e-01
7,252855e-01
7,674824e-01
8,081328e-01
8,469324e-01
8,838190e-01
9,188610e-01
9,516670e-01
9,825290e-01
1,011130e+00
1,037440e+00
1,061563e+00
1,083090e+00
1,102381e+00
1,119262e+00
1,133578e+00
1,145385e+00
1,154491e+00
1,161173e+00
1,165291e+00
1,166732e+00
1,165527e+00
1,161770e+00
1,155447e+00
1,146522e+00
1,134920e+00
1,120914e+00
1,104393e+00
1,085363e+00
1,063948e+00
1,040067e+00
1,013875e+00
9,854606e-01
9,548346e-01
9,219664e-01
8,871232e-01
8,502490e-01
8,114246e-01
7,709295e-01
7,285462e-01
6,846413e-01
6,391091e-01
5,920987e-01
5,438647e-01
4,942520e-01
4,436889e-01
3,920514e-01
3,394512e-01
2,862112e-01
2,321825e-01
1,777439e-01
1,227214e-01
6,756230e-02
1,216718e-02
-4,321553e-02
-9,859202e-02
-1,536890e-01
-2,085127e-01
-2,627775e-01
-3,165143e-01
-3,696362e-01
-4,219321e-01
-4,731473e-01
-5,234743e-01
-5,726150e-01
-6,204266e-01
-6,669277e-01
-7,119817e-01
-7,554146e-01
-7,971892e-01
-8,371378e-01
-8,752604e-01
-9,115693e-01
-9,455865e-01
-9,777404e-01
-1,007621e+00
-1,035241e+00
-1,060619e+00
-1,083525e+00
-1,104213e+00
-1,122163e+00
-1,137765e+00
-1,150845e+00
-1,161341e+00
-1,169210e+00
-1,174577e+00
-1,177136e+00
-1,177173e+00
-1,174589e+00
-1,169335e+00
-1,161472e+00
-1,151006e+00
-1,137926e+00
-1,122417e+00
-1,104313e+00
-1,083723e+00
-1,060755e+00
-1,035353e+00
-1,007640e+00
-9,777342e-01
-9,455555e-01
-9,113209e-01
-8,749374e-01
-8,367341e-01
-7,965929e-01
-7,546631e-01
-7,109445e-01
-6,657228e-01
-6,189857e-01
-5,708387e-01
-5,214061e-01
-4,707996e-01
-4,190502e-01
-3,664128e-01
-3,130238e-01
-2,588335e-01
-2,040160e-01
-1,488010e-01
-9,312020e-02
-3,732758e-02
1,867000e-02
7,444399e-02
1,301993e-01
1,856752e-01
2,406107e-01
2,952295e-01
3,491216e-01
4,022249e-01
4,544773e-01
5,057111e-01
5,558456e-01
6,046509e-01
6,522451e-01
6,984046e-01
7,429120e-01
7,857797e-01
8,270202e-01
8,663229e-01
9,037498e-01
9,392141e-01
9,724114e-01
1,003615e+00
1,032496e+00
1,059221e+00
1,083444e+00
1,105188e+00
1,124610e+00
1,141460e+00
1,155820e+00
1,167602e+00
1,176757e+00
1,183185e+00
1,187085e+00
1,188340e+00
1,186862e+00
1,182812e+00
1,176042e+00
1,166732e+00
1,154733e+00
1,140100e+00
1,123001e+00
1,103406e+00
1,081320e+00
1,056756e+00
1,029875e+00
1,000752e+00
9,693060e-01
9,357236e-01
8,999053e-01
8,622795e-01
8,225111e-01
7,810781e-01
7,378005e-01
6,929328e-01
6,464441e-01
5,984400e-01
5,491564e-01
4,986182e-01
4,469372e-01
3,942004e-01
3,406747e-01
2,863044e-01
2,312819e-01
1,757999e-01
1,197836e-01
6,358732e-02
7,142549e-03
-4,918421e-02
-1,055358e-01
-1,615893e-01
-2,172950e-01
-2,725907e-01
-3,271971e-01
-3,810581e-01
-4,342421e-01
-4,863765e-01
-5,374240e-01
-5,873225e-01
-6,358483e-01
-6,830575e-01
-7,287636e-01
-7,727865e-01
-8,151139e-01
-8,556401e-01
-8,941726e-01
-9,308542e-01
-9,654428e-01
-9,978451e-01
-1,027937e+00
-1,055954e+00
-1,081463e+00
-1,104604e+00
-1,125225e+00
-1,143373e+00
-1,158981e+00
-1,171956e+00
-1,182489e+00
-1,190197e+00
-1,195302e+00
-1,197700e+00
-1,197458e+00
-1,194545e+00
-1,188899e+00
-1,180657e+00
-1,169825e+00
-1,156273e+00
-1,140193e+00
-1,121498e+00
-1,100362e+00
-1,076699e+00
-1,050688e+00
-1,022248e+00
-9,915162e-01
-9,586356e-01
-9,235688e-01
-8,863903e-01
-8,473423e-01
-8,062447e-01
-7,634639e-01
-7,188572e-01
-6,727660e-01
-6,250289e-01
-5,759813e-01
-5,255674e-01
-4,739795e-01
-4,213110e-01
-3,677108e-01
-3,132349e-01
-2,581007e-01
-2,022646e-01
-1,461428e-01
-8,956135e-02
-3,273772e-02
2,406728e-02
8,094061e-02
1,376462e-01
1,938860e-01
2,497718e-01
3,051732e-01
3,598975e-01
4,138331e-01
4,667811e-01
5,188534e-01
5,695965e-01
6,191782e-01
6,674122e-01
7,140499e-01
7,592840e-01
8,027666e-01
8,443611e-01
8,841357e-01
9,219354e-01
9,577599e-01
9,913299e-01
1,022794e+00
1,051930e+00
1,078711e+00
1,103182e+00
1,125082e+00
1,144497e+00
1,161360e+00
1,175701e+00
1,187390e+00
1,196451e+00
1,202749e+00
1,206470e+00
1,207383e+00
1,205650e+00
1,201228e+00
1,194054e+00
1,184346e+00
1,171869e+00
1,156813e+00
1,139237e+00
1,119057e+00
1,096313e+00
1,071153e+00
1,043607e+00
1,013720e+00
9,815663e-01
9,472014e-01
9,107371e-01
8,721984e-01
8,316598e-01
7,893697e-01
7,452722e-01
6,994791e-01
6,520837e-01
6,032535e-01
5,530382e-01
5,015684e-01
4,490179e-01
3,954239e-01
3,409853e-01
2,856647e-01
2,297354e-01
1,732410e-01
1,164919e-01
5,924589e-02
2,037179e-03
-5,523985e-02
-1,123989e-01
-1,692846e-01
-2,257977e-01
-2,818574e-01
-3,372277e-01
-3,920017e-01
-4,456950e-01
-4,985685e-01
-5,503054e-01
-6,007753e-01
-6,499285e-01
-6,977152e-01
-7,438499e-01
-7,884566e-01
-8,311567e-01
-8,720742e-01
-9,110911e-01
-9,481206e-01
-9,829327e-01
-1,015639e+00
-1,045992e+00
-1,074084e+00
-1,099723e+00
-1,122989e+00
-1,143739e+00
-1,161826e+00
-1,177427e+00
-1,190371e+00
-1,200687e+00
-1,208240e+00
-1,213134e+00
-1,215314e+00
-1,214755e+00
-1,211581e+00
-1,205662e+00
-1,197004e+00
-1,185620e+00
-1,171651e+00
-1,155081e+00
-1,135808e+00
-1,114157e+00
-1,089947e+00
-1,063171e+00
-1,034198e+00
-1,002845e+00
-9,693122e-01
-9,334690e-01
-8,955825e-01
-8,557270e-01
-8,138965e-01
-7,702525e-01
-7,248755e-01
-6,779459e-01
-6,293703e-01
-5,794532e-01
-5,283126e-01
-4,757186e-01
-4,223110e-01
-3,677357e-01
-3,125517e-01
-2,565355e-01
-1,998982e-01
-1,428510e-01
-8,544352e-02
-2,791805e-02
2,977511e-02
8,728816e-02
1,446894e-01
2,018609e-01
2,584236e-01
3,145082e-01
3,699530e-01
4,243668e-01
4,780787e-01
5,306106e-01
5,820556e-01
6,320907e-01
6,808464e-01
7,280555e-01
7,736250e-01
8,174430e-01
8,594909e-01
8,995947e-01
9,377235e-01
9,738275e-01
1,007596e+00
1,039228e+00
1,068606e+00
1,095512e+00
1,119939e+00
1,141988e+00
1,161391e+00
1,178179e+00
1,192315e+00
1,203985e+00
1,212879e+00
1,219003e+00
1,222388e+00
1,223127e+00
1,221140e+00
1,216370e+00
1,208848e+00
1,198625e+00
1,185787e+00
1,170285e+00
1,152112e+00
1,131374e+00
1,108120e+00
1,082432e+00
1,054234e+00
1,023788e+00
9,910007e-01
9,559587e-01
9,187926e-01
8,796328e-01
8,383427e-01
7,953508e-01
7,503651e-01
7,039696e-01
6,557605e-01
6,061540e-01
5,553052e-01
5,029721e-01
4,497135e-01
3,953059e-01
3,400599e-01
2,840685e-01
2,273442e-01
1,701417e-01
1,126659e-01
5,471813e-02
-3,248307e-03
-6,120233e-02
-1,190632e-01
-1,766011e-01
-2,336918e-01
-2,903663e-01
-3,464944e-01
-4,016907e-01
-4,560859e-01
-5,094128e-01
-5,616155e-01
-6,125698e-01
-6,621950e-01
-7,104538e-01
-7,569797e-01
-8,017915e-01
-8,449263e-01
-8,861419e-01
-9,254259e-01
-9,625734e-01
-9,975905e-01
-1,030515e+00
-1,060954e+00
-1,089127e+00
-1,114815e+00
-1,138081e+00
-1,158764e+00
-1,176844e+00
-1,192396e+00
-1,205165e+00
-1,215264e+00
-1,222761e+00
-1,227400e+00
-1,229338e+00
-1,228469e+00
-1,224922e+00
-1,218575e+00
-1,209556e+00
-1,197855e+00
-1,183409e+00
-1,166397e+00
-1,146727e+00
-1,124392e+00
-1,099717e+00
-1,072488e+00
-1,042862e+00
-1,010919e+00
-9,766970e-01
-9,403134e-01
-9,018058e-01
-8,612920e-01
-8,188156e-01
-7,745442e-01
-7,285213e-01
-6,809147e-01
-6,316498e-01
-5,810681e-01
-5,291635e-01
-4,760043e-01
-4,217644e-01
-3,666674e-01
-3,107692e-01
-2,540387e-01
-1,968114e-01
-1,390685e-01
-8,112693e-02
-2,291205e-02
3,531525e-02
9,356739e-02
1,515028e-01
2,092021e-01
2,663115e-01
3,229798e-01
3,787787e-01
4,338881e-01
4,878796e-01
5,409456e-01
5,926328e-01
6,432207e-01
6,922620e-01
7,396886e-01
7,855810e-01
8,296226e-01
8,720369e-01
9,123333e-01
9,506111e-01
9,867524e-01
1,020745e+00
1,052414e+00
1,081755e+00
1,108729e+00
1,133200e+00
1,155149e+00
1,174465e+00
1,191259e+00
1,205302e+00
1,216680e+00
1,225307e+00
1,231245e+00
1,234431e+00
1,234866e+00
1,232531e+00
1,227431e+00
1,219600e+00
1,209004e+00
1,195750e+00
1,179856e+00
1,161155e+00
1,140075e+00
1,116343e+00
1,090096e+00
1,061377e+00
1,030397e+00
9,970129e-01
9,614678e-01
9,237055e-01
8,838935e-01
8,421376e-01
7,984686e-01
7,530420e-01
7,059509e-01
6,572139e-01
6,069552e-01
5,554108e-01
5,025684e-01
4,486949e-01
3,937594e-01
3,378736e-01
2,813792e-01
2,241704e-01
1,663220e-01
1,082065e-01
4,986741e-02
-8,664222e-03
-6,702816e-02
-1,253673e-01
-1,834641e-01
-2,410455e-01
-2,981114e-01
-3,545934e-01
-4,102059e-01
-4,648743e-01
-5,186546e-01
-5,711182e-01
-6,224017e-01
-6,723002e-01
-7,206832e-01
-7,675135e-01
-8,125301e-01
-8,557767e-01
-8,972159e-01
-9,364937e-01
-9,738151e-01
-1,008894e+00
-1,041775e+00
-1,072227e+00
-1,100375e+00
-1,125995e+00
-1,149162e+00
-1,169856e+00
-1,187756e+00
-1,203066e+00
-1,215767e+00
-1,225637e+00
-1,232829e+00
-1,237226e+00
-1,238847e+00
-1,237829e+00
-1,233891e+00
-1,227270e+00
-1,217910e+00
-1,205737e+00
-1,190986e+00
-1,173496e+00
-1,153410e+00
-1,130796e+00
-1,105549e+00
-1,077910e+00
-1,047799e+00
-1,015347e+00
-9,806968e-01
-9,438288e-01
-9,047932e-01
-8,637515e-01
-8,208031e-01
-7,759417e-01
-7,294344e-01
-6,812998e-01
-6,315876e-01
-5,804346e-01
-5,279710e-01
-4,743522e-01
-4,197645e-01
-3,640464e-01
-3,076886e-01
-2,505109e-01
-1,928985e-01
-1,346960e-01
-7,630727e-02
-1,771352e-02
4,104171e-02
9,957955e-02
1,579000e-01
2,158913e-01
2,734043e-01
3,302466e-01
3,864181e-01
4,418008e-01
4,960904e-01
5,492744e-01
6,013157e-01
6,520153e-01
7,011126e-01
7,487751e-01
7,947856e-01
8,389389e-01
8,813346e-01
9,217304e-01
9,599461e-01
9,961682e-01
1,030154e+00
1,061780e+00
1,091108e+00
1,117908e+00
1,142236e+00
1,164055e+00
1,183322e+00
1,199787e+00
1,213761e+00
1,224829e+00
1,233239e+00
1,239021e+00
1,241903e+00
1,242040e+00
1,239363e+00
1,233947e+00
1,225761e+00
1,214873e+00
1,201271e+00
1,184905e+00
1,165894e+00
1,144323e+00
1,120268e+00
1,093661e+00
1,064557e+00
1,033080e+00
9,992798e-01
9,633000e-01
9,251464e-01
8,848811e-01
8,428021e-01
7,986053e-01
7,528184e-01
7,052553e-01
6,561021e-01
6,055267e-01
5,535289e-01
5,003200e-01
4,460056e-01
3,905918e-01
3,344266e-01
2,775098e-01
2,199408e-01
1,617880e-01
1,033744e-01
4,469372e-02
-1,402424e-02
-7,275462e-02
-1,313484e-01
-1,896813e-01
-2,474738e-01
-3,048005e-01
-3,613757e-01
-4,171559e-01
-4,720169e-01
-5,259587e-01
-5,786024e-01
-6,299418e-01
-6,798961e-01
-7,283661e-01
-7,751715e-01
-8,201882e-01
-8,634720e-01
-9,048181e-01
-9,441021e-01
-9,813800e-01
-1,016354e+00
-1,049135e+00
-1,079550e+00
-1,107524e+00
-1,133038e+00
-1,155956e+00
-1,176452e+00
-1,194222e+00
-1,209289e+00
-1,221724e+00
-1,231388e+00
-1,238245e+00
-1,242400e+00
-1,243841e+00
-1,242369e+00
-1,238164e+00
-1,231239e+00
-1,221637e+00
-1,209084e+00
-1,193917e+00
-1,176241e+00
-1,155807e+00
-1,132783e+00
-1,107207e+00
-1,079165e+00
-1,048719e+00
-1,015882e+00
-9,808831e-01
-9,435742e-01
-9,042467e-01
-8,628447e-01
-8,194926e-01
-7,744386e-01
-7,274841e-01
-6,789707e-01
-6,290412e-01
-5,775589e-01
-5,248593e-01
-4,709300e-01
-4,159696e-01
-3,601025e-01
-3,033161e-01
-2,460515e-01
-1,880726e-01
-1,297584e-01
-7,107768e-02
-1,227276e-02
4,646383e-02
1,052004e-01
1,637072e-01
2,218910e-01
2,794289e-01
3,363209e-01
3,926539e-01
4,479993e-01
5,023013e-01
5,555909e-01
6,075700e-01
6,581890e-01
7,073670e-01
7,549736e-01
8,008847e-01
8,450443e-01
8,873344e-01
9,275438e-01
9,657720e-01
1,001690e+00
1,035564e+00
1,067041e+00
1,096077e+00
1,122771e+00
1,146864e+00
1,168484e+00
1,187427e+00
1,203762e+00
1,217364e+00
1,228226e+00
1,236425e+00
1,241853e+00
1,244443e+00
1,244232e+00
1,241269e+00
1,235624e+00
1,227171e+00
1,215935e+00
1,202029e+00
1,185384e+00
1,166049e+00
1,144249e+00
1,119772e+00
1,092829e+00
1,063439e+00
1,031682e+00
9,976588e-01
9,613995e-01
9,229539e-01
8,824029e-01
8,399824e-01
7,956799e-01
7,495204e-01
7,016281e-01
6,523072e-01
6,014771e-01
5,494049e-01
4,959041e-01
4,414903e-01
3,859212e-01
3,296069e-01
2,725969e-01
2,148292e-01
1,566392e-01
9,812620e-02
3,933371e-02
-1,952090e-02
-7,827612e-02
-1,368637e-01
-1,951531e-01
-2,529394e-01
-3,101543e-01
-3,668103e-01
-4,225221e-01
-4,773955e-01
-5,311883e-01
-5,837326e-01
-6,349974e-01
-6,848214e-01
-7,331423e-01
-7,798173e-01
-8,246849e-01
-8,677576e-01
-9,089049e-01
-9,480771e-01
-9,850569e-01
-1,019863e+00
-1,052377e+00
-1,082550e+00
-1,110300e+00
-1,135429e+00
-1,158261e+00
-1,178334e+00
-1,195868e+00
-1,210730e+00
-1,222748e+00
-1,232164e+00
-1,238841e+00
-1,242654e+00
-1,243754e+00
-1,242077e+00
-1,237648e+00
-1,230382e+00
-1,220376e+00
-1,207681e+00
-1,192147e+00
-1,174042e+00
-1,153397e+00
-1,130094e+00
-1,104356e+00
-1,075941e+00
-1,045340e+00
-1,012298e+00
-9,770945e-01
-9,396365e-01
-8,999674e-01
-8,584909e-01
-8,149710e-01
-7,696624e-01
-7,226893e-01
-6,740330e-01
-6,239110e-01
-5,724473e-01
-5,195738e-01
-4,655700e-01
-4,105723e-01
-3,545499e-01
-2,978629e-01
-2,405486e-01
-1,826257e-01
-1,242431e-01
-6,564313e-02
-6,918956e-03
5,186112e-02
1,104611e-01
1,688871e-01
2,268287e-01
2,843293e-01
3,411281e-01
3,972624e-01
4,524649e-01
5,066986e-01
5,597274e-01
6,114705e-01
6,619342e-01
7,108886e-01
7,581971e-01
8,038473e-01
8,477460e-01
8,897690e-01
9,297238e-01
9,675359e-01
1,003305e+00
1,036837e+00
1,067997e+00
1,096779e+00
1,123132e+00
1,146957e+00
1,168123e+00
1,186843e+00
1,202923e+00
1,216146e+00
1,226773e+00
1,234599e+00
1,239742e+00
1,242058e+00
1,241611e+00
1,238363e+00
1,232338e+00
1,223500e+00
1,212109e+00
1,197948e+00
1,181098e+00
1,161583e+00
1,139448e+00
1,114815e+00
1,087742e+00
1,058141e+00
1,026229e+00
9,920069e-01
9,556296e-01
9,170225e-01
8,764653e-01
8,339081e-01
7,894877e-01
7,432474e-01
6,954048e-01
6,460156e-01
5,952662e-01
5,429579e-01
4,896621e-01
4,351738e-01
3,798221e-01
3,235078e-01
2,664792e-01
2,089102e-01
1,508196e-01
9,248669e-02
3,379978e-02
-2,476912e-02
-8,343739e-02
-1,417392e-01
-1,998609e-01
-2,575106e-01
-3,144585e-01
-3,707728e-01
-4,263418e-01
-4,807246e-01
-5,342564e-01
-5,864902e-01
-6,374942e-01
-6,870511e-01
-7,349931e-01
-7,813203e-01
-8,258463e-01
-8,686271e-01
-9,095011e-01
-9,481765e-01
-9,848767e-01
-1,019211e+00
-1,051420e+00
-1,081146e+00
-1,108573e+00
-1,133429e+00
-1,155826e+00
-1,175670e+00
-1,192818e+00
-1,207209e+00
-1,219059e+00
-1,228127e+00
-1,234456e+00
-1,237996e+00
-1,238704e+00
-1,236723e+00
-1,232028e+00
-1,224550e+00
-1,214246e+00
-1,201321e+00
-1,185769e+00
-1,167378e+00
-1,146503e+00
-1,123125e+00
-1,097120e+00
-1,068681e+00
-1,037862e+00
-1,004745e+00
-9,694178e-01
-9,319163e-01
-8,922720e-01
-8,507645e-01
-8,072757e-01
-7,619671e-01
-7,149816e-01
-6,664433e-01
-6,163709e-01
-5,648887e-01
-5,121829e-01
-4,583591e-01
-4,035416e-01
-3,477614e-01
-2,912794e-01
-2,340893e-01
-1,763775e-01
-1,183489e-01
-5,993530e-02
-1,589993e-03
5,696027e-02
1,152373e-01
1,733341e-01
2,309217e-01
2,881056e-01
3,445690e-01
4,002871e-01
4,550859e-01
5,089035e-01
5,615410e-01
6,129052e-01
6,629776e-01
7,114848e-01
7,584579e-01
8,036051e-01
8,470814e-01
8,885393e-01
9,281152e-01
9,656664e-01
1,000932e+00
1,033999e+00
1,064793e+00
1,093139e+00
1,118964e+00
1,142497e+00
1,163347e+00
1,181638e+00
1,197284e+00
1,210202e+00
1,220550e+00
1,228040e+00
1,232686e+00
1,234742e+00
1,234040e+00
1,230481e+00
1,224314e+00
1,215289e+00
1,203569e+00
1,189191e+00
1,172173e+00
1,152602e+00
1,130256e+00
1,105549e+00
1,078363e+00
1,048725e+00
1,016813e+00
9,823924e-01
9,460337e-01
9,075695e-01
8,670433e-01
8,244924e-01
7,802458e-01
7,341671e-01
6,864424e-01
6,372334e-01
5,866455e-01
5,347098e-01
4,814761e-01
4,272983e-01
3,721144e-01
3,161851e-01
2,595105e-01
2,022211e-01
1,445031e-01
8,648074e-02
2,825344e-02
-2,998007e-02
-8,818253e-02
-1,461117e-01
-2,037428e-01
-2,608894e-01
-3,174024e-01
-3,732510e-01
-4,282610e-01
-4,822401e-01
-5,352626e-01
-5,870492e-01
-6,374259e-01
-6,864859e-01
-7,339435e-01
-7,797676e-01
-8,238340e-01
-8,660247e-01
-9,063398e-01
-9,446300e-01
-9,807216e-01
-1,014702e+00
-1,046365e+00
-1,075637e+00
-1,102549e+00
-1,127001e+00
-1,148988e+00
-1,168353e+00
-1,185104e+00
-1,199222e+00
-1,210637e+00
-1,219432e+00
-1,225351e+00
-1,228562e+00
-1,229059e+00
-1,226810e+00
-1,221767e+00
-1,214022e+00
-1,203650e+00
-1,190501e+00
-1,174719e+00
-1,156310e+00
-1,135262e+00
-1,111809e+00
-1,085761e+00
-1,057296e+00
-1,026533e+00
-9,934540e-01
-9,582195e-01
-9,207056e-01
-8,811918e-01
-8,397898e-01
-7,964439e-01
-7,514210e-01
-7,046404e-01
-6,562947e-01
-6,065452e-01
-5,554605e-01
-5,029969e-01
-4,495582e-01
-3,950451e-01
-3,396996e-01
-2,835281e-01
-2,268349e-01
-1,695703e-01
-1,120386e-01
-5,414052e-02
3,807289e-03
6,179857e-02
1,195725e-01
1,770979e-01
2,341824e-01
2,907142e-01
3,466248e-01
4,017715e-01
4,559555e-01
5,091830e-01
5,612491e-01
6,120295e-01
6,613814e-01
7,093358e-01
7,556755e-01
8,003009e-01
8,431499e-01
8,840861e-01
9,231279e-01
9,599710e-01
9,947521e-01
1,027347e+00
1,057464e+00
1,085413e+00
1,110828e+00
1,133821e+00
1,154186e+00
1,172036e+00
1,187222e+00
1,199799e+00
1,209687e+00
1,216767e+00
1,221196e+00
1,222984e+00
1,222022e+00
1,218165e+00
1,211662e+00
1,202588e+00
1,190713e+00
1,176160e+00
1,159074e+00
1,139330e+00
1,117014e+00
1,092270e+00
1,065010e+00
1,035496e+00
1,003627e+00
9,694985e-01
9,332454e-01
8,948434e-01
8,545408e-01
8,122755e-01
7,682029e-01
7,224222e-01
6,751448e-01
6,262028e-01
5,759317e-01
5,243811e-01
4,716567e-01
4,179012e-01
3,632700e-01
3,078004e-01
2,516040e-01
1,949233e-01
1,377270e-01
8,023256e-02
2,271331e-02
-3,495501e-02
-9,241216e-02
-1,498320e-01
-2,067923e-01
-2,632185e-01
-3,191042e-01
-3,743565e-01
-4,286399e-01
-4,819171e-01
-5,343123e-01
-5,852915e-01
-6,350720e-01
-6,833929e-01
-7,302107e-01
-7,753951e-01
-8,188094e-01
-8,603542e-01
-8,999363e-01
-9,376552e-01
-9,730698e-01
-1,006435e+00
-1,037558e+00
-1,066333e+00
-1,092661e+00
-1,116592e+00
-1,138069e+00
-1,156826e+00
-1,173254e+00
-1,186905e+00
-1,197868e+00
-1,206265e+00
-1,211904e+00
-1,214873e+00
-1,214997e+00
-1,212532e+00
-1,207271e+00
-1,199352e+00
-1,188756e+00
-1,175558e+00
-1,159534e+00
-1,141081e+00
-1,120169e+00
-1,096568e+00
-1,070730e+00
-1,042290e+00
-1,011708e+00
-9,787528e-01
-9,436487e-01
-9,064516e-01
-8,671613e-01
-8,260637e-01
-7,831091e-01
-7,383408e-01
-6,919950e-01
-6,440654e-01
-5,947383e-01
-5,441256e-01
-4,921651e-01
-4,392233e-01
-3,853126e-01
-3,305820e-01
-2,750316e-01
-2,188912e-01
-1,623781e-01
-1,053868e-01
-4,817804e-02
9,061721e-03
6,630770e-02
1,232866e-01
1,800357e-01
2,363376e-01
2,921861e-01
3,474260e-01
4,017528e-01
4,552164e-01
5,075433e-01
5,589386e-01
6,089799e-01
6,575493e-01
7,047398e-01
7,503900e-01
7,942576e-01
8,363304e-01
8,765709e-01
9,148549e-01
9,510707e-01
9,852618e-01
1,017167e+00
1,046744e+00
1,073960e+00
1,098816e+00
1,121237e+00
1,141081e+00
1,158416e+00
1,173266e+00
1,185297e+00
1,194787e+00
1,201594e+00
1,205724e+00
1,207147e+00
1,205892e+00
1,201880e+00
1,195172e+00
1,185874e+00
1,173956e+00
1,159341e+00
1,142174e+00
1,122411e+00
1,100238e+00
1,075568e+00
1,048414e+00
1,018993e+00
9,873425e-01
9,534682e-01
9,174200e-01
8,793782e-01
8,394110e-01
7,974687e-01
7,538308e-01
7,085843e-01
6,616485e-01
6,132779e-01
5,635471e-01
5,125493e-01
4,604584e-01
4,073737e-01
3,533885e-01
2,985523e-01
2,430765e-01
1,870602e-01
1,306527e-01
7,403407e-02
1,709243e-02
-3,969394e-02
-9,647410e-02
-1,528630e-01
-2,090345e-01
-2,646842e-01
-3,197129e-01
-3,740832e-01
-4,275530e-01
-4,800290e-01
-5,315050e-01
-5,816457e-01
-6,306622e-01
-6,781136e-01
-7,239998e-01
-7,684202e-01
-8,110333e-01
-8,518701e-01
-8,907504e-01
-9,276059e-01
-9,624740e-01
-9,950254e-01
-1,025465e+00
-1,053569e+00
-1,079357e+00
-1,102648e+00
-1,123535e+00
-1,141926e+00
-1,157677e+00
-1,170881e+00
-1,181545e+00
-1,189483e+00
-1,194762e+00
-1,197309e+00
-1,197290e+00
-1,194557e+00
-1,189129e+00
-1,181073e+00
-1,170285e+00
-1,157018e+00
-1,141150e+00
-1,122629e+00
-1,101723e+00
-1,078283e+00
-1,052476e+00
-1,024316e+00
-9,938453e-01
-9,612194e-01
-9,263886e-01
-8,895206e-01
-8,507335e-01
-8,099712e-01
-7,674700e-01
-7,232234e-01
-6,773993e-01
-6,300349e-01
-5,813476e-01
-5,313000e-01
-4,800600e-01
-4,277828e-01
-3,746671e-01
-3,205514e-01
-2,658891e-01
-2,105251e-01
-1,547573e-01
-9,859202e-02
-4,230252e-02
1,410498e-02
7,041932e-02
1,265846e-01
1,824890e-01
2,378904e-01
2,927886e-01
3,470409e-01
4,004051e-01
4,530363e-01
5,044813e-01
5,548021e-01
6,040298e-01
6,517793e-01
6,980817e-01
7,427381e-01
7,857114e-01
8,271382e-01
8,664471e-01
9,040231e-01
9,394874e-01
9,727593e-01
1,004013e+00
1,032918e+00
1,059532e+00
1,083605e+00
1,105561e+00
1,124889e+00
1,141553e+00
1,155969e+00
1,167614e+00
1,176577e+00
1,183110e+00
1,186862e+00
1,188048e+00
1,186452e+00
1,182303e+00
1,175471e+00
1,166055e+00
1,154006e+00
1,139404e+00
1,122169e+00
1,102456e+00
1,080407e+00
1,055905e+00
1,028999e+00
9,997954e-01
9,684737e-01
9,348106e-01
8,992593e-01
8,616026e-01
8,220453e-01
7,807675e-01
7,375831e-01
6,929204e-01
6,465435e-01
5,988748e-01
5,498148e-01
4,995623e-01
4,481918e-01
3,957593e-01
3,426809e-01
2,886521e-01
2,340458e-01
1,789985e-01
1,234295e-01
6,764304e-02
1,181937e-02
-4,416580e-02
-9,986525e-02
-1,555150e-01
-2,106617e-01
-2,652743e-01
-3,193713e-01
-3,727293e-01
-4,251804e-01
-4,768179e-01
-5,272257e-01
-5,764782e-01
-6,244265e-01
-6,710083e-01
-7,159877e-01
-7,594206e-01
-8,011890e-01
-8,410817e-01
-8,791235e-01
-9,151903e-01
-9,492696e-01
-9,811564e-01
-1,010795e+00
-1,038185e+00
-1,063345e+00
-1,085860e+00
-1,106194e+00
-1,124051e+00
-1,139268e+00
-1,151981e+00
-1,162130e+00
-1,169757e+00
-1,174719e+00
-1,176906e+00
-1,176620e+00
-1,173620e+00
-1,168105e+00
-1,159882e+00
-1,149149e+00
-1,135746e+00
-1,119846e+00
-1,101536e+00
-1,080630e+00
-1,057377e+00
-1,031806e+00
-1,003932e+00
-9,737468e-01
-9,414128e-01
-9,070726e-01
-8,706519e-01
-8,322560e-01
-7,920962e-01
-7,501540e-01
-7,065223e-01
-6,613441e-01
-6,147623e-01
-5,667022e-01
-5,173628e-01
-4,670668e-01
-4,154665e-01
-3,632203e-01
-3,099990e-01
-2,561939e-01
-2,018422e-01
-1,469315e-01
-9,192150e-02
-3,645184e-02
1,889981e-02
7,420798e-02
1,293485e-01
1,842219e-01
2,387350e-01
2,924532e-01
3,456621e-01
3,981319e-01
4,495644e-01
5,001647e-01
5,494483e-01
5,975394e-01
6,443573e-01
6,896783e-01
7,334777e-01
7,755628e-01
8,158840e-01
8,544538e-01
8,910112e-01
9,256371e-01
9,582381e-01
9,885784e-01
1,016807e+00
1,042675e+00
1,066209e+00
1,087375e+00
1,106151e+00
1,122368e+00
1,136150e+00
1,147385e+00
1,156012e+00
1,161993e+00
1,165471e+00
1,166347e+00
1,164558e+00
1,160174e+00
1,153217e+00
1,143783e+00
1,131665e+00
1,117033e+00
1,100021e+00
1,080463e+00
1,058507e+00
1,034167e+00
1,007528e+00
9,787093e-01
9,476485e-01
9,145816e-01
8,793720e-01
8,422059e-01
8,032138e-01
7,625012e-01
7,199565e-01
6,759336e-01
6,303455e-01
5,833351e-01
5,351943e-01
4,857057e-01
4,351676e-01
3,837350e-01
3,315074e-01
2,783669e-01
2,247915e-01
1,706013e-01
1,161503e-01
6,140108e-02
6,552512e-03
-4,833953e-02
-1,031198e-01
-1,575833e-01
-2,116120e-01
-2,651749e-01
-3,181788e-01
-3,704498e-01
-4,218576e-01
-4,723026e-01
-5,217352e-01
-5,699630e-01
-6,168429e-01
-6,624000e-01
-7,064353e-01
-7,489118e-01
-7,897113e-01
-8,286909e-01
-8,658011e-01
-9,010543e-01
-9,340777e-01
-9,653248e-01
-9,941062e-01
-1,020881e+00
-1,045234e+00
-1,067221e+00
-1,086922e+00
-1,104077e+00
-1,118852e+00
-1,131069e+00
-1,140845e+00
-1,147982e+00
-1,152515e+00
-1,154509e+00
-1,153956e+00
-1,150752e+00
-1,145000e+00
-1,136721e+00
-1,125927e+00
-1,112635e+00
-1,096785e+00
-1,078525e+00
-1,057861e+00
-1,034856e+00
-1,009466e+00
-9,818458e-01
-9,521763e-01
-9,202584e-01
-8,863344e-01
-8,503981e-01
-8,126544e-01
-7,731219e-01
-7,317945e-01
-6,887405e-01
-6,444318e-01
-5,984773e-01
-5,512619e-01
-5,028665e-01
-4,533407e-01
-4,028335e-01
-3,513140e-01
-2,992169e-01
-2,463745e-01
-1,929855e-01
-1,390810e-01
-8,506465e-02
-3,073159e-02
2,350830e-02
7,774199e-02
1,318515e-01
1,855510e-01
2,389027e-01
2,915837e-01
3,436808e-01
3,949892e-01
4,454031e-01
4,948482e-01
5,430511e-01
5,900429e-01
6,357738e-01
6,801259e-01
7,228384e-01
7,639794e-01
8,033877e-01
8,410382e-01
8,767199e-01
9,103955e-01
9,421519e-01
9,717779e-01
9,990376e-01
1,024353e+00
1,047104e+00
1,067674e+00
1,085804e+00
1,101511e+00
1,114797e+00
1,125448e+00
1,133653e+00
1,139386e+00
1,142547e+00
1,143149e+00
1,141187e+00
1,136659e+00
1,129529e+00
1,119933e+00
1,107878e+00
1,093388e+00
1,076401e+00
1,057048e+00
1,035353e+00
1,011298e+00
9,849575e-01
9,564867e-01
9,258793e-01
8,931913e-01
8,585282e-01
8,219273e-01
7,836121e-01
7,434462e-01
7,016964e-01
6,583194e-01
6,135449e-01
5,673730e-01
5,200831e-01
4,715138e-01
4,218638e-01
3,713504e-01
3,199924e-01
2,679698e-01
2,153944e-01
1,622663e-01
1,088835e-01
5,514048e-02
1,496830e-03
-5,238283e-02
-1,059271e-01
-1,591857e-01
-2,121523e-01
-2,647153e-01
-3,164646e-01
-3,675866e-01
-4,179385e-01
-4,672655e-01
-5,155927e-01
-5,626465e-01
-6,085948e-01
-6,530526e-01
-6,961004e-01
-7,375085e-01
-7,772584e-01
-8,152816e-01
-8,516092e-01
-8,857506e-01
-9,182337e-01
-9,482820e-01
-9,764485e-01
-1,002354e+00
-1,026068e+00
-1,047445e+00
-1,066401e+00
-1,083140e+00
-1,097276e+00
-1,109083e+00
-1,118362e+00
-1,125038e+00
-1,129312e+00
-1,131088e+00
-1,130343e+00
-1,126914e+00
-1,121126e+00
-1,112697e+00
-1,101853e+00
-1,088562e+00
-1,072892e+00
-1,054768e+00
-1,034291e+00
-1,011528e+00
-9,864792e-01
-9,593251e-01
-9,299288e-01
-8,984767e-01
-8,650248e-01
-8,297219e-01
-7,925745e-01
-7,536072e-01
-7,129879e-01
-6,707847e-01
-6,271531e-01
-5,820184e-01
-5,356663e-01
-4,881653e-01
-4,394531e-01
-3,900018e-01
-3,394015e-01
-2,883167e-01
-2,364805e-01
-1,841598e-01
-1,314229e-01
-7,850593e-02
-2,521630e-02
2,788700e-02
8,103998e-02
1,340004e-01
1,865385e-01
2,386543e-01
2,902794e-01
3,412524e-01
3,914117e-01
4,406953e-01
4,889727e-01
5,361259e-01
5,821861e-01
6,267307e-01
6,699835e-01
7,116774e-01
7,518557e-01
7,902578e-01
8,268463e-01
8,617206e-01
8,945514e-01
9,254259e-01
9,541948e-01
9,808024e-01
1,005273e+00
1,027378e+00
1,047402e+00
1,064811e+00
1,080053e+00
1,092773e+00
1,103058e+00
1,110946e+00
1,116275e+00
1,119107e+00
1,119436e+00
1,117281e+00
1,112623e+00
1,105511e+00
1,095866e+00
1,083860e+00
1,069389e+00
1,052458e+00
1,033297e+00
1,011770e+00
9,880381e-01
9,620641e-01
9,339907e-01
9,038430e-01
8,716332e-01
8,375291e-01
8,015244e-01
7,638118e-01
7,243290e-01
6,832749e-01
6,407798e-01
5,966885e-01
5,514172e-01
5,048912e-01
4,572536e-01
4,086594e-01
3,590839e-01
3,087631e-01
2,577342e-01
2,061526e-01
1,541362e-01
1,017534e-01
4,920906e-02
-3,478111e-03
-5,601622e-02
-1,084922e-01
-1,607136e-01
-2,125001e-01
-2,637961e-01
-3,146448e-01
-3,645060e-01
-4,137399e-01
-4,619614e-01
-5,091333e-01
-5,551872e-01
-6,000176e-01
-6,434256e-01
-6,853431e-01
-7,257140e-01
-7,645881e-01
-8,016921e-01
-8,369949e-01
-8,703910e-01
-9,017623e-01
-9,312145e-01
-9,585735e-01
-9,837960e-01
-1,006739e+00
-1,027428e+00
-1,045837e+00
-1,061991e+00
-1,075618e+00
-1,086860e+00
-1,095760e+00
-1,102151e+00
-1,106045e+00
-1,107648e+00
-1,106586e+00
-1,103114e+00
-1,097139e+00
-1,088736e+00
-1,077904e+00
-1,064650e+00
-1,049023e+00
-1,031055e+00
-1,010801e+00
-9,883052e-01
-9,636230e-01
-9,368167e-01
-9,078614e-01
-8,769373e-01
-8,440692e-01
-8,092756e-01
-7,726747e-01
-7,343720e-01
-6,944172e-01
-6,529967e-01
-6,100606e-01
-5,658389e-01
-5,203502e-01
-4,736442e-01
-4,259568e-01
-3,773191e-01
-3,277933e-01
-2,776712e-01
-2,269219e-01
-1,756073e-01
-1,239822e-01
-7,205900e-02
-2,003640e-02
3,219737e-02
8,408954e-02
1,359817e-01
1,873646e-01
2,384307e-01
2,888509e-01
3,386624e-01
3,877845e-01
4,359253e-01
4,831593e-01
5,291759e-01
5,741305e-01
6,176752e-01
6,598721e-01
7,006344e-01
7,397879e-01
7,771901e-01
8,130643e-01
8,469075e-01
8,789372e-01
9,089235e-01
9,369720e-01
9,627535e-01
9,866034e-01
1,008087e+00
1,027272e+00
1,044265e+00
1,058948e+00
1,071171e+00
1,081115e+00
1,088500e+00
1,093555e+00
1,096071e+00
1,096195e+00
1,093903e+00
1,089096e+00
1,081860e+00
1,072258e+00
1,060277e+00
1,045837e+00
1,029030e+00
1,010130e+00
9,889511e-01
9,654552e-01
9,398290e-01
9,120662e-01
8,823905e-01
8,507273e-01
8,170952e-01
7,817489e-01
7,445890e-01
7,058143e-01
6,654061e-01
6,236501e-01
5,804035e-01
5,360266e-01
4,903018e-01
4,434964e-01
3,957842e-01
3,472148e-01
2,978691e-01
2,478527e-01
1,972399e-01
1,462980e-01
9,494000e-02
4,348881e-02
-8,086607e-03
-5,968065e-02
-1,110387e-01
-1,621110e-01
-2,128231e-01
-2,629452e-01
-3,125952e-01
-3,615372e-01
-4,095724e-01
-4,568250e-01
-5,029286e-01
-5,479453e-01
-5,916950e-01
-6,341465e-01
-6,750640e-01
-7,145220e-01
-7,524147e-01
-7,886057e-01
-8,230017e-01
-8,555345e-01
-8,860984e-01
-9,148114e-01
-9,413817e-01
-9,657968e-01
-9,882617e-01
-1,008242e+00
-1,026086e+00
-1,041676e+00
-1,054923e+00
-1,065699e+00
-1,074159e+00
-1,080264e+00
-1,083804e+00
-1,085071e+00
-1,083916e+00
-1,080202e+00
-1,074233e+00
-1,065848e+00
-1,054954e+00
-1,041750e+00
-1,026148e+00
-1,008559e+00
-9,884853e-01
-9,661695e-01
-9,418103e-01
-9,152897e-01
-8,867630e-01
-8,563047e-01
-8,239210e-01
-7,896740e-01
-7,536693e-01
-7,160312e-01
-6,767907e-01
-6,360657e-01
-5,938688e-01
-5,504172e-01
-5,057421e-01
-4,598311e-01
-4,131064e-01
-3,653196e-01
-3,168310e-01
-2,675723e-01
-2,177484e-01
-1,674772e-01
-1,168459e-01
-6,592262e-02
-1,494345e-02
3,619720e-02
8,705835e-02
1,378201e-01
1,883708e-01
2,381947e-01
2,876770e-01
3,364327e-01
3,844120e-01
4,315714e-01
4,776564e-01
5,227104e-01
5,667333e-01
6,093712e-01
6,505247e-01
6,902870e-01
7,286207e-01
7,650850e-01
8,000276e-01
8,330821e-01
8,642111e-01
8,935577e-01
9,207491e-01
9,459778e-01
9,691072e-01
9,899324e-01
1,008702e+00
1,025092e+00
1,039204e+00
1,051029e+00
1,060439e+00
1,067606e+00
1,072333e+00
1,074643e+00
1,074488e+00
1,071966e+00
1,067060e+00
1,059836e+00
1,050147e+00
1,038266e+00
1,023950e+00
1,007385e+00
9,884356e-01
9,674365e-01
9,443133e-01
9,190038e-01
8,917131e-01
8,623417e-01
8,311505e-01
7,979904e-01
7,632279e-01
7,266829e-01
6,884610e-01
6,487484e-01
6,077129e-01
5,651868e-01
5,215054e-01
4,765943e-01
4,306957e-01
3,838219e-01
3,360787e-01
2,876646e-01
2,384742e-01
1,889111e-01
1,388636e-01
8,855518e-02
3,801078e-02
-1,252120e-02
-6,312771e-02
-1,134547e-01
-1,635706e-01
-2,132392e-01
-2,623924e-01
-3,110860e-01
-3,590093e-01
-4,060384e-01
-4,522227e-01
-4,973698e-01
-5,413928e-01
-5,842357e-01
-6,257121e-01
-6,657725e-01
-7,042677e-01
-7,413469e-01
-7,766497e-01
-8,102756e-01
-8,420568e-01
-8,719189e-01
-8,999115e-01
-9,257737e-01
-9,496298e-01
-9,714239e-01
-9,908330e-01
-1,008155e+00
-1,023248e+00
-1,035961e+00
-1,046414e+00
-1,054551e+00
-1,060203e+00
-1,063588e+00
-1,064550e+00
-1,063190e+00
-1,059426e+00
-1,053315e+00
-1,044880e+00
-1,034061e+00
-1,020950e+00
-1,005540e+00
-9,877772e-01
-9,680576e-01
-9,460648e-01
-9,219416e-01
-8,957439e-01
-8,676085e-01
-8,375353e-01
-8,055118e-01
-7,717058e-01
-7,363285e-01
-6,991996e-01
-6,606485e-01
-6,204887e-01
-5,789874e-01
-5,362626e-01
-4,922148e-01
-4,472788e-01
-4,012001e-01
-3,541773e-01
-3,066017e-01
-2,581193e-01
-2,092456e-01
-1,598006e-01
-1,100574e-01
-6,002846e-02
-1,005547e-02
4,012870e-02
9,007686e-02
1,399132e-01
1,893521e-01
2,383065e-01
2,868323e-01
3,346377e-01
3,816171e-01
4,279753e-01
4,731411e-01
5,172137e-01
5,602429e-01
6,020113e-01
6,423946e-01
6,813557e-01
7,187081e-01
7,545451e-01
7,885747e-01
8,209521e-01
8,514539e-01
8,800241e-01
9,065696e-01
9,311834e-01
9,536855e-01
9,739517e-01
9,922305e-01
1,008193e+00
1,021794e+00
1,033204e+00
1,042321e+00
1,049029e+00
1,053532e+00
1,055613e+00
1,055290e+00
1,052594e+00
1,047576e+00
1,040322e+00
1,030608e+00
1,018633e+00
1,004367e+00
9,880008e-01
9,692811e-01
9,484560e-01
9,255066e-01
9,004394e-01
8,734840e-01
8,445722e-01
8,136357e-01
7,810098e-01
7,466013e-01
7,105967e-01
6,729585e-01
6,338236e-01
5,932974e-01
5,514793e-01
5,084377e-01
4,642284e-01
4,190564e-01
3,728348e-01
3,258928e-01
2,782985e-01
2,299342e-01
1,811226e-01
1,319446e-01
8,246849e-02
3,275014e-02
-1,688747e-02
-6,660582e-02
-1,160819e-01
-1,652972e-01
-2,140280e-01
-2,623986e-01
-3,100736e-01
-3,571461e-01
-4,033987e-01
-4,486577e-01
-4,929911e-01
-5,361446e-01
-5,781552e-01
-6,187807e-01
-6,580151e-01
-6,958768e-01
-7,321609e-01
-7,667247e-01
-7,995928e-01
-8,306971e-01
-8,599380e-01
-8,872102e-01
-9,124637e-01
-9,359099e-01
-9,569711e-01
-9,760138e-01
-9,928888e-01
-1,007466e+00
-1,019726e+00
-1,029918e+00
-1,037707e+00
-1,043148e+00
-1,046265e+00
-1,047029e+00
-1,045446e+00
-1,041558e+00
-1,035291e+00
-1,026800e+00
-1,015975e+00
-1,002895e+00
-9,875536e-01
-9,700886e-01
-9,503441e-01
-9,285438e-01
-9,046318e-01
-8,787260e-01
-8,508825e-01
-8,211074e-01
-7,894318e-01
-7,561599e-01
-7,212546e-01
-6,845605e-01
-6,464566e-01
-6,067875e-01
-5,659197e-01
-5,237289e-01
-4,803209e-01
-4,359439e-01
-3,905297e-01
-3,442522e-01
-2,972853e-01
-2,496538e-01
-2,014571e-01
-1,528381e-01
-1,037781e-01
-5,466224e-02
-5,217166e-03
4,396705e-02
9,325684e-02
1,422175e-01
1,907868e-01
2,391015e-01
2,866709e-01
3,336937e-01
3,799898e-01
4,254040e-01
4,697437e-01
5,131642e-01
5,553798e-01
5,964339e-01
6,359974e-01
6,742069e-01
7,109320e-01
7,460734e-01
7,794757e-01
8,112072e-01
8,410693e-01
8,690867e-01
8,950856e-01
9,191094e-01
9,410588e-01
9,609088e-01
9,787093e-01
9,942925e-01
1,007516e+00
1,018596e+00
1,027335e+00
1,033813e+00
1,037986e+00
1,039881e+00
1,039390e+00
1,036595e+00
1,031477e+00
1,024117e+00
1,014354e+00
1,002336e+00
9,882927e-01
9,718214e-01
9,532197e-01
9,324753e-01
9,097185e-01
8,849121e-01
8,580561e-01
8,294859e-01
7,989345e-01
7,665446e-01
7,326392e-01
6,968705e-01
6,597666e-01
6,210664e-01
5,809563e-01
5,397220e-01
4,970966e-01
4,536015e-01
4,088209e-01
3,633508e-01
3,169863e-01
2,698765e-01
2,222885e-01
1,741664e-01
1,256157e-01
7,677308e-02
2,780625e-02
-2,125374e-02
-7,005909e-02
-1,189265e-01
-1,673282e-01
-2,154690e-01
-2,630321e-01
-3,101233e-01
-3,563200e-01
-4,019764e-01
-4,464466e-01
-4,900658e-01
-5,325236e-01
-5,738572e-01
-6,138617e-01
-6,524998e-01
-6,897528e-01
-7,253414e-01
-7,592716e-01
-7,915994e-01
-8,221260e-01
-8,507707e-01
-8,775770e-01
-9,023213e-01
-9,252458e-01
-9,458536e-01
-9,644925e-01
-9,809142e-01
-9,951123e-01
-1,007236e+00
-1,017037e+00
-1,024434e+00
-1,029676e+00
-1,032564e+00
-1,033191e+00
-1,031347e+00
-1,027415e+00
-1,021043e+00
-1,012522e+00
-1,001652e+00
-9,885722e-01
-9,732561e-01
-9,557103e-01
-9,361335e-01
-9,144015e-01
-8,907379e-01
-8,649440e-01
-8,372993e-01
-8,078099e-01
-7,765069e-01
-7,434213e-01
-7,087769e-01
-6,723995e-01
-6,346683e-01
-5,954588e-01
-5,549885e-01
-5,132698e-01
-4,702903e-01
-4,263791e-01
-3,815425e-01
-3,357308e-01
-2,893664e-01
-2,421324e-01
-1,945071e-01
-1,465527e-01
-9,803304e-02
-4,950718e-02
-6,894112e-04
4,791719e-02
9,648031e-02
1,449441e-01
1,928550e-01
2,403871e-01
2,875590e-01
3,338738e-01
3,795737e-01
4,242922e-01
4,681848e-01
5,108972e-01
5,525103e-01
5,929744e-01
6,319665e-01
6,696605e-01
7,058329e-01
7,403345e-01
7,732834e-01
8,043876e-01
8,339019e-01
8,612858e-01
8,868872e-01
9,105073e-01
9,320840e-01
9,515117e-01
9,688215e-01
9,840631e-01
9,971806e-01
1,007764e+00
1,016298e+00
1,022521e+00
1,026397e+00
1,028080e+00
1,027421e+00
1,024533e+00
1,019204e+00
1,011745e+00
1,002000e+00
9,899945e-01
9,756970e-01
9,594120e-01
9,408786e-01
9,202522e-01
8,975637e-01
8,728257e-01
8,461684e-01
8,176417e-01
7,873263e-01
7,551848e-01
7,215589e-01
6,861070e-01
6,491583e-01
6,108059e-01
5,711058e-01
5,301759e-01
4,879479e-01
4,447199e-01
4,004175e-01
3,553511e-01
3,093717e-01
2,628023e-01
2,156056e-01
1,679182e-01
1,198582e-01
7,155592e-02
2,310459e-02
-2,542126e-02
-7,376079e-02
-1,221127e-01
-1,700423e-01
-2,176179e-01
-2,646718e-01
-3,111543e-01
-3,568976e-01
-4,020261e-01
-4,459807e-01
-4,891155e-01
-5,310392e-01
-5,718946e-01
-6,113649e-01
-6,495682e-01
-6,862499e-01
-7,213105e-01
-7,548680e-01
-7,866990e-01
-8,168405e-01
-8,450753e-01
-8,714096e-01
-8,957874e-01
-9,181467e-01
-9,386676e-01
-9,568842e-01
-9,729518e-01
-9,870257e-01
-9,987022e-01
-1,008124e+00
-1,015403e+00
-1,020372e+00
-1,023043e+00
-1,023447e+00
-1,021676e+00
-1,017484e+00
-1,010987e+00
-1,002360e+00
-9,913734e-01
-9,781938e-01
-9,628653e-01
-9,454375e-01
-9,258420e-01
-9,041473e-01
-8,805210e-01
-8,548637e-01
-8,272997e-01
-7,978910e-01
-7,667433e-01
-7,338565e-01
-6,993363e-01
-6,632509e-01
-6,256935e-01
-5,866517e-01
-5,464733e-01
-5,049720e-01
-4,623403e-01
-4,187148e-01
-3,741516e-01
-3,287125e-01
-2,825841e-01
-2,358159e-01
-1,886627e-01
-1,409008e-01
-9,285313e-02
-4,469372e-02
3,720336e-03
