4.261951e-01
9.300966e-01
9.299555e-01
4.258535e-01
-3.089099e-01
-8.759309e-01
-9.680223e-01
-5.352778e-01
1.876966e-01
8.087971e-01
9.916879e-01
6.371072e-01
-6.271257e-02
-7.281754e-01
-9.988447e-01
-7.279348e-01
-6.232941e-02
6.369543e-01
9.911176e-01
8.081273e-01
1.871961e-01
-5.349140e-01
-9.668966e-01
-8.746641e-01
-3.081332e-01
4.253649e-01
9.283278e-01
9.282461e-01
4.250990e-01
-3.083278e-01
-8.743181e-01
-9.662773e-01
-5.343704e-01
1.873343e-01
8.073788e-01
9.899844e-01
6.360677e-01
-6.257000e-02
-7.269353e-01
-9.971947e-01
-7.267749e-01
-6.225218e-02
6.359028e-01
9.895315e-01
8.069006e-01
1.869214e-01
-5.340586e-01
-9.654263e-01
-8.733735e-01
-3.077500e-01
4.247159e-01
9.269748e-01
9.269169e-01
4.245332e-01
-3.078570e-01
-8.730988e-01
-9.649763e-01
-5.337036e-01
1.870610e-01
8.063021e-01
9.887057e-01
6.352716e-01
-6.242445e-02
-7.260145e-01
-9.959621e-01
-7.259091e-01
-6.224327e-02
6.351394e-01
9.883760e-01
8.059828e-01
1.867580e-01
-5.334526e-01
-9.643912e-01
-8.724453e-01
-3.074560e-01
4.242154e-01
9.259991e-01
9.260006e-01
4.241501e-01
-3.075020e-01
-8.722419e-01
-9.640823e-01
-5.332209e-01
1.868308e-01
8.055714e-01
9.878548e-01
6.347563e-01
-6.234129e-02
-7.253878e-01
-9.951675e-01
-7.253640e-01
-6.220317e-02
6.346315e-01
9.876602e-01
8.054170e-01
1.866719e-01
-5.330412e-01
-9.637110e-01
-8.718958e-01
-3.072822e-01
4.239481e-01
9.254422e-01
9.254912e-01
4.239451e-01
-3.073149e-01
-8.717518e-01
-9.635877e-01
-5.329907e-01
1.867090e-01
8.051675e-01
9.874419e-01
6.345068e-01
-6.229673e-02
-7.250893e-01
-9.948185e-01
-7.251338e-01
-6.222842e-02
6.344102e-01
9.873558e-01
8.052135e-01
1.866496e-01
-5.328883e-01
-9.634957e-01
-8.717429e-01
-3.072451e-01
4.238501e-01
9.252833e-01
9.253887e-01
4.239080e-01
-3.072525e-01
-8.716864e-01
-9.635506e-01
-5.329848e-01
1.866763e-01
8.051437e-01
9.874374e-01
6.345781e-01
-6.227446e-02
-7.251131e-01
-9.948794e-01
-7.252482e-01
-6.226257e-02
6.344652e-01
9.874939e-01
8.053858e-01
1.867120e-01
-5.329759e-01
-9.636991e-01
-8.719656e-01
-3.073951e-01
4.239347e-01
9.255521e-01
9.256768e-01
4.240966e-01
-3.073476e-01
-8.719850e-01
-9.639293e-01
-5.332536e-01
1.867372e-01
8.054705e-01
9.878815e-01
6.348870e-01
-6.224475e-02
-7.254398e-01
-9.953977e-01
-7.256462e-01
-6.236505e-02
6.348023e-01
9.880567e-01
8.058878e-01
1.868917e-01
-5.332833e-01
-9.643288e-01
-8.725582e-01
-3.076223e-01
4.241783e-01
9.261937e-01
9.263659e-01
4.244500e-01
-3.075184e-01
-8.726666e-01
-9.647120e-01
-5.337110e-01
1.868427e-01
8.061328e-01
9.887637e-01
6.354736e-01
-6.227594e-02
-7.260873e-01
-9.963512e-01
-7.263680e-01
-6.245119e-02
6.353875e-01
9.890711e-01
8.067491e-01
1.871085e-01
-5.338046e-01
-9.653521e-01
-8.735354e-01
-3.079981e-01
4.246342e-01
9.272541e-01
9.274620e-01
4.249758e-01
-3.078599e-01
-8.737092e-01
-9.659060e-01
-5.344016e-01
1.870447e-01
8.071694e-01
9.900602e-01
6.363394e-01
-6.232495e-02
-7.270467e-01
-9.977086e-01
-7.273972e-01
-6.256406e-02
6.362771e-01
9.904968e-01
8.079358e-01
1.874189e-01
-5.345813e-01
-9.668105e-01
-8.749107e-01
-3.084941e-01
4.252684e-01
9.287124e-01
9.289753e-01
4.256916e-01
-3.083441e-01
-8.751423e-01
-9.675441e-01
-5.353328e-01
1.873417e-01
8.085372e-01
9.917800e-01
6.375053e-01
-6.241406e-02
-7.283254e-01
-9.995338e-01
-7.287709e-01
-6.270217e-02
6.374444e-01
9.923458e-01
8.094952e-01
1.877917e-01
-5.356001e-01
-9.686847e-01
-8.766423e-01
-3.091446e-01
4.260926e-01
9.305629e-01
9.308703e-01
4.266183e-01
-3.089575e-01
-8.769393e-01
-9.695758e-01
-5.365120e-01
1.876625e-01
8.102511e-01
9.939185e-01
6.389057e-01
-6.248534e-02
-7.299264e-01
-1.001715e+00
-7.304239e-01
-6.290712e-02
6.388567e-01
9.946047e-01
8.113694e-01
1.883026e-01
-5.367956e-01
-9.709674e-01
-8.787215e-01
-3.099139e-01
4.270594e-01
9.327980e-01
9.331322e-01
4.276891e-01
-3.096614e-01
-8.790943e-01
-9.719936e-01
-5.378828e-01
1.881080e-01
8.122619e-01
9.964611e-01
6.405795e-01
-6.262049e-02
-7.317828e-01
-1.004338e+00
-7.323768e-01
-6.310167e-02
6.405052e-01
9.972749e-01
8.135807e-01
1.888327e-01
-5.382407e-01
-9.736124e-01
-8.811645e-01
-3.108139e-01
4.282267e-01
9.353940e-01
9.357817e-01
4.289292e-01
-3.105213e-01
-8.815908e-01
-9.748124e-01
-5.394629e-01
1.886382e-01
8.146307e-01
9.994120e-01
6.424849e-01
-6.278088e-02
-7.339585e-01
-1.007390e+00
-7.346060e-01
-6.332444e-02
6.424448e-01
1.000333e+00
8.161248e-01
1.894491e-01
-5.398996e-01
-9.766584e-01
-8.839685e-01
-3.118193e-01
4.295633e-01
9.383717e-01
9.388084e-01
4.303326e-01
-3.115000e-01
-8.844571e-01
-9.780262e-01
-5.412911e-01
1.892129e-01
8.173129e-01
1.002730e+00
6.446784e-01
-6.296950e-02
-7.364149e-01
-1.010797e+00
-7.371545e-01
-6.356355e-02
6.446428e-01
1.003775e+00
8.189629e-01
1.901679e-01
-5.417560e-01
-9.800638e-01
-8.870902e-01
-3.129822e-01
4.310544e-01
9.416969e-01
9.421781e-01
4.319277e-01
-3.125901e-01
-8.876397e-01
-9.815816e-01
-5.432768e-01
1.898456e-01
8.202980e-01
1.006432e+00
6.471007e-01
-6.313732e-02
-7.391535e-01
-1.014584e+00
-7.399347e-01
-6.386503e-02
6.470517e-01
1.007591e+00
8.221084e-01
1.909149e-01
-5.437772e-01
-9.838419e-01
-8.905372e-01
-3.142133e-01
4.326792e-01
9.453697e-01
9.458791e-01
4.336549e-01
-3.137619e-01
-8.911520e-01
-9.854934e-01
-5.454777e-01
1.905837e-01
8.235697e-01
1.010493e+00
6.497308e-01
-6.336751e-02
-7.421104e-01
-1.018722e+00
-7.429925e-01
-6.415611e-02
6.496610e-01
1.011742e+00
8.255301e-01
1.917184e-01
-5.460317e-01
-9.879647e-01
-8.942916e-01
-3.155811e-01
4.344747e-01
9.493498e-01
9.499097e-01
4.355143e-01
-3.150881e-01
-8.949391e-01
-9.897542e-01
-5.478495e-01
1.913723e-01
8.271236e-01
1.014903e+00
6.525912e-01
-6.362295e-02
-7.453465e-01
-1.023211e+00
-7.462880e-01
-6.446799e-02
6.525244e-01
1.016242e+00
8.292533e-01
1.926287e-01
-5.484673e-01
-9.923844e-01
-8.983564e-01
-3.170277e-01
4.364068e-01
9.536730e-01
9.542626e-01
4.375444e-01
-3.164945e-01
-8.990247e-01
-9.943166e-01
-5.504544e-01
1.922367e-01
8.309389e-01
1.019629e+00
6.556862e-01
-6.388582e-02
-7.488246e-01
-1.028023e+00
-7.498538e-01
-6.479918e-02
6.555882e-01
1.021047e+00
8.332067e-01
1.935926e-01
-5.510470e-01
-9.971413e-01
-9.026766e-01
-3.186242e-01
4.384994e-01
9.582710e-01
9.588992e-01
4.397172e-01
-3.180108e-01
-9.034103e-01
-9.991863e-01
-5.531484e-01
1.931084e-01
8.350037e-01
1.024668e+00
6.589476e-01
-6.414423e-02
-7.525167e-01
-1.033129e+00
-7.536082e-01
-6.517640e-02
6.588674e-01
1.026167e+00
8.374037e-01
1.946233e-01
-5.537662e-01
-1.002171e+00
-9.072687e-01
-3.202727e-01
4.406706e-01
9.631407e-01
9.638046e-01
4.419850e-01
-3.195687e-01
-9.080142e-01
-1.004344e+00
-5.560400e-01
1.940782e-01
8.392928e-01
1.029967e+00
6.623960e-01
-6.444869e-02
-7.564018e-01
-1.038547e+00
-7.575617e-01
-6.556550e-02
6.622549e-01
1.031565e+00
8.418487e-01
1.956584e-01
-5.566919e-01
-1.007458e+00
-9.121072e-01
-3.219969e-01
4.429889e-01
9.682570e-01
9.689639e-01
4.443894e-01
-3.212588e-01
-9.128780e-01
-1.009759e+00
-5.590637e-01
1.950896e-01
8.438195e-01
1.035551e+00
6.660094e-01
-6.476205e-02
-7.604978e-01
-1.044212e+00
-7.617319e-01
-6.594570e-02
6.658668e-01
1.037204e+00
8.465061e-01
1.967619e-01
-5.597112e-01
-1.013026e+00
-9.171656e-01
-3.238191e-01
4.454245e-01
9.736109e-01
9.743713e-01
4.468814e-01
-3.230350e-01
-9.179764e-01
-1.015419e+00
-5.622329e-01
1.961544e-01
8.485362e-01
1.041383e+00
6.698113e-01
-6.510214e-02
-7.647749e-01
-1.050104e+00
-7.660908e-01
-6.636747e-02
6.696138e-01
1.043115e+00
8.513446e-01
1.979500e-01
-5.628909e-01
-1.018832e+00
-9.224333e-01
-3.257394e-01
4.479493e-01
9.791905e-01
9.799836e-01
4.495146e-01
-3.248335e-01
-9.232531e-01
-1.021298e+00
-5.655225e-01
1.972282e-01
8.534357e-01
1.047426e+00
6.737246e-01
-6.541996e-02
-7.692006e-01
-1.056227e+00
-7.705907e-01
-6.681450e-02
6.734855e-01
1.049217e+00
8.563406e-01
1.991440e-01
-5.661433e-01
-1.024794e+00
-9.278763e-01
-3.276849e-01
4.505156e-01
9.849573e-01
9.857845e-01
4.522071e-01
-3.267211e-01
-9.287035e-01
-1.027364e+00
-5.689101e-01
1.983673e-01
8.584718e-01
1.053661e+00
6.777493e-01
-6.578085e-02
-7.737481e-01
-1.062539e+00
-7.752139e-01
-6.724221e-02
6.774835e-01
1.055499e+00
8.615014e-01
2.003707e-01
-5.695160e-01
-1.030964e+00
-9.334886e-01
-3.296958e-01
4.532036e-01
9.908933e-01
9.917577e-01
4.549709e-01
-3.286726e-01
-9.342980e-01
-1.033616e+00
-5.723838e-01
1.995346e-01
8.636757e-01
1.060077e+00
6.819047e-01
-6.614025e-02
-7.784530e-01
-1.069041e+00
-7.800020e-01
-6.768775e-02
6.816151e-01
1.061927e+00
8.668226e-01
2.016108e-01
-5.730016e-01
-1.037284e+00
-9.392480e-01
-3.317423e-01
4.559808e-01
9.969660e-01
9.978779e-01
4.578358e-01
-3.306745e-01
-9.400514e-01
-1.040007e+00
-5.759986e-01
2.007524e-01
8.690058e-01
1.066641e+00
6.861670e-01
-6.653826e-02
-7.832633e-01
-1.075662e+00
-7.848598e-01
-6.817636e-02
6.858150e-01
1.068542e+00
8.722226e-01
2.029385e-01
-5.765244e-01
-1.043728e+00
-9.451172e-01
-3.338868e-01
4.587907e-01
1.003161e+00
1.004126e+00
4.607169e-01
-3.326765e-01
-9.459162e-01
-1.046511e+00
-5.796327e-01
2.019360e-01
8.744131e-01
1.073327e+00
6.905021e-01
-6.686351e-02
-7.881568e-01
-1.082419e+00
-7.898083e-01
-6.863824e-02
6.900729e-01
1.075250e+00
8.777176e-01
2.042484e-01
-5.800946e-01
-1.050276e+00
-9.510830e-01
-3.360225e-01
4.616080e-01
1.009483e+00
1.010455e+00
4.636486e-01
-3.347482e-01
-9.518463e-01
-1.053107e+00
-5.833188e-01
2.031865e-01
8.798858e-01
1.080101e+00
6.948803e-01
-6.726746e-02
-7.930919e-01
-1.089249e+00
-7.948176e-01
-6.910605e-02
6.944006e-01
1.082008e+00
8.832794e-01
2.055910e-01
-5.837495e-01
-1.056901e+00
-9.571096e-01
-3.381789e-01
4.644951e-01
1.015838e+00
1.016876e+00
4.666084e-01
-3.368363e-01
-9.578477e-01
-1.059796e+00
-5.870376e-01
2.044266e-01
8.854462e-01
1.086957e+00
6.993030e-01
-6.765360e-02
-7.980804e-01
-1.096144e+00
-7.999012e-01
-6.958278e-02
6.987743e-01
1.088878e+00
8.889303e-01
2.069201e-01
-5.874415e-01
-1.063580e+00
-9.632061e-01
-3.403323e-01
4.674163e-01
1.022243e+00
1.023317e+00
4.696351e-01
-3.389511e-01
-9.638996e-01
-1.066515e+00
-5.908024e-01
2.056905e-01
8.910347e-01
1.093829e+00
7.037821e-01
-6.805607e-02
-8.031210e-01
-1.103074e+00
-8.049804e-01
-7.008921e-02
7.031762e-01
1.095767e+00
8.945589e-01
2.083087e-01
-5.911158e-01
-1.070305e+00
-9.693070e-01
-3.425734e-01
4.703346e-01
1.028684e+00
1.029796e+00
4.726202e-01
-3.410155e-01
-9.699812e-01
-1.073260e+00
-5.945598e-01
2.069083e-01
8.966262e-01
1.100728e+00
7.082360e-01
-6.842289e-02
-8.081199e-01
-1.110044e+00
-8.100654e-01
-7.057039e-02
7.075306e-01
1.102633e+00
9.002024e-01
2.096260e-01
-5.947825e-01
-1.077023e+00
-9.754123e-01
-3.447446e-01
4.732276e-01
1.035123e+00
1.036257e+00
4.756098e-01
-3.431303e-01
-9.760034e-01
-1.079991e+00
-5.983097e-01
2.081840e-01
9.021747e-01
1.107620e+00
7.126796e-01
-6.883724e-02
-8.131486e-01
-1.116963e+00
-8.151268e-01
-7.102484e-02
7.119177e-01
1.109494e+00
9.058177e-01
2.109656e-01
-5.984493e-01
-1.083705e+00
-9.814865e-01
-3.469203e-01
4.761236e-01
1.041515e+00
1.042712e+00
4.785815e-01
-3.452139e-01
-9.820256e-01
-1.086687e+00
-6.020285e-01
2.094374e-01
9.077409e-01
1.114449e+00
7.170948e-01
-6.920853e-02
-8.181416e-01
-1.123848e+00
-8.202044e-01
-7.150899e-02
7.162706e-01
1.116292e+00
9.114211e-01
2.122889e-01
-6.020864e-01
-1.090351e+00
-9.875295e-01
-3.490812e-01
4.790167e-01
1.047893e+00
1.049090e+00
4.815711e-01
-3.472961e-01
-9.880107e-01
-1.093320e+00
-6.057576e-01
2.106790e-01
9.132225e-01
1.121212e+00
7.215116e-01
-6.958872e-02
-8.230618e-01
-1.130657e+00
-8.252063e-01
-7.201097e-02
7.205775e-01
1.123022e+00
9.169428e-01
2.136374e-01
-6.056938e-01
-1.096903e+00
-9.934893e-01
-3.512525e-01
4.818399e-01
1.054155e+00
1.055385e+00
4.844671e-01
-3.493010e-01
-9.939096e-01
-1.099860e+00
-6.094111e-01
2.118597e-01
9.186596e-01
1.127900e+00
7.258229e-01
-6.994812e-02
-8.279137e-01
-1.137361e+00
-8.301132e-01
-7.246987e-02
7.247759e-01
1.129664e+00
9.223739e-01
2.149324e-01
-6.092031e-01
-1.103327e+00
-9.993556e-01
-3.533450e-01
4.846097e-01
1.060305e+00
1.061587e+00
4.873438e-01
-3.513208e-01
-9.996749e-01
-1.106285e+00
-6.129902e-01
2.130522e-01
9.239482e-01
1.134465e+00
7.300689e-01
-7.030010e-02
-8.326869e-01
-1.143940e+00
-8.349354e-01
-7.291838e-02
7.289328e-01
1.136170e+00
9.277026e-01
2.162067e-01
-6.126798e-01
-1.109653e+00
-1.005084e+00
-3.553871e-01
4.873379e-01
1.066354e+00
1.067657e+00
4.901433e-01
-3.532871e-01
-1.005332e+00
-1.112586e+00
-6.164877e-01
2.142299e-01
9.291372e-01
1.140883e+00
7.342050e-01
-7.067138e-02
-8.373532e-01
-1.150368e+00
-8.396849e-01
-7.336243e-02
7.329813e-01
1.142507e+00
9.329258e-01
2.174319e-01
-6.160659e-01
-1.115825e+00
-1.010714e+00
-3.574469e-01
4.900156e-01
1.072221e+00
1.073566e+00
4.929071e-01
-3.551985e-01
-1.010852e+00
-1.118717e+00
-6.199288e-01
2.153646e-01
9.341955e-01
1.147087e+00
7.382565e-01
-7.098029e-02
-8.418888e-01
-1.156622e+00
-8.442531e-01
-7.383322e-02
7.369184e-01
1.148682e+00
9.379722e-01
2.186853e-01
-6.193392e-01
-1.121796e+00
-1.016142e+00
-3.593880e-01
4.925566e-01
1.077941e+00
1.079299e+00
4.955714e-01
-3.570073e-01
-1.016193e+00
-1.124652e+00
-6.232346e-01
2.164294e-01
9.391054e-01
1.153170e+00
7.421653e-01
-7.130850e-02
-8.462373e-01
-1.162674e+00
-8.486892e-01
-7.426688e-02
7.406995e-01
1.154654e+00
9.428598e-01
2.198571e-01
-6.224847e-01
-1.127598e+00
-1.021395e+00
-3.612637e-01
4.950680e-01
1.083429e+00
1.084838e+00
4.981273e-01
-3.588103e-01
-1.021338e+00
-1.130365e+00
-6.264425e-01
2.175106e-01
9.438132e-01
1.158974e+00
7.459257e-01
-7.164562e-02
-8.504684e-01
-1.168510e+00
-8.529486e-01
-7.466935e-02
7.443544e-01
1.160363e+00
9.475469e-01
2.209546e-01
-6.255307e-01
-1.133141e+00
-1.026456e+00
-3.630652e-01
4.974531e-01
1.088740e+00
1.090159e+00
5.005912e-01
-3.605212e-01
-1.026281e+00
-1.135860e+00
-6.295004e-01
2.185116e-01
9.483429e-01
1.164557e+00
7.495776e-01
-7.195750e-02
-8.545198e-01
-1.174057e+00
-8.570757e-01
-7.504806e-02
7.478593e-01
1.165858e+00
9.520706e-01
2.220328e-01
-6.284356e-01
-1.138445e+00
-1.031293e+00
-3.648473e-01
4.997372e-01
1.093774e+00
1.095231e+00
5.029763e-01
-3.621637e-01
-1.031013e+00
-1.141102e+00
-6.324514e-01
2.194858e-01
9.526468e-01
1.169862e+00
7.530157e-01
-7.220552e-02
-8.583470e-01
-1.179355e+00
-8.609519e-01
-7.547280e-02
7.511875e-01
1.171060e+00
9.563418e-01
2.231051e-01
-6.312172e-01
-1.143484e+00
-1.035870e+00
-3.664840e-01
5.018713e-01
1.098570e+00
1.100038e+00
5.052114e-01
-3.636681e-01
-1.035472e+00
-1.146048e+00
-6.352315e-01
2.203606e-01
9.567235e-01
1.174888e+00
7.562533e-01
-7.247878e-02
-8.619692e-01
-1.184391e+00
-8.646246e-01
-7.582329e-02
7.542869e-01
1.175984e+00
9.603784e-01
2.240734e-01
-6.337761e-01
-1.148219e+00
-1.040186e+00
-3.680463e-01
5.039015e-01
1.103068e+00
1.104571e+00
5.072995e-01
-3.651161e-01
-1.039658e+00
-1.150713e+00
-6.378350e-01
2.212101e-01
9.605373e-01
1.179616e+00
7.593126e-01
-7.273719e-02
-8.653687e-01
-1.189094e+00
-8.680627e-01
-7.616636e-02
7.572245e-01
1.180582e+00
9.641476e-01
2.249749e-01
-6.362102e-01
-1.152648e+00
-1.044248e+00
-3.694854e-01
5.058025e-01
1.107278e+00
1.108813e+00
5.092688e-01
-3.664706e-01
-1.043558e+00
-1.155076e+00
-6.402527e-01
2.219987e-01
9.641061e-01
1.184005e+00
7.621863e-01
-7.297630e-02
-8.685350e-01
-1.193452e+00
-8.713033e-01
-7.647081e-02
7.599572e-01
1.184857e+00
9.676748e-01
2.258065e-01
-6.384617e-01
-1.156763e+00
-1.047980e+00
-3.708740e-01
5.075742e-01
1.111177e+00
1.112713e+00
5.111296e-01
-3.677107e-01
-1.047174e+00
-1.159086e+00
-6.425428e-01
2.227368e-01
9.673852e-01
1.188061e+00
7.648091e-01
-7.313224e-02
-8.714458e-01
-1.197464e+00
-8.742483e-01
-7.680348e-02
7.624670e-01
1.188794e+00
9.709094e-01
2.266397e-01
-6.405275e-01
-1.160540e+00
-1.051412e+00
-3.721111e-01
5.091455e-01
1.114735e+00
1.116295e+00
5.127811e-01
-3.688082e-01
-1.050466e+00
-1.162756e+00
-6.445849e-01
2.233590e-01
9.703495e-01
1.191765e+00
7.671972e-01
-7.332976e-02
-8.740597e-01
-1.201133e+00
-8.769319e-01
-7.708120e-02
7.646992e-01
1.192353e+00
9.738218e-01
2.273481e-01
-6.423676e-01
-1.163954e+00
-1.054510e+00
-3.732368e-01
5.106054e-01
1.117918e+00
1.119537e+00
5.142989e-01
-3.698300e-01
-1.053425e+00
-1.166061e+00
-6.464220e-01
2.239531e-01
9.730554e-01
1.195079e+00
7.693566e-01
-7.350798e-02
-8.764389e-01
-1.204399e+00
-8.793378e-01
-7.730842e-02
7.667338e-01
1.195543e+00
9.764208e-01
2.279971e-01
-6.440265e-01
-1.166988e+00
-1.057310e+00
-3.742467e-01
5.118781e-01
1.120784e+00
1.122425e+00
5.156385e-01
-3.707225e-01
-1.056061e+00
-1.169011e+00
-6.480690e-01
2.244610e-01
9.754302e-01
1.198020e+00
7.712961e-01
-7.363421e-02
-8.785492e-01
-1.207296e+00
-8.815002e-01
-7.753416e-02
7.685175e-01
1.198338e+00
9.787554e-01
2.285986e-01
-6.454819e-01
-1.169654e+00
-1.059735e+00
-3.751586e-01
5.129950e-01
1.123282e+00
1.124935e+00
5.168429e-01
-3.715126e-01
-1.058345e+00
-1.171550e+00
-6.495408e-01
2.248620e-01
9.774826e-01
1.200554e+00
7.729313e-01
-7.371441e-02
-8.803358e-01
-1.209787e+00
-8.833165e-01
-7.777624e-02
7.700263e-01
1.200712e+00
9.807232e-01
2.290664e-01
-6.466848e-01
-1.171928e+00
-1.061795e+00
-3.759264e-01
5.139053e-01
1.125403e+00
1.127052e+00
5.178320e-01
-3.721393e-01
-1.060290e+00
-1.173702e+00
-6.507155e-01
2.252452e-01
9.791623e-01
1.202683e+00
7.743169e-01
-7.381243e-02
-8.818046e-01
-1.211867e+00
-8.848402e-01
-7.793515e-02
7.712471e-01
1.202716e+00
9.823524e-01
2.294778e-01
-6.476992e-01
-1.173803e+00
-1.063507e+00
-3.765561e-01
5.146746e-01
1.127103e+00
1.128804e+00
5.186533e-01
-3.726547e-01
-1.061814e+00
-1.175447e+00
-6.517076e-01
2.255318e-01
9.805613e-01
1.204387e+00
7.754278e-01
-7.388371e-02
-8.829957e-01
-1.213504e+00
-8.860536e-01
-7.807772e-02
7.722496e-01
1.204271e+00
9.836429e-01
2.298104e-01
-6.484908e-01
-1.175247e+00
-1.064869e+00
-3.770477e-01
5.152642e-01
1.128434e+00
1.130155e+00
5.192860e-01
-3.730527e-01
-1.063025e+00
-1.176790e+00
-6.525066e-01
2.257308e-01
9.816098e-01
1.205692e+00
7.763040e-01
-7.391936e-02
-8.838883e-01
-1.214748e+00
-8.869981e-01
-7.819059e-02
7.729654e-01
1.205432e+00
9.846098e-01
2.300986e-01
-6.490611e-01
-1.176304e+00
-1.065823e+00
-3.774398e-01
5.156756e-01
1.129376e+00
1.131110e+00
5.197805e-01
-3.733052e-01
-1.063837e+00
-1.177697e+00
-6.530338e-01
2.258154e-01
9.822855e-01
1.206545e+00
7.768817e-01
-7.389708e-02
-8.844496e-01
-1.215543e+00
-8.875848e-01
-7.833168e-02
7.734110e-01
1.206148e+00
9.852127e-01
2.302515e-01
-6.493610e-01
-1.176913e+00
-1.066399e+00
-3.776700e-01
5.158627e-01
1.129915e+00
1.131651e+00
5.200568e-01
-3.733913e-01
-1.064272e+00
-1.178202e+00
-6.533130e-01
2.258838e-01
9.825870e-01
1.206969e+00
7.771743e-01
-7.387926e-02
-8.846694e-01
-1.215902e+00
-8.878654e-01
-7.837029e-02
7.735372e-01
1.206429e+00
9.854489e-01
2.303451e-01
-6.494442e-01
-1.177108e+00
-1.066596e+00
-3.777650e-01
5.159028e-01
1.130031e+00
1.131786e+00
5.201325e-01
-3.733972e-01
-1.064306e+00
-1.178272e+00
-6.533664e-01
2.258437e-01
9.825870e-01
1.206965e+00
7.771980e-01
-7.384807e-02
-8.846041e-01
-1.215831e+00
-8.878224e-01
-7.840296e-02
7.734332e-01
1.206265e+00
9.853597e-01
2.303436e-01
-6.493002e-01
-1.176909e+00
-1.066424e+00
-3.777308e-01
5.157573e-01
1.129738e+00
1.131538e+00
5.200196e-01
-3.732576e-01
-1.063984e+00
-1.177928e+00
-6.532283e-01
2.257486e-01
9.822291e-01
1.206533e+00
7.769574e-01
-7.379164e-02
-8.842254e-01
-1.215317e+00
-8.874867e-01
-7.839702e-02
7.730516e-01
1.205700e+00
9.849038e-01
2.303050e-01
-6.489437e-01
-1.176261e+00
-1.065864e+00
-3.775719e-01
5.154410e-01
1.129062e+00
1.130861e+00
5.197761e-01
-3.729799e-01
-1.063268e+00
-1.177149e+00
-6.528036e-01
2.255125e-01
9.815237e-01
1.205677e+00
7.764139e-01
-7.364164e-02
-8.835200e-01
-1.214373e+00
-8.868125e-01
-7.841336e-02
7.723922e-01
1.204702e+00
9.840825e-01
2.301491e-01
-6.482977e-01
-1.175193e+00
-1.064914e+00
-3.772749e-01
5.148737e-01
1.127966e+00
1.129787e+00
5.192949e-01
-3.725403e-01
-1.062178e+00
-1.175957e+00
-6.521665e-01
2.252422e-01
9.804202e-01
1.204391e+00
7.755971e-01
-7.352877e-02
-8.824685e-01
-1.212993e+00
-8.858234e-01
-7.835692e-02
7.714239e-01
1.203251e+00
9.829152e-01
2.298832e-01
-6.474794e-01
-1.173713e+00
-1.063583e+00
-3.768190e-01
5.141846e-01
1.126486e+00
1.128308e+00
5.186340e-01
-3.720101e-01
-1.060690e+00
-1.174368e+00
-6.512813e-01
2.248962e-01
9.790286e-01
1.202689e+00
7.745100e-01
-7.338917e-02
-8.811541e-01
-1.211174e+00
-8.845224e-01
-7.827227e-02
7.702239e-01
1.201399e+00
9.814375e-01
2.295654e-01
-6.464235e-01
-1.171847e+00
-1.061900e+00
-3.762383e-01
5.133172e-01
1.124614e+00
1.126454e+00
5.178053e-01
-3.713433e-01
-1.058863e+00
-1.172354e+00
-6.502195e-01
2.244669e-01
9.772806e-01
1.200562e+00
7.731867e-01
-7.322135e-02
-8.795383e-01
-1.208958e+00
-8.829497e-01
-7.815940e-02
7.687477e-01
1.199125e+00
9.795989e-01
2.292134e-01
-6.451507e-01
-1.169547e+00
-1.059843e+00
-3.755744e-01
5.122598e-01
1.122342e+00
1.124218e+00
5.168251e-01
-3.705547e-01
-1.056705e+00
-1.169932e+00
-6.488992e-01
2.239189e-01
9.752015e-01
1.197996e+00
7.715649e-01
-7.298967e-02
-8.776106e-01
-1.206341e+00
-8.810220e-01
-7.806584e-02
7.669893e-01
1.196440e+00
9.774292e-01
2.287218e-01
-6.436225e-01
-1.166884e+00
-1.057427e+00
-3.747353e-01
5.110153e-01
1.119727e+00
1.121591e+00
5.156311e-01
-3.696057e-01
-1.054135e+00
-1.167140e+00
-6.473368e-01
2.233338e-01
9.727762e-01
1.195065e+00
7.696892e-01
-7.277581e-02
-8.753651e-01
-1.203292e+00
-8.788314e-01
-7.790990e-02
7.650200e-01
1.193379e+00
9.749267e-01
2.281620e-01
-6.419027e-01
-1.163805e+00
-1.054674e+00
-3.737804e-01
5.096237e-01
1.116706e+00
1.118592e+00
5.142766e-01
-3.685735e-01
-1.051256e+00
-1.163969e+00
-6.456126e-01
2.226937e-01
9.700659e-01
1.191751e+00
7.675685e-01
-7.253670e-02
-8.728775e-01
-1.199894e+00
-8.763542e-01
-7.771832e-02
7.627938e-01
1.189935e+00
9.721495e-01
2.275382e-01
-6.400092e-01
-1.160376e+00
-1.051601e+00
-3.727052e-01
5.080718e-01
1.113345e+00
1.115266e+00
5.128034e-01
-3.674151e-01
-1.048034e+00
-1.160422e+00
-6.436997e-01
2.219690e-01
9.670407e-01
1.188055e+00
7.652279e-01
-7.227235e-02
-8.701122e-01
-1.196116e+00
-8.736290e-01
-7.754901e-02
7.603433e-01
1.186108e+00
9.690486e-01
2.268743e-01
-6.378884e-01
-1.156591e+00
-1.048178e+00
-3.715512e-01
5.063757e-01
1.109659e+00
1.111582e+00
5.111237e-01
-3.661097e-01
-1.044495e+00
-1.156522e+00
-6.415567e-01
2.211462e-01
9.637318e-01
1.184005e+00
7.626319e-01
-7.195008e-02
-8.670811e-01
-1.191972e+00
-8.706171e-01
-7.731139e-02
7.576270e-01
1.181914e+00
9.656506e-01
2.261036e-01
-6.355642e-01
-1.152472e+00
-1.044453e+00
-3.702517e-01
5.044896e-01
1.105657e+00
1.107567e+00
5.092955e-01
-3.647553e-01
-1.040662e+00
-1.152294e+00
-6.392132e-01
2.203012e-01
9.601185e-01
1.179615e+00
7.598191e-01
-7.165750e-02
-8.637752e-01
-1.187480e+00
-8.673469e-01
-7.706932e-02
7.546983e-01
1.177439e+00
9.619823e-01
2.252734e-01
-6.330915e-01
-1.148005e+00
-1.040433e+00
-3.688483e-01
5.024832e-01
1.101314e+00
1.103263e+00
5.073292e-01
-3.632805e-01
-1.036527e+00
-1.147754e+00
-6.367137e-01
2.193878e-01
9.562720e-01
1.174892e+00
7.567879e-01
-7.132484e-02
-8.602717e-01
-1.182681e+00
-8.638776e-01
-7.677229e-02
7.516018e-01
1.172593e+00
9.580764e-01
2.243704e-01
-6.304450e-01
-1.143244e+00
-1.036150e+00
-3.673379e-01
5.003714e-01
1.096701e+00
1.098647e+00
5.052723e-01
-3.617197e-01
-1.032126e+00
-1.142898e+00
-6.340583e-01
2.184240e-01
9.521508e-01
1.169887e+00
7.536127e-01
-7.099068e-02
-8.565322e-01
-1.177549e+00
-8.601559e-01
-7.652427e-02
7.483108e-01
1.167490e+00
9.539047e-01
2.234689e-01
-6.276514e-01
-1.138202e+00
-1.031602e+00
-3.657889e-01
4.981051e-01
1.091803e+00
1.093759e+00
5.030416e-01
-3.600281e-01
-1.027481e+00
-1.137750e+00
-6.312380e-01
2.173680e-01
9.478350e-01
1.164564e+00
7.501895e-01
-7.059564e-02
-8.525877e-01
-1.172159e+00
-8.562203e-01
-7.620200e-02
7.447881e-01
1.162077e+00
9.495013e-01
2.224665e-01
-6.246604e-01
-1.132887e+00
-1.026780e+00
-3.641033e-01
4.957036e-01
1.086640e+00
1.088618e+00
5.006921e-01
-3.582949e-01
-1.022576e+00
-1.132353e+00
-6.282529e-01
2.162972e-01
9.432534e-01
1.159000e+00
7.466148e-01
-7.020802e-02
-8.484308e-01
-1.166505e+00
-8.521020e-01
-7.585745e-02
7.411525e-01
1.156413e+00
9.448885e-01
2.214076e-01
-6.215787e-01
-1.127297e+00
-1.021754e+00
-3.623300e-01
4.932338e-01
1.081255e+00
1.083251e+00
4.982521e-01
-3.564786e-01
-1.017434e+00
-1.126713e+00
-6.251282e-01
2.151715e-01
9.384965e-01
1.153187e+00
7.428811e-01
-6.982188e-02
-8.441180e-01
-1.160581e+00
-8.478427e-01
-7.550993e-02
7.373609e-01
1.150499e+00
9.401093e-01
2.203071e-01
-6.183723e-01
-1.121513e+00
-1.016531e+00
-3.605122e-01
4.906660e-01
1.075653e+00
1.077658e+00
4.957170e-01
-3.545999e-01
-1.012149e+00
-1.120859e+00
-6.219263e-01
2.139968e-01
9.335852e-01
1.147156e+00
7.390480e-01
-6.942238e-02
-8.396388e-01
-1.154460e+00
-8.433828e-01
-7.517429e-02
7.334357e-01
1.144407e+00
9.351282e-01
2.191977e-01
-6.150427e-01
-1.115508e+00
-1.011103e+00
-3.586157e-01
4.879973e-01
1.069883e+00
1.071867e+00
4.931031e-01
-3.526024e-01
-1.006665e+00
-1.114793e+00
-6.185892e-01
2.127730e-01
9.284733e-01
1.140900e+00
7.350411e-01
-6.897536e-02
-8.350082e-01
-1.148151e+00
-8.387760e-01
-7.479855e-02
7.293576e-01
1.138105e+00
9.300001e-01
2.180274e-01
-6.115883e-01
-1.109329e+00
-1.005537e+00
-3.566628e-01
4.852230e-01
1.063916e+00
1.065930e+00
4.903779e-01
-3.506198e-01
-1.001010e+00
-1.108571e+00
-6.151615e-01
2.115463e-01
9.232249e-01
1.134502e+00
7.309362e-01
-6.854616e-02
-8.302929e-01
-1.141670e+00
-8.340681e-01
-7.441688e-02
7.251873e-01
1.131639e+00
9.247323e-01
2.168289e-01
-6.080655e-01
-1.102983e+00
-9.998115e-01
-3.546594e-01
4.824265e-01
1.057819e+00
1.059839e+00
4.875918e-01
-3.485644e-01
-9.952433e-01
-1.102202e+00
-6.116373e-01
2.103048e-01
9.178888e-01
1.127953e+00
7.267274e-01
-6.812587e-02
-8.254425e-01
-1.135044e+00
-8.292652e-01
-7.400252e-02
7.209517e-01
1.125045e+00
9.193858e-01
2.155859e-01
-6.044983e-01
-1.096516e+00
-9.939869e-01
-3.526143e-01
4.795632e-01
1.051574e+00
1.053625e+00
4.847894e-01
-3.464897e-01
-9.893369e-01
-1.095705e+00
-6.080744e-01
2.090365e-01
9.124429e-01
1.121279e+00
7.224770e-01
-6.764765e-02
-8.205014e-01
-1.128284e+00
-8.243405e-01
-7.363570e-02
7.166300e-01
1.118341e+00
9.139280e-01
2.143889e-01
-6.008582e-01
-1.089959e+00
-9.880478e-01
-3.505708e-01
4.766286e-01
1.045240e+00
1.047319e+00
4.818963e-01
-3.443228e-01
-9.833964e-01
-1.089106e+00
-6.044478e-01
2.077043e-01
9.069137e-01
1.114511e+00
7.181300e-01
-6.721548e-02
-8.154862e-01
-1.121454e+00
-8.193564e-01
-7.322283e-02
7.122444e-01
1.111541e+00
9.083870e-01
2.131220e-01
-5.971365e-01
-1.083314e+00
-9.820405e-01
-3.484634e-01
4.737044e-01
1.038841e+00
1.040929e+00
4.789781e-01
-3.421991e-01
-9.773386e-01
-1.082446e+00
-6.007587e-01
2.064048e-01
9.012984e-01
1.107677e+00
7.137503e-01
-6.676697e-02
-8.104560e-01
-1.114557e+00
-8.143396e-01
-7.280105e-02
7.078247e-01
1.104678e+00
9.028088e-01
2.118270e-01
-5.934192e-01
-1.076603e+00
-9.759915e-01
-3.463263e-01
4.707490e-01
1.032403e+00
1.034515e+00
4.760524e-01
-3.400442e-01
-9.712525e-01
-1.075748e+00
-5.970221e-01
2.050905e-01
8.957262e-01
1.100805e+00
7.093692e-01
-6.636153e-02
-8.054200e-01
-1.107629e+00
-8.092976e-01
-7.233027e-02
7.034138e-01
1.097780e+00
8.971935e-01
2.105023e-01
-5.897361e-01
-1.069899e+00
-9.699025e-01
-3.442055e-01
4.678173e-01
1.025977e+00
1.028050e+00
4.730925e-01
-3.379115e-01
-9.651724e-01
-1.069019e+00
-5.933330e-01
2.038162e-01
8.901006e-01
1.093909e+00
7.049272e-01
-6.587589e-02
-8.003542e-01
-1.100668e+00
-8.042333e-01
-7.194116e-02
6.989792e-01
1.090905e+00
8.915753e-01
2.092518e-01
-5.860024e-01
-1.063151e+00
-9.638269e-01
-3.420699e-01
4.648188e-01
1.019525e+00
1.021601e+00
4.701623e-01
-3.357373e-01
-9.591056e-01
-1.062292e+00
-5.896484e-01
2.024722e-01
8.844675e-01
1.087036e+00
7.005045e-01
-6.542442e-02
-7.952736e-01
-1.093753e+00
-7.992017e-01
-7.152978e-02
6.945209e-01
1.084038e+00
8.859823e-01
2.079538e-01
-5.822391e-01
-1.056431e+00
-9.577749e-01
-3.399313e-01
4.618530e-01
1.013069e+00
1.015186e+00
4.672233e-01
-3.335854e-01
-9.530107e-01
-1.055624e+00
-5.859579e-01
2.011712e-01
8.788789e-01
1.080209e+00
6.961322e-01
-6.498185e-02
-7.902390e-01
-1.086876e+00
-7.941953e-01
-7.109167e-02
6.901486e-01
1.077214e+00
8.804353e-01
2.066662e-01
-5.785590e-01
-1.049795e+00
-9.517988e-01
-3.378195e-01
4.589303e-01
1.006714e+00
1.008826e+00
4.643228e-01
-3.314631e-01
-9.470404e-01
-1.048998e+00
-5.823193e-01
1.998866e-01
8.733587e-01
1.073438e+00
6.918061e-01
-6.453928e-02
-7.852786e-01
-1.080071e+00
-7.892736e-01
-7.067138e-02
6.858017e-01
1.070470e+00
8.749641e-01
2.054098e-01
-5.749174e-01
-1.043229e+00
-9.458612e-01
-3.357759e-01
4.560432e-01
1.000397e+00
1.002555e+00
4.614907e-01
-3.293824e-01
-9.411237e-01
-1.042481e+00
-5.787476e-01
1.986079e-01
8.678934e-01
1.066761e+00
6.875185e-01
-6.407592e-02
-7.803762e-01
-1.073354e+00
-7.843920e-01
-7.030455e-02
6.815349e-01
1.063837e+00
8.695746e-01
2.041920e-01
-5.713353e-01
-1.036763e+00
-9.400306e-01
-3.337205e-01
4.531517e-01
9.942260e-01
9.963675e-01
4.586719e-01
-3.272736e-01
-9.353035e-01
-1.036058e+00
-5.751937e-01
1.973173e-01
8.625455e-01
1.060221e+00
6.833304e-01
-6.365563e-02
-7.755288e-01
-1.066761e+00
-7.795921e-01
-6.990357e-02
6.773201e-01
1.057328e+00
8.642801e-01
2.029831e-01
-5.677695e-01
-1.030433e+00
-9.343025e-01
-3.317230e-01
4.503834e-01
9.881488e-01
9.903305e-01
4.559066e-01
-3.252642e-01
-9.295902e-01
-1.029789e+00
-5.717155e-01
1.960891e-01
8.572970e-01
1.053817e+00
6.792359e-01
-6.324870e-02
-7.708253e-01
-1.060347e+00
-7.749228e-01
-6.951743e-02
6.732167e-01
1.050980e+00
8.591059e-01
2.017935e-01
-5.643582e-01
-1.024243e+00
-9.287332e-01
-3.297626e-01
4.476686e-01
9.822335e-01
9.844538e-01
4.532140e-01
-3.232964e-01
-9.240402e-01
-1.023694e+00
-5.683443e-01
1.949084e-01
8.521897e-01
1.047596e+00
6.752751e-01
-6.282841e-02
-7.662675e-01
-1.054084e+00
-7.704021e-01
-6.913575e-02
6.692440e-01
1.044787e+00
8.541144e-01
2.006395e-01
-5.610166e-01
-1.018260e+00
-9.233274e-01
-3.279092e-01
4.450280e-01
9.765084e-01
9.787509e-01
4.506344e-01
-3.213984e-01
-9.186581e-01
-1.017771e+00
-5.651126e-01
1.937084e-01
8.472887e-01
1.041553e+00
6.714033e-01
-6.240218e-02
-7.618433e-01
-1.048040e+00
-7.660031e-01
-6.879714e-02
6.653915e-01
1.038820e+00
8.492521e-01
1.995598e-01
-5.577716e-01
-1.012451e+00
-9.180997e-01
-3.260721e-01
4.424572e-01
9.709911e-01
9.732277e-01
4.481186e-01
-3.195167e-01
-9.134884e-01
-1.012055e+00
-5.619775e-01
1.925976e-01
8.424932e-01
1.035740e+00
6.676831e-01
-6.202050e-02
-7.575587e-01
-1.042212e+00
-7.617661e-01
-6.844665e-02
6.616683e-01
1.033096e+00
8.445873e-01
1.984891e-01
-5.546959e-01
-1.006873e+00
-9.130696e-01
-3.243092e-01
4.400023e-01
9.656536e-01
9.679377e-01
4.457141e-01
-3.177479e-01
-9.084731e-01
-1.006578e+00
-5.589597e-01
1.915387e-01
8.379354e-01
1.030181e+00
6.641247e-01
-6.166555e-02
-7.534672e-01
-1.036631e+00
-7.577206e-01
-6.809319e-02
6.581159e-01
1.027578e+00
8.401378e-01
1.974717e-01
-5.517153e-01
-1.001561e+00
-9.082800e-01
-3.226385e-01
4.376781e-01
9.605893e-01
9.629016e-01
4.434122e-01
-3.160905e-01
-9.037548e-01
-1.001361e+00
-5.560934e-01
1.905139e-01
8.335914e-01
1.024869e+00
6.607520e-01
-6.132546e-02
-7.495672e-01
-1.031332e+00
-7.538993e-01
-6.777538e-02
6.547536e-01
1.022383e+00
8.359022e-01
1.965525e-01
-5.489143e-01
-9.965027e-01
-9.037311e-01
-3.210702e-01
4.354578e-01
9.557804e-01
9.581136e-01
4.412632e-01
-3.144821e-01
-8.992594e-01
-9.964254e-01
-5.533875e-01
1.895337e-01
8.294820e-01
1.019856e+00
6.575486e-01
-6.095566e-02
-7.459197e-01
-1.026321e+00
-7.502697e-01
-6.751251e-02
6.515739e-01
1.017462e+00
8.319102e-01
1.956332e-01
-5.462411e-01
-9.917547e-01
-8.994435e-01
-3.195761e-01
4.333385e-01
9.512552e-01
9.536121e-01
4.392108e-01
-3.129510e-01
-8.950431e-01
-9.917740e-01
-5.508390e-01
1.886174e-01
8.256162e-01
1.015137e+00
6.545308e-01
-6.064972e-02
-7.424430e-01
-1.021625e+00
-7.468539e-01
-6.722439e-02
6.485650e-01
1.012848e+00
8.281781e-01
1.947777e-01
-5.437550e-01
-9.872860e-01
-8.954307e-01
-3.181712e-01
4.313901e-01
9.470107e-01
9.494062e-01
4.372994e-01
-3.115431e-01
-8.910971e-01
-9.874538e-01
-5.484628e-01
1.877753e-01
8.220074e-01
1.010761e+00
6.517194e-01
-6.036161e-02
-7.392574e-01
-1.017245e+00
-7.436816e-01
-6.697786e-02
6.457908e-01
1.008553e+00
8.247222e-01
1.939980e-01
-5.414753e-01
-9.831632e-01
-8.917416e-01
-3.168806e-01
4.295827e-01
9.431093e-01
9.455152e-01
4.355217e-01
-3.102451e-01
-8.874422e-01
-9.834528e-01
-5.462960e-01
1.869867e-01
8.186851e-01
1.006707e+00
6.491769e-01
-6.008389e-02
-7.363154e-01
-1.013219e+00
-7.408094e-01
-6.673281e-02
6.432542e-01
1.004622e+00
8.215262e-01
1.932926e-01
-5.393590e-01
-9.793717e-01
-8.883407e-01
-3.157311e-01
4.279282e-01
9.395183e-01
9.419598e-01
4.339564e-01
-3.090198e-01
-8.841125e-01
-9.797935e-01
-5.443059e-01
1.862442e-01
8.156466e-01
1.003034e+00
6.468155e-01
-5.980320e-02
-7.336199e-01
-1.009575e+00
-7.381659e-01
-6.655608e-02
6.409003e-01
1.001050e+00
8.186465e-01
1.926406e-01
-5.374046e-01
-9.759366e-01
-8.852576e-01
-3.146559e-01
4.263926e-01
9.362792e-01
9.387549e-01
4.324995e-01
-3.079357e-01
-8.810888e-01
-9.765069e-01
-5.424971e-01
1.855863e-01
8.129362e-01
9.997165e-01
6.447141e-01
-5.958043e-02
-7.311709e-01
-1.006296e+00
-7.357897e-01
-6.635411e-02
6.388315e-01
9.978541e-01
8.160654e-01
1.920391e-01
-5.356967e-01
-9.728594e-01
-8.825160e-01
-3.137024e-01
4.250545e-01
9.333921e-01
9.358916e-01
4.312237e-01
-3.069793e-01
-8.784215e-01
-9.735931e-01
-5.409139e-01
1.850160e-01
8.105110e-01
9.967908e-01
6.428443e-01
-5.937103e-02
-7.290605e-01
-1.003416e+00
-7.337045e-01
-6.620262e-02
6.370063e-01
9.950354e-01
8.138228e-01
1.915476e-01
-5.341922e-01
-9.701713e-01
-8.801309e-01
-3.128737e-01
4.238812e-01
9.308807e-01
9.334188e-01
4.301396e-01
-3.061580e-01
-8.761151e-01
-9.710713e-01
-5.395669e-01
1.845214e-01
8.084125e-01
9.942676e-01
6.412701e-01
-5.919578e-02
-7.272368e-01
-1.000925e+00
-7.319476e-01
-6.611055e-02
6.354409e-01
9.926309e-01
8.118803e-01
1.911525e-01
-5.328823e-01
-9.678931e-01
-8.780977e-01
-3.122114e-01
4.228773e-01
9.287422e-01
9.313085e-01
4.291787e-01
-3.054050e-01
-8.741562e-01
-9.689387e-01
-5.383966e-01
1.840536e-01
8.066719e-01
9.921438e-01
6.399394e-01
-5.901163e-02
-7.256804e-01
-9.988432e-01
-7.304506e-01
-6.600213e-02
6.341058e-01
9.906468e-01
8.102942e-01
1.908139e-01
-5.318249e-01
-9.659981e-01
-8.764210e-01
-3.116485e-01
4.220278e-01
9.270001e-01
9.295872e-01
4.284183e-01
-3.048184e-01
-8.725463e-01
-9.671936e-01
-5.374684e-01
1.837224e-01
8.052269e-01
9.904374e-01
6.388686e-01
-5.889579e-02
-7.244165e-01
-9.971918e-01
-7.292670e-01
-6.591154e-02
6.330736e-01
9.890622e-01
8.090392e-01
1.905406e-01
-5.309739e-01
-9.645382e-01
-8.751156e-01
-3.112045e-01
4.213833e-01
9.256145e-01
9.282714e-01
4.278272e-01
-3.043833e-01
-8.713270e-01
-9.659016e-01
-5.367853e-01
1.834402e-01
8.041517e-01
9.891602e-01
6.380622e-01
-5.877252e-02
-7.235076e-01
-9.959710e-01
-7.284294e-01
-6.586253e-02
6.323014e-01
9.879082e-01
8.081481e-01
1.903476e-01
-5.303532e-01
-9.634615e-01
-8.742008e-01
-3.109030e-01
4.209199e-01
9.246744e-01
9.273536e-01
4.274708e-01
-3.040640e-01
-8.704701e-01
-9.650031e-01
-5.363323e-01
1.832605e-01
8.034150e-01
9.883062e-01
6.375751e-01
-5.870420e-02
-7.228898e-01
-9.951779e-01
-7.278813e-01
-6.587441e-02
6.318009e-01
9.871820e-01
8.075838e-01
1.902822e-01
-5.299923e-01
-9.628244e-01
-8.736498e-01
-3.107753e-01
4.205902e-01
9.241279e-01
9.268308e-01
4.272451e-01
-3.038219e-01
-8.700112e-01
-9.645174e-01
-5.360768e-01
1.831046e-01
8.030512e-01
9.878770e-01
6.373285e-01
-5.862698e-02
-7.225557e-01
-9.948096e-01
-7.276482e-01
-6.588629e-02
6.315722e-01
9.868924e-01
8.073863e-01
1.902600e-01
-5.297858e-01
-9.626016e-01
-8.734864e-01
-3.107396e-01
4.205115e-01
9.239467e-01
9.267194e-01
4.272272e-01
-3.037669e-01
-8.699177e-01
-9.644595e-01
-5.360917e-01
1.830779e-01
8.029992e-01
9.878860e-01
6.373701e-01
-5.859727e-02
-7.225898e-01
-9.948913e-01
-7.277120e-01
-6.591451e-02
6.316197e-01
9.870246e-01
8.075363e-01
1.903149e-01
-5.298913e-01
-9.627769e-01
-8.737077e-01
-3.108376e-01
4.205932e-01
9.242125e-01
9.270239e-01
4.273832e-01
-3.038412e-01
-8.702073e-01
-9.648397e-01
-5.363263e-01
1.831417e-01
8.033215e-01
9.883404e-01
6.376850e-01
-5.859133e-02
-7.229284e-01
-9.954022e-01
-7.281561e-01
-6.598579e-02
6.319568e-01
9.876023e-01
8.080531e-01
1.904634e-01
-5.302061e-01
-9.634155e-01
-8.743225e-01
-3.111243e-01
4.208798e-01
9.248630e-01
9.277159e-01
4.277649e-01
-3.040595e-01
-8.708845e-01
-9.656253e-01
-5.368224e-01
1.832665e-01
8.039883e-01
9.892018e-01
6.383013e-01
-5.859727e-02
-7.236012e-01
-9.963482e-01
-7.288734e-01
-6.612391e-02
6.325806e-01
9.886196e-01
8.089130e-01
1.907293e-01
-5.307437e-01
-9.644447e-01
-8.753087e-01
-3.114896e-01
4.212852e-01
9.259100e-01
9.288209e-01
4.283010e-01
-3.043684e-01
-8.719463e-01
-9.668357e-01
-5.375145e-01
1.834254e-01
8.050368e-01
9.905013e-01
6.391775e-01
-5.864034e-02
-7.245324e-01
-9.977145e-01
-7.299189e-01
-6.622193e-02
6.334419e-01
9.900453e-01
8.101115e-01
1.910367e-01
-5.314789e-01
-9.659001e-01
-8.766601e-01
-3.119975e-01
4.219253e-01
9.273640e-01
9.303104e-01
4.290213e-01
-3.048422e-01
-8.733513e-01
-9.684575e-01
-5.384441e-01
1.837105e-01
8.063660e-01
9.922344e-01
6.403196e-01
-5.871311e-02
-7.258126e-01
-9.995190e-01
-7.312659e-01
-6.637193e-02
6.345974e-01
9.918810e-01
8.116456e-01
1.914109e-01
-5.324680e-01
-9.677595e-01
-8.783933e-01
-3.126406e-01
4.227511e-01
9.292144e-01
9.322307e-01
4.299168e-01
-3.054392e-01
-8.751379e-01
-9.705070e-01
-5.395877e-01
1.840788e-01
8.080843e-01
9.943804e-01
6.417542e-01
-5.882747e-02
-7.274031e-01
-1.001726e+00
-7.329412e-01
-6.655311e-02
6.360053e-01
9.941458e-01
8.135481e-01
1.918951e-01
-5.337006e-01
-9.700228e-01
-8.804829e-01
-3.134411e-01
4.237298e-01
9.314525e-01
9.344955e-01
4.310232e-01
-3.061669e-01
-8.773077e-01
-9.729292e-01
-5.410119e-01
1.845036e-01
8.101159e-01
9.969155e-01
6.434384e-01
-5.891658e-02
-7.292878e-01
-1.004359e+00
-7.348941e-01
-6.681301e-02
6.376820e-01
9.968131e-01
8.157639e-01
1.924624e-01
-5.351234e-01
-9.727020e-01
-8.829378e-01
-3.143351e-01
4.248614e-01
9.340530e-01
9.371435e-01
4.322663e-01
-3.069718e-01
-8.798101e-01
-9.757539e-01
-5.425832e-01
1.849952e-01
8.124639e-01
9.998635e-01
6.453616e-01
-5.905915e-02
-7.314219e-01
-1.007380e+00
-7.371456e-01
-6.702390e-02
6.395622e-01
9.998828e-01
8.183005e-01
1.930951e-01
-5.367689e-01
-9.757123e-01
-8.857373e-01
-3.153628e-01
4.261876e-01
9.370054e-01
9.401509e-01
4.336905e-01
-3.079416e-01
-8.826615e-01
-9.789395e-01
-5.444025e-01
1.855699e-01
8.151223e-01
1.003201e+00
6.475433e-01
-5.922845e-02
-7.338724e-01
-1.010793e+00
-7.396540e-01
-6.729122e-02
6.417498e-01
1.003306e+00
8.211549e-01
1.937812e-01
-5.386060e-01
-9.791237e-01
-8.888828e-01
-3.165019e-01
4.276713e-01
9.403306e-01
9.435444e-01
4.352752e-01
-3.090347e-01
-8.858368e-01
-9.825113e-01
-5.464386e-01
1.862115e-01
8.181134e-01
1.006897e+00
6.499907e-01
-5.942598e-02
-7.365842e-01
-1.014578e+00
-7.424861e-01
-6.757340e-02
6.441468e-01
1.007107e+00
8.243123e-01
1.945609e-01
-5.406600e-01
-9.828944e-01
-8.923387e-01
-3.178029e-01
4.293049e-01
9.440063e-01
9.472543e-01
4.370202e-01
-3.102079e-01
-8.893060e-01
-9.864290e-01
-5.486232e-01
1.868917e-01
8.213970e-01
1.010959e+00
6.526417e-01
-5.961162e-02
-7.395663e-01
-1.018728e+00
-7.455588e-01
-6.790458e-02
6.467962e-01
1.011278e+00
8.277415e-01
1.954327e-01
-5.428476e-01
-9.870186e-01
-8.960960e-01
-3.191677e-01
4.310544e-01
9.479805e-01
9.512924e-01
4.389241e-01
-3.114896e-01
-8.931466e-01
-9.906810e-01
-5.510291e-01
1.876729e-01
8.249153e-01
1.015349e+00
6.555035e-01
-5.984627e-02
-7.427505e-01
-1.023208e+00
-7.488573e-01
-6.822537e-02
6.496016e-01
1.015769e+00
8.314528e-01
1.963297e-01
-5.452668e-01
-9.914369e-01
-9.001519e-01
-3.206335e-01
4.329970e-01
9.522785e-01
9.556289e-01
4.409528e-01
-3.128916e-01
-8.971980e-01
-9.952567e-01
-5.535791e-01
1.884986e-01
8.287306e-01
1.020091e+00
6.585896e-01
-6.010171e-02
-7.462375e-01
-1.028016e+00
-7.523993e-01
-6.858477e-02
6.526625e-01
1.020584e+00
8.354404e-01
1.972995e-01
-5.478450e-01
-9.961774e-01
-9.045048e-01
-3.222078e-01
4.350598e-01
9.568868e-01
9.602774e-01
4.431137e-01
-3.143856e-01
-9.015509e-01
-1.000138e+00
-5.563622e-01
1.893971e-01
8.327835e-01
1.025118e+00
6.618955e-01
-6.037052e-02
-7.499147e-01
-1.033132e+00
-7.562057e-01
-6.895605e-02
6.559045e-01
1.025702e+00
8.396537e-01
1.983584e-01
-5.505925e-01
-1.001219e+00
-9.091043e-01
-3.239053e-01
4.372459e-01
9.617521e-01
9.651902e-01
4.454453e-01
-3.159688e-01
-9.061771e-01
-1.005304e+00
-5.592404e-01
1.903194e-01
8.370710e-01
1.030438e+00
6.653633e-01
-6.061557e-02
-7.538132e-01
-1.038532e+00
-7.601829e-01
-6.940011e-02
6.593099e-01
1.031082e+00
8.441046e-01
1.994291e-01
-5.534306e-01
-1.006526e+00
-9.139443e-01
-3.256533e-01
4.395197e-01
9.668550e-01
9.703599e-01
4.478542e-01
-3.175994e-01
-9.110186e-01
-1.010711e+00
-5.622864e-01
1.913144e-01
8.415502e-01
1.036025e+00
6.689826e-01
-6.091705e-02
-7.578735e-01
-1.044196e+00
-7.643576e-01
-6.981446e-02
6.629010e-01
1.036726e+00
8.487590e-01
2.005371e-01
-5.564677e-01
-1.012056e+00
-9.190116e-01
-3.274830e-01
4.419345e-01
9.722060e-01
9.757732e-01
4.503893e-01
-3.193400e-01
-9.161082e-01
-1.016378e+00
-5.654676e-01
1.923659e-01
8.462402e-01
1.041857e+00
6.727652e-01
-6.122744e-02
-7.621314e-01
-1.050102e+00
-7.686942e-01
-7.024366e-02
6.666227e-01
1.042619e+00
8.536317e-01
2.017059e-01
-5.596221e-01
-1.017816e+00
-9.243105e-01
-3.294018e-01
4.444399e-01
9.777767e-01
9.813915e-01
4.530032e-01
-3.211608e-01
-9.213818e-01
-1.022267e+00
-5.688046e-01
1.934560e-01
8.511426e-01
1.047906e+00
6.767142e-01
-6.157050e-02
-7.665556e-01
-1.056220e+00
-7.732327e-01
-7.072187e-02
6.705004e-01
1.048715e+00
8.586455e-01
2.029519e-01
-5.628790e-01
-1.023802e+00
-9.297580e-01
-3.314082e-01
4.470225e-01
9.835286e-01
9.872132e-01
4.557551e-01
-3.230083e-01
-9.268323e-01
-1.028336e+00
-5.721893e-01
1.945208e-01
8.561980e-01
1.054151e+00
6.807715e-01
-6.186307e-02
-7.711001e-01
-1.062533e+00
-7.778723e-01
-7.116593e-02
6.744776e-01
1.055012e+00
8.638108e-01
2.042053e-01
-5.662131e-01
-1.029977e+00
-9.353807e-01
-3.334279e-01
4.496646e-01
9.894632e-01
9.931849e-01
4.585160e-01
-3.249315e-01
-9.324030e-01
-1.034589e+00
-5.756986e-01
1.956822e-01
8.613529e-01
1.060571e+00
6.849522e-01
-6.221802e-02
-7.757738e-01
-1.069023e+00
-7.826618e-01
-7.162186e-02
6.785706e-01
1.061450e+00
8.691127e-01
2.055048e-01
-5.696720e-01
-1.036276e+00
-9.411445e-01
-3.355086e-01
4.523853e-01
9.955047e-01
9.993289e-01
4.613837e-01
-3.269097e-01
-9.381594e-01
-1.040984e+00
-5.792941e-01
1.968569e-01
8.666741e-01
1.067137e+00
6.891997e-01
-6.256554e-02
-7.805470e-01
-1.075650e+00
-7.875568e-01
-7.210156e-02
6.827720e-01
1.068044e+00
8.745587e-01
2.068177e-01
-5.731813e-01
-1.042723e+00
-9.470404e-01
-3.376323e-01
4.551729e-01
1.001705e+00
1.005569e+00
4.643258e-01
-3.289280e-01
-9.440004e-01
-1.047499e+00
-5.829802e-01
1.980584e-01
8.720785e-01
1.073813e+00
6.935793e-01
-6.293385e-02
-7.854301e-01
-1.082400e+00
-7.925275e-01
-7.262729e-02
6.870091e-01
1.074741e+00
8.800759e-01
2.081855e-01
-5.767664e-01
-1.049269e+00
-9.530032e-01
-3.398333e-01
4.579962e-01
1.008001e+00
1.011906e+00
4.672723e-01
-3.309314e-01
-9.499260e-01
-1.054114e+00
-5.866722e-01
1.992405e-01
8.775438e-01
1.080603e+00
6.979797e-01
-6.326058e-02
-7.903800e-01
-1.089231e+00
-7.975592e-01
-7.312184e-02
6.913071e-01
1.081523e+00
8.856363e-01
2.095369e-01
-5.803664e-01
-1.055903e+00
-9.590507e-01
-3.419971e-01
4.608580e-01
1.014357e+00
1.018327e+00
4.702544e-01
-3.329913e-01
-9.559067e-01
-1.060795e+00
-5.904222e-01
2.004658e-01
8.830551e-01
1.087434e+00
7.024232e-01
-6.363038e-02
-7.953300e-01
-1.096133e+00
-8.026264e-01
-7.362679e-02
6.956600e-01
1.088373e+00
8.912738e-01
2.108973e-01
-5.840183e-01
-1.062551e+00
-9.651427e-01
-3.441966e-01
4.637570e-01
1.020744e+00
1.024800e+00
4.732677e-01
-3.350616e-01
-9.619645e-01
-1.067523e+00
-5.941811e-01
2.016940e-01
8.886407e-01
1.094343e+00
7.068816e-01
-6.400463e-02
-8.003408e-01
-1.103067e+00
-8.077472e-01
-7.411836e-02
7.000381e-01
1.095249e+00
8.969500e-01
2.122414e-01
-5.876806e-01
-1.069267e+00
-9.712822e-01
-3.464080e-01
4.666352e-01
1.027191e+00
1.031271e+00
4.763227e-01
-3.371645e-01
-9.680209e-01
-1.074279e+00
-5.979964e-01
2.029385e-01
8.942114e-01
1.101233e+00
7.113815e-01
-6.434918e-02
-8.053680e-01
-1.110019e+00
-8.128605e-01
-7.466935e-02
7.044193e-01
1.102122e+00
9.026039e-01
2.136537e-01
-5.913489e-01
-1.075996e+00
-9.773950e-01
-3.486505e-01
4.695163e-01
1.033626e+00
1.037752e+00
4.793152e-01
-3.392081e-01
-9.740535e-01
-1.081001e+00
-6.017463e-01
2.041385e-01
8.997836e-01
1.108116e+00
7.158726e-01
-6.471749e-02
-8.103328e-01
-1.116938e+00
-8.179485e-01
-7.516687e-02
7.087440e-01
1.108979e+00
9.082370e-01
2.150141e-01
-5.949711e-01
-1.082674e+00
-9.834796e-01
-3.508485e-01
4.723900e-01
1.040002e+00
1.044201e+00
4.823152e-01
-3.412783e-01
-9.800534e-01
-1.087700e+00
-6.054977e-01
2.053652e-01
9.053023e-01
1.114961e+00
7.202983e-01
-6.507392e-02
-8.153124e-01
-1.123817e+00
-8.230173e-01
-7.565399e-02
7.130820e-01
1.115772e+00
9.138300e-01
2.163641e-01
-5.985785e-01
-1.089302e+00
-9.895463e-01
-3.530242e-01
4.752534e-01
1.046364e+00
1.050600e+00
4.852899e-01
-3.433323e-01
-9.859954e-01
-1.094343e+00
-6.092106e-01
2.065726e-01
9.107765e-01
1.121744e+00
7.247284e-01
-6.544966e-02
-8.202178e-01
-1.130631e+00
-8.280444e-01
-7.614854e-02
7.173681e-01
1.122516e+00
9.193933e-01
2.176918e-01
-6.021621e-01
-1.095827e+00
-9.955136e-01
-3.552088e-01
4.780558e-01
1.052617e+00
1.056903e+00
4.882631e-01
-3.453550e-01
-9.919047e-01
-1.100885e+00
-6.129323e-01
2.077682e-01
9.161794e-01
1.128413e+00
7.290516e-01
-6.575263e-02
-8.250682e-01
-1.137340e+00
-8.329661e-01
-7.667427e-02
7.215918e-01
1.129153e+00
9.248496e-01
2.190507e-01
-6.056849e-01
-1.102290e+00
-1.001384e+00
-3.573311e-01
4.808033e-01
1.058759e+00
1.063115e+00
4.911591e-01
-3.473124e-01
-9.976700e-01
-1.107320e+00
-6.165308e-01
2.089028e-01
9.214843e-01
1.134985e+00
7.333050e-01
-6.610609e-02
-8.298088e-01
-1.143923e+00
-8.378047e-01
-7.715991e-02
7.256923e-01
1.135636e+00
9.301708e-01
2.203383e-01
-6.090814e-01
-1.108579e+00
-1.007133e+00
-3.593939e-01
4.835166e-01
1.064786e+00
1.069183e+00
4.939734e-01
-3.492520e-01
-1.003316e+00
-1.113616e+00
-6.200431e-01
2.100627e-01
9.266555e-01
1.141396e+00
7.374679e-01
-6.646104e-02
-8.344334e-01
-1.150358e+00
-8.425467e-01
-7.760545e-02
7.297199e-01
1.141989e+00
9.353777e-01
2.216036e-01
-6.124749e-01
-1.114759e+00
-1.012765e+00
-3.614360e-01
4.861661e-01
1.070667e+00
1.075119e+00
4.967269e-01
-3.511485e-01
-1.008808e+00
-1.119761e+00
-6.234634e-01
2.111632e-01
9.316931e-01
1.147632e+00
7.415653e-01
-6.678182e-02
-8.389839e-01
-1.156597e+00
-8.471788e-01
-7.807029e-02
7.336422e-01
1.148139e+00
9.404762e-01
2.228764e-01
-6.157243e-01
-1.120740e+00
-1.018206e+00
-3.634424e-01
4.887354e-01
1.076366e+00
1.080873e+00
4.994461e-01
-3.529916e-01
-1.014136e+00
-1.125697e+00
-6.268376e-01
2.122146e-01
9.366119e-01
1.153687e+00
7.454979e-01
-6.705063e-02
-8.433487e-01
-1.162655e+00
-8.516164e-01
-7.855742e-02
7.374278e-01
1.154114e+00
9.453682e-01
2.240719e-01
-6.188669e-01
-1.126508e+00
-1.023467e+00
-3.653463e-01
4.911740e-01
1.081869e+00
1.086406e+00
5.020124e-01
-3.547202e-01
-1.019296e+00
-1.131433e+00
-6.300410e-01
2.132676e-01
9.412960e-01
1.159500e+00
7.492642e-01
-6.737291e-02
-8.475249e-01
-1.168484e+00
-8.558965e-01
-7.897622e-02
7.410322e-01
1.159843e+00
9.500731e-01
2.251961e-01
-6.218802e-01
-1.132050e+00
-1.028531e+00
-3.671597e-01
4.935546e-01
1.087125e+00
1.091732e+00
5.045089e-01
-3.564207e-01
-1.024226e+00
-1.136922e+00
-6.331434e-01
2.142493e-01
9.457974e-01
1.165092e+00
7.528731e-01
-6.765360e-02
-8.515496e-01
-1.174063e+00
-8.599940e-01
-7.938760e-02
7.445148e-01
1.165310e+00
9.546087e-01
2.262981e-01
-6.247851e-01
-1.137351e+00
-1.033386e+00
-3.689211e-01
4.958194e-01
1.092175e+00
1.096823e+00
5.068688e-01
-3.580306e-01
-1.028911e+00
-1.142170e+00
-6.361122e-01
2.152072e-01
9.500953e-01
1.170397e+00
7.563780e-01
-6.793131e-02
-8.553901e-01
-1.179355e+00
-8.639192e-01
-7.979156e-02
7.478162e-01
1.170518e+00
9.588814e-01
2.273778e-01
-6.275341e-01
-1.142387e+00
-1.037976e+00
-3.706260e-01
4.979655e-01
1.096964e+00
1.101636e+00
5.091470e-01
-3.595603e-01
-1.033361e+00
-1.147127e+00
-6.388864e-01
2.160552e-01
9.541601e-01
1.175424e+00
7.596230e-01
-6.814517e-02
-8.590034e-01
-1.184378e+00
-8.676053e-01
-8.020146e-02
7.509216e-01
1.175433e+00
9.629254e-01
2.283624e-01
-6.300752e-01
-1.147135e+00
-1.042294e+00
-3.721928e-01
4.999481e-01
1.101460e+00
1.106169e+00
5.112648e-01
-3.609548e-01
-1.037529e+00
-1.151803e+00
-6.415003e-01
2.168854e-01
9.579740e-01
1.180148e+00
7.626928e-01
-6.837982e-02
-8.623836e-01
-1.189076e+00
-8.710746e-01
-8.055492e-02
7.538503e-01
1.180022e+00
9.667080e-01
2.292832e-01
-6.324929e-01
-1.151558e+00
-1.046326e+00
-3.736571e-01
5.018476e-01
1.105642e+00
1.110409e+00
5.132519e-01
-3.622959e-01
-1.041444e+00
-1.156156e+00
-6.439478e-01
2.176695e-01
9.615249e-01
1.184554e+00
7.655457e-01
-6.859665e-02
-8.655350e-01
-1.193428e+00
-8.742839e-01
-8.087422e-02
7.565636e-01
1.184302e+00
9.702471e-01
2.301431e-01
-6.347340e-01
-1.155671e+00
-1.050108e+00
-3.750160e-01
5.035882e-01
1.109537e+00
1.114334e+00
5.150623e-01
-3.635285e-01
-1.045049e+00
-1.160174e+00
-6.462363e-01
2.183809e-01
9.648026e-01
1.188598e+00
7.682219e-01
-6.880160e-02
-8.684310e-01
-1.197460e+00
-8.772705e-01
-8.117125e-02
7.590720e-01
1.188230e+00
9.734787e-01
2.309748e-01
-6.368028e-01
-1.159447e+00
-1.053533e+00
-3.763170e-01
5.051862e-01
1.113093e+00
1.117922e+00
5.167761e-01
-3.646082e-01
-1.048340e+00
-1.163849e+00
-6.482962e-01
2.189883e-01
9.677818e-01
1.192302e+00
7.706011e-01
-6.892784e-02
-8.710790e-01
-1.201112e+00
-8.799794e-01
-8.150688e-02
7.612938e-01
1.191791e+00
9.764029e-01
2.316980e-01
-6.386354e-01
-1.162865e+00
-1.056643e+00
-3.774516e-01
5.065941e-01
1.116308e+00
1.121157e+00
5.182954e-01
-3.656196e-01
-1.051283e+00
-1.167162e+00
-6.501422e-01
2.195779e-01
9.704505e-01
1.195615e+00
7.727872e-01
-6.909269e-02
-8.734122e-01
-1.204402e+00
-8.823853e-01
-8.175342e-02
7.633180e-01
1.194975e+00
9.790197e-01
2.323485e-01
-6.402765e-01
-1.165889e+00
-1.059425e+00
-3.784704e-01
5.078727e-01
1.119137e+00
1.124041e+00
5.196469e-01
-3.665047e-01
-1.053927e+00
-1.170088e+00
-6.518056e-01
2.200799e-01
9.728134e-01
1.198556e+00
7.746733e-01
-6.922189e-02
-8.754735e-01
-1.207290e+00
-8.845269e-01
-8.198807e-02
7.650883e-01
1.197773e+00
9.813544e-01
2.329277e-01
-6.417364e-01
-1.168553e+00
-1.061877e+00
-3.793585e-01
5.089807e-01
1.121631e+00
1.126570e+00
5.208676e-01
-3.672696e-01
-1.056200e+00
-1.172658e+00
-6.532699e-01
2.205210e-01
9.748629e-01
1.201096e+00
7.763545e-01
-6.933476e-02
-8.772913e-01
-1.209776e+00
-8.863699e-01
-8.221678e-02
7.666016e-01
1.200166e+00
9.833296e-01
2.334564e-01
-6.429587e-01
-1.170817e+00
-1.063945e+00
-3.801709e-01
5.098985e-01
1.123752e+00
1.128696e+00
5.218701e-01
-3.678889e-01
-1.058128e+00
-1.174809e+00
-6.544833e-01
2.208388e-01
9.765960e-01
1.203221e+00
7.777713e-01
-6.936595e-02
-8.787779e-01
-1.211845e+00
-8.879159e-01
-8.239499e-02
7.678343e-01
1.202152e+00
9.849736e-01
2.338752e-01
-6.439195e-01
-1.172690e+00
-1.065644e+00
-3.807932e-01
5.106351e-01
1.125488e+00
1.130449e+00
5.226869e-01
-3.684146e-01
-1.059668e+00
-1.176552e+00
-6.554753e-01
2.211239e-01
9.779430e-01
1.204947e+00
7.788777e-01
-6.942238e-02
-8.799438e-01
-1.213488e+00
-8.891293e-01
-8.256578e-02
7.688204e-01
1.203711e+00
9.862657e-01
2.341886e-01
-6.447111e-01
-1.174135e+00
-1.066993e+00
-3.812892e-01
5.112217e-01
1.126802e+00
1.131804e+00
5.233315e-01
-3.688126e-01
-1.060855e+00
-1.177890e+00
-6.562327e-01
2.213170e-01
9.789633e-01
1.206245e+00
7.797168e-01
-6.946397e-02
-8.808170e-01
-1.214744e+00
-8.900605e-01
-8.266529e-02
7.695259e-01
1.204868e+00
9.872607e-01
2.344396e-01
-6.452829e-01
-1.175180e+00
-1.067983e+00
-3.816605e-01
5.116108e-01
1.127724e+00
1.132754e+00
5.238171e-01
-3.690681e-01
-1.061658e+00
-1.178816e+00
-6.567926e-01
2.214492e-01
9.796643e-01
1.207096e+00
7.803272e-01
-6.948179e-02
-8.813799e-01
-1.215539e+00
-8.906605e-01
-8.280637e-02
7.699699e-01
1.205573e+00
9.878399e-01
2.346609e-01
-6.456007e-01
-1.175808e+00
-1.068563e+00
-3.819352e-01
5.118039e-01
1.128256e+00
1.133286e+00
5.240978e-01
-3.691453e-01
-1.062119e+00
-1.179297e+00
-6.570882e-01
2.214744e-01
9.799955e-01
1.207528e+00
7.806183e-01
-6.941644e-02
-8.815952e-01
-1.215895e+00
-8.909159e-01
-8.286132e-02
7.701036e-01
1.205860e+00
9.880954e-01
2.347292e-01
-6.456735e-01
-1.176021e+00
-1.068751e+00
-3.820214e-01
5.118440e-01
1.128357e+00
1.133435e+00
5.241839e-01
-3.691409e-01
-1.062157e+00
-1.179374e+00
-6.571357e-01
2.214417e-01
9.799702e-01
1.207525e+00
7.806242e-01
-6.938377e-02
-8.815388e-01
-1.215824e+00
-8.908773e-01
-8.288360e-02
7.699892e-01
1.205713e+00
9.879691e-01
2.347336e-01
-6.455235e-01
-1.175771e+00
-1.068566e+00
-3.819709e-01
5.116999e-01
1.128096e+00
1.133178e+00
5.240770e-01
-3.690131e-01
-1.061808e+00
-1.179031e+00
-6.569530e-01
2.213318e-01
9.796123e-01
1.207104e+00
7.804119e-01
-6.931546e-02
-8.811512e-01
-1.215293e+00
-8.905520e-01
-8.288211e-02
7.696105e-01
1.205120e+00
9.875384e-01
2.346549e-01
-6.451596e-01
-1.175156e+00
-1.068013e+00
-3.818224e-01
5.113762e-01
1.127412e+00
1.132506e+00
5.238171e-01
-3.687414e-01
-1.061119e+00
-1.178268e+00
-6.565817e-01
2.211447e-01
9.788979e-01
1.206234e+00
7.798475e-01
-6.918476e-02
-8.804621e-01
-1.214353e+00
-8.898644e-01
-8.287320e-02
7.689704e-01
1.204116e+00
9.867127e-01
2.345287e-01
-6.445715e-01
-1.174092e+00
-1.067063e+00
-3.815164e-01
5.108311e-01
1.126327e+00
1.131433e+00
5.233448e-01
-3.682943e-01
-1.060032e+00
-1.177062e+00
-6.559327e-01
2.208343e-01
9.778361e-01
1.204939e+00
7.790322e-01
-6.907486e-02
-8.794061e-01
-1.212987e+00
-8.888649e-01
-8.282122e-02
7.679902e-01
1.202688e+00
9.855528e-01
2.342747e-01
-6.437116e-01
-1.172605e+00
-1.065733e+00
-3.810664e-01
5.101346e-01
1.124822e+00
1.129952e+00
5.226839e-01
-3.677760e-01
-1.058551e+00
-1.175458e+00
-6.550446e-01
2.204898e-01
9.764148e-01
1.203234e+00
7.779332e-01
-6.893526e-02
-8.781037e-01
-1.211177e+00
-8.875595e-01
-8.274697e-02
7.668036e-01
1.200808e+00
9.840395e-01
2.339510e-01
-6.426572e-01
-1.170726e+00
-1.064057e+00
-3.804783e-01
5.092762e-01
1.122966e+00
1.128093e+00
5.218300e-01
-3.671122e-01
-1.056723e+00
-1.173459e+00
-6.539397e-01
2.200754e-01
9.746772e-01
1.201100e+00
7.766055e-01
-6.878229e-02
-8.764893e-01
-1.208964e+00
-8.859808e-01
-8.261776e-02
7.653393e-01
1.198547e+00
9.822098e-01
2.335248e-01
-6.413874e-01
-1.168445e+00
-1.061989e+00
-3.798056e-01
5.082455e-01
1.120716e+00
1.125846e+00
5.208379e-01
-3.663444e-01
-1.054539e+00
-1.171035e+00
-6.526521e-01
2.195289e-01
9.726129e-01
1.198553e+00
7.749956e-01
-6.855507e-02
-8.745661e-01
-1.206335e+00
-8.840635e-01
-8.252271e-02
7.636046e-01
1.195878e+00
9.800356e-01
2.330881e-01
-6.398755e-01
-1.165763e+00
-1.059566e+00
-3.789561e-01
5.069876e-01
1.118099e+00
1.123217e+00
5.196394e-01
-3.653820e-01
-1.052005e+00
-1.168246e+00
-6.510912e-01
2.189838e-01
9.701609e-01
1.195621e+00
7.730961e-01
-6.835606e-02
-8.723384e-01
-1.203317e+00
-8.818581e-01
-8.235489e-02
7.616027e-01
1.192818e+00
9.775272e-01
2.325089e-01
-6.381854e-01
-1.162698e+00
-1.056803e+00
-3.779952e-01
5.056094e-01
1.115095e+00
1.120221e+00
5.182850e-01
-3.643632e-01
-1.049121e+00
-1.165049e+00
-6.493477e-01
2.183452e-01
9.674521e-01
1.192307e+00
7.709516e-01
-6.813478e-02
-8.698375e-01
-1.199910e+00
-8.793646e-01
-8.214549e-02
7.593898e-01
1.189363e+00
9.747143e-01
2.318703e-01
-6.362860e-01
-1.159270e+00
-1.053723e+00
-3.769096e-01
5.040723e-01
1.111743e+00
1.116895e+00
5.167479e-01
-3.632211e-01
-1.045908e+00
-1.161508e+00
-6.474319e-01
2.176457e-01
9.644565e-01
1.188601e+00
7.686214e-01
-6.788973e-02
-8.670721e-01
-1.196122e+00
-8.766334e-01
-8.190638e-02
7.569513e-01
1.185545e+00
9.716401e-01
2.312035e-01
-6.342008e-01
-1.155484e+00
-1.050294e+00
-3.757319e-01
5.023911e-01
1.108054e+00
1.113195e+00
5.151024e-01
-3.619810e-01
-1.042392e+00
-1.157596e+00
-6.452740e-01
2.168185e-01
9.611581e-01
1.184554e+00
7.660016e-01
-6.758231e-02
-8.640662e-01
-1.191977e+00
-8.736037e-01
-8.169847e-02
7.542647e-01
1.181388e+00
9.682317e-01
2.304179e-01
-6.318811e-01
-1.151371e+00
-1.046568e+00
-3.744190e-01
5.005139e-01
1.104045e+00
1.109181e+00
5.132534e-01
-3.605895e-01
-1.038553e+00
-1.153374e+00
-6.429067e-01
2.159854e-01
9.575566e-01
1.180158e+00
7.631858e-01
-6.728380e-02
-8.607841e-01
-1.187487e+00
-8.703261e-01
-8.141778e-02
7.513568e-01
1.176873e+00
9.645516e-01
2.295699e-01
-6.294232e-01
-1.146902e+00
-1.042525e+00
-3.730007e-01
4.985224e-01
1.099715e+00
1.104844e+00
5.112707e-01
-3.591415e-01
-1.034405e+00
-1.148826e+00
-6.403775e-01
2.151047e-01
9.537057e-01
1.175439e+00
7.601562e-01
-6.698232e-02
-8.572777e-01
-1.182670e+00
-8.668108e-01
-8.112224e-02
7.482514e-01
1.172048e+00
9.606338e-01
2.286476e-01
-6.267915e-01
-1.142155e+00
-1.038251e+00
-3.714755e-01
4.964224e-01
1.095100e+00
1.100245e+00
5.091559e-01
-3.575925e-01
-1.030032e+00
-1.143960e+00
-6.377384e-01
2.141557e-01
9.496216e-01
1.170410e+00
7.569424e-01
-6.664816e-02
-8.535649e-01
-1.177558e+00
-8.631068e-01
-8.080293e-02
7.449618e-01
1.166939e+00
9.564576e-01
2.277253e-01
-6.240188e-01
-1.137113e+00
-1.033675e+00
-3.699057e-01
4.941903e-01
1.090213e+00
1.095345e+00
5.069475e-01
-3.559574e-01
-1.025390e+00
-1.138835e+00
-6.348736e-01
2.131131e-01
9.453073e-01
1.165098e+00
7.535266e-01
-6.626054e-02
-8.496323e-01
-1.172158e+00
-8.591594e-01
-8.050888e-02
7.414614e-01
1.161524e+00
9.520364e-01
2.266976e-01
-6.210337e-01
-1.131802e+00
-1.028859e+00
-3.681978e-01
4.918066e-01
1.085071e+00
1.090201e+00
5.045862e-01
-3.542079e-01
-1.020480e+00
-1.133420e+00
-6.318677e-01
2.120602e-01
9.407465e-01
1.159516e+00
7.499415e-01
-6.592045e-02
-8.454932e-01
-1.166486e+00
-8.550322e-01
-8.015542e-02
7.378599e-01
1.155872e+00
9.474132e-01
2.256164e-01
-6.179713e-01
-1.126229e+00
-1.023819e+00
-3.664142e-01
4.893532e-01
1.079674e+00
1.084817e+00
5.021134e-01
-3.524168e-01
-1.015376e+00
-1.127776e+00
-6.287504e-01
2.109627e-01
9.360000e-01
1.153708e+00
7.461767e-01
-6.556253e-02
-8.411715e-01
-1.160590e+00
-8.507120e-01
-7.977374e-02
7.340610e-01
1.149980e+00
9.426207e-01
2.245041e-01
-6.147754e-01
-1.120437e+00
-1.018585e+00
-3.645726e-01
4.867988e-01
1.074092e+00
1.079226e+00
4.995738e-01
-3.505515e-01
-1.010077e+00
-1.121926e+00
-6.255188e-01
2.098325e-01
9.310812e-01
1.147674e+00
7.423198e-01
-6.517640e-02
-8.367458e-01
-1.154466e+00
-8.462803e-01
-7.942622e-02
7.301580e-01
1.143869e+00
9.376277e-01
2.233843e-01
-6.114695e-01
-1.114443e+00
-1.013149e+00
-3.626865e-01
4.841745e-01
1.068313e+00
1.073434e+00
4.969051e-01
-3.485837e-01
-1.004610e+00
-1.115858e+00
-6.221416e-01
2.086058e-01
9.259961e-01
1.141425e+00
7.383010e-01
-6.474274e-02
-8.321404e-01
-1.148136e+00
-8.416616e-01
-7.902820e-02
7.260947e-01
1.137568e+00
9.324832e-01
2.221858e-01
-6.080329e-01
-1.108278e+00
-1.007558e+00
-3.607023e-01
4.814122e-01
1.062371e+00
1.067470e+00
4.941605e-01
-3.466040e-01
-9.989650e-01
-1.109629e+00
-6.186872e-01
2.074058e-01
9.207685e-01
1.135018e+00
7.341842e-01
-6.435215e-02
-8.273969e-01
-1.141650e+00
-8.369225e-01
-7.859900e-02
7.219542e-01
1.131106e+00
9.272050e-01
2.209457e-01
-6.045324e-01
-1.101944e+00
-1.001813e+00
-3.586692e-01
4.786335e-01
1.056263e+00
1.061385e+00
4.913581e-01
-3.446006e-01
-9.932057e-01
-1.103254e+00
-6.151481e-01
2.061702e-01
9.154369e-01
1.128467e+00
7.299620e-01
-6.394671e-02
-8.225925e-01
-1.135036e+00
-8.321063e-01
-7.818613e-02
7.177409e-01
1.124510e+00
9.218378e-01
2.196833e-01
-6.009636e-01
-1.095478e+00
-9.959829e-01
-3.565885e-01
4.758088e-01
1.050048e+00
1.055164e+00
4.885438e-01
-3.425303e-01
-9.873379e-01
-1.096747e+00
-6.115868e-01
2.049375e-01
9.099983e-01
1.121787e+00
7.256848e-01
-6.354276e-02
-8.176871e-01
-1.128292e+00
-8.271845e-01
-7.779703e-02
7.134325e-01
1.117805e+00
9.163562e-01
2.184462e-01
-5.973533e-01
-1.088919e+00
-9.900438e-01
-3.545227e-01
4.729158e-01
1.043728e+00
1.048843e+00
4.856404e-01
-3.403873e-01
-9.813826e-01
-1.090143e+00
-6.079289e-01
2.036439e-01
9.044677e-01
1.115015e+00
7.213215e-01
-6.309870e-02
-8.126837e-01
-1.121454e+00
-8.221811e-01
-7.735001e-02
7.090484e-01
1.111011e+00
9.108003e-01
2.171542e-01
-5.936672e-01
-1.082279e+00
-9.840231e-01
-3.523945e-01
4.699678e-01
1.037329e+00
1.042439e+00
4.827117e-01
-3.382888e-01
-9.753589e-01
-1.083478e+00
-6.042354e-01
2.023489e-01
8.989029e-01
1.108177e+00
7.169137e-01
-6.266801e-02
-8.076714e-01
-1.114553e+00
-8.171436e-01
-7.689853e-02
7.046628e-01
1.104154e+00
9.052043e-01
2.158532e-01
-5.899811e-01
-1.075574e+00
-9.779638e-01
-3.502381e-01
4.670347e-01
1.030900e+00
1.036007e+00
4.797370e-01
-3.361472e-01
-9.692580e-01
-1.076778e+00
-6.004988e-01
2.010613e-01
8.932906e-01
1.101311e+00
7.124820e-01
-6.224921e-02
-8.026190e-01
-1.107616e+00
-8.121120e-01
-7.644556e-02
7.002490e-01
1.097273e+00
8.996113e-01
2.145418e-01
-5.862772e-01
-1.068857e+00
-9.718763e-01
-3.481248e-01
4.640956e-01
1.024447e+00
1.029553e+00
4.768009e-01
-3.340235e-01
-9.631882e-01
-1.070051e+00
-5.967993e-01
1.997782e-01
8.876724e-01
1.094429e+00
7.080742e-01
-6.177991e-02
-7.975592e-01
-1.100662e+00
-8.070417e-01
-7.604755e-02
6.958397e-01
1.090390e+00
8.939782e-01
2.132542e-01
-5.825525e-01
-1.062134e+00
-9.657872e-01
-3.459639e-01
4.611179e-01
1.018009e+00
1.023085e+00
4.738410e-01
-3.318641e-01
-9.571319e-01
-1.063304e+00
-5.930821e-01
1.984757e-01
8.820853e-01
1.087543e+00
7.036396e-01
-6.135813e-02
-7.924830e-01
-1.093739e+00
-8.019774e-01
-7.558122e-02
6.914021e-01
1.083518e+00
8.883971e-01
2.119325e-01
-5.788322e-01
-1.055450e+00
-9.597294e-01
-3.438016e-01
4.581803e-01
1.011587e+00
1.016665e+00
4.708975e-01
-3.297389e-01
-9.510830e-01
-1.056625e+00
-5.893781e-01
1.971925e-01
8.765087e-01
1.080712e+00
6.992391e-01
-6.093932e-02
-7.874722e-01
-1.086864e+00
-7.969384e-01
-7.513419e-02
6.870254e-01
1.076703e+00
8.828086e-01
2.106419e-01
-5.751669e-01
-1.048788e+00
-9.537339e-01
-3.416778e-01
4.552903e-01
1.005219e+00
1.010297e+00
4.679495e-01
-3.276508e-01
-9.450875e-01
-1.050013e+00
-5.856935e-01
1.959213e-01
8.710033e-01
1.073937e+00
6.949055e-01
-6.053685e-02
-7.825282e-01
-1.080053e+00
-7.920137e-01
-7.469311e-02
6.827171e-01
1.069965e+00
8.773195e-01
2.093647e-01
-5.715551e-01
-1.042230e+00
-9.477875e-01
-3.396016e-01
4.524076e-01
9.989309e-01
1.004026e+00
4.650966e-01
-3.255671e-01
-9.391841e-01
-1.043477e+00
-5.821070e-01
1.946782e-01
8.655439e-01
1.067266e+00
6.906120e-01
-6.008389e-02
-7.776465e-01
-1.073348e+00
-7.871098e-01
-7.430995e-02
6.784740e-01
1.063334e+00
8.719062e-01
2.081276e-01
-5.679492e-01
-1.035774e+00
-9.419227e-01
-3.375135e-01
4.495725e-01
9.927572e-01
9.978408e-01
4.622614e-01
-3.234984e-01
-9.333743e-01
-1.037054e+00
-5.785530e-01
1.934188e-01
8.601915e-01
1.060711e+00
6.863928e-01
-5.967696e-02
-7.728228e-01
-1.066757e+00
-7.823128e-01
-7.388520e-02
6.742741e-01
1.056826e+00
8.665984e-01
2.068890e-01
-5.644517e-01
-1.029440e+00
-9.362005e-01
-3.354893e-01
4.468146e-01
9.866800e-01
9.918052e-01
4.594783e-01
-3.215321e-01
-9.276803e-01
-1.030772e+00
-5.750377e-01
1.921966e-01
8.549669e-01
1.054308e+00
6.822656e-01
-5.931014e-02
-7.681477e-01
-1.060329e+00
-7.776183e-01
-7.345748e-02
6.701841e-01
1.050474e+00
8.614153e-01
2.056771e-01
-5.610300e-01
-1.023263e+00
-9.306208e-01
-3.335170e-01
4.441028e-01
9.807841e-01
9.859152e-01
4.567665e-01
-3.195702e-01
-9.221541e-01
-1.024667e+00
-5.716591e-01
1.910486e-01
8.498818e-01
1.048080e+00
6.782869e-01
-5.891509e-02
-7.635749e-01
-1.054075e+00
-7.730783e-01
-7.304610e-02
6.662262e-01
1.044291e+00
8.564267e-01
2.045246e-01
-5.577241e-01
-1.017269e+00
-9.252031e-01
-3.316309e-01
4.414993e-01
9.750693e-01
9.801841e-01
4.541853e-01
-3.176841e-01
-9.167883e-01
-1.018729e+00
-5.684081e-01
1.898738e-01
8.449927e-01
1.042044e+00
6.744018e-01
-5.850668e-02
-7.591819e-01
-1.048032e+00
-7.686526e-01
-7.270452e-02
6.624153e-01
1.038334e+00
8.515585e-01
2.033796e-01
-5.544835e-01
-1.011482e+00
-9.199739e-01
-3.297686e-01
4.389434e-01
9.695476e-01
9.746505e-01
4.516472e-01
-3.158336e-01
-9.116112e-01
-1.013026e+00
-5.652448e-01
1.887823e-01
8.402032e-01
1.036230e+00
6.706741e-01
-5.814877e-02
-7.549122e-01
-1.042205e+00
-7.644140e-01
-7.232581e-02
6.586877e-01
1.032594e+00
8.468655e-01
2.023014e-01
-5.514064e-01
-1.005912e+00
-9.149171e-01
-3.279953e-01
4.365078e-01
9.642323e-01
9.693753e-01
4.491938e-01
-3.140812e-01
-9.066375e-01
-1.007545e+00
-5.622151e-01
1.877545e-01
8.356602e-01
1.030656e+00
6.670846e-01
-5.783243e-02
-7.508489e-01
-1.036635e+00
-7.603463e-01
-7.196196e-02
6.551694e-01
1.027111e+00
8.423952e-01
2.012395e-01
-5.484866e-01
-1.000593e+00
-9.101364e-01
-3.262934e-01
4.341880e-01
9.591725e-01
9.643065e-01
4.468785e-01
-3.124282e-01
-9.019163e-01
-1.002313e+00
-5.593518e-01
1.867461e-01
8.313414e-01
1.025347e+00
6.637119e-01
-5.749234e-02
-7.469771e-01
-1.031336e+00
-7.565161e-01
-7.162483e-02
6.518160e-01
1.021888e+00
8.381433e-01
2.002920e-01
-5.456871e-01
-9.955537e-01
-9.055741e-01
-3.247266e-01
4.319930e-01
9.543799e-01
9.595304e-01
4.447102e-01
-3.108436e-01
-8.974208e-01
-9.973744e-01
-5.566147e-01
1.857764e-01
8.272410e-01
1.020324e+00
6.604817e-01
-5.716115e-02
-7.433297e-01
-1.026317e+00
-7.528672e-01
-7.133375e-02
6.486036e-01
1.016980e+00
8.341424e-01
1.993935e-01
-5.430243e-01
-9.907909e-01
-9.012613e-01
-3.232043e-01
4.299020e-01
9.498503e-01
9.550319e-01
4.426473e-01
-3.093109e-01
-8.931911e-01
-9.927126e-01
-5.540439e-01
1.848793e-01
8.233692e-01
1.015613e+00
6.574491e-01
-5.685819e-02
-7.398604e-01
-1.021610e+00
-7.494573e-01
-7.102929e-02
6.456408e-01
1.012362e+00
8.303984e-01
1.985069e-01
-5.405545e-01
-9.863325e-01
-8.972559e-01
-3.217726e-01
4.279505e-01
9.456088e-01
9.507874e-01
4.407256e-01
-3.079595e-01
-8.892496e-01
-9.883879e-01
-5.516559e-01
1.840417e-01
8.197886e-01
1.011223e+00
6.546451e-01
-5.658789e-02
-7.366674e-01
-1.017244e+00
-7.462717e-01
-7.075306e-02
6.428993e-01
1.008075e+00
8.269335e-01
1.977079e-01
-5.382734e-01
-9.822083e-01
-8.935579e-01
-3.204776e-01
4.261669e-01
9.417118e-01
9.469068e-01
4.389390e-01
-3.066540e-01
-8.856051e-01
-9.843900e-01
-5.494727e-01
1.832902e-01
8.164753e-01
1.007188e+00
6.520744e-01
-5.633691e-02
-7.337238e-01
-1.013228e+00
-7.433698e-01
-7.054069e-02
6.403419e-01
1.004144e+00
8.237375e-01
1.969876e-01
-5.361689e-01
-9.784227e-01
-8.901421e-01
-3.193088e-01
4.245258e-01
9.381297e-01
9.433410e-01
4.373514e-01
-3.054674e-01
-8.823066e-01
-9.807202e-01
-5.474678e-01
1.825432e-01
8.134441e-01
1.003501e+00
6.497160e-01
-5.605176e-02
-7.310595e-01
-1.009558e+00
-7.407277e-01
-7.031792e-02
6.380251e-01
1.000566e+00
8.208549e-01
1.963401e-01
-5.342293e-01
-9.750025e-01
-8.870546e-01
-3.182172e-01
4.230110e-01
9.349025e-01
9.401257e-01
4.358915e-01
-3.043862e-01
-8.792873e-01
-9.774366e-01
-5.456693e-01
1.819046e-01
8.107293e-01
1.000180e+00
6.475863e-01
-5.584681e-02
-7.286135e-01
-1.006294e+00
-7.383307e-01
-7.010703e-02
6.359310e-01
9.973804e-01
8.182604e-01
1.957386e-01
-5.325422e-01
-9.719223e-01
-8.843115e-01
-3.172668e-01
4.216521e-01
9.320094e-01
9.372757e-01
4.345861e-01
-3.034298e-01
-8.766334e-01
-9.745213e-01
-5.440505e-01
1.813536e-01
8.083160e-01
9.972616e-01
6.457180e-01
-5.567751e-02
-7.264927e-01
-1.003404e+00
-7.362708e-01
-6.993624e-02
6.341296e-01
9.945601e-01
8.160164e-01
1.952173e-01
-5.310482e-01
-9.692446e-01
-8.819338e-01
-3.164291e-01
4.205145e-01
9.294996e-01
9.347866e-01
4.334915e-01
-3.026085e-01
-8.743240e-01
-9.719951e-01
-5.426842e-01
1.808635e-01
8.062323e-01
9.947265e-01
6.441378e-01
-5.548444e-02
-7.246705e-01
-1.000919e+00
-7.344827e-01
-6.981743e-02
6.325791e-01
9.921616e-01
8.140723e-01
1.948119e-01
-5.297769e-01
-9.669694e-01
-8.798814e-01
-3.157564e-01
4.195135e-01
9.273714e-01
9.326688e-01
4.325425e-01
-3.018793e-01
-8.723651e-01
-9.698565e-01
-5.415302e-01
