4,259895e-01
9,300121e-01
9,300374e-01
4,260578e-01
-3,086956e-01
-8,758220e-01
-9,680837e-01
-5,354728e-01
1,874615e-01
8,086548e-01
9,917204e-01
6,372896e-01
-6,248767e-02
-7,280236e-01
-9,988451e-01
-7,280993e-01
-6,256932e-02
6,367699e-01
9,910835e-01
8,082688e-01
1,874318e-01
-5,347201e-01
-9,668500e-01
-8,747843e-01
-3,083645e-01
4,251462e-01
9,282380e-01
9,283271e-01
4,253140e-01
-3,081047e-01
-8,742142e-01
-9,663378e-01
-5,345657e-01
1,870874e-01
8,072355e-01
9,900145e-01
6,362266e-01
-6,232881e-02
-7,267780e-01
-9,971986e-01
-7,269309e-01
-6,249954e-02
6,357055e-01
9,894964e-01
8,070188e-01
1,871646e-01
-5,338561e-01
-9,653713e-01
-8,734748e-01
-3,079577e-01
4,244930e-01
9,268825e-01
9,269998e-01
4,247187e-01
-3,076282e-01
-8,729923e-01
-9,650403e-01
-5,338694e-01
1,868068e-01
8,061517e-01
9,887333e-01
6,354382e-01
-6,221301e-02
-7,258427e-01
-9,959694e-01
-7,260580e-01
-6,246243e-02
6,349409e-01
9,883369e-01
8,061161e-01
1,869746e-01
-5,332459e-01
-9,643276e-01
-8,725529e-01
-3,076668e-01
4,240135e-01
9,259072e-01
9,260853e-01
4,243431e-01
-3,073001e-01
-8,721208e-01
-9,641495e-01
-5,334062e-01
1,866064e-01
8,054169e-01
9,878811e-01
6,349305e-01
-6,211799e-02
-7,252414e-01
-9,951647e-01
-7,255235e-01
-6,242976e-02
6,344539e-01
9,876198e-01
8,055520e-01
1,869003e-01
-5,328554e-01
-9,636640e-01
-8,720095e-01
-3,075005e-01
4,237373e-01
9,253519e-01
9,255776e-01
4,241501e-01
-3,070996e-01
-8,716443e-01
-9,636625e-01
-5,331806e-01
1,864757e-01
8,050264e-01
9,874654e-01
6,346930e-01
-6,206603e-02
-7,249311e-01
-9,948188e-01
-7,253082e-01
-6,246836e-02
6,342298e-01
9,873170e-01
8,053560e-01
1,868840e-01
-5,326951e-01
-9,634443e-01
-8,718417e-01
-3,074797e-01
4,236290e-01
9,251960e-01
9,254662e-01
4,241233e-01
-3,070299e-01
-8,715849e-01
-9,636135e-01
-5,331850e-01
1,864327e-01
8,049937e-01
9,874580e-01
6,347375e-01
-6,203189e-02
-7,249519e-01
-9,948826e-01
-7,254003e-01
-6,250993e-02
6,342773e-01
9,874610e-01
8,055104e-01
1,869538e-01
-5,327753e-01
-9,636477e-01
-8,720733e-01
-3,075970e-01
4,237151e-01
9,254603e-01
9,257617e-01
4,242807e-01
-3,071085e-01
-8,718714e-01
-9,639936e-01
-5,334300e-01
1,864817e-01
8,053174e-01
9,879019e-01
6,350522e-01
-6,203337e-02
-7,252711e-01
-9,953948e-01
-7,258041e-01
-6,258862e-02
6,346069e-01
9,880192e-01
8,060226e-01
1,871067e-01
-5,330766e-01
-9,642786e-01
-8,726731e-01
-3,078375e-01
4,239734e-01
9,261002e-01
9,264431e-01
4,246444e-01
-3,073164e-01
-8,725499e-01
-9,647790e-01
-5,338991e-01
1,866168e-01
8,059988e-01
9,887838e-01
6,356505e-01
-6,205119e-02
-7,259377e-01
-9,963524e-01
-7,265316e-01
-6,268215e-02
6,352096e-01
9,890347e-01
8,068822e-01
1,873368e-01
-5,336170e-01
-9,653001e-01
-8,736530e-01
-3,082190e-01
4,244217e-01
9,271631e-01
9,275491e-01
4,251848e-01
-3,076460e-01
-8,736040e-01
-9,659815e-01
-5,345984e-01
1,868098e-01
8,070292e-01
9,900843e-01
6,365190e-01
-6,209127e-02
-7,268908e-01
-9,977108e-01
-7,275693e-01
-6,280240e-02
6,360915e-01
9,904629e-01
8,080743e-01
1,876515e-01
-5,343831e-01
-9,667654e-01
-8,750114e-01
-3,087268e-01
4,250468e-01
9,286225e-01
9,290545e-01
4,259049e-01
-3,081136e-01
-8,750248e-01
-9,676027e-01
-5,355367e-01
1,870918e-01
8,083846e-01
9,918080e-01
6,376652e-01
-6,217738e-02
-7,281661e-01
-9,995413e-01
-7,289203e-01
-6,295532e-02
6,372539e-01
9,923127e-01
8,096169e-01
1,880405e-01
-5,353927e-01
-9,686256e-01
-8,767499e-01
-3,093548e-01
4,258618e-01
9,304679e-01
9,309504e-01
4,268075e-01
-3,087223e-01
-8,768197e-01
-9,696366e-01
-5,366872e-01
1,874452e-01
8,100979e-01
9,939473e-01
6,390756e-01
-6,227240e-02
-7,297562e-01
-1,001722e+00
-7,305801e-01
-6,312457e-02
6,386584e-01
9,945723e-01
8,114949e-01
1,885215e-01
-5,366071e-01
-9,709075e-01
-8,788373e-01
-3,101327e-01
4,268536e-01
9,326993e-01
9,332145e-01
4,278839e-01
-3,094528e-01
-8,789739e-01
-9,720625e-01
-5,380724e-01
1,878772e-01
8,121244e-01
9,964905e-01
6,407576e-01
-6,239859e-02
-7,316268e-01
-1,004343e+00
-7,325369e-01
-6,333538e-02
6,403330e-01
9,972342e-01
8,137218e-01
1,890634e-01
-5,380501e-01
-9,735635e-01
-8,812869e-01
-3,110383e-01
4,280145e-01
9,353033e-01
9,358734e-01
4,291384e-01
-3,103020e-01
-8,814829e-01
-9,748818e-01
-5,396594e-01
1,884028e-01
8,144894e-01
9,994359e-01
6,426728e-01
-6,254853e-02
-7,338047e-01
-1,007398e+00
-7,347712e-01
-6,356847e-02
6,422616e-01
1,000303e+00
8,162427e-01
1,896870e-01
-5,396936e-01
-9,765995e-01
-8,840676e-01
-3,120553e-01
4,293373e-01
9,382844e-01
9,388872e-01
4,305488e-01
-3,112699e-01
-8,843452e-01
-9,780841e-01
-5,414647e-01
1,889639e-01
8,171661e-01
1,002759e+00
6,448478e-01
-6,272669e-02
-7,362499e-01
-1,010801e+00
-7,372980e-01
-6,381937e-02
6,444499e-01
1,003740e+00
8,190917e-01
1,903803e-01
-5,415494e-01
-9,800052e-01
-8,872016e-01
-3,131970e-01
4,308264e-01
9,416040e-01
9,422558e-01
4,321240e-01
-3,123522e-01
-8,875238e-01
-9,816472e-01
-5,434645e-01
1,896261e-01
8,201428e-01
1,006460e+00
6,472736e-01
-6,292563e-02
-7,389697e-01
-1,014586e+00
-7,400876e-01
-6,409402e-02
6,468475e-01
1,007548e+00
8,222376e-01
1,911374e-01
-5,435952e-01
-9,837880e-01
-8,906548e-01
-3,144366e-01
4,324728e-01
9,452666e-01
9,459659e-01
4,338521e-01
-3,135444e-01
-8,910230e-01
-9,855592e-01
-5,456647e-01
1,903506e-01
8,234223e-01
1,010517e+00
6,499088e-01
-6,313347e-02
-7,419523e-01
-1,018726e+00
-7,431578e-01
-6,439837e-02
6,494738e-01
1,011705e+00
8,256715e-01
1,919555e-01
-5,458340e-01
-9,879108e-01
-8,944139e-01
-3,158129e-01
4,342574e-01
9,492617e-01
9,500025e-01
4,357331e-01
-3,148627e-01
-8,948266e-01
-9,898171e-01
-5,480565e-01
1,911359e-01
8,269765e-01
1,014929e+00
6,527771e-01
-6,338438e-02
-7,451858e-01
-1,023215e+00
-7,464552e-01
-6,471756e-02
6,523377e-01
1,016212e+00
8,293727e-01
1,928715e-01
-5,482613e-01
-9,923291e-01
-8,984625e-01
-3,172752e-01
4,361814e-01
9,535805e-01
9,543436e-01
4,377714e-01
-3,162642e-01
-8,989049e-01
-9,943793e-01
-5,506367e-01
1,919866e-01
8,307861e-01
1,019655e+00
6,558488e-01
-6,363379e-02
-7,486509e-01
-1,028024e+00
-7,500064e-01
-6,505903e-02
6,553900e-01
1,021009e+00
8,333441e-01
1,938172e-01
-5,508386e-01
-9,970828e-01
-9,027931e-01
-3,188430e-01
4,382643e-01
9,581739e-01
9,589860e-01
4,399167e-01
-3,177726e-01
-9,032890e-01
-9,992504e-01
-5,533417e-01
1,928863e-01
8,348420e-01
1,024698e+00
6,591164e-01
-6,391587e-02
-7,523417e-01
-1,033132e+00
-7,537743e-01
-6,541237e-02
6,586592e-01
1,026140e+00
8,375455e-01
1,948475e-01
-5,535733e-01
-1,002105e+00
-9,073880e-01
-3,204998e-01
4,404601e-01
9,630375e-01
9,638882e-01
4,421971e-01
-3,193567e-01
-9,079046e-01
-1,004411e+00
-5,562471e-01
1,938483e-01
8,391549e-01
1,029994e+00
6,625756e-01
-6,421873e-02
-7,562418e-01
-1,038550e+00
-7,577279e-01
-6,581173e-02
6,620708e-01
1,031532e+00
8,419964e-01
1,959001e-01
-5,564876e-01
-1,007407e+00
-9,122368e-01
-3,222398e-01
4,427702e-01
9,681624e-01
9,690502e-01
4,446126e-01
-3,210328e-01
-9,127697e-01
-1,009815e+00
-5,592817e-01
1,948490e-01
8,436726e-01
1,035573e+00
6,661966e-01
-6,452011e-02
-7,603319e-01
-1,044214e+00
-7,619116e-01
-6,620515e-02
6,656740e-01
1,037171e+00
8,466329e-01
1,970165e-01
-5,595088e-01
-1,012974e+00
-9,172800e-01
-3,240718e-01
4,451886e-01
9,735145e-01
9,744542e-01
4,471156e-01
-3,227980e-01
-9,178546e-01
-1,015482e+00
-5,624246e-01
1,959045e-01
8,483773e-01
1,041408e+00
6,699809e-01
-6,484673e-02
-7,646061e-01
-1,050108e+00
-7,662570e-01
-6,662530e-02
6,694108e-01
1,043075e+00
8,514817e-01
1,981820e-01
-5,626785e-01
-1,018766e+00
-9,225534e-01
-3,259647e-01
4,477065e-01
9,790877e-01
9,800661e-01
4,497152e-01
-3,246167e-01
-9,231279e-01
-1,021365e+00
-5,657294e-01
1,970017e-01
8,532751e-01
1,047454e+00
6,739018e-01
-6,518819e-02
-7,690184e-01
-1,056227e+00
-7,707584e-01
-6,704693e-02
6,733064e-01
1,049177e+00
8,564804e-01
1,993904e-01
-5,659476e-01
-1,024732e+00
-9,280005e-01
-3,279199e-01
4,502957e-01
9,848525e-01
9,858814e-01
4,524172e-01
-3,265036e-01
-9,285854e-01
-1,027428e+00
-5,691306e-01
1,981330e-01
8,583258e-01
1,053694e+00
6,779399e-01
-6,554450e-02
-7,735851e-01
-1,062547e+00
-7,753874e-01
-6,749826e-02
6,772971e-01
1,055466e+00
8,616498e-01
2,006286e-01
-5,693192e-01
-1,030904e+00
-9,336153e-01
-3,299361e-01
4,529740e-01
9,907955e-01
9,918510e-01
4,551979e-01
-3,284425e-01
-9,341809e-01
-1,033676e+00
-5,726180e-01
1,992939e-01
8,635234e-01
1,060105e+00
6,821073e-01
-6,589041e-02
-7,782839e-01
-1,069042e+00
-7,801560e-01
-6,795552e-02
6,814169e-01
1,061891e+00
8,669529e-01
2,018801e-01
-5,727947e-01
-1,037222e+00
-9,393623e-01
-3,320027e-01
4,557354e-01
9,968675e-01
9,979617e-01
4,580335e-01
-3,304290e-01
-9,399279e-01
-1,040070e+00
-5,761915e-01
2,004920e-01
8,688487e-01
1,066670e+00
6,863429e-01
-6,627642e-02
-7,830852e-01
-1,075664e+00
-7,850271e-01
-6,841427e-02
6,856110e-01
1,068508e+00
8,723569e-01
2,031732e-01
-5,763073e-01
-1,043664e+00
-9,452384e-01
-3,341212e-01
4,585398e-01
1,003060e+00
1,004209e+00
4,609256e-01
-3,324599e-01
-9,457847e-01
-1,046580e+00
-5,798288e-01
2,017035e-01
8,742453e-01
1,073352e+00
6,906884e-01
-6,663124e-02
-7,879607e-01
-1,082417e+00
-7,899827e-01
-6,888935e-02
6,898852e-01
1,075214e+00
8,778634e-01
2,045020e-01
-5,799016e-01
-1,050210e+00
-9,512066e-01
-3,362576e-01
4,613799e-01
1,009378e+00
1,010547e+00
4,638696e-01
-3,345161e-01
-9,517306e-01
-1,053181e+00
-5,835270e-01
2,029372e-01
8,797399e-01
1,080134e+00
6,950680e-01
-6,702021e-02
-7,929178e-01
-1,089254e+00
-7,949948e-01
-6,935997e-02
6,942010e-01
1,081978e+00
8,834277e-01
2,058352e-01
-5,835255e-01
-1,056849e+00
-9,572445e-01
-3,384207e-01
4,642541e-01
1,015739e+00
1,016965e+00
4,668373e-01
-3,365931e-01
-9,577255e-01
-1,059866e+00
-5,872564e-01
2,041650e-01
8,852850e-01
1,086987e+00
6,995011e-01
-6,739137e-02
-7,979002e-01
-1,096149e+00
-8,000604e-01
-6,985287e-02
6,985702e-01
1,088846e+00
8,890544e-01
2,071788e-01
-5,872148e-01
-1,063523e+00
-9,633285e-01
-3,405912e-01
4,671699e-01
1,022146e+00
1,023399e+00
4,698333e-01
-3,386983e-01
-9,637798e-01
-1,066578e+00
-5,909976e-01
2,054239e-01
8,908671e-01
1,093855e+00
7,039579e-01
-6,778479e-02
-8,029331e-01
-1,103076e+00
-8,051511e-01
-7,032794e-02
7,029528e-01
1,095731e+00
8,947019e-01
2,085342e-01
-5,908803e-01
-1,070240e+00
-9,694377e-01
-3,428047e-01
4,700723e-01
1,028585e+00
1,029884e+00
4,728322e-01
-3,407946e-01
-9,698534e-01
-1,073325e+00
-5,947700e-01
2,066636e-01
8,964523e-01
1,100754e+00
7,084311e-01
-6,817673e-02
-8,079570e-01
-1,110048e+00
-8,102389e-01
-7,082232e-02
7,073443e-01
1,102592e+00
9,003568e-01
2,098704e-01
-5,945696e-01
-1,076955e+00
-9,755439e-01
-3,449812e-01
4,729911e-01
1,035027e+00
1,036350e+00
4,758356e-01
-3,428894e-01
-9,758854e-01
-1,080061e+00
-5,985276e-01
2,079240e-01
9,020181e-01
1,107653e+00
7,128731e-01
-6,858055e-02
-8,129765e-01
-1,116967e+00
-8,153148e-01
-7,128849e-02
7,117121e-01
1,109461e+00
9,059746e-01
2,112169e-01
-5,982218e-01
-1,083641e+00
-9,816205e-01
-3,471799e-01
4,758816e-01
1,041418e+00
1,042799e+00
4,788227e-01
-3,449678e-01
-9,818981e-01
-1,086751e+00
-6,022614e-01
2,091696e-01
9,075765e-01
1,114479e+00
7,173061e-01
-6,893537e-02
-8,179604e-01
-1,123849e+00
-8,203774e-01
-7,178436e-02
7,160576e-01
1,116252e+00
9,115553e-01
2,125531e-01
-6,018502e-01
-1,090290e+00
-9,876555e-01
-3,493504e-01
4,787559e-01
1,047792e+00
1,049177e+00
4,817830e-01
-3,470329e-01
-9,878797e-01
-1,093392e+00
-6,059611e-01
2,104004e-01
9,130563e-01
1,121242e+00
7,216962e-01
-6,930504e-02
-8,228730e-01
-1,130657e+00
-8,253805e-01
-7,225647e-02
7,203526e-01
1,122986e+00
9,170885e-01
2,138699e-01
-6,054459e-01
-1,096833e+00
-9,936133e-01
-3,514913e-01
4,815781e-01
1,054045e+00
1,055473e+00
4,846944e-01
-3,490713e-01
-9,937736e-01
-1,099931e+00
-6,096281e-01
2,116148e-01
9,184781e-01
1,127930e+00
7,260149e-01
-6,969253e-02
-8,277441e-01
-1,137363e+00
-8,302917e-01
-7,273600e-02
7,245778e-01
1,129622e+00
9,225267e-01
2,151749e-01
-6,089823e-01
-1,103258e+00
-9,994864e-01
-3,535950e-01
4,843677e-01
1,060204e+00
1,061683e+00
4,875775e-01
-3,510771e-01
-9,995547e-01
-1,106355e+00
-6,132224e-01
2,127847e-01
9,237931e-01
1,134496e+00
7,302654e-01
-7,003993e-02
-8,325112e-01
-1,143941e+00
-8,351256e-01
-7,319772e-02
7,287214e-01
1,136135e+00
9,278698e-01
2,164621e-01
-6,124474e-01
-1,109587e+00
-1,005229e+00
-3,556527e-01
4,870905e-01
1,066247e+00
1,067746e+00
4,903953e-01
-3,530323e-01
-1,005205e+00
-1,112655e+00
-6,167305e-01
2,139516e-01
9,289759e-01
1,140914e+00
7,344179e-01
-7,039624e-02
-8,371669e-01
-1,150374e+00
-8,398571e-01
-7,365201e-02
7,327640e-01
1,142469e+00
9,330719e-01
2,177047e-01
-6,158249e-01
-1,115760e+00
-1,010835e+00
-3,576762e-01
4,897554e-01
1,072117e+00
1,073658e+00
4,931329e-01
-3,549282e-01
-1,010726e+00
-1,118788e+00
-6,201481e-01
2,150799e-01
9,340295e-01
1,147114e+00
7,384471e-01
-7,074067e-02
-8,416980e-01
-1,156630e+00
-8,444327e-01
-7,409443e-02
7,366923e-01
1,148639e+00
9,381271e-01
2,189221e-01
-6,190926e-01
-1,121734e+00
-1,016277e+00
-3,596255e-01
4,923298e-01
1,077836e+00
1,079399e+00
4,958067e-01
-3,567721e-01
-1,016067e+00
-1,124719e+00
-6,234692e-01
2,161830e-01
9,389258e-01
1,153200e+00
7,423695e-01
-7,105244e-02
-8,460613e-01
-1,162671e+00
-8,488732e-01
-7,453536e-02
7,404929e-01
1,154613e+00
9,430144e-01
2,201068e-01
-6,222622e-01
-1,127527e+00
-1,021537e+00
-3,615169e-01
4,948210e-01
1,083329e+00
1,084935e+00
4,983722e-01
-3,585595e-01
-1,021218e+00
-1,130442e+00
-6,266671e-01
2,172356e-01
9,436543e-01
1,159009e+00
7,461404e-01
-7,137609e-02
-8,502851e-01
-1,168512e+00
-8,531459e-01
-7,494808e-02
7,441392e-01
1,160326e+00
9,477103e-01
2,212247e-01
-6,252998e-01
-1,133076e+00
-1,026596e+00
-3,633341e-01
4,971993e-01
1,088633e+00
1,090258e+00
5,008441e-01
-3,602594e-01
-1,026152e+00
-1,135929e+00
-6,297418e-01
2,182228e-01
9,481765e-01
1,164587e+00
7,497644e-01
-7,166707e-02
-8,543247e-01
-1,174067e+00
-8,572494e-01
-7,534151e-02
7,476369e-01
1,165813e+00
9,522146e-01
2,223145e-01
-6,281963e-01
-1,138374e+00
-1,031424e+00
-3,650859e-01
4,994737e-01
1,093663e+00
1,095323e+00
5,032001e-01
-3,618910e-01
-1,030873e+00
-1,141171e+00
-6,326635e-01
2,191849e-01
9,524729e-01
1,169897e+00
7,532102e-01
-7,195509e-02
-8,581461e-01
-1,179356e+00
-8,611406e-01
-7,573790e-02
7,509551e-01
1,171025e+00
9,564918e-01
2,233537e-01
-6,309651e-01
-1,143417e+00
-1,036002e+00
-3,667353e-01
5,016294e-01
1,098457e+00
1,100133e+00
5,054449e-01
-3,634246e-01
-1,035330e+00
-1,146124e+00
-6,354531e-01
2,200860e-01
9,565438e-01
1,174925e+00
7,564496e-01
-7,221341e-02
-8,617938e-01
-1,184397e+00
-8,648195e-01
-7,610015e-02
7,540772e-01
1,175945e+00
9,605344e-01
2,243380e-01
-6,335498e-01
-1,148144e+00
-1,040328e+00
-3,683090e-01
5,036530e-01
1,102972e+00
1,104670e+00
5,075471e-01
-3,648632e-01
-1,039534e+00
-1,150790e+00
-6,380675e-01
2,209293e-01
9,603726e-01
1,179642e+00
7,595228e-01
-7,245392e-02
-8,651832e-01
-1,189095e+00
-8,682697e-01
-7,645200e-02
7,570019e-01
1,180546e+00
9,643098e-01
2,252481e-01
-6,359712e-01
-1,152586e+00
-1,044371e+00
-3,697565e-01
5,055399e-01
1,107166e+00
1,108903e+00
5,095217e-01
-3,662038e-01
-1,043425e+00
-1,155144e+00
-6,404949e-01
2,217043e-01
9,639357e-01
1,184028e+00
7,623777e-01
-7,268998e-02
-8,683484e-01
-1,193451e+00
-8,714765e-01
-7,676971e-02
7,597321e-01
1,184816e+00
9,678239e-01
2,260928e-01
-6,382160e-01
-1,156696e+00
-1,048114e+00
-3,711209e-01
5,072977e-01
1,111066e+00
1,112813e+00
5,113522e-01
-3,674287e-01
-1,047039e+00
-1,159160e+00
-6,427619e-01
2,224362e-01
9,672123e-01
1,188091e+00
7,650055e-01
-7,287407e-02
-8,712420e-01
-1,197463e+00
-8,744324e-01
-7,707554e-02
7,622337e-01
1,188753e+00
9,710589e-01
2,268930e-01
-6,402736e-01
-1,160468e+00
-1,051545e+00
-3,723739e-01
5,089011e-01
1,114620e+00
1,116396e+00
5,130224e-01
-3,685555e-01
-1,050321e+00
-1,162835e+00
-6,448121e-01
2,230835e-01
9,701934e-01
1,191795e+00
7,674061e-01
-7,305519e-02
-8,738786e-01
-1,201136e+00
-8,771300e-01
-7,736653e-02
7,644859e-01
1,192309e+00
9,739881e-01
2,276131e-01
-6,421354e-01
-1,163895e+00
-1,054652e+00
-3,735008e-01
5,103560e-01
1,117821e+00
1,119643e+00
5,145441e-01
-3,695665e-01
-1,053294e+00
-1,166141e+00
-6,466635e-01
2,236699e-01
9,728894e-01
1,195110e+00
7,695737e-01
-7,323038e-02
-8,762525e-01
-1,204404e+00
-8,795395e-01
-7,760110e-02
7,665109e-01
1,195504e+00
9,765965e-01
2,282722e-01
-6,437848e-01
-1,166926e+00
-1,057437e+00
-3,745296e-01
5,116120e-01
1,120680e+00
1,122520e+00
5,158996e-01
-3,704499e-01
-1,055926e+00
-1,169078e+00
-6,483188e-01
2,241658e-01
9,752604e-01
1,198050e+00
7,714859e-01
-7,334172e-02
-8,783459e-01
-1,207299e+00
-8,816773e-01
-7,784309e-02
7,682910e-01
1,198295e+00
9,789096e-01
2,288423e-01
-6,452308e-01
-1,169587e+00
-1,059873e+00
-3,754070e-01
5,127240e-01
1,123169e+00
1,125030e+00
5,170724e-01
-3,712293e-01
-1,058205e+00
-1,171621e+00
-6,497648e-01
2,245993e-01
9,773003e-01
1,200577e+00
7,731338e-01
-7,345455e-02
-8,801304e-01
-1,209790e+00
-8,834990e-01
-7,805391e-02
7,697889e-01
1,200669e+00
9,808812e-01
2,293278e-01
-6,464601e-01
-1,171860e+00
-1,061940e+00
-3,761879e-01
5,136593e-01
1,125292e+00
1,127158e+00
5,180716e-01
-3,718840e-01
-1,060142e+00
-1,173775e+00
-6,509570e-01
2,249660e-01
9,790061e-01
1,202716e+00
7,745264e-01
-7,354066e-02
-8,816254e-01
-1,211872e+00
-8,850296e-01
-7,822315e-02
7,710405e-01
1,202669e+00
9,825187e-01
2,297435e-01
-6,474666e-01
-1,173736e+00
-1,063659e+00
-3,768204e-01
5,144209e-01
1,127003e+00
1,128911e+00
5,189074e-01
-3,723873e-01
-1,061682e+00
-1,175522e+00
-6,519487e-01
2,252436e-01
9,803957e-01
1,204419e+00
7,756473e-01
-7,360005e-02
-8,828042e-01
-1,213512e+00
-8,862515e-01
-7,837756e-02
7,720307e-01
1,204233e+00
9,838148e-01
2,300953e-01
-6,482461e-01
-1,175178e+00
-1,065001e+00
-3,773251e-01
5,149895e-01
1,128332e+00
1,130246e+00
5,195503e-01
-3,727718e-01
-1,062890e+00
-1,176857e+00
-6,527281e-01
2,254336e-01
9,814320e-01
1,205722e+00
7,765069e-01
-7,362529e-02
-8,836860e-01
-1,214753e+00
-8,871808e-01
-7,850375e-02
7,727344e-01
1,205393e+00
9,847649e-01
2,303507e-01
-6,488058e-01
-1,176229e+00
-1,065963e+00
-3,776859e-01
5,153889e-01
1,129267e+00
1,131205e+00
5,200150e-01
-3,730183e-01
-1,063701e+00
-1,177766e+00
-6,532641e-01
2,255480e-01
9,821060e-01
1,206578e+00
7,770948e-01
-7,363865e-02
-8,842383e-01
-1,215545e+00
-8,877717e-01
-7,860322e-02
7,731694e-01
1,206105e+00
9,853721e-01
2,305125e-01
-6,491339e-01
-1,176842e+00
-1,066538e+00
-3,779338e-01
5,156041e-01
1,129799e+00
1,131748e+00
5,202955e-01
-3,731430e-01
-1,064133e+00
-1,178270e+00
-6,535565e-01
2,256014e-01
9,824311e-01
1,207002e+00
7,773872e-01
-7,360302e-02
-8,844862e-01
-1,215902e+00
-8,880627e-01
-7,866409e-02
7,733223e-01
1,206382e+00
9,856141e-01
2,306150e-01
-6,492051e-01
-1,177046e+00
-1,066744e+00
-3,780363e-01
5,156368e-01
1,129930e+00
1,131892e+00
5,203817e-01
-3,731296e-01
-1,064179e+00
-1,178337e+00
-6,536159e-01
2,255613e-01
9,824252e-01
1,206992e+00
7,774184e-01
-7,356887e-02
-8,844090e-01
-1,215834e+00
-8,880286e-01
-7,870269e-02
7,732051e-01
1,206227e+00
9,855087e-01
2,306239e-01
-6,490552e-01
-1,176842e+00
-1,066556e+00
-3,780140e-01
5,154824e-01
1,129631e+00
1,131632e+00
5,202866e-01
-3,729797e-01
-1,063855e+00
-1,177996e+00
-6,534452e-01
2,254455e-01
9,820525e-01
1,206566e+00
7,771571e-01
-7,349464e-02
-8,840216e-01
-1,215322e+00
-8,876663e-01
-7,871011e-02
7,728176e-01
1,205656e+00
9,850574e-01
2,305556e-01
-6,486929e-01
-1,176198e+00
-1,066000e+00
-3,778151e-01
5,151558e-01
1,128948e+00
1,130960e+00
5,200120e-01
-3,726902e-01
-1,063129e+00
-1,177225e+00
-6,530340e-01
2,252466e-01
9,813414e-01
1,205712e+00
7,766212e-01
-7,337587e-02
-8,833104e-01
-1,214379e+00
-8,869997e-01
-7,869675e-02
7,721450e-01
1,204655e+00
9,842438e-01
2,304101e-01
-6,480753e-01
-1,175121e+00
-1,065052e+00
-3,775360e-01
5,146198e-01
1,127857e+00
1,129887e+00
5,195369e-01
-3,722819e-01
-1,062059e+00
-1,176032e+00
-6,524074e-01
2,249600e-01
9,802606e-01
1,204419e+00
7,758150e-01
-7,324968e-02
-8,822816e-01
-1,213003e+00
-8,860139e-01
-7,864182e-02
7,712097e-01
1,203206e+00
9,830828e-01
2,301547e-01
-6,472410e-01
-1,173650e+00
-1,063729e+00
-3,770906e-01
5,139250e-01
1,126381e+00
1,128415e+00
5,188852e-01
-3,717415e-01
-1,060561e+00
-1,174433e+00
-6,515300e-01
2,246037e-01
9,788621e-01
1,202710e+00
7,747387e-01
-7,310270e-02
-8,809588e-01
-1,211187e+00
-8,847208e-01
-7,856907e-02
7,699983e-01
1,201356e+00
9,815893e-01
2,298504e-01
-6,461810e-01
-1,171781e+00
-1,062036e+00
-3,765279e-01
5,130506e-01
1,124505e+00
1,126552e+00
5,180686e-01
-3,710630e-01
-1,058727e+00
-1,172422e+00
-6,504374e-01
2,241643e-01
9,771087e-01
1,200589e+00
7,733817e-01
-7,292455e-02
-8,793316e-01
-1,208960e+00
-8,831293e-01
-7,847406e-02
7,685151e-01
1,199083e+00
9,797499e-01
2,294659e-01
-6,448938e-01
-1,169475e+00
-1,059983e+00
-3,758242e-01
5,119817e-01
1,122227e+00
1,124310e+00
5,170620e-01
-3,702687e-01
-1,056564e+00
-1,170000e+00
-6,491294e-01
2,236521e-01
9,750199e-01
1,198032e+00
7,717694e-01
-7,271967e-02
-8,774016e-01
-1,206343e+00
-8,812112e-01
-7,834192e-02
7,667781e-01
1,196401e+00
9,775883e-01
2,289849e-01
-6,433958e-01
-1,166806e+00
-1,057565e+00
-3,749987e-01
5,107687e-01
1,119609e+00
1,121693e+00
5,158788e-01
-3,693498e-01
-1,054008e+00
-1,167211e+00
-6,475735e-01
2,230568e-01
9,726133e-01
1,195097e+00
7,699018e-01
-7,250291e-02
-8,751866e-01
-1,203292e+00
-8,790258e-01
-7,819940e-02
7,648036e-01
1,193336e+00
9,750971e-01
2,284355e-01
-6,416707e-01
-1,163740e+00
-1,054824e+00
-3,740545e-01
5,093643e-01
1,116604e+00
1,118698e+00
5,145323e-01
-3,683061e-01
-1,051129e+00
-1,164039e+00
-6,458558e-01
2,224035e-01
9,698979e-01
1,191773e+00
7,677847e-01
-7,225201e-02
-8,726805e-01
-1,199897e+00
-8,765569e-01
-7,801531e-02
7,625692e-01
1,189893e+00
9,722897e-01
2,278209e-01
-6,397644e-01
-1,160321e+00
-1,051724e+00
-3,729871e-01
5,078010e-01
1,113237e+00
1,115355e+00
5,130283e-01
-3,671377e-01
-1,047894e+00
-1,160489e+00
-6,439110e-01
2,216701e-01
9,668649e-01
1,188087e+00
7,654167e-01
-7,197439e-02
-8,699147e-01
-1,196114e+00
-8,738089e-01
-7,781488e-02
7,601122e-01
1,186066e+00
9,692002e-01
2,271202e-01
-6,376370e-01
-1,156528e+00
-1,048307e+00
-3,717979e-01
5,061011e-01
1,109546e+00
1,111679e+00
5,113537e-01
-3,658594e-01
-1,044356e+00
-1,156595e+00
-6,417805e-01
2,208759e-01
9,635482e-01
1,184035e+00
7,628335e-01
-7,169231e-02
-8,668846e-01
-1,191973e+00
-8,708025e-01
-7,758328e-02
7,574146e-01
1,181881e+00
9,658048e-01
2,263645e-01
-6,353373e-01
-1,152402e+00
-1,044588e+00
-3,705122e-01
5,042349e-01
1,105543e+00
1,107666e+00
5,095365e-01
-3,644995e-01
-1,040533e+00
-1,152371e+00
-6,394452e-01
2,200237e-01
9,599539e-01
1,179654e+00
7,600231e-01
-7,138499e-02
-8,635902e-01
-1,187482e+00
-8,675512e-01
-7,734871e-02
7,544840e-01
1,177403e+00
9,621393e-01
2,255465e-01
-6,328624e-01
-1,147944e+00
-1,040569e+00
-3,691167e-01
5,022277e-01
1,101210e+00
1,103349e+00
5,075813e-01
-3,630208e-01
-1,036396e+00
-1,147816e+00
-6,369540e-01
2,191017e-01
9,561014e-01
1,174921e+00
7,570019e-01
-7,103908e-02
-8,600835e-01
-1,182683e+00
-8,640534e-01
-7,706812e-02
7,513797e-01
1,172558e+00
9,582199e-01
2,246438e-01
-6,301960e-01
-1,143181e+00
-1,036272e+00
-3,676172e-01
5,001077e-01
1,096592e+00
1,098741e+00
5,054909e-01
-3,614442e-01
-1,031995e+00
-1,142966e+00
-6,342743e-01
2,181293e-01
9,519786e-01
1,169924e+00
7,538011e-01
-7,069168e-02
-8,563364e-01
-1,177549e+00
-8,603330e-01
-7,677862e-02
7,480793e-01
1,167453e+00
9,540556e-01
2,237145e-01
-6,274050e-01
-1,138131e+00
-1,031731e+00
-3,660331e-01
4,978332e-01
1,091696e+00
1,093853e+00
5,032714e-01
-3,597829e-01
-1,027339e+00
-1,137825e+00
-6,314550e-01
2,171064e-01
9,476539e-01
1,164601e+00
7,503954e-01
-7,033685e-02
-8,523873e-01
-1,172164e+00
-8,564076e-01
-7,646833e-02
7,445860e-01
1,162033e+00
9,496596e-01
2,227257e-01
-6,244402e-01
-1,132811e+00
-1,026918e+00
-3,643629e-01
4,954579e-01
1,086524e+00
1,088714e+00
5,009361e-01
-3,580444e-01
-1,022452e+00
-1,132427e+00
-6,284858e-01
2,160271e-01
9,431020e-01
1,159027e+00
7,468189e-01
-6,994046e-02
-8,482526e-01
-1,166511e+00
-8,522908e-01
-7,614172e-02
7,409413e-01
1,156374e+00
9,450528e-01
2,216716e-01
-6,213507e-01
-1,127231e+00
-1,021894e+00
-3,625962e-01
4,929845e-01
1,081149e+00
1,083341e+00
4,984969e-01
-3,562168e-01
-1,017320e+00
-1,126773e+00
-6,253666e-01
2,148958e-01
9,383334e-01
1,153214e+00
7,430955e-01
-6,954555e-02
-8,439249e-01
-1,160591e+00
-8,480062e-01
-7,579877e-02
7,371436e-01
1,150459e+00
9,402530e-01
2,205804e-01
-6,181350e-01
-1,121446e+00
-1,016658e+00
-3,607746e-01
4,904057e-01
1,075549e+00
1,077750e+00
4,959448e-01
-3,543328e-01
-1,012021e+00
-1,120925e+00
-6,221464e-01
2,137170e-01
9,334164e-01
1,147179e+00
7,392384e-01
-6,913728e-02
-8,394429e-01
-1,154464e+00
-8,435508e-01
-7,542613e-02
7,332049e-01
1,144373e+00
9,352751e-01
2,194402e-01
-6,147946e-01
-1,115441e+00
-1,011230e+00
-3,588565e-01
4,877274e-01
1,069771e+00
1,071964e+00
4,933348e-01
-3,523672e-01
-1,006531e+00
-1,114865e+00
-6,188075e-01
2,125234e-01
9,282974e-01
1,140931e+00
7,352344e-01
-6,872159e-02
-8,348376e-01
-1,148153e+00
-8,389544e-01
-7,506091e-02
7,291579e-01
1,138062e+00
9,301561e-01
2,182778e-01
-6,113666e-01
-1,109264e+00
-1,005667e+00
-3,569086e-01
4,849868e-01
1,063822e+00
1,066026e+00
4,906224e-01
-3,503704e-01
-1,000886e+00
-1,108645e+00
-6,153884e-01
2,112808e-01
9,230745e-01
1,134532e+00
7,311383e-01
-6,828511e-02
-8,301180e-01
-1,141671e+00
-8,342526e-01
-7,469570e-02
7,249801e-01
1,131607e+00
9,248917e-01
2,170886e-01
-6,078391e-01
-1,102920e+00
-9,999437e-01
-3,549207e-01
4,821824e-01
1,057722e+00
1,059925e+00
4,878388e-01
-3,483127e-01
-9,951201e-01
-1,102268e+00
-6,118773e-01
2,100366e-01
9,177180e-01
1,127983e+00
7,269398e-01
-6,784863e-02
-8,252603e-01
-1,135041e+00
-8,294261e-01
-7,428594e-02
7,207356e-01
1,125011e+00
9,195233e-01
2,158564e-01
-6,042612e-01
-1,096448e+00
-9,941106e-01
-3,528853e-01
4,793007e-01
1,051476e+00
1,053715e+00
4,850076e-01
-3,462238e-01
-9,892128e-01
-1,095766e+00
-6,082831e-01
2,087584e-01
9,122843e-01
1,121308e+00
7,226656e-01
-6,740473e-02
-8,203150e-01
-1,128285e+00
-8,245180e-01
-7,388658e-02
7,164050e-01
1,118302e+00
9,140762e-01
2,146241e-01
-6,006135e-01
-1,089894e+00
-9,881751e-01
-3,508024e-01
4,763938e-01
1,045131e+00
1,047410e+00
4,821245e-01
-3,440934e-01
-9,832595e-01
-1,089172e+00
-6,046591e-01
2,074549e-01
9,067392e-01
1,114540e+00
7,183216e-01
-6,696528e-02
-8,153178e-01
-1,121461e+00
-8,195356e-01
-7,347534e-02
7,120432e-01
1,111507e+00
9,085371e-01
2,133681e-01
-5,969168e-01
-1,083252e+00
-9,821654e-01
-3,487061e-01
4,734677e-01
1,038752e+00
1,041023e+00
4,792102e-01
-3,419496e-01
-9,772231e-01
-1,082517e+00
-6,009802e-01
2,061484e-01
9,011392e-01
1,107703e+00
7,139464e-01
-6,650653e-02
-8,102864e-01
-1,114564e+00
-8,145206e-01
-7,306855e-02
7,076234e-01
1,104639e+00
9,029638e-01
2,120810e-01
-5,931934e-01
-1,076541e+00
-9,761244e-01
-3,465816e-01
4,704984e-01
1,032308e+00
1,034595e+00
4,762899e-01
-3,397939e-01
-9,711287e-01
-1,075803e+00
-5,972523e-01
2,048286e-01
8,955615e-01
1,100834e+00
7,095431e-01
-6,608935e-02
-8,052372e-01
-1,107635e+00
-8,094565e-01
-7,260832e-02
7,032037e-01
1,097746e+00
8,973312e-01
2,107641e-01
-5,895071e-01
-1,069838e+00
-9,700212e-01
-3,444274e-01
4,675589e-01
1,025874e+00
1,028135e+00
4,733043e-01
-3,376576e-01
-9,650521e-01
-1,069074e+00
-5,935274e-01
2,035370e-01
8,899289e-01
1,093941e+00
7,051055e-01
-6,563951e-02
-8,001613e-01
-1,100674e+00
-8,044073e-01
-7,218669e-02
6,987617e-01
1,090871e+00
8,917178e-01
2,094829e-01
-5,857658e-01
-1,063088e+00
-9,639505e-01
-3,423029e-01
4,645985e-01
1,019423e+00
1,021689e+00
4,703796e-01
-3,355123e-01
-9,589756e-01
-1,062363e+00
-5,898470e-01
2,022305e-01
8,842992e-01
1,087063e+00
7,006918e-01
-6,517631e-02
-7,951106e-01
-1,093761e+00
-7,993730e-01
-7,178287e-02
6,943346e-01
1,083997e+00
8,861297e-01
2,081942e-01
-5,820290e-01
-1,056374e+00
-9,579037e-01
-3,401725e-01
4,616219e-01
1,012977e+00
1,015277e+00
4,674460e-01
-3,333537e-01
-9,528931e-01
-1,055693e+00
-5,861711e-01
2,009166e-01
8,787259e-01
1,080235e+00
6,963225e-01
-6,473093e-02
-7,900689e-01
-1,086876e+00
-7,943728e-01
-7,135679e-02
6,899490e-01
1,077183e+00
8,805876e-01
2,069026e-01
-5,783353e-01
-1,049738e+00
-9,519088e-01
-3,380718e-01
4,586897e-01
1,006620e+00
1,008911e+00
4,645570e-01
-3,312247e-01
-9,469160e-01
-1,049064e+00
-5,825368e-01
1,996191e-01
8,731987e-01
1,073459e+00
6,919741e-01
-6,427515e-02
-7,851028e-01
-1,080072e+00
-7,894245e-01
-7,094555e-02
6,855946e-01
1,070433e+00
8,750975e-01
2,056674e-01
-5,746950e-01
-1,043165e+00
-9,459792e-01
-3,360096e-01
4,557977e-01
1,000297e+00
1,002643e+00
4,616961e-01
-3,291314e-01
-9,409909e-01
-1,042539e+00
-5,789410e-01
1,983334e-01
8,677353e-01
1,066789e+00
6,876998e-01
-6,384312e-02
-7,801946e-01
-1,073358e+00
-7,845490e-01
-7,055064e-02
6,813219e-01
1,063799e+00
8,697113e-01
2,044367e-01
-5,711156e-01
-1,036700e+00
-9,401476e-01
-3,339564e-01
4,529339e-01
9,941225e-01
9,964578e-01
4,588842e-01
-3,270485e-01
-9,351712e-01
-1,036125e+00
-5,754076e-01
1,970818e-01
8,624010e-01
1,060246e+00
6,835147e-01
-6,341407e-02
-7,753696e-01
-1,066772e+00
-7,797582e-01
-7,015870e-02
6,771308e-01
1,057287e+00
8,644246e-01
2,032341e-01
-5,675762e-01
-1,030372e+00
-9,344259e-01
-3,319626e-01
4,501591e-01
9,880534e-01
9,904258e-01
4,561288e-01
-3,250324e-01
-9,294777e-01
-1,029857e+00
-5,719410e-01
1,958511e-01
8,571440e-01
1,053847e+00
6,794275e-01
-6,299095e-02
-7,706634e-01
-1,060348e+00
-7,750920e-01
-6,977715e-02
6,730214e-01
1,050937e+00
8,592522e-01
2,020509e-01
-5,641631e-01
-1,024192e+00
-9,288378e-01
-3,300118e-01
4,474274e-01
9,821446e-01
9,845378e-01
4,534416e-01
-3,230578e-01
-9,239207e-01
-1,023754e+00
-5,685784e-01
1,946530e-01
8,520399e-01
1,047610e+00
6,754443e-01
-6,257229e-02
-7,660952e-01
-1,054082e+00
-7,705639e-01
-6,939412e-02
6,690411e-01
1,044755e+00
8,542401e-01
2,009107e-01
-5,608079e-01
-1,018206e+00
-9,234367e-01
-3,281278e-01
4,447878e-01
9,764124e-01
9,788294e-01
4,508376e-01
-3,211530e-01
-9,185434e-01
-1,017824e+00
-5,653152e-01
1,934816e-01
8,471288e-01
1,041577e+00
6,715754e-01
-6,217441e-02
-7,616696e-01
-1,048042e+00
-7,661694e-01
-6,902742e-02
6,651900e-01
1,038786e+00
8,493854e-01
1,997957e-01
-5,575907e-01
-1,012395e+00
-9,182124e-01
-3,263047e-01
4,422431e-01
9,708852e-01
9,733140e-01
4,483286e-01
-3,193047e-01
-9,133681e-01
-1,012118e+00
-5,621871e-01
1,923622e-01
8,423542e-01
1,035769e+00
6,678594e-01
-6,178396e-02
-7,573953e-01
-1,042215e+00
-7,619338e-01
-6,869041e-02
6,614785e-01
1,033063e+00
8,447237e-01
1,987357e-01
-5,545071e-01
-1,006823e+00
-9,131899e-01
-3,245499e-01
4,397787e-01
9,655614e-01
9,680288e-01
4,459398e-01
-3,175246e-01
-9,083664e-01
-1,006645e+00
-5,591748e-01
1,912963e-01
8,377920e-01
1,030200e+00
6,643096e-01
-6,142616e-02
-7,533037e-01
-1,036636e+00
-7,579001e-01
-6,834598e-02
6,579243e-01
1,027552e+00
8,402624e-01
1,977188e-01
-5,515171e-01
-1,001503e+00
-9,083916e-01
-3,228886e-01
4,374463e-01
9,604973e-01
9,629781e-01
4,436372e-01
-3,158530e-01
-9,036408e-01
-1,001421e+00
-5,562827e-01
1,902630e-01
8,334435e-01
1,024896e+00
6,609173e-01
-6,107134e-02
-7,494036e-01
-1,031334e+00
-7,540520e-01
-6,803718e-02
6,545542e-01
1,022354e+00
8,360312e-01
1,967701e-01
-5,487008e-01
-9,964415e-01
-9,038398e-01
-3,212941e-01
4,352164e-01
9,556916e-01
9,581932e-01
4,414637e-01
-3,142362e-01
-8,991395e-01
-9,964890e-01
-5,535807e-01
1,893069e-01
8,293296e-01
1,019885e+00
6,577164e-01
-6,073284e-02
-7,457440e-01
-1,026321e+00
-7,504265e-01
-6,774767e-02
6,513667e-01
1,017428e+00
8,320465e-01
1,958645e-01
-5,460552e-01
-9,916922e-01
-8,995551e-01
-3,198095e-01
4,331261e-01
9,511561e-01
9,536933e-01
4,394164e-01
-3,127323e-01
-8,949216e-01
-9,918421e-01
-5,510405e-01
1,883835e-01
8,254771e-01
1,015165e+00
6,547086e-01
-6,041217e-02
-7,422893e-01
-1,021631e+00
-7,470119e-01
-6,746708e-02
6,483812e-01
1,012809e+00
8,283156e-01
1,950153e-01
-5,435640e-01
-9,872338e-01
-8,955511e-01
-3,184095e-01
4,311708e-01
9,469279e-01
9,494948e-01
4,375191e-01
-3,113278e-01
-8,909889e-01
-9,875085e-01
-5,486711e-01
1,875313e-01
8,218635e-01
1,010778e+00
6,519027e-01
-6,012267e-02
-7,391033e-01
-1,017251e+00
-7,438467e-01
-6,722509e-02
6,456079e-01
1,008517e+00
8,248387e-01
1,942477e-01
-5,412717e-01
-9,831111e-01
-8,918381e-01
-3,171327e-01
4,293507e-01
9,430129e-01
9,455932e-01
4,357464e-01
-3,100139e-01
-8,873293e-01
-9,835089e-01
-5,464768e-01
1,867281e-01
8,185409e-01
1,006733e+00
6,493387e-01
-5,983613e-02
-7,361460e-01
-1,013230e+00
-7,409561e-01
-6,699497e-02
6,430558e-01
1,004583e+00
8,216512e-01
1,935143e-01
-5,391487e-01
-9,793149e-01
-8,884502e-01
-3,159465e-01
4,276924e-01
9,394231e-01
9,420361e-01
4,341579e-01
-3,088173e-01
-8,839948e-01
-9,798523e-01
-5,444934e-01
1,860140e-01
8,154885e-01
1,003057e+00
6,469856e-01
-5,958078e-02
-7,334454e-01
-1,009579e+00
-7,383209e-01
-6,678713e-02
6,407294e-01
1,001019e+00
8,187725e-01
1,928700e-01
-5,372202e-01
-9,758780e-01
-8,853637e-01
-3,148805e-01
4,261810e-01
9,361867e-01
9,388337e-01
4,327059e-01
-3,077187e-01
-8,809855e-01
-9,765683e-01
-5,426851e-01
1,853504e-01
8,127999e-01
9,997477e-01
6,448953e-01
-5,935066e-02
-7,310181e-01
-1,006305e+00
-7,359485e-01
-6,660006e-02
6,386524e-01
9,978192e-01
8,161967e-01
1,922821e-01
-5,355025e-01
-9,728093e-01
-8,826364e-01
-3,139378e-01
4,248345e-01
9,333080e-01
9,359788e-01
4,314381e-01
-3,067537e-01
-8,783206e-01
-9,736466e-01
-5,411144e-01
1,847743e-01
8,103636e-01
9,968141e-01
6,430291e-01
-5,913242e-02
-7,289010e-01
-1,003421e+00
-7,338745e-01
-6,645160e-02
6,368175e-01
9,950088e-01
8,139416e-01
1,917966e-01
-5,339956e-01
-9,701251e-01
-8,802313e-01
-3,131183e-01
4,236586e-01
9,307945e-01
9,334906e-01
4,303231e-01
-3,059253e-01
-8,760076e-01
-9,711257e-01
-5,397441e-01
1,842681e-01
8,082658e-01
9,942902e-01
6,414346e-01
-5,895278e-02
-7,270720e-01
-1,000931e+00
-7,320944e-01
-6,633135e-02
6,352438e-01
9,925978e-01
8,120041e-01
1,913735e-01
-5,326743e-01
-9,678328e-01
-8,782063e-01
-3,124279e-01
4,226432e-01
9,286537e-01
9,313839e-01
4,293744e-01
-3,052023e-01
-8,740405e-01
-9,689938e-01
-5,385772e-01
1,838316e-01
8,065170e-01
9,921687e-01
6,401074e-01
-5,879245e-02
-7,255101e-01
-9,988391e-01
-7,306054e-01
-6,622742e-02
6,339284e-01
9,906128e-01
8,104185e-01
1,910394e-01
-5,316410e-01
-9,659474e-01
-8,765331e-01
-3,118653e-01
4,218207e-01
9,269048e-01
9,296707e-01
4,286247e-01
-3,046055e-01
-8,724519e-01
-9,672568e-01
-5,376626e-01
1,834812e-01
8,050843e-01
9,904599e-01
6,390459e-01
-5,866477e-02
-7,242675e-01
-9,971882e-01
-7,294310e-01
-6,615022e-02
6,328936e-01
9,890258e-01
8,091730e-01
1,907752e-01
-5,307799e-01
-9,644909e-01
-8,752252e-01
-3,114392e-01
4,211585e-01
9,255286e-01
9,283479e-01
4,280383e-01
-3,041616e-01
-8,712212e-01
-9,659563e-01
-5,369797e-01
1,831932e-01
8,040050e-01
9,891802e-01
6,382457e-01
-5,853115e-02
-7,233574e-01
-9,959708e-01
-7,285714e-01
-6,611459e-02
6,321142e-01
9,878752e-01
8,082629e-01
1,905881e-01
-5,301579e-01
-9,634072e-01
-8,743018e-01
-3,111452e-01
4,206879e-01
9,245829e-01
9,274289e-01
4,276523e-01
-3,038290e-01
-8,703616e-01
-9,650655e-01
-5,365046e-01
1,830106e-01
8,032671e-01
9,883325e-01
6,377409e-01
-5,845692e-02
-7,227265e-01
-9,951736e-01
-7,280266e-01
-6,609529e-02
6,316079e-01
9,871448e-01
8,077061e-01
1,904990e-01
-5,297897e-01
-9,627703e-01
-8,737584e-01
-3,109953e-01
4,203969e-01
9,240350e-01
9,269093e-01
4,274429e-01
-3,036167e-01
-8,698984e-01
-9,645800e-01
-5,362582e-01
1,828740e-01
8,028960e-01
9,879019e-01
6,375019e-01
-5,840347e-02
-7,224103e-01
-9,948099e-01
-7,278039e-01
-6,611905e-02
6,313986e-01
9,868597e-01
8,075087e-01
1,904827e-01
-5,296071e-01
-9,625431e-01
-8,735980e-01
-3,109686e-01
4,202990e-01
9,238643e-01
9,268053e-01
4,274266e-01
-3,035514e-01
-8,698152e-01
-9,645251e-01
-5,362894e-01
1,828429e-01
8,028633e-01
9,879153e-01
6,375494e-01
-5,836784e-02
-7,224385e-01
-9,948871e-01
-7,278722e-01
-6,616358e-02
6,314357e-01
9,869889e-01
8,076690e-01
1,905451e-01
-5,297080e-01
-9,627272e-01
-8,738178e-01
-3,110710e-01
4,203776e-01
9,241226e-01
9,270993e-01
4,275944e-01
-3,036167e-01
-8,701003e-01
-9,649007e-01
-5,365239e-01
1,828889e-01
8,031795e-01
9,883547e-01
6,378686e-01
-5,835300e-02
-7,227695e-01
-9,953993e-01
-7,283012e-01
-6,623930e-02
6,317668e-01
9,875694e-01
8,081693e-01
1,907069e-01
-5,300109e-01
-9,633597e-01
-8,744265e-01
-3,113308e-01
4,206508e-01
9,247729e-01
9,277897e-01
4,279537e-01
-3,038231e-01
-8,707728e-01
-9,656905e-01
-5,369990e-01
1,830091e-01
8,038387e-01
9,892247e-01
6,384683e-01
-5,837972e-02
-7,234406e-01
-9,963509e-01
-7,290228e-01
-6,634025e-02
6,323829e-01
9,885804e-01
8,090275e-01
1,909459e-01
-5,305335e-01
-9,643900e-01
-8,754152e-01
-3,117094e-01
4,210843e-01
9,258196e-01
9,289046e-01
4,284985e-01
-3,041616e-01
-8,718328e-01
-9,668960e-01
-5,377042e-01
1,831977e-01
8,048809e-01
9,905252e-01
6,393487e-01
-5,842277e-02
-7,243893e-01
-9,977167e-01
-7,300754e-01
-6,645605e-02
6,332618e-01
9,900116e-01
8,102345e-01
1,912651e-01
-5,312936e-01
-9,658479e-01
-8,767692e-01
-3,122290e-01
4,217093e-01
9,272834e-01
9,303952e-01
4,292260e-01
-3,046203e-01
-8,732566e-01
-9,685232e-01
-5,386365e-01
1,834738e-01
8,062215e-01
9,922563e-01
6,404993e-01
-5,848513e-02
-7,256527e-01
-9,995220e-01
-7,314293e-01
-6,662085e-02
6,344094e-01
9,918495e-01
8,117770e-01
1,916526e-01
-5,322779e-01
-9,677052e-01
-8,785003e-01
-3,128807e-01
4,225303e-01
9,291273e-01
9,322999e-01
4,301390e-01
-3,052142e-01
-8,750352e-01
-9,705660e-01
-5,397901e-01
1,838257e-01
8,079392e-01
9,943971e-01
6,419156e-01
-5,858311e-02
-7,272457e-01
-1,001730e+00
-7,330876e-01
-6,681088e-02
6,358064e-01
9,941136e-01
8,136669e-01
1,921410e-01
-5,335042e-01
-9,699707e-01
-8,805847e-01
-3,136557e-01
4,234968e-01
9,313646e-01
9,345714e-01
4,312124e-01
-3,059312e-01
-8,771953e-01
-9,729904e-01
-5,411945e-01
1,842458e-01
8,099643e-01
9,969433e-01
6,436051e-01
-5,870040e-02
-7,291178e-01
-1,004357e+00
-7,350459e-01
-6,703803e-02
6,374826e-01
9,967740e-01
8,158879e-01
1,926889e-01
-5,349131e-01
-9,726385e-01
-8,830506e-01
-3,145628e-01
4,246608e-01
9,339582e-01
9,372214e-01
4,324610e-01
-3,067611e-01
-8,796954e-01
-9,758127e-01
-5,427712e-01
1,847595e-01
8,123293e-01
9,998917e-01
6,455381e-01
-5,883105e-02
-7,312705e-01
-1,007386e+00
-7,373040e-01
-6,726963e-02
6,393888e-01
9,998442e-01
8,184355e-01
1,933258e-01
-5,365833e-01
-9,756657e-01
-8,858536e-01
-3,156006e-01
4,259717e-01
9,369230e-01
9,402426e-01
4,338981e-01
-3,077202e-01
-8,825592e-01
-9,789972e-01
-5,446077e-01
1,853266e-01
8,149882e-01
1,003214e+00
6,477205e-01
-5,899435e-02
-7,337186e-01
-1,010796e+00
-7,398249e-01
-6,754131e-02
6,415668e-01
1,003280e+00
8,212904e-01
1,940354e-01
-5,384064e-01
-9,790729e-01
-8,889787e-01
-3,167437e-01
4,274415e-01
9,402501e-01
9,436127e-01
4,354970e-01
-3,088010e-01
-8,857274e-01
-9,825677e-01
-5,466164e-01
1,859620e-01
8,179634e-01
1,006920e+00
6,501508e-01
-5,918290e-02
-7,364147e-01
-1,014576e+00
-7,426323e-01
-6,783230e-02
6,439540e-01
1,007070e+00
8,244378e-01
1,948148e-01
-5,404552e-01
-9,828438e-01
-8,924408e-01
-3,180264e-01
4,290686e-01
9,439097e-01
9,473332e-01
4,372162e-01
-3,099664e-01
-8,891925e-01
-9,864856e-01
-5,488181e-01
1,866658e-01
8,212429e-01
1,010977e+00
6,528127e-01
-5,939223e-02
-7,393913e-01
-1,018732e+00
-7,457129e-01
-6,813664e-02
6,465937e-01
1,011239e+00
8,278717e-01
1,956596e-01
-5,426673e-01
-9,869562e-01
-8,962044e-01
-3,194012e-01
4,308457e-01
9,478795e-01
9,513714e-01
4,391269e-01
-3,112759e-01
-8,930273e-01
-9,907390e-01
-5,512350e-01
1,874378e-01
8,247808e-01
1,015376e+00
6,556796e-01
-5,961047e-02
-7,425981e-01
-1,023212e+00
-7,490176e-01
-6,847217e-02
6,494234e-01
1,015731e+00
8,315892e-01
1,965697e-01
-5,450753e-01
-9,913804e-01
-9,002722e-01
-3,208739e-01
4,327772e-01
9,521864e-01
9,557154e-01
4,411742e-01
-3,126684e-01
-8,970892e-01
-9,953221e-01
-5,537856e-01
1,882573e-01
8,285829e-01
1,020111e+00
6,587720e-01
-5,985543e-02
-7,460796e-01
-1,028019e+00
-7,525763e-01
-6,884778e-02
6,524743e-01
1,020553e+00
8,355621e-01
1,975510e-01
-5,476437e-01
-9,961267e-01
-9,046132e-01
-3,224640e-01
4,348289e-01
9,567917e-01
9,603548e-01
4,433417e-01
-3,141516e-01
-9,014495e-01
-1,000196e+00
-5,565455e-01
1,891451e-01
8,326344e-01
1,025144e+00
6,620545e-01
-6,011821e-02
-7,497466e-01
-1,033132e+00
-7,563606e-01
-6,922042e-02
6,557048e-01
1,025666e+00
8,397843e-01
1,985828e-01
-5,503829e-01
-1,001161e+00
-9,092171e-01
-3,241297e-01
4,370024e-01
9,616568e-01
9,652659e-01
4,456518e-01
-3,157268e-01
-9,060593e-01
-1,005358e+00
-5,594405e-01
1,900908e-01
8,369220e-01
1,030462e+00
6,655374e-01
-6,038544e-02
-7,536363e-01
-1,038533e+00
-7,603423e-01
-6,963760e-02
6,591283e-01
1,031048e+00
8,442352e-01
1,996666e-01
-5,532422e-01
-1,006472e+00
-9,140629e-01
-3,258875e-01
4,393080e-01
9,667550e-01
9,704502e-01
4,480688e-01
-3,173836e-01
-9,109080e-01
-1,010777e+00
-5,625018e-01
1,910840e-01
8,414159e-01
1,036051e+00
6,691569e-01
-6,067940e-02
-7,577205e-01
-1,044194e+00
-7,645260e-01
-7,006071e-02
6,627092e-01
1,036694e+00
8,488954e-01
2,007860e-01
-5,562724e-01
-1,012005e+00
-9,191358e-01
-3,277284e-01
4,417101e-01
9,721174e-01
9,758572e-01
4,506149e-01
-3,191117e-01
-9,159973e-01
-1,016436e+00
-5,656834e-01
1,921202e-01
8,460880e-01
1,041877e+00
6,729605e-01
-6,097484e-02
-7,619695e-01
-1,050106e+00
-7,688789e-01
-7,049868e-02
6,664267e-01
1,042588e+00
8,537502e-01
2,019766e-01
-5,594197e-01
-1,017767e+00
-9,244210e-01
-3,296555e-01
4,442043e-01
9,776833e-01
9,814720e-01
4,532353e-01
-3,209170e-01
-9,212692e-01
-1,022320e+00
-5,690045e-01
1,931996e-01
8,509902e-01
1,047928e+00
6,768874e-01
-6,130442e-02
-7,663803e-01
-1,056218e+00
-7,733862e-01
-7,095594e-02
6,702971e-01
1,048678e+00
8,587726e-01
2,031896e-01
-5,626666e-01
-1,023747e+00
-9,298755e-01
-3,316389e-01
4,467786e-01
9,834347e-01
9,872888e-01
4,559640e-01
-3,227921e-01
-9,267044e-01
-1,028396e+00
-5,724087e-01
1,942982e-01
8,560365e-01
1,054180e+00
6,809552e-01
-6,162659e-02
-7,709262e-01
-1,062534e+00
-7,780345e-01
-7,141320e-02
6,742848e-01
1,054977e+00
8,639436e-01
2,044545e-01
-5,660219e-01
-1,029908e+00
-9,354933e-01
-3,336654e-01
4,494406e-01
9,893598e-01
9,932733e-01
4,587387e-01
-3,246983e-01
-9,322984e-01
-1,034647e+00
-5,759139e-01
1,954399e-01
8,612059e-01
1,060595e+00
6,851448e-01
-6,197547e-02
-7,756146e-01
-1,069028e+00
-7,828343e-01
-7,188383e-02
6,783779e-01
1,061417e+00
8,692526e-01
2,057491e-01
-5,694647e-01
-1,036220e+00
-9,412685e-01
-3,357647e-01
4,521604e-01
9,954111e-01
9,994048e-01
4,616130e-01
-3,266758e-01
-9,380439e-01
-1,041038e+00
-5,795126e-01
1,965934e-01
8,665223e-01
1,067157e+00
6,894012e-01
-6,230803e-02
-7,803728e-01
-1,075650e+00
-7,877143e-01
-7,237227e-02
6,825720e-01
1,068012e+00
8,746892e-01
2,070689e-01
-5,729639e-01
-1,042661e+00
-9,471506e-01
-3,378892e-01
4,549277e-01
1,001609e+00
1,005646e+00
4,645288e-01
-3,286741e-01
-9,438740e-01
-1,047560e+00
-5,831662e-01
1,977885e-01
8,719130e-01
1,073841e+00
6,937512e-01
-6,266137e-02
-7,852468e-01
-1,082395e+00
-7,926922e-01
-7,286813e-02
6,868016e-01
1,074705e+00
8,802135e-01
2,084154e-01
-5,765448e-01
-1,049203e+00
-9,531217e-01
-3,400627e-01
4,577723e-01
1,007903e+00
1,011988e+00
4,674891e-01
-3,307066e-01
-9,497962e-01
-1,054177e+00
-5,868733e-01
1,989926e-01
8,773809e-01
1,080627e+00
6,981590e-01
-6,301916e-02
-7,901876e-01
-1,089230e+00
-7,977295e-01
-7,338032e-02
6,911204e-01
1,081491e+00
8,857734e-01
2,097739e-01
-5,801584e-01
-1,055840e+00
-9,591790e-01
-3,422376e-01
4,606316e-01
1,014267e+00
1,018412e+00
4,704806e-01
-3,327657e-01
-9,557926e-01
-1,060865e+00
-5,906279e-01
2,002099e-01
8,829036e-01
1,087465e+00
7,026173e-01
-6,337547e-02
-7,951611e-01
-1,096131e+00
-8,028069e-01
-7,389103e-02
6,954599e-01
1,088339e+00
8,914194e-01
2,111486e-01
-5,838002e-01
-1,062503e+00
-9,652763e-01
-3,444482e-01
4,635133e-01
1,020653e+00
1,024881e+00
4,735003e-01
-3,348160e-01
-9,618483e-01
-1,067583e+00
-5,944048e-01
2,014273e-01
8,884799e-01
1,094360e+00
7,070830e-01
-6,373326e-02
-8,001583e-01
-1,103068e+00
-8,079066e-01
-7,439432e-02
6,998292e-01
1,095206e+00
8,970847e-01
2,125011e-01
-5,874494e-01
-1,069209e+00
-9,713959e-01
-3,466677e-01
4,663816e-01
1,027088e+00
1,031355e+00
4,765364e-01
-3,369093e-01
-9,678937e-01
-1,074341e+00
-5,981995e-01
2,026640e-01
8,940442e-01
1,101257e+00
7,115621e-01
-6,410590e-02
-8,051793e-01
-1,110021e+00
-8,130315e-01
-7,491394e-02
7,041955e-01
1,102093e+00
9,027367e-01
2,138892e-01
-5,911075e-01
-1,075934e+00
-9,775140e-01
-3,488902e-01
4,692914e-01
1,033524e+00
1,037839e+00
4,795353e-01
-3,389789e-01
-9,739183e-01
-1,081065e+00
-6,019645e-01
2,038903e-01
8,996027e-01
1,108143e+00
7,160605e-01
-6,446666e-02
-8,101691e-01
-1,116941e+00
-8,181297e-01
-7,542465e-02
7,085469e-01
1,108942e+00
9,083812e-01
2,152610e-01
-5,947567e-01
-1,082609e+00
-9,836099e-01
-3,510993e-01
4,721508e-01
1,039908e+00
1,044292e+00
4,825535e-01
-3,410366e-01
-9,799251e-01
-1,087766e+00
-6,057221e-01
2,051062e-01
9,051462e-01
1,114988e+00
7,205025e-01
-6,481555e-02
-8,151367e-01
-1,123822e+00
-8,231996e-01
-7,592645e-02
7,128701e-01
1,115741e+00
9,139827e-01
2,166254e-01
-5,983569e-01
-1,089239e+00
-9,896553e-01
-3,532862e-01
4,749983e-01
1,046262e+00
1,050682e+00
4,855391e-01
-3,430779e-01
-9,858754e-01
-1,094400e+00
-6,094500e-01
2,063102e-01
9,106096e-01
1,121773e+00
7,249104e-01
-6,516592e-02
-8,200374e-01
-1,130633e+00
-8,282132e-01
-7,643864e-02
7,171547e-01
1,122477e+00
9,195307e-01
2,179630e-01
-6,019229e-01
-1,095766e+00
-9,956323e-01
-3,554403e-01
4,777938e-01
1,052513e+00
1,056992e+00
4,884876e-01
-3,450955e-01
-9,917723e-01
-1,100948e+00
-6,131422e-01
2,074861e-01
9,160077e-01
1,128438e+00
7,292410e-01
-6,550441e-02
-8,248758e-01
-1,137344e+00
-8,331392e-01
-7,693154e-02
7,213681e-01
1,129118e+00
9,249837e-01
2,192888e-01
-6,054355e-01
-1,102222e+00
-1,001508e+00
-3,575752e-01
4,805760e-01
1,058649e+00
1,063205e+00
4,913900e-01
-3,470790e-01
-9,975341e-01
-1,107386e+00
-6,167587e-01
2,086470e-01
9,213093e-01
1,135010e+00
7,335078e-01
-6,585033e-02
-8,296399e-01
-1,143919e+00
-8,379835e-01
-7,743334e-02
7,254908e-01
1,135602e+00
9,303254e-01
2,205923e-01
-6,088635e-01
-1,108529e+00
-1,007264e+00
-3,596567e-01
4,832751e-01
1,064682e+00
1,069278e+00
4,942212e-01
-3,490016e-01
-1,003199e+00
-1,113689e+00
-6,202743e-01
2,098006e-01
9,264951e-01
1,141424e+00
7,376766e-01
-6,619031e-02
-8,342615e-01
-1,150355e+00
-8,427372e-01
-7,788466e-02
7,295082e-01
1,141946e+00
9,355394e-01
2,218720e-01
-6,122410e-01
-1,114703e+00
-1,012881e+00
-3,617025e-01
4,859147e-01
1,070566e+00
1,075202e+00
4,969840e-01
-3,508900e-01
-1,008682e+00
-1,119822e+00
-6,237172e-01
2,108918e-01
9,315339e-01
1,147660e+00
7,417578e-01
-6,650208e-02
-8,387926e-01
-1,156602e+00
-8,473470e-01
-7,837013e-02
7,334187e-01
1,148100e+00
9,406212e-01
2,231176e-01
-6,154879e-01
-1,120674e+00
-1,018323e+00
-3,636830e-01
4,884727e-01
1,076255e+00
1,080958e+00
4,996682e-01
-3,527146e-01
-1,014006e+00
-1,125753e+00
-6,270561e-01
2,119681e-01
9,364420e-01
1,153712e+00
7,456876e-01
-6,679900e-02
-8,431515e-01
-1,162654e+00
-8,517979e-01
-7,882146e-02
7,371926e-01
1,154072e+00
9,455116e-01
2,243217e-01
-6,186516e-01
-1,126436e+00
-1,023600e+00
-3,655996e-01
4,909446e-01
1,081761e+00
1,086497e+00
5,022544e-01
-3,544724e-01
-1,019158e+00
-1,131494e+00
-6,302658e-01
2,129970e-01
9,411453e-01
1,159528e+00
7,494645e-01
-6,710186e-02
-8,473529e-01
-1,168481e+00
-8,560929e-01
-7,925497e-02
7,408299e-01
1,159803e+00
9,502282e-01
2,254574e-01
-6,216565e-01
-1,131992e+00
-1,028667e+00
-3,674272e-01
4,933066e-01
1,087023e+00
1,091827e+00
5,047575e-01
-3,561634e-01
-1,024107e+00
-1,136993e+00
-6,333806e-01
2,139694e-01
9,456378e-01
1,165117e+00
7,530825e-01
-6,737355e-02
-8,513644e-01
-1,174055e+00
-8,601890e-01
-7,968105e-02
7,442995e-01
1,165272e+00
9,547429e-01
2,265738e-01
-6,245545e-01
-1,137283e+00
-1,033504e+00
-3,691998e-01
4,955633e-01
1,092064e+00
1,096903e+00
5,071270e-01
-3,577549e-01
-1,028781e+00
-1,142231e+00
-6,363246e-01
2,149136e-01
9,499253e-01
1,170424e+00
7,565610e-01
-6,763336e-02
-8,551991e-01
-1,179350e+00
-8,640980e-01
-8,008932e-02
7,475954e-01
1,170478e+00
9,590246e-01
2,276235e-01
-6,272936e-01
-1,142319e+00
-1,038097e+00
-3,708789e-01
4,976937e-01
1,096851e+00
1,101725e+00
5,093777e-01
-3,592855e-01
-1,033224e+00
-1,147197e+00
-6,391023e-01
2,157955e-01
9,539887e-01
1,175447e+00
7,598197e-01
-6,788871e-02
-8,588083e-01
-1,184375e+00
-8,677991e-01
-8,046345e-02
7,507145e-01
1,175395e+00
9,630776e-01
2,286256e-01
-6,298605e-01
-1,147067e+00
-1,042426e+00
-3,724541e-01
4,996994e-01
1,101349e+00
1,106268e+00
5,115051e-01
-3,607018e-01
-1,037410e+00
-1,151875e+00
-6,417360e-01
2,166120e-01
9,578176e-01
1,180174e+00
7,628988e-01
-6,810250e-02
-8,622110e-01
-1,189075e+00
-8,712687e-01
-8,083609e-02
7,536392e-01
1,179982e+00
9,668649e-01
2,295535e-01
-6,322686e-01
-1,151494e+00
-1,046461e+00
-3,739283e-01
5,015908e-01
1,105536e+00
1,110509e+00
5,135064e-01
-3,620306e-01
-1,041316e+00
-1,156215e+00
-6,441916e-01
2,173840e-01
9,613584e-01
1,184577e+00
7,657627e-01
-6,830886e-02
-8,653554e-01
-1,193431e+00
-8,744873e-01
-8,117458e-02
7,563457e-01
1,184258e+00
9,703864e-01
2,304264e-01
-6,345000e-01
-1,155608e+00
-1,050226e+00
-3,753001e-01
5,033249e-01
1,109426e+00
1,114424e+00
5,153265e-01
-3,632480e-01
-1,044917e+00
-1,160246e+00
-6,464526e-01
2,180863e-01
9,646364e-01
1,188633e+00
7,684172e-01
-6,849741e-02
-8,682401e-01
-1,197455e+00
-8,774462e-01
-8,148635e-02
7,588399e-01
1,188195e+00
9,736214e-01
2,312237e-01
-6,365547e-01
-1,159380e+00
-1,053663e+00
-3,765650e-01
5,049060e-01
1,112977e+00
1,118014e+00
5,170145e-01
-3,643629e-01
-1,048204e+00
-1,163911e+00
-6,485222e-01
2,187202e-01
9,676012e-01
1,192325e+00
7,708059e-01
-6,866517e-02
-8,708767e-01
-1,201113e+00
-8,801601e-01
-8,178624e-02
7,610846e-01
1,191745e+00
9,765609e-01
2,319675e-01
-6,384134e-01
-1,162793e+00
-1,056778e+00
-3,777230e-01
5,063431e-01
1,116195e+00
1,121258e+00
5,185422e-01
-3,653561e-01
-1,051159e+00
-1,167231e+00
-6,503839e-01
2,192962e-01
9,702899e-01
1,195642e+00
7,730017e-01
-6,881512e-02
-8,732328e-01
-1,204398e+00
-8,825785e-01
-8,204902e-02
7,630978e-01
1,194938e+00
9,791887e-01
2,326281e-01
-6,400435e-01
-1,165826e+00
-1,059569e+00
-3,787459e-01
5,076095e-01
1,119035e+00
1,124141e+00
5,199036e-01
-3,662365e-01
-1,053798e+00
-1,170152e+00
-6,520556e-01
2,197891e-01
9,726475e-01
1,198580e+00
7,748990e-01
-6,892646e-02
-8,752846e-01
-1,207290e+00
-8,847015e-01
-8,229250e-02
7,648615e-01
1,197734e+00
9,815017e-01
2,332145e-01
-6,414881e-01
-1,168482e+00
-1,062005e+00
-3,796456e-01
5,087021e-01
1,121524e+00
1,126660e+00
5,210972e-01
-3,669907e-01
-1,056067e+00
-1,172716e+00
-6,534972e-01
2,202152e-01
9,746918e-01
1,201122e+00
7,765558e-01
-6,902593e-02
-8,770928e-01
-1,209770e+00
-8,865484e-01
-8,249144e-02
7,663639e-01
1,200124e+00
9,834807e-01
2,337134e-01
-6,427055e-01
-1,170749e+00
-1,064075e+00
-3,804176e-01
5,096152e-01
1,123641e+00
1,128795e+00
5,221053e-01
-3,676424e-01
-1,057988e+00
-1,174872e+00
-6,547160e-01
2,205656e-01
9,764154e-01
1,203246e+00
7,779751e-01
-6,910165e-02
-8,785745e-01
-1,211848e+00
-8,881013e-01
-8,268295e-02
7,676229e-01
1,202103e+00
9,851346e-01
2,341469e-01
-6,436942e-01
-1,172615e+00
-1,065781e+00
-3,810575e-01
5,103798e-01
1,125375e+00
1,130547e+00
5,229426e-01
-3,681517e-01
-1,059548e+00
-1,176619e+00
-6,557196e-01
2,208417e-01
9,777828e-01
1,204976e+00
7,790901e-01
-6,913728e-02
-8,797562e-01
-1,213496e+00
-8,893246e-01
-8,285962e-02
7,685968e-01
1,203672e+00
9,864277e-01
2,344779e-01
-6,444751e-01
-1,174072e+00
-1,067132e+00
-3,815652e-01
5,109528e-01
1,126695e+00
1,131889e+00
5,235944e-01
-3,685377e-01
-1,060723e+00
-1,177953e+00
-6,564916e-01
2,210258e-01
9,787938e-01
1,206260e+00
7,799437e-01
-6,916994e-02
-8,806218e-01
-1,214739e+00
-8,902317e-01
-8,297097e-02
7,692961e-01
1,204829e+00
9,874135e-01
2,347363e-01
-6,450348e-01
-1,175113e+00
-1,068109e+00
-3,819453e-01
5,113284e-01
1,127617e+00
1,132838e+00
5,240531e-01
-3,687856e-01
-1,061524e+00
-1,178878e+00
-6,570202e-01
2,211446e-01
9,794916e-01
1,207118e+00
7,805302e-01
-6,917291e-02
-8,811755e-01
-1,215531e+00
-8,908434e-01
-8,307935e-02
7,697236e-01
1,205534e+00
9,879940e-01
2,349204e-01
-6,453451e-01
-1,175741e+00
-1,068691e+00
-3,821902e-01
5,115541e-01
1,128138e+00
1,133384e+00
5,243397e-01
-3,688940e-01
-1,061977e+00
-1,179363e+00
-6,573334e-01
2,212069e-01
9,798182e-01
1,207560e+00
7,808301e-01
-6,914916e-02
-8,814175e-01
-1,215895e+00
-8,911062e-01
-8,314467e-02
7,698914e-01
1,205817e+00
9,882508e-01
2,350065e-01
-6,454446e-01
-1,175944e+00
-1,068889e+00
-3,822912e-01
5,115897e-01
1,128259e+00
1,133533e+00
5,244391e-01
-3,688762e-01
-1,062035e+00
-1,179442e+00
-6,573869e-01
2,211594e-01
9,798093e-01
1,207553e+00
7,808419e-01
-6,910016e-02
-8,813507e-01
-1,215819e+00
-8,910809e-01
-8,317882e-02
7,697667e-01
1,205670e+00
9,881380e-01
2,350198e-01
-6,452872e-01
-1,175712e+00
-1,068701e+00
-3,822526e-01
5,114353e-01
1,127986e+00
1,133266e+00
5,243367e-01
-3,687396e-01
-1,061679e+00
-1,179087e+00
-6,572072e-01
2,210377e-01
9,794470e-01
1,207125e+00
7,806014e-01
-6,902296e-02
-8,809543e-01
-1,215291e+00
-8,907276e-01
-8,319218e-02
7,693777e-01
1,205078e+00
9,876822e-01
2,349501e-01
-6,449146e-01
-1,175083e+00
-1,068137e+00
-3,820700e-01
5,110983e-01
1,127305e+00
1,132602e+00
5,240502e-01
-3,684590e-01
-1,060982e+00
-1,178331e+00
-6,568153e-01
2,208387e-01
9,787210e-01
1,206260e+00
7,800492e-01
-6,892349e-02
-8,802625e-01
-1,214351e+00
-8,900491e-01
-8,314912e-02
7,687304e-01
1,204073e+00
9,868716e-01
2,347912e-01
-6,443103e-01
-1,174018e+00
-1,067193e+00
-3,817671e-01
5,105817e-01
1,126214e+00
1,131533e+00
5,235855e-01
-3,680403e-01
-1,059891e+00
-1,177127e+00
-6,561650e-01
2,205611e-01
9,776536e-01
1,204965e+00
7,792445e-01
-6,879730e-02
-8,792233e-01
-1,212990e+00
-8,890529e-01
-8,310459e-02
7,677758e-01
1,202642e+00
9,857180e-01
2,345448e-01
-6,434864e-01
-1,172541e+00
-1,065877e+00
-3,813306e-01
5,098720e-01
1,124723e+00
1,130050e+00
5,229352e-01
-3,675088e-01
-1,058427e+00
-1,175531e+00
-6,552935e-01
2,202033e-01
9,762477e-01
1,203256e+00
7,781607e-01
-6,864587e-02
-8,779168e-01
-1,211178e+00
-8,877524e-01
-8,304372e-02
7,665747e-01
1,200764e+00
9,842126e-01
2,342360e-01
-6,424174e-01
-1,170657e+00
-1,064170e+00
-3,807605e-01
5,090080e-01
1,122860e+00
1,128176e+00
5,220964e-01
-3,668422e-01
-1,056598e+00
-1,173512e+00
-6,541964e-01
2,197802e-01
9,745017e-01
1,201119e+00
7,768038e-01
-6,847811e-02
-8,762911e-01
-1,208966e+00
-8,861535e-01
-8,292643e-02
7,651094e-01
1,198504e+00
9,823598e-01
2,338203e-01
-6,411407e-01
-1,168371e+00
-1,062115e+00
-3,800464e-01
5,079598e-01
1,120606e+00
1,125936e+00
5,210735e-01
-3,660569e-01
-1,054398e+00
-1,171101e+00
-6,528736e-01
2,192725e-01
9,724322e-01
1,198580e+00
7,751959e-01
-6,829550e-02
-8,743626e-01
-1,206337e+00
-8,842428e-01
-8,279875e-02
7,633680e-01
1,195832e+00
9,801923e-01
2,333511e-01
-6,396546e-01
-1,165694e+00
-1,059694e+00
-3,792106e-01
5,067454e-01
1,117983e+00
1,123314e+00
5,198873e-01
-3,651245e-01
-1,051864e+00
-1,168309e+00
-6,513356e-01
2,187113e-01
9,700078e-01
1,195645e+00
7,733090e-01
-6,808320e-02
-8,721609e-01
-1,203313e+00
-8,820440e-01
-8,263990e-02
7,613904e-01
1,192766e+00
9,776907e-01
2,327870e-01
-6,379562e-01
-1,162634e+00
-1,056941e+00
-3,782679e-01
5,053514e-01
1,114990e+00
1,120321e+00
5,185378e-01
-3,641046e-01
-1,048990e+00
-1,165117e+00
-6,495941e-01
2,180655e-01
9,672865e-01
1,192325e+00
7,711726e-01
-6,785308e-02
-8,696549e-01
-1,199904e+00
-8,795618e-01
-8,244690e-02
7,591709e-01
1,189317e+00
9,748818e-01
2,321515e-01
-6,360484e-01
-1,159203e+00
-1,053844e+00
-3,771930e-01
5,038163e-01
1,111632e+00
1,116982e+00
5,170116e-01
-3,629496e-01
-1,045775e+00
-1,161571e+00
-6,476374e-01
2,173514e-01
9,642816e-01
1,188630e+00
7,688150e-01
-6,759327e-02
-8,668816e-01
-1,196111e+00
-8,768078e-01
-8,221678e-02
7,567169e-01
1,185509e+00
9,717864e-01
2,314523e-01
-6,339492e-01
-1,155416e+00
-1,050416e+00
-3,759786e-01
5,021149e-01
1,107939e+00
1,113287e+00
5,153339e-01
-3,616951e-01
-1,042254e+00
-1,157664e+00
-6,454951e-01
2,165586e-01
9,609858e-01
1,184580e+00
7,662095e-01
-6,732307e-02
-8,638634e-01
-1,191972e+00
-8,737792e-01
-8,197627e-02
7,540327e-01
1,181341e+00
9,683821e-01
2,306744e-01
-6,316628e-01
-1,151293e+00
-1,046697e+00
-3,746840e-01
5,002695e-01
1,103935e+00
1,109273e+00
5,134915e-01
-3,603381e-01
-1,038410e+00
-1,153442e+00
-6,431360e-01
2,157109e-01
9,573989e-01
1,180188e+00
7,633947e-01
-6,701130e-02
-8,606106e-01
-1,187479e+00
-8,705219e-01
-8,170014e-02
7,511481e-01
1,176832e+00
9,647077e-01
2,298430e-01
-6,291939e-01
-1,146841e+00
-1,042658e+00
-3,732706e-01
4,982682e-01
1,099612e+00
1,104948e+00
5,115185e-01
-3,588802e-01
-1,034278e+00
-1,148884e+00
-6,406225e-01
2,148171e-01
9,535463e-01
1,175461e+00
7,603735e-01
-6,669953e-02
-8,570950e-01
-1,182671e+00
-8,670227e-01
-8,141657e-02
7,480318e-01
1,172008e+00
9,607675e-01
2,289314e-01
-6,265602e-01
-1,142086e+00
-1,038360e+00
-3,717548e-01
4,961601e-01
1,094988e+00
1,100332e+00
5,094207e-01
-3,573110e-01
-1,029897e+00
-1,144023e+00
-6,379458e-01
2,138610e-01
9,494532e-01
1,170439e+00
7,571296e-01
-6,635362e-02
-8,533775e-01
-1,177555e+00
-8,632829e-01
-8,110629e-02
7,447389e-01
1,166894e+00
9,566032e-01
2,279709e-01
-6,237706e-01
-1,137041e+00
-1,033796e+00
-3,701500e-01
4,939228e-01
1,090102e+00
1,095434e+00
5,071819e-01
-3,556779e-01
-1,025252e+00
-1,138895e+00
-6,350953e-01
2,128455e-01
9,451330e-01
1,165128e+00
7,537239e-01
-6,600176e-02
-8,494269e-01
-1,172154e+00
-8,593457e-01
-8,077670e-02
7,412664e-01
1,161482e+00
9,521864e-01
2,269569e-01
-6,208222e-01
-1,131729e+00
-1,028981e+00
-3,684590e-01
4,915696e-01
1,084960e+00
1,090296e+00
5,048288e-01
-3,539572e-01
-1,020366e+00
-1,133485e+00
-6,320993e-01
2,117915e-01
9,405945e-01
1,159543e+00
7,501459e-01
-6,565288e-02
-8,453160e-01
-1,166491e+00
-8,552199e-01
-8,043672e-02
7,376543e-01
1,155832e+00
9,475648e-01
2,258790e-01
-6,177416e-01
-1,126165e+00
-1,023950e+00
-3,666804e-01
4,891126e-01
1,079579e+00
1,084911e+00
5,023613e-01
-3,521564e-01
-1,015253e+00
-1,127830e+00
-6,289920e-01
2,106839e-01
9,358378e-01
1,153730e+00
7,463943e-01
-6,528617e-02
-8,409928e-01
-1,160593e+00
-8,509041e-01
-8,006408e-02
7,338522e-01
1,149942e+00
9,427591e-01
2,247849e-01
-6,145422e-01
-1,120378e+00
-1,018697e+00
-3,648410e-01
4,865427e-01
1,073989e+00
1,079309e+00
4,997885e-01
-3,502768e-01
-1,009956e+00
-1,121982e+00
-6,257303e-01
2,095467e-01
9,309163e-01
1,147690e+00
7,425150e-01
-6,489275e-02
-8,365553e-01
-1,154469e+00
-8,464503e-01
-7,968847e-02
7,299343e-01
1,143826e+00
9,377752e-01
2,236254e-01
-6,112211e-01
-1,114380e+00
-1,013271e+00
-3,629288e-01
4,839090e-01
1,068207e+00
1,073526e+00
4,971444e-01
-3,483513e-01
-1,004476e+00
-1,115921e+00
-6,223751e-01
2,083575e-01
9,258270e-01
1,141449e+00
7,384991e-01
-6,449042e-02
-8,319455e-01
-1,148137e+00
-8,418420e-01
-7,929505e-02
7,258947e-01
1,137529e+00
9,326340e-01
2,224362e-01
-6,078184e-01
-1,108210e+00
-1,007686e+00
-3,609572e-01
4,811758e-01
1,062259e+00
1,067564e+00
4,944067e-01
-3,463619e-01
-9,988495e-01
-1,109693e+00
-6,189218e-01
2,071491e-01
9,206175e-01
1,135044e+00
7,343911e-01
-6,408660e-02
-8,272334e-01
-1,141652e+00
-8,371076e-01
-7,887787e-02
7,217526e-01
1,131073e+00
9,273576e-01
2,212114e-01
-6,043132e-01
-1,101882e+00
-1,001943e+00
-3,589351e-01
4,783862e-01
1,056165e+00
1,061463e+00
4,916053e-01
-3,443458e-01
-9,930832e-01
-1,103310e+00
-6,153870e-01
2,059035e-01
9,152773e-01
1,128485e+00
7,301704e-01
-6,367536e-02
-8,224172e-01
-1,135022e+00
-8,322751e-01
-7,847702e-02
7,175303e-01
1,124469e+00
9,219729e-01
2,199509e-01
-6,007293e-01
-1,095414e+00
-9,961000e-01
-3,568611e-01
4,755521e-01
1,049941e+00
1,055241e+00
4,887726e-01
-3,422718e-01
-9,872131e-01
-1,096800e+00
-6,117986e-01
2,046579e-01
9,098287e-01
1,121815e+00
7,258754e-01
-6,325818e-02
-8,175046e-01
-1,128282e+00
-8,273521e-01
-7,804648e-02
7,132145e-01
1,117763e+00
9,164961e-01
2,186831e-01
-5,971083e-01
-1,088852e+00
-9,901615e-01
-3,547604e-01
4,726526e-01
1,043624e+00
1,048924e+00
4,858657e-01
-3,401621e-01
-9,812538e-01
-1,090204e+00
-6,081509e-01
2,033974e-01
9,042970e-01
1,115045e+00
7,215135e-01
-6,284991e-02
-8,125237e-01
-1,121452e+00
-8,223623e-01
-7,761001e-02
7,088557e-01
1,110965e+00
9,109496e-01
2,174048e-01
-5,934547e-01
-1,082218e+00
-9,841429e-01
-3,526418e-01
4,697309e-01
1,037240e+00
1,042527e+00
4,829425e-01
-3,380554e-01
-9,752396e-01
-1,083541e+00
-6,044616e-01
2,020924e-01
8,987445e-01
1,108207e+00
7,171102e-01
-6,240750e-02
-8,074968e-01
-1,114553e+00
-8,173280e-01
-7,716611e-02
7,044597e-01
1,104111e+00
9,053556e-01
2,161073e-01
-5,897624e-01
-1,075514e+00
-9,780856e-01
-3,505010e-01
4,667884e-01
1,030806e+00
1,036087e+00
4,799777e-01
-3,358998e-01
-9,691423e-01
-1,076828e+00
-6,007293e-01
2,007979e-01
8,931282e-01
1,101331e+00
7,126860e-01
-6,197844e-02
-8,024447e-01
-1,107616e+00
-8,122728e-01
-7,672517e-02
7,000400e-01
1,097229e+00
8,997422e-01
2,148052e-01
-5,860479e-01
-1,068791e+00
-9,719883e-01
-3,483513e-01
4,638384e-01
1,024348e+00
1,029636e+00
4,770114e-01
-3,337723e-01
-9,630642e-01
-1,070105e+00
-5,970044e-01
1,995062e-01
8,875089e-01
1,094446e+00
7,082618e-01
-6,153454e-02
-7,973747e-01
-1,100660e+00
-8,072103e-01
-7,629166e-02
6,956247e-01
1,090350e+00
8,941125e-01
2,134928e-01
-5,823185e-01
-1,062071e+00
-9,659088e-01
-3,461956e-01
4,609003e-01
1,017903e+00
1,023175e+00
4,740600e-01
-3,316404e-01
-9,570070e-01
-1,063370e+00
-5,932839e-01
1,982265e-01
8,819179e-01
1,087564e+00
7,038273e-01
-6,111291e-02
-7,923270e-01
-1,093738e+00
-8,021537e-01
-7,584182e-02
6,912169e-01
1,083480e+00
8,885363e-01
2,121790e-01
-5,786218e-01
-1,055384e+00
-9,598560e-01
-3,440533e-01
4,579504e-01
1,011496e+00
1,016747e+00
4,711220e-01
-3,295085e-01
-9,509661e-01
-1,056690e+00
-5,895947e-01
1,969349e-01
8,763520e-01
1,080734e+00
6,994328e-01
-6,068534e-02
-7,873045e-01
-1,086859e+00
-7,971208e-01
-7,540089e-02
6,868313e-01
1,076661e+00
8,829571e-01
2,108918e-01
-5,749504e-01
-1,048730e+00
-9,538418e-01
-3,419318e-01
4,550524e-01
1,005119e+00
1,010376e+00
4,681883e-01
-3,274018e-01
-9,449667e-01
-1,050067e+00
-5,859158e-01
1,956566e-01
8,708470e-01
1,073956e+00
6,950739e-01
-6,027261e-02
-7,823518e-01
-1,080052e+00
-7,921711e-01
-7,496738e-02
6,825111e-01
1,069923e+00
8,774521e-01
2,096210e-01
-5,713309e-01
-1,042168e+00
-9,479033e-01
-3,398251e-01
4,521604e-01
9,988317e-01
1,004105e+00
4,653008e-01
-3,253159e-01
-9,390624e-01
-1,043532e+00
-5,823037e-01
1,944006e-01
8,653792e-01
1,067286e+00
6,907923e-01
-5,985395e-02
-7,774689e-01
-1,073340e+00
-7,872703e-01
-7,455763e-02
6,782651e-01
1,063291e+00
8,720436e-01
2,083546e-01
-5,677529e-01
-1,035713e+00
-9,420361e-01
-3,377511e-01
4,493545e-01
9,926527e-01
9,979201e-01
4,624785e-01
-3,232820e-01
-9,332516e-01
-1,037114e+00
-5,787629e-01
1,931743e-01
8,600524e-01
1,060734e+00
6,865819e-01
-5,944122e-02
-7,726691e-01
-1,066759e+00
-7,824824e-01
-7,413748e-02
6,740888e-01
1,056779e+00
8,667376e-01
2,071283e-01
-5,642433e-01
-1,029381e+00
-9,363173e-01
-3,357409e-01
4,465945e-01
9,865925e-01
9,918911e-01
4,596993e-01
-3,213030e-01
-9,275714e-01
-1,030833e+00
-5,752755e-01
1,919629e-01
8,548235e-01
1,054325e+00
6,824591e-01
-5,905968e-02
-7,679851e-01
-1,060326e+00
-7,777940e-01
-7,372030e-02
6,699913e-01
1,050434e+00
8,615637e-01
2,059302e-01
-5,608168e-01
-1,023212e+00
-9,307247e-01
-3,337738e-01
4,438673e-01
9,806941e-01
9,859927e-01
4,569973e-01
-3,193270e-01
-9,220367e-01
-1,024719e+00
-5,718920e-01
1,907915e-01
8,497328e-01
1,048093e+00
6,784536e-01
-5,866031e-02
-7,634095e-01
-1,054073e+00
-7,732422e-01
-7,331055e-02
6,660259e-01
1,044255e+00
8,565502e-01
2,047544e-01
-5,575135e-01
-1,017213e+00
-9,253133e-01
-3,318572e-01
4,412544e-01
9,749753e-01
9,802546e-01
4,543903e-01
-3,174341e-01
-9,166713e-01
-1,018784e+00
-5,686185e-01
1,896528e-01
8,448365e-01
1,042065e+00
6,745728e-01
-5,827580e-02
-7,590091e-01
-1,048029e+00
-7,688180e-01
-7,294385e-02
6,622059e-01
1,038291e+00
8,516940e-01
2,036231e-01
-5,543037e-01
-1,011424e+00
-9,200860e-01
-3,299969e-01
4,387261e-01
9,694481e-01
9,747348e-01
4,518560e-01
-3,156169e-01
-9,114930e-01
-1,013078e+00
-5,654577e-01
1,885497e-01
8,400679e-01
1,036253e+00
6,708553e-01
-5,791058e-02
-7,547587e-01
-1,042205e+00
-7,645898e-01
-7,256527e-02
6,585018e-01
1,032556e+00
8,469996e-01
2,025512e-01
-5,512157e-01
-1,005857e+00
-9,150353e-01
-3,282436e-01
4,362868e-01
9,641435e-01
9,694540e-01
4,494213e-01
-3,138591e-01
-9,065269e-01
-1,007594e+00
-5,624335e-01
1,875150e-01
8,355161e-01
1,030678e+00
6,672744e-01
-5,758396e-02
-7,506908e-01
-1,036638e+00
-7,605205e-01
-7,221490e-02
6,549758e-01
1,027071e+00
8,425131e-01
2,015016e-01
-5,482881e-01
-1,000538e+00
-9,102414e-01
-3,265482e-01
4,339634e-01
9,590840e-01
9,643796e-01
4,471216e-01
-3,121874e-01
-9,017999e-01
-1,002361e+00
-5,595519e-01
1,864861e-01
8,311943e-01
1,025369e+00
6,638747e-01
-5,723656e-02
-7,468100e-01
-1,031336e+00
-7,566694e-01
-7,188531e-02
6,516176e-01
1,021854e+00
8,382745e-01
2,005247e-01
-5,454806e-01
-9,954913e-01
-9,056792e-01
-3,249552e-01
4,317558e-01
9,542857e-01
9,596065e-01
4,449184e-01
-3,106019e-01
-8,973015e-01
-9,974302e-01
-5,568142e-01
1,855523e-01
8,270864e-01
1,020342e+00
6,606545e-01
-5,694112e-02
-7,431593e-01
-1,026314e+00
-7,530261e-01
-7,156463e-02
6,484376e-01
1,016937e+00
8,342734e-01
1,996309e-01
-5,428454e-01
-9,907257e-01
-9,013723e-01
-3,234364e-01
4,296921e-01
9,497531e-01
9,551067e-01
4,428622e-01
-3,090994e-01
-8,930911e-01
-9,927685e-01
-5,542488e-01
1,846437e-01
8,232293e-01
1,015630e+00
6,576348e-01
-5,661896e-02
-7,397105e-01
-1,021610e+00
-7,496204e-01
-7,127365e-02
6,454639e-01
1,012314e+00
8,305337e-01
1,987550e-01
-5,403676e-01
-9,862807e-01
-8,973698e-01
-3,220156e-01
4,277295e-01
9,455264e-01
9,508725e-01
4,409485e-01
-3,077306e-01
-8,891420e-01
-9,884364e-01
-5,518675e-01
1,837945e-01
8,196499e-01
1,011239e+00
6,548348e-01
-5,633985e-02
-7,365082e-01
-1,017240e+00
-7,464388e-01
-7,100642e-02
6,427069e-01
1,008038e+00
8,270567e-01
1,979622e-01
-5,380724e-01
-9,821505e-01
-8,936597e-01
-3,207270e-01
4,259435e-01
9,416219e-01
9,469739e-01
4,391670e-01
-3,064212e-01
-8,854958e-01
-9,844309e-01
-5,496628e-01
1,830344e-01
8,163259e-01
1,007205e+00
6,522382e-01
-5,608747e-02
-7,335583e-01
-1,013228e+00
-7,435216e-01
-7,076442e-02
6,401504e-01
1,004104e+00
8,238677e-01
1,972140e-01
-5,359642e-01
-9,783618e-01
-8,902495e-01
-3,195348e-01
4,242911e-01
9,380380e-01
9,434153e-01
4,375577e-01
-3,052646e-01
-8,821851e-01
-9,807728e-01
-5,476630e-01
1,823188e-01
8,132957e-01
1,003523e+00
6,498821e-01
-5,582469e-02
-7,308889e-01
-1,009563e+00
-7,408849e-01
-7,055064e-02
6,378537e-01
1,000529e+00
8,209831e-01
1,965711e-01
-5,340520e-01
-9,749367e-01
-8,871615e-01
-3,184525e-01
4,227961e-01
9,348119e-01
9,402055e-01
4,360953e-01
-3,041660e-01
-8,791891e-01
-9,774873e-01
-5,458681e-01
1,816759e-01
8,106026e-01
1,000198e+00
6,477680e-01
-5,561090e-02
-7,284616e-01
-1,006287e+00
-7,384961e-01
-7,035170e-02
6,357515e-01
9,973441e-01
8,183939e-01
1,959803e-01
-5,323536e-01
-9,718680e-01
-8,844165e-01
-3,175083e-01
4,214406e-01
9,319258e-01
9,373447e-01
4,348067e-01
-3,032084e-01
-8,765257e-01
-9,745715e-01
-5,442618e-01
1,811059e-01
8,081768e-01
9,972788e-01
6,459063e-01
-5,543572e-02
-7,263371e-01
-1,003401e+00
-7,364147e-01
-7,019136e-02
6,339447e-01
9,945248e-01
8,161314e-01
1,954740e-01
-5,308557e-01
-9,691853e-01
-8,820307e-01
-3,166843e-01
4,202915e-01
9,294094e-01
9,348579e-01
4,336769e-01
-3,023800e-01
-8,742142e-01
-9,720417e-01
-5,428677e-01
1,806085e-01
8,060849e-01
9,947460e-01
6,443088e-01
-5,523530e-02
-7,245095e-01
-1,000912e+00
-7,346317e-01
-7,003844e-02
6,323873e-01
9,921227e-01
8,141939e-01
1,950405e-01
-5,295759e-01
-9,669109e-01
-8,799804e-01
-3,159791e-01
4,192805e-01
9,272789e-01
9,327468e-01
4,327430e-01
-3,016733e-01
-8,722545e-01
-9,699098e-01
-5,417097e-01
